 1.00000000e+00  5.58554967e+04  1.00000000e+00 -3.22653709e+02 
 1.07977516e+00  5.58551874e+04  1.07977516e+00 -3.48391532e+02 
 1.16591440e+00  5.58548269e+04  1.16591440e+00 -3.76182095e+02 
 1.25892541e+00  5.58544066e+04  1.25892541e+00 -4.06189026e+02 
 1.35935639e+00  5.58539165e+04  1.35935639e+00 -4.38588974e+02 
 1.46779927e+00  5.58533452e+04  1.46779927e+00 -4.73572636e+02 
 1.58489319e+00  5.58526790e+04  1.58489319e+00 -5.11345871e+02 
 1.71132830e+00  5.58519024e+04  1.71132830e+00 -5.52130893e+02 
 1.84784980e+00  5.58509969e+04  1.84784980e+00 -5.96167560e+02 
 1.99526231e+00  5.58499412e+04  1.99526231e+00 -6.43714756e+02 
 2.15443469e+00  5.58487105e+04  2.15443469e+00 -6.95051889e+02 
 2.32630507e+00  5.58472756e+04  2.32630507e+00 -7.50480484e+02 
 2.51188643e+00  5.58456027e+04  2.51188643e+00 -8.10325913e+02 
 2.71227258e+00  5.58436524e+04  2.71227258e+00 -8.74939237e+02 
 2.92864456e+00  5.58413786e+04  2.92864456e+00 -9.44699191e+02 
 3.16227766e+00  5.58387279e+04  3.16227766e+00 -1.02001430e+03 
 3.41454887e+00  5.58356377e+04  3.41454887e+00 -1.10132516e+03 
 3.68694506e+00  5.58320352e+04  3.68694506e+00 -1.18910682e+03 
 3.98107171e+00  5.58278356e+04  3.98107171e+00 -1.28387144e+03 
 4.29866235e+00  5.58229400e+04  4.29866235e+00 -1.38617093e+03 
 4.64158883e+00  5.58172333e+04  4.64158883e+00 -1.49659993e+03 
 5.01187234e+00  5.58105812e+04  5.01187234e+00 -1.61579884e+03 
 5.41169527e+00  5.58028274e+04  5.41169527e+00 -1.74445707e+03 
 5.84341413e+00  5.57937898e+04  5.84341413e+00 -1.88331635e+03 
 6.30957344e+00  5.57832566e+04  6.30957344e+00 -2.03317431e+03 
 6.81292069e+00  5.57709807e+04  6.81292069e+00 -2.19488800e+03 
 7.35642254e+00  5.57566748e+04  7.35642254e+00 -2.36937763e+03 
 7.94328235e+00  5.57400047e+04  7.94328235e+00 -2.55763022e+03 
 8.57695899e+00  5.57205814e+04  8.57695899e+00 -2.76070325e+03 
 9.26118728e+00  5.56979526e+04  9.26118728e+00 -2.97972822e+03 
 1.00000000e+01  5.56715925e+04  1.00000000e+01 -3.21591382e+03 
 1.07977516e+01  5.56408903e+04  1.07977516e+01 -3.47054887e+03 
 1.16591440e+01  5.56051370e+04  1.16591440e+01 -3.74500450e+03 
 1.25892541e+01  5.55635096e+04  1.25892541e+01 -4.04073562e+03 
 1.35935639e+01  5.55150543e+04  1.35935639e+01 -4.35928107e+03 
 1.46779927e+01  5.54586661e+04  1.46779927e+01 -4.70226240e+03 
 1.58489319e+01  5.53930668e+04  1.58489319e+01 -5.07138042e+03 
 1.71132830e+01  5.53167793e+04  1.71132830e+01 -5.46840919e+03 
 1.84784980e+01  5.52280995e+04  1.84784980e+01 -5.89518661e+03 
 1.99526231e+01  5.51250648e+04  1.99526231e+01 -6.35360063e+03 
 2.15443469e+01  5.50054195e+04  2.15443469e+01 -6.84557012e+03 
 2.32630507e+01  5.48665774e+04  2.32630507e+01 -7.37301904e+03 
 2.51188643e+01  5.47055818e+04  2.51188643e+01 -7.93784242e+03 
 2.71227258e+01  5.45190636e+04  2.71227258e+01 -8.54186234e+03 
 2.92864456e+01  5.43031989e+04  2.92864456e+01 -9.18677212e+03 
 3.16227766e+01  5.40536675e+04  3.16227766e+01 -9.87406654e+03 
 3.41454887e+01  5.37656154e+04  3.41454887e+01 -1.06049558e+04 
 3.68694506e+01  5.34336237e+04  3.68694506e+01 -1.13802611e+04 
 3.98107171e+01  5.30516894e+04  3.98107171e+01 -1.22002908e+04 
 4.29866235e+01  5.26132238e+04  4.29866235e+01 -1.30646942e+04 
 4.64158883e+01  5.21110742e+04  4.64158883e+01 -1.39722947e+04 
 5.01187234e+01  5.15375800e+04  5.01187234e+01 -1.49209033e+04 
 5.41169527e+01  5.08846709e+04  5.41169527e+01 -1.59071163e+04 
 5.84341413e+01  5.01440181e+04  5.84341413e+01 -1.69261045e+04 
 6.30957344e+01  4.93072497e+04  6.30957344e+01 -1.79714069e+04 
 6.81292069e+01  4.83662375e+04  6.81292069e+01 -1.90347435e+04 
 7.35642254e+01  4.73134613e+04  7.35642254e+01 -2.01058707e+04 
 7.94328235e+01  4.61424493e+04  7.94328235e+01 -2.11725062e+04 
 8.57695899e+01  4.48482852e+04  8.57695899e+01 -2.22203526e+04 
 9.26118728e+01  4.34281584e+04  9.26118728e+01 -2.32332529e+04 
 1.00000000e+02  4.18819253e+04  1.00000000e+02 -2.41935042e+04 
 1.07977516e+02  4.02126302e+04  1.07977516e+02 -2.50823477e+04 
 1.16591440e+02  3.84269269e+04  1.16591440e+02 -2.58806370e+04 
 1.25892541e+02  3.65353361e+04  1.25892541e+02 -2.65696640e+04 
 1.35935639e+02  3.45522775e+04  1.35935639e+02 -2.71320953e+04 
 1.46779927e+02  3.24958303e+04  1.46779927e+02 -2.75529469e+04 
 1.58489319e+02  3.03872059e+04  1.58489319e+02 -2.78205055e+04 
 1.71132830e+02  2.82499477e+04  1.71132830e+02 -2.79270981e+04 
 1.84784980e+02  2.61089165e+04  1.84784980e+02 -2.78696185e+04 
 1.99526231e+02  2.39891486e+04  1.99526231e+02 -2.76497451e+04 
 2.15443469e+02  2.19146970e+04  2.15443469e+02 -2.72738233e+04 
 2.32630507e+02  1.99075677e+04  2.32630507e+02 -2.67524254e+04 
 2.51188643e+02  1.79868482e+04  2.51188643e+02 -2.60996459e+04 
 2.71227258e+02  1.61680943e+04  2.71227258e+02 -2.53322154e+04 
 2.92864456e+02  1.44630046e+04  2.92864456e+02 -2.44685311e+04 
 3.16227766e+02  1.28793752e+04  3.16227766e+02 -2.35277008e+04 
 3.41454887e+02  1.14212952e+04  3.41454887e+02 -2.25286775e+04 
 3.68694506e+02  1.00895259e+04  3.68694506e+02 -2.14895407e+04 
 3.98107171e+02  8.88199890e+03  3.98107171e+02 -2.04269520e+04 
 4.29866235e+02  7.79437030e+03  4.29866235e+02 -1.93557894e+04 
 4.64158883e+02  6.82057926e+03  4.64158883e+02 -1.82889480e+04 
 5.01187234e+02  5.95337063e+03  5.01187234e+02 -1.72372788e+04 
 5.41169527e+02  5.18475681e+03  5.41169527e+02 -1.62096382e+04 
 5.84341413e+02  4.50640533e+03  5.84341413e+02 -1.52130151e+04 
 6.30957344e+02  3.90994878e+03  6.30957344e+02 -1.42527067e+04 
 6.81292069e+02  3.38722070e+03  6.81292069e+02 -1.33325224e+04 
 7.35642254e+02  2.93042500e+03  7.35642254e+02 -1.24549939e+04 
 7.94328235e+02  2.53224918e+03  7.94328235e+02 -1.16215808e+04 
 8.57695899e+02  2.18593153e+03  8.57695899e+02 -1.08328632e+04 
 9.26118728e+02  1.88529257e+03  9.26118728e+02 -1.00887144e+04 
 1.00000000e+03  1.62473961e+03  1.00000000e+03 -9.38845281e+03 
 1.07977516e+03  1.39925192e+03  1.07977516e+03 -8.73097319e+03 
 1.16591440e+03  1.20435290e+03  1.16591440e+03 -8.11485631e+03 
 1.25892541e+03  1.03607400e+03  1.25892541e+03 -7.53846039e+03 
 1.35935639e+03  8.90914126e+02  1.35935639e+03 -6.99999550e+03 
 1.46779927e+03  7.65797280e+02  1.46779927e+03 -6.49758340e+03 
 1.58489319e+03  6.58030410e+02  1.58489319e+03 -6.02930481e+03 
 1.71132830e+03  5.65262755e+02  1.71132830e+03 -5.59323628e+03 
 1.84784980e+03  4.85447552e+02  1.84784980e+03 -5.18747829e+03 
 1.99526231e+03  4.16806575e+02  1.99526231e+03 -4.81017627e+03 
 2.15443469e+03  3.57797769e+02  2.15443469e+03 -4.45953584e+03 
 2.32630507e+03  3.07085995e+02  2.32630507e+03 -4.13383342e+03 
 2.51188643e+03  2.63516826e+02  2.51188643e+03 -3.83142324e+03 
 2.71227258e+03  2.26093244e+02  2.71227258e+03 -3.55074142e+03 
 2.92864456e+03  1.93955029e+02  2.92864456e+03 -3.29030783e+03 
 3.16227766e+03  1.66360616e+02  3.16227766e+03 -3.04872631e+03 
 3.41454887e+03  1.42671196e+02  3.41454887e+03 -2.82468355e+03 
 3.68694506e+03  1.22336816e+02  3.68694506e+03 -2.61694709e+03 
 3.98107171e+03  1.04884273e+02  3.98107171e+03 -2.42436261e+03 
 4.29866235e+03  8.99065885e+01  4.29866235e+03 -2.24585077e+03 
 4.64158883e+03  7.70538773e+01  4.64158883e+03 -2.08040380e+03 
 5.01187234e+03  6.60254390e+01  5.01187234e+03 -1.92708183e+03 
 5.41169527e+03  5.65629180e+01  5.41169527e+03 -1.78500925e+03 
 5.84341413e+03  4.84443949e+01  5.84341413e+03 -1.65337099e+03 
 6.30957344e+03  4.14792888e+01  6.30957344e+03 -1.53140891e+03 
 6.81292069e+03  3.55039606e+01  6.81292069e+03 -1.41841828e+03 
 7.35642254e+03  3.03779268e+01  7.35642254e+03 -1.31374433e+03 
 7.94328235e+03  2.59805986e+01  7.94328235e+03 -1.21677903e+03 
 8.57695899e+03  2.22084764e+01  8.57695899e+03 -1.12695795e+03 
 9.26118728e+03  1.89727365e+01  9.26118728e+03 -1.04375731e+03 
 1.00000000e+04  1.61971568e+01  1.00000000e+04 -9.66691197e+02 
 1.07977516e+04  1.38163337e+01  1.07977516e+04 -8.95308948e+02 
 1.16591440e+04  1.17741498e+01  1.16591440e+04 -8.29192658e+02 
 1.25892541e+04  1.00224580e+01  1.25892541e+04 -7.67954886e+02 
 1.35935639e+04  8.51995165e+00  1.35935639e+04 -7.11236481e+02 
 1.46779927e+04  7.23119369e+00  1.46779927e+04 -6.58704564e+02 
 1.58489319e+04  6.12578391e+00  1.58489319e+04 -6.10050642e+02 
 1.71132830e+04  5.17764362e+00  1.71132830e+04 -5.64988846e+02 
 1.84784980e+04  4.36440197e+00  1.84784980e+04 -5.23254294e+02 
 1.99526231e+04  3.66686909e+00  1.99526231e+04 -4.84601571e+02 
 2.15443469e+04  3.06858415e+00  2.15443469e+04 -4.48803310e+02 
 2.32630507e+04  2.55542743e+00  2.32630507e+04 -4.15648873e+02 
 2.51188643e+04  2.11528755e+00  2.51188643e+04 -3.84943136e+02 
 2.71227258e+04  1.73777589e+00  2.71227258e+04 -3.56505346e+02 
 2.92864456e+04  1.41398168e+00  2.92864456e+04 -3.30168071e+02 
 3.16227766e+04  1.13626179e+00  3.16227766e+04 -3.05776224e+02 
 3.41454887e+04  8.98060445e-01  3.41454887e+04 -2.83186155e+02 
 3.68694506e+04  6.93754594e-01  3.68694506e+04 -2.62264809e+02 
 3.98107171e+04  5.18521211e-01  3.98107171e+04 -2.42888950e+02 
 4.29866235e+04  3.68223494e-01  4.29866235e+04 -2.24944434e+02 
 4.64158883e+04  2.39313247e-01  4.64158883e+04 -2.08325543e+02 
 5.01187234e+04  1.28747138e-01  5.01187234e+04 -1.92934363e+02 
 5.41169527e+04  3.39148707e-02  5.41169527e+04 -1.78680207e+02 
 5.84341413e+04 -4.74224225e-02  5.84341413e+04 -1.65479087e+02 
 6.30957344e+04 -1.17185029e-01  6.30957344e+04 -1.53253214e+02 
 6.81292069e+04 -1.77019984e-01  6.81292069e+04 -1.41930543e+02 
 7.35642254e+04 -2.28339949e-01  7.35642254e+04 -1.31444352e+02 
 7.94328235e+04 -2.72356559e-01  7.94328235e+04 -1.21732846e+02 
 8.57695899e+04 -3.10109028e-01  8.57695899e+04 -1.12738792e+02 
 9.26118728e+04 -3.42488678e-01  9.26118728e+04 -1.04409186e+02 
 1.00000000e+05 -3.70259987e-01  1.00000000e+05 -9.66949396e+01 
 1.07977516e+05 -3.94078629e-01  1.07977516e+05 -8.95505887e+01 
 1.16591440e+05 -4.14506961e-01  1.16591440e+05 -8.29340282e+01 
 1.25892541e+05 -4.32027295e-01  1.25892541e+05 -7.68062632e+01 
 1.35935639e+05 -4.47053286e-01  1.35935639e+05 -7.11311790e+01 
 1.46779927e+05 -4.59939698e-01  1.46779927e+05 -6.58753287e+01 
 1.58489319e+05 -4.70990780e-01  1.58489319e+05 -6.10077361e+01 
 1.71132830e+05 -4.80467451e-01  1.71132830e+05 -5.64997129e+01 
 1.84784980e+05 -4.88593456e-01  1.84784980e+05 -5.23246902e+01 
 1.99526231e+05 -4.95560650e-01  1.99526231e+05 -4.84580613e+01 
 2.15443469e+05 -5.01533532e-01  2.15443469e+05 -4.48770372e+01 
 2.32630507e+05 -5.06653122e-01  2.32630507e+05 -4.15605121e+01 
 2.51188643e+05 -5.11040295e-01  2.51188643e+05 -3.84889391e+01 
 2.71227258e+05 -5.14798633e-01  2.71227258e+05 -3.56442149e+01 
 2.92864456e+05 -5.18016873e-01  2.92864456e+05 -3.30095732e+01 
 3.16227766e+05 -5.20770999e-01  3.16227766e+05 -3.05694859e+01 
 3.41454887e+05 -5.23126037e-01  3.41454887e+05 -2.83095715e+01 
 3.68694506e+05 -5.25137592e-01  3.68694506e+05 -2.62165104e+01 
 3.98107171e+05 -5.26853159e-01  3.98107171e+05 -2.42779665e+01 
 4.29866235e+05 -5.28313246e-01  4.29866235e+05 -2.24825144e+01 
 4.64158883e+05 -5.29552329e-01  4.64158883e+05 -2.08195719e+01 
 5.01187234e+05 -5.30599668e-01  5.01187234e+05 -1.92793380e+01 
 5.41169527e+05 -5.31479997e-01  5.41169527e+05 -1.78527349e+01 
 5.84341413e+05 -5.32214111e-01  5.84341413e+05 -1.65313544e+01 
 6.30957344e+05 -5.32819354e-01  6.30957344e+05 -1.53074087e+01 
 6.81292069e+05 -5.33310033e-01  6.81292069e+05 -1.41736844e+01 
 7.35642254e+05 -5.33697753e-01  7.35642254e+05 -1.31234995e+01 
 7.94328235e+05 -5.33991701e-01  7.94328235e+05 -1.21506648e+01 
 8.57695899e+05 -5.34198857e-01  8.57695899e+05 -1.12494470e+01 
 9.26118728e+05 -5.34324167e-01  9.26118728e+05 -1.04145350e+01 
 1.00000000e+06 -5.34370666e-01  1.00000000e+06 -9.64100865e+00 
 1.07977516e+06 -5.34339555e-01  1.07977516e+06 -8.92430975e+00 
 1.16591440e+06 -5.34230236e-01  1.16591440e+06 -8.26021531e+00 
 1.25892541e+06 -5.34040318e-01  1.25892541e+06 -7.64481265e+00 
 1.35935639e+06 -5.33765572e-01  1.35935639e+06 -7.07447647e+00 
 1.46779927e+06 -5.33399856e-01  1.46779927e+06 -6.54584750e+00 
 1.58489319e+06 -5.32935005e-01  1.58489319e+06 -6.05581287e+00 
 1.71132830e+06 -5.32360677e-01  1.71132830e+06 -5.60148790e+00 
 1.84784980e+06 -5.31664168e-01  1.84784980e+06 -5.18019925e+00 
 1.99526231e+06 -5.30830192e-01  1.99526231e+06 -4.78946939e+00 
 2.15443469e+06 -5.29840621e-01  2.15443469e+06 -4.42700227e+00 
 2.32630507e+06 -5.28674197e-01  2.32630507e+06 -4.09067010e+00 
 2.51188643e+06 -5.27306216e-01  2.51188643e+06 -3.77850121e+00 
 2.71227258e+06 -5.25708191e-01  2.71227258e+06 -3.48866892e+00 
 2.92864456e+06 -5.23847508e-01  2.92864456e+06 -3.21948133e+00 
 3.16227766e+06 -5.21687082e-01  3.16227766e+06 -2.96937209e+00 
 3.41454887e+06 -5.19185050e-01  3.41454887e+06 -2.73689195e+00 
 3.68694506e+06 -5.16294518e-01  3.68694506e+06 -2.52070120e+00 
 3.98107171e+06 -5.12963411e-01  3.98107171e+06 -2.31956293e+00 
 4.29866235e+06 -5.09134464e-01  4.29866235e+06 -2.13233696e+00 
 4.64158883e+06 -5.04745434e-01  4.64158883e+06 -1.95797462e+00 
 5.01187234e+06 -4.99729596e-01  5.01187234e+06 -1.79551406e+00 
 5.41169527e+06 -4.94016602e-01  5.41169527e+06 -1.64407627e+00 
 5.84341413e+06 -4.87533808e-01  5.84341413e+06 -1.50286146e+00 
 6.30957344e+06 -4.80208141e-01  6.30957344e+06 -1.37114596e+00 
 6.81292069e+06 -4.71968581e-01  6.81292069e+06 -1.24827911e+00 
 7.35642254e+06 -4.62749299e-01  7.35642254e+06 -1.13368029e+00 
 7.94328235e+06 -4.52493432e-01  7.94328235e+06 -1.02683552e+00 
 8.57695899e+06 -4.41157397e-01  8.57695899e+06 -9.27293528e-01 
 9.26118728e+06 -4.28715554e-01  9.26118728e+06 -8.34661007e-01 
 1.00000000e+07 -4.15164899e-01  1.00000000e+07 -7.48596663e-01 
 1.07977516e+07 -4.00529368e-01  1.07977516e+07 -6.68804074e-01 
 1.16591440e+07 -3.84863221e-01  1.16591440e+07 -5.95023250e-01 
 1.25892541e+07 -3.68252979e-01  1.25892541e+07 -5.27021116e-01 
 1.35935639e+07 -3.50817388e-01  1.35935639e+07 -4.64581329e-01 
 1.46779927e+07 -3.32705060e-01  1.46779927e+07 -4.07494054e-01 
 1.58489319e+07 -3.14089687e-01  1.58489319e+07 -3.55546483e-01 
 1.71132830e+07 -2.95163017e-01  1.71132830e+07 -3.08514936e-01 
 1.84784980e+07 -2.76126119e-01  1.84784980e+07 -2.66159271e-01 
 1.99526231e+07 -2.57179748e-01  1.99526231e+07 -2.28220124e-01 
 2.15443469e+07 -2.38514758e-01  2.15443469e+07 -1.94419154e-01 
 2.32630507e+07 -2.20303547e-01  2.32630507e+07 -1.64462088e-01 
 2.51188643e+07 -2.02693333e-01  2.51188643e+07 -1.38044037e-01 
 2.71227258e+07 -1.85801824e-01  2.71227258e+07 -1.14856289e-01 
 2.92864456e+07 -1.69715492e-01  2.92864456e+07 -9.45936830e-02 
 3.16227766e+07 -1.54490331e-01  3.16227766e+07 -7.69617119e-02 
 3.41454887e+07 -1.40154741e-01  3.41454887e+07 -6.16826220e-02 
 3.68694506e+07 -1.26713961e-01  3.68694506e+07 -4.85000045e-02 
 3.98107171e+07 -1.14155422e-01  3.98107171e+07 -3.71816009e-02 
 4.29866235e+07 -1.02454372e-01  4.29866235e+07 -2.75202716e-02 
 4.64158883e+07 -9.15792093e-02  4.64158883e+07 -1.93332636e-02 
 5.01187234e+07 -8.14960285e-02  5.01187234e+07 -1.24600665e-02 
 5.41169527e+07 -7.21720515e-02  5.41169527e+07 -6.75925409e-03 
 5.84341413e+07 -6.35777426e-02  5.84341413e+07 -2.10477313e-03 
 6.30957344e+07 -5.56875768e-02  6.30957344e+07  1.61783434e-03 
 6.81292069e+07 -4.84795907e-02  6.81292069e+07  4.51482072e-03 
 7.35642254e+07 -4.19339921e-02  7.35642254e+07  6.68686252e-03 
 7.94328235e+07 -3.60312139e-02  7.94328235e+07  8.23069307e-03 
 8.57695899e+07 -3.07498479e-02  8.57695899e+07  9.23967030e-03 
 9.26118728e+07 -2.60648671e-02  9.26118728e+07  9.80338719e-03 
 1.00000000e+08 -2.19464552e-02  1.00000000e+08  1.00065791e-02 
 1.07977516e+08 -1.83596103e-02  1.07977516e+08  9.92767078e-03 
 1.16591440e+08 -1.52645353e-02  1.16591440e+08  9.63731892e-03 
 1.25892541e+08 -1.26176806e-02  1.25892541e+08  9.19725230e-03 
 1.35935639e+08 -1.03732170e-02  1.35935639e+08  8.65960462e-03 
 1.46779927e+08 -8.48468016e-03  1.46779927e+08  8.06681625e-03 
 1.58489319e+08 -6.90655446e-03  1.58489319e+08  7.45207036e-03 
 1.71132830e+08 -5.59561927e-03  1.71132830e+08  6.84015266e-03 
 1.84784980e+08 -4.51195807e-03  1.84784980e+08  6.24858599e-03 
 1.99526231e+08 -3.61960025e-03  1.99526231e+08  5.68888887e-03 
 2.15443469e+08 -2.88682005e-03  2.15443469e+08  5.16782971e-03 
 2.32630507e+08 -2.28615129e-03  2.32630507e+08  4.68858338e-03 
 2.51188643e+08 -1.79419082e-03  2.51188643e+08  4.25173432e-03 
 2.71227258e+08 -1.39126327e-03  2.71227258e+08  3.85610212e-03 
 2.92864456e+08 -1.06101018e-03  2.92864456e+08  3.49939041e-03 
 3.16227766e+08 -7.89952799e-04  3.16227766e+08  3.17867453e-03 
 3.41454887e+08 -5.67063467e-04  3.41454887e+08  2.89075231e-03 
 3.68694506e+08 -3.83367842e-04  3.68694506e+08  2.63238405e-03 
 3.98107171e+08 -2.31589858e-04  3.98107171e+08  2.40044728e-03 
 4.29866235e+08 -1.05844077e-04  4.29866235e+08  2.19202827e-03 
 4.64158883e+08 -1.37503765e-06  4.64158883e+08  2.00446883e-03 
 5.01187234e+08  8.56597403e-05  5.01187234e+08  1.83538247e-03 
 5.41169527e+08  1.58367966e-04  5.41169527e+08  1.68265106e-03 
 5.84341413e+08  2.19267408e-04  5.84341413e+08  1.54440955e-03 
 6.30957344e+08  2.70402671e-04  6.30957344e+08  1.41902448e-03 
 6.81292069e+08  3.13438819e-04  6.81292069e+08  1.30506975e-03 
 7.35642254e+08  3.49736137e-04  7.35642254e+08  1.20130214e-03 
 7.94328235e+08  3.80409698e-04  7.94328235e+08  1.10663805e-03 
 8.57695899e+08  4.06376780e-04  8.57695899e+08  1.02013204e-03 
 9.26118728e+08  4.28394618e-04  9.26118728e+08  9.40957699e-04 
 1.00000000e+09  4.47090496e-04  1.00000000e+09  8.68390870e-04 
 1.07977516e+09  4.62985796e-04  1.07977516e+09  8.01795075e-04 
 1.16591440e+09  4.76515257e-04  1.16591440e+09  7.40609037e-04 
 1.25892541e+09  4.88042456e-04  1.25892541e+09  6.84336037e-04 
 1.35935639e+09  4.97872303e-04  1.35935639e+09  6.32534892e-04 
 1.46779927e+09  5.06261160e-04  1.46779927e+09  5.84812319e-04 
 1.58489319e+09  5.13425071e-04  1.58489319e+09  5.40816487e-04 
 1.71132830e+09  5.19546487e-04  1.71132830e+09  5.00231571e-04 
 1.84784980e+09  5.24779780e-04  1.84784980e+09  4.62773148e-04 
 1.99526231e+09  5.29255788e-04  1.99526231e+09  4.28184297e-04 
 2.15443469e+09  5.33085568e-04  2.15443469e+09  3.96232286e-04 
 2.32630507e+09  5.36363513e-04  2.32630507e+09  3.66705757e-04 
 2.51188643e+09  5.39169947e-04  2.51188643e+09  3.39412309e-04 
 2.71227258e+09  5.41573295e-04  2.71227258e+09  3.14176431e-04 
 2.92864456e+09  5.43631894e-04  2.92864456e+09  2.90837717e-04 
 3.16227766e+09  5.45395527e-04  3.16227766e+09  2.69249317e-04 
 3.41454887e+09  5.46906698e-04  3.41454887e+09  2.49276593e-04 
 3.68694506e+09  5.48201728e-04  3.68694506e+09  2.30795941e-04 
 3.98107171e+09  5.49311662e-04  3.98107171e+09  2.13693751e-04 
 4.29866235e+09  5.50263054e-04  4.29866235e+09  1.97865499e-04 
 4.64158883e+09  5.51078621e-04  4.64158883e+09  1.83214930e-04 
 5.01187234e+09  5.51777807e-04  5.01187234e+09  1.69653339e-04 
 5.41169527e+09  5.52377259e-04  5.41169527e+09  1.57098921e-04 
 5.84341413e+09  5.52891232e-04  5.84341413e+09  1.45476193e-04 
 6.30957344e+09  5.53331936e-04  6.30957344e+09  1.34715466e-04 
 6.81292069e+09  5.53709832e-04  6.81292069e+09  1.24752379e-04 
 7.35642254e+09  5.54033882e-04  7.35642254e+09  1.15527460e-04 
 7.94328235e+09  5.54311767e-04  7.94328235e+09  1.06985746e-04 
 8.57695899e+09  5.54550070e-04  8.57695899e+09  9.90764199e-05 
 9.26118728e+09  5.54754434e-04  9.26118728e+09  9.17524898e-05 
 1.00000000e+10  5.54929696e-04  1.00000000e+10  8.49704913e-05 
