 1.00000000e+00  3.59626296e+04  1.00000000e+00 -3.15099155e+02 
 1.07977516e+00  3.59621716e+04  1.07977516e+00 -3.40231908e+02 
 1.16591440e+00  3.59616376e+04  1.16591440e+00 -3.67368509e+02 
 1.25892541e+00  3.59610151e+04  1.25892541e+00 -3.96668524e+02 
 1.35935639e+00  3.59602892e+04  1.35935639e+00 -4.28304175e+02 
 1.46779927e+00  3.59594430e+04  1.46779927e+00 -4.62461327e+02 
 1.58489319e+00  3.59584564e+04  1.58489319e+00 -4.99340555e+02 
 1.71132830e+00  3.59573062e+04  1.71132830e+00 -5.39158282e+02 
 1.84784980e+00  3.59559653e+04  1.84784980e+00 -5.82148012e+02 
 1.99526231e+00  3.59544020e+04  1.99526231e+00 -6.28561635e+02 
 2.15443469e+00  3.59525795e+04  2.15443469e+00 -6.78670839e+02 
 2.32630507e+00  3.59504549e+04  2.32630507e+00 -7.32768610e+02 
 2.51188643e+00  3.59479781e+04  2.51188643e+00 -7.91170834e+02 
 2.71227258e+00  3.59450907e+04  2.71227258e+00 -8.54218001e+02 
 2.92864456e+00  3.59417249e+04  2.92864456e+00 -9.22277014e+02 
 3.16227766e+00  3.59378015e+04  3.16227766e+00 -9.95743107e+02 
 3.41454887e+00  3.59332282e+04  3.41454887e+00 -1.07504185e+03 
 3.68694506e+00  3.59278976e+04  3.68694506e+00 -1.16063129e+03 
 3.98107171e+00  3.59216845e+04  3.98107171e+00 -1.25300413e+03 
 4.29866235e+00  3.59144433e+04  4.29866235e+00 -1.35269000e+03 
 4.64158883e+00  3.59060044e+04  4.64158883e+00 -1.46025787e+03 
 5.01187234e+00  3.58961704e+04  5.01187234e+00 -1.57631835e+03 
 5.41169527e+00  3.58847116e+04  5.41169527e+00 -1.70152607e+03 
 5.84341413e+00  3.58713608e+04  5.84341413e+00 -1.83658205e+03 
 6.30957344e+00  3.58558074e+04  6.30957344e+00 -1.98223586e+03 
 6.81292069e+00  3.58376906e+04  6.81292069e+00 -2.13928760e+03 
 7.35642254e+00  3.58165910e+04  7.35642254e+00 -2.30858965e+03 
 7.94328235e+00  3.57920220e+04  7.94328235e+00 -2.49104785e+03 
 8.57695899e+00  3.57634192e+04  8.57695899e+00 -2.68762213e+03 
 9.26118728e+00  3.57301285e+04  9.26118728e+00 -2.89932629e+03 
 1.00000000e+01  3.56913925e+04  1.00000000e+01 -3.12722659e+03 
 1.07977516e+01  3.56463356e+04  1.07977516e+01 -3.37243892e+03 
 1.16591440e+01  3.55939465e+04  1.16591440e+01 -3.63612404e+03 
 1.25892541e+01  3.55330594e+04  1.25892541e+01 -3.91948038e+03 
 1.35935639e+01  3.54623328e+04  1.35935639e+01 -4.22373384e+03 
 1.46779927e+01  3.53802262e+04  1.46779927e+01 -4.55012366e+03 
 1.58489319e+01  3.52849758e+04  1.58489319e+01 -4.89988371e+03 
 1.71132830e+01  3.51745674e+04  1.71132830e+01 -5.27421796e+03 
 1.84784980e+01  3.50467100e+04  1.84784980e+01 -5.67426906e+03 
 1.99526231e+01  3.48988078e+04  1.99526231e+01 -6.10107872e+03 
 2.15443469e+01  3.47279349e+04  2.15443469e+01 -6.55553847e+03 
 2.32630507e+01  3.45308125e+04  2.32630507e+01 -7.03832941e+03 
 2.51188643e+01  3.43037915e+04  2.51188643e+01 -7.54984966e+03 
 2.71227258e+01  3.40428448e+04  2.71227258e+01 -8.09012853e+03 
 2.92864456e+01  3.37435718e+04  2.92864456e+01 -8.65872676e+03 
 3.16227766e+01  3.34012214e+04  3.16227766e+01 -9.25462341e+03 
 3.41454887e+01  3.30107386e+04  3.41454887e+01 -9.87609090e+03 
 3.68694506e+01  3.25668417e+04  3.68694506e+01 -1.05205618e+04 
 3.98107171e+01  3.20641366e+04  3.98107171e+01 -1.11844931e+04 
 4.29866235e+01  3.14972743e+04  4.29866235e+01 -1.18632374e+04 
 4.64158883e+01  3.08611569e+04  4.64158883e+01 -1.25509319e+04 
 5.01187234e+01  3.01511936e+04  5.01187234e+01 -1.32404220e+04 
 5.41169527e+01  2.93636037e+04  5.41169527e+01 -1.39232384e+04 
 5.84341413e+01  2.84957569e+04  5.84341413e+01 -1.45896452e+04 
 6.30957344e+01  2.75465344e+04  6.30957344e+01 -1.52287823e+04 
 6.81292069e+01  2.65166834e+04  6.81292069e+01 -1.58289150e+04 
 7.35642254e+01  2.54091298e+04  7.35642254e+01 -1.63777990e+04 
 7.94328235e+01  2.42292100e+04  7.94328235e+01 -1.68631567e+04 
 8.57695899e+01  2.29847789e+04  8.57695899e+01 -1.72732444e+04 
 9.26118728e+01  2.16861583e+04  9.26118728e+01 -1.75974721e+04 
 1.00000000e+02  2.03459040e+04  1.00000000e+02 -1.78270240e+04 
 1.07977516e+02  1.89783879e+04  1.07977516e+02 -1.79554178e+04 
 1.16591440e+02  1.75992183e+04  1.16591440e+02 -1.79789399e+04 
 1.25892541e+02  1.62245433e+04  1.25892541e+02 -1.78969030e+04 
 1.35935639e+02  1.48703019e+04  1.35935639e+02 -1.77116947e+04 
 1.46779927e+02  1.35514958e+04  1.46779927e+02 -1.74286102e+04 
 1.58489319e+02  1.22815504e+04  1.58489319e+02 -1.70554906e+04 
 1.71132830e+02  1.10718210e+04  1.71132830e+02 -1.66022113e+04 
 1.84784980e+02  9.93127650e+03  1.84784980e+02 -1.60800810e+04 
 1.99526231e+02  8.86636867e+03  1.99526231e+02 -1.55012140e+04 
 2.15443469e+02  7.88107335e+03  2.15443469e+02 -1.48779341e+04 
 2.32630507e+02  6.97707181e+03  2.32630507e+02 -1.42222549e+04 
 2.51188643e+02  6.15403287e+03  2.51188643e+02 -1.35454629e+04 
 2.71227258e+02  5.40995363e+03  2.71227258e+02 -1.28578176e+04 
 2.92864456e+02  4.74152124e+03  2.92864456e+02 -1.21683628e+04 
 3.16227766e+02  4.14446515e+03  3.16227766e+02 -1.14848387e+04 
 3.41454887e+02  3.61387849e+03  3.41454887e+02 -1.08136758e+04 
 3.68694506e+02  3.14449558e+03  3.68694506e+02 -1.01600501e+04 
 3.98107171e+02  2.73092010e+03  3.98107171e+02 -9.52798047e+03 
 4.29866235e+02  2.36780377e+03  4.29866235e+02 -8.92045170e+03 
 4.64158883e+02  2.04997922e+03  4.64158883e+02 -8.33954807e+03 
 5.01187234e+02  1.77255279e+03  5.01187234e+02 -7.78658879e+03 
 5.41169527e+02  1.53096391e+03  5.41169527e+02 -7.26225705e+03 
 5.84341413e+02  1.32101780e+03  5.84341413e+02 -6.76671881e+03 
 6.30957344e+02  1.13889763e+03  6.30957344e+02 -6.29972854e+03 
 6.81292069e+02  9.81161571e+02  6.81292069e+02 -5.86072125e+03 
 7.35642254e+02  8.44729252e+02  7.35642254e+02 -5.44889087e+03 
 7.94328235e+02  7.26861212e+02  7.94328235e+02 -5.06325577e+03 
 8.57695899e+02  6.25134172e+02  8.57695899e+02 -4.70271276e+03 
 9.26118728e+02  5.37414235e+02  9.26118728e+02 -4.36608080e+03 
 1.00000000e+03  4.61829540e+02  1.00000000e+03 -4.05213591e+03 
 1.07977516e+03  3.96743448e+02  1.07977516e+03 -3.75963860e+03 
 1.16591440e+03  3.40728961e+02  1.16591440e+03 -3.48735505e+03 
 1.25892541e+03  2.92544821e+02  1.25892541e+03 -3.23407315e+03 
 1.35935639e+03  2.51113522e+02  1.35935639e+03 -2.99861432e+03 
 1.46779927e+03  2.15501320e+02  1.46779927e+03 -2.77984200e+03 
 1.58489319e+03  1.84900251e+02  1.58489319e+03 -2.57666740e+03 
 1.71132830e+03  1.58612074e+02  1.71132830e+03 -2.38805315e+03 
 1.84784980e+03  1.36034019e+02  1.84784980e+03 -2.21301526e+03 
 1.99526231e+03  1.16646218e+02  1.99526231e+03 -2.05062388e+03 
 2.15443469e+03  1.00000656e+02  2.15443469e+03 -1.90000297e+03 
 2.32630507e+03  8.57115071e+01  2.32630507e+03 -1.76032936e+03 
 2.51188643e+03  7.34466885e+01  2.51188643e+03 -1.63083124e+03 
 2.71227258e+03  6.29205218e+01  2.71227258e+03 -1.51078627e+03 
 2.92864456e+03  5.38873518e+01  2.92864456e+03 -1.39951946e+03 
 3.16227766e+03  4.61360169e+01  3.16227766e+03 -1.29640091e+03 
 3.41454887e+03  3.94850625e+01  3.41454887e+03 -1.20084343e+03 
 3.68694506e+03  3.37786036e+01  3.68694506e+03 -1.11230020e+03 
 3.98107171e+03  2.88827528e+01  3.98107171e+03 -1.03026236e+03 
 4.29866235e+03  2.46825387e+01  4.29866235e+03 -9.54256734e+02 
 4.64158883e+03  2.10792499e+01  4.64158883e+03 -8.83843582e+02 
 5.01187234e+03  1.79881484e+01  5.01187234e+03 -8.18614429e+02 
 5.41169527e+03  1.53364996e+01  5.41169527e+03 -7.58190015e+02 
 5.84341413e+03  1.30618797e+01  5.84341413e+03 -7.02218333e+02 
 6.30957344e+03  1.11107183e+01  6.30957344e+03 -6.50372771e+02 
 6.81292069e+03  9.43704638e+00  6.81292069e+03 -6.02350363e+02 
 7.35642254e+03  8.00142074e+00  7.35642254e+03 -5.57870141e+02 
 7.94328235e+03  6.76999921e+00  7.94328235e+03 -5.16671588e+02 
 8.57695899e+03  5.71374684e+00  8.57695899e+03 -4.78513191e+02 
 9.26118728e+03  4.80775411e+00  9.26118728e+03 -4.43171087e+02 
 1.00000000e+04  4.03065153e+00  1.00000000e+04 -4.10437797e+02 
 1.07977516e+04  3.36410712e+00  1.07977516e+04 -3.80121052e+02 
 1.16591440e+04  2.79239508e+00  1.16591440e+04 -3.52042688e+02 
 1.25892541e+04  2.30202558e+00  1.25892541e+04 -3.26037627e+02 
 1.35935639e+04  1.88142709e+00  1.35935639e+04 -3.01952928e+02 
 1.46779927e+04  1.52067373e+00  1.46779927e+04 -2.79646898e+02 
 1.58489319e+04  1.21125139e+00  1.58489319e+04 -2.58988276e+02 
 1.71132830e+04  9.45856978e-01  1.71132830e+04 -2.39855466e+02 
 1.84784980e+04  7.18226289e-01  1.84784980e+04 -2.22135832e+02 
 1.99526231e+04  5.22986234e-01  1.99526231e+04 -2.05725042e+02 
 2.15443469e+04  3.55528124e-01  2.15443469e+04 -1.90526454e+02 
 2.32630507e+04  2.11898951e-01  2.32630507e+04 -1.76450554e+02 
 2.51188643e+04  8.87081207e-02  2.51188643e+04 -1.63414434e+02 
 2.71227258e+04 -1.69525461e-02  2.71227258e+04 -1.51341301e+02 
 2.92864456e+04 -1.07577440e-01  2.92864456e+04 -1.40160029e+02 
 3.16227766e+04 -1.85306029e-01  3.16227766e+04 -1.29804745e+02 
 3.41454887e+04 -2.51973352e-01  3.41454887e+04 -1.20214436e+02 
 3.68694506e+04 -3.09153330e-01  3.68694506e+04 -1.11332594e+02 
 3.98107171e+04 -3.58195913e-01  3.98107171e+04 -1.03106883e+02 
 4.29866235e+04 -4.00258950e-01  4.29866235e+04 -9.54888329e+01 
 4.64158883e+04 -4.36335516e-01  4.64158883e+04 -8.84335516e+01 
 5.01187234e+04 -4.67277356e-01  5.01187234e+04 -8.18994628e+01 
 5.41169527e+04 -4.93814990e-01  5.41169527e+04 -7.58480602e+01 
 5.84341413e+04 -5.16574963e-01  5.84341413e+04 -7.02436819e+01 
 6.30957344e+04 -5.36094631e-01  6.30957344e+04 -6.50532994e+01 
 6.81292069e+04 -5.52834848e-01  6.81292069e+04 -6.02463239e+01 
 7.35642254e+04 -5.67190850e-01  7.35642254e+04 -5.57944257e+01 
 7.94328235e+04 -5.79501580e-01  7.94328235e+04 -5.16713673e+01 
 8.57695899e+04 -5.90057695e-01  8.57695899e+04 -4.78528493e+01 
 9.26118728e+04 -5.99108425e-01  9.26118728e+04 -4.43163668e+01 
 1.00000000e+05 -6.06867459e-01  1.00000000e+05 -4.10410769e+01 
 1.07977516e+05 -6.13517988e-01  1.07977516e+05 -3.80076762e+01 
 1.16591440e+05 -6.19217033e-01  1.16591440e+05 -3.51982866e+01 
 1.25892541e+05 -6.24099149e-01  1.25892541e+05 -3.25963503e+01 
 1.35935639e+05 -6.28279606e-01  1.35935639e+05 -3.01865322e+01 
 1.46779927e+05 -6.31857104e-01  1.46779927e+05 -2.79546294e+01 
 1.58489319e+05 -6.34916111e-01  1.58489319e+05 -2.58874875e+01 
 1.71132830e+05 -6.37528853e-01  1.71132830e+05 -2.39729232e+01 
 1.84784980e+05 -6.39757020e-01  1.84784980e+05 -2.21996524e+01 
 1.99526231e+05 -6.41653221e-01  1.99526231e+05 -2.05572240e+01 
 2.15443469e+05 -6.43262233e-01  2.15443469e+05 -1.90359577e+01 
 2.32630507e+05 -6.44622049e-01  2.32630507e+05 -1.76268876e+01 
 2.51188643e+05 -6.45764785e-01  2.51188643e+05 -1.63217089e+01 
 2.71227258e+05 -6.46717430e-01  2.71227258e+05 -1.51127294e+01 
 2.92864456e+05 -6.47502494e-01  2.92864456e+05 -1.39928237e+01 
 3.16227766e+05 -6.48138533e-01  3.16227766e+05 -1.29553915e+01 
 3.41454887e+05 -6.48640591e-01  3.41454887e+05 -1.19943187e+01 
 3.68694506e+05 -6.49020562e-01  3.68694506e+05 -1.11039413e+01 
 3.98107171e+05 -6.49287469e-01  3.98107171e+05 -1.02790122e+01 
 4.29866235e+05 -6.49447684e-01  4.29866235e+05 -9.51467010e+00 
 4.64158883e+05 -6.49505087e-01  4.64158883e+05 -8.80641095e+00 
 5.01187234e+05 -6.49461164e-01  5.01187234e+05 -8.15006154e+00 
 5.41169527e+05 -6.49315055e-01  5.41169527e+05 -7.54175492e+00 
 5.84341413e+05 -6.49063552e-01  5.84341413e+05 -6.97790764e+00 
 6.30957344e+05 -6.48701042e-01  6.30957344e+05 -6.45519880e+00 
 6.81292069e+05 -6.48219409e-01  6.81292069e+05 -5.97055051e+00 
 7.35642254e+05 -6.47607881e-01  7.35642254e+05 -5.52110997e+00 
 7.94328235e+05 -6.46852829e-01  7.94328235e+05 -5.10423282e+00 
 8.57695899e+05 -6.45937523e-01  8.57695899e+05 -4.71746774e+00 
 9.26118728e+05 -6.44841834e-01  9.26118728e+05 -4.35854236e+00 
 1.00000000e+06 -6.43541891e-01  1.00000000e+06 -4.02535014e+00 
 1.07977516e+06 -6.42009699e-01  1.07977516e+06 -3.71593841e+00 
 1.16591440e+06 -6.40212714e-01  1.16591440e+06 -3.42849739e+00 
 1.25892541e+06 -6.38113394e-01  1.25892541e+06 -3.16135014e+00 
 1.35935639e+06 -6.35668728e-01  1.35935639e+06 -2.91294346e+00 
 1.46779927e+06 -6.32829778e-01  1.46779927e+06 -2.68183959e+00 
 1.58489319e+06 -6.29541252e-01  1.58489319e+06 -2.46670893e+00 
 1.71132830e+06 -6.25741149e-01  1.71132830e+06 -2.26632338e+00 
 1.84784980e+06 -6.21360529e-01  1.84784980e+06 -2.07955065e+00 
 1.99526231e+06 -6.16323475e-01  1.99526231e+06 -1.90534928e+00 
 2.15443469e+06 -6.10547328e-01  2.15443469e+06 -1.74276440e+00 
 2.32630507e+06 -6.03943293e-01  2.32630507e+06 -1.59092421e+00 
 2.51188643e+06 -5.96417532e-01  2.51188643e+06 -1.44903704e+00 
 2.71227258e+06 -5.87872861e-01  2.71227258e+06 -1.31638892e+00 
 2.92864456e+06 -5.78211186e-01  2.92864456e+06 -1.19234151e+00 
 3.16227766e+06 -5.67336756e-01  3.16227766e+06 -1.07633014e+00 
 3.41454887e+06 -5.55160336e-01  3.41454887e+06 -9.67861679e-01 
 3.68694506e+06 -5.41604264e-01  3.68694506e+06 -8.66511966e-01 
 3.98107171e+06 -5.26608316e-01  3.98107171e+06 -7.71922361e-01 
 4.29866235e+06 -5.10136127e-01  4.29866235e+06 -6.83795053e-01 
 4.64158883e+06 -4.92181786e-01  4.64158883e+06 -6.01886768e-01 
 5.01187234e+06 -4.72776053e-01  5.01187234e+06 -5.26000645e-01 
 5.41169527e+06 -4.51991492e-01  5.41169527e+06 -4.55976196e-01 
 5.84341413e+06 -4.29945789e-01  5.84341413e+06 -3.91677560e-01 
 6.30957344e+06 -4.06802489e-01  6.30957344e+06 -3.32980535e-01 
 6.81292069e+06 -3.82768622e-01  6.81292069e+06 -2.79759193e-01 
 7.35642254e+06 -3.58088934e-01  7.35642254e+06 -2.31873123e-01 
 7.94328235e+06 -3.33036881e-01  7.94328235e+06 -1.89156441e-01 
 8.57695899e+06 -3.07902995e-01  8.57695899e+06 -1.51409658e-01 
 9.26118728e+06 -2.82981599e-01  9.26118728e+06 -1.18395193e-01 
 1.00000000e+07 -2.58557168e-01  1.00000000e+07 -8.98369397e-02 
 1.07977516e+07 -2.34891631e-01  1.07977516e+07 -6.54237390e-02 
 1.16591440e+07 -2.12213812e-01  1.16591440e+07 -4.48161726e-02 
 1.25892541e+07 -1.90711816e-01  1.25892541e+07 -2.76557007e-02 
 1.35935639e+07 -1.70528784e-01  1.35935639e+07 -1.35749985e-02 
 1.46779927e+07 -1.51761960e-01  1.46779927e+07 -2.20835176e-03 
 1.58489319e+07 -1.34464661e-01  1.58489319e+07  6.79884945e-03 
 1.71132830e+07 -1.18650498e-01  1.71132830e+07  1.37822080e-02 
 1.84784980e+07 -1.04299084e-01  1.84784980e+07  1.90523811e-02 
 1.99526231e+07 -9.13624955e-02  1.99526231e+07  2.28911966e-02 
 2.15443469e+07 -7.97718441e-02  2.15443469e+07  2.55496885e-02 
 2.32630507e+07 -6.94434889e-02  2.32630507e+07  2.72477718e-02 
 2.51188643e+07 -6.02845561e-02  2.51188643e+07  2.81752023e-02 
 2.71227258e+07 -5.21976035e-02  2.71227258e+07  2.84934589e-02 
 2.92864456e+07 -4.50843729e-02  2.92864456e+07  2.83382121e-02 
 3.16227766e+07 -3.88486647e-02  3.16227766e+07  2.78220982e-02 
 3.41454887e+07 -3.33984204e-02  3.41454887e+07  2.70375800e-02 
 3.68694506e+07 -2.86471283e-02  3.68694506e+07  2.60597353e-02 
 3.98107171e+07 -2.45146754e-02  3.98107171e+07  2.49488678e-02 
 4.29866235e+07 -2.09277642e-02  4.29866235e+07  2.37528791e-02 
 4.64158883e+07 -1.78200017e-02  4.64158883e+07  2.25093732e-02 
 5.01187234e+07 -1.51317512e-02  5.01187234e+07  2.12474879e-02 
 5.41169527e+07 -1.28098221e-02  5.41169527e+07  1.99894640e-02 
 5.84341413e+07 -1.08070561e-02  5.84341413e+07  1.87519735e-02 
 6.30957344e+07 -9.08185585e-03  6.30957344e+07  1.75472301e-02 
 6.81292069e+07 -7.59768811e-03  6.81292069e+07  1.63839097e-02 
 7.35642254e+07 -6.32258651e-03  7.35642254e+07  1.52679077e-02 
 7.94328235e+07 -5.22866891e-03  7.94328235e+07  1.42029572e-02 
 8.57695899e+07 -4.29168032e-03  8.57695899e+07  1.31911299e-02 
 9.26118728e+07 -3.49056720e-03  9.26118728e+07  1.22332400e-02 
 1.00000000e+08 -2.80708605e-03  1.00000000e+08  1.13291674e-02 
 1.07977516e+08 -2.22544699e-03  1.07977516e+08  1.04781139e-02 
 1.16591440e+08 -1.73199186e-03  1.16591440e+08  9.67880463e-03 
 1.25892541e+08 -1.31490524e-03  1.25892541e+08  8.92964360e-03 
 1.35935639e+08 -9.63956951e-04  1.35935639e+08  8.22883183e-03 
 1.46779927e+08 -6.70274087e-04  1.46779927e+08  7.57445397e-03 
 1.58489319e+08 -4.26141111e-04  1.58489319e+08  6.96453905e-03 
 1.71132830e+08 -2.24826556e-04  1.71132830e+08  6.39710022e-03 
 1.84784980e+08 -6.04350367e-05  1.84784980e+08  5.87015771e-03 
 1.99526231e+08  7.22168011e-05  1.99526231e+08  5.38174948e-03 
 2.15443469e+08  1.77702055e-04  2.15443469e+08  4.92993342e-03 
 2.32630507e+08  2.60065181e-04  2.32630507e+08  4.51278500e-03 
 2.51188643e+08  3.22886133e-04  2.51188643e+08  4.12839392e-03 
 2.71227258e+08  3.69330216e-04  2.71227258e+08  3.77486208e-03 
 2.92864456e+08  4.02187131e-04  2.92864456e+08  3.45030497e-03 
 3.16227766e+08  4.23902665e-04  3.16227766e+08  3.15285684e-03 
 3.41454887e+08  4.36606083e-04  3.41454887e+08  2.88067952e-03 
 3.68694506e+08  4.42135559e-04  3.68694506e+08  2.63197375e-03 
 3.98107171e+08  4.42063134e-04  3.98107171e+08  2.40499159e-03 
 4.29866235e+08  4.37719820e-04  4.29866235e+08  2.19804846e-03 
 4.64158883e+08  4.30220792e-04  4.64158883e+08  2.00953348e-03 
 5.01187234e+08  4.20490164e-04  5.01187234e+08  1.83791757e-03 
 5.41169527e+08  4.09284729e-04  5.41169527e+08  1.68175889e-03 
 5.84341413e+08  3.97216073e-04  5.84341413e+08  1.53970585e-03 
 6.30957344e+08  3.84770729e-04  6.30957344e+08  1.41049800e-03 
 6.81292069e+08  3.72328240e-04  6.81292069e+08  1.29296552e-03 
 7.35642254e+08  3.60177221e-04  7.35642254e+08  1.18602738e-03 
 7.94328235e+08  3.48529608e-04  7.94328235e+08  1.08868894e-03 
 8.57695899e+08  3.37533335e-04  8.57695899e+08  1.00003875e-03 
 9.26118728e+08  3.27283631e-04  9.26118728e+08  9.19245073e-04 
 1.00000000e+09  3.17833082e-04  1.00000000e+09  8.45551893e-04 
 1.07977516e+09  3.09200543e-04  1.07977516e+09  7.78274560e-04 
 1.16591440e+09  3.01378949e-04  1.16591440e+09  7.16795152e-04 
 1.25892541e+09  2.94342037e-04  1.25892541e+09  6.60557572e-04 
 1.35935639e+09  2.88050035e-04  1.35935639e+09  6.09062529e-04 
 1.46779927e+09  2.82454340e-04  1.46779927e+09  5.61862494e-04 
 1.58489319e+09  2.77501287e-04  1.58489319e+09  5.18556758e-04 
 1.71132830e+09  2.73135075e-04  1.71132830e+09  4.78786677e-04 
 1.84784980e+09  2.69299972e-04  1.84784980e+09  4.42231204e-04 
 1.99526231e+09  2.65941909e-04  1.99526231e+09  4.08602740e-04 
 2.15443469e+09  2.63009564e-04  2.15443469e+09  3.77643355e-04 
 2.32630507e+09  2.60455045e-04  2.32630507e+09  3.49121375e-04 
 2.51188643e+09  2.58234272e-04  2.51188643e+09  3.22828344e-04 
 2.71227258e+09  2.56307114e-04  2.71227258e+09  2.98576327e-04 
 2.92864456e+09  2.54637369e-04  2.92864456e+09  2.76195547e-04 
 3.16227766e+09  2.53192621e-04  3.16227766e+09  2.55532305e-04 
 3.41454887e+09  2.51944031e-04  3.41454887e+09  2.36447174e-04 
 3.68694506e+09  2.50866074e-04  3.68694506e+09  2.18813420e-04 
 3.98107171e+09  2.49936261e-04  3.98107171e+09  2.02515625e-04 
 4.29866235e+09  2.49134853e-04  4.29866235e+09  1.87448487e-04 
 4.64158883e+09  2.48444580e-04  4.64158883e+09  1.73515778e-04 
 5.01187234e+09  2.47850376e-04  5.01187234e+09  1.60629422e-04 
 5.41169527e+09  2.47339128e-04  5.41169527e+09  1.48708693e-04 
 5.84341413e+09  2.46899445e-04  5.84341413e+09  1.37679513e-04 
 6.30957344e+09  2.46521452e-04  6.30957344e+09  1.27473822e-04 
 6.81292069e+09  2.46196598e-04  6.81292069e+09  1.18029026e-04 
 7.35642254e+09  2.45917492e-04  7.35642254e+09  1.09287512e-04 
 7.94328235e+09  2.45677749e-04  7.94328235e+09  1.01196203e-04 
 8.57695899e+09  2.45471860e-04  8.57695899e+09  9.37061706e-05 
 9.26118728e+09  2.45295076e-04  9.26118728e+09  8.67722812e-05 
 1.00000000e+10  2.45143306e-04  1.00000000e+10  8.03528807e-05 
