 1.00000000e+00  1.53129618e+02  1.00000000e+00 -1.46888937e-02 
 1.07977516e+00  1.53129617e+02  1.07977516e+00 -1.58607026e-02 
 1.16591440e+00  1.53129617e+02  1.16591440e+00 -1.71259927e-02 
 1.25892541e+00  1.53129617e+02  1.25892541e+00 -1.84922215e-02 
 1.35935639e+00  1.53129616e+02  1.35935639e+00 -1.99674414e-02 
 1.46779927e+00  1.53129616e+02  1.46779927e+00 -2.15603472e-02 
 1.58489319e+00  1.53129615e+02  1.58489319e+00 -2.32803274e-02 
 1.71132830e+00  1.53129615e+02  1.71132830e+00 -2.51375192e-02 
 1.84784980e+00  1.53129614e+02  1.84784980e+00 -2.71428687e-02 
 1.99526231e+00  1.53129613e+02  1.99526231e+00 -2.93081953e-02 
 2.15443469e+00  1.53129612e+02  2.15443469e+00 -3.16462612e-02 
 2.32630507e+00  1.53129611e+02  2.32630507e+00 -3.41708466e-02 
 2.51188643e+00  1.53129610e+02  2.51188643e+00 -3.68968311e-02 
 2.71227258e+00  1.53129609e+02  2.71227258e+00 -3.98402814e-02 
 2.92864456e+00  1.53129607e+02  2.92864456e+00 -4.30185458e-02 
 3.16227766e+00  1.53129605e+02  3.16227766e+00 -4.64503567e-02 
 3.41454887e+00  1.53129603e+02  3.41454887e+00 -5.01559407e-02 
 3.68694506e+00  1.53129600e+02  3.68694506e+00 -5.41571380e-02 
 3.98107171e+00  1.53129597e+02  3.98107171e+00 -5.84775313e-02 
 4.29866235e+00  1.53129593e+02  4.29866235e+00 -6.31425843e-02 
 4.64158883e+00  1.53129589e+02  4.64158883e+00 -6.81797923e-02 
 5.01187234e+00  1.53129584e+02  5.01187234e+00 -7.36188439e-02 
 5.41169527e+00  1.53129578e+02  5.41169527e+00 -7.94917961e-02 
 5.84341413e+00  1.53129571e+02  5.84341413e+00 -8.58332632e-02 
 6.30957344e+00  1.53129563e+02  6.30957344e+00 -9.26806209e-02 
 6.81292069e+00  1.53129554e+02  6.81292069e+00 -1.00074226e-01 
 7.35642254e+00  1.53129543e+02  7.35642254e+00 -1.08057656e-01 
 7.94328235e+00  1.53129530e+02  7.94328235e+00 -1.16677964e-01 
 8.57695899e+00  1.53129515e+02  8.57695899e+00 -1.25985955e-01 
 9.26118728e+00  1.53129498e+02  9.26118728e+00 -1.36036490e-01 
 1.00000000e+01  1.53129478e+02  1.00000000e+01 -1.46888804e-01 
 1.07977516e+01  1.53129455e+02  1.07977516e+01 -1.58606858e-01 
 1.16591440e+01  1.53129428e+02  1.16591440e+01 -1.71259716e-01 
 1.25892541e+01  1.53129396e+02  1.25892541e+01 -1.84921949e-01 
 1.35935639e+01  1.53129359e+02  1.35935639e+01 -1.99674079e-01 
 1.46779927e+01  1.53129316e+02  1.46779927e+01 -2.15603051e-01 
 1.58489319e+01  1.53129266e+02  1.58489319e+01 -2.32802743e-01 
 1.71132830e+01  1.53129207e+02  1.71132830e+01 -2.51374524e-01 
 1.84784980e+01  1.53129139e+02  1.84784980e+01 -2.71427846e-01 
 1.99526231e+01  1.53129059e+02  1.99526231e+01 -2.93080895e-01 
 2.15443469e+01  1.53128966e+02  2.15443469e+01 -3.16461279e-01 
 2.32630507e+01  1.53128858e+02  2.32630507e+01 -3.41706788e-01 
 2.51188643e+01  1.53128732e+02  2.51188643e+01 -3.68966198e-01 
 2.71227258e+01  1.53128584e+02  2.71227258e+01 -3.98400154e-01 
 2.92864456e+01  1.53128413e+02  2.92864456e+01 -4.30182110e-01 
 3.16227766e+01  1.53128213e+02  3.16227766e+01 -4.64499352e-01 
 3.41454887e+01  1.53127979e+02  3.41454887e+01 -5.01554100e-01 
 3.68694506e+01  1.53127707e+02  3.68694506e+01 -5.41564700e-01 
 3.98107171e+01  1.53127390e+02  3.98107171e+01 -5.84766903e-01 
 4.29866235e+01  1.53127020e+02  4.29866235e+01 -6.31415256e-01 
 4.64158883e+01  1.53126589e+02  4.64158883e+01 -6.81784594e-01 
 5.01187234e+01  1.53126086e+02  5.01187234e+01 -7.36171659e-01 
 5.41169527e+01  1.53125500e+02  5.41169527e+01 -7.94896836e-01 
 5.84341413e+01  1.53124817e+02  5.84341413e+01 -8.58306038e-01 
 6.30957344e+01  1.53124020e+02  6.30957344e+01 -9.26772729e-01 
 6.81292069e+01  1.53123092e+02  6.81292069e+01 -1.00070012e+00 
 7.35642254e+01  1.53122009e+02  7.35642254e+01 -1.08052350e+00 
 7.94328235e+01  1.53120746e+02  7.94328235e+01 -1.16671284e+00 
 8.57695899e+01  1.53119274e+02  8.57695899e+01 -1.25977546e+00 
 9.26118728e+01  1.53117558e+02  9.26118728e+01 -1.36025903e+00 
 1.00000000e+02  1.53115557e+02  1.00000000e+02 -1.46875476e+00 
 1.07977516e+02  1.53113224e+02  1.07977516e+02 -1.58590079e+00 
 1.16591440e+02  1.53110504e+02  1.16591440e+02 -1.71238593e+00 
 1.25892541e+02  1.53107334e+02  1.25892541e+02 -1.84895357e+00 
 1.35935639e+02  1.53103637e+02  1.35935639e+02 -1.99640603e+00 
 1.46779927e+02  1.53099327e+02  1.46779927e+02 -2.15560908e+00 
 1.58489319e+02  1.53094302e+02  1.58489319e+02 -2.32749690e+00 
 1.71132830e+02  1.53088444e+02  1.71132830e+02 -2.51307737e+00 
 1.84784980e+02  1.53081615e+02  1.84784980e+02 -2.71343770e+00 
 1.99526231e+02  1.53073653e+02  1.99526231e+02 -2.92975055e+00 
 2.15443469e+02  1.53064371e+02  2.15443469e+02 -3.16328043e+00 
 2.32630507e+02  1.53053551e+02  2.32630507e+02 -3.41539065e+00 
 2.51188643e+02  1.53040938e+02  2.51188643e+02 -3.68755066e+00 
 2.71227258e+02  1.53026234e+02  2.71227258e+02 -3.98134380e+00 
 2.92864456e+02  1.53009095e+02  2.92864456e+02 -4.29847558e+00 
 3.16227766e+02  1.52989116e+02  3.16227766e+02 -4.64078231e+00 
 3.41454887e+02  1.52965830e+02  3.41454887e+02 -5.01024021e+00 
 3.68694506e+02  1.52938689e+02  3.68694506e+02 -5.40897489e+00 
 3.98107171e+02  1.52907057e+02  3.98107171e+02 -5.83927110e+00 
 4.29866235e+02  1.52870193e+02  4.29866235e+02 -6.30358276e+00 
 4.64158883e+02  1.52827235e+02  4.64158883e+02 -6.80454312e+00 
 5.01187234e+02  1.52777181e+02  5.01187234e+02 -7.34497486e+00 
 5.41169527e+02  1.52718863e+02  5.41169527e+02 -7.92789988e+00 
 5.84341413e+02  1.52650925e+02  5.84341413e+02 -8.55654863e+00 
 6.30957344e+02  1.52571791e+02  6.30957344e+02 -9.23436841e+00 
 6.81292069e+02  1.52479632e+02  6.81292069e+02 -9.96503039e+00 
 7.35642254e+02  1.52372322e+02  7.35642254e+02 -1.07524345e+01 
 7.94328235e+02  1.52247398e+02  7.94328235e+02 -1.16007113e+01 
 8.57695899e+02  1.52102005e+02  8.57695899e+02 -1.25142210e+01 
 9.26118728e+02  1.51932839e+02  9.26118728e+02 -1.34975456e+01 
 1.00000000e+03  1.51736080e+02  1.00000000e+03 -1.45554768e+01 
 1.07977516e+03  1.51507316e+02  1.07977516e+03 -1.56929934e+01 
 1.16591440e+03  1.51241466e+02  1.16591440e+03 -1.69152291e+01 
 1.25892541e+03  1.50932680e+02  1.25892541e+03 -1.82274265e+01 
 1.35935639e+03  1.50574247e+02  1.35935639e+03 -1.96348744e+01 
 1.46779927e+03  1.50158484e+02  1.46779927e+03 -2.11428240e+01 
 1.58489319e+03  1.49676624e+02  1.58489319e+03 -2.27563801e+01 
 1.71132830e+03  1.49118700e+02  1.71132830e+03 -2.44803625e+01 
 1.84784980e+03  1.48473426e+02  1.84784980e+03 -2.63191304e+01 
 1.99526231e+03  1.47728095e+02  1.99526231e+03 -2.82763657e+01 
 2.15443469e+03  1.46868477e+02  2.15443469e+03 -3.03548083e+01 
 2.32630507e+03  1.45878757e+02  2.32630507e+03 -3.25559380e+01 
 2.51188643e+03  1.44741507e+02  2.51188643e+03 -3.48795990e+01 
 2.71227258e+03  1.43437712e+02  2.71227258e+03 -3.73235655e+01 
 2.92864456e+03  1.41946890e+02  2.92864456e+03 -3.98830509e+01 
 3.16227766e+03  1.40247300e+02  3.16227766e+03 -4.25501675e+01 
 3.41454887e+03  1.38316301e+02  3.41454887e+03 -4.53133553e+01 
 3.68694506e+03  1.36130864e+02  3.68694506e+03 -4.81568044e+01 
 3.98107171e+03  1.33668273e+02  3.98107171e+03 -5.10599130e+01 
 4.29866235e+03  1.30907041e+02  4.29866235e+03 -5.39968334e+01 
 4.64158883e+03  1.27828030e+02  4.64158883e+03 -5.69361754e+01 
 5.01187234e+03  1.24415776e+02  5.01187234e+03 -5.98409483e+01 
 5.41169527e+03  1.20659957e+02  5.41169527e+03 -6.26688265e+01 
 5.84341413e+03  1.16556938e+02  5.84341413e+03 -6.53728217e+01 
 6.30957344e+03  1.12111267e+02  6.30957344e+03 -6.79024229e+01 
 6.81292069e+03  1.07336968e+02  6.81292069e+03 -7.02052319e+01 
 7.35642254e+03  1.02258457e+02  7.35642254e+03 -7.22290616e+01 
 7.94328235e+03  9.69109077e+01  7.94328235e+03 -7.39244019e+01 
 8.57695899e+03  9.13399147e+01  8.57695899e+03 -7.52470812e+01 
 9.26118728e+03  8.56003767e+01  9.26118728e+03 -7.61608911e+01 
 1.00000000e+04  7.97545977e+01  1.00000000e+04 -7.66399067e+01 
 1.07977516e+04  7.38697211e+01  1.07977516e+04 -7.66702377e+01 
 1.16591440e+04  6.80147047e+01  1.16591440e+04 -7.62509969e+01 
 1.25892541e+04  6.22571189e+01  1.25892541e+04 -7.53943631e+01 
 1.35935639e+04  5.66600805e+01  1.35935639e+04 -7.41247294e+01 
 1.46779927e+04  5.12796105e+01  1.46779927e+04 -7.24770461e+01 
 1.58489319e+04  4.61626380e+01  1.58489319e+04 -7.04945627e+01 
 1.71132830e+04  4.13457739e+01  1.71132830e+04 -6.82262278e+01 
 1.84784980e+04  3.68548740e+01  1.84784980e+04 -6.57240181e+01 
 1.99526231e+04  3.27053163e+01  1.99526231e+04 -6.30404350e+01 
 2.15443469e+04  2.89028540e+01  2.15443469e+04 -6.02263487e+01 
 2.32630507e+04  2.54448687e+01  2.32630507e+04 -5.73292983e+01 
 2.51188643e+04  2.23218482e+01  2.51188643e+04 -5.43922850e+01 
 2.71227258e+04  1.95189305e+01  2.71227258e+04 -5.14530404e+01 
 2.92864456e+04  1.70173916e+01  2.92864456e+04 -4.85437102e+01 
 3.16227766e+04  1.47959896e+01  3.16227766e+04 -4.56908742e+01 
 3.41454887e+04  1.28321171e+01  3.41454887e+04 -4.29158159e+01 
 3.68694506e+04  1.11027414e+01  3.68694506e+04 -4.02349587e+01 
 3.98107171e+04  9.58513465e+00  3.98107171e+04 -3.76604007e+01 
 4.29866235e+04  8.25741285e+00  4.29866235e+04 -3.52004890e+01 
 4.64158883e+04  7.09890742e+00  4.64158883e+04 -3.28603949e+01 
 5.01187234e+04  6.09039914e+00  5.01187234e+04 -3.06426580e+01 
 5.41169527e+04  5.21424230e+00  5.41169527e+04 -2.85476856e+01 
 5.84341413e+04  4.45440524e+00  5.84341413e+04 -2.65741941e+01 
 6.30957344e+04  3.79644957e+00  6.30957344e+04 -2.47195929e+01 
 6.81292069e+04  3.22746684e+00  6.81292069e+04 -2.29803095e+01 
 7.35642254e+04  2.73598742e+00  7.35642254e+04 -2.13520616e+01 
 7.94328235e+04  2.31187312e+00  7.94328235e+04 -1.98300797e+01 
 8.57695899e+04  1.94620212e+00  8.57695899e+04 -1.84092878e+01 
 9.26118728e+04  1.63115245e+00  9.26118728e+04 -1.70844464e+01 
 1.00000000e+05  1.35988822e+00  1.00000000e+05 -1.58502658e+01 
 1.07977516e+05  1.12645151e+00  1.07977516e+05 -1.47014921e+01 
 1.16591440e+05  9.25661679e-01  1.16591440e+05 -1.36329730e+01 
 1.25892541e+05  7.53022801e-01  1.25892541e+05 -1.26397055e+01 
 1.35935639e+05  6.04639806e-01  1.35935639e+05 -1.17168705e+01 
 1.46779927e+05  4.77143031e-01  1.46779927e+05 -1.08598552e+01 
 1.58489319e+05  3.67620959e-01  1.58489319e+05 -1.00642680e+01 
 1.71132830e+05  2.73560591e-01  1.71132830e+05 -9.32594584e+00 
 1.84784980e+05  1.92794871e-01  1.84784980e+05 -8.64095615e+00 
 1.99526231e+05  1.23456518e-01  1.99526231e+05 -8.00559564e+00 
 2.15443469e+05  6.39376394e-02  2.15443469e+05 -7.41638547e+00 
 2.32630507e+05  1.28544979e-02  2.32630507e+05 -6.87006457e+00 
 2.51188643e+05 -3.09831395e-02  2.51188643e+05 -6.36358142e+00 
 2.71227258e+05 -6.85986144e-02  2.71227258e+05 -5.89408488e+00 
 2.92864456e+05 -1.00871440e-01  2.92864456e+05 -5.45891439e+00 
 3.16227766e+05 -1.28557254e-01  3.16227766e+05 -5.05558990e+00 
 3.41454887e+05 -1.52305067e-01  3.41454887e+05 -4.68180166e+00 
 3.68694506e+05 -1.72672142e-01  3.68694506e+05 -4.33540024e+00 
 3.98107171e+05 -1.90136826e-01  3.98107171e+05 -4.01438661e+00 
 4.29866235e+05 -2.05109610e-01  4.29866235e+05 -3.71690267e+00 
 4.64158883e+05 -2.17942642e-01  4.64158883e+05 -3.44122205e+00 
 5.01187234e+05 -2.28937912e-01  5.01187234e+05 -3.18574140e+00 
 5.41169527e+05 -2.38354289e-01  5.41169527e+05 -2.94897205e+00 
 5.84341413e+05 -2.46413561e-01  5.84341413e+05 -2.72953215e+00 
 6.30957344e+05 -2.53305623e-01  6.30957344e+05 -2.52613927e+00 
 6.81292069e+05 -2.59192924e-01  6.81292069e+05 -2.33760337e+00 
 7.35642254e+05 -2.64214273e-01  7.35642254e+05 -2.16282032e+00 
 7.94328235e+05 -2.68488102e-01  7.94328235e+05 -2.00076572e+00 
 8.57695899e+05 -2.72115248e-01  8.57695899e+05 -1.85048916e+00 
 9.26118728e+05 -2.75181331e-01  9.26118728e+05 -1.71110892e+00 
 1.00000000e+06 -2.77758767e-01  1.00000000e+06 -1.58180692e+00 
 1.07977516e+06 -2.79908485e-01  1.07977516e+06 -1.46182414e+00 
 1.16591440e+06 -2.81681371e-01  1.16591440e+06 -1.35045627e+00 
 1.25892541e+06 -2.83119483e-01  1.25892541e+06 -1.24704971e+00 
 1.35935639e+06 -2.84257060e-01  1.35935639e+06 -1.15099788e+00 
 1.46779927e+06 -2.85121357e-01  1.46779927e+06 -1.06173778e+00 
 1.58489319e+06 -2.85733324e-01  1.58489319e+06 -9.78746822e-01 
 1.71132830e+06 -2.86108154e-01  1.71132830e+06 -9.01539946e-01 
 1.84784980e+06 -2.86255701e-01  1.84784980e+06 -8.29666943e-01 
 1.99526231e+06 -2.86180810e-01  1.99526231e+06 -7.62710039e-01 
 2.15443469e+06 -2.85883544e-01  2.15443469e+06 -7.00281703e-01 
 2.32630507e+06 -2.85359351e-01  2.32630507e+06 -6.42022687e-01 
 2.51188643e+06 -2.84599163e-01  2.51188643e+06 -5.87600295e-01 
 2.71227258e+06 -2.83589461e-01  2.71227258e+06 -5.36706874e-01 
 2.92864456e+06 -2.82312323e-01  2.92864456e+06 -4.89058541e-01 
 3.16227766e+06 -2.80745473e-01  3.16227766e+06 -4.44394133e-01 
 3.41454887e+06 -2.78862374e-01  3.41454887e+06 -4.02474389e-01 
 3.68694506e+06 -2.76632393e-01  3.68694506e+06 -3.63081363e-01 
 3.98107171e+06 -2.74021080e-01  3.98107171e+06 -3.26018052e-01 
 4.29866235e+06 -2.70990624e-01  4.29866235e+06 -2.91108219e-01 
 4.64158883e+06 -2.67500529e-01  4.64158883e+06 -2.58196391e-01 
 5.01187234e+06 -2.63508574e-01  5.01187234e+06 -2.27147966e-01 
 5.41169527e+06 -2.58972120e-01  5.41169527e+06 -1.97849374e-01 
 5.84341413e+06 -2.53849799e-01  5.84341413e+06 -1.70208164e-01 
 6.30957344e+06 -2.48103616e-01  6.30957344e+06 -1.44152922e-01 
 6.81292069e+06 -2.41701450e-01  6.81292069e+06 -1.19632829e-01 
 7.35642254e+06 -2.34619893e-01  7.35642254e+06 -9.66167200e-02 
 7.94328235e+06 -2.26847295e-01  7.94328235e+06 -7.50914449e-02 
 8.57695899e+06 -2.18386813e-01  8.57695899e+06 -5.50594029e-02 
 9.26118728e+06 -2.09259191e-01  9.26118728e+06 -3.65351532e-02 
 1.00000000e+07 -1.99504932e-01  1.00000000e+07 -1.95411119e-02 
 1.07977516e+07 -1.89185519e-01  1.07977516e+07 -4.10246947e-03 
 1.16591440e+07 -1.78383354e-01  1.16591440e+07  9.75839627e-03 
 1.25892541e+07 -1.67200204e-01  1.25892541e+07  2.20276001e-02 
 1.35935639e+07 -1.55754077e-01  1.35935639e+07  3.27050156e-02 
 1.46779927e+07 -1.44174660e-01  1.46779927e+07  4.18085951e-02 
 1.58489319e+07 -1.32597675e-01  1.58489319e+07  4.93772735e-02 
 1.71132830e+07 -1.21158631e-01  1.71132830e+07  5.54721326e-02 
 1.84784980e+07 -1.09986607e-01  1.84784980e+07  6.01757185e-02 
 1.99526231e+07 -9.91986406e-02  1.99526231e+07  6.35896353e-02 
 2.15443469e+07 -8.88952436e-02  2.15443469e+07  6.58307540e-02 
 2.32630507e+07 -7.91573555e-02  2.32630507e+07  6.70265133e-02 
 2.51188643e+07 -7.00448663e-02  2.51188643e+07  6.73098519e-02 
 2.71227258e+07 -6.15966261e-02  2.71227258e+07  6.68142767e-02 
 2.92864456e+07 -5.38317129e-02  2.92864456e+07  6.56694773e-02 
 3.16227766e+07 -4.67516343e-02  3.16227766e+07  6.39977566e-02 
 3.41454887e+07 -4.03431093e-02  3.41454887e+07  6.19114092e-02 
 3.68694506e+07 -3.45811018e-02  3.68694506e+07  5.95110530e-02 
 3.98107171e+07 -2.94318306e-02  3.98107171e+07  5.68848251e-02 
 4.29866235e+07 -2.48555577e-02  4.29866235e+07  5.41082998e-02 
 4.64158883e+07 -2.08090282e-02  4.64158883e+07  5.12449595e-02 
 5.01187234e+07 -1.72475011e-02  5.01187234e+07  4.83470534e-02 
 5.41169527e+07 -1.41263596e-02  5.41169527e+07  4.54566952e-02 
 5.84341413e+07 -1.14023244e-02  5.84341413e+07  4.26070776e-02 
 6.30957344e+07 -9.03431552e-03  6.30957344e+07  3.98237123e-02 
 6.81292069e+07 -6.98401525e-03  6.81292069e+07  3.71256271e-02 
 7.35642254e+07 -5.21619002e-03  7.35642254e+07  3.45264798e-02 
 7.94328235e+07 -3.69882217e-03  7.94328235e+07  3.20355641e-02 
 8.57695899e+07 -2.40309855e-03  8.57695899e+07  2.96586957e-02 
 9.26118728e+07 -1.30329456e-03  9.26118728e+07  2.73989785e-02 
 1.00000000e+08 -3.76584906e-04  1.00000000e+08  2.52574559e-02 
 1.07977516e+08  3.97194257e-04  1.07977516e+08  2.32336524e-02 
 1.16591440e+08  1.03581272e-03  1.16591440e+08  2.13260178e-02 
 1.25892541e+08  1.55492829e-03  1.25892541e+08  1.95322802e-02 
 1.35935639e+08  1.96837175e-03  1.35935639e+08  1.78497178e-02 
 1.46779927e+08  2.28842487e-03  1.46779927e+08  1.62753573e-02 
 1.58489319e+08  2.52608264e-03  1.58489319e+08  1.48061065e-02 
 1.71132830e+08  2.69129173e-03  1.71132830e+08  1.34388281e-02 
 1.84784980e+08  2.79315769e-03  1.84784980e+08  1.21703645e-02 
 1.99526231e+08  2.84011437e-03  1.99526231e+08  1.09975234e-02 
 2.15443469e+08  2.84005107e-03  2.15443469e+08  9.91703439e-03 
 2.32630507e+08  2.80039511e-03  2.32630507e+08  8.92549043e-03 
 2.51188643e+08  2.72815106e-03  2.51188643e+08  8.01928706e-03 
 2.71227258e+08  2.62990156e-03  2.71227258e+08  7.19457104e-03 
 2.92864456e+08  2.51177801e-03  2.92864456e+08  6.44720933e-03 
 3.16227766e+08  2.37941226e-03  3.16227766e+08  5.77278486e-03 
 3.41454887e+08  2.23788130e-03  3.41454887e+08  5.16662185e-03 
 3.68694506e+08  2.09165700e-03  3.68694506e+08  4.62383894e-03 
 3.98107171e+08  1.94457045e-03  3.98107171e+08  4.13942441e-03 
 4.29866235e+08  1.79979753e-03  4.29866235e+08  3.70832558e-03 
 4.64158883e+08  1.65986852e-03  4.64158883e+08  3.32554293e-03 
 5.01187234e+08  1.52670095e-03  5.01187234e+08  2.98622025e-03 
 5.41169527e+08  1.40165205e-03  5.41169527e+08  2.68572360e-03 
 5.84341413e+08  1.28558541e-03  5.84341413e+08  2.41970422e-03 
 6.30957344e+08  1.17894577e-03  6.30957344e+08  2.18414307e-03 
 6.81292069e+08  1.08183612e-03  6.81292069e+08  1.97537696e-03 
 7.35642254e+08  9.94092160e-04  7.35642254e+08  1.79010779e-03 
 7.94328235e+08  9.15350612e-04  7.94328235e+08  1.62539782e-03 
 8.57695899e+08  8.45109098e-04  8.57695899e+08  1.47865408e-03 
 9.26118728e+08  7.82776488e-04  9.26118728e+08  1.34760520e-03 
 1.00000000e+09  7.27713663e-04  1.00000000e+09  1.23027369e-03 
 1.07977516e+09  6.79265246e-04  1.07977516e+09  1.12494595e-03 
 1.16591440e+09  6.36783316e-04  1.16591440e+09  1.03014210e-03 
 1.25892541e+09  5.99644274e-04  1.25892541e+09  9.44586785e-04 
 1.35935639e+09  5.67260113e-04  1.35935639e+09  8.67182055e-04 
 1.46779927e+09  5.39085253e-04  1.46779927e+09  7.96982619e-04 
 1.58489319e+09  5.14619975e-04  1.58489319e+09  7.33173847e-04 
 1.71132830e+09  4.93411352e-04  1.71132830e+09  6.75052459e-04 
 1.84784980e+09  4.75052395e-04  1.84784980e+09  6.22009812e-04 
 1.99526231e+09  4.59180000e-04  1.99526231e+09  5.73517565e-04 
 2.15443469e+09  4.45472140e-04  2.15443469e+09  5.29115494e-04 
 2.32630507e+09  4.33644629e-04  2.32630507e+09  4.88401187e-04 
 2.51188643e+09  4.23447731e-04  2.51188643e+09  4.51021373e-04 
 2.71227258e+09  4.14662746e-04  2.71227258e+09  4.16664652e-04 
 2.92864456e+09  4.07098727e-04  2.92864456e+09  3.85055405e-04 
 3.16227766e+09  4.00589373e-04  3.16227766e+09  3.55948693e-04 
 3.41454887e+09  3.94990160e-04  3.41454887e+09  3.29125995e-04 
 3.68694506e+09  3.90175718e-04  3.68694506e+09  3.04391632e-04 
 3.98107171e+09  3.86037461e-04  3.98107171e+09  2.81569766e-04 
 4.29866235e+09  3.82481466e-04  4.29866235e+09  2.60501867e-04 
 4.64158883e+09  3.79426587e-04  4.64158883e+09  2.41044584e-04 
 5.01187234e+09  3.76802786e-04  5.01187234e+09  2.23067933e-04 
 5.41169527e+09  3.74549664e-04  5.41169527e+09  2.06453751e-04 
 5.84341413e+09  3.72615174e-04  5.84341413e+09  1.91094382e-04 
 6.30957344e+09  3.70954492e-04  6.30957344e+09  1.76891543e-04 
 6.81292069e+09  3.69529041e-04  6.81292069e+09  1.63755345e-04 
 7.35642254e+09  3.68305631e-04  7.35642254e+09  1.51603442e-04 
 7.94328235e+09  3.67255721e-04  7.94328235e+09  1.40360297e-04 
 8.57695899e+09  3.66354779e-04  8.57695899e+09  1.29956525e-04 
 9.26118728e+09  3.65581720e-04  9.26118728e+09  1.20328327e-04 
 1.00000000e+10  3.64918432e-04  1.00000000e+10  1.11416983e-04 
