 1.00000000e+00  3.57302591e+04  1.00000000e+00 -1.16736059e+02 
 1.07977516e+00  3.57301958e+04  1.07977516e+00 -1.26048474e+02 
 1.16591440e+00  3.57301220e+04  1.16591440e+00 -1.36103731e+02 
 1.25892541e+00  3.57300360e+04  1.25892541e+00 -1.46961074e+02 
 1.35935639e+00  3.57299357e+04  1.35935639e+00 -1.58684472e+02 
 1.46779927e+00  3.57298188e+04  1.46779927e+00 -1.71342991e+02 
 1.58489319e+00  3.57296824e+04  1.58489319e+00 -1.85011200e+02 
 1.71132830e+00  3.57295235e+04  1.71132830e+00 -1.99769610e+02 
 1.84784980e+00  3.57293382e+04  1.84784980e+00 -2.15705144e+02 
 1.99526231e+00  3.57291221e+04  1.99526231e+00 -2.32911649e+02 
 2.15443469e+00  3.57288702e+04  2.15443469e+00 -2.51490440e+02 
 2.32630507e+00  3.57285766e+04  2.32630507e+00 -2.71550899e+02 
 2.51188643e+00  3.57282341e+04  2.51188643e+00 -2.93211106e+02 
 2.71227258e+00  3.57278349e+04  2.71227258e+00 -3.16598532e+02 
 2.92864456e+00  3.57273695e+04  2.92864456e+00 -3.41850778e+02 
 3.16227766e+00  3.57268269e+04  3.16227766e+00 -3.69116373e+02 
 3.41454887e+00  3.57261942e+04  3.41454887e+00 -3.98555634e+02 
 3.68694506e+00  3.57254566e+04  3.68694506e+00 -4.30341589e+02 
 3.98107171e+00  3.57245967e+04  3.98107171e+00 -4.64660975e+02 
 4.29866235e+00  3.57235942e+04  4.29866235e+00 -5.01715299e+02 
 4.64158883e+00  3.57224254e+04  4.64158883e+00 -5.41721994e+02 
 5.01187234e+00  3.57210627e+04  5.01187234e+00 -5.84915641e+02 
 5.41169527e+00  3.57194741e+04  5.41169527e+00 -6.31549294e+02 
 5.84341413e+00  3.57176222e+04  5.84341413e+00 -6.81895885e+02 
 6.30957344e+00  3.57154631e+04  6.30957344e+00 -7.36249733e+02 
 6.81292069e+00  3.57129463e+04  6.81292069e+00 -7.94928152e+02 
 7.35642254e+00  3.57100122e+04  7.35642254e+00 -8.58273157e+02 
 7.94328235e+00  3.57065920e+04  7.94328235e+00 -9.26653276e+02 
 8.57695899e+00  3.57026052e+04  8.57695899e+00 -1.00046547e+03 
 9.26118728e+00  3.56979580e+04  9.26118728e+00 -1.08013715e+03 
 1.00000000e+01  3.56925413e+04  1.00000000e+01 -1.16612830e+03 
 1.07977516e+01  3.56862279e+04  1.07977516e+01 -1.25893365e+03 
 1.16591440e+01  3.56788699e+04  1.16591440e+01 -1.35908500e+03 
 1.25892541e+01  3.56702950e+04  1.25892541e+01 -1.46715353e+03 
 1.35935639e+01  3.56603025e+04  1.35935639e+01 -1.58375216e+03 
 1.46779927e+01  3.56486592e+04  1.46779927e+01 -1.70953789e+03 
 1.58489319e+01  3.56350937e+04  1.58489319e+01 -1.84521411e+03 
 1.71132830e+01  3.56192905e+04  1.71132830e+01 -1.99153279e+03 
 1.84784980e+01  3.56008830e+04  1.84784980e+01 -2.14929634e+03 
 1.99526231e+01  3.55794455e+04  1.99526231e+01 -2.31935933e+03 
 2.15443469e+01  3.55544837e+04  2.15443469e+01 -2.50262958e+03 
 2.32630507e+01  3.55254247e+04  2.32630507e+01 -2.70006865e+03 
 2.51188643e+01  3.54916042e+04  2.51188643e+01 -2.91269152e+03 
 2.71227258e+01  3.54522536e+04  2.71227258e+01 -3.14156495e+03 
 2.92864456e+01  3.54064843e+04  2.92864456e+01 -3.38780444e+03 
 3.16227766e+01  3.53532701e+04  3.16227766e+01 -3.65256919e+03 
 3.41454887e+01  3.52914286e+04  3.41454887e+01 -3.93705455e+03 
 3.68694506e+01  3.52195993e+04  3.68694506e+01 -4.24248129e+03 
 3.98107171e+01  3.51362208e+04  3.98107171e+01 -4.57008108e+03 
 4.29866235e+01  3.50395057e+04  4.29866235e+01 -4.92107700e+03 
 4.64158883e+01  3.49274142e+04  4.64158883e+01 -5.29665830e+03 
 5.01187234e+01  3.47976273e+04  5.01187234e+01 -5.69794806e+03 
 5.41169527e+01  3.46475196e+04  5.41169527e+01 -6.12596250e+03 
 5.84341413e+01  3.44741337e+04  5.84341413e+01 -6.58156051e+03 
 6.30957344e+01  3.42741591e+04  6.30957344e+01 -7.06538214e+03 
 6.81292069e+01  3.40439155e+04  6.81292069e+01 -7.57777457e+03 
 7.35642254e+01  3.37793466e+04  7.35642254e+01 -8.11870483e+03 
 7.94328235e+01  3.34760274e+04  7.94328235e+01 -8.68765872e+03 
 8.57695899e+01  3.31291899e+04  8.57695899e+01 -9.28352652e+03 
 9.26118728e+01  3.27337733e+04  9.26118728e+01 -9.90447738e+03 
 1.00000000e+02  3.22845059e+04  1.00000000e+02 -1.05478262e+04 
 1.07977516e+02  3.17760246e+04  1.07977516e+02 -1.12098993e+04 
 1.16591440e+02  3.12030380e+04  1.16591440e+02 -1.18859077e+04 
 1.25892541e+02  3.05605390e+04  1.25892541e+02 -1.25698416e+04 
 1.35935639e+02  2.98440653e+04  1.35935639e+02 -1.32544008e+04 
 1.46779927e+02  2.90500074e+04  1.46779927e+02 -1.39309806e+04 
 1.58489319e+02  2.81759512e+04  1.58489319e+02 -1.45897330e+04 
 1.71132830e+02  2.72210368e+04  1.71132830e+02 -1.52197226e+04 
 1.84784980e+02  2.61863075e+04  1.84784980e+02 -1.58091911e+04 
 1.99526231e+02  2.50750113e+04  1.99526231e+02 -1.63459375e+04 
 2.15443469e+02  2.38928153e+04  2.15443469e+02 -1.68178055e+04 
 2.32630507e+02  2.26478915e+04  2.32630507e+02 -1.72132580e+04 
 2.51188643e+02  2.13508407e+04  2.51188643e+02 -1.75219960e+04 
 2.71227258e+02  2.00144326e+04  2.71227258e+02 -1.77355707e+04 
 2.92864456e+02  1.86531659e+04  2.92864456e+02 -1.78479244e+04 
 3.16227766e+02  1.72826711e+04  3.16227766e+02 -1.78557997e+04 
 3.41454887e+02  1.59190073e+04  3.41454887e+02 -1.77589663e+04 
 3.68694506e+02  1.45779157e+04  3.68694506e+02 -1.75602376e+04 
 3.98107171e+02  1.32741060e+04  3.98107171e+02 -1.72652739e+04 
 4.29866235e+02  1.20206393e+04  4.29866235e+02 -1.68821976e+04 
 4.64158883e+02  1.08284623e+04  4.64158883e+02 -1.64210682e+04 
 5.01187234e+02  9.70612033e+03  5.01187234e+02 -1.58932775e+04 
 5.41169527e+02  8.65965389e+03  5.41169527e+02 -1.53109271e+04 
 5.84341413e+02  7.69266253e+03  5.84341413e+02 -1.46862447e+04 
 6.30957344e+02  6.80650226e+03  6.30957344e+02 -1.40310821e+04 
 6.81292069e+02  6.00057703e+03  6.81292069e+02 -1.33565176e+04 
 7.35642254e+02  5.27268253e+03  7.35642254e+02 -1.26725745e+04 
 7.94328235e+02  4.61936585e+03  7.94328235e+02 -1.19880499e+04 
 8.57695899e+02  4.03627209e+03  8.57695899e+02 -1.13104401e+04 
 9.26118728e+02  3.51845774e+03  9.26118728e+02 -1.06459452e+04 
 1.00000000e+03  3.06065943e+03  1.00000000e+03 -9.99953074e+03 
 1.07977516e+03  2.65751317e+03  1.07977516e+03 -9.37503001e+03 
 1.16591440e+03  2.30372493e+03  1.16591440e+03 -8.77526772e+03 
 1.25892541e+03  1.99419634e+03  1.25892541e+03 -8.20219411e+03 
 1.35935639e+03  1.72411157e+03  1.35935639e+03 -7.65701873e+03 
 1.46779927e+03  1.48899199e+03  1.46779927e+03 -7.14033743e+03 
 1.58489319e+03  1.28472531e+03  1.58489319e+03 -6.65224852e+03 
 1.71132830e+03  1.10757507e+03  1.71132830e+03 -6.19245588e+03 
 1.84784980e+03  9.54175987e+02  1.84784980e+03 -5.76035832e+03 
 1.99526231e+03  8.21519192e+02  1.99526231e+03 -5.35512553e+03 
 2.15443469e+03  7.06931084e+02  2.15443469e+03 -4.97576139e+03 
 2.32630507e+03  6.08048337e+02  2.32630507e+03 -4.62115603e+03 
 2.51188643e+03  5.22791108e+02  2.51188643e+03 -4.29012786e+03 
 2.71227258e+03  4.49335895e+02  2.71227258e+03 -3.98145711e+03 
 2.92864456e+03  3.86089041e+02  2.92864456e+03 -3.69391202e+03 
 3.16227766e+03  3.31661543e+02  3.16227766e+03 -3.42626914e+03 
 3.41454887e+03  2.84845582e+02  3.41454887e+03 -3.17732856e+03 
 3.68694506e+03  2.44592960e+02  3.68694506e+03 -2.94592512e+03 
 3.98107171e+03  2.09995547e+02  3.98107171e+03 -2.73093639e+03 
 4.29866235e+03  1.80267698e+02  4.29866235e+03 -2.53128804e+03 
 4.64158883e+03  1.54730573e+02  4.64158883e+03 -2.34595724e+03 
 5.01187234e+03  1.32798240e+02  5.01187234e+03 -2.17397436e+03 
 5.41169527e+03  1.13965412e+02  5.41169527e+03 -2.01442353e+03 
 5.84341413e+03  9.77966901e+01  5.84341413e+03 -1.86644228e+03 
 6.30957344e+03  8.39171443e+01  6.30957344e+03 -1.72922045e+03 
 6.81292069e+03  7.20040978e+01  6.81292069e+03 -1.60199866e+03 
 7.35642254e+03  6.17799814e+01  7.35642254e+03 -1.48406636e+03 
 7.94328235e+03  5.30061266e+01  7.94328235e+03 -1.37475974e+03 
 8.57695899e+03  4.54773879e+01  8.57695899e+03 -1.27345942e+03 
 9.26118728e+03  3.90174877e+01  9.26118728e+03 -1.17958812e+03 
 1.00000000e+04  3.34749943e+01  1.00000000e+04 -1.09260830e+03 
 1.07977516e+04  2.87198489e+01  1.07977516e+04 -1.01201981e+03 
 1.16591440e+04  2.46403708e+01  1.16591440e+04 -9.37357609e+02 
 1.25892541e+04  2.11406764e+01  1.25892541e+04 -8.68189535e+02 
 1.35935639e+04  1.81384562e+01  1.35935639e+04 -8.04114200e+02 
 1.46779927e+04  1.55630621e+01  1.46779927e+04 -7.44758939e+02 
 1.58489319e+04  1.33538612e+01  1.58489319e+04 -6.89777881e+02 
 1.71132830e+04  1.14588209e+01  1.71132830e+04 -6.38850124e+02 
 1.84784980e+04  9.83329241e+00  1.84784980e+04 -5.91678007e+02 
 1.99526231e+04  8.43896539e+00  1.99526231e+04 -5.47985492e+02 
 2.15443469e+04  7.24297010e+00  2.15443469e+04 -5.07516639e+02 
 2.32630507e+04  6.21710604e+00  2.32630507e+04 -4.70034184e+02 
 2.51188643e+04  5.33717969e+00  2.51188643e+04 -4.35318207e+02 
 2.71227258e+04  4.58243593e+00  2.71227258e+04 -4.03164888e+02 
 2.92864456e+04  3.93506989e+00  2.92864456e+04 -3.73385347e+02 
 3.16227766e+04  3.37980798e+00  3.16227766e+04 -3.45804567e+02 
 3.41454887e+04  2.90354836e+00  3.41454887e+04 -3.20260388e+02 
 3.68694506e+04  2.49505230e+00  3.68694506e+04 -2.96602570e+02 
 3.98107171e+04  2.14467945e+00  3.98107171e+04 -2.74691927e+02 
 4.29866235e+04  1.84416059e+00  4.29866235e+04 -2.54399520e+02 
 4.64158883e+04  1.58640274e+00  4.64158883e+04 -2.35605904e+02 
 5.01187234e+04  1.36532190e+00  5.01187234e+04 -2.18200439e+02 
 5.41169527e+04  1.17569956e+00  5.41169527e+04 -2.02080638e+02 
 5.84341413e+04  1.01305961e+00  5.84341413e+04 -1.87151571e+02 
 6.30957344e+04  8.73562763e-01  6.30957344e+04 -1.73325313e+02 
 6.81292069e+04  7.53915965e-01  6.81292069e+04 -1.60520422e+02 
 7.35642254e+04  6.51294695e-01  7.35642254e+04 -1.48661467e+02 
 7.94328235e+04  5.63276306e-01  7.94328235e+04 -1.37678584e+02 
 8.57695899e+04  4.87782861e-01  8.57695899e+04 -1.27507068e+02 
 9.26118728e+04  4.23032085e-01  9.26118728e+04 -1.18086987e+02 
 1.00000000e+05  3.67495303e-01  1.00000000e+05 -1.09362837e+02 
 1.07977516e+05  3.19861355e-01  1.07977516e+05 -1.01283210e+02 
 1.16591440e+05  2.79005648e-01  1.16591440e+05 -9.38004979e+01 
 1.25892541e+05  2.43963610e-01  1.25892541e+05 -8.68706046e+01 
 1.35935639e+05  2.13907921e-01  1.35935639e+05 -8.04526928e+01 
 1.46779927e+05  1.88128979e-01  1.46779927e+05 -7.45089410e+01 
 1.58489319e+05  1.66018155e-01  1.58489319e+05 -6.90043215e+01 
 1.71132830e+05  1.47053417e-01  1.71132830e+05 -6.39063936e+01 
 1.84784980e+05  1.30787011e-01  1.84784980e+05 -5.91851133e+01 
 1.99526231e+05  1.16834891e-01  1.99526231e+05 -5.48126560e+01 
 2.15443469e+05  1.04867646e-01  2.15443469e+05 -5.07632523e+01 
 2.32630507e+05  9.46027315e-02  2.32630507e+05 -4.70130368e+01 
 2.51188643e+05  8.57977915e-02  2.51188643e+05 -4.35399071e+01 
 2.71227258e+05  7.82449412e-02  2.71227258e+05 -4.03233938e+01 
 2.92864456e+05  7.17658569e-02  2.92864456e+05 -3.73445397e+01 
 3.16227766e+05  6.62075667e-02  3.16227766e+05 -3.45857883e+01 
 3.41454887e+05  6.14388386e-02  3.41454887e+05 -3.20308801e+01 
 3.68694506e+05  5.73470823e-02  3.68694506e+05 -2.96647573e+01 
 3.98107171e+05  5.38356907e-02  3.98107171e+05 -2.74734742e+01 
 4.29866235e+05  5.08217594e-02  4.29866235e+05 -2.54441160e+01 
 4.64158883e+05  4.82341293e-02  4.64158883e+05 -2.35647220e+01 
 5.01187234e+05  4.60117061e-02  5.01187234e+05 -2.18242153e+01 
 5.41169527e+05  4.41020187e-02  5.41169527e+05 -2.02123377e+01 
 5.84341413e+05  4.24599796e-02  5.84341413e+05 -1.87195890e+01 
 6.30957344e+05  4.10468211e-02  6.30957344e+05 -1.73371711e+01 
 6.81292069e+05  3.98291798e-02  6.81292069e+05 -1.60569363e+01 
 7.35642254e+05  3.87783090e-02  7.35642254e+05 -1.48713389e+01 
 7.94328235e+05  3.78694003e-02  7.94328235e+05 -1.37733912e+01 
 8.57695899e+05  3.70809982e-02  8.57695899e+05 -1.27566220e+01 
 9.26118728e+05  3.63944936e-02  9.26118728e+05 -1.18150384e+01 
 1.00000000e+06  3.57936856e-02  1.00000000e+06 -1.09430908e+01 
 1.07977516e+06  3.52643990e-02  1.07977516e+06 -1.01356399e+01 
 1.16591440e+06  3.47941508e-02  1.16591440e+06 -9.38792654e+00 
 1.25892541e+06  3.43718569e-02  1.25892541e+06 -8.69554356e+00 
 1.35935639e+06  3.39875722e-02  1.35935639e+06 -8.05440988e+00 
 1.46779927e+06  3.36322579e-02  1.46779927e+06 -7.46074644e+00 
 1.58489319e+06  3.32975715e-02  1.58489319e+06 -6.91105383e+00 
 1.71132830e+06  3.29756740e-02  1.71132830e+06 -6.40209173e+00 
 1.84784980e+06  3.26590509e-02  1.84784980e+06 -5.93085974e+00 
 1.99526231e+06  3.23403426e-02  1.99526231e+06 -5.49457968e+00 
 2.15443469e+06  3.20121815e-02  2.15443469e+06 -5.09067917e+00 
 2.32630507e+06  3.16670324e-02  2.32630507e+06 -4.71677641e+00 
 2.51188643e+06  3.12970340e-02  2.51188643e+06 -4.37066610e+00 
 2.71227258e+06  3.08938398e-02  2.71227258e+06 -4.05030635e+00 
 2.92864456e+06  3.04484560e-02  2.92864456e+06 -3.75380655e+00 
 3.16227766e+06  2.99510761e-02  3.16227766e+06 -3.47941614e+00 
 3.41454887e+06  2.93909130e-02  3.41454887e+06 -3.22551408e+00 
 3.68694506e+06  2.87560278e-02  3.68694506e+06 -2.99059920e+00 
 3.98107171e+06  2.80331593e-02  3.98107171e+06 -2.77328108e+00 
 4.29866235e+06  2.72075592e-02  4.29866235e+06 -2.57227166e+00 
 4.64158883e+06  2.62628375e-02  4.64158883e+06 -2.38637726e+00 
 5.01187234e+06  2.51808309e-02  5.01187234e+06 -2.21449127e+00 
 5.41169527e+06  2.39415055e-02  5.41169527e+06 -2.05558715e+00 
 5.84341413e+06  2.25229129e-02  5.84341413e+06 -1.90871190e+00 
 6.30957344e+06  2.09012223e-02  6.30957344e+06 -1.77297992e+00 
 6.81292069e+06  1.90508564e-02  6.81292069e+06 -1.64756715e+00 
 7.35642254e+06  1.69447645e-02  7.35642254e+06 -1.53170556e+00 
 7.94328235e+06  1.45548698e-02  7.94328235e+06 -1.42467795e+00 
 8.57695899e+06  1.18527293e-02  8.57695899e+06 -1.32581303e+00 
 9.26118728e+06  8.81044433e-03  9.26118728e+06 -1.23448089e+00 
 1.00000000e+07  5.40184848e-03  1.00000000e+07 -1.15008881e+00 
 1.07977516e+07  1.60398870e-03  1.07977516e+07 -1.07207752e+00 
 1.16591440e+07 -2.60111470e-03  1.16591440e+07 -9.99918023e-01 
 1.25892541e+07 -7.22447642e-03  1.25892541e+07 -9.33109020e-01 
 1.35935639e+07 -1.22680164e-02  1.35935639e+07 -8.71175087e-01 
 1.46779927e+07 -1.77224361e-02  1.46779927e+07 -8.13665647e-01 
 1.58489319e+07 -2.35652927e-02  1.58489319e+07 -7.60154800e-01 
 1.71132830e+07 -2.97594996e-02  1.71132830e+07 -7.10241972e-01 
 1.84784980e+07 -3.62524905e-02  1.84784980e+07 -6.63553269e-01 
 1.99526231e+07 -4.29762590e-02  1.99526231e+07 -6.19743340e-01 
 2.15443469e+07 -4.98484138e-02  2.15443469e+07 -5.78497446e-01 
 2.32630507e+07 -5.67742835e-02  2.32630507e+07 -5.39533388e-01 
 2.51188643e+07 -6.36499687e-02  2.51188643e+07 -5.02602933e-01 
 2.71227258e+07 -7.03661062e-02  2.71227258e+07 -4.67492439e-01 
 2.92864456e+07 -7.68120040e-02  2.92864456e+07 -4.34022465e-01 
 3.16227766e+07 -8.28797563e-02  3.16227766e+07 -4.02046322e-01 
 3.41454887e+07 -8.84679629e-02  3.41454887e+07 -3.71447665e-01 
 3.68694506e+07 -9.34847581e-02  3.68694506e+07 -3.42137364e-01 
 3.98107171e+07 -9.78499828e-02  3.98107171e+07 -3.14049959e-01 
 4.29866235e+07 -1.01496477e-01  4.29866235e+07 -2.87140057e-01 
 4.64158883e+07 -1.04370599e-01  4.64158883e+07 -2.61378943e-01 
 5.01187234e+07 -1.06432185e-01  5.01187234e+07 -2.36751637e-01 
 5.41169527e+07 -1.07654198e-01  5.41169527e+07 -2.13254475e-01 
 5.84341413e+07 -1.08022319e-01  5.84341413e+07 -1.90893203e-01 
 6.30957344e+07 -1.07534699e-01  6.30957344e+07 -1.69681454e-01 
 6.81292069e+07 -1.06201998e-01  6.81292069e+07 -1.49639425e-01 
 7.35642254e+07 -1.04047734e-01  7.35642254e+07 -1.30792504e-01 
 7.94328235e+07 -1.01108886e-01  7.94328235e+07 -1.13169646e-01 
 8.57695899e+07 -9.74365558e-02  8.57695899e+07 -9.68012853e-02 
 9.26118728e+07 -9.30964635e-02  9.26118728e+07 -8.17167087e-02 
 1.00000000e+08 -8.81689498e-02  1.00000000e+08 -6.79408969e-02 
 1.07977516e+08 -8.27482200e-02  1.07977516e+08 -5.54909792e-02 
 1.16591440e+08 -7.69405899e-02  1.16591440e+08 -4.43725858e-02 
 1.25892541e+08 -7.08616288e-02  1.25892541e+08 -3.45764725e-02 
 1.35935639e+08 -6.46322523e-02  1.35935639e+08 -2.60758442e-02 
 1.46779927e+08 -5.83739954e-02  1.46779927e+08 -1.88247743e-02 
 1.58489319e+08 -5.22038566e-02  1.58489319e+08 -1.27580155e-02 
 1.71132830e+08 -4.62292040e-02  1.71132830e+08 -7.79232587e-03 
 1.84784980e+08 -4.05432636e-02  1.84784980e+08 -3.82923888e-03 
 1.99526231e+08 -3.52216445e-02  1.99526231e+08 -7.59004115e-04 
 2.15443469e+08 -3.03202183e-02  2.15443469e+08  1.53471851e-03 
 2.32630507e+08 -2.58744885e-02  2.32630507e+08  3.16991024e-03 
 2.51188643e+08 -2.19003916e-02  2.51188643e+08  4.26148493e-03 
 2.71227258e+08 -1.83963072e-02  2.71227258e+08  4.91723798e-03 
 2.92864456e+08 -1.53459384e-02  2.92864456e+08  5.23474199e-03 
 3.16227766e+08 -1.27216772e-02  3.16227766e+08  5.29932739e-03 
 3.41454887e+08 -1.04880775e-02  3.41454887e+08  5.18314153e-03 
 3.68694506e+08 -8.60512008e-03  3.68694506e+08  4.94516245e-03 
 3.98107171e+08 -7.03104296e-03  3.98107171e+08  4.63196751e-03 
 4.29866235e+08 -5.72460810e-03  4.29866235e+08  4.27902373e-03 
 4.64158883e+08 -4.64676529e-03  4.64158883e+08  3.91227150e-03 
 5.01187234e+08 -3.76174495e-03  5.01187234e+08  3.54980487e-03 
 5.41169527e+08 -3.03765794e-03  5.41169527e+08  3.20349773e-03 
 5.84341413e+08 -2.44670389e-03  5.84341413e+08  2.88047558e-03 
 6.30957344e+08 -1.96509349e-03  6.30957344e+08  2.58437779e-03 
 6.81292069e+08 -1.57278161e-03  6.81292069e+08  2.31639193e-03 
 7.35642254e+08 -1.25309135e-03  7.35642254e+08  2.07606732e-03 
 7.94328235e+08 -9.92290646e-04  7.94328235e+08  1.86193098e-03 
 8.57695899e+08 -7.79164796e-04  8.57695899e+08  1.67193653e-03 
 9.26118728e+08 -6.04612726e-04  9.26118728e+08  1.50377865e-03 
 1.00000000e+09 -4.61282819e-04  1.00000000e+09  1.35510334e-03 
 1.07977516e+09 -3.43255153e-04  1.07977516e+09  1.22364068e-03 
 1.16591440e+09 -2.45771149e-04  1.16591440e+09  1.10728177e-03 
 1.25892541e+09 -1.65007999e-04  1.25892541e+09  1.00411691e-03 
 1.35935639e+09 -9.78932701e-05  1.35935639e+09  9.12448252e-04 
 1.46779927e+09 -4.19543201e-05  1.46779927e+09  8.30786047e-04 
 1.58489319e+09  4.80292520e-06  1.58489319e+09  7.57835534e-04 
 1.71132830e+09  4.39908964e-05  1.71132830e+09  6.92478853e-04 
 1.84784980e+09  7.69175093e-05  1.84784980e+09  6.33755094e-04 
 1.99526231e+09  1.04647347e-04  1.99526231e+09  5.80840364e-04 
 2.15443469e+09  1.28050113e-04  2.15443469e+09  5.33028981e-04 
 2.32630507e+09  1.47838984e-04  2.32630507e+09  4.89716375e-04 
 2.51188643e+09  1.64600989e-04  2.51188643e+09  4.50383945e-04 
 2.71227258e+09  1.78821118e-04  2.71227258e+09  4.14585884e-04 
 2.92864456e+09  1.90901490e-04  2.92864456e+09  3.81937870e-04 
 3.16227766e+09  2.01176650e-04  3.16227766e+09  3.52107467e-04 
 3.41454887e+09  2.09925810e-04  3.41454887e+09  3.24806020e-04 
 3.68694506e+09  2.17382697e-04  3.68694506e+09  2.99781857e-04 
 3.98107171e+09  2.23743496e-04  3.98107171e+09  2.76814616e-04 
 4.29866235e+09  2.29173292e-04  4.29866235e+09  2.55710500e-04 
 4.64158883e+09  2.33811315e-04  4.64158883e+09  2.36298332e-04 
 5.01187234e+09  2.37775228e-04  5.01187234e+09  2.18426271e-04 
 5.41169527e+09  2.41164649e-04  5.41169527e+09  2.01959070e-04 
 5.84341413e+09  2.44064060e-04  5.84341413e+09  1.86775789e-04 
 6.30957344e+09  2.46545206e-04  6.30957344e+09  1.72767880e-04 
 6.81292069e+09  2.48669096e-04  6.81292069e+09  1.59837583e-04 
 7.35642254e+09  2.50487666e-04  7.35642254e+09  1.47896575e-04 
 7.94328235e+09  2.52045177e-04  7.94328235e+09  1.36864826e-04 
 8.57695899e+09  2.53379374e-04  8.57695899e+09  1.26669631e-04 
 9.26118728e+09  2.54522477e-04  9.26118728e+09  1.17244782e-04 
 1.00000000e+10  2.55502004e-04  1.00000000e+10  1.08529862e-04 
