 1.00000000e+00  3.59618984e+04  1.00000000e+00 -3.54375816e+02 
 1.07977516e+00  3.59613191e+04  1.07977516e+00 -3.82640041e+02 
 1.16591440e+00  3.59606437e+04  1.16591440e+00 -4.13157452e+02 
 1.25892541e+00  3.59598562e+04  1.25892541e+00 -4.46107386e+02 
 1.35935639e+00  3.59589382e+04  1.35935639e+00 -4.81683378e+02 
 1.46779927e+00  3.59578679e+04  1.46779927e+00 -5.20094267e+02 
 1.58489319e+00  3.59566201e+04  1.58489319e+00 -5.61565384e+02 
 1.71132830e+00  3.59551654e+04  1.71132830e+00 -6.06339822e+02 
 1.84784980e+00  3.59534694e+04  1.84784980e+00 -6.54679798e+02 
 1.99526231e+00  3.59514923e+04  1.99526231e+00 -7.06868112e+02 
 2.15443469e+00  3.59491875e+04  2.15443469e+00 -7.63209699e+02 
 2.32630507e+00  3.59465006e+04  2.32630507e+00 -8.24033283e+02 
 2.51188643e+00  3.59433684e+04  2.51188643e+00 -8.89693142e+02 
 2.71227258e+00  3.59397172e+04  2.71227258e+00 -9.60570972e+02 
 2.92864456e+00  3.59354612e+04  2.92864456e+00 -1.03707785e+03 
 3.16227766e+00  3.59305003e+04  3.16227766e+00 -1.11965632e+03 
 3.41454887e+00  3.59247181e+04  3.41454887e+00 -1.20878253e+03 
 3.68694506e+00  3.59179789e+04  3.68694506e+00 -1.30496850e+03 
 3.98107171e+00  3.59101247e+04  3.98107171e+00 -1.40876446e+03 
 4.29866235e+00  3.59009717e+04  4.29866235e+00 -1.52076115e+03 
 4.64158883e+00  3.58903060e+04  4.64158883e+00 -1.64159229e+03 
 5.01187234e+00  3.58778788e+04  5.01187234e+00 -1.77193683e+03 
 5.41169527e+00  3.58634005e+04  5.41169527e+00 -1.91252128e+03 
 5.84341413e+00  3.58465348e+04  5.84341413e+00 -2.06412182e+03 
 6.30957344e+00  3.58268909e+04  6.30957344e+00 -2.22756611e+03 
 6.81292069e+00  3.58040149e+04  6.81292069e+00 -2.40373477e+03 
 7.35642254e+00  3.57773804e+04  7.35642254e+00 -2.59356234e+03 
 7.94328235e+00  3.57463767e+04  7.94328235e+00 -2.79803742e+03 
 8.57695899e+00  3.57102970e+04  8.57695899e+00 -3.01820190e+03 
 9.26118728e+00  3.56683229e+04  9.26118728e+00 -3.25514886e+03 
 1.00000000e+01  3.56195091e+04  1.00000000e+01 -3.51001871e+03 
 1.07977516e+01  3.55627648e+04  1.07977516e+01 -3.78399330e+03 
 1.16591440e+01  3.54968337e+04  1.16591440e+01 -4.07828712e+03 
 1.25892541e+01  3.54202716e+04  1.25892541e+01 -4.39413516e+03 
 1.35935639e+01  3.53314228e+04  1.35935639e+01 -4.73277647e+03 
 1.46779927e+01  3.52283938e+04  1.46779927e+01 -5.09543251e+03 
 1.58489319e+01  3.51090270e+04  1.58489319e+01 -5.48327909e+03 
 1.71132830e+01  3.49708728e+04  1.71132830e+01 -5.89741075e+03 
 1.84784980e+01  3.48111635e+04  1.84784980e+01 -6.33879628e+03 
 1.99526231e+01  3.46267881e+04  1.99526231e+01 -6.80822373e+03 
 2.15443469e+01  3.44142731e+04  2.15443469e+01 -7.30623383e+03 
 2.32630507e+01  3.41697689e+04  2.32630507e+01 -7.83304046e+03 
 2.51188643e+01  3.38890487e+04  2.51188643e+01 -8.38843747e+03 
 2.71227258e+01  3.35675215e+04  2.71227258e+01 -8.97169169e+03 
 2.92864456e+01  3.32002674e+04  2.92864456e+01 -9.58142322e+03 
 3.16227766e+01  3.27820994e+04  3.16227766e+01 -1.02154755e+04 
 3.41454887e+01  3.23076591e+04  3.41454887e+01 -1.08707801e+04 
 3.68694506e+01  3.17715538e+04  3.68694506e+01 -1.15432228e+04 
 3.98107171e+01  3.11685392e+04  3.98107171e+01 -1.22275229e+04 
 4.29866235e+01  3.04937516e+04  4.29866235e+01 -1.29171387e+04 
 4.64158883e+01  2.97429899e+04  4.64158883e+01 -1.36042164e+04 
 5.01187234e+01  2.89130399e+04  5.01187234e+01 -1.42796027e+04 
 5.41169527e+01  2.80020287e+04  5.41169527e+01 -1.49329410e+04 
 5.84341413e+01  2.70097855e+04  5.84341413e+01 -1.55528684e+04 
 6.30957344e+01  2.59381795e+04  6.30957344e+01 -1.61273269e+04 
 6.81292069e+01  2.47913943e+04  6.81292069e+01 -1.66439890e+04 
 7.35642254e+01  2.35760992e+04  7.35642254e+01 -1.70907857e+04 
 7.94328235e+01  2.23014765e+04  7.94328235e+01 -1.74565072e+04 
 8.57695899e+01  2.09790748e+04  8.57695899e+01 -1.77314306e+04 
 9.26118728e+01  1.96224771e+04  9.26118728e+01 -1.79079159e+04 
 1.00000000e+02  1.82467924e+04  1.00000000e+02 -1.79809069e+04 
 1.07977516e+02  1.68680071e+04  1.07977516e+02 -1.79482771e+04 
 1.16591440e+02  1.55022520e+04  1.16591440e+02 -1.78109798e+04 
 1.25892541e+02  1.41650546e+04  1.25892541e+02 -1.75729801e+04 
 1.35935639e+02  1.28706512e+04  1.35935639e+02 -1.72409806e+04 
 1.46779927e+02  1.16314187e+04  1.46779927e+02 -1.68239732e+04 
 1.58489319e+02  1.04574728e+04  1.58489319e+02 -1.63326720e+04 
 1.71132830e+02  9.35645087e+03  1.71132830e+02 -1.57788907e+04 
 1.84784980e+02  8.33347522e+03  1.84784980e+02 -1.51749251e+04 
 1.99526231e+02  7.39127354e+03  1.99526231e+02 -1.45329926e+04 
 2.15443469e+02  6.53041886e+03  2.15443469e+02 -1.38647653e+04 
 2.32630507e+02  5.74964793e+03  2.32630507e+02 -1.31810145e+04 
 2.51188643e+02  5.04621740e+03  2.51188643e+02 -1.24913709e+04 
 2.71227258e+02  4.41626372e+03  2.71227258e+02 -1.18041914e+04 
 2.92864456e+02  3.85514112e+03  2.92864456e+02 -1.11265173e+04 
 3.16227766e+02  3.35772081e+03  3.16227766e+02 -1.04641028e+04 
 3.41454887e+02  2.91864259e+03  3.41454887e+02 -9.82149563e+03 
 3.68694506e+02  2.53251648e+03  3.68694506e+02 -9.20214938e+03 
 3.98107171e+02  2.19407643e+03  3.98107171e+02 -8.60855371e+03 
 4.29866235e+02  1.89829118e+03  4.29866235e+02 -8.04237014e+03 
 4.64158883e+02  1.64043839e+03  4.64158883e+02 -7.50456471e+03 
 5.01187234e+02  1.41614910e+03  5.01187234e+02 -6.99553203e+03 
 5.41169527e+02  1.22142879e+03  5.41169527e+02 -6.51520728e+03 
 5.84341413e+02  1.05266088e+03  5.84341413e+02 -6.06316478e+03 
 6.30957344e+02  9.06597668e+02  6.30957344e+02 -5.63870262e+03 
 6.81292069e+02  7.80342691e+02  6.81292069e+02 -5.24091414e+03 
 7.35642254e+02  6.71327621e+02  7.35642254e+02 -4.86874715e+03 
 7.94328235e+02  5.77286234e+02  7.94328235e+02 -4.52105229e+03 
 8.57695899e+02  4.96227158e+02  8.57695899e+02 -4.19662190e+03 
 9.26118728e+02  4.26406701e+02  9.26118728e+02 -3.89422078e+03 
 1.00000000e+03  3.66302622e+02  1.00000000e+03 -3.61261017e+03 
 1.07977516e+03  3.14589404e+02  1.07977516e+03 -3.35056609e+03 
 1.16591440e+03  2.70115345e+02  1.16591440e+03 -3.10689299e+03 
 1.25892541e+03  2.31881632e+02  1.25892541e+03 -2.88043375e+03 
 1.35935639e+03  1.99023423e+02  1.35935639e+03 -2.67007661e+03 
 1.46779927e+03  1.70792891e+02  1.46779927e+03 -2.47475974e+03 
 1.58489319e+03  1.46544153e+02  1.58489319e+03 -2.29347398e+03 
 1.71132830e+03  1.25719920e+02  1.71132830e+03 -2.12526406e+03 
 1.84784980e+03  1.07839761e+02  1.84784980e+03 -1.96922878e+03 
 1.99526231e+03  9.24898035e+01  1.99526231e+03 -1.82452035e+03 
 2.15443469e+03  7.93137338e+01  2.15443469e+03 -1.69034309e+03 
 2.32630507e+03  6.80049595e+01  2.32630507e+03 -1.56595170e+03 
 2.51188643e+03  5.82997903e+01  2.51188643e+03 -1.45064928e+03 
 2.71227258e+03  4.99715248e+01  2.71227258e+03 -1.34378505e+03 
 2.92864456e+03  4.28253273e+01  2.92864456e+03 -1.24475211e+03 
 3.16227766e+03  3.66937970e+01  3.16227766e+03 -1.15298499e+03 
 3.41454887e+03  3.14331409e+01  3.41454887e+03 -1.06795733e+03 
 3.68694506e+03  2.69198702e+01  3.68694506e+03 -9.89179486e+02 
 3.98107171e+03  2.30479532e+01  3.98107171e+03 -9.16196325e+02 
 4.29866235e+03  1.97263612e+01  4.29866235e+03 -8.48584967e+02 
 4.64158883e+03  1.68769561e+01  4.64158883e+03 -7.85952704e+02 
 5.01187234e+03  1.44326732e+01  5.01187234e+03 -7.27934985e+02 
 5.41169527e+03  1.23359570e+01  5.41169527e+03 -6.74193512e+02 
 5.84341413e+03  1.05374172e+01  5.84341413e+03 -6.24414443e+02 
 6.30957344e+03  8.99467369e+00  6.30957344e+03 -5.78306690e+02 
 6.81292069e+03  7.67136341e+00  6.81292069e+03 -5.35600332e+02 
 7.35642254e+03  6.53628803e+00  7.35642254e+03 -4.96045119e+02 
 7.94328235e+03  5.56268144e+00  7.94328235e+03 -4.59409072e+02 
 8.57695899e+03  4.72758108e+00  8.57695899e+03 -4.25477182e+02 
 9.26118728e+03  4.01128803e+00  9.26118728e+03 -3.94050188e+02 
 1.00000000e+04  3.39690371e+00  1.00000000e+04 -3.64943443e+02 
 1.07977516e+04  2.86993209e+00  1.07977516e+04 -3.37985854e+02 
 1.16591440e+04  2.41793841e+00  1.16591440e+04 -3.13018904e+02 
 1.25892541e+04  2.03025626e+00  1.25892541e+04 -2.89895730e+02 
 1.35935639e+04  1.69773624e+00  1.35935639e+04 -2.68480277e+02 
 1.46779927e+04  1.41253032e+00  1.46779927e+04 -2.48646509e+02 
 1.58489319e+04  1.16790681e+00  1.58489319e+04 -2.30277674e+02 
 1.71132830e+04  9.58091631e-01  1.71132830e+04 -2.13265623e+02 
 1.84784980e+04  7.78132116e-01  1.84784980e+04 -1.97510181e+02 
 1.99526231e+04  6.23780208e-01  1.99526231e+04 -1.82918560e+02 
 2.15443469e+04  4.91392232e-01  2.15443469e+04 -1.69404817e+02 
 2.32630507e+04  3.77842921e-01  2.32630507e+04 -1.56889350e+02 
 2.51188643e+04  2.80451675e-01  2.51188643e+04 -1.45298430e+02 
 2.71227258e+04  1.96919305e-01  2.71227258e+04 -1.34563771e+02 
 2.92864456e+04  1.25273767e-01  2.92864456e+04 -1.24622126e+02 
 3.16227766e+04  6.38236216e-02  3.16227766e+04 -1.15414920e+02 
 3.41454887e+04  1.11181096e-02  3.41454887e+04 -1.06887900e+02 
 3.68694506e+04 -3.40870898e-02  3.68694506e+04 -9.89908216e+01 
 3.98107171e+04 -7.28592317e-02  3.98107171e+04 -9.16771485e+01 
 4.29866235e+04 -1.06113699e-01  4.29866235e+04 -8.49037822e+01 
 4.64158883e+04 -1.34635612e-01  4.64158883e+04 -7.86308070e+01 
 5.01187234e+04 -1.59098359e-01  5.01187234e+04 -7.28212555e+01 
 5.41169527e+04 -1.80079498e-01  5.41169527e+04 -6.74408903e+01 
 5.84341413e+04 -1.98074388e-01  5.84341413e+04 -6.24580031e+01 
 6.30957344e+04 -2.13507887e-01  6.30957344e+04 -5.78432276e+01 
 6.81292069e+04 -2.26744376e-01  6.81292069e+04 -5.35693666e+01 
 7.35642254e+04 -2.38096370e-01  7.35642254e+04 -4.96112321e+01 
 7.94328235e+04 -2.47831889e-01  7.94328235e+04 -4.59454962e+01 
 8.57695899e+04 -2.56180789e-01  8.57695899e+04 -4.25505545e+01 
 9.26118728e+04 -2.63340189e-01  9.26118728e+04 -3.94063983e+01 
 1.00000000e+05 -2.69479122e-01  1.00000000e+05 -3.64944969e+01 
 1.07977516e+05 -2.74742530e-01  1.07977516e+05 -3.37976883e+01 
 1.16591440e+05 -2.79254682e-01  1.16591440e+05 -3.13000782e+01 
 1.25892541e+05 -2.83122113e-01  1.25892541e+05 -2.89869463e+01 
 1.35935639e+05 -2.86436133e-01  1.35935639e+05 -2.68446594e+01 
 1.46779927e+05 -2.89274987e-01  1.46779927e+05 -2.48605913e+01 
 1.58489319e+05 -2.91705702e-01  1.58489319e+05 -2.30230484e+01 
 1.71132830e+05 -2.93785668e-01  1.71132830e+05 -2.13212004e+01 
 1.84784980e+05 -2.95563996e-01  1.84784980e+05 -1.97450170e+01 
 1.99526231e+05 -2.97082672e-01  1.99526231e+05 -1.82852085e+01 
 2.15443469e+05 -2.98377555e-01  2.15443469e+05 -1.69331709e+01 
 2.32630507e+05 -2.99479222e-01  2.32630507e+05 -1.56809357e+01 
 2.51188643e+05 -3.00413685e-01  2.51188643e+05 -1.45211224e+01 
 2.71227258e+05 -3.01203013e-01  2.71227258e+05 -1.34468953e+01 
 2.92864456e+05 -3.01865848e-01  2.92864456e+05 -1.24519231e+01 
 3.16227766e+05 -3.02417851e-01  3.16227766e+05 -1.15303418e+01 
 3.41454887e+05 -3.02872065e-01  3.41454887e+05 -1.06767198e+01 
 3.68694506e+05 -3.03239232e-01  3.68694506e+05 -9.88602618e+00 
 3.98107171e+05 -3.03528043e-01  3.98107171e+05 -9.15360095e+00 
 4.29866235e+05 -3.03745350e-01  4.29866235e+05 -8.47512761e+00 
 4.64158883e+05 -3.03896323e-01  4.64158883e+05 -7.84660774e+00 
 5.01187234e+05 -3.03984586e-01  5.01187234e+05 -7.26433742e+00 
 5.41169527e+05 -3.04012299e-01  5.41169527e+05 -6.72488548e+00 
 5.84341413e+05 -3.03980222e-01  5.84341413e+05 -6.22507326e+00 
 6.30957344e+05 -3.03887741e-01  6.30957344e+05 -5.76195595e+00 
 6.81292069e+05 -3.03732864e-01  6.81292069e+05 -5.33280527e+00 
 7.35642254e+05 -3.03512196e-01  7.35642254e+05 -4.93509346e+00 
 7.94328235e+05 -3.03220883e-01  7.94328235e+05 -4.56647848e+00 
 8.57695899e+05 -3.02852524e-01  8.57695899e+05 -4.22479025e+00 
 9.26118728e+05 -3.02399069e-01  9.26118728e+05 -3.90801807e+00 
 1.00000000e+06 -3.01850687e-01  1.00000000e+06 -3.61429884e+00 
 1.07977516e+06 -3.01195607e-01  1.07977516e+06 -3.34190630e+00 
 1.16591440e+06 -3.00419952e-01  1.16591440e+06 -3.08924112e+00 
 1.25892541e+06 -2.99507541e-01  1.25892541e+06 -2.85482166e+00 
 1.35935639e+06 -2.98439698e-01  1.35935639e+06 -2.63727569e+00 
 1.46779927e+06 -2.97195051e-01  1.46779927e+06 -2.43533261e+00 
 1.58489319e+06 -2.95749347e-01  1.58489319e+06 -2.24781649e+00 
 1.71132830e+06 -2.94075292e-01  1.71132830e+06 -2.07363969e+00 
 1.84784980e+06 -2.92142457e-01  1.84784980e+06 -1.91179713e+00 
 1.99526231e+06 -2.89917249e-01  1.99526231e+06 -1.76136110e+00 
 2.15443469e+06 -2.87363009e-01  2.15443469e+06 -1.62147663e+00 
 2.32630507e+06 -2.84440276e-01  2.32630507e+06 -1.49135743e+00 
 2.51188643e+06 -2.81107254e-01  2.51188643e+06 -1.37028220e+00 
 2.71227258e+06 -2.77320554e-01  2.71227258e+06 -1.25759139e+00 
 2.92864456e+06 -2.73036254e-01  2.92864456e+06 -1.15268428e+00 
 3.16227766e+06 -2.68211327e-01  3.16227766e+06 -1.05501629e+00 
 3.41454887e+06 -2.62805481e-01  3.41454887e+06 -9.64096282e-01 
 3.68694506e+06 -2.56783390e-01  3.68694506e+06 -8.79483913e-01 
 3.98107171e+06 -2.50117298e-01  3.98107171e+06 -8.00786631e-01 
 4.29866235e+06 -2.42789884e-01  4.29866235e+06 -7.27656295e-01 
 4.64158883e+06 -2.34797222e-01  4.64158883e+06 -6.59785158e-01 
 5.01187234e+06 -2.26151590e-01  5.01187234e+06 -5.96901146e-01 
 5.41169527e+06 -2.16883833e-01  5.41169527e+06 -5.38762355e-01 
 5.84341413e+06 -2.07044932e-01  5.84341413e+06 -4.85150842e-01 
 6.30957344e+06 -1.96706442e-01  6.30957344e+06 -4.35865935e-01 
 6.81292069e+06 -1.85959561e-01  6.81292069e+06 -3.90717368e-01 
 7.35642254e+06 -1.74912667e-01  7.35642254e+06 -3.49518734e-01 
 7.94328235e+06 -1.63687403e-01  7.94328235e+06 -3.12081735e-01 
 8.57695899e+06 -1.52413541e-01  8.57695899e+06 -2.78211726e-01 
 9.26118728e+06 -1.41223072e-01  9.26118728e+06 -2.47704935e-01 
 1.00000000e+07 -1.30244074e-01  1.00000000e+07 -2.20347518e-01 
 1.07977516e+07 -1.19594961e-01  1.07977516e+07 -1.95916442e-01 
 1.16591440e+07 -1.09379648e-01  1.16591440e+07 -1.74181916e-01 
 1.25892541e+07 -9.96840064e-02  1.25892541e+07 -1.54910955e-01 
 1.35935639e+07 -9.05738315e-02  1.35935639e+07 -1.37871560e-01 
 1.46779927e+07 -8.20942933e-02  1.46779927e+07 -1.22837000e-01 
 1.58489319e+07 -7.42707157e-02  1.58489319e+07 -1.09589753e-01 
 1.71132830e+07 -6.71103905e-02  1.71132830e+07 -9.79247755e-02 
 1.84784980e+07 -6.06050872e-02  1.84784980e+07 -8.76519323e-02 
 1.99526231e+07 -5.47339265e-02  1.99526231e+07 -7.85975269e-02 
 2.15443469e+07 -4.94663267e-02  2.15443469e+07 -7.06049831e-02 
 2.32630507e+07 -4.47648002e-02  2.32630507e+07 -6.35348015e-02 
 2.51188643e+07 -4.05874515e-02  2.51188643e+07 -5.72639440e-02 
 2.71227258e+07 -3.68900932e-02  2.71227258e+07 -5.16848113e-02 
 2.92864456e+07 -3.36279536e-02  2.92864456e+07 -4.67039610e-02 
 3.16227766e+07 -3.07569867e-02  3.16227766e+07 -4.22406973e-02 
 3.41454887e+07 -2.82348233e-02  3.41454887e+07 -3.82256299e-02 
 3.68694506e+07 -2.60214131e-02  3.68694506e+07 -3.45992765e-02 
 3.98107171e+07 -2.40794136e-02  3.98107171e+07 -3.13107563e-02 
 4.29866235e+07 -2.23743810e-02  4.29866235e+07 -2.83166053e-02 
 4.64158883e+07 -2.08748110e-02  4.64158883e+07 -2.55797252e-02 
 5.01187234e+07 -1.95520736e-02  5.01187234e+07 -2.30684700e-02 
 5.41169527e+07 -1.83802763e-02  5.41169527e+07 -2.07558657e-02 
 5.84341413e+07 -1.73360853e-02  5.84341413e+07 -1.86189539e-02 
 6.30957344e+07 -1.63985285e-02  6.30957344e+07 -1.66382463e-02 
 6.81292069e+07 -1.55487973e-02  6.81292069e+07 -1.47972793e-02 
 7.35642254e+07 -1.47700618e-02  7.35642254e+07 -1.30822520e-02 
 7.94328235e+07 -1.40473109e-02  7.94328235e+07 -1.14817346e-02 
 8.57695899e+07 -1.33672244e-02  8.57695899e+07 -9.98643241e-03 
 9.26118728e+07 -1.27180833e-02  9.26118728e+07 -8.58898940e-03 
 1.00000000e+08 -1.20897202e-02  1.00000000e+08 -7.28381643e-03 
 1.07977516e+08 -1.14735086e-02  1.07977516e+08 -6.06692730e-03 
 1.16591440e+08 -1.08623885e-02  1.16591440e+08 -4.93576676e-03 
 1.25892541e+08 -1.02509154e-02  1.25892541e+08 -3.88901525e-03 
 1.35935639e+08 -9.63532235e-03  1.35935639e+08 -2.92635778e-03 
 1.46779927e+08 -9.01357209e-03  1.46779927e+08 -2.04820872e-03 
 1.58489319e+08 -8.38537924e-03  1.58489319e+08 -1.25539157e-03 
 1.71132830e+08 -7.75217656e-03  1.71132830e+08 -5.48781172e-04 
 1.84784980e+08 -7.11700428e-03  1.84784980e+08  7.10734995e-05 
 1.99526231e+08 -6.48430702e-03  1.99526231e+08  6.04318734e-04 
 2.15443469e+08 -5.85963456e-03  2.15443469e+08  1.05212312e-03 
 2.32630507e+08 -5.24925679e-03  2.32630507e+08  1.41692586e-03 
 2.51188643e+08 -4.65971872e-03  2.51188643e+08  1.70257438e-03 
 2.71227258e+08 -4.09737371e-03  2.71227258e+08  1.91433040e-03 
 2.92864456e+08 -3.56794085e-03  2.92864456e+08  2.05874006e-03 
 3.16227766e+08 -3.07613150e-03  3.16227766e+08  2.14338210e-03 
 3.41454887e+08 -2.62538172e-03  3.41454887e+08  2.17652515e-03 
 3.68694506e+08 -2.21771201e-03  3.68694506e+08  2.16673648e-03 
 3.98107171e+08 -1.85371817e-03  3.98107171e+08  2.12248862e-03 
 4.29866235e+08 -1.53267896e-03  4.29866235e+08  2.05180617e-03 
 4.64158883e+08 -1.25275351e-03  4.64158883e+08  1.96198475e-03 
 5.01187234e+08 -1.01123376e-03  5.01187234e+08  1.85939969e-03 
 5.41169527e+08 -8.04816904e-04  5.41169527e+08  1.74940792e-03 
 5.84341413e+08 -6.29867231e-04  5.84341413e+08  1.63633428e-03 
 6.30957344e+08 -4.82645353e-04  6.30957344e+08  1.52352519e-03 
 6.81292069e+08 -3.59491748e-04  6.81292069e+08  1.41344933e-03 
 7.35642254e+08 -2.56960402e-04  7.35642254e+08  1.30782481e-03 
 7.94328235e+08 -1.71904916e-04  7.94328235e+08  1.20775528e-03 
 8.57695899e+08 -1.01523750e-04  8.57695899e+08  1.11386190e-03 
 9.26118728e+08 -4.33733485e-05  9.26118728e+08  1.02640237e-03 
 1.00000000e+09  4.64185186e-06  1.00000000e+09  9.45372565e-04 
 1.07977516e+09  4.42943878e-05  1.07977516e+09  8.70589195e-04 
 1.16591440e+09  7.70670601e-05  1.16591440e+09  8.01754444e-04 
 1.25892541e+09  1.04189546e-04  1.25892541e+09  7.38504439e-04 
 1.35935639e+09  1.26674880e-04  1.35935639e+09  6.80444277e-04 
 1.46779927e+09  1.45353626e-04  1.46779927e+09  6.27172281e-04 
 1.58489319e+09  1.60904569e-04  1.58489319e+09  5.78295963e-04 
 1.71132830e+09  1.73881447e-04  1.71132830e+09  5.33441879e-04 
 1.84784980e+09  1.84735701e-04  1.84784980e+09  4.92261082e-04 
 1.99526231e+09  1.93835505e-04  1.99526231e+09  4.54431569e-04 
 2.15443469e+09  2.01481477e-04  2.15443469e+09  4.19658721e-04 
 2.32630507e+09  2.07919519e-04  2.32630507e+09  3.87674490e-04 
 2.51188643e+09  2.13351243e-04  2.51188643e+09  3.58235861e-04 
 2.71227258e+09  2.17942387e-04  2.71227258e+09  3.31122936e-04 
 2.92864456e+09  2.21829588e-04  2.92864456e+09  3.06136888e-04 
 3.16227766e+09  2.25125835e-04  3.16227766e+09  2.83097924e-04 
 3.41454887e+09  2.27924843e-04  3.41454887e+09  2.61843345e-04 
 3.68694506e+09  2.30304576e-04  3.68694506e+09  2.42225758e-04 
 3.98107171e+09  2.32330082e-04  3.98107171e+09  2.24111444e-04 
 4.29866235e+09  2.34055785e-04  4.29866235e+09  2.07378904e-04 
 4.64158883e+09  2.35527338e-04  4.64158883e+09  1.91917560e-04 
 5.01187234e+09  2.36783132e-04  5.01187234e+09  1.77626614e-04 
 5.41169527e+09  2.37855520e-04  5.41169527e+09  1.64414030e-04 
 5.84341413e+09  2.38771827e-04  5.84341413e+09  1.52195652e-04 
 6.30957344e+09  2.39555170e-04  6.30957344e+09  1.40894418e-04 
 6.81292069e+09  2.40225143e-04  6.81292069e+09  1.30439668e-04 
 7.35642254e+09  2.40798376e-04  7.35642254e+09  1.20766539e-04 
 7.94328235e+09  2.41289001e-04  7.94328235e+09  1.11815423e-04 
 8.57695899e+09  2.41709047e-04  8.57695899e+09  1.03531487e-04 
 9.26118728e+09  2.42068756e-04  9.26118728e+09  9.58642487e-05 
 1.00000000e+10  2.42376863e-04  1.00000000e+10  8.87671964e-05 
