 1.00000000e+00  3.32843583e+02  1.00000000e+00 -3.57722955e-03 
 1.07977516e+00  3.32843583e+02  1.07977516e+00 -3.86260362e-03 
 1.16591440e+00  3.32843583e+02  1.16591440e+00 -4.17074345e-03 
 1.25892541e+00  3.32843583e+02  1.25892541e+00 -4.50346518e-03 
 1.35935639e+00  3.32843583e+02  1.35935639e+00 -4.86272985e-03 
 1.46779927e+00  3.32843583e+02  1.46779927e+00 -5.25065491e-03 
 1.58489319e+00  3.32843583e+02  1.58489319e+00 -5.66952676e-03 
 1.71132830e+00  3.32843582e+02  1.71132830e+00 -6.12181418e-03 
 1.84784980e+00  3.32843582e+02  1.84784980e+00 -6.61018290e-03 
 1.99526231e+00  3.32843582e+02  1.99526231e+00 -7.13751131e-03 
 2.15443469e+00  3.32843582e+02  2.15443469e+00 -7.70690743e-03 
 2.32630507e+00  3.32843582e+02  2.32630507e+00 -8.32172722e-03 
 2.51188643e+00  3.32843582e+02  2.51188643e+00 -8.98559436e-03 
 2.71227258e+00  3.32843582e+02  2.71227258e+00 -9.70242161e-03 
 2.92864456e+00  3.32843582e+02  2.92864456e+00 -1.04764339e-02 
 3.16227766e+00  3.32843582e+02  3.16227766e+00 -1.13121931e-02 
 3.41454887e+00  3.32843582e+02  3.41454887e+00 -1.22146251e-02 
 3.68694506e+00  3.32843582e+02  3.68694506e+00 -1.31890488e-02 
 3.98107171e+00  3.32843582e+02  3.98107171e+00 -1.42412073e-02 
 4.29866235e+00  3.32843582e+02  4.29866235e+00 -1.53773019e-02 
 4.64158883e+00  3.32843582e+02  4.64158883e+00 -1.66040287e-02 
 5.01187234e+00  3.32843582e+02  5.01187234e+00 -1.79286178e-02 
 5.41169527e+00  3.32843581e+02  5.41169527e+00 -1.93588761e-02 
 5.84341413e+00  3.32843581e+02  5.84341413e+00 -2.09032336e-02 
 6.30957344e+00  3.32843581e+02  6.30957344e+00 -2.25707925e-02 
 6.81292069e+00  3.32843581e+02  6.81292069e+00 -2.43713811e-02 
 7.35642254e+00  3.32843581e+02  7.35642254e+00 -2.63156119e-02 
 7.94328235e+00  3.32843580e+02  7.94328235e+00 -2.84149441e-02 
 8.57695899e+00  3.32843580e+02  8.57695899e+00 -3.06817509e-02 
 9.26118728e+00  3.32843579e+02  9.26118728e+00 -3.31293925e-02 
 1.00000000e+01  3.32843579e+02  1.00000000e+01 -3.57722951e-02 
 1.07977516e+01  3.32843578e+02  1.07977516e+01 -3.86260357e-02 
 1.16591440e+01  3.32843577e+02  1.16591440e+01 -4.17074338e-02 
 1.25892541e+01  3.32843577e+02  1.25892541e+01 -4.50346510e-02 
 1.35935639e+01  3.32843576e+02  1.35935639e+01 -4.86272975e-02 
 1.46779927e+01  3.32843574e+02  1.46779927e+01 -5.25065478e-02 
 1.58489319e+01  3.32843573e+02  1.58489319e+01 -5.66952660e-02 
 1.71132830e+01  3.32843571e+02  1.71132830e+01 -6.12181397e-02 
 1.84784980e+01  3.32843569e+02  1.84784980e+01 -6.61018264e-02 
 1.99526231e+01  3.32843567e+02  1.99526231e+01 -7.13751098e-02 
 2.15443469e+01  3.32843565e+02  2.15443469e+01 -7.70690702e-02 
 2.32630507e+01  3.32843562e+02  2.32630507e+01 -8.32172671e-02 
 2.51188643e+01  3.32843558e+02  2.51188643e+01 -8.98559371e-02 
 2.71227258e+01  3.32843554e+02  2.71227258e+01 -9.70242079e-02 
 2.92864456e+01  3.32843550e+02  2.92864456e+01 -1.04764328e-01 
 3.16227766e+01  3.32843544e+02  3.16227766e+01 -1.13121918e-01 
 3.41454887e+01  3.32843538e+02  3.41454887e+01 -1.22146235e-01 
 3.68694506e+01  3.32843530e+02  3.68694506e+01 -1.31890468e-01 
 3.98107171e+01  3.32843522e+02  3.98107171e+01 -1.42412047e-01 
 4.29866235e+01  3.32843512e+02  4.29866235e+01 -1.53772987e-01 
 4.64158883e+01  3.32843500e+02  4.64158883e+01 -1.66040246e-01 
 5.01187234e+01  3.32843486e+02  5.01187234e+01 -1.79286126e-01 
 5.41169527e+01  3.32843470e+02  5.41169527e+01 -1.93588697e-01 
 5.84341413e+01  3.32843451e+02  5.84341413e+01 -2.09032255e-01 
 6.30957344e+01  3.32843430e+02  6.30957344e+01 -2.25707822e-01 
 6.81292069e+01  3.32843404e+02  6.81292069e+01 -2.43713682e-01 
 7.35642254e+01  3.32843375e+02  7.35642254e+01 -2.63155957e-01 
 7.94328235e+01  3.32843340e+02  7.94328235e+01 -2.84149237e-01 
 8.57695899e+01  3.32843300e+02  8.57695899e+01 -3.06817251e-01 
 9.26118728e+01  3.32843253e+02  9.26118728e+01 -3.31293601e-01 
 1.00000000e+02  3.32843199e+02  1.00000000e+02 -3.57722543e-01 
 1.07977516e+02  3.32843135e+02  1.07977516e+02 -3.86259843e-01 
 1.16591440e+02  3.32843061e+02  1.16591440e+02 -4.17073691e-01 
 1.25892541e+02  3.32842974e+02  1.25892541e+02 -4.50345696e-01 
 1.35935639e+02  3.32842873e+02  1.35935639e+02 -4.86271949e-01 
 1.46779927e+02  3.32842755e+02  1.46779927e+02 -5.25064187e-01 
 1.58489319e+02  3.32842618e+02  1.58489319e+02 -5.66951035e-01 
 1.71132830e+02  3.32842458e+02  1.71132830e+02 -6.12179351e-01 
 1.84784980e+02  3.32842271e+02  1.84784980e+02 -6.61015688e-01 
 1.99526231e+02  3.32842054e+02  1.99526231e+02 -7.13747856e-01 
 2.15443469e+02  3.32841800e+02  2.15443469e+02 -7.70686620e-01 
 2.32630507e+02  3.32841504e+02  2.32630507e+02 -8.32167532e-01 
 2.51188643e+02  3.32841159e+02  2.51188643e+02 -8.98552902e-01 
 2.71227258e+02  3.32840757e+02  2.71227258e+02 -9.70233935e-01 
 2.92864456e+02  3.32840289e+02  2.92864456e+02 -1.04763303e+00 
 3.16227766e+02  3.32839742e+02  3.16227766e+02 -1.13120627e+00 
 3.41454887e+02  3.32839105e+02  3.41454887e+02 -1.22144610e+00 
 3.68694506e+02  3.32838362e+02  3.68694506e+02 -1.31888422e+00 
 3.98107171e+02  3.32837496e+02  3.98107171e+02 -1.42409472e+00 
 4.29866235e+02  3.32836486e+02  4.29866235e+02 -1.53769745e+00 
 4.64158883e+02  3.32835309e+02  4.64158883e+02 -1.66036164e+00 
 5.01187234e+02  3.32833936e+02  5.01187234e+02 -1.79280987e+00 
 5.41169527e+02  3.32832335e+02  5.41169527e+02 -1.93582227e+00 
 5.84341413e+02  3.32830469e+02  5.84341413e+02 -2.09024110e+00 
 6.30957344e+02  3.32828294e+02  6.30957344e+02 -2.25697569e+00 
 6.81292069e+02  3.32825757e+02  6.81292069e+02 -2.43700774e+00 
 7.35642254e+02  3.32822800e+02  7.35642254e+02 -2.63139707e+00 
 7.94328235e+02  3.32819352e+02  7.94328235e+02 -2.84128780e+00 
 8.57695899e+02  3.32815332e+02  8.57695899e+02 -3.06791498e+00 
 9.26118728e+02  3.32810646e+02  9.26118728e+02 -3.31261179e+00 
 1.00000000e+03  3.32805182e+02  1.00000000e+03 -3.57681727e+00 
 1.07977516e+03  3.32798811e+02  1.07977516e+03 -3.86208460e+00 
 1.16591440e+03  3.32791384e+02  1.16591440e+03 -4.17009006e+00 
 1.25892541e+03  3.32782725e+02  1.25892541e+03 -4.50264264e+00 
 1.35935639e+03  3.32772630e+02  1.35935639e+03 -4.86169436e+00 
 1.46779927e+03  3.32760861e+02  1.46779927e+03 -5.24935135e+00 
 1.58489319e+03  3.32747140e+02  1.58489319e+03 -5.66788574e+00 
 1.71132830e+03  3.32731145e+02  1.71132830e+03 -6.11974836e+00 
 1.84784980e+03  3.32712497e+02  1.84784980e+03 -6.60758233e+00 
 1.99526231e+03  3.32690758e+02  1.99526231e+03 -7.13423761e+00 
 2.15443469e+03  3.32665415e+02  2.15443469e+03 -7.70278640e+00 
 2.32630507e+03  3.32635873e+02  2.32630507e+03 -8.31653961e+00 
 2.51188643e+03  3.32601437e+02  2.51188643e+03 -8.97906422e+00 
 2.71227258e+03  3.32561295e+02  2.71227258e+03 -9.69420164e+00 
 2.92864456e+03  3.32514506e+02  2.92864456e+03 -1.04660870e+01 
 3.16227766e+03  3.32459970e+02  3.16227766e+03 -1.12991693e+01 
 3.41454887e+03  3.32396409e+02  3.41454887e+03 -1.21982322e+01 
 3.68694506e+03  3.32322332e+02  3.68694506e+03 -1.31684160e+01 
 3.98107171e+03  3.32236007e+02  3.98107171e+03 -1.42152389e+01 
 4.29866235e+03  3.32135415e+02  4.29866235e+03 -1.53446195e+01 
 4.64158883e+03  3.32018211e+02  4.64158883e+03 -1.65628985e+01 
 5.01187234e+03  3.31881666e+02  5.01187234e+03 -1.78768591e+01 
 5.41169527e+03  3.31722607e+02  5.41169527e+03 -1.92937471e+01 
 5.84341413e+03  3.31537350e+02  5.84341413e+03 -2.08212867e+01 
 6.30957344e+03  3.31321617e+02  6.30957344e+03 -2.24676945e+01 
 6.81292069e+03  3.31070445e+02  6.81292069e+03 -2.42416867e+01 
 7.35642254e+03  3.30778079e+02  7.35642254e+03 -2.61524805e+01 
 7.94328235e+03  3.30437857e+02  7.94328235e+03 -2.82097848e+01 
 8.57695899e+03  3.30042068e+02  8.57695899e+03 -3.04237796e+01 
 9.26118728e+03  3.29581807e+02  9.26118728e+03 -3.28050783e+01 
 1.00000000e+04  3.29046798e+02  1.00000000e+04 -3.53646698e+01 
 1.07977516e+04  3.28425210e+02  1.07977516e+04 -3.81138342e+01 
 1.16591440e+04  3.27703447e+02  1.16591440e+04 -4.10640259e+01 
 1.25892541e+04  3.26865925e+02  1.25892541e+04 -4.42267164e+01 
 1.35935639e+04  3.25894828e+02  1.35935639e+04 -4.76131866e+01 
 1.46779927e+04  3.24769866e+02  1.46779927e+04 -5.12342601e+01 
 1.58489319e+04  3.23468012e+02  1.58489319e+04 -5.50999642e+01 
 1.71132830e+04  3.21963265e+02  1.71132830e+04 -5.92191064e+01 
 1.84784980e+04  3.20226421e+02  1.84784980e+04 -6.35987537e+01 
 1.99526231e+04  3.18224897e+02  1.99526231e+04 -6.82436022e+01 
 2.15443469e+04  3.15922619e+02  2.15443469e+04 -7.31552258e+01 
 2.32630507e+04  3.13280025e+02  2.32630507e+04 -7.83311976e+01 
 2.51188643e+04  3.10254205e+02  2.51188643e+04 -8.37640846e+01 
 2.71227258e+04  3.06799257e+02  2.71227258e+04 -8.94403257e+01 
 2.92864456e+04  3.02866885e+02  2.92864456e+04 -9.53390201e+01 
 3.16227766e+04  2.98407342e+02  3.16227766e+04 -1.01430671e+02 
 3.41454887e+04  2.93370729e+02  3.41454887e+04 -1.07675954e+02 
 3.68694506e+04  2.87708755e+02  3.68694506e+04 -1.14024623e+02 
 3.98107171e+04  2.81376935e+02  3.98107171e+04 -1.20414667e+02 
 4.29866235e+04  2.74337254e+02  4.29866235e+04 -1.26771900e+02 
 4.64158883e+04  2.66561214e+02  4.64158883e+04 -1.33010158e+02 
 5.01187234e+04  2.58033136e+02  5.01187234e+04 -1.39032289e+02 
 5.41169527e+04  2.48753491e+02  5.41169527e+04 -1.44732105e+02 
 5.84341413e+04  2.38741986e+02  5.84341413e+04 -1.49997380e+02 
 6.30957344e+04  2.28040009e+02  6.30957344e+04 -1.54713919e+02 
 6.81292069e+04  2.16712084e+02  6.81292069e+04 -1.58770545e+02 
 7.35642254e+04  2.04845940e+02  7.35642254e+04 -1.62064716e+02 
 7.94328235e+04  1.92550963e+02  7.94328235e+04 -1.64508338e+02 
 8.57695899e+04  1.79954914e+02  8.57695899e+04 -1.66033211e+02 
 9.26118728e+04  1.67199046e+02  9.26118728e+04 -1.66595529e+02 
 1.00000000e+05  1.54431979e+02  1.00000000e+05 -1.66178894e+02 
 1.07977516e+05  1.41802852e+02  1.07977516e+05 -1.64795465e+02 
 1.16591440e+05  1.29454434e+02  1.16591440e+05 -1.62485108e+02 
 1.25892541e+05  1.17516844e+02  1.25892541e+05 -1.59312633e+02 
 1.35935639e+05  1.06102460e+02  1.35935639e+05 -1.55363495e+02 
 1.46779927e+05  9.53023835e+01  1.46779927e+05 -1.50738445e+02 
 1.58489319e+05  8.51846350e+01  1.58489319e+05 -1.45547738e+02 
 1.71132830e+05  7.57939954e+01  1.71132830e+05 -1.39905455e+02 
 1.84784980e+05  6.71532701e+01  1.84784980e+05 -1.33924397e+02 
 1.99526231e+05  5.92656183e+01  1.99526231e+05 -1.27711869e+02 
 2.15443469e+05  5.21175613e+01  2.15443469e+05 -1.21366521e+02 
 2.32630507e+05  4.56823014e+01  2.32630507e+05 -1.14976241e+02 
 2.51188643e+05  3.99230429e+01  2.51188643e+05 -1.08617031e+02 
 2.71227258e+05  3.47960883e+01  2.71227258e+05 -1.02352705e+02 
 2.92864456e+05  3.02535609e+01  2.92864456e+05 -9.62352202e+01 
 3.16227766e+05  2.62456824e+01  3.16227766e+05 -9.03054653e+01 
 3.41454887e+05  2.27225870e+01  3.41454887e+05 -8.45943264e+01 
 3.68694506e+05  1.96356969e+01  3.68694506e+05 -7.91239066e+01 
 3.98107171e+05  1.69387055e+01  3.98107171e+05 -7.39087827e+01 
 4.29866235e+05  1.45882296e+01  4.29866235e+05 -6.89572275e+01 
 4.64158883e+05  1.25441928e+01  4.64158883e+05 -6.42723470e+01 
 5.01187234e+05  1.07699984e+01  5.01187234e+05 -5.98531042e+01 
 5.41169527e+05  9.23254697e+00  5.41169527e+05 -5.56952171e+01 
 5.84341413e+05  7.90214072e+00  5.84341413e+05 -5.17919281e+01 
 6.30957344e+05  6.75231283e+00  6.30957344e+05 -4.81346520e+01 
 6.81292069e+05  5.75960949e+00  6.81292069e+05 -4.47135130e+01 
 7.35642254e+05  4.90334645e+00  7.35642254e+05 -4.15177810e+01 
 7.94328235e+05  4.16535618e+00  7.94328235e+05 -3.85362226e+01 
 8.57695899e+05  3.52973681e+00  8.57695899e+05 -3.57573782e+01 
 9.26118728e+05  2.98261054e+00  9.26118728e+05 -3.31697774e+01 
 1.00000000e+06  2.51189644e+00  1.00000000e+06 -3.07621031e+01 
 1.07977516e+06  2.10710029e+00  1.07977516e+06 -2.85233143e+01 
 1.16591440e+06  1.75912292e+00  1.16591440e+06 -2.64427341e+01 
 1.25892541e+06  1.46008709e+00  1.25892541e+06 -2.45101121e+01 
 1.35935639e+06  1.20318255e+00  1.35935639e+06 -2.27156637e+01 
 1.46779927e+06  9.82528296e-01  1.46779927e+06 -2.10500940e+01 
 1.58489319e+06  7.93050818e-01  1.58489319e+06 -1.95046077e+01 
 1.71132830e+06  6.30376926e-01  1.71132830e+06 -1.80709100e+01 
 1.84784980e+06  4.90739882e-01  1.84784980e+06 -1.67411990e+01 
 1.99526231e+06  3.70897379e-01  1.99526231e+06 -1.55081539e+01 
 2.15443469e+06  2.68060096e-01  2.15443469e+06 -1.43649181e+01 
 2.32630507e+06  1.79829619e-01  2.32630507e+06 -1.33050805e+01 
 2.51188643e+06  1.04144594e-01  2.51188643e+06 -1.23226548e+01 
 2.71227258e+06  3.92341092e-02  2.71227258e+06 -1.14120579e+01 
 2.92864456e+06 -1.64226030e-02  2.92864456e+06 -1.05680875e+01 
 3.16227766e+06 -6.41309605e-02  3.16227766e+06 -9.78590070e+00 
 3.41454887e+06 -1.05011035e-01  3.41454887e+06 -9.06099184e+00 
 3.68694506e+06 -1.40023398e-01  3.68694506e+06 -8.38917184e+00 
 3.98107171e+06 -1.69991364e-01  3.98107171e+06 -7.76654773e+00 
 4.29866235e+06 -1.95620112e-01  4.29866235e+06 -7.18950326e+00 
 4.64158883e+06 -2.17513107e-01  4.64158883e+06 -6.65468046e+00 
 5.01187234e+06 -2.36186200e-01  5.01187234e+06 -6.15896209e+00 
 5.41169527e+06 -2.52079699e-01  5.41169527e+06 -5.69945512e+00 
 5.84341413e+06 -2.65568712e-01  5.84341413e+06 -5.27347518e+00 
 6.30957344e+06 -2.76971990e-01  6.30957344e+06 -4.87853203e+00 
 6.81292069e+06 -2.86559471e-01  6.81292069e+06 -4.51231592e+00 
 7.35642254e+06 -2.94558713e-01  7.35642254e+06 -4.17268493e+00 
 7.94328235e+06 -3.01160375e-01  7.94328235e+06 -3.85765315e+00 
 8.57695899e+06 -3.06522866e-01  8.57695899e+06 -3.56537977e+00 
 9.26118728e+06 -3.10776307e-01  9.26118728e+06 -3.29415903e+00 
 1.00000000e+07 -3.14025895e-01  1.00000000e+07 -3.04241088e+00 
 1.07977516e+07 -3.16354783e-01  1.07977516e+07 -2.80867252e+00 
 1.16591440e+07 -3.17826554e-01  1.16591440e+07 -2.59159063e+00 
 1.25892541e+07 -3.18487403e-01  1.25892541e+07 -2.38991433e+00 
 1.35935639e+07 -3.18368094e-01  1.35935639e+07 -2.20248883e+00 
 1.46779927e+07 -3.17485792e-01  1.46779927e+07 -2.02824976e+00 
 1.58489319e+07 -3.15845866e-01  1.58489319e+07 -1.86621802e+00 
 1.71132830e+07 -3.13443753e-01  1.71132830e+07 -1.71549527e+00 
 1.84784980e+07 -3.10266970e-01  1.84784980e+07 -1.57525983e+00 
 1.99526231e+07 -3.06297381e-01  1.99526231e+07 -1.44476296e+00 
 2.15443469e+07 -3.01513769e-01  2.15443469e+07 -1.32332538e+00 
 2.32630507e+07 -2.95894771e-01  2.32630507e+07 -1.21033380e+00 
 2.51188643e+07 -2.89422193e-01  2.51188643e+07 -1.10523746e+00 
 2.71227258e+07 -2.82084626e-01  2.71227258e+07 -1.00754415e+00 
 2.92864456e+07 -2.73881269e-01  2.92864456e+07 -9.16815872e-01 
 3.16227766e+07 -2.64825718e-01  3.16227766e+07 -8.32663617e-01 
 3.41454887e+07 -2.54949444e-01  3.41454887e+07 -7.54741393e-01 
 3.68694506e+07 -2.44304589e-01  3.68694506e+07 -6.82739320e-01 
 3.98107171e+07 -2.32965687e-01  3.98107171e+07 -6.16376000e-01 
 4.29866235e+07 -2.21029947e-01  4.29866235e+07 -5.55390415e-01 
 4.64158883e+07 -2.08615833e-01  4.64158883e+07 -4.99533791e-01 
 5.01187234e+07 -1.95859847e-01  5.01187234e+07 -4.48562003e-01 
 5.41169527e+07 -1.82911645e-01  5.41169527e+07 -4.02229085e-01 
 5.84341413e+07 -1.69927843e-01  5.84341413e+07 -3.60282420e-01 
 6.30957344e+07 -1.57065078e-01  6.30957344e+07 -3.22459945e-01 
 6.81292069e+07 -1.44473002e-01  6.81292069e+07 -2.88489562e-01 
 7.35642254e+07 -1.32287887e-01  7.35642254e+07 -2.58090587e-01 
 7.94328235e+07 -1.20627444e-01  7.94328235e+07 -2.30976918e-01 
 8.57695899e+07 -1.09587231e-01  8.57695899e+07 -2.06861351e-01 
 9.26118728e+07 -9.92388237e-02  9.26118728e+07 -1.85460452e-01 
 1.00000000e+08 -8.96296908e-02  1.00000000e+08 -1.66499398e-01 
 1.07977516e+08 -8.07845118e-02  1.07977516e+08 -1.49716295e-01 
 1.16591440e+08 -7.27075957e-02  1.16591440e+08 -1.34865661e-01 
 1.25892541e+08 -6.53859932e-02  1.25892541e+08 -1.21720881e-01 
 1.35935639e+08 -5.87929272e-02  1.35935639e+08 -1.10075643e-01 
 1.46779927e+08 -5.28912251e-02  1.46779927e+08 -9.97444126e-02 
 1.58489319e+08 -4.76365164e-02  1.58489319e+08 -9.05621148e-02 
 1.71132830e+08 -4.29800468e-02  1.71132830e+08 -8.23832115e-02 
 1.84784980e+08 -3.88710325e-02  1.84784980e+08 -7.50803525e-02 
 1.99526231e+08 -3.52585366e-02  1.99526231e+08 -6.85427747e-02 
 2.15443469e+08 -3.20928930e-02  2.15443469e+08 -6.26745857e-02 
 2.32630507e+08 -2.93267263e-02  2.32630507e+08 -5.73930412e-02 
 2.51188643e+08 -2.69156301e-02  2.51188643e+08 -5.26268881e-02 
 2.71227258e+08 -2.48185665e-02  2.71227258e+08 -4.83148260e-02 
 2.92864456e+08 -2.29980511e-02  2.92864456e+08 -4.44041110e-02 
 3.16227766e+08 -2.14201742e-02  3.16227766e+08 -4.08493153e-02 
 3.41454887e+08 -2.00545072e-02  3.41454887e+08 -3.76112408e-02 
 3.68694506e+08 -1.88739303e-02  3.68694506e+08 -3.46559802e-02 
 3.98107171e+08 -1.78544111e-02  3.98107171e+08 -3.19541124e-02 
 4.29866235e+08 -1.69747560e-02  4.29866235e+08 -2.94800189e-02 
 4.64158883e+08 -1.62163521e-02  4.64158883e+08 -2.72113061e-02 
 5.01187234e+08 -1.55629097e-02  5.01187234e+08 -2.51283196e-02 
 5.41169527e+08 -1.50002150e-02  5.41169527e+08 -2.32137367e-02 
 5.84341413e+08 -1.45158962e-02  5.84341413e+08 -2.14522253e-02 
 6.30957344e+08 -1.40992081e-02  6.30957344e+08 -1.98301589e-02 
 6.81292069e+08 -1.37408343e-02  6.81292069e+08 -1.83353785e-02 
 7.35642254e+08 -1.34327098e-02  7.35642254e+08 -1.69569930e-02 
 7.94328235e+08 -1.31678611e-02  7.94328235e+08 -1.56852125e-02 
 8.57695899e+08 -1.29402651e-02  8.57695899e+08 -1.45112075e-02 
 9.26118728e+08 -1.27447239e-02  9.26118728e+08 -1.34269913e-02 
 1.00000000e+09 -1.25767552e-02  1.00000000e+09 -1.24253191e-02 
 1.07977516e+09 -1.24324958e-02  1.07977516e+09 -1.14996032e-02 
 1.16591440e+09 -1.23086181e-02  1.16591440e+09 -1.06438402e-02 
 1.25892541e+09 -1.22022574e-02  1.25892541e+09 -9.85254861e-03 
 1.35935639e+09 -1.21109480e-02  1.35935639e+09 -9.12071419e-03 
 1.46779927e+09 -1.20325687e-02  1.46779927e+09 -8.44374350e-03 
 1.58489319e+09 -1.19652952e-02  1.58489319e+09 -7.81742262e-03 
 1.71132830e+09 -1.19075591e-02  1.71132830e+09 -7.23788118e-03 
 1.84784980e+09 -1.18580121e-02  1.84784980e+09 -6.70156052e-03 
 1.99526231e+09 -1.18154956e-02  1.99526231e+09 -6.20518557e-03 
 2.15443469e+09 -1.17790144e-02  2.15443469e+09 -5.74573971e-03 
 2.32630507e+09 -1.17477134e-02  2.32630507e+09 -5.32044243e-03 
 2.51188643e+09 -1.17208583e-02  2.51188643e+09 -4.92672921e-03 
 2.71227258e+09 -1.16978185e-02  2.71227258e+09 -4.56223341e-03 
 2.92864456e+09 -1.16780529e-02  2.92864456e+09 -4.22476999e-03 
 3.16227766e+09 -1.16610965e-02  3.16227766e+09 -3.91232073e-03 
 3.41454887e+09 -1.16465506e-02  3.41454887e+09 -3.62302079e-03 
 3.68694506e+09 -1.16340728e-02  3.68694506e+09 -3.35514653e-03 
 3.98107171e+09 -1.16233692e-02  3.98107171e+09 -3.10710438e-03 
 4.29866235e+09 -1.16141878e-02  4.29866235e+09 -2.87742066e-03 
 4.64158883e+09 -1.16063122e-02  4.64158883e+09 -2.66473233e-03 
 5.01187234e+09 -1.15995567e-02  5.01187234e+09 -2.46777838e-03 
 5.41169527e+09 -1.15937622e-02  5.41169527e+09 -2.28539211e-03 
 5.84341413e+09 -1.15887919e-02  5.84341413e+09 -2.11649384e-03 
 6.30957344e+09 -1.15845288e-02  6.30957344e+09 -1.96008439e-03 
 6.81292069e+09 -1.15808721e-02  6.81292069e+09 -1.81523892e-03 
 7.35642254e+09 -1.15777356e-02  7.35642254e+09 -1.68110139e-03 
 7.94328235e+09 -1.15750454e-02  7.94328235e+09 -1.55687932e-03 
 8.57695899e+09 -1.15727380e-02  8.57695899e+09 -1.44183909e-03 
 9.26118728e+09 -1.15707589e-02  9.26118728e+09 -1.33530146e-03 
 1.00000000e+10 -1.15690613e-02  1.00000000e+10 -1.23663758e-03 
