 1.00000000e+00  2.65720512e+02  1.00000000e+00 -3.53022513e-03 
 1.07977516e+00  2.65720512e+02  1.07977516e+00 -3.81184942e-03 
 1.16591440e+00  2.65720512e+02  1.16591440e+00 -4.11594032e-03 
 1.25892541e+00  2.65720512e+02  1.25892541e+00 -4.44429013e-03 
 1.35935639e+00  2.65720512e+02  1.35935639e+00 -4.79883410e-03 
 1.46779927e+00  2.65720512e+02  1.46779927e+00 -5.18166186e-03 
 1.58489319e+00  2.65720512e+02  1.58489319e+00 -5.59502978e-03 
 1.71132830e+00  2.65720512e+02  1.71132830e+00 -6.04137419e-03 
 1.84784980e+00  2.65720512e+02  1.84784980e+00 -6.52332580e-03 
 1.99526231e+00  2.65720512e+02  1.99526231e+00 -7.04372517e-03 
 2.15443469e+00  2.65720512e+02  2.15443469e+00 -7.60563949e-03 
 2.32630507e+00  2.65720512e+02  2.32630507e+00 -8.21238061e-03 
 2.51188643e+00  2.65720512e+02  2.51188643e+00 -8.86752461e-03 
 2.71227258e+00  2.65720512e+02  2.71227258e+00 -9.57493282e-03 
 2.92864456e+00  2.65720512e+02  2.92864456e+00 -1.03387746e-02 
 3.16227766e+00  2.65720512e+02  3.16227766e+00 -1.11635521e-02 
 3.41454887e+00  2.65720512e+02  3.41454887e+00 -1.20541262e-02 
 3.68694506e+00  2.65720512e+02  3.68694506e+00 -1.30157461e-02 
 3.98107171e+00  2.65720512e+02  3.98107171e+00 -1.40540794e-02 
 4.29866235e+00  2.65720512e+02  4.29866235e+00 -1.51752458e-02 
 4.64158883e+00  2.65720511e+02  4.64158883e+00 -1.63858535e-02 
 5.01187234e+00  2.65720511e+02  5.01187234e+00 -1.76930376e-02 
 5.41169527e+00  2.65720511e+02  5.41169527e+00 -1.91045025e-02 
 5.84341413e+00  2.65720511e+02  5.84341413e+00 -2.06285673e-02 
 6.30957344e+00  2.65720511e+02  6.30957344e+00 -2.22742146e-02 
 6.81292069e+00  2.65720510e+02  6.81292069e+00 -2.40511437e-02 
 7.35642254e+00  2.65720510e+02  7.35642254e+00 -2.59698275e-02 
 7.94328235e+00  2.65720510e+02  7.94328235e+00 -2.80415747e-02 
 8.57695899e+00  2.65720509e+02  8.57695899e+00 -3.02785958e-02 
 9.26118728e+00  2.65720508e+02  9.26118728e+00 -3.26940756e-02 
 1.00000000e+01  2.65720508e+02  1.00000000e+01 -3.53022507e-02 
 1.07977516e+01  2.65720507e+02  1.07977516e+01 -3.81184934e-02 
 1.16591440e+01  2.65720506e+02  1.16591440e+01 -4.11594022e-02 
 1.25892541e+01  2.65720505e+02  1.25892541e+01 -4.44429001e-02 
 1.35935639e+01  2.65720504e+02  1.35935639e+01 -4.79883394e-02 
 1.46779927e+01  2.65720502e+02  1.46779927e+01 -5.18166167e-02 
 1.58489319e+01  2.65720501e+02  1.58489319e+01 -5.59502954e-02 
 1.71132830e+01  2.65720499e+02  1.71132830e+01 -6.04137388e-02 
 1.84784980e+01  2.65720496e+02  1.84784980e+01 -6.52332541e-02 
 1.99526231e+01  2.65720494e+02  1.99526231e+01 -7.04372468e-02 
 2.15443469e+01  2.65720491e+02  2.15443469e+01 -7.60563887e-02 
 2.32630507e+01  2.65720487e+02  2.32630507e+01 -8.21237983e-02 
 2.51188643e+01  2.65720483e+02  2.51188643e+01 -8.86752363e-02 
 2.71227258e+01  2.65720478e+02  2.71227258e+01 -9.57493159e-02 
 2.92864456e+01  2.65720472e+02  2.92864456e+01 -1.03387731e-01 
 3.16227766e+01  2.65720466e+02  3.16227766e+01 -1.11635501e-01 
 3.41454887e+01  2.65720458e+02  3.41454887e+01 -1.20541238e-01 
 3.68694506e+01  2.65720449e+02  3.68694506e+01 -1.30157430e-01 
 3.98107171e+01  2.65720438e+02  3.98107171e+01 -1.40540755e-01 
 4.29866235e+01  2.65720426e+02  4.29866235e+01 -1.51752409e-01 
 4.64158883e+01  2.65720411e+02  4.64158883e+01 -1.63858473e-01 
 5.01187234e+01  2.65720395e+02  5.01187234e+01 -1.76930299e-01 
 5.41169527e+01  2.65720375e+02  5.41169527e+01 -1.91044928e-01 
 5.84341413e+01  2.65720352e+02  5.84341413e+01 -2.06285550e-01 
 6.30957344e+01  2.65720326e+02  6.30957344e+01 -2.22741991e-01 
 6.81292069e+01  2.65720295e+02  6.81292069e+01 -2.40511242e-01 
 7.35642254e+01  2.65720259e+02  7.35642254e+01 -2.59698030e-01 
 7.94328235e+01  2.65720217e+02  7.94328235e+01 -2.80415438e-01 
 8.57695899e+01  2.65720168e+02  8.57695899e+01 -3.02785569e-01 
 9.26118728e+01  2.65720110e+02  9.26118728e+01 -3.26940266e-01 
 1.00000000e+02  2.65720044e+02  1.00000000e+02 -3.53021891e-01 
 1.07977516e+02  2.65719966e+02  1.07977516e+02 -3.81184158e-01 
 1.16591440e+02  2.65719875e+02  1.16591440e+02 -4.11593045e-01 
 1.25892541e+02  2.65719769e+02  1.25892541e+02 -4.44427770e-01 
 1.35935639e+02  2.65719646e+02  1.35935639e+02 -4.79881845e-01 
 1.46779927e+02  2.65719502e+02  1.46779927e+02 -5.18164217e-01 
 1.58489319e+02  2.65719335e+02  1.58489319e+02 -5.59500499e-01 
 1.71132830e+02  2.65719139e+02  1.71132830e+02 -6.04134298e-01 
 1.84784980e+02  2.65718911e+02  1.84784980e+02 -6.52328650e-01 
 1.99526231e+02  2.65718646e+02  1.99526231e+02 -7.04367570e-01 
 2.15443469e+02  2.65718336e+02  2.15443469e+02 -7.60557721e-01 
 2.32630507e+02  2.65717975e+02  2.32630507e+02 -8.21230221e-01 
 2.51188643e+02  2.65717554e+02  2.51188643e+02 -8.86742591e-01 
 2.71227258e+02  2.65717063e+02  2.71227258e+02 -9.57480856e-01 
 2.92864456e+02  2.65716491e+02  2.92864456e+02 -1.03386182e+00 
 3.16227766e+02  2.65715824e+02  3.16227766e+02 -1.11633551e+00 
 3.41454887e+02  2.65715046e+02  3.41454887e+02 -1.20538783e+00 
 3.68694506e+02  2.65714139e+02  3.68694506e+02 -1.30154340e+00 
 3.98107171e+02  2.65713081e+02  3.98107171e+02 -1.40536864e+00 
 4.29866235e+02  2.65711848e+02  4.29866235e+02 -1.51747512e+00 
 4.64158883e+02  2.65710411e+02  4.64158883e+02 -1.63852308e+00 
 5.01187234e+02  2.65708735e+02  5.01187234e+02 -1.76922537e+00 
 5.41169527e+02  2.65706781e+02  5.41169527e+02 -1.91035156e+00 
 5.84341413e+02  2.65704503e+02  5.84341413e+02 -2.06273248e+00 
 6.30957344e+02  2.65701847e+02  6.30957344e+02 -2.22726504e+00 
 6.81292069e+02  2.65698750e+02  6.81292069e+02 -2.40491745e+00 
 7.35642254e+02  2.65695139e+02  7.35642254e+02 -2.59673485e+00 
 7.94328235e+02  2.65690930e+02  7.94328235e+02 -2.80384539e+00 
 8.57695899e+02  2.65686023e+02  8.57695899e+02 -3.02746670e+00 
 9.26118728e+02  2.65680301e+02  9.26118728e+02 -3.26891297e+00 
 1.00000000e+03  2.65673631e+02  1.00000000e+03 -3.52960243e+00 
 1.07977516e+03  2.65665854e+02  1.07977516e+03 -3.81106550e+00 
 1.16591440e+03  2.65656788e+02  1.16591440e+03 -4.11495347e+00 
 1.25892541e+03  2.65646218e+02  1.25892541e+03 -4.44304780e+00 
 1.35935639e+03  2.65633895e+02  1.35935639e+03 -4.79727017e+00 
 1.46779927e+03  2.65619529e+02  1.46779927e+03 -5.17969311e+00 
 1.58489319e+03  2.65602782e+02  1.58489319e+03 -5.59255142e+00 
 1.71132830e+03  2.65583259e+02  1.71132830e+03 -6.03825434e+00 
 1.84784980e+03  2.65560501e+02  1.84784980e+03 -6.51939848e+00 
 1.99526231e+03  2.65533971e+02  1.99526231e+03 -7.03878146e+00 
 2.15443469e+03  2.65503046e+02  2.15443469e+03 -7.59941645e+00 
 2.32630507e+03  2.65467000e+02  2.32630507e+03 -8.20454734e+00 
 2.51188643e+03  2.65424986e+02  2.51188643e+03 -8.85766466e+00 
 2.71227258e+03  2.65376017e+02  2.71227258e+03 -9.56252217e+00 
 2.92864456e+03  2.65318947e+02  2.92864456e+03 -1.03231539e+01 
 3.16227766e+03  2.65252438e+02  3.16227766e+03 -1.11438917e+01 
 3.41454887e+03  2.65174937e+02  3.41454887e+03 -1.20293825e+01 
 3.68694506e+03  2.65084635e+02  3.68694506e+03 -1.29846062e+01 
 3.98107171e+03  2.64979428e+02  3.98107171e+03 -1.40148921e+01 
 4.29866235e+03  2.64856871e+02  4.29866235e+03 -1.51259348e+01 
 4.64158883e+03  2.64714123e+02  4.64158883e+03 -1.63238080e+01 
 5.01187234e+03  2.64547885e+02  5.01187234e+03 -1.76149760e+01 
 5.41169527e+03  2.64354330e+02  5.41169527e+03 -1.90063007e+01 
 5.84341413e+03  2.64129018e+02  5.84341413e+03 -2.05050439e+01 
 6.30957344e+03  2.63866807e+02  6.30957344e+03 -2.21188622e+01 
 6.81292069e+03  2.63561749e+02  6.81292069e+03 -2.38557926e+01 
 7.35642254e+03  2.63206967e+02  7.35642254e+03 -2.57242261e+01 
 7.94328235e+03  2.62794524e+02  7.94328235e+03 -2.77328652e+01 
 8.57695899e+03  2.62315280e+02  8.57695899e+03 -2.98906622e+01 
 9.26118728e+03  2.61758725e+02  9.26118728e+03 -3.22067321e+01 
 1.00000000e+04  2.61112803e+02  1.00000000e+04 -3.46902352e+01 
 1.07977516e+04  2.60363726e+02  1.07977516e+04 -3.73502213e+01 
 1.16591440e+04  2.59495773e+02  1.16591440e+04 -4.01954285e+01 
 1.25892541e+04  2.58491091e+02  1.25892541e+04 -4.32340265e+01 
 1.35935639e+04  2.57329495e+02  1.35935639e+04 -4.64732951e+01 
 1.46779927e+04  2.55988282e+02  1.46779927e+04 -4.99192276e+01 
 1.58489319e+04  2.54442086e+02  1.58489319e+04 -5.35760485e+01 
 1.71132830e+04  2.52662766e+02  1.71132830e+04 -5.74456362e+01 
 1.84784980e+04  2.50619392e+02  1.84784980e+04 -6.15268464e+01 
 1.99526231e+04  2.48278325e+02  1.99526231e+04 -6.58147321e+01 
 2.15443469e+04  2.45603455e+02  2.15443469e+04 -7.02996685e+01 
 2.32630507e+04  2.42556640e+02  2.32630507e+04 -7.49664003e+01 
 2.51188643e+04  2.39098378e+02  2.51188643e+04 -7.97930434e+01 
 2.71227258e+04  2.35188786e+02  2.71227258e+04 -8.47500928e+01 
 2.92864456e+04  2.30788911e+02  2.92864456e+04 -8.97995139e+01 
 3.16227766e+04  2.25862405e+02  3.16227766e+04 -9.48940163e+01 
 3.41454887e+04  2.20377570e+02  3.41454887e+04 -9.99766354e+01 
 3.68694506e+04  2.14309726e+02  3.68694506e+04 -1.04980766e+02 
 3.98107171e+04  2.07643806e+02  3.98107171e+04 -1.09830796e+02 
 4.29866235e+04  2.00377036e+02  4.29866235e+04 -1.14443479e+02 
 4.64158883e+04  1.92521457e+02  4.64158883e+04 -1.18730134e+02 
 5.01187234e+04  1.84106022e+02  5.01187234e+04 -1.22599704e+02 
 5.41169527e+04  1.75177960e+02  5.41169527e+04 -1.25962579e+02 
 5.84341413e+04  1.65803109e+02  5.84341413e+04 -1.28734993e+02 
 6.30957344e+04  1.56064979e+02  6.30957344e+04 -1.30843661e+02 
 6.81292069e+04  1.46062454e+02  6.81292069e+04 -1.32230230e+02 
 7.35642254e+04  1.35906162e+02  7.35642254e+04 -1.32855081e+02 
 7.94328235e+04  1.25713786e+02  7.94328235e+04 -1.32700032e+02 
 8.57695899e+04  1.15604684e+02  8.57695899e+04 -1.31769613e+02 
 9.26118728e+04  1.05694357e+02  9.26118728e+04 -1.30090749e+02 
 1.00000000e+05  9.60892857e+01  1.00000000e+05 -1.27710882e+02 
 1.07977516e+05  8.68826167e+01  1.07977516e+05 -1.24694791e+02 
 1.16591440e+05  7.81510497e+01  1.16591440e+05 -1.21120471e+02 
 1.25892541e+05  6.99530778e+01  1.25892541e+05 -1.17074556e+02 
 1.35935639e+05  6.23285781e+01  1.35935639e+05 -1.12647731e+02 
 1.46779927e+05  5.52995842e+01  1.46779927e+05 -1.07930528e+02 
 1.58489319e+05  4.88719780e+01  1.58489319e+05 -1.03009792e+02 
 1.71132830e+05  4.30377932e+01  1.71132830e+05 -9.79659549e+01 
 1.84784980e+05  3.77778303e+01  1.84784980e+05 -9.28711778e+01 
 1.99526231e+05  3.30643239e+01  1.99526231e+05 -8.77882805e+01 
 2.15443469e+05  2.88634650e+01  2.15443469e+05 -8.27703657e+01 
 2.32630507e+05  2.51376481e+01  2.32630507e+05 -7.78609820e+01 
 2.51188643e+05  2.18473708e+01  2.51188643e+05 -7.30946809e+01 
 2.71227258e+05  1.89527642e+01  2.71227258e+05 -6.84978290e+01 
 2.92864456e+05  1.64147667e+01  2.92864456e+05 -6.40895606e+01 
 3.16227766e+05  1.41959753e+01  3.16227766e+05 -5.98827796e+01 
 3.41454887e+05  1.22612213e+01  3.41454887e+05 -5.58851448e+01 
 3.68694506e+05  1.05779207e+01  3.68694506e+05 -5.20999953e+01 
 3.98107171e+05  9.11624618e+00  3.98107171e+05 -4.85271888e+01 
 4.29866235e+05  7.84916593e+00  4.29866235e+05 -4.51638406e+01 
 4.64158883e+05  6.75238498e+00  4.64158883e+05 -4.20049611e+01 
 5.01187234e+05  5.80422058e+00  5.01187234e+05 -3.90439940e+01 
 5.41169527e+05  4.98543514e+00  5.41169527e+05 -3.62732631e+01 
 5.84341413e+05  4.27904536e+00  5.84341413e+05 -3.36843389e+01 
 6.30957344e+05  3.67012138e+00  6.30957344e+05 -3.12683319e+01 
 6.81292069e+05  3.14558553e+00  6.81292069e+05 -2.90161272e+01 
 7.35642254e+05  2.69401752e+00  7.35642254e+05 -2.69185660e+01 
 7.94328235e+05  2.30547031e+00  7.94328235e+05 -2.49665855e+01 
 8.57695899e+05  1.97129931e+00  8.57695899e+05 -2.31513236e+01 
 9.26118728e+05  1.68400604e+00  9.26118728e+05 -2.14641950e+01 
 1.00000000e+06  1.43709675e+00  1.00000000e+06 -1.98969449e+01 
 1.07977516e+06  1.22495553e+00  1.07977516e+06 -1.84416847e+01 
 1.16591440e+06  1.04273142e+00  1.16591440e+06 -1.70909131e+01 
 1.25892541e+06  8.86238471e-01  1.25892541e+06 -1.58375266e+01 
 1.35935639e+06  7.51867689e-01  1.35935639e+06 -1.46748215e+01 
 1.46779927e+06  6.36509841e-01  1.46779927e+06 -1.35964895e+01 
 1.58489319e+06  5.37487948e-01  1.58489319e+06 -1.25966084e+01 
 1.71132830e+06  4.52498451e-01  1.71132830e+06 -1.16696303e+01 
 1.84784980e+06  3.79560048e-01  1.84784980e+06 -1.08103662e+01 
 1.99526231e+06  3.16969294e-01  1.99526231e+06 -1.00139702e+01 
 2.15443469e+06  2.63262138e-01  2.15443469e+06 -9.27592199e+00 
 2.32630507e+06  2.17180653e-01  2.32630507e+06 -8.59200993e+00 
 2.51188643e+06  1.77644286e-01  2.51188643e+06 -7.95831290e+00 
 2.71227258e+06  1.43725053e-01  2.71227258e+06 -7.37118330e+00 
 2.92864456e+06  1.14626144e-01  2.92864456e+06 -6.82723006e+00 
 3.16227766e+06  8.96634951e-02  3.16227766e+06 -6.32330235e+00 
 3.41454887e+06  6.82499158e-02  3.41454887e+06 -5.85647393e+00 
 3.68694506e+06  4.98814329e-02  3.68694506e+06 -5.42402820e+00 
 3.98107171e+06  3.41255443e-02  3.98107171e+06 -5.02344408e+00 
 4.29866235e+06  2.06111194e-02  4.29866235e+06 -4.65238256e+00 
 4.64158883e+06  9.01971893e-03  4.64158883e+06 -4.30867413e+00 
 5.01187234e+06 -9.21862179e-04  5.01187234e+06 -3.99030690e+00 
 5.41169527e+06 -9.44800114e-03  5.41169527e+06 -3.69541550e+00 
 5.84341413e+06 -1.67597479e-02  5.84341413e+06 -3.42227065e+00 
 6.30957344e+06 -2.30295476e-02  6.30957344e+06 -3.16926942e+00 
 6.81292069e+06 -2.84052950e-02  6.81292069e+06 -2.93492621e+00 
 7.35642254e+06 -3.30138122e-02  7.35642254e+06 -2.71786424e+00 
 7.94328235e+06 -3.69638344e-02  7.94328235e+06 -2.51680767e+00 
 8.57695899e+06 -4.03485695e-02  8.57695899e+06 -2.33057430e+00 
 9.26118728e+06 -4.32478944e-02  9.26118728e+06 -2.15806874e+00 
 1.00000000e+07 -4.57302364e-02  1.00000000e+07 -1.99827603e+00 
 1.07977516e+07 -4.78541871e-02  1.07977516e+07 -1.85025583e+00 
 1.16591440e+07 -4.96698839e-02  1.16591440e+07 -1.71313689e+00 
 1.25892541e+07 -5.12201923e-02  1.25892541e+07 -1.58611200e+00 
 1.35935639e+07 -5.25417186e-02  1.35935639e+07 -1.46843330e+00 
 1.46779927e+07 -5.36656735e-02  1.46779927e+07 -1.35940787e+00 
 1.58489319e+07 -5.46186103e-02  1.58489319e+07 -1.25839375e+00 
 1.71132830e+07 -5.54230534e-02  1.71132830e+07 -1.16479612e+00 
 1.84784980e+07 -5.60980323e-02  1.84784980e+07 -1.07806386e+00 
 1.99526231e+07 -5.66595342e-02  1.99526231e+07 -9.97686316e-01 
 2.15443469e+07 -5.71208862e-02  2.15443469e+07 -9.23190334e-01 
 2.32630507e+07 -5.74930764e-02  2.32630507e+07 -8.54137484e-01 
 2.51188643e+07 -5.77850216e-02  2.51188643e+07 -7.90121515e-01 
 2.71227258e+07 -5.80037902e-02  2.71227258e+07 -7.30765998e-01 
 2.92864456e+07 -5.81547839e-02  2.92864456e+07 -6.75722146e-01 
 3.16227766e+07 -5.82418869e-02  3.16227766e+07 -6.24666808e-01 
 3.41454887e+07 -5.82675846e-02  3.41454887e+07 -5.77300626e-01 
 3.68694506e+07 -5.82330601e-02  3.68694506e+07 -5.33346338e-01 
 3.98107171e+07 -5.81382700e-02  3.98107171e+07 -4.92547224e-01 
 4.29866235e+07 -5.79820081e-02  4.29866235e+07 -4.54665695e-01 
 4.64158883e+07 -5.77619598e-02  4.64158883e+07 -4.19482000e-01 
 5.01187234e+07 -5.74747565e-02  5.01187234e+07 -3.86793070e-01 
 5.41169527e+07 -5.71160357e-02  5.41169527e+07 -3.56411464e-01 
 5.84341413e+07 -5.66805156e-02  5.84341413e+07 -3.28164438e-01 
 6.30957344e+07 -5.61620957e-02  6.30957344e+07 -3.01893108e-01 
 6.81292069e+07 -5.55539930e-02  6.81292069e+07 -2.77451711e-01 
 7.35642254e+07 -5.48489254e-02  7.35642254e+07 -2.54706938e-01 
 7.94328235e+07 -5.40393549e-02  7.94328235e+07 -2.33537339e-01 
 8.57695899e+07 -5.31177997e-02  8.57695899e+07 -2.13832763e-01 
 9.26118728e+07 -5.20772219e-02  9.26118728e+07 -1.95493814e-01 
 1.00000000e+08 -5.09114902e-02  1.00000000e+08 -1.78431298e-01 
 1.07977516e+08 -4.96159109e-02  1.07977516e+08 -1.62565609e-01 
 1.16591440e+08 -4.81878055e-02  1.16591440e+08 -1.47826031e-01 
 1.25892541e+08 -4.66271005e-02  1.25892541e+08 -1.34149929e-01 
 1.35935639e+08 -4.49368824e-02  1.35935639e+08 -1.21481785e-01 
 1.46779927e+08 -4.31238565e-02  1.46779927e+08 -1.09772092e-01 
 1.58489319e+08 -4.11986432e-02  1.58489319e+08 -9.89761179e-02 
 1.71132830e+08 -3.91758480e-02  1.71132830e+08 -8.90525669e-02 
 1.84784980e+08 -3.70738559e-02  1.84784980e+08 -7.99622315e-02 
 1.99526231e+08 -3.49143284e-02  1.99526231e+08 -7.16667055e-02 
 2.15443469e+08 -3.27214157e-02  2.15443469e+08 -6.41272687e-02 
 2.32630507e+08 -3.05207372e-02  2.32630507e+08 -5.73040318e-02 
 2.51188643e+08 -2.83382193e-02  2.51188643e+08 -5.11554148e-02 
 2.71227258e+08 -2.61989004e-02  2.71227258e+08 -4.56379882e-02 
 2.92864456e+08 -2.41258211e-02  2.92864456e+08 -4.07066675e-02 
 3.16227766e+08 -2.21391000e-02  3.16227766e+08 -3.63152060e-02 
 3.41454887e+08 -2.02552699e-02  3.41454887e+08 -3.24169009e-02 
 3.68694506e+08 -1.84869087e-02  3.68694506e+08 -2.89654105e-02 
 3.98107171e+08 -1.68425604e-02  3.98107171e+08 -2.59155832e-02 
 4.29866235e+08 -1.53269107e-02  4.29866235e+08 -2.32242126e-02 
 4.64158883e+08 -1.39411593e-02  4.64158883e+08 -2.08506582e-02 
 5.01187234e+08 -1.26835220e-02  5.01187234e+08 -1.87572996e-02 
 5.41169527e+08 -1.15497988e-02  5.41169527e+08 -1.69098147e-02 
 5.84341413e+08 -1.05339508e-02  5.84341413e+08 -1.52772943e-02 
 6.30957344e+08 -9.62864555e-03  6.30957344e+08 -1.38322175e-02 
 6.81292069e+08 -8.82574133e-03  6.81292069e+08 -1.25503179e-02 
 7.35642254e+08 -8.11669624e-03  7.35642254e+08 -1.14103731e-02 
 7.94328235e+08 -7.49289733e-03  7.94328235e+08 -1.03939461e-02 
 8.57695899e+08 -6.94591250e-03  8.57695899e+08 -9.48510306e-03 
 9.26118728e+08 -6.46767303e-03  9.26118728e+08 -8.67012636e-03 
 1.00000000e+09 -6.05059662e-03  1.00000000e+09 -7.93723673e-03 
 1.07977516e+09 -5.68766186e-03  1.07977516e+09 -7.27633357e-03 
 1.16591440e+09 -5.37244450e-03  1.16591440e+09 -6.67875839e-03 
 1.25892541e+09 -5.09912486e-03  1.25892541e+09 -6.13708405e-03 
 1.35935639e+09 -4.86247455e-03  1.35935639e+09 -5.64492994e-03 
 1.46779927e+09 -4.65782884e-03  1.46779927e+09 -5.19680199e-03 
 1.58489319e+09 -4.48105011e-03  1.58489319e+09 -4.78795579e-03 
 1.71132830e+09 -4.32848623e-03  1.71132830e+09 -4.41428028e-03 
 1.84784980e+09 -4.19692692e-03  1.84784980e+09 -4.07219971e-03 
 1.99526231e+09 -4.08356008e-03  1.99526231e+09 -3.75859133e-03 
 2.15443469e+09 -3.98592970e-03  2.15443469e+09 -3.47071648e-03 
 2.32630507e+09 -3.90189615e-03  2.32630507e+09 -3.20616315e-03 
 2.51188643e+09 -3.82959932e-03  2.51188643e+09 -2.96279800e-03 
 2.71227258e+09 -3.76742511e-03  2.71227258e+09 -2.73872636e-03 
 2.92864456e+09 -3.71397504e-03  2.92864456e+09 -2.53225886e-03 
 3.16227766e+09 -3.66803907e-03  3.16227766e+09 -2.34188348e-03 
 3.41454887e+09 -3.62857143e-03  3.41454887e+09 -2.16624210e-03 
 3.68694506e+09 -3.59466921e-03  3.68694506e+09 -2.00411087e-03 
 3.98107171e+09 -3.56555353e-03  3.98107171e+09 -1.85438349e-03 
 4.29866235e+09 -3.54055301e-03  4.29866235e+09 -1.71605719e-03 
 4.64158883e+09 -3.51908931e-03  4.64158883e+09 -1.58822071e-03 
 5.01187234e+09 -3.50066454e-03  5.01187234e+09 -1.47004405e-03 
 5.41169527e+09 -3.48485025e-03  5.41169527e+09 -1.36076968e-03 
 5.84341413e+09 -3.47127794e-03  5.84341413e+09 -1.25970494e-03 
 6.30957344e+09 -3.45963076e-03  6.30957344e+09 -1.16621544e-03 
 6.81292069e+09 -3.44963641e-03  6.81292069e+09 -1.07971934e-03 
 7.35642254e+09 -3.44106089e-03  7.35642254e+09 -9.99682307e-04 
 7.94328235e+09 -3.43370317e-03  7.94328235e+09 -9.25613082e-04 
 8.57695899e+09 -3.42739064e-03  8.57695899e+09 -8.57059577e-04 
 9.26118728e+09 -3.42197503e-03  9.26118728e+09 -7.93605387e-04 
 1.00000000e+10 -3.41732907e-03  1.00000000e+10 -7.34866694e-04 
