 1.00000000e+00  2.70600094e+02  1.00000000e+00 -3.47050675e-03 
 1.07977516e+00  2.70600094e+02  1.07977516e+00 -3.74736699e-03 
 1.16591440e+00  2.70600094e+02  1.16591440e+00 -4.04631380e-03 
 1.25892541e+00  2.70600094e+02  1.25892541e+00 -4.36910914e-03 
 1.35935639e+00  2.70600094e+02  1.35935639e+00 -4.71765553e-03 
 1.46779927e+00  2.70600094e+02  1.46779927e+00 -5.09400726e-03 
 1.58489319e+00  2.70600094e+02  1.58489319e+00 -5.50038252e-03 
 1.71132830e+00  2.70600094e+02  1.71132830e+00 -5.93917643e-03 
 1.84784980e+00  2.70600094e+02  1.84784980e+00 -6.41297519e-03 
 1.99526231e+00  2.70600094e+02  1.99526231e+00 -6.92457132e-03 
 2.15443469e+00  2.70600094e+02  2.15443469e+00 -7.47698013e-03 
 2.32630507e+00  2.70600094e+02  2.32630507e+00 -8.07345743e-03 
 2.51188643e+00  2.70600094e+02  2.51188643e+00 -8.71751880e-03 
 2.71227258e+00  2.70600094e+02  2.71227258e+00 -9.41296028e-03 
 2.92864456e+00  2.70600094e+02  2.92864456e+00 -1.01638807e-02 
 3.16227766e+00  2.70600094e+02  3.16227766e+00 -1.09747059e-02 
 3.41454887e+00  2.70600094e+02  3.41454887e+00 -1.18502149e-02 
 3.68694506e+00  2.70600094e+02  3.68694506e+00 -1.27955677e-02 
 3.98107171e+00  2.70600093e+02  3.98107171e+00 -1.38163362e-02 
 4.29866235e+00  2.70600093e+02  4.29866235e+00 -1.49185366e-02 
 4.64158883e+00  2.70600093e+02  4.64158883e+00 -1.61086653e-02 
 5.01187234e+00  2.70600093e+02  5.01187234e+00 -1.73937367e-02 
 5.41169527e+00  2.70600093e+02  5.41169527e+00 -1.87813248e-02 
 5.84341413e+00  2.70600093e+02  5.84341413e+00 -2.02796081e-02 
 6.30957344e+00  2.70600092e+02  6.30957344e+00 -2.18974171e-02 
 6.81292069e+00  2.70600092e+02  6.81292069e+00 -2.36442871e-02 
 7.35642254e+00  2.70600092e+02  7.35642254e+00 -2.55305139e-02 
 7.94328235e+00  2.70600091e+02  7.94328235e+00 -2.75672147e-02 
 8.57695899e+00  2.70600091e+02  8.57695899e+00 -2.97663937e-02 
 9.26118728e+00  2.70600090e+02  9.26118728e+00 -3.21410125e-02 
 1.00000000e+01  2.70600090e+02  1.00000000e+01 -3.47050669e-02 
 1.07977516e+01  2.70600089e+02  1.07977516e+01 -3.74736692e-02 
 1.16591440e+01  2.70600088e+02  1.16591440e+01 -4.04631371e-02 
 1.25892541e+01  2.70600087e+02  1.25892541e+01 -4.36910902e-02 
 1.35935639e+01  2.70600086e+02  1.35935639e+01 -4.71765538e-02 
 1.46779927e+01  2.70600085e+02  1.46779927e+01 -5.09400708e-02 
 1.58489319e+01  2.70600083e+02  1.58489319e+01 -5.50038229e-02 
 1.71132830e+01  2.70600081e+02  1.71132830e+01 -5.93917614e-02 
 1.84784980e+01  2.70600079e+02  1.84784980e+01 -6.41297483e-02 
 1.99526231e+01  2.70600076e+02  1.99526231e+01 -6.92457088e-02 
 2.15443469e+01  2.70600074e+02  2.15443469e+01 -7.47697956e-02 
 2.32630507e+01  2.70600070e+02  2.32630507e+01 -8.07345672e-02 
 2.51188643e+01  2.70600066e+02  2.51188643e+01 -8.71751791e-02 
 2.71227258e+01  2.70600061e+02  2.71227258e+01 -9.41295915e-02 
 2.92864456e+01  2.70600056e+02  2.92864456e+01 -1.01638793e-01 
 3.16227766e+01  2.70600050e+02  3.16227766e+01 -1.09747042e-01 
 3.41454887e+01  2.70600042e+02  3.41454887e+01 -1.18502126e-01 
 3.68694506e+01  2.70600034e+02  3.68694506e+01 -1.27955649e-01 
 3.98107171e+01  2.70600024e+02  3.98107171e+01 -1.38163326e-01 
 4.29866235e+01  2.70600012e+02  4.29866235e+01 -1.49185322e-01 
 4.64158883e+01  2.70599998e+02  4.64158883e+01 -1.61086597e-01 
 5.01187234e+01  2.70599982e+02  5.01187234e+01 -1.73937296e-01 
 5.41169527e+01  2.70599964e+02  5.41169527e+01 -1.87813159e-01 
 5.84341413e+01  2.70599942e+02  5.84341413e+01 -2.02795968e-01 
 6.30957344e+01  2.70599917e+02  6.30957344e+01 -2.18974029e-01 
 6.81292069e+01  2.70599888e+02  6.81292069e+01 -2.36442692e-01 
 7.35642254e+01  2.70599853e+02  7.35642254e+01 -2.55304914e-01 
 7.94328235e+01  2.70599813e+02  7.94328235e+01 -2.75671864e-01 
 8.57695899e+01  2.70599767e+02  8.57695899e+01 -2.97663580e-01 
 9.26118728e+01  2.70599713e+02  9.26118728e+01 -3.21409676e-01 
 1.00000000e+02  2.70599649e+02  1.00000000e+02 -3.47050104e-01 
 1.07977516e+02  2.70599575e+02  1.07977516e+02 -3.74735980e-01 
 1.16591440e+02  2.70599489e+02  1.16591440e+02 -4.04630475e-01 
 1.25892541e+02  2.70599389e+02  1.25892541e+02 -4.36909775e-01 
 1.35935639e+02  2.70599272e+02  1.35935639e+02 -4.71764120e-01 
 1.46779927e+02  2.70599135e+02  1.46779927e+02 -5.09398922e-01 
 1.58489319e+02  2.70598976e+02  1.58489319e+02 -5.50035981e-01 
 1.71132830e+02  2.70598791e+02  1.71132830e+02 -5.93914783e-01 
 1.84784980e+02  2.70598575e+02  1.84784980e+02 -6.41293919e-01 
 1.99526231e+02  2.70598323e+02  1.99526231e+02 -6.92452601e-01 
 2.15443469e+02  2.70598029e+02  2.15443469e+02 -7.47692307e-01 
 2.32630507e+02  2.70597686e+02  2.32630507e+02 -8.07338560e-01 
 2.51188643e+02  2.70597286e+02  2.51188643e+02 -8.71742838e-01 
 2.71227258e+02  2.70596821e+02  2.71227258e+02 -9.41284645e-01 
 2.92864456e+02  2.70596278e+02  2.92864456e+02 -1.01637374e+00 
 3.16227766e+02  2.70595644e+02  3.16227766e+02 -1.09745255e+00 
 3.41454887e+02  2.70594906e+02  3.41454887e+02 -1.18499878e+00 
 3.68694506e+02  2.70594045e+02  3.68694506e+02 -1.27952818e+00 
 3.98107171e+02  2.70593042e+02  3.98107171e+02 -1.38159762e+00 
 4.29866235e+02  2.70591872e+02  4.29866235e+02 -1.49180835e+00 
 4.64158883e+02  2.70590507e+02  4.64158883e+02 -1.61080948e+00 
 5.01187234e+02  2.70588917e+02  5.01187234e+02 -1.73930185e+00 
 5.41169527e+02  2.70587063e+02  5.41169527e+02 -1.87804207e+00 
 5.84341413e+02  2.70584901e+02  5.84341413e+02 -2.02784698e+00 
 6.30957344e+02  2.70582380e+02  6.30957344e+02 -2.18959841e+00 
 6.81292069e+02  2.70579441e+02  6.81292069e+02 -2.36424831e+00 
 7.35642254e+02  2.70576015e+02  7.35642254e+02 -2.55282428e+00 
 7.94328235e+02  2.70572020e+02  7.94328235e+02 -2.75643557e+00 
 8.57695899e+02  2.70567363e+02  8.57695899e+02 -2.97627944e+00 
 9.26118728e+02  2.70561933e+02  9.26118728e+02 -3.21364814e+00 
 1.00000000e+03  2.70555602e+02  1.00000000e+03 -3.46993627e+00 
 1.07977516e+03  2.70548222e+02  1.07977516e+03 -3.74664882e+00 
 1.16591440e+03  2.70539618e+02  1.16591440e+03 -4.04540970e+00 
 1.25892541e+03  2.70529586e+02  1.25892541e+03 -4.36797099e+00 
 1.35935639e+03  2.70517891e+02  1.35935639e+03 -4.71622275e+00 
 1.46779927e+03  2.70504258e+02  1.46779927e+03 -5.09220360e+00 
 1.58489319e+03  2.70488364e+02  1.58489319e+03 -5.49811197e+00 
 1.71132830e+03  2.70469835e+02  1.71132830e+03 -5.93631817e+00 
 1.84784980e+03  2.70448235e+02  1.84784980e+03 -6.40937715e+00 
 1.99526231e+03  2.70423056e+02  1.99526231e+03 -6.92004208e+00 
 2.15443469e+03  2.70393705e+02  2.15443469e+03 -7.47127877e+00 
 2.32630507e+03  2.70359492e+02  2.32630507e+03 -8.06628075e+00 
 2.51188643e+03  2.70319615e+02  2.51188643e+03 -8.70848523e+00 
 2.71227258e+03  2.70273135e+02  2.71227258e+03 -9.40158964e+00 
 2.92864456e+03  2.70218964e+02  2.92864456e+03 -1.01495688e+01 
 3.16227766e+03  2.70155833e+02  3.16227766e+03 -1.09566925e+01 
 3.41454887e+03  2.70082265e+02  3.41454887e+03 -1.18275435e+01 
 3.68694506e+03  2.69996541e+02  3.68694506e+03 -1.27670352e+01 
 3.98107171e+03  2.69896663e+02  3.98107171e+03 -1.37804291e+01 
 4.29866235e+03  2.69780308e+02  4.29866235e+03 -1.48733518e+01 
 4.64158883e+03  2.69644773e+02  4.64158883e+03 -1.60518096e+01 
 5.01187234e+03  2.69486924e+02  5.01187234e+03 -1.73222015e+01 
 5.41169527e+03  2.69303118e+02  5.41169527e+03 -1.86913288e+01 
 5.84341413e+03  2.69089132e+02  5.84341413e+03 -2.01663997e+01 
 6.30957344e+03  2.68840071e+02  6.30957344e+03 -2.17550281e+01 
 6.81292069e+03  2.68550270e+02  6.81292069e+03 -2.34652231e+01 
 7.35642254e+03  2.68213174e+02  7.35642254e+03 -2.53053686e+01 
 7.94328235e+03  2.67821215e+02  7.94328235e+03 -2.72841877e+01 
 8.57695899e+03  2.67365668e+02  8.57695899e+03 -2.94106897e+01 
 9.26118728e+03  2.66836492e+02  9.26118728e+03 -3.16940938e+01 
 1.00000000e+04  2.66222157e+02  1.00000000e+04 -3.41437247e+01 
 1.07977516e+04  2.65509455e+02  1.07977516e+04 -3.67688726e+01 
 1.16591440e+04  2.64683308e+02  1.16591440e+04 -3.95786109e+01 
 1.25892541e+04  2.63726558e+02  1.25892541e+04 -4.25815619e+01 
 1.35935639e+04  2.62619763e+02  1.35935639e+04 -4.57856010e+01 
 1.46779927e+04  2.61341005e+02  1.46779927e+04 -4.91974894e+01 
 1.58489319e+04  2.59865714e+02  1.58489319e+04 -5.28224238e+01 
 1.71132830e+04  2.58166539e+02  1.71132830e+04 -5.66634947e+01 
 1.84784980e+04  2.56213283e+02  1.84784980e+04 -6.07210437e+01 
 1.99526231e+04  2.53972937e+02  1.99526231e+04 -6.49919177e+01 
 2.15443469e+04  2.51409843e+02  2.15443469e+04 -6.94686206e+01 
 2.32630507e+04  2.48486039e+02  2.32630507e+04 -7.41383765e+01 
 2.51188643e+04  2.45161829e+02  2.51188643e+04 -7.89821287e+01 
 2.71227258e+04  2.41396632e+02  2.71227258e+04 -8.39735188e+01 
 2.92864456e+04  2.37150154e+02  2.92864456e+04 -8.90779111e+01 
 3.16227766e+04  2.32383923e+02  3.16227766e+04 -9.42515528e+01 
 3.41454887e+04  2.27063203e+02  3.41454887e+04 -9.94409874e+01 
 3.68694506e+04  2.21159256e+02  3.68694506e+04 -1.04582858e+02 
 3.98107171e+04  2.14651902e+02  3.98107171e+04 -1.09604252e+02 
 4.29866235e+04  2.07532228e+02  4.29866235e+04 -1.14423741e+02 
 4.64158883e+04  1.99805264e+02  4.64158883e+04 -1.18953223e+02 
 5.01187234e+04  1.91492355e+02  5.01187234e+04 -1.23100640e+02 
 5.41169527e+04  1.82632932e+02  5.41169527e+04 -1.26773530e+02 
 5.84341413e+04  1.73285370e+02  5.84341413e+04 -1.29883272e+02 
 6.30957344e+04  1.63526649e+02  6.30957344e+04 -1.32349742e+02 
 6.81292069e+04  1.53450656e+02  6.81292069e+04 -1.34105996e+02 
 7.35642254e+04  1.43165092e+02  7.35642254e+04 -1.35102499e+02 
 7.94328235e+04  1.32787148e+02  7.94328235e+04 -1.35310447e+02 
 8.57695899e+04  1.22438298e+02  8.57695899e+04 -1.34723764e+02 
 9.26118728e+04  1.12238657e+02  9.26118728e+04 -1.33359533e+02 
 1.00000000e+05  1.02301492e+02  1.00000000e+05 -1.31256796e+02 
 1.07977516e+05  9.27283772e+01  1.07977516e+05 -1.28473881e+02 
 1.16591440e+05  8.36054266e+01  1.16591440e+05 -1.25084594e+02 
 1.25892541e+05  7.50008618e+01  1.25892541e+05 -1.21173709e+02 
 1.35935639e+05  6.69639753e+01  1.35935639e+05 -1.16832243e+02 
 1.46779927e+05  5.95253925e+01  1.46779927e+05 -1.12152959e+02 
 1.58489319e+05  5.26984016e+01  1.58489319e+05 -1.07226419e+02 
 1.71132830e+05  4.64810528e+01  1.71132830e+05 -1.02137823e+02 
 1.84784980e+05  4.08587116e+01  1.84784980e+05 -9.69647112e+01 
 1.99526231e+05  3.58067796e+01  1.99526231e+05 -9.17755165e+01 
 2.15443469e+05  3.12933515e+01  2.15443469e+05 -8.66288747e+01 
 2.32630507e+05  2.72816447e+01  2.32630507e+05 -8.15735567e+01 
 2.51188643e+05  2.37321023e+01  2.51188643e+05 -7.66488697e+01 
 2.71227258e+05  2.06041245e+01  2.71227258e+05 -7.18853815e+01 
 2.92864456e+05  1.78574274e+01  2.92864456e+05 -6.73058374e+01 
 3.16227766e+05  1.54530555e+01  3.16227766e+05 -6.29261674e+01 
 3.41454887e+05  1.33540913e+01  3.41454887e+05 -5.87565046e+01 
 3.68694506e+05  1.15261105e+01  3.68694506e+05 -5.48021592e+01 
 3.98107171e+05  9.93743511e+00  3.98107171e+05 -5.10645160e+01 
 4.29866235e+05  8.55923047e+00  4.29866235e+05 -4.75418338e+01 
 4.64158883e+05  7.36548647e+00  4.64158883e+05 -4.42299426e+01 
 5.01187234e+05  6.33291831e+00  5.01187234e+05 -4.11228367e+01 
 5.41169527e+05  5.44081345e+00  5.41169527e+05 -3.82131721e+01 
 5.84341413e+05  4.67084646e+00  5.84341413e+05 -3.54926755e+01 
 6.30957344e+05  4.00687763e+00  6.30957344e+05 -3.29524762e+01 
 6.81292069e+05  3.43474723e+00  6.81292069e+05 -3.05833713e+01 
 7.35642254e+05  2.94207338e+00  7.35642254e+05 -2.83760341e+01 
 7.94328235e+05  2.51805919e+00  7.94328235e+05 -2.63211751e+01 
 8.57695899e+05  2.15331229e+00  8.57695899e+05 -2.44096641e+01 
 9.26118728e+05  1.83967876e+00  9.26118728e+05 -2.26326203e+01 
 1.00000000e+06  1.57009219e+00  1.00000000e+06 -2.09814772e+01 
 1.07977516e+06  1.33843772e+00  1.07977516e+06 -1.94480262e+01 
 1.16591440e+06  1.13943064e+00  1.16591440e+06 -1.80244449e+01 
 1.25892541e+06  9.68508665e-01  1.25892541e+06 -1.67033123e+01 
 1.35935639e+06  8.21736841e-01  1.35935639e+06 -1.54776147e+01 
 1.46779927e+06  6.95724002e-01  1.46779927e+06 -1.43407435e+01 
 1.58489319e+06  5.87549614e-01  1.58489319e+06 -1.32864884e+01 
 1.71132830e+06  4.94699931e-01  1.71132830e+06 -1.23090262e+01 
 1.84784980e+06  4.15012426e-01  1.84784980e+06 -1.14029063e+01 
 1.99526231e+06  3.46627515e-01  1.99526231e+06 -1.05630352e+01 
 2.15443469e+06  2.87946711e-01  2.15443469e+06 -9.78465956e+00 
 2.32630507e+06  2.37596398e-01  2.32630507e+06 -9.06334792e+00 
 2.51188643e+06  1.94396518e-01  2.51188643e+06 -8.39497328e+00 
 2.71227258e+06  1.57333536e-01  2.71227258e+06 -7.77569513e+00 
 2.92864456e+06  1.25537113e-01  2.92864456e+06 -7.20194208e+00 
 3.16227766e+06  9.82600067e-02  3.16227766e+06 -6.67039493e+00 
 3.41454887e+06  7.48607588e-02  3.41454887e+06 -6.17797042e+00 
 3.68694506e+06  5.47887915e-02  3.68694506e+06 -5.72180570e+00 
 3.98107171e+06  3.75715871e-02  3.98107171e+06 -5.29924352e+00 
 4.29866235e+06  2.28036629e-02  4.29866235e+06 -4.90781827e+00 
 4.64158883e+06  1.01370951e-02  4.64158883e+06 -4.54524270e+00 
 5.01187234e+06 -7.26625480e-04  5.01187234e+06 -4.20939556e+00 
 5.41169527e+06 -1.00435881e-02  5.41169527e+06 -3.89830992e+00 
 5.84341413e+06 -1.80334702e-02  5.84341413e+06 -3.61016219e+00 
 6.30957344e+06 -2.48846958e-02  6.30957344e+06 -3.34326196e+00 
 6.81292069e+06 -3.07588634e-02  6.81292069e+06 -3.09604242e+00 
 7.35642254e+06 -3.57945459e-02  7.35642254e+06 -2.86705150e+00 
 7.94328235e+06 -4.01105511e-02  7.94328235e+06 -2.65494351e+00 
 8.57695899e+06 -4.38087190e-02  8.57695899e+06 -2.45847150e+00 
 9.26118728e+06 -4.69763200e-02  9.26118728e+06 -2.27647999e+00 
 1.00000000e+07 -4.96881114e-02  1.00000000e+07 -2.10789840e+00 
 1.07977516e+07 -5.20080992e-02  1.07977516e+07 -1.95173475e+00 
 1.16591440e+07 -5.39910478e-02  1.16591440e+07 -1.80706996e+00 
 1.25892541e+07 -5.56837716e-02  1.25892541e+07 -1.67305248e+00 
 1.35935639e+07 -5.71262400e-02  1.35935639e+07 -1.54889334e+00 
 1.46779927e+07 -5.83525216e-02  1.46779927e+07 -1.43386154e+00 
 1.58489319e+07 -5.93915894e-02  1.58489319e+07 -1.32727978e+00 
 1.71132830e+07 -6.02680070e-02  1.71132830e+07 -1.22852051e+00 
 1.84784980e+07 -6.10025109e-02  1.84784980e+07 -1.13700229e+00 
 1.99526231e+07 -6.16125048e-02  1.99526231e+07 -1.05218633e+00 
 2.15443469e+07 -6.21124757e-02  2.15443469e+07 -9.73573426e-01 
 2.32630507e+07 -6.25143437e-02  2.32630507e+07 -9.00700977e-01 
 2.51188643e+07 -6.28277543e-02  2.51188643e+07 -8.33140353e-01 
 2.71227258e+07 -6.30603194e-02  2.71227258e+07 -7.70494381e-01 
 2.92864456e+07 -6.32178170e-02  2.92864456e+07 -7.12395065e-01 
 3.16227766e+07 -6.33043520e-02  3.16227766e+07 -6.58501466e-01 
 3.41454887e+07 -6.33224868e-02  3.41454887e+07 -6.08497768e-01 
 3.68694506e+07 -6.32733465e-02  3.68694506e+07 -5.62091495e-01 
 3.98107171e+07 -6.31567037e-02  3.98107171e+07 -5.19011878e-01 
 4.29866235e+07 -6.29710500e-02  4.29866235e+07 -4.79008378e-01 
 4.64158883e+07 -6.27136601e-02  4.64158883e+07 -4.41849336e-01 
 5.01187234e+07 -6.23806572e-02  5.01187234e+07 -4.07320758e-01 
 5.41169527e+07 -6.19670874e-02  5.41169527e+07 -3.75225226e-01 
 5.84341413e+07 -6.14670134e-02  5.84341413e+07 -3.45380923e-01 
 6.30957344e+07 -6.08736396e-02  6.30957344e+07 -3.17620766e-01 
 6.81292069e+07 -6.01794806e-02  6.81292069e+07 -2.91791634e-01 
 7.35642254e+07 -5.93765847e-02  7.35642254e+07 -2.67753680e-01 
 7.94328235e+07 -5.84568270e-02  7.94328235e+07 -2.45379694e-01 
 8.57695899e+07 -5.74122789e-02  8.57695899e+07 -2.24554514e-01 
 9.26118728e+07 -5.62356613e-02  9.26118728e+07 -2.05174429e-01 
 1.00000000e+08 -5.49208771e-02  1.00000000e+08 -1.87146563e-01 
 1.07977516e+08 -5.34636105e-02  1.07977516e+08 -1.70388175e-01 
 1.16591440e+08 -5.18619640e-02  1.16591440e+08 -1.54825868e-01 
 1.25892541e+08 -5.01170929e-02  1.25892541e+08 -1.40394642e-01 
 1.35935639e+08 -4.82337771e-02  1.35935639e+08 -1.27036796e-01 
 1.46779927e+08 -4.62208627e-02  1.46779927e+08 -1.14700673e-01 
 1.58489319e+08 -4.40915001e-02  1.58489319e+08 -1.03339263e-01 
 1.71132830e+08 -4.18631147e-02  1.71132830e+08 -9.29087480e-02 
 1.84784980e+08 -3.95570658e-02  1.84784980e+08 -8.33670405e-02 
 1.99526231e+08 -3.71979819e-02  1.99526231e+08 -7.46724506e-02 
 2.15443469e+08 -3.48128043e-02  2.15443469e+08 -6.67825670e-02 
 2.32630507e+08 -3.24296116e-02  2.32630507e+08 -5.96534572e-02 
 2.51188643e+08 -3.00763300e-02  2.51188643e+08 -5.32392455e-02 
 2.71227258e+08 -2.77794578e-02  2.71227258e+08 -4.74920871e-02 
 2.92864456e+08 -2.55629241e-02  2.92864456e+08 -4.23625078e-02 
 3.16227766e+08 -2.34471842e-02  3.16227766e+08 -3.78000371e-02 
 3.41454887e+08 -2.14486159e-02  3.41454887e+08 -3.37540313e-02 
 3.68694506e+08 -1.95792386e-02  3.68694506e+08 -3.01745776e-02 
 3.98107171e+08 -1.78467366e-02  3.98107171e+08 -2.70133726e-02 
 4.29866235e+08 -1.62547360e-02  4.29866235e+08 -2.42244937e-02 
 4.64158883e+08 -1.48032707e-02  4.64158883e+08 -2.17650079e-02 
 5.01187234e+08 -1.34893608e-02  5.01187234e+08 -1.95953939e-02 
 5.41169527e+08 -1.23076388e-02  5.41169527e+08 -1.76797748e-02 
 5.84341413e+08 -1.12509681e-02  5.84341413e+08 -1.59859835e-02 
 6.30957344e+08 -1.03110121e-02  6.30957344e+08 -1.44854876e-02 
 6.81292069e+08 -9.47873135e-03  6.81292069e+08 -1.31532093e-02 
 7.35642254e+08 -8.74479451e-03  7.35642254e+08 -1.19672743e-02 
 7.94328235e+08 -8.09990431e-03  7.94328235e+08 -1.09087188e-02 
 8.57695899e+08 -7.53504147e-03  8.57695899e+08 -9.96117910e-03 
 9.26118728e+08 -7.04163749e-03  9.26118728e+08 -9.11058240e-03 
 1.00000000e+09 -6.61168713e-03  1.00000000e+09 -8.34485184e-03 
 1.07977516e+09 -6.23781253e-03  1.07977516e+09 -7.65363337e-03 
 1.16591440e+09 -5.91328968e-03  1.16591440e+09 -7.02804942e-03 
 1.25892541e+09 -5.63204720e-03  1.25892541e+09 -6.46048063e-03 
 1.35935639e+09 -5.38864528e-03  1.35935639e+09 -5.94437560e-03 
 1.46779927e+09 -5.17824149e-03  1.46779927e+09 -5.47408696e-03 
 1.58489319e+09 -4.99654862e-03  1.58489319e+09 -5.04473146e-03 
 1.71132830e+09 -4.83978840e-03  1.71132830e+09 -4.65207160e-03 
 1.84784980e+09 -4.70464393e-03  1.84784980e+09 -4.29241588e-03 
 1.99526231e+09 -4.58821284e-03  1.99526231e+09 -3.96253526e-03 
 2.15443469e+09 -4.48796254e-03  2.15443469e+09 -3.65959330e-03 
 2.32630507e+09 -4.40168830e-03  2.32630507e+09 -3.38108786e-03 
 2.51188643e+09 -4.32747463e-03  2.51188643e+09 -3.12480243e-03 
 2.71227258e+09 -4.26366025e-03  2.71227258e+09 -2.88876557e-03 
 2.92864456e+09 -4.20880645e-03  2.92864456e+09 -2.67121697e-03 
 3.16227766e+09 -4.16166889e-03  3.16227766e+09 -2.47057905e-03 
 3.41454887e+09 -4.12117249e-03  3.41454887e+09 -2.28543308e-03 
 3.68694506e+09 -4.08638933e-03  3.68694506e+09 -2.11449912e-03 
 3.98107171e+09 -4.05651917e-03  3.98107171e+09 -1.95661899e-03 
 4.29866235e+09 -4.03087239e-03  4.29866235e+09 -1.81074189e-03 
 4.64158883e+09 -4.00885505e-03  4.64158883e+09 -1.67591212e-03 
 5.01187234e+09 -3.98995591e-03  5.01187234e+09 -1.55125851e-03 
 5.41169527e+09 -3.97373513e-03  5.41169527e+09 -1.43598542e-03 
 5.84341413e+09 -3.95981445e-03  5.84341413e+09 -1.32936490e-03 
 6.30957344e+09 -3.94786871e-03  6.30957344e+09 -1.23072987e-03 
 6.81292069e+09 -3.93761843e-03  6.81292069e+09 -1.13946821e-03 
 7.35642254e+09 -3.92882352e-03  7.35642254e+09 -1.05501755e-03 
 7.94328235e+09 -3.92127773e-03  7.94328235e+09 -9.76860651e-04 
 8.57695899e+09 -3.91480394e-03  8.57695899e+09 -9.04521368e-04 
 9.26118728e+09 -3.90925009e-03  9.26118728e+09 -8.37561011e-04 
 1.00000000e+10 -3.90448559e-03  1.00000000e+10 -7.75575119e-04 
