 1.00000000e+00  3.29925011e+02  1.00000000e+00 -4.56330851e-03 
 1.07977516e+00  3.29925011e+02  1.07977516e+00 -4.92734719e-03 
 1.16591440e+00  3.29925011e+02  1.16591440e+00 -5.32042711e-03 
 1.25892541e+00  3.29925011e+02  1.25892541e+00 -5.74486504e-03 
 1.35935639e+00  3.29925011e+02  1.35935639e+00 -6.20316258e-03 
 1.46779927e+00  3.29925011e+02  1.46779927e+00 -6.69802089e-03 
 1.58489319e+00  3.29925011e+02  1.58489319e+00 -7.23235659e-03 
 1.71132830e+00  3.29925011e+02  1.71132830e+00 -7.80931901e-03 
 1.84784980e+00  3.29925011e+02  1.84784980e+00 -8.43230870e-03 
 1.99526231e+00  3.29925010e+02  1.99526231e+00 -9.10499749e-03 
 2.15443469e+00  3.29925010e+02  2.15443469e+00 -9.83135015e-03 
 2.32630507e+00  3.29925010e+02  2.32630507e+00 -1.06156477e-02 
 2.51188643e+00  3.29925010e+02  2.51188643e+00 -1.14625127e-02 
 2.71227258e+00  3.29925010e+02  2.71227258e+00 -1.23769365e-02 
 2.92864456e+00  3.29925010e+02  2.92864456e+00 -1.33643086e-02 
 3.16227766e+00  3.29925010e+02  3.16227766e+00 -1.44304485e-02 
 3.41454887e+00  3.29925010e+02  3.41454887e+00 -1.55816399e-02 
 3.68694506e+00  3.29925010e+02  3.68694506e+00 -1.68246677e-02 
 3.98107171e+00  3.29925010e+02  3.98107171e+00 -1.81668583e-02 
 4.29866235e+00  3.29925010e+02  4.29866235e+00 -1.96161224e-02 
 4.64158883e+00  3.29925009e+02  4.64158883e+00 -2.11810017e-02 
 5.01187234e+00  3.29925009e+02  5.01187234e+00 -2.28707196e-02 
 5.41169527e+00  3.29925009e+02  5.41169527e+00 -2.46952349e-02 
 5.84341413e+00  3.29925009e+02  5.84341413e+00 -2.66653013e-02 
 6.30957344e+00  3.29925008e+02  6.30957344e+00 -2.87925300e-02 
 6.81292069e+00  3.29925008e+02  6.81292069e+00 -3.10894587e-02 
 7.35642254e+00  3.29925007e+02  7.35642254e+00 -3.35696253e-02 
 7.94328235e+00  3.29925007e+02  7.94328235e+00 -3.62476475e-02 
 8.57695899e+00  3.29925006e+02  8.57695899e+00 -3.91393094e-02 
 9.26118728e+00  3.29925005e+02  9.26118728e+00 -4.22616540e-02 
 1.00000000e+01  3.29925004e+02  1.00000000e+01 -4.56330842e-02 
 1.07977516e+01  3.29925003e+02  1.07977516e+01 -4.92734708e-02 
 1.16591440e+01  3.29925002e+02  1.16591440e+01 -5.32042697e-02 
 1.25892541e+01  3.29925001e+02  1.25892541e+01 -5.74486487e-02 
 1.35935639e+01  3.29924999e+02  1.35935639e+01 -6.20316237e-02 
 1.46779927e+01  3.29924997e+02  1.46779927e+01 -6.69802061e-02 
 1.58489319e+01  3.29924995e+02  1.58489319e+01 -7.23235625e-02 
 1.71132830e+01  3.29924992e+02  1.71132830e+01 -7.80931858e-02 
 1.84784980e+01  3.29924989e+02  1.84784980e+01 -8.43230816e-02 
 1.99526231e+01  3.29924986e+02  1.99526231e+01 -9.10499681e-02 
 2.15443469e+01  3.29924981e+02  2.15443469e+01 -9.83134928e-02 
 2.32630507e+01  3.29924977e+02  2.32630507e+01 -1.06156466e-01 
 2.51188643e+01  3.29924971e+02  2.51188643e+01 -1.14625113e-01 
 2.71227258e+01  3.29924964e+02  2.71227258e+01 -1.23769348e-01 
 2.92864456e+01  3.29924957e+02  2.92864456e+01 -1.33643065e-01 
 3.16227766e+01  3.29924948e+02  3.16227766e+01 -1.44304458e-01 
 3.41454887e+01  3.29924937e+02  3.41454887e+01 -1.55816365e-01 
 3.68694506e+01  3.29924925e+02  3.68694506e+01 -1.68246634e-01 
 3.98107171e+01  3.29924911e+02  3.98107171e+01 -1.81668529e-01 
 4.29866235e+01  3.29924894e+02  4.29866235e+01 -1.96161155e-01 
 4.64158883e+01  3.29924875e+02  4.64158883e+01 -2.11809931e-01 
 5.01187234e+01  3.29924852e+02  5.01187234e+01 -2.28707087e-01 
 5.41169527e+01  3.29924826e+02  5.41169527e+01 -2.46952212e-01 
 5.84341413e+01  3.29924795e+02  5.84341413e+01 -2.66652841e-01 
 6.30957344e+01  3.29924760e+02  6.30957344e+01 -2.87925083e-01 
 6.81292069e+01  3.29924718e+02  6.81292069e+01 -3.10894314e-01 
 7.35642254e+01  3.29924669e+02  7.35642254e+01 -3.35695909e-01 
 7.94328235e+01  3.29924613e+02  7.94328235e+01 -3.62476043e-01 
 8.57695899e+01  3.29924547e+02  8.57695899e+01 -3.91392550e-01 
 9.26118728e+01  3.29924470e+02  9.26118728e+01 -4.22615855e-01 
 1.00000000e+02  3.29924380e+02  1.00000000e+02 -4.56329980e-01 
 1.07977516e+02  3.29924276e+02  1.07977516e+02 -4.92733622e-01 
 1.16591440e+02  3.29924154e+02  1.16591440e+02 -5.32041330e-01 
 1.25892541e+02  3.29924011e+02  1.25892541e+02 -5.74484766e-01 
 1.35935639e+02  3.29923846e+02  1.35935639e+02 -6.20314070e-01 
 1.46779927e+02  3.29923652e+02  1.46779927e+02 -6.69799334e-01 
 1.58489319e+02  3.29923427e+02  1.58489319e+02 -7.23232190e-01 
 1.71132830e+02  3.29923164e+02  1.71132830e+02 -7.80927534e-01 
 1.84784980e+02  3.29922858e+02  1.84784980e+02 -8.43225373e-01 
 1.99526231e+02  3.29922500e+02  1.99526231e+02 -9.10492829e-01 
 2.15443469e+02  3.29922084e+02  2.15443469e+02 -9.83126302e-01 
 2.32630507e+02  3.29921598e+02  2.32630507e+02 -1.06155380e+00 
 2.51188643e+02  3.29921032e+02  2.51188643e+02 -1.14623746e+00 
 2.71227258e+02  3.29920372e+02  2.71227258e+02 -1.23767627e+00 
 2.92864456e+02  3.29919602e+02  2.92864456e+02 -1.33640898e+00 
 3.16227766e+02  3.29918705e+02  3.16227766e+02 -1.44301730e+00 
 3.41454887e+02  3.29917659e+02  3.41454887e+02 -1.55812931e+00 
 3.68694506e+02  3.29916439e+02  3.68694506e+02 -1.68242311e+00 
 3.98107171e+02  3.29915017e+02  3.98107171e+02 -1.81663086e+00 
 4.29866235e+02  3.29913359e+02  4.29866235e+02 -1.96154304e+00 
 4.64158883e+02  3.29911426e+02  4.64158883e+02 -2.11801305e+00 
 5.01187234e+02  3.29909172e+02  5.01187234e+02 -2.28696228e+00 
 5.41169527e+02  3.29906545e+02  5.41169527e+02 -2.46938542e+00 
 5.84341413e+02  3.29903481e+02  5.84341413e+02 -2.66635630e+00 
 6.30957344e+02  3.29899909e+02  6.30957344e+02 -2.87903417e+00 
 6.81292069e+02  3.29895745e+02  6.81292069e+02 -3.10867038e+00 
 7.35642254e+02  3.29890890e+02  7.35642254e+02 -3.35661571e+00 
 7.94328235e+02  3.29885229e+02  7.94328235e+02 -3.62432815e+00 
 8.57695899e+02  3.29878630e+02  8.57695899e+02 -3.91338130e+00 
 9.26118728e+02  3.29870936e+02  9.26118728e+02 -4.22547347e+00 
 1.00000000e+03  3.29861966e+02  1.00000000e+03 -4.56243735e+00 
 1.07977516e+03  3.29851508e+02  1.07977516e+03 -4.92625049e+00 
 1.16591440e+03  3.29839316e+02  1.16591440e+03 -5.31904650e+00 
 1.25892541e+03  3.29825103e+02  1.25892541e+03 -5.74312704e+00 
 1.35935639e+03  3.29808533e+02  1.35935639e+03 -6.20097468e+00 
 1.46779927e+03  3.29789215e+02  1.46779927e+03 -6.69526664e+00 
 1.58489319e+03  3.29766695e+02  1.58489319e+03 -7.22888944e+00 
 1.71132830e+03  3.29740443e+02  1.71132830e+03 -7.80495447e+00 
 1.84784980e+03  3.29709841e+02  1.84784980e+03 -8.42681458e+00 
 1.99526231e+03  3.29674168e+02  1.99526231e+03 -9.09808155e+00 
 2.15443469e+03  3.29632587e+02  2.15443469e+03 -9.82264459e+00 
 2.32630507e+03  3.29584119e+02  2.32630507e+03 -1.06046897e+01 
 2.51188643e+03  3.29527629e+02  2.51188643e+03 -1.14487197e+01 
 2.71227258e+03  3.29461790e+02  2.71227258e+03 -1.23595756e+01 
 2.92864456e+03  3.29385060e+02  2.92864456e+03 -1.33424577e+01 
 3.16227766e+03  3.29295646e+02  3.16227766e+03 -1.44029472e+01 
 3.41454887e+03  3.29191457e+02  3.41454887e+03 -1.55470288e+01 
 3.68694506e+03  3.29070065e+02  3.68694506e+03 -1.67811110e+01 
 3.98107171e+03  3.28928645e+02  3.98107171e+03 -1.81120472e+01 
 4.29866235e+03  3.28763915e+02  4.29866235e+03 -1.95471537e+01 
 4.64158883e+03  3.28572061e+02  4.64158883e+03 -2.10942260e+01 
 5.01187234e+03  3.28348659e+02  5.01187234e+03 -2.27615496e+01 
 5.41169527e+03  3.28088574e+02  5.41169527e+03 -2.45579068e+01 
 5.84341413e+03  3.27785856e+02  5.84341413e+03 -2.64925747e+01 
 6.30957344e+03  3.27433617e+02  6.30957344e+03 -2.85753136e+01 
 6.81292069e+03  3.27023891e+02  6.81292069e+03 -3.08163413e+01 
 7.35642254e+03  3.26547476e+02  7.35642254e+03 -3.32262913e+01 
 7.94328235e+03  3.25993765e+02  7.94328235e+03 -3.58161478e+01 
 8.57695899e+03  3.25350550e+02  8.57695899e+03 -3.85971543e+01 
 9.26118728e+03  3.24603810e+02  9.26118728e+03 -4.15806863e+01 
 1.00000000e+04  3.23737488e+02  1.00000000e+04 -4.47780824e+01 
 1.07977516e+04  3.22733245e+02  1.07977516e+04 -4.82004229e+01 
 1.16591440e+04  3.21570215e+02  1.16591440e+04 -5.18582459e+01 
 1.25892541e+04  3.20224751e+02  1.25892541e+04 -5.57611883e+01 
 1.35935639e+04  3.18670189e+02  1.35935639e+04 -5.99175398e+01 
 1.46779927e+04  3.16876633e+02  1.46779927e+04 -6.43336969e+01 
 1.58489319e+04  3.14810802e+02  1.58489319e+04 -6.90135041e+01 
 1.71132830e+04  3.12435940e+02  1.71132830e+04 -7.39574735e+01 
 1.84784980e+04  3.09711856e+02  1.84784980e+04 -7.91618778e+01 
 1.99526231e+04  3.06595122e+02  1.99526231e+04 -8.46177184e+01 
 2.15443469e+04  3.03039485e+02  2.15443469e+04 -9.03095847e+01 
 2.32630507e+04  2.98996553e+02  2.32630507e+04 -9.62144342e+01 
 2.51188643e+04  2.94416825e+02  2.51188643e+04 -1.02300347e+02 
 2.71227258e+04  2.89251107e+02  2.71227258e+04 -1.08525332e+02 
 2.92864456e+04  2.83452380e+02  2.92864456e+04 -1.14836299e+02 
 3.16227766e+04  2.76978110e+02  3.16227766e+04 -1.21168328e+02 
 3.41454887e+04  2.69793017e+02  3.41454887e+04 -1.27444420e+02 
 3.68694506e+04  2.61872173e+02  3.68694506e+04 -1.33575899e+02 
 3.98107171e+04  2.53204317e+02  3.98107171e+04 -1.39463651e+02 
 4.29866235e+04  2.43795116e+02  4.29866235e+04 -1.45000352e+02 
 4.64158883e+04  2.33670082e+02  4.64158883e+04 -1.50073755e+02 
 5.01187234e+04  2.22876750e+02  5.01187234e+04 -1.54570999e+02 
 5.41169527e+04  2.11485758e+02  5.41169527e+04 -1.58383769e+02 
 5.84341413e+04  1.99590475e+02  5.84341413e+04 -1.61413976e+02 
 6.30957344e+04  1.87304970e+02  6.30957344e+04 -1.63579464e+02 
 6.81292069e+04  1.74760283e+02  6.81292069e+04 -1.64819207e+02 
 7.35642254e+04  1.62099184e+02  7.35642254e+04 -1.65097382e+02 
 7.94328235e+04  1.49469831e+02  7.94328235e+04 -1.64405865e+02 
 8.57695899e+04  1.37018906e+02  8.57695899e+04 -1.62764792e+02 
 9.26118728e+04  1.24884894e+02  9.26118728e+04 -1.60221156e+02 
 1.00000000e+05  1.13192147e+02  1.00000000e+05 -1.56845582e+02 
 1.07977516e+05  1.02046254e+02  1.07977516e+05 -1.52727708e+02 
 1.16591440e+05  9.15310249e+01  1.16591440e+05 -1.47970700e+02 
 1.25892541e+05  8.17071868e+01  1.25892541e+05 -1.42685486e+02 
 1.35935639e+05  7.26126653e+01  1.35935639e+05 -1.36985253e+02 
 1.46779927e+05  6.42641787e+01  1.46779927e+05 -1.30980616e+02 
 1.58489319e+05  5.66597809e+01  1.58489319e+05 -1.24775732e+02 
 1.71132830e+05  4.97819662e+01  1.71132830e+05 -1.18465467e+02 
 1.84784980e+05  4.36009880e+01  1.84784980e+05 -1.12133612e+02 
 1.99526231e+05  3.80781058e+01  1.99526231e+05 -1.05852013e+02 
 2.15443469e+05  3.31685582e+01  2.15443469e+05 -9.96804734e+01 
 2.32630507e+05  2.88241392e+01  2.32630507e+05 -9.36672345e+01 
 2.51188643e+05  2.49953227e+01  2.51188643e+05 -8.78498471e+01 
 2.71227258e+05  2.16329319e+01  2.71227258e+05 -8.22562880e+01 
 2.92864456e+05  1.86893842e+01  2.92864456e+05 -7.69061873e+01 
 3.16227766e+05  1.61195659e+01  3.16227766e+05 -7.18120711e+01 
 3.41454887e+05  1.38813943e+01  3.41454887e+05 -6.69805521e+01 
 3.68694506e+05  1.19361327e+01  3.68694506e+05 -6.24134273e+01 
 3.98107171e+05  1.02485120e+01  3.98107171e+05 -5.81086567e+01 
 4.29866235e+05  8.78671154e+00  4.29866235e+05 -5.40612166e+01 
 4.64158883e+05  7.52223984e+00  4.64158883e+05 -5.02638271e+01 
 5.01187234e+05  6.42974908e+00  5.01187234e+05 -4.67075611e+01 
 5.41169527e+05  5.48680995e+00  5.41169527e+05 -4.33823463e+01 
 5.84341413e+05  4.67366632e+00  5.84341413e+05 -4.02773722e+01 
 6.30957344e+05  3.97298416e+00  6.30957344e+05 -3.73814157e+01 
 6.81292069e+05  3.36960474e+00  6.81292069e+05 -3.46830968e+01 
 7.35642254e+05  2.85030894e+00  7.35642254e+05 -3.21710764e+01 
 7.94328235e+05  2.40359668e+00  7.94328235e+05 -2.98342064e+01 
 8.57695899e+05  2.01948388e+00  8.57695899e+05 -2.76616406e+01 
 9.26118728e+05  1.68931778e+00  9.26118728e+05 -2.56429141e+01 
 1.00000000e+06  1.40561060e+00  1.00000000e+06 -2.37679978e+01 
 1.07977516e+06  1.16189105e+00  1.07977516e+06 -2.20273328e+01 
 1.16591440e+06  9.52572458e-01  1.16591440e+06 -2.04118495e+01 
 1.25892541e+06  7.72836388e-01  1.25892541e+06 -1.89129747e+01 
 1.35935639e+06  6.18530399e-01  1.35935639e+06 -1.75226297e+01 
 1.46779927e+06  4.86078489e-01  1.46779927e+06 -1.62332218e+01 
 1.58489319e+06  3.72402957e-01  1.58489319e+06 -1.50376304e+01 
 1.71132830e+06  2.74856376e-01  1.71132830e+06 -1.39291900e+01 
 1.84784980e+06  1.91162513e-01  1.84784980e+06 -1.29016711e+01 
 1.99526231e+06  1.19365113e-01  1.99526231e+06 -1.19492589e+01 
 2.15443469e+06  5.77835784e-02  2.15443469e+06 -1.10665322e+01 
 2.32630507e+06  4.97465780e-03  2.32630507e+06 -1.02484410e+01 
 2.51188643e+06 -4.03006161e-02  2.51188643e+06 -9.49028522e+00 
 2.71227258e+06 -7.91054361e-02  2.71227258e+06 -8.78769323e+00 
 2.92864456e+06 -1.12351777e-01  2.92864456e+06 -8.13660120e+00 
 3.16227766e+06 -1.40821529e-01  3.16227766e+06 -7.53323327e+00 
 3.41454887e+06 -1.65184667e-01  3.41454887e+06 -6.97408252e+00 
 3.68694506e+06 -1.86014861e-01  3.68694506e+06 -6.45589293e+00 
 3.98107171e+06 -2.03802872e-01  3.98107171e+06 -5.97564230e+00 
 4.29866235e+06 -2.18968040e-01  4.29866235e+06 -5.53052608e+00 
 4.64158883e+06 -2.31868124e-01  4.64158883e+06 -5.11794226e+00 
 5.01187234e+06 -2.42807718e-01  5.01187234e+06 -4.73547713e+00 
 5.41169527e+06 -2.52045444e-01  5.41169527e+06 -4.38089206e+00 
 5.84341413e+06 -2.59800083e-01  5.84341413e+06 -4.05211102e+00 
 6.30957344e+06 -2.66255803e-01  6.30957344e+06 -3.74720918e+00 
 6.81292069e+06 -2.71566599e-01  6.81292069e+06 -3.46440209e+00 
 7.35642254e+06 -2.75860068e-01  7.35642254e+06 -3.20203588e+00 
 7.94328235e+06 -2.79240604e-01  7.94328235e+06 -2.95857810e+00 
 8.57695899e+06 -2.81792122e-01  8.57695899e+06 -2.73260931e+00 
 9.26118728e+06 -2.83580380e-01  9.26118728e+06 -2.52281539e+00 
 1.00000000e+07 -2.84654970e-01  1.00000000e+07 -2.32798056e+00 
 1.07977516e+07 -2.85051078e-01  1.07977516e+07 -2.14698095e+00 
 1.16591440e+07 -2.84791054e-01  1.16591440e+07 -1.97877893e+00 
 1.25892541e+07 -2.83885903e-01  1.25892541e+07 -1.82241791e+00 
 1.35935639e+07 -2.82336743e-01  1.35935639e+07 -1.67701773e+00 
 1.46779927e+07 -2.80136338e-01  1.46779927e+07 -1.54177055e+00 
 1.58489319e+07 -2.77270767e-01  1.58489319e+07 -1.41593718e+00 
 1.71132830e+07 -2.73721315e-01  1.71132830e+07 -1.29884368e+00 
 1.84784980e+07 -2.69466650e-01  1.84784980e+07 -1.18987829e+00 
 1.99526231e+07 -2.64485330e-01  1.99526231e+07 -1.08848836e+00 
 2.15443469e+07 -2.58758645e-01  2.15443469e+07 -9.94177196e-01 
 2.32630507e+07 -2.52273766e-01  2.32630507e+07 -9.06500705e-01 
 2.51188643e+07 -2.45027080e-01  2.51188643e+07 -8.25063501e-01 
 2.71227258e+07 -2.37027549e-01  2.71227258e+07 -7.49514424e-01 
 2.92864456e+07 -2.28299829e-01  2.92864456e+07 -6.79541294e-01 
 3.16227766e+07 -2.18886825e-01  3.16227766e+07 -6.14864890e-01 
 3.41454887e+07 -2.08851354e-01  3.41454887e+07 -5.55232235e-01 
 3.68694506e+07 -1.98276559e-01  3.68694506e+07 -5.00409428e-01 
 3.98107171e+07 -1.87264843e-01  3.98107171e+07 -4.50174386e-01 
 4.29866235e+07 -1.75935200e-01  4.29866235e+07 -4.04309994e-01 
 4.64158883e+07 -1.64419046e-01  4.64158883e+07 -3.62598180e-01 
 5.01187234e+07 -1.52854828e-01  5.01187234e+07 -3.24815409e-01 
 5.41169527e+07 -1.41381899e-01  5.41169527e+07 -2.90729957e-01 
 5.84341413e+07 -1.30134249e-01  5.84341413e+07 -2.60101119e-01 
 6.30957344e+07 -1.19234712e-01  6.30957344e+07 -2.32680280e-01 
 6.81292069e+07 -1.08790181e-01  6.81292069e+07 -2.08213552e-01 
 7.35642254e+07 -9.88882092e-02  7.35642254e+07 -1.86445511e-01 
 7.94328235e+07 -8.95951725e-02  7.94328235e+07 -1.67123492e-01 
 8.57695899e+07 -8.09559610e-02  8.57695899e+07 -1.50001931e-01 
 9.26118728e+07 -7.29949968e-02  9.26118728e+07 -1.34846283e-01 
 1.00000000e+08 -6.57182722e-02  1.00000000e+08 -1.21436232e-01 
 1.07977516e+08 -5.91160542e-02  1.07977516e+08 -1.09567999e-01 
 1.16591440e+08 -5.31659134e-02  1.16591440e+08 -9.90557397e-02 
 1.25892541e+08 -4.78357881e-02  1.25892541e+08 -8.97320683e-02 
 1.35935639e+08 -4.30868643e-02  1.35935639e+08 -8.14478642e-02 
 1.46779927e+08 -3.88761271e-02  1.46779927e+08 -7.40715104e-02 
 1.58489319e+08 -3.51585099e-02  1.58489319e+08 -6.74877363e-02 
 1.71132830e+08 -3.18886181e-02  1.71132830e+08 -6.15962158e-02 
 1.84784980e+08 -2.90220455e-02  1.84784980e+08 -5.63100496e-02 
 1.99526231e+08 -2.65163261e-02  1.99526231e+08 -5.15542284e-02 
 2.15443469e+08 -2.43315727e-02  2.15443469e+08 -4.72641501e-02 
 2.32630507e+08 -2.24308626e-02  2.32630507e+08 -4.33842349e-02 
 2.51188643e+08 -2.07804231e-02  2.51188643e+08 -3.98666670e-02 
 2.71227258e+08 -1.93496672e-02  2.71227258e+08 -3.66702724e-02 
 2.92864456e+08 -1.81111217e-02  2.92864456e+08 -3.37595356e-02 
 3.16227766e+08 -1.70402807e-02  3.16227766e+08 -3.11037472e-02 
 3.41454887e+08 -1.61154133e-02  3.41454887e+08 -2.86762736e-02 
 3.68694506e+08 -1.53173441e-02  3.68694506e+08 -2.64539358e-02 
 3.98107171e+08 -1.46292244e-02  3.98107171e+08 -2.44164840e-02 
 4.29866235e+08 -1.40363020e-02  4.29866235e+08 -2.25461554e-02 
 4.64158883e+08 -1.35256994e-02  4.64158883e+08 -2.08273039e-02 
 5.01187234e+08 -1.30862042e-02  5.01187234e+08 -1.92460895e-02 
 5.41169527e+08 -1.27080752e-02  5.41169527e+08 -1.77902189e-02 
 5.84341413e+08 -1.23828641e-02  5.84341413e+08 -1.64487290e-02 
 6.30957344e+08 -1.21032554e-02  6.30957344e+08 -1.52118053e-02 
 6.81292069e+08 -1.18629227e-02  6.81292069e+08 -1.40706304e-02 
 7.35642254e+08 -1.16564003e-02  7.35642254e+08 -1.30172560e-02 
 7.94328235e+08 -1.14789712e-02  7.94328235e+08 -1.20444955e-02 
 8.57695899e+08 -1.13265666e-02  8.57695899e+08 -1.11458329e-02 
 9.26118728e+08 -1.11956801e-02  9.26118728e+08 -1.03153457e-02 
 1.00000000e+09 -1.10832910e-02  1.00000000e+09 -9.54763841e-03 
 1.07977516e+09 -1.09867985e-02  1.07977516e+09 -8.83778606e-03 
 1.16591440e+09 -1.09039644e-02  1.16591440e+09 -8.18128491e-03 
 1.25892541e+09 -1.08328632e-02  1.25892541e+09 -7.57401001e-03 
 1.35935639e+09 -1.07718390e-02  1.35935639e+09 -7.01217803e-03 
 1.46779927e+09 -1.07194681e-02  1.46779927e+09 -6.49231462e-03 
 1.58489319e+09 -1.06745268e-02  1.58489319e+09 -6.01122570e-03 
 1.71132830e+09 -1.06359638e-02  1.71132830e+09 -5.56597208e-03 
 1.84784980e+09 -1.06028757e-02  1.84784980e+09 -5.15384675e-03 
 1.99526231e+09 -1.05744867e-02  1.99526231e+09 -4.77235478e-03 
 2.15443469e+09 -1.05501305e-02  2.15443469e+09 -4.41919518e-03 
 2.32630507e+09 -1.05292351e-02  2.32630507e+09 -4.09224464e-03 
 2.51188643e+09 -1.05113094e-02  2.51188643e+09 -3.78954284e-03 
 2.71227258e+09 -1.04959317e-02  2.71227258e+09 -3.50927917e-03 
 2.92864456e+09 -1.04827402e-02  2.92864456e+09 -3.24978070e-03 
 3.16227766e+09 -1.04714243e-02  3.16227766e+09 -3.00950120e-03 
 3.41454887e+09 -1.04617176e-02  3.41454887e+09 -2.78701112e-03 
 3.68694506e+09 -1.04533913e-02  3.68694506e+09 -2.58098852e-03 
 3.98107171e+09 -1.04462493e-02  3.98107171e+09 -2.39021068e-03 
 4.29866235e+09 -1.04401231e-02  4.29866235e+09 -2.21354648e-03 
 4.64158883e+09 -1.04348684e-02  4.64158883e+09 -2.04994932e-03 
 5.01187234e+09 -1.04303612e-02  5.01187234e+09 -1.89845075e-03 
 5.41169527e+09 -1.04264952e-02  5.41169527e+09 -1.75815448e-03 
 5.84341413e+09 -1.04231792e-02  5.84341413e+09 -1.62823094e-03 
 6.30957344e+09 -1.04203350e-02  6.30957344e+09 -1.50791225e-03 
 6.81292069e+09 -1.04178955e-02  6.81292069e+09 -1.39648757e-03 
 7.35642254e+09 -1.04158030e-02  7.35642254e+09 -1.29329882e-03 
 7.94328235e+09 -1.04140083e-02  7.94328235e+09 -1.19773677e-03 
 8.57695899e+09 -1.04124689e-02  8.57695899e+09 -1.10923733e-03 
 9.26118728e+09 -1.04111486e-02  9.26118728e+09 -1.02727821e-03 
 1.00000000e+10 -1.04100162e-02  1.00000000e+10 -9.51375830e-04 
