 1.00000000e+00  2.67783651e+02  1.00000000e+00 -3.21795493e-03 
 1.07977516e+00  2.67783651e+02  1.07977516e+00 -3.47466781e-03 
 1.16591440e+00  2.67783651e+02  1.16591440e+00 -3.75186000e-03 
 1.25892541e+00  2.67783651e+02  1.25892541e+00 -4.05116524e-03 
 1.35935639e+00  2.67783651e+02  1.35935639e+00 -4.37434760e-03 
 1.46779927e+00  2.67783651e+02  1.46779927e+00 -4.72331189e-03 
 1.58489319e+00  2.67783651e+02  1.58489319e+00 -5.10011487e-03 
 1.71132830e+00  2.67783651e+02  1.71132830e+00 -5.50697736e-03 
 1.84784980e+00  2.67783651e+02  1.84784980e+00 -5.94629737e-03 
 1.99526231e+00  2.67783651e+02  1.99526231e+00 -6.42066421e-03 
 2.15443469e+00  2.67783651e+02  2.15443469e+00 -6.93287374e-03 
 2.32630507e+00  2.67783651e+02  2.32630507e+00 -7.48594486e-03 
 2.51188643e+00  2.67783651e+02  2.51188643e+00 -8.08313733e-03 
 2.71227258e+00  2.67783651e+02  2.71227258e+00 -8.72797092e-03 
 2.92864456e+00  2.67783651e+02  2.92864456e+00 -9.42424622e-03 
 3.16227766e+00  2.67783651e+02  3.16227766e+00 -1.01760670e-02 
 3.41454887e+00  2.67783651e+02  3.41454887e+00 -1.09878644e-02 
 3.68694506e+00  2.67783651e+02  3.68694506e+00 -1.18644230e-02 
 3.98107171e+00  2.67783651e+02  3.98107171e+00 -1.28109093e-02 
 4.29866235e+00  2.67783650e+02  4.29866235e+00 -1.38329017e-02 
 4.64158883e+00  2.67783650e+02  4.64158883e+00 -1.49364236e-02 
 5.01187234e+00  2.67783650e+02  5.01187234e+00 -1.61279793e-02 
 5.41169527e+00  2.67783650e+02  5.41169527e+00 -1.74145914e-02 
 5.84341413e+00  2.67783650e+02  5.84341413e+00 -1.88038433e-02 
 6.30957344e+00  2.67783650e+02  6.30957344e+00 -2.03039229e-02 
 6.81292069e+00  2.67783649e+02  6.81292069e+00 -2.19236716e-02 
 7.35642254e+00  2.67783649e+02  7.35642254e+00 -2.36726360e-02 
 7.94328235e+00  2.67783649e+02  7.94328235e+00 -2.55611244e-02 
 8.57695899e+00  2.67783648e+02  8.57695899e+00 -2.76002672e-02 
 9.26118728e+00  2.67783648e+02  9.26118728e+00 -2.98020829e-02 
 1.00000000e+01  2.67783647e+02  1.00000000e+01 -3.21795489e-02 
 1.07977516e+01  2.67783647e+02  1.07977516e+01 -3.47466775e-02 
 1.16591440e+01  2.67783646e+02  1.16591440e+01 -3.75185993e-02 
 1.25892541e+01  2.67783645e+02  1.25892541e+01 -4.05116515e-02 
 1.35935639e+01  2.67783644e+02  1.35935639e+01 -4.37434749e-02 
 1.46779927e+01  2.67783643e+02  1.46779927e+01 -4.72331175e-02 
 1.58489319e+01  2.67783641e+02  1.58489319e+01 -5.10011468e-02 
 1.71132830e+01  2.67783640e+02  1.71132830e+01 -5.50697713e-02 
 1.84784980e+01  2.67783638e+02  1.84784980e+01 -5.94629708e-02 
 1.99526231e+01  2.67783636e+02  1.99526231e+01 -6.42066384e-02 
 2.15443469e+01  2.67783633e+02  2.15443469e+01 -6.93287328e-02 
 2.32630507e+01  2.67783630e+02  2.32630507e+01 -7.48594429e-02 
 2.51188643e+01  2.67783627e+02  2.51188643e+01 -8.08313660e-02 
 2.71227258e+01  2.67783623e+02  2.71227258e+01 -8.72797000e-02 
 2.92864456e+01  2.67783618e+02  2.92864456e+01 -9.42424506e-02 
 3.16227766e+01  2.67783613e+02  3.16227766e+01 -1.01760655e-01 
 3.41454887e+01  2.67783606e+02  3.41454887e+01 -1.09878625e-01 
 3.68694506e+01  2.67783599e+02  3.68694506e+01 -1.18644207e-01 
 3.98107171e+01  2.67783590e+02  3.98107171e+01 -1.28109064e-01 
 4.29866235e+01  2.67783580e+02  4.29866235e+01 -1.38328980e-01 
 4.64158883e+01  2.67783568e+02  4.64158883e+01 -1.49364190e-01 
 5.01187234e+01  2.67783554e+02  5.01187234e+01 -1.61279735e-01 
 5.41169527e+01  2.67783538e+02  5.41169527e+01 -1.74145841e-01 
 5.84341413e+01  2.67783519e+02  5.84341413e+01 -1.88038341e-01 
 6.30957344e+01  2.67783497e+02  6.30957344e+01 -2.03039113e-01 
 6.81292069e+01  2.67783472e+02  6.81292069e+01 -2.19236571e-01 
 7.35642254e+01  2.67783442e+02  7.35642254e+01 -2.36726177e-01 
 7.94328235e+01  2.67783407e+02  7.94328235e+01 -2.55611013e-01 
 8.57695899e+01  2.67783367e+02  8.57695899e+01 -2.76002382e-01 
 9.26118728e+01  2.67783320e+02  9.26118728e+01 -2.98020464e-01 
 1.00000000e+02  2.67783265e+02  1.00000000e+02 -3.21795029e-01 
 1.07977516e+02  2.67783200e+02  1.07977516e+02 -3.47466196e-01 
 1.16591440e+02  2.67783126e+02  1.16591440e+02 -3.75185264e-01 
 1.25892541e+02  2.67783038e+02  1.25892541e+02 -4.05115597e-01 
 1.35935639e+02  2.67782937e+02  1.35935639e+02 -4.37433594e-01 
 1.46779927e+02  2.67782818e+02  1.46779927e+02 -4.72329721e-01 
 1.58489319e+02  2.67782680e+02  1.58489319e+02 -5.10009638e-01 
 1.71132830e+02  2.67782519e+02  1.71132830e+02 -5.50695408e-01 
 1.84784980e+02  2.67782331e+02  1.84784980e+02 -5.94626807e-01 
 1.99526231e+02  2.67782112e+02  1.99526231e+02 -6.42062732e-01 
 2.15443469e+02  2.67781857e+02  2.15443469e+02 -6.93282730e-01 
 2.32630507e+02  2.67781559e+02  2.32630507e+02 -7.48588640e-01 
 2.51188643e+02  2.67781212e+02  2.51188643e+02 -8.08306373e-01 
 2.71227258e+02  2.67780807e+02  2.71227258e+02 -8.72787826e-01 
 2.92864456e+02  2.67780335e+02  2.92864456e+02 -9.42412957e-01 
 3.16227766e+02  2.67779785e+02  3.16227766e+02 -1.01759201e+00 
 3.41454887e+02  2.67779144e+02  3.41454887e+02 -1.09876795e+00 
 3.68694506e+02  2.67778396e+02  3.68694506e+02 -1.18641903e+00 
 3.98107171e+02  2.67777524e+02  3.98107171e+02 -1.28106163e+00 
 4.29866235e+02  2.67776508e+02  4.29866235e+02 -1.38325328e+00 
 4.64158883e+02  2.67775322e+02  4.64158883e+02 -1.49359593e+00 
 5.01187234e+02  2.67773941e+02  5.01187234e+02 -1.61273946e+00 
 5.41169527e+02  2.67772330e+02  5.41169527e+02 -1.74138554e+00 
 5.84341413e+02  2.67770451e+02  5.84341413e+02 -1.88029167e+00 
 6.30957344e+02  2.67768261e+02  6.30957344e+02 -2.03027564e+00 
 6.81292069e+02  2.67765708e+02  6.81292069e+02 -2.19222031e+00 
 7.35642254e+02  2.67762731e+02  7.35642254e+02 -2.36707874e+00 
 7.94328235e+02  2.67759261e+02  7.94328235e+02 -2.55587971e+00 
 8.57695899e+02  2.67755214e+02  8.57695899e+02 -2.75973373e+00 
 9.26118728e+02  2.67750497e+02  9.26118728e+02 -2.97983945e+00 
 1.00000000e+03  2.67744997e+02  1.00000000e+03 -3.21749055e+00 
 1.07977516e+03  2.67738585e+02  1.07977516e+03 -3.47408320e+00 
 1.16591440e+03  2.67731109e+02  1.16591440e+03 -3.75112404e+00 
 1.25892541e+03  2.67722393e+02  1.25892541e+03 -4.05023875e+00 
 1.35935639e+03  2.67712233e+02  1.35935639e+03 -4.37318127e+00 
 1.46779927e+03  2.67700387e+02  1.46779927e+03 -4.72184363e+00 
 1.58489319e+03  2.67686577e+02  1.58489319e+03 -5.09826652e+00 
 1.71132830e+03  2.67670478e+02  1.71132830e+03 -5.50465057e+00 
 1.84784980e+03  2.67651710e+02  1.84784980e+03 -5.94336832e+00 
 1.99526231e+03  2.67629832e+02  1.99526231e+03 -6.41697706e+00 
 2.15443469e+03  2.67604328e+02  2.15443469e+03 -6.92823233e+00 
 2.32630507e+03  2.67574599e+02  2.32630507e+03 -7.48010233e+00 
 2.51188643e+03  2.67539946e+02  2.51188643e+03 -8.07578297e+00 
 2.71227258e+03  2.67499554e+02  2.71227258e+03 -8.71871372e+00 
 2.92864456e+03  2.67452477e+02  2.92864456e+03 -9.41259414e+00 
 3.16227766e+03  2.67397610e+02  3.16227766e+03 -1.01614009e+01 
 3.41454887e+03  2.67333667e+02  3.41454887e+03 -1.09694053e+01 
 3.68694506e+03  2.67259155e+02  3.68694506e+03 -1.18411909e+01 
 3.98107171e+03  2.67172332e+02  3.98107171e+03 -1.27816713e+01 
 4.29866235e+03  2.67071175e+02  4.29866235e+03 -1.37961071e+01 
 4.64158883e+03  2.66953331e+02  4.64158883e+03 -1.48901225e+01 
 5.01187234e+03  2.66816067e+02  5.01187234e+03 -1.60697195e+01 
 5.41169527e+03  2.66656206e+02  5.41169527e+03 -1.73412906e+01 
 5.84341413e+03  2.66470065e+02  5.84341413e+03 -1.87116274e+01 
 6.30957344e+03  2.66253367e+02  6.30957344e+03 -2.01879244e+01 
 6.81292069e+03  2.66001160e+02  6.81292069e+03 -2.17777765e+01 
 7.35642254e+03  2.65707711e+02  7.35642254e+03 -2.34891676e+01 
 7.94328235e+03  2.65366391e+02  7.94328235e+03 -2.53304479e+01 
 8.57695899e+03  2.64969546e+02  8.57695899e+03 -2.73102968e+01 
 9.26118728e+03  2.64508355e+02  9.26118728e+03 -2.94376671e+01 
 1.00000000e+04  2.63972668e+02  1.00000000e+04 -3.17217054e+01 
 1.07977516e+04  2.63350835e+02  1.07977516e+04 -3.41716442e+01 
 1.16591440e+04  2.62629519e+02  1.16591440e+04 -3.67966574e+01 
 1.25892541e+04  2.61793498e+02  1.25892541e+04 -3.96056729e+01 
 1.35935639e+04  2.60825464e+02  1.35935639e+04 -4.26071318e+01 
 1.46779927e+04  2.59705816e+02  1.46779927e+04 -4.58086857e+01 
 1.58489319e+04  2.58412476e+02  1.58489319e+04 -4.92168214e+01 
 1.71132830e+04  2.56920719e+02  1.71132830e+04 -5.28364026e+01 
 1.84784980e+04  2.55203053e+02  1.84784980e+04 -5.66701186e+01 
 1.99526231e+04  2.53229169e+02  1.99526231e+04 -6.07178329e+01 
 2.15443469e+04  2.50965987e+02  2.15443469e+04 -6.49758297e+01 
 2.32630507e+04  2.48377848e+02  2.32630507e+04 -6.94359600e+01 
 2.51188643e+04  2.45426882e+02  2.51188643e+04 -7.40847028e+01 
 2.71227258e+04  2.42073610e+02  2.71227258e+04 -7.89021682e+01 
 2.92864456e+04  2.38277832e+02  2.92864456e+04 -8.38610893e+01 
 3.16227766e+04  2.33999841e+02  3.16227766e+04 -8.89258705e+01 
 3.41454887e+04  2.29201993e+02  3.41454887e+04 -9.40517869e+01 
 3.68694506e+04  2.23850660e+02  3.68694506e+04 -9.91844520e+01 
 3.98107171e+04  2.17918520e+02  3.98107171e+04 -1.04259696e+02 
 4.29866235e+04  2.11387120e+02  4.29866235e+04 -1.09204000e+02 
 4.64158883e+04  2.04249565e+02  4.64158883e+04 -1.13935643e+02 
 5.01187234e+04  1.96513140e+02  5.01187234e+04 -1.18366650e+02 
 5.41169527e+04  1.88201591e+02  5.41169527e+04 -1.22405612e+02 
 5.84341413e+04  1.79356753e+02  5.84341413e+04 -1.25961320e+02 
 6.30957344e+04  1.70039241e+02  6.30957344e+04 -1.28947048e+02 
 6.81292069e+04  1.60327916e+02  6.81292069e+04 -1.31285190e+02 
 7.35642254e+04  1.50317992e+02  7.35642254e+04 -1.32911856e+02 
 7.94328235e+04  1.40117775e+02  7.94328235e+04 -1.33780954e+02 
 8.57695899e+04  1.29844234e+02  8.57695899e+04 -1.33867301e+02 
 9.26118728e+04  1.19617735e+02  9.26118728e+04 -1.33168372e+02 
 1.00000000e+05  1.09556459e+02  1.00000000e+05 -1.31704484e+02 
 1.07977516e+05  9.97710270e+01  1.07977516e+05 -1.29517368e+02 
 1.16591440e+05  9.03598467e+01  1.16591440e+05 -1.26667336e+02 
 1.25892541e+05  8.14055734e+01  1.25892541e+05 -1.23229370e+02 
 1.35935639e+05  7.29729116e+01  1.35935639e+05 -1.19288601e+02 
 1.46779927e+05  6.51077943e+01  1.46779927e+05 -1.14935640e+02 
 1.58489319e+05  5.78378196e+01  1.58489319e+05 -1.10262186e+02 
 1.71132830e+05  5.11737026e+01  1.71132830e+05 -1.05357240e+02 
 1.84784980e+05  4.51114404e+01  1.84784980e+05 -1.00304090e+02 
 1.99526231e+05  3.96348813e+01  1.99526231e+05 -9.51781771e+01 
 2.15443469e+05  3.47184205e+01  2.15443469e+05 -9.00457803e+01 
 2.32630507e+05  3.03296047e+01  2.32630507e+05 -8.49634365e+01 
 2.51188643e+05  2.64314920e+01  2.51188643e+05 -7.99779548e+01 
 2.71227258e+05  2.29846789e+01  2.71227258e+05 -7.51268703e+01 
 2.92864456e+05  1.99489570e+01  2.92864456e+05 -7.04391976e+01 
 3.16227766e+05  1.72846037e+01  3.16227766e+05 -6.59363578e+01 
 3.41454887e+05  1.49533359e+01  3.41454887e+05 -6.16331811e+01 
 3.68694506e+05  1.29189699e+01  3.68694506e+05 -5.75389112e+01 
 3.98107171e+05  1.11478395e+01  3.98107171e+05 -5.36581590e+01 
 4.29866235e+05  9.60901964e+00  4.29866235e+05 -4.99917773e+01 
 4.64158883e+05  8.27440254e+00  4.64158883e+05 -4.65376369e+01 
 5.01187234e+05  7.11866520e+00  5.01187234e+05 -4.32913000e+01 
 5.41169527e+05  6.11916147e+00  5.41169527e+05 -4.02465932e+01 
 5.84341413e+05  5.25576456e+00  5.84341413e+05 -3.73960852e+01 
 6.30957344e+05  4.51068046e+00  6.30957344e+05 -3.47314795e+01 
 6.81292069e+05  3.86824736e+00  6.81292069e+05 -3.22439325e+01 
 7.35642254e+05  3.31473212e+00  7.35642254e+05 -2.99243061e+01 
 7.94328235e+05  2.83813137e+00  7.94328235e+05 -2.77633670e+01 
 8.57695899e+05  2.42798229e+00  8.57695899e+05 -2.57519391e+01 
 9.26118728e+05  2.07518615e+00  9.26118728e+05 -2.38810193e+01 
 1.00000000e+06  1.77184619e+00  1.00000000e+06 -2.21418628e+01 
 1.07977516e+06  1.51112051e+00  1.07977516e+06 -2.05260433e+01 
 1.16591440e+06  1.28708972e+00  1.16591440e+06 -1.90254940e+01 
 1.25892541e+06  1.09463898e+00  1.25892541e+06 -1.76325332e+01 
 1.35935639e+06  9.29353301e-01  1.35935639e+06 -1.63398781e+01 
 1.46779927e+06  7.87425267e-01  1.46779927e+06 -1.51406486e+01 
 1.58489319e+06  6.65573989e-01  1.58489319e+06 -1.40283654e+01 
 1.71132830e+06  5.60974176e-01  1.71132830e+06 -1.29969414e+01 
 1.84784980e+06  4.71194256e-01  1.84784980e+06 -1.20406706e+01 
 1.99526231e+06  3.94142542e-01  1.99526231e+06 -1.11542138e+01 
 2.15443469e+06  3.28020472e-01  2.15443469e+06 -1.03325825e+01 
 2.32630507e+06  2.71282098e-01  2.32630507e+06 -9.57112207e+00 
 2.51188643e+06  2.22599008e-01  2.51188643e+06 -8.86549388e+00 
 2.71227258e+06  1.80830026e-01  2.71227258e+06 -8.21165788e+00 
 2.92864456e+06  1.44995045e-01  2.92864456e+06 -7.60585487e+00 
 3.16227766e+06  1.14252458e-01  3.16227766e+06 -7.04458941e+00 
 3.41454887e+06  8.78797118e-02  3.41454887e+06 -6.52461313e+00 
 3.68694506e+06  6.52565578e-02  3.68694506e+06 -6.04290879e+00 
 3.98107171e+06  4.58506379e-02  3.98107171e+06 -5.59667496e+00 
 4.29866235e+06  2.92050830e-02  4.29866235e+06 -5.18331154e+00 
 4.64158883e+06  1.49278507e-02  4.64158883e+06 -4.80040602e+00 
 5.01187234e+06  2.68256067e-03  5.01187234e+06 -4.44572052e+00 
 5.41169527e+06 -7.81938030e-03  5.41169527e+06 -4.11717958e+00 
 5.84341413e+06 -1.68255426e-02  5.84341413e+06 -3.81285878e+00 
 6.30957344e+06 -2.45482824e-02  6.30957344e+06 -3.53097398e+00 
 6.81292069e+06 -3.11697291e-02  6.81292069e+06 -3.26987133e+00 
 7.35642254e+06 -3.68460655e-02  7.35642254e+06 -3.02801792e+00 
 7.94328235e+06 -4.17112008e-02  7.94328235e+06 -2.80399309e+00 
 8.57695899e+06 -4.58799222e-02  8.57695899e+06 -2.59648027e+00 
 9.26118728e+06 -4.94505970e-02  9.26118728e+06 -2.40425945e+00 
 1.00000000e+07 -5.25074900e-02  1.00000000e+07 -2.22620013e+00 
 1.07977516e+07 -5.51227489e-02  1.07977516e+07 -2.06125482e+00 
 1.16591440e+07 -5.73581053e-02  1.16591440e+07 -1.90845295e+00 
 1.25892541e+07 -5.92663310e-02  1.25892541e+07 -1.76689522e+00 
 1.35935639e+07 -6.08924828e-02  1.35935639e+07 -1.63574839e+00 
 1.46779927e+07 -6.22749674e-02  1.46779927e+07 -1.51424044e+00 
 1.58489319e+07 -6.34464485e-02  1.58489319e+07 -1.40165602e+00 
 1.71132830e+07 -6.44346206e-02  1.71132830e+07 -1.29733232e+00 
 1.84784980e+07 -6.52628663e-02  1.84784980e+07 -1.20065521e+00 
 1.99526231e+07 -6.59508126e-02  1.99526231e+07 -1.11105560e+00 
 2.15443469e+07 -6.65148012e-02  2.15443469e+07 -1.02800620e+00 
 2.32630507e+07 -6.69682831e-02  2.32630507e+07 -9.51018376e-01 
 2.51188643e+07 -6.73221489e-02  2.51188643e+07 -8.79639382e-01 
 2.71227258e+07 -6.75850015e-02  2.71227258e+07 -8.13449690e-01 
 2.92864456e+07 -6.77633820e-02  2.92864456e+07 -7.52060598e-01 
 3.16227766e+07 -6.78619532e-02  3.16227766e+07 -6.95111997e-01 
 3.41454887e+07 -6.78836486e-02  3.41454887e+07 -6.42270327e-01 
 3.68694506e+07 -6.78297933e-02  3.68694506e+07 -5.93226703e-01 
 3.98107171e+07 -6.77002032e-02  3.98107171e+07 -5.47695201e-01 
 4.29866235e+07 -6.74932697e-02  4.29866235e+07 -5.05411302e-01 
 4.64158883e+07 -6.72060369e-02  4.64158883e+07 -4.66130477e-01 
 5.01187234e+07 -6.68342817e-02  5.01187234e+07 -4.29626913e-01 
 5.41169527e+07 -6.63726048e-02  5.41169527e+07 -3.95692376e-01 
 5.84341413e+07 -6.58145455e-02  5.84341413e+07 -3.64135189e-01 
 6.30957344e+07 -6.51527325e-02  6.30957344e+07 -3.34779330e-01 
 6.81292069e+07 -6.43790842e-02  6.81292069e+07 -3.07463622e-01 
 7.35642254e+07 -6.34850728e-02  7.35642254e+07 -2.82041008e-01 
 7.94328235e+07 -6.24620637e-02  7.94328235e+07 -2.58377887e-01 
 8.57695899e+07 -6.13017417e-02  8.57695899e+07 -2.36353473e-01 
 9.26118728e+07 -5.99966250e-02  9.26118728e+07 -2.15859153e-01 
 1.00000000e+08 -5.85406624e-02  1.00000000e+08 -1.96797803e-01 
 1.07977516e+08 -5.69298961e-02  1.07977516e+08 -1.79083012e-01 
 1.16591440e+08 -5.51631544e-02  1.16591440e+08 -1.62638179e-01 
 1.25892541e+08 -5.32427249e-02  1.25892541e+08 -1.47395459e-01 
 1.35935639e+08 -5.11749423e-02  1.35935639e+08 -1.33294529e-01 
 1.46779927e+08 -4.89706132e-02  1.46779927e+08 -1.20281186e-01 
 1.58489319e+08 -4.66452028e-02  1.58489319e+08 -1.08305822e-01 
 1.71132830e+08 -4.42187160e-02  1.71132830e+08 -9.73218365e-02 
 1.84784980e+08 -4.17152359e-02  1.84784980e+08 -8.72840955e-02 
 1.99526231e+08 -3.91621172e-02  1.99526231e+08 -7.81475381e-02 
 2.15443469e+08 -3.65888828e-02  2.15443469e+08 -6.98660576e-02 
 2.32630507e+08 -3.40259109e-02  2.32630507e+08 -6.23917432e-02 
 2.51188643e+08 -3.15030357e-02  2.51188643e+08 -5.56745409e-02 
 2.71227258e+08 -2.90481987e-02  2.71227258e+08 -4.96623370e-02 
 2.92864456e+08 -2.66862784e-02  2.92864456e+08 -4.43014193e-02 
 3.16227766e+08 -2.44381981e-02  3.16227766e+08 -3.95372257e-02 
 3.41454887e+08 -2.23203683e-02  3.41454887e+08 -3.53152679e-02 
 3.68694506e+08 -2.03444761e-02  3.68694506e+08 -3.15821079e-02 
 3.98107171e+08 -1.85175908e-02  3.98107171e+08 -2.82862822e-02 
 4.29866235e+08 -1.68425250e-02  4.29866235e+08 -2.53790903e-02 
 4.64158883e+08 -1.53183772e-02  4.64158883e+08 -2.28151982e-02 
 5.01187234e+08 -1.39411764e-02  5.01187234e+08 -2.05530371e-02 
 5.41169527e+08 -1.27045601e-02  5.41169527e+08 -1.85550033e-02 
 5.84341413e+08 -1.16004299e-02  5.84341413e+08 -1.67874841e-02 
 6.30957344e+08 -1.06195467e-02  6.30957344e+08 -1.52207427e-02 
 6.81292069e+08 -9.75204171e-03  6.81292069e+08 -1.38287002e-02 
 7.35642254e+08 -8.98783515e-03  7.35642254e+08 -1.25886491e-02 
 7.94328235e+08 -8.31696264e-03  7.94328235e+08 -1.14809309e-02 
 8.57695899e+08 -7.72981655e-03  8.57695899e+08 -1.04885994e-02 
 9.26118728e+08 -7.21731346e-03  9.26118728e+08 -9.59709131e-03 
 1.00000000e+09 -6.77100020e-03  1.00000000e+09 -8.79391294e-03 
 1.07977516e+09 -6.38311102e-03  1.07977516e+09 -8.06835401e-03 
 1.16591440e+09 -6.04658716e-03  1.16591440e+09 -7.41122982e-03 
 1.25892541e+09 -5.75506908e-03  1.25892541e+09 -6.81465429e-03 
 1.35935639e+09 -5.50286933e-03  1.35935639e+09 -6.27184266e-03 
 1.46779927e+09 -5.28493301e-03  1.46779927e+09 -5.77694195e-03 
 1.58489319e+09 -5.09679075e-03  1.58489319e+09 -5.32488664e-03 
 1.71132830e+09 -4.93450822e-03  1.71132830e+09 -4.91127667e-03 
 1.84784980e+09 -4.79463492e-03  1.84784980e+09 -4.53227485e-03 
 1.99526231e+09 -4.67415411e-03  1.99526231e+09 -4.18452095e-03 
 2.15443469e+09 -4.57043534e-03  2.15443469e+09 -3.86505992e-03 
 2.32630507e+09 -4.48119013e-03  2.32630507e+09 -3.57128197e-03 
 2.51188643e+09 -4.40443138e-03  2.51188643e+09 -3.30087266e-03 
 2.71227258e+09 -4.33843652e-03  2.71227258e+09 -3.05177116e-03 
 2.92864456e+09 -4.28171441e-03  2.92864456e+09 -2.82213542e-03 
 3.16227766e+09 -4.23297586e-03  3.16227766e+09 -2.61031290e-03 
 3.41454887e+09 -4.19110741e-03  3.41454887e+09 -2.41481612e-03 
 3.68694506e+09 -4.15514831e-03  3.68694506e+09 -2.23430188e-03 
 3.98107171e+09 -4.12427020e-03  3.98107171e+09 -2.06755382e-03 
 4.29866235e+09 -4.09775939e-03  4.29866235e+09 -1.91346754e-03 
 4.64158883e+09 -4.07500133e-03  4.64158883e+09 -1.77103787e-03 
 5.01187234e+09 -4.05546717e-03  5.01187234e+09 -1.63934806e-03 
 5.41169527e+09 -4.03870194e-03  5.41169527e+09 -1.51756033e-03 
 5.84341413e+09 -4.02431445e-03  5.84341413e+09 -1.40490784e-03 
 6.30957344e+09 -4.01196843e-03  6.30957344e+09 -1.30068756e-03 
 6.81292069e+09 -4.00137493e-03  6.81292069e+09 -1.20425414e-03 
 7.35642254e+09 -3.99228570e-03  7.35642254e+09 -1.11501448e-03 
 7.94328235e+09 -3.98448753e-03  7.94328235e+09 -1.03242293e-03 
 8.57695899e+09 -3.97779731e-03  8.57695899e+09 -9.55977051e-04 
 9.26118728e+09 -3.97205784e-03  9.26118728e+09 -8.85213825e-04 
 1.00000000e+10 -3.96713417e-03  1.00000000e+10 -8.19706286e-04 
