 1.00000000e+00  3.28520770e+02  1.00000000e+00 -4.08133904e-03 
 1.07977516e+00  3.28520770e+02  1.07977516e+00 -4.40692853e-03 
 1.16591440e+00  3.28520770e+02  1.16591440e+00 -4.75849196e-03 
 1.25892541e+00  3.28520770e+02  1.25892541e+00 -5.13810143e-03 
 1.35935639e+00  3.28520770e+02  1.35935639e+00 -5.54799431e-03 
 1.46779927e+00  3.28520770e+02  1.46779927e+00 -5.99058645e-03 
 1.58489319e+00  3.28520770e+02  1.58489319e+00 -6.46848646e-03 
 1.71132830e+00  3.28520770e+02  1.71132830e+00 -6.98451102e-03 
 1.84784980e+00  3.28520770e+02  1.84784980e+00 -7.54170152e-03 
 1.99526231e+00  3.28520770e+02  1.99526231e+00 -8.14334198e-03 
 2.15443469e+00  3.28520770e+02  2.15443469e+00 -8.79297841e-03 
 2.32630507e+00  3.28520770e+02  2.32630507e+00 -9.49443968e-03 
 2.51188643e+00  3.28520770e+02  2.51188643e+00 -1.02518602e-02 
 2.71227258e+00  3.28520770e+02  2.71227258e+00 -1.10697040e-02 
 2.92864456e+00  3.28520770e+02  2.92864456e+00 -1.19527914e-02 
 3.16227766e+00  3.28520770e+02  3.16227766e+00 -1.29063273e-02 
 3.41454887e+00  3.28520770e+02  3.41454887e+00 -1.39359316e-02 
 3.68694506e+00  3.28520770e+02  3.68694506e+00 -1.50476728e-02 
 3.98107171e+00  3.28520770e+02  3.98107171e+00 -1.62481033e-02 
 4.29866235e+00  3.28520769e+02  4.29866235e+00 -1.75442984e-02 
 4.64158883e+00  3.28520769e+02  4.64158883e+00 -1.89438977e-02 
 5.01187234e+00  3.28520769e+02  5.01187234e+00 -2.04551502e-02 
 5.41169527e+00  3.28520769e+02  5.41169527e+00 -2.20869631e-02 
 5.84341413e+00  3.28520769e+02  5.84341413e+00 -2.38489541e-02 
 6.30957344e+00  3.28520768e+02  6.30957344e+00 -2.57515083e-02 
 6.81292069e+00  3.28520768e+02  6.81292069e+00 -2.78058390e-02 
 7.35642254e+00  3.28520768e+02  7.35642254e+00 -3.00240543e-02 
 7.94328235e+00  3.28520767e+02  7.94328235e+00 -3.24192280e-02 
 8.57695899e+00  3.28520767e+02  8.57695899e+00 -3.50054772e-02 
 9.26118728e+00  3.28520766e+02  9.26118728e+00 -3.77980447e-02 
 1.00000000e+01  3.28520765e+02  1.00000000e+01 -4.08133898e-02 
 1.07977516e+01  3.28520764e+02  1.07977516e+01 -4.40692845e-02 
 1.16591440e+01  3.28520763e+02  1.16591440e+01 -4.75849186e-02 
 1.25892541e+01  3.28520762e+02  1.25892541e+01 -5.13810131e-02 
 1.35935639e+01  3.28520761e+02  1.35935639e+01 -5.54799415e-02 
 1.46779927e+01  3.28520759e+02  1.46779927e+01 -5.99058626e-02 
 1.58489319e+01  3.28520758e+02  1.58489319e+01 -6.46848621e-02 
 1.71132830e+01  3.28520755e+02  1.71132830e+01 -6.98451071e-02 
 1.84784980e+01  3.28520753e+02  1.84784980e+01 -7.54170112e-02 
 1.99526231e+01  3.28520750e+02  1.99526231e+01 -8.14334148e-02 
 2.15443469e+01  3.28520747e+02  2.15443469e+01 -8.79297778e-02 
 2.32630507e+01  3.28520743e+02  2.32630507e+01 -9.49443890e-02 
 2.51188643e+01  3.28520738e+02  2.51188643e+01 -1.02518592e-01 
 2.71227258e+01  3.28520733e+02  2.71227258e+01 -1.10697027e-01 
 2.92864456e+01  3.28520727e+02  2.92864456e+01 -1.19527898e-01 
 3.16227766e+01  3.28520720e+02  3.16227766e+01 -1.29063253e-01 
 3.41454887e+01  3.28520711e+02  3.41454887e+01 -1.39359291e-01 
 3.68694506e+01  3.28520701e+02  3.68694506e+01 -1.50476697e-01 
 3.98107171e+01  3.28520690e+02  3.98107171e+01 -1.62480994e-01 
 4.29866235e+01  3.28520677e+02  4.29866235e+01 -1.75442935e-01 
 4.64158883e+01  3.28520661e+02  4.64158883e+01 -1.89438914e-01 
 5.01187234e+01  3.28520643e+02  5.01187234e+01 -2.04551423e-01 
 5.41169527e+01  3.28520622e+02  5.41169527e+01 -2.20869532e-01 
 5.84341413e+01  3.28520597e+02  5.84341413e+01 -2.38489417e-01 
 6.30957344e+01  3.28520569e+02  6.30957344e+01 -2.57514926e-01 
 6.81292069e+01  3.28520535e+02  6.81292069e+01 -2.78058193e-01 
 7.35642254e+01  3.28520496e+02  7.35642254e+01 -3.00240295e-01 
 7.94328235e+01  3.28520451e+02  7.94328235e+01 -3.24191968e-01 
 8.57695899e+01  3.28520398e+02  8.57695899e+01 -3.50054379e-01 
 9.26118728e+01  3.28520336e+02  9.26118728e+01 -3.77979953e-01 
 1.00000000e+02  3.28520264e+02  1.00000000e+02 -4.08133275e-01 
 1.07977516e+02  3.28520180e+02  1.07977516e+02 -4.40692061e-01 
 1.16591440e+02  3.28520082e+02  1.16591440e+02 -4.75848200e-01 
 1.25892541e+02  3.28519967e+02  1.25892541e+02 -5.13808889e-01 
 1.35935639e+02  3.28519834e+02  1.35935639e+02 -5.54797851e-01 
 1.46779927e+02  3.28519679e+02  1.46779927e+02 -5.99056657e-01 
 1.58489319e+02  3.28519498e+02  1.58489319e+02 -6.46846143e-01 
 1.71132830e+02  3.28519287e+02  1.71132830e+02 -6.98447951e-01 
 1.84784980e+02  3.28519041e+02  1.84784980e+02 -7.54166185e-01 
 1.99526231e+02  3.28518754e+02  1.99526231e+02 -8.14329204e-01 
 2.15443469e+02  3.28518419e+02  2.15443469e+02 -8.79291553e-01 
 2.32630507e+02  3.28518029e+02  2.32630507e+02 -9.49436053e-01 
 2.51188643e+02  3.28517574e+02  2.51188643e+02 -1.02517605e+00 
 2.71227258e+02  3.28517044e+02  2.71227258e+02 -1.10695785e+00 
 2.92864456e+02  3.28516425e+02  2.92864456e+02 -1.19526335e+00 
 3.16227766e+02  3.28515705e+02  3.16227766e+02 -1.29061284e+00 
 3.41454887e+02  3.28514864e+02  3.41454887e+02 -1.39356813e+00 
 3.68694506e+02  3.28513884e+02  3.68694506e+02 -1.50473577e+00 
 3.98107171e+02  3.28512742e+02  3.98107171e+02 -1.62477067e+00 
 4.29866235e+02  3.28511410e+02  4.29866235e+02 -1.75437990e+00 
 4.64158883e+02  3.28509857e+02  4.64158883e+02 -1.89432690e+00 
 5.01187234e+02  3.28508046e+02  5.01187234e+02 -2.04543587e+00 
 5.41169527e+02  3.28505935e+02  5.41169527e+02 -2.20859667e+00 
 5.84341413e+02  3.28503474e+02  5.84341413e+02 -2.38476997e+00 
 6.30957344e+02  3.28500604e+02  6.30957344e+02 -2.57499291e+00 
 6.81292069e+02  3.28497258e+02  6.81292069e+02 -2.78038510e+00 
 7.35642254e+02  3.28493358e+02  7.35642254e+02 -3.00215515e+00 
 7.94328235e+02  3.28488810e+02  7.94328235e+02 -3.24160773e+00 
 8.57695899e+02  3.28483508e+02  8.57695899e+02 -3.50015107e+00 
 9.26118728e+02  3.28477327e+02  9.26118728e+02 -3.77930513e+00 
 1.00000000e+03  3.28470120e+02  1.00000000e+03 -4.08071036e+00 
 1.07977516e+03  3.28461718e+02  1.07977516e+03 -4.40613708e+00 
 1.16591440e+03  3.28451922e+02  1.16591440e+03 -4.75749562e+00 
 1.25892541e+03  3.28440502e+02  1.25892541e+03 -5.13684716e+00 
 1.35935639e+03  3.28427188e+02  1.35935639e+03 -5.54641533e+00 
 1.46779927e+03  3.28411666e+02  1.46779927e+03 -5.98859873e+00 
 1.58489319e+03  3.28393571e+02  1.58489319e+03 -6.46598421e+00 
 1.71132830e+03  3.28372477e+02  1.71132830e+03 -6.98136107e+00 
 1.84784980e+03  3.28347886e+02  1.84784980e+03 -7.53773626e+00 
 1.99526231e+03  3.28319219e+02  1.99526231e+03 -8.13835046e+00 
 2.15443469e+03  3.28285803e+02  2.15443469e+03 -8.78669509e+00 
 2.32630507e+03  3.28246851e+02  2.32630507e+03 -9.48653040e+00 
 2.51188643e+03  3.28201448e+02  2.51188643e+03 -1.02419043e+01 
 2.71227258e+03  3.28148528e+02  2.71227258e+03 -1.10571723e+01 
 2.92864456e+03  3.28086849e+02  2.92864456e+03 -1.19370180e+01 
 3.16227766e+03  3.28014966e+02  3.16227766e+03 -1.28864740e+01 
 3.41454887e+03  3.27931196e+02  3.41454887e+03 -1.39109443e+01 
 3.68694506e+03  3.27833581e+02  3.68694506e+03 -1.50162250e+01 
 3.98107171e+03  3.27719844e+02  3.98107171e+03 -1.62085266e+01 
 4.29866235e+03  3.27587336e+02  4.29866235e+03 -1.74944944e+01 
 4.64158883e+03  3.27432979e+02  4.64158883e+03 -1.88812276e+01 
 5.01187234e+03  3.27253194e+02  5.01187234e+03 -2.03762965e+01 
 5.41169527e+03  3.27043830e+02  5.41169527e+03 -2.19877556e+01 
 5.84341413e+03  3.26800066e+02  5.84341413e+03 -2.37241524e+01 
 6.30957344e+03  3.26516317e+02  6.30957344e+03 -2.55945285e+01 
 6.81292069e+03  3.26186111e+02  6.81292069e+03 -2.76084128e+01 
 7.35642254e+03  3.25801960e+02  7.35642254e+03 -2.97758019e+01 
 7.94328235e+03  3.25355212e+02  7.94328235e+03 -3.21071249e+01 
 8.57695899e+03  3.24835887e+02  8.57695899e+03 -3.46131892e+01 
 9.26118728e+03  3.24232485e+02  9.26118728e+03 -3.73051000e+01 
 1.00000000e+04  3.23531791e+02  1.00000000e+04 -4.01941491e+01 
 1.07977516e+04  3.22718654e+02  1.07977516e+04 -4.32916641e+01 
 1.16591440e+04  3.21775746e+02  1.16591440e+04 -4.66088103e+01 
 1.25892541e+04  3.20683323e+02  1.25892541e+04 -5.01563336e+01 
 1.35935639e+04  3.19418972e+02  1.35935639e+04 -5.39442345e+01 
 1.46779927e+04  3.17957366e+02  1.46779927e+04 -5.79813604e+01 
 1.58489319e+04  3.16270042e+02  1.58489319e+04 -6.22749027e+01 
 1.71132830e+04  3.14325219e+02  1.71132830e+04 -6.68297870e+01 
 1.84784980e+04  3.12087679e+02  1.84784980e+04 -7.16479452e+01 
 1.99526231e+04  3.09518754e+02  1.99526231e+04 -7.67274626e+01 
 2.15443469e+04  3.06576448e+02  2.15443469e+04 -8.20615993e+01 
 2.32630507e+04  3.03215762e+02  2.32630507e+04 -8.76376944e+01 
 2.51188643e+04  2.99389259e+02  2.51188643e+04 -9.34359784e+01 
 2.71227258e+04  2.95047944e+02  2.71227258e+04 -9.94283349e+01 
 2.92864456e+04  2.90142516e+02  2.92864456e+04 -1.05577080e+02 
 3.16227766e+04  2.84625046e+02  3.16227766e+04 -1.11833859e+02 
 3.41454887e+04  2.78451099e+02  3.41454887e+04 -1.18138780e+02 
 3.68694506e+04  2.71582318e+02  3.68694506e+04 -1.24419957e+02 
 3.98107171e+04  2.63989392e+02  3.98107171e+04 -1.30593626e+02 
 4.29866235e+04  2.55655293e+02  4.29866235e+04 -1.36565028e+02 
 4.64158883e+04  2.46578579e+02  4.64158883e+04 -1.42230225e+02 
 5.01187234e+04  2.36776477e+02  5.01187234e+04 -1.47478944e+02 
 5.41169527e+04  2.26287390e+02  5.41169527e+04 -1.52198480e+02 
 5.84341413e+04  2.15172451e+02  5.84341413e+04 -1.56278524e+02 
 6.30957344e+04  2.03515766e+02  6.30957344e+04 -1.59616666e+02 
 6.81292069e+04  1.91423060e+02  6.81292069e+04 -1.62124127e+02 
 7.35642254e+04  1.79018628e+02  7.35642254e+04 -1.63731207e+02 
 7.94328235e+04  1.66440684e+02  7.94328235e+04 -1.64391856e+02 
 8.57695899e+04  1.53835416e+02  8.57695899e+04 -1.64086824e+02 
 9.26118728e+04  1.41350285e+02  9.26118728e+04 -1.62825022e+02 
 1.00000000e+05  1.29127192e+02  1.00000000e+05 -1.60642884e+02 
 1.07977516e+05  1.17296190e+02  1.07977516e+05 -1.57601849e+02 
 1.16591440e+05  1.05970303e+02  1.16591440e+05 -1.53784252e+02 
 1.25892541e+05  9.52418636e+01  1.25892541e+05 -1.49288138e+02 
 1.35935639e+05  8.51805357e+01  1.35935639e+05 -1.44221562e+02 
 1.46779927e+05  7.58329942e+01  1.46779927e+05 -1.38696951e+02 
 1.58489319e+05  6.72240322e+01  1.58489319e+05 -1.32825981e+02 
 1.71132830e+05  5.93587619e+01  1.71132830e+05 -1.26715318e+02 
 1.84784980e+05  5.22255291e+01  1.84784980e+05 -1.20463372e+02 
 1.99526231e+05  4.57991706e+01  1.99526231e+05 -1.14158115e+02 
 2.15443469e+05  4.00443040e+01  2.15443469e+05 -1.07875866e+02 
 2.32630507e+05  3.49184159e+01  2.32630507e+05 -1.01680917e+02 
 2.51188643e+05  3.03745940e+01  2.51188643e+05 -9.56257972e+01 
 2.71227258e+05  2.63638250e+01  2.71227258e+05 -8.97520104e+01 
 2.92864456e+05  2.28368342e+01  2.92864456e+05 -8.40910650e+01 
 3.16227766e+05  1.97454886e+01  3.16227766e+05 -7.86656659e+01 
 3.41454887e+05  1.70438070e+01  3.41454887e+05 -7.34909546e+01 
 3.68694506e+05  1.46886369e+01  3.68694506e+05 -6.85757227e+01 
 3.98107171e+05  1.26400580e+01  3.98107171e+05 -6.39235444e+01 
 4.29866235e+05  1.08615743e+01  4.29866235e+05 -5.95338007e+01 
 4.64158883e+05  9.32014482e+00  4.64158883e+05 -5.54025786e+01 
 5.01187234e+05  7.98610040e+00  5.01187234e+05 -5.15234449e+01 
 5.41169527e+05  6.83298148e+00  5.41169527e+05 -4.78880984e+01 
 5.84341413e+05  5.83732713e+00  5.84341413e+05 -4.44869106e+01 
 6.30957344e+05  4.97843666e+00  6.30957344e+05 -4.13093674e+01 
 6.81292069e+05  4.23812053e+00  6.81292069e+05 -3.83444235e+01 
 7.35642254e+05  3.60045193e+00  7.35642254e+05 -3.55807837e+01 
 7.94328235e+05  3.05152710e+00  7.94328235e+05 -3.30071215e+01 
 8.57695899e+05  2.57923933e+00  8.57695899e+05 -3.06122460e+01 
 9.26118728e+05  2.17306969e+00  9.26118728e+05 -2.83852272e+01 
 1.00000000e+06  1.82389583e+00  1.00000000e+06 -2.63154867e+01 
 1.07977516e+06  1.52381909e+00  1.07977516e+06 -2.43928610e+01 
 1.16591440e+06  1.26600975e+00  1.16591440e+06 -2.26076432e+01 
 1.25892541e+06  1.04456920e+00  1.25892541e+06 -2.09506076e+01 
 1.35935639e+06  8.54408146e-01  1.35935639e+06 -1.94130214e+01 
 1.46779927e+06  6.91139311e-01  1.46779927e+06 -1.79866458e+01 
 1.58489319e+06  5.50983437e-01  1.58489319e+06 -1.66637298e+01 
 1.71132830e+06  4.30687090e-01  1.71132830e+06 -1.54369986e+01 
 1.84784980e+06  3.27451070e-01  1.84784980e+06 -1.42996378e+01 
 1.99526231e+06  2.38868166e-01  1.99526231e+06 -1.32452747e+01 
 2.15443469e+06  1.62869163e-01  2.15443469e+06 -1.22679582e+01 
 2.32630507e+06  9.76760864e-02  2.32630507e+06 -1.13621376e+01 
 2.51188643e+06  4.17617620e-02  2.51188643e+06 -1.05226407e+01 
 2.71227258e+06 -6.18510000e-03  2.71227258e+06 -9.74465216e+00 
 2.92864456e+06 -4.72900289e-02  2.92864456e+06 -9.02369203e+00 
 3.16227766e+06 -8.25187517e-02  3.16227766e+06 -8.35559509e+00 
 3.41454887e+06 -1.12699543e-01  3.41454887e+06 -7.73649063e+00 
 3.68694506e+06 -1.38542450e-01  3.68694506e+06 -7.16278316e+00 
 3.98107171e+06 -1.60655819e-01  3.98107171e+06 -6.63113409e+00 
 4.29866235e+06 -1.79560485e-01  4.29866235e+06 -6.13844430e+00 
 4.64158883e+06 -1.95701947e-01  4.64158883e+06 -5.68183771e+00 
 5.01187234e+06 -2.09460810e-01  5.01187234e+06 -5.25864579e+00 
 5.41169527e+06 -2.21161720e-01  5.41169527e+06 -4.86639304e+00 
 5.84341413e+06 -2.31081007e-01  5.84341413e+06 -4.50278335e+00 
 6.30957344e+06 -2.39453217e-01  6.30957344e+06 -4.16568737e+00 
 6.81292069e+06 -2.46476678e-01  6.81292069e+06 -3.85313058e+00 
 7.35642254e+06 -2.52318238e-01  7.35642254e+06 -3.56328237e+00 
 7.94328235e+06 -2.57117298e-01  7.94328235e+06 -3.29444578e+00 
 8.57695899e+06 -2.60989226e-01  8.57695899e+06 -3.04504809e+00 
 9.26118728e+06 -2.64028264e-01  9.26118728e+06 -2.81363206e+00 
 1.00000000e+07 -2.66309982e-01  1.00000000e+07 -2.59884798e+00 
 1.07977516e+07 -2.67893387e-01  1.07977516e+07 -2.39944631e+00 
 1.16591440e+07 -2.68822725e-01  1.16591440e+07 -2.21427095e+00 
 1.25892541e+07 -2.69129069e-01  1.25892541e+07 -2.04225325e+00 
 1.35935639e+07 -2.68831751e-01  1.35935639e+07 -1.88240643e+00 
 1.46779927e+07 -2.67939703e-01  1.46779927e+07 -1.73382075e+00 
 1.58489319e+07 -2.66452796e-01  1.58489319e+07 -1.59565903e+00 
 1.71132830e+07 -2.64363233e-01  1.71132830e+07 -1.46715277e+00 
 1.84784980e+07 -2.61657085e-01  1.84784980e+07 -1.34759857e+00 
 1.99526231e+07 -2.58316031e-01  1.99526231e+07 -1.23635498e+00 
 2.15443469e+07 -2.54319369e-01  2.15443469e+07 -1.13283948e+00 
 2.32630507e+07 -2.49646339e-01  2.32630507e+07 -1.03652560e+00 
 2.51188643e+07 -2.44278767e-01  2.51188643e+07 -9.46939923e-01 
 2.71227258e+07 -2.38203986e-01  2.71227258e+07 -8.63658885e-01 
 2.92864456e+07 -2.31417959e-01  2.92864456e+07 -7.86305129e-01 
 3.16227766e+07 -2.23928407e-01  3.16227766e+07 -7.14543273e-01 
 3.41454887e+07 -2.15757737e-01  3.41454887e+07 -6.48074985e-01 
 3.68694506e+07 -2.06945447e-01  3.68694506e+07 -5.86633328e-01 
 3.98107171e+07 -1.97549696e-01  3.98107171e+07 -5.29976458e-01 
 4.29866235e+07 -1.87647725e-01  4.29866235e+07 -4.77880886e-01 
 4.64158883e+07 -1.77334882e-01  4.64158883e+07 -4.30134658e-01 
 5.01187234e+07 -1.66722164e-01  5.01187234e+07 -3.86530894e-01 
 5.41169527e+07 -1.55932330e-01  5.41169527e+07 -3.46862196e-01 
 5.84341413e+07 -1.45094878e-01  5.84341413e+07 -3.10916368e-01 
 6.30957344e+07 -1.34340314e-01  6.30957344e+07 -2.78473799e-01 
 6.81292069e+07 -1.23794272e-01  6.81292069e+07 -2.49306667e-01 
 7.35642254e+07 -1.13572067e-01  7.35642254e+07 -2.23179883e-01 
 7.94328235e+07 -1.03774187e-01  7.94328235e+07 -1.99853518e-01 
 8.57695899e+07 -9.44830684e-02  8.57695899e+07 -1.79086268e-01 
 9.26118728e+07 -8.57613424e-02  9.26118728e+07 -1.60639466e-01 
 1.00000000e+08 -7.76515080e-02  1.00000000e+08 -1.44281135e-01 
 1.07977516e+08 -7.01768589e-02  1.07977516e+08 -1.29789670e-01 
 1.16591440e+08 -6.33433729e-02  1.16591440e+08 -1.16956845e-01 
 1.25892541e+08 -5.71422331e-02  1.25892541e+08 -1.05589999e-01 
 1.35935639e+08 -5.15526612e-02  1.35935639e+08 -9.55133468e-02 
 1.46779927e+08 -4.65447894e-02  1.46779927e+08 -8.65684891e-02 
 1.58489319e+08 -4.20823640e-02  1.58489319e+08 -7.86142350e-02 
 1.71132830e+08 -3.81251444e-02  1.71132830e+08 -7.15258946e-02 
 1.84784980e+08 -3.46309252e-02  1.84784980e+08 -6.51941961e-02 
 1.99526231e+08 -3.15571611e-02  1.99526231e+08 -5.95239716e-02 
 2.15443469e+08 -2.88622090e-02  2.15443469e+08 -5.44327308e-02 
 2.32630507e+08 -2.65062270e-02  2.32630507e+08 -4.98492168e-02 
 2.51188643e+08 -2.44517802e-02  2.51188643e+08 -4.57120103e-02 
 2.71227258e+08 -2.26642062e-02  2.71227258e+08 -4.19682256e-02 
 2.92864456e+08 -2.11117935e-02  2.92864456e+08 -3.85723247e-02 
 3.16227766e+08 -1.97658180e-02  3.16227766e+08 -3.54850586e-02 
 3.41454887e+08 -1.86004774e-02  3.41454887e+08 -3.26725398e-02 
 3.68694506e+08 -1.75927550e-02  3.68694506e+08 -3.01054373e-02 
 3.98107171e+08 -1.67222404e-02  3.98107171e+08 -2.77582868e-02 
 4.29866235e+08 -1.59709235e-02  4.29866235e+08 -2.56089030e-02 
 4.64158883e+08 -1.53229798e-02  4.64158883e+08 -2.36378834e-02 
 5.01187234e+08 -1.47645542e-02  5.01187234e+08 -2.18281898e-02 
 5.41169527e+08 -1.42835521e-02  5.41169527e+08 -2.01647978e-02 
 5.84341413e+08 -1.38694427e-02  5.84341413e+08 -1.86344029e-02 
 6.30957344e+08 -1.35130757e-02  6.30957344e+08 -1.72251757e-02 
 6.81292069e+08 -1.32065147e-02  6.81292069e+08 -1.59265565e-02 
 7.35642254e+08 -1.29428861e-02  7.35642254e+08 -1.47290834e-02 
 7.94328235e+08 -1.27162440e-02  7.94328235e+08 -1.36242491e-02 
 8.57695899e+08 -1.25214504e-02  8.57695899e+08 -1.26043795e-02 
 9.26118728e+08 -1.23540691e-02  9.26118728e+08 -1.16625319e-02 
 1.00000000e+09 -1.22102728e-02  1.00000000e+09 -1.07924081e-02 
 1.07977516e+09 -1.20867617e-02  1.07977516e+09 -9.98828141e-03 
 1.16591440e+09 -1.19806922e-02  1.16591440e+09 -9.24493292e-03 
 1.25892541e+09 -1.18896152e-02  1.25892541e+09 -8.55759755e-03 
 1.35935639e+09 -1.18114223e-02  1.35935639e+09 -7.92191697e-03 
 1.46779927e+09 -1.17442989e-02  1.46779927e+09 -7.33389878e-03 
 1.58489319e+09 -1.16866842e-02  1.58489319e+09 -6.78988074e-03 
 1.71132830e+09 -1.16372360e-02  1.71132830e+09 -6.28649944e-03 
 1.84784980e+09 -1.15948004e-02  1.84784980e+09 -5.82066258e-03 
 1.99526231e+09 -1.15583854e-02  1.99526231e+09 -5.38952447e-03 
 2.15443469e+09 -1.15271391e-02  2.15443469e+09 -4.99046414e-03 
 2.32630507e+09 -1.15003293e-02  2.32630507e+09 -4.62106589e-03 
 2.51188643e+09 -1.14773272e-02  2.51188643e+09 -4.27910176e-03 
 2.71227258e+09 -1.14575929e-02  2.71227258e+09 -3.96251579e-03 
 2.92864456e+09 -1.14406628e-02  2.92864456e+09 -3.66940984e-03 
 3.16227766e+09 -1.14261390e-02  3.16227766e+09 -3.39803073e-03 
 3.41454887e+09 -1.14136797e-02  3.41454887e+09 -3.14675856e-03 
 3.68694506e+09 -1.14029917e-02  3.68694506e+09 -2.91409610e-03 
 3.98107171e+09 -1.13938235e-02  3.98107171e+09 -2.69865915e-03 
 4.29866235e+09 -1.13859591e-02  4.29866235e+09 -2.49916766e-03 
 4.64158883e+09 -1.13792132e-02  4.64158883e+09 -2.31443767e-03 
 5.01187234e+09 -1.13734267e-02  5.01187234e+09 -2.14337391e-03 
 5.41169527e+09 -1.13684633e-02  5.41169527e+09 -1.98496297e-03 
 5.84341413e+09 -1.13642060e-02  5.84341413e+09 -1.83826708e-03 
 6.30957344e+09 -1.13605543e-02  6.30957344e+09 -1.70241838e-03 
 6.81292069e+09 -1.13574221e-02  6.81292069e+09 -1.57661358e-03 
 7.35642254e+09 -1.13547355e-02  7.35642254e+09 -1.46010915e-03 
 7.94328235e+09 -1.13524312e-02  7.94328235e+09 -1.35221678e-03 
 8.57695899e+09 -1.13504547e-02  8.57695899e+09 -1.25229927e-03 
 9.26118728e+09 -1.13487595e-02  9.26118728e+09 -1.15976667e-03 
 1.00000000e+10 -1.13473054e-02  1.00000000e+10 -1.07407278e-03 
