 1.00000000e+00  3.30320034e+02  1.00000000e+00 -3.20820941e-03 
 1.07977516e+00  3.30320034e+02  1.07977516e+00 -3.46414483e-03 
 1.16591440e+00  3.30320034e+02  1.16591440e+00 -3.74049755e-03 
 1.25892541e+00  3.30320034e+02  1.25892541e+00 -4.03889635e-03 
 1.35935639e+00  3.30320034e+02  1.35935639e+00 -4.36109996e-03 
 1.46779927e+00  3.30320034e+02  1.46779927e+00 -4.70900742e-03 
 1.58489319e+00  3.30320034e+02  1.58489319e+00 -5.08466925e-03 
 1.71132830e+00  3.30320034e+02  1.71132830e+00 -5.49029956e-03 
 1.84784980e+00  3.30320034e+02  1.84784980e+00 -5.92828910e-03 
 1.99526231e+00  3.30320034e+02  1.99526231e+00 -6.40121933e-03 
 2.15443469e+00  3.30320034e+02  2.15443469e+00 -6.91187764e-03 
 2.32630507e+00  3.30320034e+02  2.32630507e+00 -7.46327380e-03 
 2.51188643e+00  3.30320034e+02  2.51188643e+00 -8.05865767e-03 
 2.71227258e+00  3.30320034e+02  2.71227258e+00 -8.70153840e-03 
 2.92864456e+00  3.30320034e+02  2.92864456e+00 -9.39570503e-03 
 3.16227766e+00  3.30320034e+02  3.16227766e+00 -1.01452489e-02 
 3.41454887e+00  3.30320034e+02  3.41454887e+00 -1.09545878e-02 
 3.68694506e+00  3.30320034e+02  3.68694506e+00 -1.18284918e-02 
 3.98107171e+00  3.30320034e+02  3.98107171e+00 -1.27721117e-02 
 4.29866235e+00  3.30320034e+02  4.29866235e+00 -1.37910090e-02 
 4.64158883e+00  3.30320034e+02  4.64158883e+00 -1.48911889e-02 
 5.01187234e+00  3.30320034e+02  5.01187234e+00 -1.60791359e-02 
 5.41169527e+00  3.30320034e+02  5.41169527e+00 -1.73618516e-02 
 5.84341413e+00  3.30320033e+02  5.84341413e+00 -1.87468961e-02 
 6.30957344e+00  3.30320033e+02  6.30957344e+00 -2.02424328e-02 
 6.81292069e+00  3.30320033e+02  6.81292069e+00 -2.18572762e-02 
 7.35642254e+00  3.30320033e+02  7.35642254e+00 -2.36009439e-02 
 7.94328235e+00  3.30320033e+02  7.94328235e+00 -2.54837130e-02 
 8.57695899e+00  3.30320032e+02  8.57695899e+00 -2.75166803e-02 
 9.26118728e+00  3.30320032e+02  9.26118728e+00 -2.97118279e-02 
 1.00000000e+01  3.30320031e+02  1.00000000e+01 -3.20820938e-02 
 1.07977516e+01  3.30320031e+02  1.07977516e+01 -3.46414480e-02 
 1.16591440e+01  3.30320030e+02  1.16591440e+01 -3.74049750e-02 
 1.25892541e+01  3.30320030e+02  1.25892541e+01 -4.03889629e-02 
 1.35935639e+01  3.30320029e+02  1.35935639e+01 -4.36109989e-02 
 1.46779927e+01  3.30320028e+02  1.46779927e+01 -4.70900732e-02 
 1.58489319e+01  3.30320027e+02  1.58489319e+01 -5.08466913e-02 
 1.71132830e+01  3.30320025e+02  1.71132830e+01 -5.49029941e-02 
 1.84784980e+01  3.30320024e+02  1.84784980e+01 -5.92828891e-02 
 1.99526231e+01  3.30320022e+02  1.99526231e+01 -6.40121909e-02 
 2.15443469e+01  3.30320020e+02  2.15443469e+01 -6.91187734e-02 
 2.32630507e+01  3.30320018e+02  2.32630507e+01 -7.46327342e-02 
 2.51188643e+01  3.30320015e+02  2.51188643e+01 -8.05865720e-02 
 2.71227258e+01  3.30320012e+02  2.71227258e+01 -8.70153780e-02 
 2.92864456e+01  3.30320008e+02  2.92864456e+01 -9.39570428e-02 
 3.16227766e+01  3.30320003e+02  3.16227766e+01 -1.01452480e-01 
 3.41454887e+01  3.30319998e+02  3.41454887e+01 -1.09545866e-01 
 3.68694506e+01  3.30319992e+02  3.68694506e+01 -1.18284903e-01 
 3.98107171e+01  3.30319985e+02  3.98107171e+01 -1.27721098e-01 
 4.29866235e+01  3.30319977e+02  4.29866235e+01 -1.37910066e-01 
 4.64158883e+01  3.30319967e+02  4.64158883e+01 -1.48911859e-01 
 5.01187234e+01  3.30319956e+02  5.01187234e+01 -1.60791322e-01 
 5.41169527e+01  3.30319943e+02  5.41169527e+01 -1.73618469e-01 
 5.84341413e+01  3.30319928e+02  5.84341413e+01 -1.87468902e-01 
 6.30957344e+01  3.30319911e+02  6.30957344e+01 -2.02424253e-01 
 6.81292069e+01  3.30319890e+02  6.81292069e+01 -2.18572667e-01 
 7.35642254e+01  3.30319866e+02  7.35642254e+01 -2.36009320e-01 
 7.94328235e+01  3.30319838e+02  7.94328235e+01 -2.54836980e-01 
 8.57695899e+01  3.30319805e+02  8.57695899e+01 -2.75166614e-01 
 9.26118728e+01  3.30319768e+02  9.26118728e+01 -2.97118042e-01 
 1.00000000e+02  3.30319723e+02  1.00000000e+02 -3.20820639e-01 
 1.07977516e+02  3.30319672e+02  1.07977516e+02 -3.46414103e-01 
 1.16591440e+02  3.30319611e+02  1.16591440e+02 -3.74049276e-01 
 1.25892541e+02  3.30319541e+02  1.25892541e+02 -4.03889032e-01 
 1.35935639e+02  3.30319459e+02  1.35935639e+02 -4.36109237e-01 
 1.46779927e+02  3.30319364e+02  1.46779927e+02 -4.70899787e-01 
 1.58489319e+02  3.30319253e+02  1.58489319e+02 -5.08465723e-01 
 1.71132830e+02  3.30319123e+02  1.71132830e+02 -5.49028443e-01 
 1.84784980e+02  3.30318972e+02  1.84784980e+02 -5.92827005e-01 
 1.99526231e+02  3.30318795e+02  1.99526231e+02 -6.40119534e-01 
 2.15443469e+02  3.30318590e+02  2.15443469e+02 -6.91184744e-01 
 2.32630507e+02  3.30318350e+02  2.32630507e+02 -7.46323578e-01 
 2.51188643e+02  3.30318070e+02  2.51188643e+02 -8.05860981e-01 
 2.71227258e+02  3.30317745e+02  2.71227258e+02 -8.70147814e-01 
 2.92864456e+02  3.30317365e+02  2.92864456e+02 -9.39562918e-01 
 3.16227766e+02  3.30316922e+02  3.16227766e+02 -1.01451534e+00 
 3.41454887e+02  3.30316405e+02  3.41454887e+02 -1.09544676e+00 
 3.68694506e+02  3.30315803e+02  3.68694506e+02 -1.18283405e+00 
 3.98107171e+02  3.30315101e+02  3.98107171e+02 -1.27719211e+00 
 4.29866235e+02  3.30314283e+02  4.29866235e+02 -1.37907691e+00 
 4.64158883e+02  3.30313328e+02  4.64158883e+02 -1.48908869e+00 
 5.01187234e+02  3.30312216e+02  5.01187234e+02 -1.60787558e+00 
 5.41169527e+02  3.30310918e+02  5.41169527e+02 -1.73613730e+00 
 5.84341413e+02  3.30309406e+02  5.84341413e+02 -1.87462936e+00 
 6.30957344e+02  3.30307643e+02  6.30957344e+02 -2.02416743e+00 
 6.81292069e+02  3.30305587e+02  6.81292069e+02 -2.18563212e+00 
 7.35642254e+02  3.30303190e+02  7.35642254e+02 -2.35997417e+00 
 7.94328235e+02  3.30300395e+02  7.94328235e+02 -2.54821995e+00 
 8.57695899e+02  3.30297137e+02  8.57695899e+02 -2.75147750e+00 
 9.26118728e+02  3.30293338e+02  9.26118728e+02 -2.97094293e+00 
 1.00000000e+03  3.30288909e+02  1.00000000e+03 -3.20790741e+00 
 1.07977516e+03  3.30283746e+02  1.07977516e+03 -3.46376465e+00 
 1.16591440e+03  3.30277726e+02  1.16591440e+03 -3.74001893e+00 
 1.25892541e+03  3.30270707e+02  1.25892541e+03 -4.03829382e+00 
 1.35935639e+03  3.30262524e+02  1.35935639e+03 -4.36034143e+00 
 1.46779927e+03  3.30252984e+02  1.46779927e+03 -4.70805252e+00 
 1.58489319e+03  3.30241862e+02  1.58489319e+03 -5.08346714e+00 
 1.71132830e+03  3.30228896e+02  1.71132830e+03 -5.48878626e+00 
 1.84784980e+03  3.30213780e+02  1.84784980e+03 -5.92638405e+00 
 1.99526231e+03  3.30196157e+02  1.99526231e+03 -6.39882114e+00 
 2.15443469e+03  3.30175613e+02  2.15443469e+03 -6.90885869e+00 
 2.32630507e+03  3.30151664e+02  2.32630507e+03 -7.45947344e+00 
 2.51188643e+03  3.30123745e+02  2.51188643e+03 -8.05387371e+00 
 2.71227258e+03  3.30091200e+02  2.71227258e+03 -8.69551634e+00 
 2.92864456e+03  3.30053264e+02  2.92864456e+03 -9.38812458e+00 
 3.16227766e+03  3.30009045e+02  3.16227766e+03 -1.01357070e+01 
 3.41454887e+03  3.29957504e+02  3.41454887e+03 -1.09425771e+01 
 3.68694506e+03  3.29897431e+02  3.68694506e+03 -1.18133740e+01 
 3.98107171e+03  3.29827420e+02  3.98107171e+03 -1.27530835e+01 
 4.29866235e+03  3.29745830e+02  4.29866235e+03 -1.37670598e+01 
 4.64158883e+03  3.29650754e+02  4.64158883e+03 -1.48610474e+01 
 5.01187234e+03  3.29539973e+02  5.01187234e+03 -1.60412027e+01 
 5.41169527e+03  3.29410905e+02  5.41169527e+03 -1.73141152e+01 
 5.84341413e+03  3.29260551e+02  5.84341413e+03 -1.86868269e+01 
 6.30957344e+03  3.29085424e+02  6.30957344e+03 -2.01668503e+01 
 6.81292069e+03  3.28881475e+02  6.81292069e+03 -2.17621824e+01 
 7.35642254e+03  3.28644007e+02  7.35642254e+03 -2.34813143e+01 
 7.94328235e+03  3.28367572e+02  7.94328235e+03 -2.53332348e+01 
 8.57695899e+03  3.28045858e+02  8.57695899e+03 -2.73274249e+01 
 9.26118728e+03  3.27671562e+02  9.26118728e+03 -2.94738410e+01 
 1.00000000e+04  3.27236241e+02  1.00000000e+04 -3.17828837e+01 
 1.07977516e+04  3.26730150e+02  1.07977516e+04 -3.42653467e+01 
 1.16591440e+04  3.26142062e+02  1.16591440e+04 -3.69323430e+01 
 1.25892541e+04  3.25459067e+02  1.25892541e+04 -3.97951992e+01 
 1.35935639e+04  3.24666352e+02  1.35935639e+04 -4.28653135e+01 
 1.46779927e+04  3.23746972e+02  1.46779927e+04 -4.61539666e+01 
 1.58489319e+04  3.22681600e+02  1.58489319e+04 -4.96720770e+01 
 1.71132830e+04  3.21448277e+02  1.71132830e+04 -5.34298885e+01 
 1.84784980e+04  3.20022168e+02  1.84784980e+04 -5.74365782e+01 
 1.99526231e+04  3.18375324e+02  1.99526231e+04 -6.16997720e+01 
 2.15443469e+04  3.16476498e+02  2.15443469e+04 -6.62249549e+01 
 2.32630507e+04  3.14290999e+02  2.32630507e+04 -7.10147644e+01 
 2.51188643e+04  3.11780664e+02  2.51188643e+04 -7.60681597e+01 
 2.71227258e+04  3.08903942e+02  2.71227258e+04 -8.13794629e+01 
 2.92864456e+04  3.05616175e+02  2.92864456e+04 -8.69372815e+01 
 3.16227766e+04  3.01870111e+02  3.16227766e+04 -9.27233294e+01 
 3.41454887e+04  2.97616717e+02  3.41454887e+04 -9.87111881e+01 
 3.68694506e+04  2.92806358e+02  3.68694506e+04 -1.04865069e+02 
 3.98107171e+04  2.87390387e+02  3.98107171e+04 -1.11138668e+02 
 4.29866235e+04  2.81323190e+02  4.29866235e+04 -1.17474236e+02 
 4.64158883e+04  2.74564685e+02  4.64158883e+04 -1.23802014e+02 
 5.01187234e+04  2.67083235e+02  5.01187234e+04 -1.30040219e+02 
 5.41169527e+04  2.58858864e+02  5.41169527e+04 -1.36095754e+02 
 5.84341413e+04  2.49886583e+02  5.84341413e+04 -1.41865825e+02 
 6.30957344e+04  2.40179565e+02  6.30957344e+04 -1.47240585e+02 
 6.81292069e+04  2.29771814e+02  6.81292069e+04 -1.52106835e+02 
 7.35642254e+04  2.18719967e+02  7.35642254e+04 -1.56352711e+02 
 7.94328235e+04  2.07103832e+02  7.94328235e+04 -1.59873096e+02 
 8.57695899e+04  1.95025385e+02  8.57695899e+04 -1.62575384e+02 
 9.26118728e+04  1.82606052e+02  9.26118728e+04 -1.64385065e+02 
 1.00000000e+05  1.69982356e+02  1.00000000e+05 -1.65250552e+02 
 1.07977516e+05  1.57300166e+02  1.07977516e+05 -1.65146687e+02 
 1.16591440e+05  1.44708072e+02  1.16591440e+05 -1.64076503e+02 
 1.25892541e+05  1.32350484e+02  1.25892541e+05 -1.62071013e+02 
 1.35935639e+05  1.20361142e+02  1.35935639e+05 -1.59187045e+02 
 1.46779927e+05  1.08857635e+02  1.46779927e+05 -1.55503410e+02 
 1.58489319e+05  9.79373726e+01  1.58489319e+05 -1.51115870e+02 
 1.71132830e+05  8.76752460e+01  1.71132830e+05 -1.46131458e+02 
 1.84784980e+05  7.81229669e+01  1.84784980e+05 -1.40662761e+02 
 1.99526231e+05  6.93099069e+01  1.99526231e+05 -1.34822621e+02 
 2.15443469e+05  6.12451136e+01  2.15443469e+05 -1.28719655e+02 
 2.32630507e+05  5.39201223e+01  2.32630507e+05 -1.22454773e+02 
 2.51188643e+05  4.73121884e+01  2.51188643e+05 -1.16118758e+02 
 2.71227258e+05  4.13876108e+01  2.71227258e+05 -1.09790857e+02 
 2.92864456e+05  3.61048949e+01  2.92864456e+05 -1.03538243e+02 
 3.16227766e+05  3.14175841e+01  3.16227766e+05 -9.74161587e+01 
 3.41454887e+05  2.72766642e+01  3.41454887e+05 -9.14685742e+01 
 3.68694506e+05  2.36325099e+01  3.68694506e+05 -8.57291764e+01 
 3.98107171e+05  2.04363838e+01  3.98107171e+05 -8.02225417e+01 
 4.29866235e+05  1.76415301e+01  4.29866235e+05 -7.49653808e+01 
 4.64158883e+05  1.52039199e+01  4.64158883e+05 -6.99677694e+01 
 5.01187234e+05  1.30827097e+01  5.01187234e+05 -6.52343075e+01 
 5.41169527e+05  1.12404739e+01  5.41169527e+05 -6.07651736e+01 
 5.84341413e+05  9.64326581e+00  5.84341413e+05 -5.65570555e+01 
 6.30957344e+05  8.26055427e+00  6.30957344e+05 -5.26039546e+01 
 6.81292069e+05  7.06507477e+00  6.81292069e+05 -4.88978667e+01 
 7.35642254e+05  6.03262530e+00  7.35642254e+05 -4.54293481e+01 
 7.94328235e+05  5.14183091e+00  7.94328235e+05 -4.21879793e+01 
 8.57695899e+05  4.37389434e+00  8.57695899e+05 -3.91627390e+01 
 9.26118728e+05  3.71234536e+00  9.26118728e+05 -3.63423009e+01 
 1.00000000e+06  3.14279737e+00  1.00000000e+06 -3.37152660e+01 
 1.07977516e+06  2.65271698e+00  1.07977516e+06 -3.12703404e+01 
 1.16591440e+06  2.23120991e+00  1.16591440e+06 -2.89964694e+01 
 1.25892541e+06  1.86882485e+00  1.25892541e+06 -2.68829350e+01 
 1.35935639e+06  1.55737581e+00  1.35935639e+06 -2.49194254e+01 
 1.46779927e+06  1.28978274e+00  1.46779927e+06 -2.30960804e+01 
 1.58489319e+06  1.05992949e+00  1.58489319e+06 -2.14035201e+01 
 1.71132830e+06  8.62538069e-01  1.71132830e+06 -1.98328583e+01 
 1.84784980e+06  6.93057830e-01  1.84784980e+06 -1.83757061e+01 
 1.99526231e+06  5.47568273e-01  1.99526231e+06 -1.70241670e+01 
 2.15443469e+06  4.22694028e-01  2.15443469e+06 -1.57708259e+01 
 2.32630507e+06  3.15530750e-01  2.32630507e+06 -1.46087344e+01 
 2.51188643e+06  2.23580673e-01  2.51188643e+06 -1.35313922e+01 
 2.71227258e+06  1.44696677e-01  2.71227258e+06 -1.25327272e+01 
 2.92864456e+06  7.70338424e-02  2.92864456e+06 -1.16070745e+01 
 3.16227766e+06  1.90075407e-02  3.16227766e+06 -1.07491542e+01 
 3.41454887e+06 -3.07427573e-02  3.41454887e+06 -9.95404970e+00 
 3.68694506e+06 -7.33847092e-02  3.68694506e+06 -9.21718621e+00 
 3.98107171e+06 -1.09920012e-01  3.98107171e+06 -8.53430952e+00 
 4.29866235e+06 -1.41207569e-01  4.29866235e+06 -7.90146572e+00 
 4.64158883e+06 -1.67983422e-01  4.64158883e+06 -7.31498155e+00 
 5.01187234e+06 -1.90877870e-01  5.01187234e+06 -6.77144581e+00 
 5.41169527e+06 -2.10430180e-01  5.41169527e+06 -6.26769167e+00 
 5.84341413e+06 -2.27101190e-01  5.84341413e+06 -5.80077990e+00 
 6.30957344e+06 -2.41284116e-01  6.30957344e+06 -5.36798315e+00 
 6.81292069e+06 -2.53313798e-01  6.81292069e+06 -4.96677119e+00 
 7.35642254e+06 -2.63474601e-01  7.35642254e+06 -4.59479703e+00 
 7.94328235e+06 -2.72007155e-01  7.94328235e+06 -4.24988407e+00 
 8.57695899e+06 -2.79114102e-01  8.57695899e+06 -3.93001405e+00 
 9.26118728e+06 -2.84964982e-01  9.26118728e+06 -3.63331588e+00 
 1.00000000e+07 -2.89700384e-01  1.00000000e+07 -3.35805533e+00 
 1.07977516e+07 -2.93435479e-01  1.07977516e+07 -3.10262550e+00 
 1.16591440e+07 -2.96263017e-01  1.16591440e+07 -2.86553806e+00 
 1.25892541e+07 -2.98255892e-01  1.25892541e+07 -2.64541518e+00 
 1.35935639e+07 -2.99469360e-01  1.35935639e+07 -2.44098225e+00 
 1.46779927e+07 -2.99942982e-01  1.46779927e+07 -2.25106123e+00 
 1.58489319e+07 -2.99702384e-01  1.58489319e+07 -2.07456467e+00 
 1.71132830e+07 -2.98760917e-01  1.71132830e+07 -1.91049030e+00 
 1.84784980e+07 -2.97121295e-01  1.84784980e+07 -1.75791626e+00 
 1.99526231e+07 -2.94777305e-01  1.99526231e+07 -1.61599678e+00 
 2.15443469e+07 -2.91715671e-01  2.15443469e+07 -1.48395833e+00 
 2.32630507e+07 -2.87918163e-01  2.32630507e+07 -1.36109610e+00 
 2.51188643e+07 -2.83363992e-01  2.51188643e+07 -1.24677064e+00 
 2.71227258e+07 -2.78032568e-01  2.71227258e+07 -1.14040470e+00 
 2.92864456e+07 -2.71906590e-01  2.92864456e+07 -1.04147974e+00 
 3.16227766e+07 -2.64975435e-01  3.16227766e+07 -9.49532311e-01 
 3.41454887e+07 -2.57238717e-01  3.41454887e+07 -8.64149793e-01 
 3.68694506e+07 -2.48709808e-01  3.68694506e+07 -7.84965493e-01 
 3.98107171e+07 -2.39419044e-01  3.98107171e+07 -7.11652933e-01 
 4.29866235e+07 -2.29416269e-01  4.29866235e+07 -6.43919328e-01 
 4.64158883e+07 -2.18772351e-01  4.64158883e+07 -5.81498378e-01 
 5.01187234e+07 -2.07579341e-01  5.01187234e+07 -5.24142652e-01 
 5.41169527e+07 -1.95949014e-01  5.41169527e+07 -4.71615983e-01 
 5.84341413e+07 -1.84009755e-01  5.84341413e+07 -4.23686397e-01 
 6.30957344e+07 -1.71901884e-01  6.30957344e+07 -3.80120124e-01 
 6.81292069e+07 -1.59771806e-01  6.81292069e+07 -3.40677204e-01 
 7.35642254e+07 -1.47765493e-01  7.35642254e+07 -3.05109003e-01 
 7.94328235e+07 -1.36021964e-01  7.94328235e+07 -2.73157778e-01 
 8.57695899e+07 -1.24667369e-01  8.57695899e+07 -2.44558146e-01 
 9.26118728e+07 -1.13810239e-01  9.26118728e+07 -2.19040116e-01 
 1.00000000e+08 -1.03538246e-01  1.00000000e+08 -1.96333162e-01 
 1.07977516e+08 -9.39166120e-02  1.07977516e+08 -1.76170778e-01 
 1.16591440e+08 -8.49880860e-02  1.16591440e+08 -1.58294965e-01 
 1.25892541e+08 -7.67742660e-02  1.25892541e+08 -1.42460206e-01 
 1.35935639e+08 -6.92779116e-02  1.35935639e+08 -1.28436644e-01 
 1.46779927e+08 -6.24858836e-02  1.46779927e+08 -1.16012300e-01 
 1.58489319e+08 -5.63723574e-02  1.58489319e+08 -1.04994339e-01 
 1.71132830e+08 -5.09020183e-02  1.71132830e+08 -9.52094434e-02 
 1.84784980e+08 -4.60330284e-02  1.84784980e+08 -8.65034675e-02 
 1.99526231e+08 -4.17196257e-02  1.99526231e+08 -7.87405319e-02 
 2.15443469e+08 -3.79142919e-02  2.15443469e+08 -7.18017357e-02 
 2.32630507e+08 -3.45694750e-02  2.32630507e+08 -6.55836432e-02 
 2.51188643e+08 -3.16388907e-02  2.51188643e+08 -5.99966724e-02 
 2.71227258e+08 -2.90784513e-02  2.71227258e+08 -5.49634809e-02 
 2.92864456e+08 -2.68468788e-02  2.92864456e+08 -5.04174208e-02 
 3.16227766e+08 -2.49060631e-02  3.16227766e+08 -4.63011045e-02 
 3.41454887e+08 -2.32212217e-02  3.41454887e+08 -4.25651061e-02 
 3.68694506e+08 -2.17609115e-02  3.68694506e+08 -3.91668082e-02 
 3.98107171e+08 -2.04969348e-02  3.98107171e+08 -3.60693932e-02 
 4.29866235e+08 -1.94041739e-02  4.29866235e+08 -3.32409706e-02 
 4.64158883e+08 -1.84603819e-02  4.64158883e+08 -3.06538308e-02 
 5.01187234e+08 -1.76459487e-02  5.01187234e+08 -2.82838101e-02 
 5.41169527e+08 -1.69436588e-02  5.41169527e+08 -2.61097545e-02 
 5.84341413e+08 -1.63384510e-02  5.84341413e+08 -2.41130690e-02 
 6.30957344e+08 -1.58171868e-02  6.30957344e+08 -2.22773390e-02 
 6.81292069e+08 -1.53684327e-02  6.81292069e+08 -2.05880141e-02 
 7.35642254e+08 -1.49822596e-02  7.35642254e+08 -1.90321437e-02 
 7.94328235e+08 -1.46500589e-02  7.94328235e+08 -1.75981555e-02 
 8.57695899e+08 -1.43643777e-02  8.57695899e+08 -1.62756709e-02 
 9.26118728e+08 -1.41187710e-02  9.26118728e+08 -1.50553497e-02 
 1.00000000e+09 -1.39076707e-02  1.00000000e+09 -1.39287596e-02 
 1.07977516e+09 -1.37262703e-02  1.07977516e+09 -1.28882659e-02 
 1.16591440e+09 -1.35704235e-02  1.16591440e+09 -1.19269381e-02 
 1.25892541e+09 -1.34365557e-02  1.25892541e+09 -1.10384706e-02 
 1.35935639e+09 -1.33215868e-02  1.35935639e+09 -1.02171136e-02 
 1.46779927e+09 -1.32228637e-02  1.46779927e+09 -9.45761503e-03 
 1.58489319e+09 -1.31381026e-02  1.58489319e+09 -8.75516897e-03 
 1.71132830e+09 -1.30653379e-02  1.71132830e+09 -8.10537147e-03 
 1.84784980e+09 -1.30028787e-02  1.84784980e+09 -7.50418157e-03 
 1.99526231e+09 -1.29492707e-02  1.99526231e+09 -6.94788705e-03 
 2.15443469e+09 -1.29032636e-02  2.15443469e+09 -6.43307418e-03 
 2.32630507e+09 -1.28637829e-02  2.32630507e+09 -5.95660088e-03 
 2.51188643e+09 -1.28299050e-02  2.51188643e+09 -5.51557277e-03 
 2.71227258e+09 -1.28008366e-02  2.71227258e+09 -5.10732178e-03 
 2.92864456e+09 -1.27758962e-02  2.92864456e+09 -4.72938693e-03 
 3.16227766e+09 -1.27544985e-02  3.16227766e+09 -4.37949703e-03 
 3.41454887e+09 -1.27361412e-02  3.41454887e+09 -4.05555505e-03 
 3.68694506e+09 -1.27203927e-02  3.68694506e+09 -3.75562399e-03 
 3.98107171e+09 -1.27068826e-02  3.98107171e+09 -3.47791402e-03 
 4.29866235e+09 -1.26952933e-02  4.29866235e+09 -3.22077077e-03 
 4.64158883e+09 -1.26853517e-02  4.64158883e+09 -2.98266468e-03 
 5.01187234e+09 -1.26768238e-02  5.01187234e+09 -2.76218125e-03 
 5.41169527e+09 -1.26695087e-02  5.41169527e+09 -2.55801213e-03 
 5.84341413e+09 -1.26632340e-02  5.84341413e+09 -2.36894692e-03 
 6.30957344e+09 -1.26578518e-02  6.30957344e+09 -2.19386570e-03 
 6.81292069e+09 -1.26532352e-02  6.81292069e+09 -2.03173212e-03 
 7.35642254e+09 -1.26492753e-02  7.35642254e+09 -1.88158703e-03 
 7.94328235e+09 -1.26458788e-02  7.94328235e+09 -1.74254269e-03 
 8.57695899e+09 -1.26429654e-02  8.57695899e+09 -1.61377735e-03 
 9.26118728e+09 -1.26404666e-02  9.26118728e+09 -1.49453030e-03 
 1.00000000e+10 -1.26383233e-02  1.00000000e+10 -1.38409731e-03 
