 1.00000000e+00  3.30681822e+02  1.00000000e+00 -6.31193362e-03 
 1.07977516e+00  3.30681822e+02  1.07977516e+00 -6.81546915e-03 
 1.16591440e+00  3.30681822e+02  1.16591440e+00 -7.35917431e-03 
 1.25892541e+00  3.30681822e+02  1.25892541e+00 -7.94625364e-03 
 1.35935639e+00  3.30681822e+02  1.35935639e+00 -8.58016731e-03 
 1.46779927e+00  3.30681822e+02  1.46779927e+00 -9.26465155e-03 
 1.58489319e+00  3.30681822e+02  1.58489319e+00 -1.00037406e-02 
 1.71132830e+00  3.30681822e+02  1.71132830e+00 -1.08017907e-02 
 1.84784980e+00  3.30681822e+02  1.84784980e+00 -1.16635053e-02 
 1.99526231e+00  3.30681822e+02  1.99526231e+00 -1.25939633e-02 
 2.15443469e+00  3.30681822e+02  2.15443469e+00 -1.35986487e-02 
 2.32630507e+00  3.30681822e+02  2.32630507e+00 -1.46834832e-02 
 2.51188643e+00  3.30681822e+02  2.51188643e+00 -1.58548604e-02 
 2.71227258e+00  3.30681822e+02  2.71227258e+00 -1.71196845e-02 
 2.92864456e+00  3.30681821e+02  2.92864456e+00 -1.84854100e-02 
 3.16227766e+00  3.30681821e+02  3.16227766e+00 -1.99600866e-02 
 3.41454887e+00  3.30681821e+02  3.41454887e+00 -2.15524058e-02 
 3.68694506e+00  3.30681821e+02  3.68694506e+00 -2.32717524e-02 
 3.98107171e+00  3.30681821e+02  3.98107171e+00 -2.51282602e-02 
 4.29866235e+00  3.30681820e+02  4.29866235e+00 -2.71328712e-02 
 4.64158883e+00  3.30681820e+02  4.64158883e+00 -2.92974004e-02 
 5.01187234e+00  3.30681819e+02  5.01187234e+00 -3.16346052e-02 
 5.41169527e+00  3.30681819e+02  5.41169527e+00 -3.41582610e-02 
 5.84341413e+00  3.30681818e+02  5.84341413e+00 -3.68832417e-02 
 6.30957344e+00  3.30681818e+02  6.30957344e+00 -3.98256082e-02 
 6.81292069e+00  3.30681817e+02  6.81292069e+00 -4.30027025e-02 
 7.35642254e+00  3.30681816e+02  7.35642254e+00 -4.64332499e-02 
 7.94328235e+00  3.30681815e+02  7.94328235e+00 -5.01374698e-02 
 8.57695899e+00  3.30681814e+02  8.57695899e+00 -5.41371944e-02 
 9.26118728e+00  3.30681812e+02  9.26118728e+00 -5.84559976e-02 
 1.00000000e+01  3.30681810e+02  1.00000000e+01 -6.31193340e-02 
 1.07977516e+01  3.30681808e+02  1.07977516e+01 -6.81546887e-02 
 1.16591440e+01  3.30681806e+02  1.16591440e+01 -7.35917395e-02 
 1.25892541e+01  3.30681803e+02  1.25892541e+01 -7.94625318e-02 
 1.35935639e+01  3.30681800e+02  1.35935639e+01 -8.58016674e-02 
 1.46779927e+01  3.30681796e+02  1.46779927e+01 -9.26465083e-02 
 1.58489319e+01  3.30681792e+02  1.58489319e+01 -1.00037397e-01 
 1.71132830e+01  3.30681787e+02  1.71132830e+01 -1.08017895e-01 
 1.84784980e+01  3.30681781e+02  1.84784980e+01 -1.16635038e-01 
 1.99526231e+01  3.30681774e+02  1.99526231e+01 -1.25939615e-01 
 2.15443469e+01  3.30681767e+02  2.15443469e+01 -1.35986465e-01 
 2.32630507e+01  3.30681757e+02  2.32630507e+01 -1.46834803e-01 
 2.51188643e+01  3.30681746e+02  2.51188643e+01 -1.58548568e-01 
 2.71227258e+01  3.30681734e+02  2.71227258e+01 -1.71196799e-01 
 2.92864456e+01  3.30681719e+02  2.92864456e+01 -1.84854043e-01 
 3.16227766e+01  3.30681702e+02  3.16227766e+01 -1.99600794e-01 
 3.41454887e+01  3.30681682e+02  3.41454887e+01 -2.15523967e-01 
 3.68694506e+01  3.30681659e+02  3.68694506e+01 -2.32717410e-01 
 3.98107171e+01  3.30681632e+02  3.98107171e+01 -2.51282459e-01 
 4.29866235e+01  3.30681600e+02  4.29866235e+01 -2.71328532e-01 
 4.64158883e+01  3.30681563e+02  4.64158883e+01 -2.92973777e-01 
 5.01187234e+01  3.30681520e+02  5.01187234e+01 -3.16345766e-01 
 5.41169527e+01  3.30681470e+02  5.41169527e+01 -3.41582249e-01 
 5.84341413e+01  3.30681411e+02  5.84341413e+01 -3.68831963e-01 
 6.30957344e+01  3.30681343e+02  6.30957344e+01 -3.98255511e-01 
 6.81292069e+01  3.30681264e+02  6.81292069e+01 -4.30026306e-01 
 7.35642254e+01  3.30681171e+02  7.35642254e+01 -4.64331594e-01 
 7.94328235e+01  3.30681063e+02  7.94328235e+01 -5.01373558e-01 
 8.57695899e+01  3.30680937e+02  8.57695899e+01 -5.41370509e-01 
 9.26118728e+01  3.30680790e+02  9.26118728e+01 -5.84558170e-01 
 1.00000000e+02  3.30680618e+02  1.00000000e+02 -6.31191066e-01 
 1.07977516e+02  3.30680419e+02  1.07977516e+02 -6.81544024e-01 
 1.16591440e+02  3.30680186e+02  1.16591440e+02 -7.35913791e-01 
 1.25892541e+02  3.30679914e+02  1.25892541e+02 -7.94620781e-01 
 1.35935639e+02  3.30679597e+02  1.35935639e+02 -8.58010962e-01 
 1.46779927e+02  3.30679228e+02  1.46779927e+02 -9.26457892e-01 
 1.58489319e+02  3.30678798e+02  1.58489319e+02 -1.00036492e+00 
 1.71132830e+02  3.30678296e+02  1.71132830e+02 -1.08016756e+00 
 1.84784980e+02  3.30677711e+02  1.84784980e+02 -1.16633603e+00 
 1.99526231e+02  3.30677029e+02  1.99526231e+02 -1.25937809e+00 
 2.15443469e+02  3.30676234e+02  2.15443469e+02 -1.35984191e+00 
 2.32630507e+02  3.30675306e+02  2.32630507e+02 -1.46831940e+00 
 2.51188643e+02  3.30674225e+02  2.51188643e+02 -1.58544964e+00 
 2.71227258e+02  3.30672965e+02  2.71227258e+02 -1.71192262e+00 
 2.92864456e+02  3.30671495e+02  2.92864456e+02 -1.84848332e+00 
 3.16227766e+02  3.30669782e+02  3.16227766e+02 -1.99593604e+00 
 3.41454887e+02  3.30667784e+02  3.41454887e+02 -2.15514915e+00 
 3.68694506e+02  3.30665456e+02  3.68694506e+02 -2.32706014e+00 
 3.98107171e+02  3.30662740e+02  3.98107171e+02 -2.51268112e+00 
 4.29866235e+02  3.30659574e+02  4.29866235e+02 -2.71310470e+00 
 4.64158883e+02  3.30655883e+02  4.64158883e+02 -2.92951039e+00 
 5.01187234e+02  3.30651580e+02  5.01187234e+02 -3.16317141e+00 
 5.41169527e+02  3.30646563e+02  5.41169527e+02 -3.41546213e+00 
 5.84341413e+02  3.30640714e+02  5.84341413e+02 -3.68786598e+00 
 6.30957344e+02  3.30633894e+02  6.30957344e+02 -3.98198400e+00 
 6.81292069e+02  3.30625943e+02  6.81292069e+02 -4.29954409e+00 
 7.35642254e+02  3.30616674e+02  7.35642254e+02 -4.64241084e+00 
 7.94328235e+02  3.30605868e+02  7.94328235e+02 -5.01259617e+00 
 8.57695899e+02  3.30593269e+02  8.57695899e+02 -5.41227071e+00 
 9.26118728e+02  3.30578581e+02  9.26118728e+02 -5.84377600e+00 
 1.00000000e+03  3.30561458e+02  1.00000000e+03 -6.30963753e+00 
 1.07977516e+03  3.30541497e+02  1.07977516e+03 -6.81257872e+00 
 1.16591440e+03  3.30518226e+02  1.16591440e+03 -7.35553573e+00 
 1.25892541e+03  3.30491099e+02  1.25892541e+03 -7.94167331e+00 
 1.35935639e+03  3.30459476e+02  1.35935639e+03 -8.57440157e+00 
 1.46779927e+03  3.30422615e+02  1.46779927e+03 -9.25739372e+00 
 1.58489319e+03  3.30379648e+02  1.58489319e+03 -9.99460476e+00 
 1.71132830e+03  3.30329566e+02  1.71132830e+03 -1.07902910e+01 
 1.84784980e+03  3.30271194e+02  1.84784980e+03 -1.16490306e+01 
 1.99526231e+03  3.30203163e+02  1.99526231e+03 -1.25757446e+01 
 2.15443469e+03  3.30123881e+02  2.15443469e+03 -1.35757182e+01 
 2.32630507e+03  3.30031492e+02  2.32630507e+03 -1.46546234e+01 
 2.51188643e+03  3.29923840e+02  2.51188643e+03 -1.58185400e+01 
 2.71227258e+03  3.29798416e+02  2.71227258e+03 -1.70739771e+01 
 2.92864456e+03  3.29652302e+02  2.92864456e+03 -1.84278934e+01 
 3.16227766e+03  3.29482109e+02  3.16227766e+03 -1.98877148e+01 
 3.41454887e+03  3.29283901e+02  3.41454887e+03 -2.14613499e+01 
 3.68694506e+03  3.29053107e+02  3.68694506e+03 -2.31572001e+01 
 3.98107171e+03  3.28784429e+02  3.98107171e+03 -2.49841651e+01 
 4.29866235e+03  3.28471727e+02  4.29866235e+03 -2.69516387e+01 
 4.64158883e+03  3.28107893e+02  4.64158883e+03 -2.90694947e+01 
 5.01187234e+03  3.27684709e+02  5.01187234e+03 -3.13480588e+01 
 5.41169527e+03  3.27192688e+02  5.41169527e+03 -3.37980617e+01 
 5.84341413e+03  3.26620896e+02  5.84341413e+03 -3.64305697e+01 
 6.30957344e+03  3.25956751e+02  6.30957344e+03 -3.92568860e+01 
 6.81292069e+03  3.25185815e+02  6.81292069e+03 -4.22884160e+01 
 7.35642254e+03  3.24291560e+02  7.35642254e+03 -4.55364878e+01 
 7.94328235e+03  3.23255120e+02  7.94328235e+03 -4.90121192e+01 
 8.57695899e+03  3.22055049e+02  8.57695899e+03 -5.27257183e+01 
 9.26118728e+03  3.20667065e+02  9.26118728e+03 -5.66867079e+01 
 1.00000000e+04  3.19063815e+02  1.00000000e+04 -6.09030598e+01 
 1.07977516e+04  3.17214675e+02  1.07977516e+04 -6.53807250e+01 
 1.16591440e+04  3.15085601e+02  1.16591440e+04 -7.01229505e+01 
 1.25892541e+04  3.12639066e+02  1.25892541e+04 -7.51294719e+01 
 1.35935639e+04  3.09834128e+02  1.35935639e+04 -8.03955784e+01 
 1.46779927e+04  3.06626661e+02  1.46779927e+04 -8.59110562e+01 
 1.58489319e+04  3.02969828e+02  1.58489319e+04 -9.16590261e+01 
 1.71132830e+04  2.98814824e+02  1.71132830e+04 -9.76147109e+01 
 1.84784980e+04  2.94111987e+02  1.84784980e+04 -1.03744191e+02 
 1.99526231e+04  2.88812301e+02  1.99526231e+04 -1.10003231e+02 
 2.15443469e+04  2.82869357e+02  2.15443469e+04 -1.16336298e+02 
 2.32630507e+04  2.76241769e+02  2.32630507e+04 -1.22675913e+02 
 2.51188643e+04  2.68896015e+02  2.51188643e+04 -1.28942517e+02 
 2.71227258e+04  2.60809606e+02  2.71227258e+04 -1.35045027e+02 
 2.92864456e+04  2.51974415e+02  2.92864456e+04 -1.40882269e+02 
 3.16227766e+04  2.42399907e+02  3.16227766e+04 -1.46345420e+02 
 3.41454887e+04  2.32115935e+02  3.41454887e+04 -1.51321513e+02 
 3.68694506e+04  2.21174744e+02  3.68694506e+04 -1.55697946e+02 
 3.98107171e+04  2.09651770e+02  3.98107171e+04 -1.59367792e+02 
 4.29866235e+04  1.97644959e+02  4.29866235e+04 -1.62235531e+02 
 4.64158883e+04  1.85272375e+02  4.64158883e+04 -1.64222721e+02 
 5.01187234e+04  1.72668141e+02  5.01187234e+04 -1.65273013e+02 
 5.41169527e+04  1.59976928e+02  5.41169527e+04 -1.65355961e+02 
 5.84341413e+04  1.47347442e+02  5.84341413e+04 -1.64469141e+02 
 6.30957344e+04  1.34925519e+02  6.30957344e+04 -1.62638320e+02 
 6.81292069e+04  1.22847507e+02  6.81292069e+04 -1.59915658e+02 
 7.35642254e+04  1.11234538e+02  7.35642254e+04 -1.56376160e+02 
 7.94328235e+04  1.00188201e+02  7.94328235e+04 -1.52112824e+02 
 8.57695899e+04  8.97878676e+01  8.57695899e+04 -1.47231045e+02 
 9.26118728e+04  8.00897132e+01  9.26118728e+04 -1.41842848e+02 
 1.00000000e+05  7.11272965e+01  1.00000000e+05 -1.36061483e+02 
 1.07977516e+05  6.29133765e+01  1.07977516e+05 -1.29996755e+02 
 1.16591440e+05  5.54426040e+01  1.16591440e+05 -1.23751345e+02 
 1.25892541e+05  4.86947028e+01  1.25892541e+05 -1.17418181e+02 
 1.35935639e+05  4.26378001e+01  1.35935639e+05 -1.11078851e+02 
 1.46779927e+05  3.72316382e+01  1.46779927e+05 -1.04802899e+02 
 1.58489319e+05  3.24304812e+01  1.58489319e+05 -9.86478595e+01 
 1.71132830e+05  2.81856073e+01  1.71132830e+05 -9.26598313e+01 
 1.84784980e+05  2.44473447e+01  1.84784980e+05 -8.68744130e+01 
 1.99526231e+05  2.11666553e+01  1.99526231e+05 -8.13178526e+01 
 2.15443469e+05  1.82963028e+01  2.15443469e+05 -7.60082869e+01 
 2.32630507e+05  1.57916605e+01  2.32630507e+05 -7.09569812e+01 
 2.51188643e+05  1.36112207e+01  2.51188643e+05 -6.61695057e+01 
 2.71227258e+05  1.17168661e+01  2.71227258e+05 -6.16468128e+01 
 2.92864456e+05  1.00739600e+01  2.92864456e+05 -5.73861933e+01 
 3.16227766e+05  8.65130343e+00  3.16227766e+05 -5.33821046e+01 
 3.41454887e+05  7.42100005e+00  3.41454887e+05 -4.96268761e+01 
 3.68694506e+05  6.35826040e+00  3.68694506e+05 -4.61112959e+01 
 3.98107171e+05  5.44117074e+00  3.98107171e+05 -4.28250943e+01 
 4.29866235e+05  4.65044517e+00  4.29866235e+05 -3.97573338e+01 
 4.64158883e+05  3.96917414e+00  4.64158883e+05 -3.68967205e+01 
 5.01187234e+05  3.38257907e+00  5.01187234e+05 -3.42318473e+01 
 5.41169527e+05  2.87777888e+00  5.41169527e+05 -3.17513821e+01 
 5.84341413e+05  2.44357250e+00  5.84341413e+05 -2.94442096e+01 
 6.30957344e+05  2.07023897e+00  6.30957344e+05 -2.72995352e+01 
 6.81292069e+05  1.74935622e+00  6.81292069e+05 -2.53069596e+01 
 7.35642254e+05  1.47363804e+00  7.35642254e+05 -2.34565283e+01 
 7.94328235e+05  1.23678870e+00  7.94328235e+05 -2.17387631e+01 
 8.57695899e+05  1.03337409e+00  8.57695899e+05 -2.01446786e+01 
 9.26118728e+05  8.58708069e-01  9.26118728e+05 -1.86657870e+01 
 1.00000000e+06  7.08752626e-01  1.00000000e+06 -1.72940951e+01 
 1.07977516e+06  5.80030607e-01  1.07977516e+06 -1.60220941e+01 
 1.16591440e+06  4.69549515e-01  1.16591440e+06 -1.48427452e+01 
 1.25892541e+06  3.74735241e-01  1.25892541e+06 -1.37494622e+01 
 1.35935639e+06  2.93374516e-01  1.35935639e+06 -1.27360918e+01 
 1.46779927e+06  2.23565038e-01  1.46779927e+06 -1.17968919e+01 
 1.58489319e+06  1.63672315e-01  1.58489319e+06 -1.09265108e+01 
 1.71132830e+06  1.12292371e-01  1.71132830e+06 -1.01199643e+01 
 1.84784980e+06  6.82195472e-02  1.84784980e+06 -9.37261502e+00 
 1.99526231e+06  3.04187462e-02  1.99526231e+06 -8.68015031e+00 
 2.15443469e+06 -1.99849493e-03  2.15443469e+06 -8.03856232e+00 
 2.32630507e+06 -2.97945982e-02  2.32630507e+06 -7.44412795e+00 
 2.51188643e+06 -5.36236661e-02  2.51188643e+06 -6.89339013e+00 
 2.71227258e+06 -7.40467193e-02  2.71227258e+06 -6.38313984e+00 
 2.92864456e+06 -9.15447918e-02  2.92864456e+06 -5.91039918e+00 
 3.16227766e+06 -1.06530178e-01  3.16227766e+06 -5.47240538e+00 
 3.41454887e+06 -1.19356088e-01  3.41454887e+06 -5.06659578e+00 
 3.68694506e+06 -1.30324929e-01  3.68694506e+06 -4.69059370e+00 
 3.98107171e+06 -1.39695408e-01  3.98107171e+06 -4.34219522e+00 
 4.29866235e+06 -1.47688609e-01  4.29866235e+06 -4.01935690e+00 
 4.64158883e+06 -1.54493206e-01  4.64158883e+06 -3.72018421e+00 
 5.01187234e+06 -1.60269904e-01  5.01187234e+06 -3.44292082e+00 
 5.41169527e+06 -1.65155243e-01  5.41169527e+06 -3.18593860e+00 
 5.84341413e+06 -1.69264832e-01  5.84341413e+06 -2.94772838e+00 
 6.30957344e+06 -1.72696105e-01  6.30957344e+06 -2.72689127e+00 
 6.81292069e+06 -1.75530656e-01  6.81292069e+06 -2.52213075e+00 
 7.35642254e+06 -1.77836215e-01  7.35642254e+06 -2.33224523e+00 
 7.94328235e+06 -1.79668322e-01  7.94328235e+06 -2.15612124e+00 
 8.57695899e+06 -1.81071731e-01  8.57695899e+06 -1.99272714e+00 
 9.26118728e+06 -1.82081596e-01  9.26118728e+06 -1.84110734e+00 
 1.00000000e+07 -1.82724471e-01  1.00000000e+07 -1.70037699e+00 
 1.07977516e+07 -1.83019162e-01  1.07977516e+07 -1.56971710e+00 
 1.16591440e+07 -1.82977461e-01  1.16591440e+07 -1.44837019e+00 
 1.25892541e+07 -1.82604804e-01  1.25892541e+07 -1.33563626e+00 
 1.35935639e+07 -1.81900891e-01  1.35935639e+07 -1.23086920e+00 
 1.46779927e+07 -1.80860294e-01  1.46779927e+07 -1.13347357e+00 
 1.58489319e+07 -1.79473115e-01  1.58489319e+07 -1.04290173e+00 
 1.71132830e+07 -1.77725725e-01  1.71132830e+07 -9.58651271e-01 
 1.84784980e+07 -1.75601629e-01  1.84784980e+07 -8.80262705e-01 
 1.99526231e+07 -1.73082513e-01  1.99526231e+07 -8.07317381e-01 
 2.15443469e+07 -1.70149488e-01  2.15443469e+07 -7.39435525e-01 
 2.32630507e+07 -1.66784573e-01  2.32630507e+07 -6.76274315e-01 
 2.51188643e+07 -1.62972408e-01  2.51188643e+07 -6.17525894e-01 
 2.71227258e+07 -1.58702159e-01  2.71227258e+07 -5.62915201e-01 
 2.92864456e+07 -1.53969554e-01  2.92864456e+07 -5.12197488e-01 
 3.16227766e+07 -1.48778919e-01  3.16227766e+07 -4.65155440e-01 
 3.41454887e+07 -1.43145054e-01  3.41454887e+07 -4.21595802e-01 
 3.68694506e+07 -1.37094730e-01  3.68694506e+07 -3.81345531e-01 
 3.98107171e+07 -1.30667606e-01  3.98107171e+07 -3.44247519e-01 
 4.29866235e+07 -1.23916341e-01  4.29866235e+07 -3.10156055e-01 
 4.64158883e+07 -1.16905761e-01  4.64158883e+07 -2.78932267e-01 
 5.01187234e+07 -1.09711027e-01  5.01187234e+07 -2.50439870e-01 
 5.41169527e+07 -1.02414868e-01  5.41169527e+07 -2.24541524e-01 
 5.84341413e+07 -9.51040910e-02  5.84341413e+07 -2.01096136e-01 
 6.30957344e+07 -8.78656675e-02  6.30957344e+07 -1.79957297e-01 
 6.81292069e+07 -8.07827877e-02  6.81292069e+07 -1.60972935e-01 
 7.35642254e+07 -7.39312604e-02  7.35642254e+07 -1.43986138e-01 
 7.94328235e+07 -6.73765880e-02  7.94328235e+07 -1.28836921e-01 
 8.57695899e+07 -6.11719395e-02  8.57695899e+07 -1.15364643e-01 
 9.26118728e+07 -5.53571107e-02  9.26118728e+07 -1.03410742e-01 
 1.00000000e+08 -4.99584386e-02  1.00000000e+08 -9.28214463e-02 
 1.07977516e+08 -4.49895315e-02  1.07977516e+08 -8.34502033e-02 
 1.16591440e+08 -4.04526141e-02  1.16591440e+08 -7.51596277e-02 
 1.25892541e+08 -3.63402651e-02  1.25892541e+08 -6.78228887e-02 
 1.35935639e+08 -3.26373348e-02  1.35935639e+08 -6.13245130e-02 
 1.46779927e+08 -2.93228637e-02  1.46779927e+08 -5.55606566e-02 
 1.58489319e+08 -2.63718725e-02  1.58489319e+08 -5.04389299e-02 
 1.71132830e+08 -2.37569372e-02  1.71132830e+08 -4.58778813e-02 
 1.84784980e+08 -2.14495063e-02  1.84784980e+08 -4.18062443e-02 
 1.99526231e+08 -1.94209520e-02  1.99526231e+08 -3.81620408e-02 
 2.15443469e+08 -1.76433670e-02  2.15443469e+08 -3.48916211e-02 
 2.32630507e+08 -1.60901355e-02  2.32630507e+08 -3.19486983e-02 
 2.51188643e+08 -1.47363121e-02  2.51188643e+08 -2.92934212e-02 
 2.71227258e+08 -1.35588461e-02  2.71227258e+08 -2.68915113e-02 
 2.92864456e+08 -1.25366834e-02  2.92864456e+08 -2.47134816e-02 
 3.16227766e+08 -1.16507787e-02  3.16227766e+08 -2.27339410e-02 
 3.41454887e+08 -1.08840423e-02  3.41454887e+08 -2.09309863e-02 
 3.68694506e+08 -1.02212427e-02  3.68694506e+08 -1.92856755e-02 
 3.98107171e+08 -9.64888251e-03  3.98107171e+08 -1.77815777e-02 
 4.29866235e+08 -9.15505875e-03  4.29866235e+08 -1.64043896e-02 
 4.64158883e+08 -8.72931764e-03  4.64158883e+08 -1.51416127e-02 
 5.01187234e+08 -8.36251028e-03  5.01187234e+08 -1.39822804e-02 
 5.41169527e+08 -8.04665360e-03  5.41169527e+08 -1.29167301e-02 
 5.84341413e+08 -7.77479928e-03  5.84341413e+08 -1.19364122e-02 
 6.30957344e+08 -7.54091262e-03  6.30957344e+08 -1.10337307e-02 
 6.81292069e+08 -7.33976174e-03  6.81292069e+08 -1.02019089e-02 
 7.35642254e+08 -7.16681765e-03  7.35642254e+08 -9.43487876e-03 
 7.94328235e+08 -7.01816477e-03  7.94328235e+08 -8.72718663e-03 
 8.57695899e+08 -6.89042135e-03  8.57695899e+08 -8.07391497e-03 
 9.26118728e+08 -6.78066926e-03  9.26118728e+08 -7.47061610e-03 
 1.00000000e+09 -6.68639226e-03  1.00000000e+09 -6.91325614e-03 
 1.07977516e+09 -6.60542197e-03  1.07977516e+09 -6.39816744e-03 
 1.16591440e+09 -6.53589075e-03  1.16591440e+09 -5.92200789e-03 
 1.25892541e+09 -6.47619068e-03  1.25892541e+09 -5.48172601e-03 
 1.35935639e+09 -6.42493803e-03  1.35935639e+09 -5.07453073e-03 
 1.46779927e+09 -6.38094239e-03  1.46779927e+09 -4.69786526e-03 
 1.58489319e+09 -6.34317998e-03  1.58489319e+09 -4.34938415e-03 
 1.71132830e+09 -6.31077058e-03  1.71132830e+09 -4.02693325e-03 
 1.84784980e+09 -6.28295758e-03  1.84784980e+09 -3.72853195e-03 
 1.99526231e+09 -6.25909080e-03  1.99526231e+09 -3.45235755e-03 
 2.15443469e+09 -6.23861161e-03  2.15443469e+09 -3.19673124e-03 
 2.32630507e+09 -6.22104017e-03  2.32630507e+09 -2.96010564e-03 
 2.51188643e+09 -6.20596435e-03  2.51188643e+09 -2.74105361e-03 
 2.71227258e+09 -6.19303026e-03  2.71227258e+09 -2.53825817e-03 
 2.92864456e+09 -6.18193406e-03  2.92864456e+09 -2.35050343e-03 
 3.16227766e+09 -6.17241489e-03  3.16227766e+09 -2.17666632e-03 
 3.41454887e+09 -6.16424887e-03  3.41454887e+09 -2.01570920e-03 
 3.68694506e+09 -6.15724380e-03  3.68694506e+09 -1.86667295e-03 
 3.98107171e+09 -6.15123477e-03  3.98107171e+09 -1.72867089e-03 
 4.29866235e+09 -6.14608026e-03  4.29866235e+09 -1.60088304e-03 
 4.64158883e+09 -6.14165881e-03  4.64158883e+09 -1.48255098e-03 
 5.01187234e+09 -6.13786622e-03  5.01187234e+09 -1.37297311e-03 
 5.41169527e+09 -6.13461309e-03  5.41169527e+09 -1.27150025e-03 
 5.84341413e+09 -6.13182272e-03  5.84341413e+09 -1.17753170e-03 
 6.30957344e+09 -6.12942930e-03  6.30957344e+09 -1.09051153e-03 
 6.81292069e+09 -6.12737637e-03  6.81292069e+09 -1.00992516e-03 
 7.35642254e+09 -6.12561551e-03  7.35642254e+09 -9.35296315e-04 
 7.94328235e+09 -6.12410518e-03  7.94328235e+09 -8.66184080e-04 
 8.57695899e+09 -6.12280974e-03  8.57695899e+09 -8.02180279e-04 
 9.26118728e+09 -6.12169861e-03  9.26118728e+09 -7.42907014e-04 
 1.00000000e+10 -6.12074558e-03  1.00000000e+10 -6.88014407e-04 
