 1.00000000e+00  3.36946649e+02  1.00000000e+00 -2.85266124e-03 
 1.07977516e+00  3.36946649e+02  1.07977516e+00 -3.08023275e-03 
 1.16591440e+00  3.36946649e+02  1.16591440e+00 -3.32595882e-03 
 1.25892541e+00  3.36946649e+02  1.25892541e+00 -3.59128772e-03 
 1.35935639e+00  3.36946649e+02  1.35935639e+00 -3.87778328e-03 
 1.46779927e+00  3.36946649e+02  1.46779927e+00 -4.18713407e-03 
 1.58489319e+00  3.36946649e+02  1.58489319e+00 -4.52116338e-03 
 1.71132830e+00  3.36946649e+02  1.71132830e+00 -4.88183992e-03 
 1.84784980e+00  3.36946649e+02  1.84784980e+00 -5.27128949e-03 
 1.99526231e+00  3.36946649e+02  1.99526231e+00 -5.69180746e-03 
 2.15443469e+00  3.36946649e+02  2.15443469e+00 -6.14587233e-03 
 2.32630507e+00  3.36946649e+02  2.32630507e+00 -6.63616029e-03 
 2.51188643e+00  3.36946649e+02  2.51188643e+00 -7.16556105e-03 
 2.71227258e+00  3.36946649e+02  2.71227258e+00 -7.73719485e-03 
 2.92864456e+00  3.36946649e+02  2.92864456e+00 -8.35443082e-03 
 3.16227766e+00  3.36946649e+02  3.16227766e+00 -9.02090690e-03 
 3.41454887e+00  3.36946649e+02  3.41454887e+00 -9.74055121e-03 
 3.68694506e+00  3.36946649e+02  3.68694506e+00 -1.05176053e-02 
 3.98107171e+00  3.36946649e+02  3.98107171e+00 -1.13566489e-02 
 4.29866235e+00  3.36946649e+02  4.29866235e+00 -1.22626274e-02 
 4.64158883e+00  3.36946649e+02  4.64158883e+00 -1.32408805e-02 
 5.01187234e+00  3.36946649e+02  5.01187234e+00 -1.42971739e-02 
 5.41169527e+00  3.36946649e+02  5.41169527e+00 -1.54377333e-02 
 5.84341413e+00  3.36946648e+02  5.84341413e+00 -1.66692810e-02 
 6.30957344e+00  3.36946648e+02  6.30957344e+00 -1.79990755e-02 
 6.81292069e+00  3.36946648e+02  6.81292069e+00 -1.94349547e-02 
 7.35642254e+00  3.36946648e+02  7.35642254e+00 -2.09853814e-02 
 7.94328235e+00  3.36946648e+02  7.94328235e+00 -2.26594935e-02 
 8.57695899e+00  3.36946648e+02  8.57695899e+00 -2.44671583e-02 
 9.26118728e+00  3.36946647e+02  9.26118728e+00 -2.64190298e-02 
 1.00000000e+01  3.36946647e+02  1.00000000e+01 -2.85266122e-02 
 1.07977516e+01  3.36946646e+02  1.07977516e+01 -3.08023273e-02 
 1.16591440e+01  3.36946646e+02  1.16591440e+01 -3.32595879e-02 
 1.25892541e+01  3.36946645e+02  1.25892541e+01 -3.59128768e-02 
 1.35935639e+01  3.36946645e+02  1.35935639e+01 -3.87778323e-02 
 1.46779927e+01  3.36946644e+02  1.46779927e+01 -4.18713401e-02 
 1.58489319e+01  3.36946643e+02  1.58489319e+01 -4.52116329e-02 
 1.71132830e+01  3.36946642e+02  1.71132830e+01 -4.88183982e-02 
 1.84784980e+01  3.36946641e+02  1.84784980e+01 -5.27128936e-02 
 1.99526231e+01  3.36946640e+02  1.99526231e+01 -5.69180730e-02 
 2.15443469e+01  3.36946638e+02  2.15443469e+01 -6.14587213e-02 
 2.32630507e+01  3.36946636e+02  2.32630507e+01 -6.63616004e-02 
 2.51188643e+01  3.36946634e+02  2.51188643e+01 -7.16556073e-02 
 2.71227258e+01  3.36946632e+02  2.71227258e+01 -7.73719445e-02 
 2.92864456e+01  3.36946629e+02  2.92864456e+01 -8.35443032e-02 
 3.16227766e+01  3.36946625e+02  3.16227766e+01 -9.02090626e-02 
 3.41454887e+01  3.36946621e+02  3.41454887e+01 -9.74055040e-02 
 3.68694506e+01  3.36946616e+02  3.68694506e+01 -1.05176042e-01 
 3.98107171e+01  3.36946611e+02  3.98107171e+01 -1.13566477e-01 
 4.29866235e+01  3.36946605e+02  4.29866235e+01 -1.22626258e-01 
 4.64158883e+01  3.36946597e+02  4.64158883e+01 -1.32408785e-01 
 5.01187234e+01  3.36946589e+02  5.01187234e+01 -1.42971714e-01 
 5.41169527e+01  3.36946579e+02  5.41169527e+01 -1.54377301e-01 
 5.84341413e+01  3.36946567e+02  5.84341413e+01 -1.66692769e-01 
 6.30957344e+01  3.36946553e+02  6.30957344e+01 -1.79990705e-01 
 6.81292069e+01  3.36946537e+02  6.81292069e+01 -1.94349483e-01 
 7.35642254e+01  3.36946519e+02  7.35642254e+01 -2.09853733e-01 
 7.94328235e+01  3.36946497e+02  7.94328235e+01 -2.26594834e-01 
 8.57695899e+01  3.36946472e+02  8.57695899e+01 -2.44671456e-01 
 9.26118728e+01  3.36946442e+02  9.26118728e+01 -2.64190138e-01 
 1.00000000e+02  3.36946408e+02  1.00000000e+02 -2.85265920e-01 
 1.07977516e+02  3.36946368e+02  1.07977516e+02 -3.08023018e-01 
 1.16591440e+02  3.36946321e+02  1.16591440e+02 -3.32595558e-01 
 1.25892541e+02  3.36946267e+02  1.25892541e+02 -3.59128365e-01 
 1.35935639e+02  3.36946203e+02  1.35935639e+02 -3.87777816e-01 
 1.46779927e+02  3.36946129e+02  1.46779927e+02 -4.18712762e-01 
 1.58489319e+02  3.36946043e+02  1.58489319e+02 -4.52115525e-01 
 1.71132830e+02  3.36945943e+02  1.71132830e+02 -4.88182969e-01 
 1.84784980e+02  3.36945825e+02  1.84784980e+02 -5.27127661e-01 
 1.99526231e+02  3.36945689e+02  1.99526231e+02 -5.69179125e-01 
 2.15443469e+02  3.36945529e+02  2.15443469e+02 -6.14585192e-01 
 2.32630507e+02  3.36945343e+02  2.32630507e+02 -6.63613460e-01 
 2.51188643e+02  3.36945127e+02  2.51188643e+02 -7.16552871e-01 
 2.71227258e+02  3.36944874e+02  2.71227258e+02 -7.73715413e-01 
 2.92864456e+02  3.36944580e+02  2.92864456e+02 -8.35437956e-01 
 3.16227766e+02  3.36944236e+02  3.16227766e+02 -9.02084236e-01 
 3.41454887e+02  3.36943836e+02  3.41454887e+02 -9.74046996e-01 
 3.68694506e+02  3.36943369e+02  3.68694506e+02 -1.05175030e+00 
 3.98107171e+02  3.36942825e+02  3.98107171e+02 -1.13565202e+00 
 4.29866235e+02  3.36942191e+02  4.29866235e+02 -1.22624653e+00 
 4.64158883e+02  3.36941451e+02  4.64158883e+02 -1.32406764e+00 
 5.01187234e+02  3.36940588e+02  5.01187234e+02 -1.42969170e+00 
 5.41169527e+02  3.36939583e+02  5.41169527e+02 -1.54374098e+00 
 5.84341413e+02  3.36938410e+02  5.84341413e+02 -1.66688738e+00 
 6.30957344e+02  3.36937043e+02  6.30957344e+02 -1.79985629e+00 
 6.81292069e+02  3.36935450e+02  6.81292069e+02 -1.94343094e+00 
 7.35642254e+02  3.36933592e+02  7.35642254e+02 -2.09845689e+00 
 7.94328235e+02  3.36931425e+02  7.94328235e+02 -2.26584708e+00 
 8.57695899e+02  3.36928900e+02  8.57695899e+02 -2.44658707e+00 
 9.26118728e+02  3.36925955e+02  9.26118728e+02 -2.64174088e+00 
 1.00000000e+03  3.36922521e+02  1.00000000e+03 -2.85245715e+00 
 1.07977516e+03  3.36918519e+02  1.07977516e+03 -3.07997582e+00 
 1.16591440e+03  3.36913852e+02  1.16591440e+03 -3.32563537e+00 
 1.25892541e+03  3.36908411e+02  1.25892541e+03 -3.59088053e+00 
 1.35935639e+03  3.36902067e+02  1.35935639e+03 -3.87727067e+00 
 1.46779927e+03  3.36894672e+02  1.46779927e+03 -4.18648875e+00 
 1.58489319e+03  3.36886050e+02  1.58489319e+03 -4.52035098e+00 
 1.71132830e+03  3.36875997e+02  1.71132830e+03 -4.88081720e+00 
 1.84784980e+03  3.36864278e+02  1.84784980e+03 -5.27000201e+00 
 1.99526231e+03  3.36850615e+02  1.99526231e+03 -5.69018669e+00 
 2.15443469e+03  3.36834687e+02  2.15443469e+03 -6.14383199e+00 
 2.32630507e+03  3.36816118e+02  2.32630507e+03 -6.63359180e+00 
 2.51188643e+03  3.36794471e+02  2.51188643e+03 -7.16232773e+00 
 2.71227258e+03  3.36769236e+02  2.71227258e+03 -7.73312463e+00 
 2.92864456e+03  3.36739818e+02  2.92864456e+03 -8.34930717e+00 
 3.16227766e+03  3.36705527e+02  3.16227766e+03 -9.01445726e+00 
 3.41454887e+03  3.36665554e+02  3.41454887e+03 -9.73243256e+00 
 3.68694506e+03  3.36618962e+02  3.68694506e+03 -1.05073859e+01 
 3.98107171e+03  3.36564655e+02  3.98107171e+03 -1.13437856e+01 
 4.29866235e+03  3.36501361e+02  4.29866235e+03 -1.22464365e+01 
 4.64158883e+03  3.36427595e+02  4.64158883e+03 -1.32205018e+01 
 5.01187234e+03  3.36341631e+02  5.01187234e+03 -1.42715252e+01 
 5.41169527e+03  3.36241459e+02  5.41169527e+03 -1.54054530e+01 
 5.84341413e+03  3.36124743e+02  5.84341413e+03 -1.66286566e+01 
 6.30957344e+03  3.35988765e+02  6.30957344e+03 -1.79479532e+01 
 6.81292069e+03  3.35830364e+02  6.81292069e+03 -1.93706258e+01 
 7.35642254e+03  3.35645870e+02  7.35642254e+03 -2.09044406e+01 
 7.94328235e+03  3.35431022e+02  7.94328235e+03 -2.25576603e+01 
 8.57695899e+03  3.35180875e+02  8.57695899e+03 -2.43390534e+01 
 9.26118728e+03  3.34889694e+02  9.26118728e+03 -2.62578952e+01 
 1.00000000e+04  3.34550840e+02  1.00000000e+04 -2.83239608e+01 
 1.07977516e+04  3.34156629e+02  1.07977516e+04 -3.05475046e+01 
 1.16591440e+04  3.33698183e+02  1.16591440e+04 -3.29392249e+01 
 1.25892541e+04  3.33165259e+02  1.25892541e+04 -3.55102073e+01 
 1.35935639e+04  3.32546058e+02  1.35935639e+04 -3.82718427e+01 
 1.46779927e+04  3.31827021e+02  1.46779927e+04 -4.12357130e+01 
 1.58489319e+04  3.30992597e+02  1.58489319e+04 -4.44134362e+01 
 1.71132830e+04  3.30025008e+02  1.71132830e+04 -4.78164628e+01 
 1.84784980e+04  3.28903995e+02  1.84784980e+04 -5.14558123e+01 
 1.99526231e+04  3.27606558e+02  1.99526231e+04 -5.53417385e+01 
 2.15443469e+04  3.26106712e+02  2.15443469e+04 -5.94833106e+01 
 2.32630507e+04  3.24375252e+02  2.32630507e+04 -6.38878976e+01 
 2.51188643e+04  3.22379568e+02  2.51188643e+04 -6.85605419e+01 
 2.71227258e+04  3.20083528e+02  2.71227258e+04 -7.35032130e+01 
 2.92864456e+04  3.17447458e+02  2.92864456e+04 -7.87139317e+01 
 3.16227766e+04  3.14428277e+02  3.16227766e+04 -8.41857659e+01 
 3.41454887e+04  3.10979820e+02  3.41454887e+04 -8.99057068e+01 
 3.68694506e+04  3.07053425e+02  3.68694506e+04 -9.58534505e+01 
 3.98107171e+04  3.02598839e+02  3.98107171e+04 -1.02000127e+02 
 4.29866235e+04  2.97565497e+02  4.29866235e+04 -1.08307050e+02 
 4.64158883e+04  2.91904249e+02  4.64158883e+04 -1.14724585e+02 
 5.01187234e+04  2.85569538e+02  5.01187234e+04 -1.21191261e+02 
 5.41169527e+04  2.78522049e+02  5.41169527e+04 -1.27633305e+02 
 5.84341413e+04  2.70731758e+02  5.84341413e+04 -1.33964764e+02 
 6.30957344e+04  2.62181250e+02  6.30957344e+04 -1.40088413e+02 
 6.81292069e+04  2.52869108e+02  6.81292069e+04 -1.45897619e+02 
 7.35642254e+04  2.42813071e+02  7.35642254e+04 -1.51279264e+02 
 7.94328235e+04  2.32052608e+02  7.94328235e+04 -1.56117751e+02 
 8.57695899e+04  2.20650502e+02  8.57695899e+04 -1.60299963e+02 
 9.26118728e+04  2.08693095e+02  9.26118728e+04 -1.63720899e+02 
 1.00000000e+05  1.96288897e+02  1.00000000e+05 -1.66289564e+02 
 1.07977516e+05  1.83565452e+02  1.07977516e+05 -1.67934547e+02 
 1.16591440e+05  1.70664556e+02  1.16591440e+05 -1.68608707e+02 
 1.25892541e+05  1.57736164e+02  1.25892541e+05 -1.68292401e+02 
 1.35935639e+05  1.44931511e+02  1.35935639e+05 -1.66994867e+02 
 1.46779927e+05  1.32396106e+02  1.46779927e+05 -1.64753571e+02 
 1.58489319e+05  1.20263285e+02  1.58489319e+05 -1.61631609e+02 
 1.71132830e+05  1.08648902e+02  1.71132830e+05 -1.57713494e+02 
 1.84784980e+05  9.76475799e+01  1.84784980e+05 -1.53099832e+02 
 1.99526231e+05  8.73306862e+01  1.99526231e+05 -1.47901474e+02 
 2.15443469e+05  7.77460122e+01  2.15443469e+05 -1.42233736e+02 
 2.32630507e+05  6.89189119e+01  2.32630507e+05 -1.36211149e+02 
 2.51188643e+05  6.08545635e+01  2.51188643e+05 -1.29943089e+02 
 2.71227258e+05  5.35409596e+01  2.71227258e+05 -1.23530457e+02 
 2.92864456e+05  4.69522492e+01  2.92864456e+05 -1.17063440e+02 
 3.16227766e+05  4.10521118e+01  3.16227766e+05 -1.10620272e+02 
 3.41454887e+05  3.57969232e+01  3.41454887e+05 -1.04266852e+02 
 3.68694506e+05  3.11385568e+01  3.68694506e+05 -9.80570147e+01 
 3.98107171e+05  2.70267381e+01  3.98107171e+05 -9.20332906e+01 
 4.29866235e+05  2.34109304e+01  4.29866235e+05 -8.62279629e+01 
 4.64158883e+05  2.02417725e+01  4.64158883e+05 -8.06642893e+01 
 5.01187234e+05  1.74721131e+01  5.01187234e+05 -7.53577751e+01 
 5.41169527e+05  1.50577035e+01  5.41169527e+05 -7.03174165e+01 
 5.84341413e+05  1.29576119e+01  5.84341413e+05 -6.55468630e+01 
 6.30957344e+05  1.11344185e+01  6.30957344e+05 -6.10454661e+01 
 6.81292069e+05  9.55424725e+00  6.81292069e+05 -5.68092023e+01 
 7.35642254e+05  8.18667976e+00  7.35642254e+05 -5.28314657e+01 
 7.94328235e+05  7.00458902e+00  7.94328235e+05 -4.91037363e+01 
 8.57695899e+05  5.98392266e+00  8.57695899e+05 -4.56161350e+01 
 9.26118728e+05  5.10345850e+00  9.26118728e+05 -4.23578754e+01 
 1.00000000e+06  4.34454900e+00  1.00000000e+06 -3.93176277e+01 
 1.07977516e+06  3.69086652e+00  1.07977516e+06 -3.64838065e+01 
 1.16591440e+06  3.12815752e+00  1.16591440e+06 -3.38447949e+01 
 1.25892541e+06  2.64401081e+00  1.25892541e+06 -3.13891159e+01 
 1.35935639e+06  2.22764301e+00  1.35935639e+06 -2.91055601e+01 
 1.46779927e+06  1.86970245e+00  1.46779927e+06 -2.69832793e+01 
 1.58489319e+06  1.56209200e+00  1.58489319e+06 -2.50118509e+01 
 1.71132830e+06  1.29781032e+00  1.71132830e+06 -2.31813206e+01 
 1.84784980e+06  1.07081061e+00  1.84784980e+06 -2.14822280e+01 
 1.99526231e+06  8.75875730e-01  1.99526231e+06 -1.99056180e+01 
 2.15443469e+06  7.08508225e-01  2.15443469e+06 -1.84430422e+01 
 2.32630507e+06  5.64833914e-01  2.32630507e+06 -1.70865526e+01 
 2.51188643e+06  4.41517661e-01  2.51188643e+06 -1.58286896e+01 
 2.71227258e+06  3.35689972e-01  2.71227258e+06 -1.46624654e+01 
 2.92864456e+06  2.44883187e-01  2.92864456e+06 -1.35813455e+01 
 3.16227766e+06  1.66976133e-01  3.16227766e+06 -1.25792278e+01 
 3.41454887e+06  1.00146188e-01  3.41454887e+06 -1.16504203e+01 
 3.68694506e+06  4.28278267e-02  3.68694506e+06 -1.07896197e+01 
 3.98107171e+06 -6.32317225e-03  3.98107171e+06 -9.99188816e+00 
 4.29866235e+06 -4.84606074e-02  4.29866235e+06 -9.25263222e+00 
 4.64158883e+06 -8.45744654e-02  4.64158883e+06 -8.56758081e+00 
 5.01187234e+06 -1.15513832e-01  5.01187234e+06 -7.93276493e+00 
 5.41169527e+06 -1.42006602e-01  5.41169527e+06 -7.34449783e+00 
 5.84341413e+06 -1.64676416e-01  5.84341413e+06 -6.79935614e+00 
 6.30957344e+06 -1.84057213e-01  6.30957344e+06 -6.29416207e+00 
 6.81292069e+06 -2.00605710e-01  6.81292069e+06 -5.82596650e+00 
 7.35642254e+06 -2.14712102e-01  7.35642254e+06 -5.39203314e+00 
 7.94328235e+06 -2.26709228e-01  7.94328235e+06 -4.98982361e+00 
 8.57695899e+06 -2.36880402e-01  8.57695899e+06 -4.61698349e+00 
 9.26118728e+06 -2.45466110e-01  9.26118728e+06 -4.27132929e+00 
 1.00000000e+07 -2.52669719e-01  1.00000000e+07 -3.95083633e+00 
 1.07977516e+07 -2.58662327e-01  1.07977516e+07 -3.65362744e+00 
 1.16591440e+07 -2.63586903e-01  1.16591440e+07 -3.37796246e+00 
 1.25892541e+07 -2.67561782e-01  1.25892541e+07 -3.12222861e+00 
 1.35935639e+07 -2.70683640e-01  1.35935639e+07 -2.88493152e+00 
 1.46779927e+07 -2.73030014e-01  1.46779927e+07 -2.66468701e+00 
 1.58489319e+07 -2.74661454e-01  1.58489319e+07 -2.46021357e+00 
 1.71132830e+07 -2.75623361e-01  1.71132830e+07 -2.27032549e+00 
 1.84784980e+07 -2.75947615e-01  1.84784980e+07 -2.09392664e+00 
 1.99526231e+07 -2.75654018e-01  1.99526231e+07 -1.93000482e+00 
 2.15443469e+07 -2.74751668e-01  2.15443469e+07 -1.77762672e+00 
 2.32630507e+07 -2.73240303e-01  2.32630507e+07 -1.63593342e+00 
 2.51188643e+07 -2.71111713e-01  2.51188643e+07 -1.50413631e+00 
 2.71227258e+07 -2.68351285e-01  2.71227258e+07 -1.38151355e+00 
 2.92864456e+07 -2.64939759e-01  2.92864456e+07 -1.26740672e+00 
 3.16227766e+07 -2.60855266e-01  3.16227766e+07 -1.16121787e+00 
 3.41454887e+07 -2.56075678e-01  3.41454887e+07 -1.06240652e+00 
 3.68694506e+07 -2.50581297e-01  3.68694506e+07 -9.70486671e-01 
 3.98107171e+07 -2.44357849e-01  3.98107171e+07 -8.85023606e-01 
 4.29866235e+07 -2.37399684e-01  4.29866235e+07 -8.05630192e-01 
 4.64158883e+07 -2.29713028e-01  4.64158883e+07 -7.31962641e-01 
 5.01187234e+07 -2.21319037e-01  5.01187234e+07 -6.63715538e-01 
 5.41169527e+07 -2.12256363e-01  5.41169527e+07 -6.00616107e-01 
 5.84341413e+07 -2.02582886e-01  5.84341413e+07 -5.42417796e-01 
 6.30957344e+07 -1.92376291e-01  6.30957344e+07 -4.88893366e-01 
 6.81292069e+07 -1.81733223e-01  6.81292069e+07 -4.39827855e-01 
 7.35642254e+07 -1.70766908e-01  7.35642254e+07 -3.95011852e-01 
 7.94328235e+07 -1.59603278e-01  7.94328235e+07 -3.54235611e-01 
 8.57695899e+07 -1.48375876e-01  8.57695899e+07 -3.17284477e-01 
 9.26118728e+07 -1.37219973e-01  9.26118728e+07 -2.83936002e-01 
 1.00000000e+08 -1.26266465e-01  1.00000000e+08 -2.53958932e-01 
 1.07977516e+08 -1.15636158e-01  1.07977516e+08 -2.27114022e-01 
 1.16591440e+08 -1.05434959e-01  1.16591440e+08 -2.03156413e-01 
 1.25892541e+08 -9.57503856e-02  1.25892541e+08 -1.81839156e-01 
 1.35935639e+08 -8.66495762e-02  1.35935639e+08 -1.62917340e-01 
 1.46779927e+08 -7.81787935e-02  1.46779927e+08 -1.46152328e-01 
 1.58489319e+08 -7.03642552e-02  1.58489319e+08 -1.31315640e-01 
 1.71132830e+08 -6.32139953e-02  1.71132830e+08 -1.18192178e-01 
 1.84784980e+08 -5.67204204e-02  1.84784980e+08 -1.06582591e-01 
 1.99526231e+08 -5.08632220e-02  1.99526231e+08 -9.63047478e-02 
 2.15443469e+08 -4.56123580e-02  2.15443469e+08 -8.71943604e-02 
 2.32630507e+08 -4.09308796e-02  2.32630507e+08 -7.91048829e-02 
 2.51188643e+08 -3.67774545e-02  2.51188643e+08 -7.19068400e-02 
 2.71227258e+08 -3.31085058e-02  2.71227258e+08 -6.54867494e-02 
 2.92864456e+08 -2.98799391e-02  2.92864456e+08 -5.97457886e-02 
 3.16227766e+08 -2.70484706e-02  3.16227766e+08 -5.45983335e-02 
 3.41454887e+08 -2.45725943e-02  3.41454887e+08 -4.99704679e-02 
 3.68694506e+08 -2.24132392e-02  3.68694506e+08 -4.57985362e-02 
 3.98107171e+08 -2.05341727e-02  3.98107171e+08 -4.20277879e-02 
 4.29866235e+08 -1.89022035e-02  4.29866235e+08 -3.86111405e-02 
 4.64158883e+08 -1.74872328e-02  4.64158883e+08 -3.55080753e-02 
 5.01187234e+08 -1.62621968e-02  5.01187234e+08 -3.26836667e-02 
 5.41169527e+08 -1.52029323e-02  5.41169527e+08 -3.01077407e-02 
 5.84341413e+08 -1.42879948e-02  5.84341413e+08 -2.77541524e-02 
 6.30957344e+08 -1.34984492e-02  6.30957344e+08 -2.56001717e-02 
 6.81292069e+08 -1.28176474e-02  6.81292069e+08 -2.36259623e-02 
 7.35642254e+08 -1.22310063e-02  7.35642254e+08 -2.18141443e-02 
 7.94328235e+08 -1.17257911e-02  7.94328235e+08 -2.01494264e-02 
 8.57695899e+08 -1.12909107e-02  8.57695899e+08 -1.86182982e-02 
 9.26118728e+08 -1.09167275e-02  9.26118728e+08 -1.72087725e-02 
 1.00000000e+09 -1.05948830e-02  1.00000000e+09 -1.59101701e-02 
 1.07977516e+09 -1.03181397e-02  1.07977516e+09 -1.47129401e-02 
 1.16591440e+09 -1.00802393e-02  1.16591440e+09 -1.36085087e-02 
 1.25892541e+09 -9.87577650e-03  1.25892541e+09 -1.25891528e-02 
 1.35935639e+09 -9.70008671e-03  1.35935639e+09 -1.16478934e-02 
 1.46779927e+09 -9.54914795e-03  1.46779927e+09 -1.07784058e-02 
 1.58489319e+09 -9.41949430e-03  1.58489319e+09 -9.97494322e-03 
 1.71132830e+09 -9.30814061e-03  1.71132830e+09 -9.23227202e-03 
 1.84784980e+09 -9.21251687e-03  1.84784980e+09 -8.54561587e-03 
 1.99526231e+09 -9.13041129e-03  1.99526231e+09 -7.91060794e-03 
 2.15443469e+09 -9.05992090e-03  2.15443469e+09 -7.32324930e-03 
 2.32630507e+09 -8.99940891e-03  2.32630507e+09 -6.77987284e-03 
 2.51188643e+09 -8.94746785e-03  2.51188643e+09 -6.27711147e-03 
 2.71227258e+09 -8.90288764e-03  2.71227258e+09 -5.81187025e-03 
 2.92864456e+09 -8.86462822e-03  2.92864456e+09 -5.38130166e-03 
 3.16227766e+09 -8.83179576e-03  3.16227766e+09 -4.98278361e-03 
 3.41454887e+09 -8.80362232e-03  3.41454887e+09 -4.61389981e-03 
 3.68694506e+09 -8.77944816e-03  3.68694506e+09 -4.27242217e-03 
 3.98107171e+09 -8.75870667e-03  3.98107171e+09 -3.95629498e-03 
 4.29866235e+09 -8.74091123e-03  4.29866235e+09 -3.66362063e-03 
 4.64158883e+09 -8.72564401e-03  4.64158883e+09 -3.39264669e-03 
 5.01187234e+09 -8.71254629e-03  5.01187234e+09 -3.14175418e-03 
 5.41169527e+09 -8.70131015e-03  5.41169527e+09 -2.90944692e-03 
 5.84341413e+09 -8.69167125e-03  5.84341413e+09 -2.69434181e-03 
 6.30957344e+09 -8.68340274e-03  6.30957344e+09 -2.49515997e-03 
 6.81292069e+09 -8.67630994e-03  6.81292069e+09 -2.31071862e-03 
 7.35642254e+09 -8.67022578e-03  7.35642254e+09 -2.13992367e-03 
 7.94328235e+09 -8.66500691e-03  7.94328235e+09 -1.98176288e-03 
 8.57695899e+09 -8.66053033e-03  8.57695899e+09 -1.83529963e-03 
 9.26118728e+09 -8.65669051e-03  9.26118728e+09 -1.69966714e-03 
 1.00000000e+10 -8.65339690e-03  1.00000000e+10 -1.57406320e-03 
