 1.00000000e+00  3.36709299e+02  1.00000000e+00 -4.52192218e-03 
 1.07977516e+00  3.36709299e+02  1.07977516e+00 -4.88265926e-03 
 1.16591440e+00  3.36709299e+02  1.16591440e+00 -5.27217419e-03 
 1.25892541e+00  3.36709299e+02  1.25892541e+00 -5.69276275e-03 
 1.35935639e+00  3.36709299e+02  1.35935639e+00 -6.14690382e-03 
 1.46779927e+00  3.36709299e+02  1.46779927e+00 -6.63727407e-03 
 1.58489319e+00  3.36709299e+02  1.58489319e+00 -7.16676368e-03 
 1.71132830e+00  3.36709299e+02  1.71132830e+00 -7.73849342e-03 
 1.84784980e+00  3.36709299e+02  1.84784980e+00 -8.35583299e-03 
 1.99526231e+00  3.36709299e+02  1.99526231e+00 -9.02242092e-03 
 2.15443469e+00  3.36709299e+02  2.15443469e+00 -9.74218601e-03 
 2.32630507e+00  3.36709299e+02  2.32630507e+00 -1.05193705e-02 
 2.51188643e+00  3.36709298e+02  2.51188643e+00 -1.13585550e-02 
 2.71227258e+00  3.36709298e+02  2.71227258e+00 -1.22646855e-02 
 2.92864456e+00  3.36709298e+02  2.92864456e+00 -1.32431028e-02 
 3.16227766e+00  3.36709298e+02  3.16227766e+00 -1.42995735e-02 
 3.41454887e+00  3.36709298e+02  3.41454887e+00 -1.54403243e-02 
 3.68694506e+00  3.36709298e+02  3.68694506e+00 -1.66720786e-02 
 3.98107171e+00  3.36709298e+02  3.98107171e+00 -1.80020964e-02 
 4.29866235e+00  3.36709298e+02  4.29866235e+00 -1.94382166e-02 
 4.64158883e+00  3.36709298e+02  4.64158883e+00 -2.09889034e-02 
 5.01187234e+00  3.36709297e+02  5.01187234e+00 -2.26632966e-02 
 5.41169527e+00  3.36709297e+02  5.41169527e+00 -2.44712647e-02 
 5.84341413e+00  3.36709297e+02  5.84341413e+00 -2.64234638e-02 
 6.30957344e+00  3.36709296e+02  6.30957344e+00 -2.85313999e-02 
 6.81292069e+00  3.36709296e+02  6.81292069e+00 -3.08074970e-02 
 7.35642254e+00  3.36709296e+02  7.35642254e+00 -3.32651700e-02 
 7.94328235e+00  3.36709295e+02  7.94328235e+00 -3.59189043e-02 
 8.57695899e+00  3.36709294e+02  8.57695899e+00 -3.87843406e-02 
 9.26118728e+00  3.36709294e+02  9.26118728e+00 -4.18783676e-02 
 1.00000000e+01  3.36709293e+02  1.00000000e+01 -4.52192210e-02 
 1.07977516e+01  3.36709292e+02  1.07977516e+01 -4.88265916e-02 
 1.16591440e+01  3.36709291e+02  1.16591440e+01 -5.27217407e-02 
 1.25892541e+01  3.36709289e+02  1.25892541e+01 -5.69276259e-02 
 1.35935639e+01  3.36709288e+02  1.35935639e+01 -6.14690362e-02 
 1.46779927e+01  3.36709286e+02  1.46779927e+01 -6.63727381e-02 
 1.58489319e+01  3.36709284e+02  1.58489319e+01 -7.16676336e-02 
 1.71132830e+01  3.36709281e+02  1.71132830e+01 -7.73849301e-02 
 1.84784980e+01  3.36709278e+02  1.84784980e+01 -8.35583248e-02 
 1.99526231e+01  3.36709275e+02  1.99526231e+01 -9.02242028e-02 
 2.15443469e+01  3.36709271e+02  2.15443469e+01 -9.74218520e-02 
 2.32630507e+01  3.36709266e+02  2.32630507e+01 -1.05193695e-01 
 2.51188643e+01  3.36709261e+02  2.51188643e+01 -1.13585537e-01 
 2.71227258e+01  3.36709254e+02  2.71227258e+01 -1.22646839e-01 
 2.92864456e+01  3.36709247e+02  2.92864456e+01 -1.32431008e-01 
 3.16227766e+01  3.36709238e+02  3.16227766e+01 -1.42995709e-01 
 3.41454887e+01  3.36709228e+02  3.41454887e+01 -1.54403211e-01 
 3.68694506e+01  3.36709216e+02  3.68694506e+01 -1.66720746e-01 
 3.98107171e+01  3.36709203e+02  3.98107171e+01 -1.80020913e-01 
 4.29866235e+01  3.36709187e+02  4.29866235e+01 -1.94382102e-01 
 4.64158883e+01  3.36709168e+02  4.64158883e+01 -2.09888954e-01 
 5.01187234e+01  3.36709146e+02  5.01187234e+01 -2.26632864e-01 
 5.41169527e+01  3.36709121e+02  5.41169527e+01 -2.44712520e-01 
 5.84341413e+01  3.36709092e+02  5.84341413e+01 -2.64234478e-01 
 6.30957344e+01  3.36709057e+02  6.30957344e+01 -2.85313797e-01 
 6.81292069e+01  3.36709017e+02  6.81292069e+01 -3.08074715e-01 
 7.35642254e+01  3.36708970e+02  7.35642254e+01 -3.32651379e-01 
 7.94328235e+01  3.36708916e+02  7.94328235e+01 -3.59188638e-01 
 8.57695899e+01  3.36708852e+02  8.57695899e+01 -3.87842897e-01 
 9.26118728e+01  3.36708778e+02  9.26118728e+01 -4.18783035e-01 
 1.00000000e+02  3.36708692e+02  1.00000000e+02 -4.52191404e-01 
 1.07977516e+02  3.36708591e+02  1.07977516e+02 -4.88264901e-01 
 1.16591440e+02  3.36708474e+02  1.16591440e+02 -5.27216129e-01 
 1.25892541e+02  3.36708337e+02  1.25892541e+02 -5.69274650e-01 
 1.35935639e+02  3.36708178e+02  1.35935639e+02 -6.14688336e-01 
 1.46779927e+02  3.36707991e+02  1.46779927e+02 -6.63724832e-01 
 1.58489319e+02  3.36707775e+02  1.58489319e+02 -7.16673127e-01 
 1.71132830e+02  3.36707522e+02  1.71132830e+02 -7.73845261e-01 
 1.84784980e+02  3.36707227e+02  1.84784980e+02 -8.35578161e-01 
 1.99526231e+02  3.36706883e+02  1.99526231e+02 -9.02235624e-01 
 2.15443469e+02  3.36706482e+02  2.15443469e+02 -9.74210458e-01 
 2.32630507e+02  3.36706015e+02  2.32630507e+02 -1.05192680e+00 
 2.51188643e+02  3.36705470e+02  2.51188643e+02 -1.13584259e+00 
 2.71227258e+02  3.36704835e+02  2.71227258e+02 -1.22645231e+00 
 2.92864456e+02  3.36704094e+02  2.92864456e+02 -1.32428983e+00 
 3.16227766e+02  3.36703231e+02  3.16227766e+02 -1.42993160e+00 
 3.41454887e+02  3.36702224e+02  3.41454887e+02 -1.54400001e+00 
 3.68694506e+02  3.36701050e+02  3.68694506e+02 -1.66716705e+00 
 3.98107171e+02  3.36699682e+02  3.98107171e+02 -1.80015827e+00 
 4.29866235e+02  3.36698086e+02  4.29866235e+02 -1.94375698e+00 
 4.64158883e+02  3.36696226e+02  4.64158883e+02 -2.09880892e+00 
 5.01187234e+02  3.36694057e+02  5.01187234e+02 -2.26622715e+00 
 5.41169527e+02  3.36691528e+02  5.41169527e+02 -2.44699743e+00 
 5.84341413e+02  3.36688580e+02  5.84341413e+02 -2.64218393e+00 
 6.30957344e+02  3.36685142e+02  6.30957344e+02 -2.85293547e+00 
 6.81292069e+02  3.36681135e+02  6.81292069e+02 -3.08049222e+00 
 7.35642254e+02  3.36676462e+02  7.35642254e+02 -3.32619286e+00 
 7.94328235e+02  3.36671015e+02  7.94328235e+02 -3.59148237e+00 
 8.57695899e+02  3.36664664e+02  8.57695899e+02 -3.87792036e+00 
 9.26118728e+02  3.36657259e+02  9.26118728e+02 -4.18719006e+00 
 1.00000000e+03  3.36648627e+02  1.00000000e+03 -4.52110798e+00 
 1.07977516e+03  3.36638563e+02  1.07977516e+03 -4.88163427e+00 
 1.16591440e+03  3.36626829e+02  1.16591440e+03 -5.27088386e+00 
 1.25892541e+03  3.36613150e+02  1.25892541e+03 -5.69113837e+00 
 1.35935639e+03  3.36597203e+02  1.35935639e+03 -6.14485895e+00 
 1.46779927e+03  3.36578612e+02  1.46779927e+03 -6.63469988e+00 
 1.58489319e+03  3.36556939e+02  1.58489319e+03 -7.16352318e+00 
 1.71132830e+03  3.36531674e+02  1.71132830e+03 -7.73441417e+00 
 1.84784980e+03  3.36502221e+02  1.84784980e+03 -8.35069797e+00 
 1.99526231e+03  3.36467889e+02  1.99526231e+03 -9.01595697e+00 
 2.15443469e+03  3.36427869e+02  2.15443469e+03 -9.73404935e+00 
 2.32630507e+03  3.36381221e+02  2.32630507e+03 -1.05091284e+01 
 2.51188643e+03  3.36326850e+02  2.51188643e+03 -1.13456631e+01 
 2.71227258e+03  3.36263480e+02  2.71227258e+03 -1.22484587e+01 
 2.92864456e+03  3.36189627e+02  2.92864456e+03 -1.32226789e+01 
 3.16227766e+03  3.36103560e+02  3.16227766e+03 -1.42738679e+01 
 3.41454887e+03  3.36003270e+02  3.41454887e+03 -1.54079725e+01 
 3.68694506e+03  3.35886416e+02  3.68694506e+03 -1.66313643e+01 
 3.98107171e+03  3.35750276e+02  3.98107171e+03 -1.79508609e+01 
 4.29866235e+03  3.35591689e+02  4.29866235e+03 -1.93737453e+01 
 4.64158883e+03  3.35406978e+02  4.64158883e+03 -2.09077835e+01 
 5.01187234e+03  3.35191877e+02  5.01187234e+03 -2.25612381e+01 
 5.41169527e+03  3.34941436e+02  5.41169527e+03 -2.43428767e+01 
 5.84341413e+03  3.34649914e+02  5.84341413e+03 -2.62619734e+01 
 6.30957344e+03  3.34310665e+02  6.30957344e+03 -2.83283015e+01 
 6.81292069e+03  3.33915996e+02  6.81292069e+03 -3.05521128e+01 
 7.35642254e+03  3.33457020e+02  7.35642254e+03 -3.29441019e+01 
 7.94328235e+03  3.32923482e+02  7.94328235e+03 -3.55153498e+01 
 8.57695899e+03  3.32303574e+02  8.57695899e+03 -3.82772409e+01 
 9.26118728e+03  3.31583719e+02  9.26118728e+03 -4.12413487e+01 
 1.00000000e+04  3.30748356e+02  1.00000000e+04 -4.44192807e+01 
 1.07977516e+04  3.29779688e+02  1.07977516e+04 -4.78224735e+01 
 1.16591440e+04  3.28657439e+02  1.16591440e+04 -5.14619294e+01 
 1.25892541e+04  3.27358592e+02  1.25892541e+04 -5.53478805e+01 
 1.35935639e+04  3.25857140e+02  1.35935639e+04 -5.94893693e+01 
 1.46779927e+04  3.24123859e+02  1.46779927e+04 -6.38937316e+01 
 1.58489319e+04  3.22126124e+02  1.58489319e+04 -6.85659699e+01 
 1.71132830e+04  3.19827783e+02  1.71132830e+04 -7.35080052e+01 
 1.84784980e+04  3.17189151e+02  1.84784980e+04 -7.87178008e+01 
 1.99526231e+04  3.14167140e+02  1.99526231e+04 -8.41883572e+01 
 2.15443469e+04  3.10715585e+02  2.15443469e+04 -8.99065876e+01 
 2.32630507e+04  3.06785841e+02  2.32630507e+04 -9.58520994e+01 
 2.51188643e+04  3.02327681e+02  2.51188643e+04 -1.01995925e+02 
 2.71227258e+04  2.97290592e+02  2.71227258e+04 -1.08299271e+02 
 2.92864456e+04  2.91625498e+02  2.92864456e+04 -1.14712393e+02 
 3.16227766e+04  2.85286947e+02  3.16227766e+04 -1.21173712e+02 
 3.41454887e+04  2.78235761e+02  3.41454887e+04 -1.27609353e+02 
 3.68694506e+04  2.70442086e+02  3.68694506e+04 -1.33933276e+02 
 3.98107171e+04  2.61888714e+02  3.98107171e+04 -1.40048202e+02 
 4.29866235e+04  2.52574466e+02  4.29866235e+04 -1.45847478e+02 
 4.64158883e+04  2.42517340e+02  4.64158883e+04 -1.51218025e+02 
 5.01187234e+04  2.31757074e+02  5.01187234e+04 -1.56044342e+02 
 5.41169527e+04  2.20356714e+02  5.41169527e+04 -1.60213479e+02 
 5.84341413e+04  2.08402837e+02  5.84341413e+04 -1.63620674e+02 
 6.30957344e+04  1.96004138e+02  6.30957344e+04 -1.66175235e+02 
 6.81292069e+04  1.83288277e+02  6.81292069e+04 -1.67806109e+02 
 7.35642254e+04  1.70397080e+02  7.35642254e+04 -1.68466545e+02 
 7.94328235e+04  1.57480437e+02  7.94328235e+04 -1.68137297e+02 
 8.57695899e+04  1.44689422e+02  8.57695899e+04 -1.66827983e+02 
 9.26118728e+04  1.32169298e+02  9.26118728e+04 -1.64576397e+02 
 1.00000000e+05  1.20053083e+02  1.00000000e+05 -1.61445899e+02 
 1.07977516e+05  1.08456272e+02  1.07977516e+05 -1.57521182e+02 
 1.16591440e+05  9.74731036e+01  1.16591440e+05 -1.52902941e+02 
 1.25892541e+05  8.71745691e+01  1.25892541e+05 -1.47702029e+02 
 1.35935639e+05  7.76081085e+01  1.35935639e+05 -1.42033686e+02 
 1.46779927e+05  6.87987679e+01  1.46779927e+05 -1.36012302e+02 
 1.58489319e+05  6.07514707e+01  1.58489319e+05 -1.29747066e+02 
 1.71132830e+05  5.34540126e+01  1.71132830e+05 -1.23338662e+02 
 1.84784980e+05  4.68804030e+01  1.84784980e+05 -1.16877046e+02 
 1.99526231e+05  4.09942349e+01  1.99526231e+05 -1.10440222e+02 
 2.15443469e+05  3.57518439e+01  2.15443469e+05 -1.04093867e+02 
 2.32630507e+05  3.11051015e+01  2.32630507e+05 -9.78916146e+01 
 2.51188643e+05  2.70037615e+01  2.51188643e+05 -9.18758139e+01 
 2.71227258e+05  2.33973377e+01  2.71227258e+05 -8.60785919e+01 
 2.92864456e+05  2.02365346e+01  2.92864456e+05 -8.05230748e+01 
 3.16227766e+05  1.74742763e+01  3.16227766e+05 -7.52246600e+01 
 3.41454887e+05  1.50663942e+01  3.41454887e+05 -7.01922573e+01 
 3.68694506e+05  1.29720376e+01  3.68694506e+05 -6.54294492e+01 
 3.98107171e+05  1.11538660e+01  3.98107171e+05 -6.09355374e+01 
 4.29866235e+05  9.57807944e+00  4.29866235e+05 -5.67064627e+01 
 4.64158883e+05  8.21433078e+00  4.64158883e+05 -5.27355955e+01 
 5.01187234e+05  7.03555876e+00  5.01187234e+05 -4.90144019e+01 
 5.41169527e+05  6.01777102e+00  5.41169527e+05 -4.55329968e+01 
 5.84341413e+05  5.13979962e+00  5.84341413e+05 -4.22805940e+01 
 6.30957344e+05  4.38304557e+00  6.30957344e+05 -3.92458687e+01 
 6.81292069e+05  3.73122446e+00  6.81292069e+05 -3.64172442e+01 
 7.35642254e+05  3.17012096e+00  7.35642254e+05 -3.37831149e+01 
 7.94328235e+05  2.68735758e+00  7.94328235e+05 -3.13320169e+01 
 8.57695899e+05  2.27218042e+00  8.57695899e+05 -2.90527556e+01 
 9.26118728e+05  1.91526359e+00  9.26118728e+05 -2.69344979e+01 
 1.00000000e+06  1.60853240e+00  1.00000000e+06 -2.49668367e+01 
 1.07977516e+06  1.34500498e+00  1.07977516e+06 -2.31398337e+01 
 1.16591440e+06  1.11865141e+00  1.16591440e+06 -2.14440440e+01 
 1.25892541e+06  9.24269107e-01  1.25892541e+06 -1.98705279e+01 
 1.35935639e+06  7.57373134e-01  1.35935639e+06 -1.84108519e+01 
 1.46779927e+06  6.14100071e-01  1.46779927e+06 -1.70570825e+01 
 1.58489319e+06  4.91123975e-01  1.58489319e+06 -1.58017739e+01 
 1.71132830e+06  3.85583179e-01  1.71132830e+06 -1.46379518e+01 
 1.84784980e+06  2.95016649e-01  1.84784980e+06 -1.35590944e+01 
 1.99526231e+06  2.17308778e-01  1.99526231e+06 -1.25591117e+01 
 2.15443469e+06  1.50641569e-01  2.15443469e+06 -1.16323236e+01 
 2.32630507e+06  9.34532909e-02  2.32630507e+06 -1.07734377e+01 
 2.51188643e+06  4.44027610e-02  2.51188643e+06 -9.97752701e+00 
 2.71227258e+06  2.33853905e-03  2.71227258e+06 -9.24000798e+00 
 2.92864456e+06 -3.37276319e-02  2.92864456e+06 -8.55661932e+00 
 3.16227766e+06 -6.46436949e-02  3.16227766e+06 -7.92340129e+00 
 3.41454887e+06 -9.11369599e-02  3.41454887e+06 -7.33667599e+00 
 3.68694506e+06 -1.13831027e-01  3.68694506e+06 -6.79302857e+00 
 3.98107171e+06 -1.33260326e-01  3.98107171e+06 -6.28928935e+00 
 4.29866235e+06 -1.49882609e-01  4.29866235e+06 -5.82251702e+00 
 4.64158883e+06 -1.64089658e-01  4.64158883e+06 -5.38998275e+00 
 5.01187234e+06 -1.76216476e-01  5.01187234e+06 -4.98915528e+00 
 5.41169527e+06 -1.86549153e-01  5.41169527e+06 -4.61768698e+00 
 5.84341413e+06 -1.95331599e-01  5.84341413e+06 -4.27340077e+00 
 6.30957344e+06 -2.02771298e-01  6.30957344e+06 -3.95427795e+00 
 6.81292069e+06 -2.09044215e-01  6.81292069e+06 -3.65844687e+00 
 7.35642254e+06 -2.14298983e-01  7.35642254e+06 -3.38417234e+00 
 7.94328235e+06 -2.18660453e-01  7.94328235e+06 -3.12984587e+00 
 8.57695899e+06 -2.22232716e-01  8.57695899e+06 -2.89397656e+00 
 9.26118728e+06 -2.25101653e-01  9.26118728e+06 -2.67518277e+00 
 1.00000000e+07 -2.27337100e-01  1.00000000e+07 -2.47218430e+00 
 1.07977516e+07 -2.28994674e-01  1.07977516e+07 -2.28379533e+00 
 1.16591440e+07 -2.30117323e-01  1.16591440e+07 -2.10891791e+00 
 1.25892541e+07 -2.30736650e-01  1.25892541e+07 -1.94653594e+00 
 1.35935639e+07 -2.30874072e-01  1.35935639e+07 -1.79570982e+00 
 1.46779927e+07 -2.30541847e-01  1.46779927e+07 -1.65557154e+00 
 1.58489319e+07 -2.29744046e-01  1.58489319e+07 -1.52532027e+00 
 1.71132830e+07 -2.28477501e-01  1.71132830e+07 -1.40421841e+00 
 1.84784980e+07 -2.26732811e-01  1.84784980e+07 -1.29158812e+00 
 1.99526231e+07 -2.24495454e-01  1.99526231e+07 -1.18680814e+00 
 2.15443469e+07 -2.21747059e-01  2.15443469e+07 -1.08931097e+00 
 2.32630507e+07 -2.18466915e-01  2.32630507e+07 -9.98580296e-01 
 2.51188643e+07 -2.14633733e-01  2.51188643e+07 -9.14148532e-01 
 2.71227258e+07 -2.10227707e-01  2.71227258e+07 -8.35594336e-01 
 2.92864456e+07 -2.05232842e-01  2.92864456e+07 -7.62540046e-01 
 3.16227766e+07 -1.99639511e-01  3.16227766e+07 -6.94648788e-01 
 3.41454887e+07 -1.93447110e-01  3.41454887e+07 -6.31621156e-01 
 3.68694506e+07 -1.86666657e-01  3.68694506e+07 -5.73191337e-01 
 3.98107171e+07 -1.79323084e-01  3.98107171e+07 -5.19122603e-01 
 4.29866235e+07 -1.71456962e-01  4.29866235e+07 -4.69202193e-01 
 4.64158883e+07 -1.63125373e-01  4.64158883e+07 -4.23235721e-01 
 5.01187234e+07 -1.54401681e-01  5.01187234e+07 -3.81041331e-01 
 5.41169527e+07 -1.45374058e-01  5.41169527e+07 -3.42443962e-01 
 5.84341413e+07 -1.36142738e-01  5.84341413e+07 -3.07270133e-01 
 6.30957344e+07 -1.26816144e-01  6.30957344e+07 -2.75343660e-01 
 6.81292069e+07 -1.17506207e-01  6.81292069e+07 -2.46482676e-01 
 7.35642254e+07 -1.08323304e-01  7.35642254e+07 -2.20498155e-01 
 7.94328235e+07 -9.93713187e-02  7.94328235e+07 -1.97193998e-01 
 8.57695899e+07 -9.07432977e-02  8.57695899e+07 -1.76368520e-01 
 9.26118728e+07 -8.25180774e-02  9.26118728e+07 -1.57817044e-01 
 1.00000000e+08 -7.47581182e-02  1.00000000e+08 -1.41335173e-01 
 1.07977516e+08 -6.75086019e-02  1.07977516e+08 -1.26722324e-01 
 1.16591440e+08 -6.07977001e-02  1.16591440e+08 -1.13785108e-01 
 1.25892541e+08 -5.46378045e-02  1.25892541e+08 -1.02340242e-01 
 1.35935639e+08 -4.90274491e-02  1.35935639e+08 -9.22168197e-02 
 1.46779927e+08 -4.39536378e-02  1.46779927e+08 -8.32578229e-02 
 1.58489319e+08 -3.93943203e-02  1.58489319e+08 -7.53209156e-02 
 1.71132830e+08 -3.53208055e-02  1.71132830e+08 -6.82785863e-02 
 1.84784980e+08 -3.16999673e-02  1.84784980e+08 -6.20177642e-02 
 1.99526231e+08 -2.84961515e-02  1.99526231e+08 -5.64390445e-02 
 2.15443469e+08 -2.56727458e-02  2.15443469e+08 -5.14556529e-02 
 2.32630507e+08 -2.31934114e-02  2.32630507e+08 -4.69922646e-02 
 2.51188643e+08 -2.10230006e-02  2.51188643e+08 -4.29837675e-02 
 2.71227258e+08 -1.91281995e-02  2.71227258e+08 -3.93740417e-02 
 2.92864456e+08 -1.74779413e-02  2.92864456e+08 -3.61147995e-02 
 3.16227766e+08 -1.60436357e-02  3.16227766e+08 -3.31645174e-02 
 3.41454887e+08 -1.47992575e-02  3.41454887e+08 -3.04874749e-02 
 3.68694506e+08 -1.37213306e-02  3.68694506e+08 -2.80529040e-02 
 3.98107171e+08 -1.27888388e-02  3.98107171e+08 -2.58342490e-02 
 4.29866235e+08 -1.19830881e-02  4.29866235e+08 -2.38085280e-02 
 4.64158883e+08 -1.12875398e-02  4.64158883e+08 -2.19557883e-02 
 5.01187234e+08 -1.06876295e-02  5.01187234e+08 -2.02586440e-02 
 5.41169527e+08 -1.01705805e-02  5.41169527e+08 -1.87018867e-02 
 5.84341413e+08 -9.72522258e-03  5.84341413e+08 -1.72721576e-02 
 6.30957344e+08 -9.34181672e-03  6.30957344e+08 -1.59576738e-02 
 6.81292069e+08 -9.01189277e-03  6.81292069e+08 -1.47479980e-02 
 7.35642254e+08 -8.72809896e-03  7.35642254e+08 -1.36338471e-02 
 7.94328235e+08 -8.48406530e-03  7.94328235e+08 -1.26069314e-02 
 8.57695899e+08 -8.27428059e-03  8.57695899e+08 -1.16598207e-02 
 9.26118728e+08 -8.09398239e-03  9.26118728e+08 -1.07858309e-02 
 1.00000000e+09 -7.93905950e-03  1.00000000e+09 -9.97892981e-03 
 1.07977516e+09 -7.80596590e-03  1.07977516e+09 -9.23365724e-03 
 1.16591440e+09 -7.69164516e-03  1.16591440e+09 -8.54505712e-03 
 1.25892541e+09 -7.59346437e-03  1.25892541e+09 -7.90862013e-03 
 1.35935639e+09 -7.50915651e-03  1.35935639e+09 -7.32023447e-03 
 1.46779927e+09 -7.43677044e-03  1.46779927e+09 -6.77614362e-03 
 1.58489319e+09 -7.37462741e-03  1.58489319e+09 -6.27290978e-03 
 1.71132830e+09 -7.32128353e-03  1.71132830e+09 -5.80738208e-03 
 1.84784980e+09 -7.27549719e-03  1.84784980e+09 -5.37666887e-03 
 1.99526231e+09 -7.23620103e-03  1.99526231e+09 -4.97811329e-03 
 2.15443469e+09 -7.20247768e-03  2.15443469e+09 -4.60927171e-03 
 2.32630507e+09 -7.17353882e-03  2.32630507e+09 -4.26789464e-03 
 2.51188643e+09 -7.14870720e-03  2.51188643e+09 -3.95190963e-03 
 2.71227258e+09 -7.12740106e-03  2.71227258e+09 -3.65940608e-03 
 2.92864456e+09 -7.10912076e-03  2.92864456e+09 -3.38862153e-03 
 3.16227766e+09 -7.09343727e-03  3.16227766e+09 -3.13792929e-03 
 3.41454887e+09 -7.07998221e-03  3.41454887e+09 -2.90582733e-03 
 3.68694506e+09 -7.06843932e-03  3.68694506e+09 -2.69092813e-03 
 3.98107171e+09 -7.05853716e-03  3.98107171e+09 -2.49194957e-03 
 4.29866235e+09 -7.05004272e-03  4.29866235e+09 -2.30770650e-03 
 4.64158883e+09 -7.04275604e-03  4.64158883e+09 -2.13710314e-03 
 5.01187234e+09 -7.03650552e-03  5.01187234e+09 -1.97912613e-03 
 5.41169527e+09 -7.03114391e-03  5.41169527e+09 -1.83283812e-03 
 5.84341413e+09 -7.02654486e-03  5.84341413e+09 -1.69737194e-03 
 6.30957344e+09 -7.02259997e-03  6.30957344e+09 -1.57192521e-03 
 6.81292069e+09 -7.01921622e-03  6.81292069e+09 -1.45575542e-03 
 7.35642254e+09 -7.01631382e-03  7.35642254e+09 -1.34817538e-03 
 7.94328235e+09 -7.01382433e-03  7.94328235e+09 -1.24854903e-03 
 8.57695899e+09 -7.01168900e-03  8.57695899e+09 -1.15628760e-03 
 9.26118728e+09 -7.00985748e-03  9.26118728e+09 -1.07084607e-03 
 1.00000000e+10 -7.00828654e-03  1.00000000e+10 -9.91719847e-04 
