 1.00000000e+00  2.35110172e+02  1.00000000e+00 -3.10853077e-03 
 1.07977516e+00  2.35110172e+02  1.07977516e+00 -3.35651431e-03 
 1.16591440e+00  2.35110172e+02  1.16591440e+00 -3.62428079e-03 
 1.25892541e+00  2.35110172e+02  1.25892541e+00 -3.91340837e-03 
 1.35935639e+00  2.35110172e+02  1.35935639e+00 -4.22560116e-03 
 1.46779927e+00  2.35110172e+02  1.46779927e+00 -4.56269918e-03 
 1.58489319e+00  2.35110172e+02  1.58489319e+00 -4.92668925e-03 
 1.71132830e+00  2.35110172e+02  1.71132830e+00 -5.31971668e-03 
 1.84784980e+00  2.35110172e+02  1.84784980e+00 -5.74409794e-03 
 1.99526231e+00  2.35110172e+02  1.99526231e+00 -6.20233429e-03 
 2.15443469e+00  2.35110172e+02  2.15443469e+00 -6.69712651e-03 
 2.32630507e+00  2.35110172e+02  2.32630507e+00 -7.23139087e-03 
 2.51188643e+00  2.35110172e+02  2.51188643e+00 -7.80827624e-03 
 2.71227258e+00  2.35110171e+02  2.71227258e+00 -8.43118275e-03 
 2.92864456e+00  2.35110171e+02  2.92864456e+00 -9.10378172e-03 
 3.16227766e+00  2.35110171e+02  3.16227766e+00 -9.83003738e-03 
 3.41454887e+00  2.35110171e+02  3.41454887e+00 -1.06142302e-02 
 3.68694506e+00  2.35110171e+02  3.68694506e+00 -1.14609821e-02 
 3.98107171e+00  2.35110171e+02  3.98107171e+00 -1.23752838e-02 
 4.29866235e+00  2.35110171e+02  4.29866235e+00 -1.33625241e-02 
 4.64158883e+00  2.35110171e+02  4.64158883e+00 -1.44285216e-02 
 5.01187234e+00  2.35110171e+02  5.01187234e+00 -1.55795593e-02 
 5.41169527e+00  2.35110171e+02  5.41169527e+00 -1.68224211e-02 
 5.84341413e+00  2.35110170e+02  5.84341413e+00 -1.81644325e-02 
 6.30957344e+00  2.35110170e+02  6.30957344e+00 -1.96135030e-02 
 6.81292069e+00  2.35110170e+02  6.81292069e+00 -2.11781734e-02 
 7.35642254e+00  2.35110170e+02  7.35642254e+00 -2.28676656e-02 
 7.94328235e+00  2.35110169e+02  7.94328235e+00 -2.46919373e-02 
 8.57695899e+00  2.35110169e+02  8.57695899e+00 -2.66617405e-02 
 9.26118728e+00  2.35110168e+02  9.26118728e+00 -2.87886852e-02 
 1.00000000e+01  2.35110168e+02  1.00000000e+01 -3.10853071e-02 
 1.07977516e+01  2.35110167e+02  1.07977516e+01 -3.35651424e-02 
 1.16591440e+01  2.35110166e+02  1.16591440e+01 -3.62428070e-02 
 1.25892541e+01  2.35110165e+02  1.25892541e+01 -3.91340827e-02 
 1.35935639e+01  2.35110164e+02  1.35935639e+01 -4.22560103e-02 
 1.46779927e+01  2.35110163e+02  1.46779927e+01 -4.56269901e-02 
 1.58489319e+01  2.35110161e+02  1.58489319e+01 -4.92668903e-02 
 1.71132830e+01  2.35110160e+02  1.71132830e+01 -5.31971641e-02 
 1.84784980e+01  2.35110158e+02  1.84784980e+01 -5.74409760e-02 
 1.99526231e+01  2.35110155e+02  1.99526231e+01 -6.20233386e-02 
 2.15443469e+01  2.35110153e+02  2.15443469e+01 -6.69712597e-02 
 2.32630507e+01  2.35110150e+02  2.32630507e+01 -7.23139019e-02 
 2.51188643e+01  2.35110146e+02  2.51188643e+01 -7.80827539e-02 
 2.71227258e+01  2.35110142e+02  2.71227258e+01 -8.43118168e-02 
 2.92864456e+01  2.35110137e+02  2.92864456e+01 -9.10378037e-02 
 3.16227766e+01  2.35110131e+02  3.16227766e+01 -9.83003568e-02 
 3.41454887e+01  2.35110124e+02  3.41454887e+01 -1.06142281e-01 
 3.68694506e+01  2.35110116e+02  3.68694506e+01 -1.14609794e-01 
 3.98107171e+01  2.35110107e+02  3.98107171e+01 -1.23752805e-01 
 4.29866235e+01  2.35110096e+02  4.29866235e+01 -1.33625198e-01 
 4.64158883e+01  2.35110083e+02  4.64158883e+01 -1.44285163e-01 
 5.01187234e+01  2.35110069e+02  5.01187234e+01 -1.55795525e-01 
 5.41169527e+01  2.35110051e+02  5.41169527e+01 -1.68224126e-01 
 5.84341413e+01  2.35110031e+02  5.84341413e+01 -1.81644218e-01 
 6.30957344e+01  2.35110008e+02  6.30957344e+01 -1.96134895e-01 
 6.81292069e+01  2.35109981e+02  6.81292069e+01 -2.11781564e-01 
 7.35642254e+01  2.35109949e+02  7.35642254e+01 -2.28676442e-01 
 7.94328235e+01  2.35109913e+02  7.94328235e+01 -2.46919103e-01 
 8.57695899e+01  2.35109870e+02  8.57695899e+01 -2.66617066e-01 
 9.26118728e+01  2.35109819e+02  9.26118728e+01 -2.87886425e-01 
 1.00000000e+02  2.35109761e+02  1.00000000e+02 -3.10852534e-01 
 1.07977516e+02  2.35109693e+02  1.07977516e+02 -3.35650748e-01 
 1.16591440e+02  2.35109613e+02  1.16591440e+02 -3.62427218e-01 
 1.25892541e+02  2.35109521e+02  1.25892541e+02 -3.91339754e-01 
 1.35935639e+02  2.35109413e+02  1.35935639e+02 -4.22558752e-01 
 1.46779927e+02  2.35109287e+02  1.46779927e+02 -4.56268201e-01 
 1.58489319e+02  2.35109140e+02  1.58489319e+02 -4.92666763e-01 
 1.71132830e+02  2.35108968e+02  1.71132830e+02 -5.31968947e-01 
 1.84784980e+02  2.35108769e+02  1.84784980e+02 -5.74406368e-01 
 1.99526231e+02  2.35108536e+02  1.99526231e+02 -6.20229115e-01 
 2.15443469e+02  2.35108265e+02  2.15443469e+02 -6.69707221e-01 
 2.32630507e+02  2.35107948e+02  2.32630507e+02 -7.23132250e-01 
 2.51188643e+02  2.35107579e+02  2.51188643e+02 -7.80819018e-01 
 2.71227258e+02  2.35107149e+02  2.71227258e+02 -8.43107440e-01 
 2.92864456e+02  2.35106648e+02  2.92864456e+02 -9.10364532e-01 
 3.16227766e+02  2.35106063e+02  3.16227766e+02 -9.82986566e-01 
 3.41454887e+02  2.35105381e+02  3.41454887e+02 -1.06140140e+00 
 3.68694506e+02  2.35104587e+02  3.68694506e+02 -1.14607100e+00 
 3.98107171e+02  2.35103660e+02  3.98107171e+02 -1.23749412e+00 
 4.29866235e+02  2.35102580e+02  4.29866235e+02 -1.33620928e+00 
 4.64158883e+02  2.35101320e+02  4.64158883e+02 -1.44279786e+00 
 5.01187234e+02  2.35099852e+02  5.01187234e+02 -1.55788757e+00 
 5.41169527e+02  2.35098139e+02  5.41169527e+02 -1.68215606e+00 
 5.84341413e+02  2.35096143e+02  5.84341413e+02 -1.81633491e+00 
 6.30957344e+02  2.35093816e+02  6.30957344e+02 -1.96121391e+00 
 6.81292069e+02  2.35091102e+02  6.81292069e+02 -2.11764563e+00 
 7.35642254e+02  2.35087939e+02  7.35642254e+02 -2.28655040e+00 
 7.94328235e+02  2.35084250e+02  7.94328235e+02 -2.46892160e+00 
 8.57695899e+02  2.35079950e+02  8.57695899e+02 -2.66583147e+00 
 9.26118728e+02  2.35074937e+02  9.26118728e+02 -2.87843724e+00 
 1.00000000e+03  2.35069092e+02  1.00000000e+03 -3.10798778e+00 
 1.07977516e+03  2.35062277e+02  1.07977516e+03 -3.35583076e+00 
 1.16591440e+03  2.35054333e+02  1.16591440e+03 -3.62342027e+00 
 1.25892541e+03  2.35045071e+02  1.25892541e+03 -3.91232509e+00 
 1.35935639e+03  2.35034273e+02  1.35935639e+03 -4.22423745e+00 
 1.46779927e+03  2.35021685e+02  1.46779927e+03 -4.56098246e+00 
 1.58489319e+03  2.35007010e+02  1.58489319e+03 -4.92452816e+00 
 1.71132830e+03  2.34989903e+02  1.71132830e+03 -5.31699624e+00 
 1.84784980e+03  2.34969960e+02  1.84784980e+03 -5.74067340e+00 
 1.99526231e+03  2.34946713e+02  1.99526231e+03 -6.19802346e+00 
 2.15443469e+03  2.34919615e+02  2.15443469e+03 -6.69170013e+00 
 2.32630507e+03  2.34888029e+02  2.32630507e+03 -7.22456038e+00 
 2.51188643e+03  2.34851213e+02  2.51188643e+03 -7.79967852e+00 
 2.71227258e+03  2.34808303e+02  2.71227258e+03 -8.42036083e+00 
 2.92864456e+03  2.34758294e+02  2.92864456e+03 -9.09016063e+00 
 3.16227766e+03  2.34700014e+02  3.16227766e+03 -9.81289370e+00 
 3.41454887e+03  2.34632101e+02  3.41454887e+03 -1.05926538e+01 
 3.68694506e+03  2.34552970e+02  3.68694506e+03 -1.14338282e+01 
 3.98107171e+03  2.34460778e+02  3.98107171e+03 -1.23411126e+01 
 4.29866235e+03  2.34353381e+02  4.29866235e+03 -1.33195247e+01 
 4.64158883e+03  2.34228289e+02  4.64158883e+03 -1.43744175e+01 
 5.01187234e+03  2.34082612e+02  5.01187234e+03 -1.55114885e+01 
 5.41169527e+03  2.33912992e+02  5.41169527e+03 -1.67367872e+01 
 5.84341413e+03  2.33715541e+02  5.84341413e+03 -1.80567168e+01 
 6.30957344e+03  2.33485750e+02  6.30957344e+03 -1.94780302e+01 
 6.81292069e+03  2.33218403e+02  6.81292069e+03 -2.10078185e+01 
 7.35642254e+03  2.32907471e+02  7.35642254e+03 -2.26534873e+01 
 7.94328235e+03  2.32545996e+02  7.94328235e+03 -2.44227211e+01 
 8.57695899e+03  2.32125960e+02  8.57695899e+03 -2.63234295e+01 
 9.26118728e+03  2.31638146e+02  9.26118728e+03 -2.83636716e+01 
 1.00000000e+04  2.31071979e+02  1.00000000e+04 -3.05515541e+01 
 1.07977516e+04  2.30415359e+02  1.07977516e+04 -3.28950960e+01 
 1.16591440e+04  2.29654492e+02  1.16591440e+04 -3.54020532e+01 
 1.25892541e+04  2.28773704e+02  1.25892541e+04 -3.80796945e+01 
 1.35935639e+04  2.27755271e+02  1.35935639e+04 -4.09345216e+01 
 1.46779927e+04  2.26579251e+02  1.46779927e+04 -4.39719221e+01 
 1.58489319e+04  2.25223351e+02  1.58489319e+04 -4.71957481e+01 
 1.71132830e+04  2.23662830e+02  1.71132830e+04 -5.06078111e+01 
 1.84784980e+04  2.21870472e+02  1.84784980e+04 -5.42072885e+01 
 1.99526231e+04  2.19816661e+02  1.99526231e+04 -5.79900394e+01 
 2.15443469e+04  2.17469576e+02  2.15443469e+04 -6.19478357e+01 
 2.32630507e+04  2.14795563e+02  2.32630507e+04 -6.60675222e+01 
 2.51188643e+04  2.11759723e+02  2.51188643e+04 -7.03301344e+01 
 2.71227258e+04  2.08326756e+02  2.71227258e+04 -7.47100195e+01 
 2.92864456e+04  2.04462099e+02  2.92864456e+04 -7.91740243e+01 
 3.16227766e+04  2.00133392e+02  3.16227766e+04 -8.36808397e+01 
 3.41454887e+04  1.95312266e+02  3.41454887e+04 -8.81806092e+01 
 3.68694506e+04  1.89976418e+02  3.68694506e+04 -9.26149291e+01 
 3.98107171e+04  1.84111904e+02  3.98107171e+04 -9.69173725e+01 
 4.29866235e+04  1.77715507e+02  4.29866235e+04 -1.01014657e+02 
 4.64158883e+04  1.70796984e+02  4.64158883e+04 -1.04828548e+02 
 5.01187234e+04  1.63380958e+02  5.01187234e+04 -1.08278509e+02 
 5.41169527e+04  1.55508171e+02  5.41169527e+04 -1.11285055e+02 
 5.84341413e+04  1.47235841e+02  5.84341413e+04 -1.13773613e+02 
 6.30957344e+04  1.38636918e+02  6.30957344e+04 -1.15678622e+02 
 6.81292069e+04  1.29798114e+02  6.81292069e+04 -1.16947499e+02 
 7.35642254e+04  1.20816776e+02  7.35642254e+04 -1.17544046e+02 
 7.94328235e+04  1.11796776e+02  7.94328235e+04 -1.17450917e+02 
 8.57695899e+04  1.02843784e+02  8.57695899e+04 -1.16670835e+02 
 9.26118728e+04  9.40603607e+01  9.26118728e+04 -1.15226395e+02 
 1.00000000e+05  8.55413593e+01  1.00000000e+05 -1.13158496e+02 
 1.07977516e+05  7.73700492e+01  1.07977516e+05 -1.10523580e+02 
 1.16591440e+05  6.96152858e+01  1.16591440e+05 -1.07390037e+02 
 1.25892541e+05  6.23298770e+01  1.25892541e+05 -1.03834164e+02 
 1.35935639e+05  5.55501481e+01  1.35935639e+05 -9.99360898e+01 
 1.46779927e+05  4.92965643e+01  1.46779927e+05 -9.57760339e+01 
 1.58489319e+05  4.35751847e+01  1.58489319e+05 -9.14311287e+01 
 1.71132830e+05  3.83796736e+01  1.71132830e+05 -8.69729658e+01 
 1.84784980e+05  3.36936045e+01  1.84784980e+05 -8.24658984e+01 
 1.99526231e+05  2.94928231e+01  1.99526231e+05 -7.79660565e+01 
 2.15443469e+05  2.57476916e+01  2.15443469e+05 -7.35209765e+01 
 2.32630507e+05  2.24250946e+01  2.32630507e+05 -6.91697202e+01 
 2.51188643e+05  1.94901408e+01  2.51188643e+05 -6.49433487e+01 
 2.71227258e+05  1.69075384e+01  2.71227258e+05 -6.08656300e+01 
 2.92864456e+05  1.46426521e+01  2.92864456e+05 -5.69538768e+01 
 3.16227766e+05  1.26622743e+01  3.16227766e+05 -5.32198322e+01 
 3.41454887e+05  1.09351485e+01  3.41454887e+05 -4.96705439e+01 
 3.68694506e+05  9.43229026e+00  3.68694506e+05 -4.63091870e+01 
 3.98107171e+05  8.12714909e+00  3.98107171e+05 -4.31358113e+01 
 4.29866235e+05  6.99564857e+00  4.29866235e+05 -4.01480012e+01 
 4.64158883e+05  6.01613946e+00  4.64158883e+05 -3.73414451e+01 
 5.01187234e+05  5.16929226e+00  5.01187234e+05 -3.47104172e+01 
 5.41169527e+05  4.43795131e+00  5.41169527e+05 -3.22481778e+01 
 5.84341413e+05  3.80696685e+00  5.84341413e+05 -2.99473020e+01 
 6.30957344e+05  3.26301753e+00  6.30957344e+05 -2.77999431e+01 
 6.81292069e+05  2.79443217e+00  6.81292069e+05 -2.57980430e+01 
 7.35642254e+05  2.39101688e+00  7.35642254e+05 -2.39334956e+01 
 7.94328235e+05  2.04389145e+00  7.94328235e+05 -2.21982733e+01 
 8.57695899e+05  1.74533743e+00  8.57695899e+05 -2.05845205e+01 
 9.26118728e+05  1.48865892e+00  9.26118728e+05 -1.90846231e+01 
 1.00000000e+06  1.26805665e+00  1.00000000e+06 -1.76912571e+01 
 1.07977516e+06  1.07851493e+00  1.07977516e+06 -1.63974206e+01 
 1.16591440e+06  9.15700941e-01  1.16591440e+06 -1.51964536e+01 
 1.25892541e+06  7.75875627e-01  1.25892541e+06 -1.40820479e+01 
 1.35935639e+06  6.55815125e-01  1.35935639e+06 -1.30482491e+01 
 1.46779927e+06  5.52741883e-01  1.46779927e+06 -1.20894529e+01 
 1.58489319e+06  4.64264405e-01  1.58489319e+06 -1.12003976e+01 
 1.71132830e+06  3.88324729e-01  1.71132830e+06 -1.03761529e+01 
 1.84784980e+06  3.23152745e-01  1.84784980e+06 -9.61210734e+00 
 1.99526231e+06  2.67226555e-01  1.99526231e+06 -8.90395393e+00 
 2.15443469e+06  2.19238117e-01  2.15443469e+06 -8.24767487e+00 
 2.32630507e+06  1.78063536e-01  2.32630507e+06 -7.63952617e+00 
 2.51188643e+06  1.42737387e-01  2.51188643e+06 -7.07602210e+00 
 2.71227258e+06  1.12430552e-01  2.71227258e+06 -6.55391984e+00 
 2.92864456e+06  8.64311199e-02  2.92864456e+06 -6.07020450e+00 
 3.16227766e+06  6.41279143e-02  3.16227766e+06 -5.62207468e+00 
 3.41454887e+06  4.49963216e-02  3.41454887e+06 -5.20692850e+00 
 3.68694506e+06  2.85860899e-02  3.68694506e+06 -4.82235044e+00 
 3.98107171e+06  1.45108362e-02  3.98107171e+06 -4.46609871e+00 
 4.29866235e+06  2.43902458e-03  4.29866235e+06 -4.13609337e+00 
 4.64158883e+06 -7.91378647e-03  4.64158883e+06 -3.83040510e+00 
 5.01187234e+06 -1.67916055e-02  5.01187234e+06 -3.54724470e+00 
 5.41169527e+06 -2.44037286e-02  5.41169527e+06 -3.28495319e+00 
 5.84341413e+06 -3.09296518e-02  5.84341413e+06 -3.04199253e+00 
 6.30957344e+06 -3.65232868e-02  6.30957344e+06 -2.81693704e+00 
 6.81292069e+06 -4.13165796e-02  6.81292069e+06 -2.60846527e+00 
 7.35642254e+06 -4.54226134e-02  7.35642254e+06 -2.41535250e+00 
 7.94328235e+06 -4.89382712e-02  7.94328235e+06 -2.23646375e+00 
 8.57695899e+06 -5.19465167e-02  8.57695899e+06 -2.07074723e+00 
 9.26118728e+06 -5.45183493e-02  9.26118728e+06 -1.91722832e+00 
 1.00000000e+07 -5.67144778e-02  1.00000000e+07 -1.77500388e+00 
 1.07977516e+07 -5.85867526e-02  1.07977516e+07 -1.64323706e+00 
 1.16591440e+07 -6.01793900e-02  1.16591440e+07 -1.52115242e+00 
 1.25892541e+07 -6.15300168e-02  1.25892541e+07 -1.40803147e+00 
 1.35935639e+07 -6.26705610e-02  1.35935639e+07 -1.30320839e+00 
 1.46779927e+07 -6.36280096e-02  1.46779927e+07 -1.20606627e+00 
 1.58489319e+07 -6.44250505e-02  1.58489319e+07 -1.11603343e+00 
 1.71132830e+07 -6.50806161e-02  1.71132830e+07 -1.03258015e+00 
 1.84784980e+07 -6.56103404e-02  1.84784980e+07 -9.55215582e-01 
 1.99526231e+07 -6.60269425e-02  1.99526231e+07 -8.83484880e-01 
 2.15443469e+07 -6.63405452e-02  2.15443469e+07 -8.16966609e-01 
 2.32630507e+07 -6.65589397e-02  2.32630507e+07 -7.55270306e-01 
 2.51188643e+07 -6.66878032e-02  2.51188643e+07 -6.98034260e-01 
 2.71227258e+07 -6.67308776e-02  2.71227258e+07 -6.44923459e-01 
 2.92864456e+07 -6.66901168e-02  2.92864456e+07 -5.95627719e-01 
 3.16227766e+07 -6.65658101e-02  3.16227766e+07 -5.49859974e-01 
 3.41454887e+07 -6.63566906e-02  3.41454887e+07 -5.07354723e-01 
 3.68694506e+07 -6.60600364e-02  3.68694506e+07 -4.67866619e-01 
 3.98107171e+07 -6.56717744e-02  3.98107171e+07 -4.31169204e-01 
 4.29866235e+07 -6.51865997e-02  4.29866235e+07 -3.97053776e-01 
 4.64158883e+07 -6.45981205e-02  4.64158883e+07 -3.65328377e-01 
 5.01187234e+07 -6.38990448e-02  5.01187234e+07 -3.35816890e-01 
 5.41169527e+07 -6.30814204e-02  5.41169527e+07 -3.08358229e-01 
 5.84341413e+07 -6.21369444e-02  5.84341413e+07 -2.82805610e-01 
 6.30957344e+07 -6.10573517e-02  6.30957344e+07 -2.59025866e-01 
 6.81292069e+07 -5.98348919e-02  6.81292069e+07 -2.36898771e-01 
 7.35642254e+07 -5.84628913e-02  7.35642254e+07 -2.16316357e-01 
 7.94328235e+07 -5.69363917e-02  7.94328235e+07 -1.97182160e-01 
 8.57695899e+07 -5.52528383e-02  8.57695899e+07 -1.79410359e-01 
 9.26118728e+07 -5.34127757e-02  9.26118728e+07 -1.62924781e-01 
 1.00000000e+08 -5.14204941e-02  1.00000000e+08 -1.47657733e-01 
 1.07977516e+08 -4.92845525e-02  1.07977516e+08 -1.33548661e-01 
 1.16591440e+08 -4.70181012e-02  1.16591440e+08 -1.20542663e-01 
 1.25892541e+08 -4.46389316e-02  1.25892541e+08 -1.08588903e-01 
 1.35935639e+08 -4.21691962e-02  1.35935639e+08 -9.76390098e-02 
 1.46779927e+08 -3.96347791e-02  1.46779927e+08 -8.76455720e-02 
 1.58489319e+08 -3.70643381e-02  1.58489319e+08 -7.85608511e-02 
 1.71132830e+08 -3.44880850e-02  1.71132830e+08 -7.03358073e-02 
 1.84784980e+08 -3.19364130e-02  1.84784980e+08 -6.29195263e-02 
 1.99526231e+08 -2.94385022e-02  1.99526231e+08 -5.62590736e-02 
 2.15443469e+08 -2.70210397e-02  2.15443469e+08 -5.02997589e-02 
 2.32630507e+08 -2.47071712e-02  2.32630507e+08 -4.49857394e-02 
 2.51188643e+08 -2.25157634e-02  2.51188643e+08 -4.02608608e-02 
 2.71227258e+08 -2.04610145e-02  2.71227258e+08 -3.60696148e-02 
 2.92864456e+08 -1.85524006e-02  2.92864456e+08 -3.23580972e-02 
 3.16227766e+08 -1.67949142e-02  3.16227766e+08 -2.90748698e-02 
 3.41454887e+08 -1.51895230e-02  3.41454887e+08 -2.61716601e-02 
 3.68694506e+08 -1.37337725e-02  3.68694506e+08 -2.36038616e-02 
 3.98107171e+08 -1.24224561e-02  3.98107171e+08 -2.13308309e-02 
 4.29866235e+08 -1.12482898e-02  4.29866235e+08 -1.93159952e-02 
 4.64158883e+08 -1.02025441e-02  4.64158883e+08 -1.75268009e-02 
 5.01187234e+08 -9.27560184e-03  5.01187234e+08 -1.59345401e-02 
 5.41169527e+08 -8.45742694e-03  5.41169527e+08 -1.45140911e-02 
 5.84341413e+08 -7.73793878e-03  5.84341413e+08 -1.32436068e-02 
 6.30957344e+08 -7.10729747e-03  6.30957344e+08 -1.21041784e-02 
 6.81292069e+08 -6.55610884e-03  6.81292069e+08 -1.10794971e-02 
 7.35642254e+08 -6.07556136e-03  7.35642254e+08 -1.01555269e-02 
 7.94328235e+08 -5.65750768e-03  7.94328235e+08 -9.32020084e-03 
 8.57695899e+08 -5.29450271e-03  8.57695899e+08 -8.56314460e-03 
 9.26118728e+08 -4.97980923e-03  9.26118728e+08 -7.87543062e-03 
 1.00000000e+09 -4.70738009e-03  1.00000000e+09 -7.24936271e-03 
 1.07977516e+09 -4.47182452e-03  1.07977516e+09 -6.67828972e-03 
 1.16591440e+09 -4.26836441e-03  1.16591440e+09 -6.15644596e-03 
 1.25892541e+09 -4.09278519e-03  1.25892541e+09 -5.67881571e-03 
 1.35935639e+09 -3.94138448e-03  1.35935639e+09 -5.24101870e-03 
 1.46779927e+09 -3.81092099e-03  1.46779927e+09 -4.83921403e-03 
 1.58489319e+09 -3.69856536e-03  1.58489319e+09 -4.47001961e-03 
 1.71132830e+09 -3.60185378e-03  1.71132830e+09 -4.13044487e-03 
 1.84784980e+09 -3.51864524e-03  1.84784980e+09 -3.81783455e-03 
 1.99526231e+09 -3.44708243e-03  1.99526231e+09 -3.52982172e-03 
 2.15443469e+09 -3.38555656e-03  2.15443469e+09 -3.26428854e-03 
 2.32630507e+09 -3.33267587e-03  2.32630507e+09 -3.01933327e-03 
 2.51188643e+09 -3.28723766e-03  2.51188643e+09 -2.79324263e-03 
 2.71227258e+09 -3.24820357e-03  2.71227258e+09 -2.58446837e-03 
 2.92864456e+09 -3.21467786e-03  2.92864456e+09 -2.39160755e-03 
 3.16227766e+09 -3.18588840e-03  3.16227766e+09 -2.21338560e-03 
 3.41454887e+09 -3.16116998e-03  3.41454887e+09 -2.04864200e-03 
 3.68694506e+09 -3.13994986e-03  3.68694506e+09 -1.89631785e-03 
 3.98107171e+09 -3.12173516e-03  3.98107171e+09 -1.75544520e-03 
 4.29866235e+09 -3.10610185e-03  4.29866235e+09 -1.62513780e-03 
 4.64158883e+09 -3.09268534e-03  4.64158883e+09 -1.50458302e-03 
 5.01187234e+09 -3.08117220e-03  5.01187234e+09 -1.39303475e-03 
 5.41169527e+09 -3.07129310e-03  5.41169527e+09 -1.28980722e-03 
 5.84341413e+09 -3.06281664e-03  5.84341413e+09 -1.19426946e-03 
 6.30957344e+09 -3.05554403e-03  6.30957344e+09 -1.10584040e-03 
 6.81292069e+09 -3.04930460e-03  6.81292069e+09 -1.02398458e-03 
 7.35642254e+09 -3.04395177e-03  7.35642254e+09 -9.48208149e-04 
 7.94328235e+09 -3.03935972e-03  7.94328235e+09 -8.78055454e-04 
 8.57695899e+09 -3.03542043e-03  8.57695899e+09 -8.13105823e-04 
 9.26118728e+09 -3.03204119e-03  9.26118728e+09 -7.52970724e-04 
 1.00000000e+10 -3.02914246e-03  1.00000000e+10 -6.97291178e-04 
