 1.00000000e+00  2.34750389e+02  1.00000000e+00 -2.21398436e-03 
 1.07977516e+00  2.34750389e+02  1.07977516e+00 -2.39060532e-03 
 1.16591440e+00  2.34750389e+02  1.16591440e+00 -2.58131625e-03 
 1.25892541e+00  2.34750389e+02  1.25892541e+00 -2.78724118e-03 
 1.35935639e+00  2.34750389e+02  1.35935639e+00 -3.00959379e-03 
 1.46779927e+00  2.34750389e+02  1.46779927e+00 -3.24968463e-03 
 1.58489319e+00  2.34750389e+02  1.58489319e+00 -3.50892874e-03 
 1.71132830e+00  2.34750389e+02  1.71132830e+00 -3.78885410e-03 
 1.84784980e+00  2.34750389e+02  1.84784980e+00 -4.09111056e-03 
 1.99526231e+00  2.34750389e+02  1.99526231e+00 -4.41747956e-03 
 2.15443469e+00  2.34750389e+02  2.15443469e+00 -4.76988471e-03 
 2.32630507e+00  2.34750389e+02  2.32630507e+00 -5.15040304e-03 
 2.51188643e+00  2.34750389e+02  2.51188643e+00 -5.56127728e-03 
 2.71227258e+00  2.34750389e+02  2.71227258e+00 -6.00492907e-03 
 2.92864456e+00  2.34750389e+02  2.92864456e+00 -6.48397327e-03 
 3.16227766e+00  2.34750389e+02  3.16227766e+00 -7.00123328e-03 
 3.41454887e+00  2.34750388e+02  3.41454887e+00 -7.55975781e-03 
 3.68694506e+00  2.34750388e+02  3.68694506e+00 -8.16283871e-03 
 3.98107171e+00  2.34750388e+02  3.98107171e+00 -8.81403049e-03 
 4.29866235e+00  2.34750388e+02  4.29866235e+00 -9.51717120e-03 
 4.64158883e+00  2.34750388e+02  4.64158883e+00 -1.02764051e-02 
 5.01187234e+00  2.34750388e+02  5.01187234e+00 -1.10962070e-02 
 5.41169527e+00  2.34750388e+02  5.41169527e+00 -1.19814087e-02 
 5.84341413e+00  2.34750388e+02  5.84341413e+00 -1.29372275e-02 
 6.30957344e+00  2.34750388e+02  6.30957344e+00 -1.39692969e-02 
 6.81292069e+00  2.34750388e+02  6.81292069e+00 -1.50836998e-02 
 7.35642254e+00  2.34750388e+02  7.35642254e+00 -1.62870044e-02 
 7.94328235e+00  2.34750387e+02  7.94328235e+00 -1.75863028e-02 
 8.57695899e+00  2.34750387e+02  8.57695899e+00 -1.89892530e-02 
 9.26118728e+00  2.34750387e+02  9.26118728e+00 -2.05041237e-02 
 1.00000000e+01  2.34750387e+02  1.00000000e+01 -2.21398434e-02 
 1.07977516e+01  2.34750386e+02  1.07977516e+01 -2.39060530e-02 
 1.16591440e+01  2.34750386e+02  1.16591440e+01 -2.58131622e-02 
 1.25892541e+01  2.34750385e+02  1.25892541e+01 -2.78724114e-02 
 1.35935639e+01  2.34750385e+02  1.35935639e+01 -3.00959374e-02 
 1.46779927e+01  2.34750384e+02  1.46779927e+01 -3.24968456e-02 
 1.58489319e+01  2.34750383e+02  1.58489319e+01 -3.50892867e-02 
 1.71132830e+01  2.34750383e+02  1.71132830e+01 -3.78885401e-02 
 1.84784980e+01  2.34750382e+02  1.84784980e+01 -4.09111043e-02 
 1.99526231e+01  2.34750380e+02  1.99526231e+01 -4.41747941e-02 
 2.15443469e+01  2.34750379e+02  2.15443469e+01 -4.76988452e-02 
 2.32630507e+01  2.34750377e+02  2.32630507e+01 -5.15040279e-02 
 2.51188643e+01  2.34750376e+02  2.51188643e+01 -5.56127697e-02 
 2.71227258e+01  2.34750373e+02  2.71227258e+01 -6.00492869e-02 
 2.92864456e+01  2.34750371e+02  2.92864456e+01 -6.48397278e-02 
 3.16227766e+01  2.34750368e+02  3.16227766e+01 -7.00123267e-02 
 3.41454887e+01  2.34750364e+02  3.41454887e+01 -7.55975703e-02 
 3.68694506e+01  2.34750360e+02  3.68694506e+01 -8.16283773e-02 
 3.98107171e+01  2.34750356e+02  3.98107171e+01 -8.81402926e-02 
 4.29866235e+01  2.34750350e+02  4.29866235e+01 -9.51716965e-02 
 4.64158883e+01  2.34750344e+02  4.64158883e+01 -1.02764031e-01 
 5.01187234e+01  2.34750336e+02  5.01187234e+01 -1.10962045e-01 
 5.41169527e+01  2.34750328e+02  5.41169527e+01 -1.19814056e-01 
 5.84341413e+01  2.34750317e+02  5.84341413e+01 -1.29372236e-01 
 6.30957344e+01  2.34750306e+02  6.30957344e+01 -1.39692920e-01 
 6.81292069e+01  2.34750292e+02  6.81292069e+01 -1.50836937e-01 
 7.35642254e+01  2.34750276e+02  7.35642254e+01 -1.62869966e-01 
 7.94328235e+01  2.34750257e+02  7.94328235e+01 -1.75862930e-01 
 8.57695899e+01  2.34750235e+02  8.57695899e+01 -1.89892407e-01 
 9.26118728e+01  2.34750210e+02  9.26118728e+01 -2.05041082e-01 
 1.00000000e+02  2.34750180e+02  1.00000000e+02 -2.21398239e-01 
 1.07977516e+02  2.34750145e+02  1.07977516e+02 -2.39060285e-01 
 1.16591440e+02  2.34750105e+02  1.16591440e+02 -2.58131313e-01 
 1.25892541e+02  2.34750058e+02  1.25892541e+02 -2.78723725e-01 
 1.35935639e+02  2.34750003e+02  1.35935639e+02 -3.00958885e-01 
 1.46779927e+02  2.34749939e+02  1.46779927e+02 -3.24967840e-01 
 1.58489319e+02  2.34749864e+02  1.58489319e+02 -3.50892091e-01 
 1.71132830e+02  2.34749777e+02  1.71132830e+02 -3.78884424e-01 
 1.84784980e+02  2.34749676e+02  1.84784980e+02 -4.09109814e-01 
 1.99526231e+02  2.34749558e+02  1.99526231e+02 -4.41746393e-01 
 2.15443469e+02  2.34749420e+02  2.15443469e+02 -4.76986504e-01 
 2.32630507e+02  2.34749259e+02  2.32630507e+02 -5.15037827e-01 
 2.51188643e+02  2.34749072e+02  2.51188643e+02 -5.56124609e-01 
 2.71227258e+02  2.34748853e+02  2.71227258e+02 -6.00488981e-01 
 2.92864456e+02  2.34748598e+02  2.92864456e+02 -6.48392384e-01 
 3.16227766e+02  2.34748301e+02  3.16227766e+02 -7.00117106e-01 
 3.41454887e+02  2.34747955e+02  3.41454887e+02 -7.55967947e-01 
 3.68694506e+02  2.34747551e+02  3.68694506e+02 -8.16274009e-01 
 3.98107171e+02  2.34747081e+02  3.98107171e+02 -8.81390634e-01 
 4.29866235e+02  2.34746532e+02  4.29866235e+02 -9.51701490e-01 
 4.64158883e+02  2.34745892e+02  4.64158883e+02 -1.02762083e+00 
 5.01187234e+02  2.34745146e+02  5.01187234e+02 -1.10959592e+00 
 5.41169527e+02  2.34744276e+02  5.41169527e+02 -1.19810968e+00 
 5.84341413e+02  2.34743262e+02  5.84341413e+02 -1.29368349e+00 
 6.30957344e+02  2.34742079e+02  6.30957344e+02 -1.39688026e+00 
 6.81292069e+02  2.34740701e+02  6.81292069e+02 -1.50830776e+00 
 7.35642254e+02  2.34739093e+02  7.35642254e+02 -1.62862211e+00 
 7.94328235e+02  2.34737219e+02  7.94328235e+02 -1.75853167e+00 
 8.57695899e+02  2.34735034e+02  8.57695899e+02 -1.89880115e+00 
 9.26118728e+02  2.34732487e+02  9.26118728e+02 -2.05025607e+00 
 1.00000000e+03  2.34729517e+02  1.00000000e+03 -2.21378759e+00 
 1.07977516e+03  2.34726055e+02  1.07977516e+03 -2.39035760e+00 
 1.16591440e+03  2.34722018e+02  1.16591440e+03 -2.58100439e+00 
 1.25892541e+03  2.34717311e+02  1.25892541e+03 -2.78684857e+00 
 1.35935639e+03  2.34711824e+02  1.35935639e+03 -3.00909955e+00 
 1.46779927e+03  2.34705427e+02  1.46779927e+03 -3.24906243e+00 
 1.58489319e+03  2.34697969e+02  1.58489319e+03 -3.50814547e+00 
 1.71132830e+03  2.34689274e+02  1.71132830e+03 -3.78786805e+00 
 1.84784980e+03  2.34679137e+02  1.84784980e+03 -4.08986924e+00 
 1.99526231e+03  2.34667319e+02  1.99526231e+03 -4.41591692e+00 
 2.15443469e+03  2.34653543e+02  2.15443469e+03 -4.76791758e+00 
 2.32630507e+03  2.34637482e+02  2.32630507e+03 -5.14792674e+00 
 2.51188643e+03  2.34618760e+02  2.51188643e+03 -5.55816005e+00 
 2.71227258e+03  2.34596935e+02  2.71227258e+03 -6.00100508e+00 
 2.92864456e+03  2.34571495e+02  2.92864456e+03 -6.47903378e+00 
 3.16227766e+03  2.34541840e+02  3.16227766e+03 -6.99501563e+00 
 3.41454887e+03  2.34507274e+02  3.41454887e+03 -7.55193139e+00 
 3.68694506e+03  2.34466987e+02  3.68694506e+03 -8.15298753e+00 
 3.98107171e+03  2.34420033e+02  3.98107171e+03 -8.80163108e+00 
 4.29866235e+03  2.34365312e+02  4.29866235e+03 -9.50156491e+00 
 4.64158883e+03  2.34301544e+02  4.64158883e+03 -1.02567633e+01 
 5.01187234e+03  2.34227240e+02  5.01187234e+03 -1.10714872e+01 
 5.41169527e+03  2.34140667e+02  5.41169527e+03 -1.19502998e+01 
 5.84341413e+03  2.34039812e+02  5.84341413e+03 -1.28980807e+01 
 6.30957344e+03  2.33922333e+02  6.30957344e+03 -1.39200387e+01 
 6.81292069e+03  2.33785511e+02  6.81292069e+03 -1.50217237e+01 
 7.35642254e+03  2.33626190e+02  7.35642254e+03 -1.62090342e+01 
 7.94328235e+03  2.33440710e+02  7.94328235e+03 -1.74882221e+01 
 8.57695899e+03  2.33224827e+02  8.57695899e+03 -1.88658908e+01 
 9.26118728e+03  2.32973629e+02  9.26118728e+03 -2.03489871e+01 
 1.00000000e+04  2.32681436e+02  1.00000000e+04 -2.19447829e+01 
 1.07977516e+04  2.32341688e+02  1.07977516e+04 -2.36608448e+01 
 1.16591440e+04  2.31946821e+02  1.16591440e+04 -2.55049879e+01 
 1.25892541e+04  2.31488131e+02  1.25892541e+04 -2.74852098e+01 
 1.35935639e+04  2.30955621e+02  1.35935639e+04 -2.96096005e+01 
 1.46779927e+04  2.30337845e+02  1.46779927e+04 -3.18862209e+01 
 1.58489319e+04  2.29621730e+02  1.58489319e+04 -3.43229448e+01 
 1.71132830e+04  2.28792400e+02  1.71132830e+04 -3.69272560e+01 
 1.84784980e+04  2.27833003e+02  1.84784980e+04 -3.97059923e+01 
 1.99526231e+04  2.26724534e+02  1.99526231e+04 -4.26650267e+01 
 2.15443469e+04  2.25445691e+02  2.15443469e+04 -4.58088777e+01 
 2.32630507e+04  2.23972760e+02  2.32630507e+04 -4.91402394e+01 
 2.51188643e+04  2.22279558e+02  2.51188643e+04 -5.26594251e+01 
 2.71227258e+04  2.20337459e+02  2.71227258e+04 -5.63637198e+01 
 2.92864456e+04  2.18115542e+02  2.92864456e+04 -6.02466457e+01 
 3.16227766e+04  2.15580879e+02  3.16227766e+04 -6.42971493e+01 
 3.41454887e+04  2.12699040e+02  3.41454887e+04 -6.84987333e+01 
 3.68694506e+04  2.09434817e+02  3.68694506e+04 -7.28285711e+01 
 3.98107171e+04  2.05753246e+02  3.98107171e+04 -7.72566592e+01 
 4.29866235e+04  2.01620934e+02  4.29866235e+04 -8.17450886e+01 
 4.64158883e+04  1.97007718e+02  4.64158883e+04 -8.62475330e+01 
 5.01187234e+04  1.91888626e+02  5.01187234e+04 -9.07090762e+01 
 5.41169527e+04  1.86246097e+02  5.41169527e+04 -9.50665091e+01 
 5.84341413e+04  1.80072330e+02  5.84341413e+04 -9.92492250e+01 
 6.30957344e+04  1.73371608e+02  6.30957344e+04 -1.03180816e+02 
 6.81292069e+04  1.66162356e+02  6.81292069e+04 -1.06781424e+02 
 7.35642254e+04  1.58478686e+02  7.35642254e+04 -1.09970821e+02 
 7.94328235e+04  1.50371141e+02  7.94328235e+04 -1.12672085e+02 
 8.57695899e+04  1.41906414e+02  8.57695899e+04 -1.14815645e+02 
 9.26118728e+04  1.33165876e+02  9.26118728e+04 -1.16343334e+02 
 1.00000000e+05  1.24242906e+02  1.00000000e+05 -1.17212073e+02 
 1.07977516e+05  1.15239143e+02  1.07977516e+05 -1.17396754e+02 
 1.16591440e+05  1.06259968e+02  1.16591440e+05 -1.16891982e+02 
 1.25892541e+05  9.74096165e+01  1.25892541e+05 -1.15712454e+02 
 1.35935639e+05  8.87864103e+01  1.35935639e+05 -1.13891932e+02 
 1.46779927e+05  8.04785481e+01  1.46779927e+05 -1.11480928e+02 
 1.58489319e+05  7.25608342e+01  1.58489319e+05 -1.08543404e+02 
 1.71132830e+05  6.50925577e+01  1.71132830e+05 -1.05152864e+02 
 1.84784980e+05  5.81165868e+01  1.84784980e+05 -1.01388254e+02 
 1.99526231e+05  5.16595896e+01  1.99526231e+05 -9.73300567e+01 
 2.15443469e+05  4.57331828e+01  2.15443469e+05 -9.30568648e+01 
 2.32630507e+05  4.03357502e+01  2.32630507e+05 -8.86426342e+01 
 2.51188643e+05  3.54546556e+01  2.51188643e+05 -8.41546847e+01 
 2.71227258e+05  3.10686035e+01  2.71227258e+05 -7.96524400e+01 
 2.92864456e+05  2.71499451e+01  2.92864456e+05 -7.51868260e+01 
 3.16227766e+05  2.36667883e+01  3.16227766e+05 -7.08002085e+01 
 3.41454887e+05  2.05848231e+01  3.41454887e+05 -6.65267398e+01 
 3.68694506e+05  1.78688266e+01  3.68694506e+05 -6.23929849e+01 
 3.98107171e+05  1.54838437e+01  3.98107171e+05 -5.84187171e+01 
 4.29866235e+05  1.33960674e+01  4.29866235e+05 -5.46177913e+01 
 4.64158883e+05  1.15734554e+01  4.64158883e+05 -5.09990270e+01 
 5.01187234e+05  9.98612694e+00  5.01187234e+05 -4.75670551e+01 
 5.41169527e+05  8.60658303e+00  5.41169527e+05 -4.43230955e+01 
 5.84341413e+05  7.40979127e+00  5.84341413e+05 -4.12656526e+01 
 6.30957344e+05  6.37317029e+00  6.30957344e+05 -3.83911197e+01 
 6.81292069e+05  5.47650387e+00  6.81292069e+05 -3.56942945e+01 
 7.35642254e+05  4.70180844e+00  7.35642254e+05 -3.31688114e+01 
 7.94328235e+05  4.03317251e+00  7.94328235e+05 -3.08074963e+01 
 8.57695899e+05  3.45658205e+00  8.57695899e+05 -2.86026555e+01 
 9.26118728e+05  2.95974196e+00  9.26118728e+05 -2.65463055e+01 
 1.00000000e+06  2.53190068e+00  1.00000000e+06 -2.46303546e+01 
 1.07977516e+06  2.16368278e+00  1.07977516e+06 -2.28467426e+01 
 1.16591440e+06  1.84693234e+00  1.16591440e+06 -2.11875468e+01 
 1.25892541e+06  1.57456878e+00  1.25892541e+06 -1.96450607e+01 
 1.35935639e+06  1.34045581e+00  1.35935639e+06 -1.82118498e+01 
 1.46779927e+06  1.13928339e+00  1.46779927e+06 -1.68807903e+01 
 1.58489319e+06  9.66462354e-01  1.58489319e+06 -1.56450932e+01 
 1.71132830e+06  8.18030840e-01  1.71132830e+06 -1.44983177e+01 
 1.84784980e+06  6.90571757e-01  1.84784980e+06 -1.34343764e+01 
 1.99526231e+06  5.81140219e-01  1.99526231e+06 -1.24475332e+01 
 2.15443469e+06  4.87200033e-01  2.15443469e+06 -1.15323980e+01 
 2.32630507e+06  4.06568262e-01  2.32630507e+06 -1.06839160e+01 
 2.51188643e+06  3.37366963e-01  2.51188643e+06 -9.89735624e+00 
 2.71227258e+06  2.77981279e-01  2.71227258e+06 -9.16829759e+00 
 2.92864456e+06  2.27023090e-01  2.92864456e+06 -8.49261383e+00 
 3.16227766e+06  1.83299565e-01  3.16227766e+06 -7.86645838e+00 
 3.41454887e+06  1.45785963e-01  3.41454887e+06 -7.28624874e+00 
 3.68694506e+06  1.13602164e-01  3.68694506e+06 -6.74865109e+00 
 3.98107171e+06  8.59924103e-02  3.98107171e+06 -6.25056514e+00 
 4.29866235e+06  6.23078521e-02  4.29866235e+06 -5.78910949e+00 
 4.64158883e+06  4.19915170e-02  4.64158883e+06 -5.36160748e+00 
 5.01187234e+06  2.45653689e-02  5.01187234e+06 -4.96557375e+00 
 5.41169527e+06  9.61917647e-03  5.41169527e+06 -4.59870136e+00 
 5.84341413e+06 -3.19905755e-03  5.84341413e+06 -4.25884964e+00 
 6.30957344e+06 -1.41913237e-02  6.30957344e+06 -3.94403277e+00 
 6.81292069e+06 -2.36166737e-02  6.81292069e+06 -3.65240893e+00 
 7.35642254e+06 -3.16972914e-02  7.35642254e+06 -3.38227020e+00 
 7.94328235e+06 -3.86237055e-02  7.94328235e+06 -3.13203308e+00 
 8.57695899e+06 -4.45592631e-02  8.57695899e+06 -2.90022960e+00 
 9.26118728e+06 -4.96439691e-02  9.26118728e+06 -2.68549903e+00 
 1.00000000e+07 -5.39977784e-02  1.00000000e+07 -2.48658018e+00 
 1.07977516e+07 -5.77234194e-02  1.07977516e+07 -2.30230418e+00 
 1.16591440e+07 -6.09088128e-02  1.16591440e+07 -2.13158777e+00 
 1.25892541e+07 -6.36291433e-02  1.25892541e+07 -1.97342710e+00 
 1.35935639e+07 -6.59486328e-02  1.35935639e+07 -1.82689189e+00 
 1.46779927e+07 -6.79220559e-02  1.46779927e+07 -1.69112010e+00 
 1.58489319e+07 -6.95960340e-02  1.58489319e+07 -1.56531290e+00 
 1.71132830e+07 -7.10101389e-02  1.71132830e+07 -1.44873005e+00 
 1.84784980e+07 -7.21978311e-02  1.84784980e+07 -1.34068557e+00 
 1.99526231e+07 -7.31872572e-02  1.99526231e+07 -1.24054383e+00 
 2.15443469e+07 -7.40019232e-02  2.15443469e+07 -1.14771577e+00 
 2.32630507e+07 -7.46612629e-02  2.32630507e+07 -1.06165558e+00 
 2.51188643e+07 -7.51811147e-02  2.51188643e+07 -9.81857464e-01 
 2.71227258e+07 -7.55741197e-02  2.71227258e+07 -9.07852786e-01 
 2.92864456e+07 -7.58500518e-02  2.92864456e+07 -8.39207362e-01 
 3.16227766e+07 -7.60160921e-02  3.16227766e+07 -7.75518998e-01 
 3.41454887e+07 -7.60770546e-02  3.41454887e+07 -7.16415224e-01 
 3.68694506e+07 -7.60355753e-02  3.68694506e+07 -6.61551223e-01 
 3.98107171e+07 -7.58922720e-02  3.98107171e+07 -6.10607942e-01 
 4.29866235e+07 -7.56458872e-02  4.29866235e+07 -5.63290380e-01 
 4.64158883e+07 -7.52934231e-02  4.64158883e+07 -5.19326038e-01 
 5.01187234e+07 -7.48302829e-02  5.01187234e+07 -4.78463528e-01 
 5.41169527e+07 -7.42504310e-02  5.41169527e+07 -4.40471332e-01 
 5.84341413e+07 -7.35465875e-02  5.84341413e+07 -4.05136691e-01 
 6.30957344e+07 -7.27104734e-02  6.30957344e+07 -3.72264617e-01 
 6.81292069e+07 -7.17331231e-02  6.81292069e+07 -3.41677003e-01 
 7.35642254e+07 -7.06052792e-02  7.35642254e+07 -3.13211808e-01 
 7.94328235e+07 -6.93178815e-02  7.94328235e+07 -2.86722284e-01 
 8.57695899e+07 -6.78626556e-02  8.57695899e+07 -2.62076211e-01 
 9.26118728e+07 -6.62327973e-02  9.26118728e+07 -2.39155078e-01 
 1.00000000e+08 -6.44237329e-02  1.00000000e+08 -2.17853188e-01 
 1.07977516e+08 -6.24339203e-02  1.07977516e+08 -1.98076616e-01 
 1.16591440e+08 -6.02656365e-02  1.16591440e+08 -1.79741998e-01 
 1.25892541e+08 -5.79256757e-02  1.25892541e+08 -1.62775119e-01 
 1.35935639e+08 -5.54258753e-02  1.35935639e+08 -1.47109312e-01 
 1.46779927e+08 -5.27833771e-02  1.46779927e+08 -1.32683697e-01 
 1.58489319e+08 -5.00205490e-02  1.58489319e+08 -1.19441356e-01 
 1.71132830e+08 -4.71645155e-02  1.71132830e+08 -1.07327519e-01 
 1.84784980e+08 -4.42462903e-02  1.84784980e+08 -9.62879257e-02 
 1.99526231e+08 -4.12995566e-02  1.99526231e+08 -8.62674699e-02 
 2.15443469e+08 -3.83591888e-02  2.15443469e+08 -7.72092547e-02 
 2.32630507e+08 -3.54596551e-02  2.32630507e+08 -6.90541180e-02 
 2.51188643e+08 -3.26334542e-02  2.51188643e+08 -6.17406495e-02 
 2.71227258e+08 -2.99097373e-02  2.71227258e+08 -5.52056518e-02 
 2.92864456e+08 -2.73132355e-02  2.92864456e+08 -4.93849493e-02 
 3.16227766e+08 -2.48635650e-02  3.16227766e+08 -4.42144168e-02 
 3.41454887e+08 -2.25749307e-02  3.41454887e+08 -3.96310905e-02 
 3.68694506e+08 -2.04561999e-02  3.68694506e+08 -3.55742340e-02 
 3.98107171e+08 -1.85112809e-02  3.98107171e+08 -3.19862614e-02 
 4.29866235e+08 -1.67397211e-02  4.29866235e+08 -2.88134544e-02 
 4.64158883e+08 -1.51374359e-02  4.64158883e+08 -2.60064464e-02 
 5.01187234e+08 -1.36974845e-02  5.01187234e+08 -2.35204766e-02 
 5.41169527e+08 -1.24108300e-02  5.41169527e+08 -2.13154402e-02 
 5.84341413e+08 -1.12670329e-02  5.84341413e+08 -1.93557714e-02 
 6.30957344e+08 -1.02548526e-02  6.30957344e+08 -1.76102028e-02 
 6.81292069e+08 -9.36274325e-03  6.81292069e+08 -1.60514418e-02 
 7.35642254e+08 -8.57924234e-03  7.35642254e+08 -1.46557997e-02 
 7.94328235e+08 -7.89326131e-03  7.94328235e+08 -1.34028037e-02 
 8.57695899e+08 -7.29428887e-03  8.57695899e+08 -1.22748128e-02 
 9.26118728e+08 -6.77252223e-03  9.26118728e+08 -1.12566524e-02 
 1.00000000e+09 -6.31893999e-03  1.00000000e+09 -1.03352783e-02 
 1.07977516e+09 -5.92533052e-03  1.07977516e+09 -9.49947280e-03 
 1.16591440e+09 -5.58428709e-03  1.16591440e+09 -8.73957708e-03 
 1.25892541e+09 -5.28917984e-03  1.25892541e+09 -8.04725735e-03 
 1.35935639e+09 -5.03411224e-03  1.35935639e+09 -7.41530349e-03 
 1.46779927e+09 -4.81386815e-03  1.46779927e+09 -6.83745714e-03 
 1.58489319e+09 -4.62385435e-03  1.58489319e+09 -6.30826604e-03 
 1.71132830e+09 -4.46004153e-03  1.71132830e+09 -5.82296132e-03 
 1.84784980e+09 -4.31890652e-03  1.84784980e+09 -5.37735451e-03 
 1.99526231e+09 -4.19737700e-03  1.99526231e+09 -4.96775138e-03 
 2.15443469e+09 -4.09277998e-03  2.15443469e+09 -4.59087996e-03 
 2.32630507e+09 -4.00279427e-03  2.32630507e+09 -4.24383049e-03 
 2.51188643e+09 -3.92540754e-03  2.51188643e+09 -3.92400517e-03 
 2.71227258e+09 -3.85887756e-03  2.71227258e+09 -3.62907618e-03 
 2.92864456e+09 -3.80169770e-03  2.92864456e+09 -3.35695044e-03 
 3.16227766e+09 -3.75256645e-03  3.16227766e+09 -3.10573987e-03 
 3.41454887e+09 -3.71036040e-03  3.41454887e+09 -2.87373638e-03 
 3.68694506e+09 -3.67411064e-03  3.68694506e+09 -2.65939056e-03 
 3.98107171e+09 -3.64298207e-03  3.98107171e+09 -2.46129351e-03 
 4.29866235e+09 -3.61625532e-03  4.29866235e+09 -2.27816134e-03 
 4.64158883e+09 -3.59331108e-03  4.64158883e+09 -2.10882175e-03 
 5.01187234e+09 -3.57361637e-03  5.01187234e+09 -1.95220248e-03 
 5.41169527e+09 -3.55671275e-03  5.41169527e+09 -1.80732121e-03 
 5.84341413e+09 -3.54220600e-03  5.84341413e+09 -1.67327680e-03 
 6.30957344e+09 -3.52975724e-03  6.30957344e+09 -1.54924154e-03 
 6.81292069e+09 -3.51907526e-03  6.81292069e+09 -1.43445437e-03 
 7.35642254e+09 -3.50990987e-03  7.35642254e+09 -1.32821484e-03 
 7.94328235e+09 -3.50204616e-03  7.94328235e+09 -1.22987774e-03 
 8.57695899e+09 -3.49529957e-03  8.57695899e+09 -1.13884833e-03 
 9.26118728e+09 -3.48951163e-03  9.26118728e+09 -1.05457802e-03 
 1.00000000e+10 -3.48454629e-03  1.00000000e+10 -9.76560533e-04 
