 1.00000000e+00  1.46475507e+02  1.00000000e+00 -9.42086979e-04 
 1.07977516e+00  1.46475507e+02  1.07977516e+00 -1.01724212e-03 
 1.16591440e+00  1.46475507e+02  1.16591440e+00 -1.09839278e-03 
 1.25892541e+00  1.46475507e+02  1.25892541e+00 -1.18601724e-03 
 1.35935639e+00  1.46475507e+02  1.35935639e+00 -1.28063195e-03 
 1.46779927e+00  1.46475507e+02  1.46779927e+00 -1.38279458e-03 
 1.58489319e+00  1.46475507e+02  1.58489319e+00 -1.49310724e-03 
 1.71132830e+00  1.46475507e+02  1.71132830e+00 -1.61222011e-03 
 1.84784980e+00  1.46475507e+02  1.84784980e+00 -1.74083523e-03 
 1.99526231e+00  1.46475507e+02  1.99526231e+00 -1.87971065e-03 
 2.15443469e+00  1.46475507e+02  2.15443469e+00 -2.02966487e-03 
 2.32630507e+00  1.46475507e+02  2.32630507e+00 -2.19158171e-03 
 2.51188643e+00  1.46475507e+02  2.51188643e+00 -2.36641550e-03 
 2.71227258e+00  1.46475507e+02  2.71227258e+00 -2.55519668e-03 
 2.92864456e+00  1.46475507e+02  2.92864456e+00 -2.75903791e-03 
 3.16227766e+00  1.46475507e+02  3.16227766e+00 -2.97914061e-03 
 3.41454887e+00  1.46475507e+02  3.41454887e+00 -3.21680203e-03 
 3.68694506e+00  1.46475507e+02  3.68694506e+00 -3.47342293e-03 
 3.98107171e+00  1.46475507e+02  3.98107171e+00 -3.75051581e-03 
 4.29866235e+00  1.46475507e+02  4.29866235e+00 -4.04971382e-03 
 4.64158883e+00  1.46475507e+02  4.64158883e+00 -4.37278040e-03 
 5.01187234e+00  1.46475507e+02  5.01187234e+00 -4.72161966e-03 
 5.41169527e+00  1.46475507e+02  5.41169527e+00 -5.09828764e-03 
 5.84341413e+00  1.46475507e+02  5.84341413e+00 -5.50500436e-03 
 6.30957344e+00  1.46475507e+02  6.30957344e+00 -5.94416697e-03 
 6.81292069e+00  1.46475507e+02  6.81292069e+00 -6.41836386e-03 
 7.35642254e+00  1.46475507e+02  7.35642254e+00 -6.93038987e-03 
 7.94328235e+00  1.46475507e+02  7.94328235e+00 -7.48326285e-03 
 8.57695899e+00  1.46475507e+02  8.57695899e+00 -8.08024135e-03 
 9.26118728e+00  1.46475507e+02  9.26118728e+00 -8.72484391e-03 
 1.00000000e+01  1.46475507e+02  1.00000000e+01 -9.42086975e-03 
 1.07977516e+01  1.46475507e+02  1.07977516e+01 -1.01724212e-02 
 1.16591440e+01  1.46475507e+02  1.16591440e+01 -1.09839277e-02 
 1.25892541e+01  1.46475506e+02  1.25892541e+01 -1.18601723e-02 
 1.35935639e+01  1.46475506e+02  1.35935639e+01 -1.28063195e-02 
 1.46779927e+01  1.46475506e+02  1.46779927e+01 -1.38279456e-02 
 1.58489319e+01  1.46475506e+02  1.58489319e+01 -1.49310722e-02 
 1.71132830e+01  1.46475506e+02  1.71132830e+01 -1.61222009e-02 
 1.84784980e+01  1.46475505e+02  1.84784980e+01 -1.74083521e-02 
 1.99526231e+01  1.46475505e+02  1.99526231e+01 -1.87971061e-02 
 2.15443469e+01  1.46475505e+02  2.15443469e+01 -2.02966483e-02 
 2.32630507e+01  1.46475504e+02  2.32630507e+01 -2.19158166e-02 
 2.51188643e+01  1.46475504e+02  2.51188643e+01 -2.36641544e-02 
 2.71227258e+01  1.46475503e+02  2.71227258e+01 -2.55519660e-02 
 2.92864456e+01  1.46475502e+02  2.92864456e+01 -2.75903781e-02 
 3.16227766e+01  1.46475501e+02  3.16227766e+01 -2.97914048e-02 
 3.41454887e+01  1.46475500e+02  3.41454887e+01 -3.21680188e-02 
 3.68694506e+01  1.46475499e+02  3.68694506e+01 -3.47342274e-02 
 3.98107171e+01  1.46475498e+02  3.98107171e+01 -3.75051557e-02 
 4.29866235e+01  1.46475496e+02  4.29866235e+01 -4.04971351e-02 
 4.64158883e+01  1.46475494e+02  4.64158883e+01 -4.37278001e-02 
 5.01187234e+01  1.46475492e+02  5.01187234e+01 -4.72161918e-02 
 5.41169527e+01  1.46475490e+02  5.41169527e+01 -5.09828702e-02 
 5.84341413e+01  1.46475487e+02  5.84341413e+01 -5.50500359e-02 
 6.30957344e+01  1.46475483e+02  6.30957344e+01 -5.94416600e-02 
 6.81292069e+01  1.46475479e+02  6.81292069e+01 -6.41836264e-02 
 7.35642254e+01  1.46475475e+02  7.35642254e+01 -6.93038834e-02 
 7.94328235e+01  1.46475469e+02  7.94328235e+01 -7.48326092e-02 
 8.57695899e+01  1.46475463e+02  8.57695899e+01 -8.08023892e-02 
 9.26118728e+01  1.46475456e+02  9.26118728e+01 -8.72484085e-02 
 1.00000000e+02  1.46475447e+02  1.00000000e+02 -9.42086589e-02 
 1.07977516e+02  1.46475437e+02  1.07977516e+02 -1.01724163e-01 
 1.16591440e+02  1.46475425e+02  1.16591440e+02 -1.09839216e-01 
 1.25892541e+02  1.46475411e+02  1.25892541e+02 -1.18601646e-01 
 1.35935639e+02  1.46475396e+02  1.35935639e+02 -1.28063098e-01 
 1.46779927e+02  1.46475377e+02  1.46779927e+02 -1.38279335e-01 
 1.58489319e+02  1.46475355e+02  1.58489319e+02 -1.49310569e-01 
 1.71132830e+02  1.46475330e+02  1.71132830e+02 -1.61221816e-01 
 1.84784980e+02  1.46475301e+02  1.84784980e+02 -1.74083278e-01 
 1.99526231e+02  1.46475266e+02  1.99526231e+02 -1.87970755e-01 
 2.15443469e+02  1.46475226e+02  2.15443469e+02 -2.02966097e-01 
 2.32630507e+02  1.46475180e+02  2.32630507e+02 -2.19157681e-01 
 2.51188643e+02  1.46475125e+02  2.51188643e+02 -2.36640933e-01 
 2.71227258e+02  1.46475062e+02  2.71227258e+02 -2.55518891e-01 
 2.92864456e+02  1.46474988e+02  2.92864456e+02 -2.75902813e-01 
 3.16227766e+02  1.46474902e+02  3.16227766e+02 -2.97912830e-01 
 3.41454887e+02  1.46474801e+02  3.41454887e+02 -3.21678653e-01 
 3.68694506e+02  1.46474684e+02  3.68694506e+02 -3.47340342e-01 
 3.98107171e+02  1.46474548e+02  3.98107171e+02 -3.75049125e-01 
 4.29866235e+02  1.46474388e+02  4.29866235e+02 -4.04968290e-01 
 4.64158883e+02  1.46474203e+02  4.64158883e+02 -4.37274147e-01 
 5.01187234e+02  1.46473986e+02  5.01187234e+02 -4.72157066e-01 
 5.41169527e+02  1.46473734e+02  5.41169527e+02 -5.09822594e-01 
 5.84341413e+02  1.46473440e+02  5.84341413e+02 -5.50492669e-01 
 6.30957344e+02  1.46473097e+02  6.30957344e+02 -5.94406919e-01 
 6.81292069e+02  1.46472697e+02  6.81292069e+02 -6.41824076e-01 
 7.35642254e+02  1.46472230e+02  7.35642254e+02 -6.93023491e-01 
 7.94328235e+02  1.46471686e+02  7.94328235e+02 -7.48306776e-01 
 8.57695899e+02  1.46471052e+02  8.57695899e+02 -8.07999575e-01 
 9.26118728e+02  1.46470313e+02  9.26118728e+02 -8.72453472e-01 
 1.00000000e+03  1.46469452e+02  1.00000000e+03 -9.42048049e-01 
 1.07977516e+03  1.46468447e+02  1.07977516e+03 -1.01719311e+00 
 1.16591440e+03  1.46467276e+02  1.16591440e+03 -1.09833108e+00 
 1.25892541e+03  1.46465910e+02  1.25892541e+03 -1.18593957e+00 
 1.35935639e+03  1.46464318e+02  1.35935639e+03 -1.28053417e+00 
 1.46779927e+03  1.46462461e+02  1.46779927e+03 -1.38267148e+00 
 1.58489319e+03  1.46460297e+02  1.58489319e+03 -1.49295227e+00 
 1.71132830e+03  1.46457773e+02  1.71132830e+03 -1.61202502e+00 
 1.84784980e+03  1.46454832e+02  1.84784980e+03 -1.74058963e+00 
 1.99526231e+03  1.46451402e+02  1.99526231e+03 -1.87940146e+00 
 2.15443469e+03  1.46447403e+02  2.15443469e+03 -2.02927563e+00 
 2.32630507e+03  1.46442741e+02  2.32630507e+03 -2.19109171e+00 
 2.51188643e+03  1.46437306e+02  2.51188643e+03 -2.36579865e+00 
 2.71227258e+03  1.46430970e+02  2.71227258e+03 -2.55442014e+00 
 2.92864456e+03  1.46423583e+02  2.92864456e+03 -2.75806036e+00 
 3.16227766e+03  1.46414972e+02  3.16227766e+03 -2.97791002e+00 
 3.41454887e+03  1.46404933e+02  3.41454887e+03 -3.21525292e+00 
 3.68694506e+03  1.46393230e+02  3.68694506e+03 -3.47147287e+00 
 3.98107171e+03  1.46379588e+02  3.98107171e+03 -3.74806106e+00 
 4.29866235e+03  1.46363685e+02  4.29866235e+03 -4.04662380e+00 
 4.64158883e+03  1.46345149e+02  4.64158883e+03 -4.36889079e+00 
 5.01187234e+03  1.46323543e+02  5.01187234e+03 -4.71672365e+00 
 5.41169527e+03  1.46298361e+02  5.41169527e+03 -5.09212499e+00 
 5.84341413e+03  1.46269011e+02  5.84341413e+03 -5.49724760e+00 
 6.30957344e+03  1.46234806e+02  6.30957344e+03 -5.93440408e+00 
 6.81292069e+03  1.46194947e+02  6.81292069e+03 -6.40607644e+00 
 7.35642254e+03  1.46148502e+02  7.35642254e+03 -6.91492585e+00 
 7.94328235e+03  1.46094388e+02  7.94328235e+03 -7.46380200e+00 
 8.57695899e+03  1.46031346e+02  8.57695899e+03 -8.05575216e+00 
 9.26118728e+03  1.45957914e+02  9.26118728e+03 -8.69402935e+00 
 1.00000000e+04  1.45872391e+02  1.00000000e+04 -9.38209923e+00 
 1.07977516e+04  1.45772805e+02  1.07977516e+04 -1.01236453e+01 
 1.16591440e+04  1.45656868e+02  1.16591440e+04 -1.09225713e+01 
 1.25892541e+04  1.45521928e+02  1.25892541e+04 -1.17830007e+01 
 1.35935639e+04  1.45364914e+02  1.35935639e+04 -1.27092709e+01 
 1.46779927e+04  1.45182277e+02  1.46779927e+04 -1.37059222e+01 
 1.58489319e+04  1.44969915e+02  1.58489319e+04 -1.47776784e+01 
 1.71132830e+04  1.44723103e+02  1.71132830e+04 -1.59294182e+01 
 1.84784980e+04  1.44436399e+02  1.84784980e+04 -1.71661335e+01 
 1.99526231e+04  1.44103558e+02  1.99526231e+04 -1.84928734e+01 
 2.15443469e+04  1.43717423e+02  2.15443469e+04 -1.99146677e+01 
 2.32630507e+04  1.43269827e+02  2.32630507e+04 -2.14364284e+01 
 2.51188643e+04  1.42751474e+02  2.51188643e+04 -2.30628227e+01 
 2.71227258e+04  1.42151832e+02  2.71227258e+04 -2.47981126e+01 
 2.92864456e+04  1.41459027e+02  2.92864456e+04 -2.66459558e+01 
 3.16227766e+04  1.40659750e+02  3.16227766e+04 -2.86091618e+01 
 3.41454887e+04  1.39739185e+02  3.41454887e+04 -3.06893985e+01 
 3.68694506e+04  1.38680976e+02  3.68694506e+04 -3.28868436e+01 
 3.98107171e+04  1.37467244e+02  3.98107171e+04 -3.51997808e+01 
 4.29866235e+04  1.36078675e+02  4.29866235e+04 -3.76241402e+01 
 4.64158883e+04  1.34494711e+02  4.64158883e+04 -4.01529912e+01 
 5.01187234e+04  1.32693855e+02  5.01187234e+04 -4.27759996e+01 
 5.41169527e+04  1.30654133e+02  5.41169527e+04 -4.54788759e+01 
 5.84341413e+04  1.28353732e+02  5.84341413e+04 -4.82428464e+01 
 6.30957344e+04  1.25771827e+02  6.30957344e+04 -5.10441994e+01 
 6.81292069e+04  1.22889621e+02  6.81292069e+04 -5.38539682e+01 
 7.35642254e+04  1.19691571e+02  7.35642254e+04 -5.66378255e+01 
 7.94328235e+04  1.16166774e+02  7.94328235e+04 -5.93562723e+01 
 8.57695899e+04  1.12310433e+02  8.57695899e+04 -6.19652011e+01 
 9.26118728e+04  1.08125306e+02  9.26118728e+04 -6.44168969e+01 
 1.00000000e+05  1.03622990e+02  1.00000000e+05 -6.66615097e+01 
 1.07977516e+05  9.88248792e+01  1.07977516e+05 -6.86489800e+01 
 1.16591440e+05  9.37626241e+01  1.16591440e+05 -7.03313385e+01 
 1.25892541e+05  8.84779469e+01  1.25892541e+05 -7.16652280e+01 
 1.35935639e+05  8.30217179e+01  1.35935639e+05 -7.26144363e+01 
 1.46779927e+05  7.74522787e+01  1.46779927e+05 -7.31521879e+01 
 1.58489319e+05  7.18330996e+01  1.58489319e+05 -7.32629378e+01 
 1.71132830e+05  6.62299540e+01  1.71132830e+05 -7.29434501e+01 
 1.84784980e+05  6.07078693e+01  1.84784980e+05 -7.22030268e+01 
 1.99526231e+05  5.53281516e+01  1.99526231e+05 -7.10628549e+01 
 2.15443469e+05  5.01457655e+01  2.15443469e+05 -6.95545572e+01 
 2.32630507e+05  4.52072985e+01  2.32630507e+05 -6.77181258e+01 
 2.51188643e+05  4.05496459e+01  2.51188643e+05 -6.55994812e+01 
 2.71227258e+05  3.61994529e+01  2.71227258e+05 -6.32479139e+01 
 2.92864456e+05  3.21732596e+01  2.92864456e+05 -6.07136483e+01 
 3.16227766e+05  2.84782230e+01  3.16227766e+05 -5.80457103e+01 
 3.41454887e+05  2.51132551e+01  3.41454887e+05 -5.52902159e+01 
 3.68694506e+05  2.20704058e+01  3.68694506e+05 -5.24891292e+01 
 3.98107171e+05  1.93363364e+01  3.98107171e+05 -4.96794806e+01 
 4.29866235e+05  1.68937581e+01  4.29866235e+05 -4.68929955e+01 
 4.64158883e+05  1.47227463e+01  4.64158883e+05 -4.41560581e+01 
 5.01187234e+05  1.28018788e+01  5.01187234e+05 -4.14899300e+01 
 5.41169527e+05  1.11091722e+01  5.41169527e+05 -3.89111427e+01 
 5.84341413e+05  9.62281696e+00  5.84341413e+05 -3.64319946e+01 
 6.30957344e+05  8.32172484e+00  6.30957344e+05 -3.40610965e+01 
 6.81292069e+05  7.18591218e+00  6.81292069e+05 -3.18039223e+01 
 7.35642254e+05  6.19674623e+00  7.35642254e+05 -2.96633372e+01 
 7.94328235e+05  5.33708159e+00  7.94328235e+05 -2.76400826e+01 
 8.57695899e+05  4.59131235e+00  8.57695899e+05 -2.57332096e+01 
 9.26118728e+05  3.94536189e+00  9.26118728e+05 -2.39404550e+01 
 1.00000000e+06  3.38662887e+00  1.00000000e+06 -2.22585635e+01 
 1.07977516e+06  2.90390429e+00  1.07977516e+06 -2.06835559e+01 
 1.16591440e+06  2.48727119e+00  1.16591440e+06 -1.92109507e+01 
 1.25892541e+06  2.12799560e+00  1.25892541e+06 -1.78359438e+01 
 1.35935639e+06  1.81841514e+00  1.35935639e+06 -1.65535515e+01 
 1.46779927e+06  1.55182956e+00  1.46779927e+06 -1.53587237e+01 
 1.58489319e+06  1.32239639e+00  1.58489319e+06 -1.42464307e+01 
 1.71132830e+06  1.12503321e+00  1.71132830e+06 -1.32117292e+01 
 1.84784980e+06  9.55327821e-01  1.84784980e+06 -1.22498111e+01 
 1.99526231e+06  8.09456505e-01  1.99526231e+06 -1.13560387e+01 
 2.15443469e+06  6.84110469e-01  2.15443469e+06 -1.05259679e+01 
 2.32630507e+06  5.76430142e-01  2.32630507e+06 -9.75536414e+00 
 2.51188643e+06  4.83946879e-01  2.51188643e+06 -9.04020981e+00 
 2.71227258e+06  4.04531505e-01  2.71227258e+06 -8.37670794e+00 
 2.92864456e+06  3.36349100e-01  2.92864456e+06 -7.76128095e+00 
 3.16227766e+06  2.77819417e-01  3.16227766e+06 -7.19056678e+00 
 3.41454887e+06  2.27582337e-01  3.41454887e+06 -6.66141283e+00 
 3.68694506e+06  1.84467796e-01  3.68694506e+06 -6.17086835e+00 
 3.98107171e+06  1.47469669e-01  3.98107171e+06 -5.71617581e+00 
 4.29866235e+06  1.15723125e-01  4.29866235e+06 -5.29476163e+00 
 4.64158883e+06  8.84850289e-02  4.64158883e+06 -4.90422662e+00 
 5.01187234e+06  6.51170009e-02  5.01187234e+06 -4.54233624e+00 
 5.41169527e+06  4.50707884e-02  5.41169527e+06 -4.20701104e+00 
 5.84341413e+06  2.78756510e-02  5.84341413e+06 -3.89631714e+00 
 6.30957344e+06  1.31274872e-02  6.30957344e+06 -3.60845716e+00 
 6.81292069e+06  4.79472014e-04  6.81292069e+06 -3.34176134e+00 
 7.35642254e+06 -1.03660010e-02  7.35642254e+06 -3.09467918e+00 
 7.94328235e+06 -1.96642500e-02  7.94328235e+06 -2.86577141e+00 
 8.57695899e+06 -2.76342622e-02  8.57695899e+06 -2.65370239e+00 
 9.26118728e+06 -3.44638123e-02  9.26118728e+06 -2.45723298e+00 
 1.00000000e+07 -4.03138579e-02  1.00000000e+07 -2.27521381e+00 
 1.07977516e+07 -4.53223126e-02  1.07977516e+07 -2.10657896e+00 
 1.16591440e+07 -4.96072819e-02  1.16591440e+07 -1.95034001e+00 
 1.25892541e+07 -5.32698385e-02  1.25892541e+07 -1.80558055e+00 
 1.35935639e+07 -5.63963990e-02  1.35935639e+07 -1.67145100e+00 
 1.46779927e+07 -5.90607586e-02  1.46779927e+07 -1.54716380e+00 
 1.58489319e+07 -6.13258317e-02  1.58489319e+07 -1.43198889e+00 
 1.71132830e+07 -6.32451371e-02  1.71132830e+07 -1.32524960e+00 
 1.84784980e+07 -6.48640659e-02  1.84784980e+07 -1.22631872e+00 
 1.99526231e+07 -6.62209594e-02  1.99526231e+07 -1.13461492e+00 
 2.15443469e+07 -6.73480255e-02  2.15443469e+07 -1.04959945e+00 
 2.32630507e+07 -6.82721138e-02  2.32630507e+07 -9.70772980e-01 
 2.51188643e+07 -6.90153712e-02  2.51188643e+07 -8.97672812e-01 
 2.71227258e+07 -6.95957935e-02  2.71227258e+07 -8.29870207e-01 
 2.92864456e+07 -7.00276892e-02  2.92864456e+07 -7.66967967e-01 
 3.16227766e+07 -7.03220687e-02  3.16227766e+07 -7.08598204e-01 
 3.41454887e+07 -7.04869730e-02  3.41454887e+07 -6.54420293e-01 
 3.68694506e+07 -7.05277527e-02  3.68694506e+07 -6.04119007e-01 
 3.98107171e+07 -7.04473119e-02  3.98107171e+07 -5.57402822e-01 
 4.29866235e+07 -7.02463280e-02  4.29866235e+07 -5.14002375e-01 
 4.64158883e+07 -6.99234625e-02  4.64158883e+07 -4.73669092e-01 
 5.01187234e+07 -6.94755763e-02  5.01187234e+07 -4.36173938e-01 
 5.41169527e+07 -6.88979675e-02  5.41169527e+07 -4.01306323e-01 
 5.84341413e+07 -6.81846448e-02  5.84341413e+07 -3.68873105e-01 
 6.30957344e+07 -6.73286580e-02  6.30957344e+07 -3.38697709e-01 
 6.81292069e+07 -6.63224970e-02  6.81292069e+07 -3.10619313e-01 
 7.35642254e+07 -6.51585759e-02  7.35642254e+07 -2.84492088e-01 
 7.94328235e+07 -6.38298061e-02  7.94328235e+07 -2.60184444e-01 
 8.57695899e+07 -6.23302593e-02  8.57695899e+07 -2.37578244e-01 
 9.26118728e+07 -6.06559031e-02  9.26118728e+07 -2.16567947e-01 
 1.00000000e+08 -5.88053799e-02  1.00000000e+08 -1.97059616e-01 
 1.07977516e+08 -5.67807778e-02  1.07977516e+08 -1.78969780e-01 
 1.16591440e+08 -5.45883289e-02  1.16591440e+08 -1.62224099e-01 
 1.25892541e+08 -5.22389515e-02  1.25892541e+08 -1.46755846e-01 
 1.35935639e+08 -4.97485533e-02  1.35935639e+08 -1.32504243e-01 
 1.46779927e+08 -4.71380180e-02  1.46779927e+08 -1.19412699e-01 
 1.58489319e+08 -4.44328227e-02  1.58489319e+08 -1.07427069e-01 
 1.71132830e+08 -4.16622731e-02  1.71132830e+08 -9.64940411e-02 
 1.84784980e+08 -3.88583905e-02  1.84784980e+08 -8.65597866e-02 
 1.99526231e+08 -3.60545358e-02  1.99526231e+08 -7.75689826e-02 
 2.15443469e+08 -3.32838966e-02  2.15443469e+08 -6.94642812e-02 
 2.32630507e+08 -3.05779830e-02  2.32630507e+08 -6.21862475e-02 
 2.51188643e+08 -2.79652804e-02  2.51188643e+08 -5.56737325e-02 
 2.71227258e+08 -2.54701765e-02  2.71227258e+08 -4.98645957e-02 
 2.92864456e+08 -2.31122426e-02  2.92864456e+08 -4.46966572e-02 
 3.16227766e+08 -2.09058950e-02  3.16227766e+08 -4.01087492e-02 
 3.41454887e+08 -1.88604153e-02  3.41454887e+08 -3.60417418e-02 
 3.68694506e+08 -1.69802734e-02  3.68694506e+08 -3.24394452e-02 
 3.98107171e+08 -1.52656728e-02  3.98107171e+08 -2.92493228e-02 
 4.29866235e+08 -1.37132332e-02  4.29866235e+08 -2.64229834e-02 
 4.64158883e+08 -1.23167298e-02  4.64158883e+08 -2.39164536e-02 
 5.01187234e+08 -1.10678242e-02  5.01187234e+08 -2.16902491e-02 
 5.41169527e+08 -9.95673946e-03  5.41169527e+08 -1.97092827e-02 
 5.84341413e+08 -8.97284914e-03  5.84341413e+08 -1.79426466e-02 
 6.30957344e+08 -8.10516630e-03  6.30957344e+08 -1.63633114e-02 
 6.81292069e+08 -7.34273051e-03  6.81292069e+08 -1.49477742e-02 
 7.35642254e+08 -6.67489894e-03  7.35642254e+08 -1.36756872e-02 
 7.94328235e+08 -6.09155273e-03  7.94328235e+08 -1.25294877e-02 
 8.57695899e+08 -5.58323210e-03  8.57695899e+08 -1.14940438e-02 
 9.26118728e+08 -5.14121390e-03  9.26118728e+08 -1.05563273e-02 
 1.00000000e+09 -4.75754473e-03  1.00000000e+09 -9.70511738e-03 
 1.07977516e+09 -4.42504086e-03  1.07977516e+09 -8.93073853e-03 
 1.16591440e+09 -4.13726462e-03  1.16591440e+09 -8.22483081e-03 
 1.25892541e+09 -3.88848509e-03  1.25892541e+09 -7.58015182e-03 
 1.35935639e+09 -3.67362888e-03  1.35935639e+09 -6.99040721e-03 
 1.46779927e+09 -3.48822601e-03  1.46779927e+09 -6.45010665e-03 
 1.58489319e+09 -3.32835380e-03  1.58489319e+09 -5.95444227e-03 
 1.71132830e+09 -3.19058151e-03  1.71132830e+09 -5.49918641e-03 
 1.84784980e+09 -3.07191717e-03  1.84784980e+09 -5.08060597e-03 
 1.99526231e+09 -2.96975769e-03  1.99526231e+09 -4.69539068e-03 
 2.15443469e+09 -2.88184275e-03  2.15443469e+09 -4.34059325e-03 
 2.32630507e+09 -2.80621297e-03  2.32630507e+09 -4.01357932e-03 
 2.51188643e+09 -2.74117209e-03  2.51188643e+09 -3.71198554e-03 
 2.71227258e+09 -2.68525332e-03  2.71227258e+09 -3.43368446e-03 
 2.92864456e+09 -2.63718947e-03  2.92864456e+09 -3.17675499e-03 
 3.16227766e+09 -2.59588665e-03  3.16227766e+09 -2.93945744e-03 
 3.41454887e+09 -2.56040122e-03  3.41454887e+09 -2.72021233e-03 
 3.68694506e+09 -2.52991957e-03  3.68694506e+09 -2.51758232e-03 
 3.98107171e+09 -2.50374063e-03  3.98107171e+09 -2.33025671e-03 
 4.29866235e+09 -2.48126054e-03  4.29866235e+09 -2.15703806e-03 
 4.64158883e+09 -2.46195939e-03  4.64158883e+09 -1.99683064e-03 
 5.01187234e+09 -2.44538972e-03  5.01187234e+09 -1.84863026e-03 
 5.41169527e+09 -2.43116659e-03  5.41169527e+09 -1.71151547e-03 
 5.84341413e+09 -2.41895892e-03  5.84341413e+09 -1.58463976e-03 
 6.30957344e+09 -2.40848205e-03  6.30957344e+09 -1.46722464e-03 
 6.81292069e+09 -2.39949129e-03  6.81292069e+09 -1.35855357e-03 
 7.35642254e+09 -2.39177639e-03  7.35642254e+09 -1.25796648e-03 
 7.94328235e+09 -2.38515669e-03  7.94328235e+09 -1.16485488e-03 
 8.57695899e+09 -2.37947702e-03  8.57695899e+09 -1.07865753e-03 
 9.26118728e+09 -2.37460413e-03  9.26118728e+09 -9.98856450e-04 
 1.00000000e+10 -2.37042358e-03  1.00000000e+10 -9.24973386e-04 
