 1.00000000e+00  3.34229461e+02  1.00000000e+00 -4.21431880e-03 
 1.07977516e+00  3.34229461e+02  1.07977516e+00 -4.55051677e-03 
 1.16591440e+00  3.34229461e+02  1.16591440e+00 -4.91353498e-03 
 1.25892541e+00  3.34229461e+02  1.25892541e+00 -5.30551304e-03 
 1.35935639e+00  3.34229461e+02  1.35935639e+00 -5.72876120e-03 
 1.46779927e+00  3.34229461e+02  1.46779927e+00 -6.18577405e-03 
 1.58489319e+00  3.34229461e+02  1.58489319e+00 -6.67924518e-03 
 1.71132830e+00  3.34229461e+02  1.71132830e+00 -7.21208305e-03 
 1.84784980e+00  3.34229461e+02  1.84784980e+00 -7.78742815e-03 
 1.99526231e+00  3.34229461e+02  1.99526231e+00 -8.40867149e-03 
 2.15443469e+00  3.34229461e+02  2.15443469e+00 -9.07947462e-03 
 2.32630507e+00  3.34229461e+02  2.32630507e+00 -9.80379118e-03 
 2.51188643e+00  3.34229461e+02  2.51188643e+00 -1.05858902e-02 
 2.71227258e+00  3.34229461e+02  2.71227258e+00 -1.14303813e-02 
 2.92864456e+00  3.34229461e+02  2.92864456e+00 -1.23422418e-02 
 3.16227766e+00  3.34229460e+02  3.16227766e+00 -1.33268462e-02 
 3.41454887e+00  3.34229460e+02  3.41454887e+00 -1.43899975e-02 
 3.68694506e+00  3.34229460e+02  3.68694506e+00 -1.55379619e-02 
 3.98107171e+00  3.34229460e+02  3.98107171e+00 -1.67775053e-02 
 4.29866235e+00  3.34229460e+02  4.29866235e+00 -1.81159335e-02 
 4.64158883e+00  3.34229460e+02  4.64158883e+00 -1.95611350e-02 
 5.01187234e+00  3.34229460e+02  5.01187234e+00 -2.11216278e-02 
 5.41169527e+00  3.34229459e+02  5.41169527e+00 -2.28066090e-02 
 5.84341413e+00  3.34229459e+02  5.84341413e+00 -2.46260099e-02 
 6.30957344e+00  3.34229459e+02  6.30957344e+00 -2.65905539e-02 
 6.81292069e+00  3.34229458e+02  6.81292069e+00 -2.87118196e-02 
 7.35642254e+00  3.34229458e+02  7.35642254e+00 -3.10023096e-02 
 7.94328235e+00  3.34229458e+02  7.94328235e+00 -3.34755238e-02 
 8.57695899e+00  3.34229457e+02  8.57695899e+00 -3.61460391e-02 
 9.26118728e+00  3.34229456e+02  9.26118728e+00 -3.90295952e-02 
 1.00000000e+01  3.34229456e+02  1.00000000e+01 -4.21431874e-02 
 1.07977516e+01  3.34229455e+02  1.07977516e+01 -4.55051669e-02 
 1.16591440e+01  3.34229454e+02  1.16591440e+01 -4.91353488e-02 
 1.25892541e+01  3.34229453e+02  1.25892541e+01 -5.30551290e-02 
 1.35935639e+01  3.34229451e+02  1.35935639e+01 -5.72876103e-02 
 1.46779927e+01  3.34229450e+02  1.46779927e+01 -6.18577384e-02 
 1.58489319e+01  3.34229448e+02  1.58489319e+01 -6.67924492e-02 
 1.71132830e+01  3.34229445e+02  1.71132830e+01 -7.21208272e-02 
 1.84784980e+01  3.34229443e+02  1.84784980e+01 -7.78742773e-02 
 1.99526231e+01  3.34229440e+02  1.99526231e+01 -8.40867096e-02 
 2.15443469e+01  3.34229436e+02  2.15443469e+01 -9.07947396e-02 
 2.32630507e+01  3.34229432e+02  2.32630507e+01 -9.80379035e-02 
 2.51188643e+01  3.34229427e+02  2.51188643e+01 -1.05858892e-01 
 2.71227258e+01  3.34229422e+02  2.71227258e+01 -1.14303800e-01 
 2.92864456e+01  3.34229415e+02  2.92864456e+01 -1.23422402e-01 
 3.16227766e+01  3.34229408e+02  3.16227766e+01 -1.33268441e-01 
 3.41454887e+01  3.34229399e+02  3.41454887e+01 -1.43899949e-01 
 3.68694506e+01  3.34229389e+02  3.68694506e+01 -1.55379586e-01 
 3.98107171e+01  3.34229377e+02  3.98107171e+01 -1.67775011e-01 
 4.29866235e+01  3.34229363e+02  4.29866235e+01 -1.81159283e-01 
 4.64158883e+01  3.34229347e+02  4.64158883e+01 -1.95611284e-01 
 5.01187234e+01  3.34229328e+02  5.01187234e+01 -2.11216194e-01 
 5.41169527e+01  3.34229305e+02  5.41169527e+01 -2.28065985e-01 
 5.84341413e+01  3.34229280e+02  5.84341413e+01 -2.46259967e-01 
 6.30957344e+01  3.34229250e+02  6.30957344e+01 -2.65905372e-01 
 6.81292069e+01  3.34229215e+02  6.81292069e+01 -2.87117986e-01 
 7.35642254e+01  3.34229174e+02  7.35642254e+01 -3.10022832e-01 
 7.94328235e+01  3.34229126e+02  7.94328235e+01 -3.34754907e-01 
 8.57695899e+01  3.34229070e+02  8.57695899e+01 -3.61459973e-01 
 9.26118728e+01  3.34229006e+02  9.26118728e+01 -3.90295426e-01 
 1.00000000e+02  3.34228930e+02  1.00000000e+02 -4.21431212e-01 
 1.07977516e+02  3.34228842e+02  1.07977516e+02 -4.55050835e-01 
 1.16591440e+02  3.34228739e+02  1.16591440e+02 -4.91352439e-01 
 1.25892541e+02  3.34228620e+02  1.25892541e+02 -5.30549969e-01 
 1.35935639e+02  3.34228480e+02  1.35935639e+02 -5.72874440e-01 
 1.46779927e+02  3.34228317e+02  1.46779927e+02 -6.18575291e-01 
 1.58489319e+02  3.34228127e+02  1.58489319e+02 -6.67921856e-01 
 1.71132830e+02  3.34227906e+02  1.71132830e+02 -7.21204954e-01 
 1.84784980e+02  3.34227648e+02  1.84784980e+02 -7.78738596e-01 
 1.99526231e+02  3.34227348e+02  1.99526231e+02 -8.40861837e-01 
 2.15443469e+02  3.34226997e+02  2.15443469e+02 -9.07940775e-01 
 2.32630507e+02  3.34226588e+02  2.32630507e+02 -9.80370700e-01 
 2.51188643e+02  3.34226111e+02  2.51188643e+02 -1.05857842e+00 
 2.71227258e+02  3.34225556e+02  2.71227258e+02 -1.14302479e+00 
 2.92864456e+02  3.34224908e+02  2.92864456e+02 -1.23420739e+00 
 3.16227766e+02  3.34224152e+02  3.16227766e+02 -1.33266347e+00 
 3.41454887e+02  3.34223271e+02  3.41454887e+02 -1.43897313e+00 
 3.68694506e+02  3.34222245e+02  3.68694506e+02 -1.55376268e+00 
 3.98107171e+02  3.34221047e+02  3.98107171e+02 -1.67770834e+00 
 4.29866235e+02  3.34219651e+02  4.29866235e+02 -1.81154024e+00 
 4.64158883e+02  3.34218024e+02  4.64158883e+02 -1.95604664e+00 
 5.01187234e+02  3.34216126e+02  5.01187234e+02 -2.11207860e+00 
 5.41169527e+02  3.34213914e+02  5.41169527e+02 -2.28055493e+00 
 5.84341413e+02  3.34211335e+02  5.84341413e+02 -2.46246758e+00 
 6.30957344e+02  3.34208328e+02  6.30957344e+02 -2.65888743e+00 
 6.81292069e+02  3.34204822e+02  6.81292069e+02 -2.87097052e+00 
 7.35642254e+02  3.34200734e+02  7.35642254e+02 -3.09996478e+00 
 7.94328235e+02  3.34195968e+02  7.94328235e+02 -3.34721728e+00 
 8.57695899e+02  3.34190412e+02  8.57695899e+02 -3.61418205e+00 
 9.26118728e+02  3.34183934e+02  9.26118728e+02 -3.90242844e+00 
 1.00000000e+03  3.34176381e+02  1.00000000e+03 -4.21365016e+00 
 1.07977516e+03  3.34167576e+02  1.07977516e+03 -4.54967502e+00 
 1.16591440e+03  3.34157311e+02  1.16591440e+03 -4.91247532e+00 
 1.25892541e+03  3.34145343e+02  1.25892541e+03 -5.30417904e+00 
 1.35935639e+03  3.34131391e+02  1.35935639e+03 -5.72708187e+00 
 1.46779927e+03  3.34115126e+02  1.46779927e+03 -6.18366001e+00 
 1.58489319e+03  3.34096163e+02  1.58489319e+03 -6.67658391e+00 
 1.71132830e+03  3.34074058e+02  1.71132830e+03 -7.20873292e+00 
 1.84784980e+03  3.34048288e+02  1.84784980e+03 -7.78321091e+00 
 1.99526231e+03  3.34018248e+02  1.99526231e+03 -8.40336278e+00 
 2.15443469e+03  3.33983230e+02  2.15443469e+03 -9.07279206e+00 
 2.32630507e+03  3.33942412e+02  2.32630507e+03 -9.79537936e+00 
 2.51188643e+03  3.33894834e+02  2.51188643e+03 -1.05753019e+01 
 2.71227258e+03  3.33839379e+02  2.71227258e+03 -1.14170536e+01 
 2.92864456e+03  3.33774747e+02  2.92864456e+03 -1.23254665e+01 
 3.16227766e+03  3.33699423e+02  3.16227766e+03 -1.33057320e+01 
 3.41454887e+03  3.33611644e+02  3.41454887e+03 -1.43634233e+01 
 3.68694506e+03  3.33509360e+02  3.68694506e+03 -1.55045172e+01 
 3.98107171e+03  3.33390185e+02  3.98107171e+03 -1.67354160e+01 
 4.29866235e+03  3.33251344e+02  4.29866235e+03 -1.80629682e+01 
 4.64158883e+03  3.33089613e+02  4.64158883e+03 -1.94944880e+01 
 5.01187234e+03  3.32901247e+02  5.01187234e+03 -2.10377715e+01 
 5.41169527e+03  3.32681896e+02  5.41169527e+03 -2.27011098e+01 
 5.84341413e+03  3.32426517e+02  5.84341413e+03 -2.44932961e+01 
 6.30957344e+03  3.32129260e+02  6.30957344e+03 -2.64236263e+01 
 6.81292069e+03  3.31783355e+02  6.81292069e+03 -2.85018889e+01 
 7.35642254e+03  3.31380966e+02  7.35642254e+03 -3.07383427e+01 
 7.94328235e+03  3.30913045e+02  7.94328235e+03 -3.31436780e+01 
 8.57695899e+03  3.30369153e+02  8.57695899e+03 -3.57289560e+01 
 9.26118728e+03  3.29737272e+02  9.26118728e+03 -3.85055220e+01 
 1.00000000e+04  3.29003595e+02  1.00000000e+04 -4.14848849e+01 
 1.07977516e+04  3.28152299e+02  1.07977516e+04 -4.46785554e+01 
 1.16591440e+04  3.27165301e+02  1.16591440e+04 -4.80978336e+01 
 1.25892541e+04  3.26022009e+02  1.25892541e+04 -5.17535347e+01 
 1.35935639e+04  3.24699066e+02  1.35935639e+04 -5.56556428e+01 
 1.46779927e+04  3.23170108e+02  1.46779927e+04 -5.98128780e+01 
 1.58489319e+04  3.21405537e+02  1.58489319e+04 -6.42321649e+01 
 1.71132830e+04  3.19372352e+02  1.71132830e+04 -6.89179897e+01 
 1.84784980e+04  3.17034042e+02  1.84784980e+04 -7.38716358e+01 
 1.99526231e+04  3.14350597e+02  1.99526231e+04 -7.90902911e+01 
 2.15443469e+04  3.11278670e+02  2.15443469e+04 -8.45660278e+01 
 2.32630507e+04  3.07771945e+02  2.32630507e+04 -9.02846679e+01 
 2.51188643e+04  3.03781772e+02  2.51188643e+04 -9.62245602e+01 
 2.71227258e+04  2.99258130e+02  2.71227258e+04 -1.02355318e+02 
 2.92864456e+04  2.94150982e+02  2.92864456e+04 -1.08636592e+02 
 3.16227766e+04  2.88412065e+02  3.16227766e+04 -1.15016981e+02 
 3.41454887e+04  2.81997143e+02  3.41454887e+04 -1.21433220e+02 
 3.68694506e+04  2.74868716e+02  3.68694506e+04 -1.27809812e+02 
 3.98107171e+04  2.66999109e+02  3.98107171e+04 -1.34059282e+02 
 4.29866235e+04  2.58373791e+02  4.29866235e+04 -1.40083245e+02 
 4.64158883e+04  2.48994722e+02  4.64158883e+04 -1.45774451e+02 
 5.01187234e+04  2.38883405e+02  5.01187234e+04 -1.51019888e+02 
 5.41169527e+04  2.28083280e+02  5.41169527e+04 -1.55704947e+02 
 5.84341413e+04  2.16661075e+02  5.84341413e+04 -1.59718496e+02 
 6.30957344e+04  2.04706756e+02  6.30957344e+04 -1.62958557e+02 
 6.81292069e+04  1.92331826e+02  6.81292069e+04 -1.65338130e+02 
 7.35642254e+04  1.79665889e+02  7.35642254e+04 -1.66790612e+02 
 7.94328235e+04  1.66851632e+02  7.94328235e+04 -1.67274201e+02 
 8.57695899e+04  1.54038586e+02  8.57695899e+04 -1.66774787e+02 
 9.26118728e+04  1.41376223e+02  9.26118728e+04 -1.65306937e+02 
 1.00000000e+05  1.29007068e+02  1.00000000e+05 -1.62912879e+02 
 1.07977516e+05  1.17060470e+02  1.07977516e+05 -1.59659582e+02 
 1.16591440e+05  1.05647607e+02  1.16591440e+05 -1.55634330e+02 
 1.25892541e+05  9.48580824e+01  1.25892541e+05 -1.50939294e+02 
 1.35935639e+05  8.47582459e+01  1.35935639e+05 -1.45685706e+02 
 1.46779927e+05  7.53911713e+01  1.46779927e+05 -1.39988186e+02 
 1.58489319e+05  6.67780255e+01  1.58489319e+05 -1.33959683e+02 
 1.71132830e+05  5.89204786e+01  1.71132830e+05 -1.27707327e+02 
 1.84784980e+05  5.18037633e+01  1.84784980e+05 -1.21329339e+02 
 1.99526231e+05  4.54000188e+01  1.99526231e+05 -1.14913007e+02 
 2.15443469e+05  3.96716140e+01  2.15443469e+05 -1.08533632e+02 
 2.32630507e+05  3.45742291e+01  2.32630507e+05 -1.02254284e+02 
 2.51188643e+05  3.00595553e+01  2.51188643e+05 -9.61261771e+01 
 2.71227258e+05  2.60775420e+01  2.71227258e+05 -9.01894913e+01 
 2.92864456e+05  2.25781817e+01  2.92864456e+05 -8.44744624e+01 
 3.16227766e+05  1.95128554e+01  3.16227766e+05 -7.90026106e+01 
 3.41454887e+05  1.68352904e+01  3.41454887e+05 -7.37880033e+01 
 3.68694506e+05  1.45021909e+01  3.68694506e+05 -6.88384763e+01 
 3.98107171e+05  1.24736023e+01  3.98107171e+05 -6.41567672e+01 
 4.29866235e+05  1.07130711e+01  4.29866235e+05 -5.97415336e+01 
 4.64158883e+05  9.18765060e+00  4.64158883e+05 -5.55882430e+01 
 5.01187234e+05  7.86779806e+00  5.01187234e+05 -5.16899359e+01 
 5.41169527e+05  6.72719809e+00  5.41169527e+05 -4.80378668e+01 
 5.84341413e+05  5.74254104e+00  5.84341413e+05 -4.46220336e+01 
 6.30957344e+05  4.89327726e+00  6.30957344e+05 -4.14316090e+01 
 6.81292069e+05  4.16136298e+00  6.81292069e+05 -3.84552862e+01 
 7.35642254e+05  3.53100875e+00  7.35642254e+05 -3.56815510e+01 
 7.94328235e+05  2.98843799e+00  7.94328235e+05 -3.30988940e+01 
 8.57695899e+05  2.52166009e+00  8.57695899e+05 -3.06959715e+01 
 9.26118728e+05  2.12026101e+00  9.26118728e+05 -2.84617254e+01 
 1.00000000e+06  1.77521227e+00  1.00000000e+06 -2.63854695e+01 
 1.07977516e+06  1.47869876e+00  1.07977516e+06 -2.44569497e+01 
 1.16591440e+06  1.22396458e+00  1.16591440e+06 -2.26663824e+01 
 1.25892541e+06  1.00517613e+00  1.25892541e+06 -2.10044768e+01 
 1.35935639e+06  8.17301085e-01  1.35935639e+06 -1.94624443e+01 
 1.46779927e+06  6.56002007e-01  1.46779927e+06 -1.80319984e+01 
 1.58489319e+06  5.17543065e-01  1.58489319e+06 -1.67053470e+01 
 1.71132830e+06  3.98708625e-01  1.71132830e+06 -1.54751796e+01 
 1.84784980e+06  2.96732330e-01  1.84784980e+06 -1.43346505e+01 
 1.99526231e+06  2.09235477e-01  1.99526231e+06 -1.32773597e+01 
 2.15443469e+06  1.34173582e-01  2.15443469e+06 -1.22973320e+01 
 2.32630507e+06  6.97901197e-02  2.32630507e+06 -1.13889951e+01 
 2.51188643e+06  1.45765319e-02  2.51188643e+06 -1.05471576e+01 
 2.71227258e+06 -3.27622996e-02  2.71227258e+06 -9.76698703e+00 
 2.92864456e+06 -7.33378290e-02  2.92864456e+06 -9.04398790e+00 
 3.16227766e+06 -1.08103499e-01  3.16227766e+06 -8.37398088e+00 
 3.41454887e+06 -1.37876820e-01  3.41454887e+06 -7.75308238e+00 
 3.68694506e+06 -1.63358361e-01  3.68694506e+06 -7.17768515e+00 
 3.98107171e+06 -1.85148056e-01  3.98107171e+06 -6.64443981e+00 
 4.29866235e+06 -2.03759219e-01  4.29866235e+06 -6.15023727e+00 
 4.64158883e+06 -2.19630544e-01  4.64158883e+06 -5.69219226e+00 
 5.01187234e+06 -2.33136400e-01  5.01187234e+06 -5.26762773e+00 
 5.41169527e+06 -2.44595631e-01  5.41169527e+06 -4.87406029e+00 
 5.84341413e+06 -2.54279083e-01  5.84341413e+06 -4.50918657e+00 
 6.30957344e+06 -2.62416017e-01  6.30957344e+06 -4.17087048e+00 
 6.81292069e+06 -2.69199581e-01  6.81292069e+06 -3.85713138e+00 
 7.35642254e+06 -2.74791462e-01  7.35642254e+06 -3.56613307e+00 
 7.94328235e+06 -2.79325829e-01  7.94328235e+06 -3.29617362e+00 
 8.57695899e+06 -2.82912691e-01  8.57695899e+06 -3.04567594e+00 
 9.26118728e+06 -2.85640736e-01  9.26118728e+06 -2.81317919e+00 
 1.00000000e+07 -2.87579767e-01  1.00000000e+07 -2.59733079e+00 
 1.07977516e+07 -2.88782777e-01  1.07977516e+07 -2.39687920e+00 
 1.16591440e+07 -2.89287776e-01  1.16591440e+07 -2.21066741e+00 
 1.25892541e+07 -2.89119424e-01  1.25892541e+07 -2.03762693e+00 
 1.35935639e+07 -2.88290556e-01  1.35935639e+07 -1.87677249e+00 
 1.46779927e+07 -2.86803671e-01  1.46779927e+07 -1.72719731e+00 
 1.58489319e+07 -2.84652483e-01  1.58489319e+07 -1.58806878e+00 
 1.71132830e+07 -2.81823595e-01  1.71132830e+07 -1.45862471e+00 
 1.84784980e+07 -2.78298400e-01  1.84784980e+07 -1.33816988e+00 
 1.99526231e+07 -2.74055249e-01  1.99526231e+07 -1.22607279e+00 
 2.15443469e+07 -2.69071967e-01  2.15443469e+07 -1.12176264e+00 
 2.32630507e+07 -2.63328705e-01  2.32630507e+07 -1.02472610e+00 
 2.51188643e+07 -2.56811121e-01  2.51188643e+07 -9.34503977e-01 
 2.71227258e+07 -2.49513768e-01  2.71227258e+07 -8.50687331e-01 
 2.92864456e+07 -2.41443551e-01  2.92864456e+07 -7.72913014e-01 
 3.16227766e+07 -2.32622968e-01  3.16227766e+07 -7.00858449e-01 
 3.41454887e+07 -2.23092848e-01  3.41454887e+07 -6.34235602e-01 
 3.68694506e+07 -2.12914212e-01  3.68694506e+07 -5.72784226e-01 
 3.98107171e+07 -2.02168922e-01  3.98107171e+07 -5.16264588e-01 
 4.29866235e+07 -1.90958832e-01  4.29866235e+07 -4.64450034e-01 
 4.64158883e+07 -1.79403321e-01  4.64158883e+07 -4.17119895e-01 
 5.01187234e+07 -1.67635245e-01  5.01187234e+07 -3.74053242e-01 
 5.41169527e+07 -1.55795589e-01  5.41169527e+07 -3.35024032e-01 
 5.84341413e+07 -1.44027275e-01  5.84341413e+07 -2.99798025e-01 
 6.30957344e+07 -1.32468728e-01  6.30957344e+07 -2.68131669e-01 
 6.81292069e+07 -1.21247826e-01  6.81292069e+07 -2.39772923e-01 
 7.35642254e+07 -1.10476813e-01  7.35642254e+07 -2.14463739e-01 
 7.94328235e+07 -1.00248578e-01  7.94328235e+07 -1.91943751e-01 
 8.57695899e+07 -9.06345221e-02  8.57695899e+07 -1.71954634e-01 
 9.26118728e+07 -8.16840061e-02  9.26118728e+07 -1.54244571e-01 
 1.00000000e+08 -7.34251981e-02  1.00000000e+08 -1.38572366e-01 
 1.07977516e+08 -6.58670203e-02  1.07977516e+08 -1.24710865e-01 
 1.16591440e+08 -5.90018336e-02  1.16591440e+08 -1.12449474e-01 
 1.25892541e+08 -5.28085078e-02  1.25892541e+08 -1.01595733e-01 
 1.35935639e+08 -4.72555691e-02  1.35935639e+08 -9.19759948e-02 
 1.46779927e+08 -4.23041891e-02  1.46779927e+08 -8.34353340e-02 
 1.58489319e+08 -3.79108561e-02  1.58489319e+08 -7.58368484e-02 
 1.71132830e+08 -3.40296421e-02  1.71132830e+08 -6.90605320e-02 
 1.84784980e+08 -3.06140347e-02  1.84784980e+08 -6.30018733e-02 
 1.99526231e+08 -2.76183479e-02  1.99526231e+08 -5.75703144e-02 
 2.15443469e+08 -2.49987509e-02  2.15443469e+08 -5.26876793e-02 
 2.32630507e+08 -2.27139681e-02  2.32630507e+08 -4.82866454e-02 
 2.51188643e+08 -2.07257101e-02  2.51188643e+08 -4.43093109e-02 
 2.71227258e+08 -1.89988923e-02  2.71227258e+08 -4.07058873e-02 
 2.92864456e+08 -1.75016921e-02  2.92864456e+08 -3.74335310e-02 
 3.16227766e+08 -1.62054898e-02  3.16227766e+08 -3.44553167e-02 
 3.41454887e+08 -1.50847286e-02  3.41454887e+08 -3.17393469e-02 
 3.68694506e+08 -1.41167238e-02  3.68694506e+08 -2.92579876e-02 
 3.98107171e+08 -1.32814417e-02  3.98107171e+08 -2.69872173e-02 
 4.29866235e+08 -1.25612659e-02  4.29866235e+08 -2.49060769e-02 
 4.64158883e+08 -1.19407625e-02  4.64158883e+08 -2.29962059e-02 
 5.01187234e+08 -1.14064517e-02  5.01187234e+08 -2.12414535e-02 
 5.41169527e+08 -1.09465919e-02  5.41169527e+08 -1.96275530e-02 
 5.84341413e+08 -1.05509784e-02  5.84341413e+08 -1.81418494e-02 
 6.30957344e+08 -1.02107598e-02  6.30957344e+08 -1.67730714e-02 
 6.81292069e+08 -9.91827093e-03  6.81292069e+08 -1.55111412e-02 
 7.35642254e+08 -9.66688317e-03  7.35642254e+08 -1.43470144e-02 
 7.94328235e+08 -9.45087095e-03  7.94328235e+08 -1.32725463e-02 
 8.57695899e+08 -9.26529357e-03  8.57695899e+08 -1.22803788e-02 
 9.26118728e+08 -9.10589114e-03  9.26118728e+08 -1.13638452e-02 
 1.00000000e+09 -8.96899320e-03  1.00000000e+09 -1.05168892e-02 
 1.07977516e+09 -8.85143896e-03  1.07977516e+09 -9.73399596e-03 
 1.16591440e+09 -8.75050782e-03  1.16591440e+09 -9.01013339e-03 
 1.25892541e+09 -8.66385892e-03  1.25892541e+09 -8.34070110e-03 
 1.35935639e+09 -8.58947889e-03  1.35935639e+09 -7.72148652e-03 
 1.46779927e+09 -8.52563647e-03  1.46779927e+09 -7.14862663e-03 
 1.58489319e+09 -8.47084336e-03  1.58489319e+09 -6.61857447e-03 
 1.71132830e+09 -8.42382045e-03  1.71132830e+09 -6.12806962e-03 
 1.84784980e+09 -8.38346861e-03  1.84784980e+09 -5.67411219e-03 
 1.99526231e+09 -8.34884356e-03  1.99526231e+09 -5.25393960e-03 
 2.15443469e+09 -8.31913417e-03  2.15443469e+09 -4.86500594e-03 
 2.32630507e+09 -8.29364384e-03  2.32630507e+09 -4.50496346e-03 
 2.51188643e+09 -8.27177436e-03  2.51188643e+09 -4.17164586e-03 
 2.71227258e+09 -8.25301212e-03  2.71227258e+09 -3.86305335e-03 
 2.92864456e+09 -8.23691619e-03  2.92864456e+09 -3.57733900e-03 
 3.16227766e+09 -8.22310807e-03  3.16227766e+09 -3.31279643e-03 
 3.41454887e+09 -8.21126289e-03  3.41454887e+09 -3.06784863e-03 
 3.68694506e+09 -8.20110184e-03  3.68694506e+09 -2.84103767e-03 
 3.98107171e+09 -8.19238563e-03  3.98107171e+09 -2.63101545e-03 
 4.29866235e+09 -8.18490896e-03  4.29866235e+09 -2.43653511e-03 
 4.64158883e+09 -8.17849565e-03  4.64158883e+09 -2.25644324e-03 
 5.01187234e+09 -8.17299452e-03  5.01187234e+09 -2.08967271e-03 
 5.41169527e+09 -8.16827590e-03  5.41169527e+09 -1.93523605e-03 
 5.84341413e+09 -8.16422851e-03  5.84341413e+09 -1.79221943e-03 
 6.30957344e+09 -8.16075690e-03  6.30957344e+09 -1.65977705e-03 
 6.81292069e+09 -8.15777918e-03  6.81292069e+09 -1.53712604e-03 
 7.35642254e+09 -8.15522511e-03  7.35642254e+09 -1.42354169e-03 
 7.94328235e+09 -8.15303441e-03  7.94328235e+09 -1.31835310e-03 
 8.57695899e+09 -8.15115541e-03  8.57695899e+09 -1.22093918e-03 
 9.26118728e+09 -8.14954376e-03  9.26118728e+09 -1.13072485e-03 
 1.00000000e+10 -8.14816143e-03  1.00000000e+10 -1.04717768e-03 
