 1.00000000e+00  2.42871156e+02  1.00000000e+00 -3.36515041e-03 
 1.07977516e+00  2.42871156e+02  1.07977516e+00 -3.63360583e-03 
 1.16591440e+00  2.42871156e+02  1.16591440e+00 -3.92347732e-03 
 1.25892541e+00  2.42871156e+02  1.25892541e+00 -4.23647336e-03 
 1.35935639e+00  2.42871156e+02  1.35935639e+00 -4.57443871e-03 
 1.46779927e+00  2.42871156e+02  1.46779927e+00 -4.93936530e-03 
 1.58489319e+00  2.42871156e+02  1.58489319e+00 -5.33340397e-03 
 1.71132830e+00  2.42871156e+02  1.71132830e+00 -5.75887714e-03 
 1.84784980e+00  2.42871156e+02  1.84784980e+00 -6.21829250e-03 
 1.99526231e+00  2.42871156e+02  1.99526231e+00 -6.71435779e-03 
 2.15443469e+00  2.42871156e+02  2.15443469e+00 -7.24999677e-03 
 2.32630507e+00  2.42871156e+02  2.32630507e+00 -7.82836644e-03 
 2.51188643e+00  2.42871156e+02  2.51188643e+00 -8.45287564e-03 
 2.71227258e+00  2.42871156e+02  2.71227258e+00 -9.12720517e-03 
 2.92864456e+00  2.42871156e+02  2.92864456e+00 -9.85532944e-03 
 3.16227766e+00  2.42871156e+02  3.16227766e+00 -1.06415399e-02 
 3.41454887e+00  2.42871156e+02  3.41454887e+00 -1.14904705e-02 
 3.68694506e+00  2.42871155e+02  3.68694506e+00 -1.24071247e-02 
 3.98107171e+00  2.42871155e+02  3.98107171e+00 -1.33969050e-02 
 4.29866235e+00  2.42871155e+02  4.29866235e+00 -1.44656453e-02 
 4.64158883e+00  2.42871155e+02  4.64158883e+00 -1.56196445e-02 
 5.01187234e+00  2.42871155e+02  5.01187234e+00 -1.68657042e-02 
 5.41169527e+00  2.42871155e+02  5.41169527e+00 -1.82111684e-02 
 5.84341413e+00  2.42871154e+02  5.84341413e+00 -1.96639673e-02 
 6.30957344e+00  2.42871154e+02  6.30957344e+00 -2.12326635e-02 
 6.81292069e+00  2.42871154e+02  6.81292069e+00 -2.29265026e-02 
 7.35642254e+00  2.42871154e+02  7.35642254e+00 -2.47554681e-02 
 7.94328235e+00  2.42871153e+02  7.94328235e+00 -2.67303395e-02 
 8.57695899e+00  2.42871153e+02  8.57695899e+00 -2.88627566e-02 
 9.26118728e+00  2.42871152e+02  9.26118728e+00 -3.11652877e-02 
 1.00000000e+01  2.42871151e+02  1.00000000e+01 -3.36515034e-02 
 1.07977516e+01  2.42871151e+02  1.07977516e+01 -3.63360575e-02 
 1.16591440e+01  2.42871150e+02  1.16591440e+01 -3.92347722e-02 
 1.25892541e+01  2.42871149e+02  1.25892541e+01 -4.23647324e-02 
 1.35935639e+01  2.42871147e+02  1.35935639e+01 -4.57443855e-02 
 1.46779927e+01  2.42871146e+02  1.46779927e+01 -4.93936510e-02 
 1.58489319e+01  2.42871144e+02  1.58489319e+01 -5.33340372e-02 
 1.71132830e+01  2.42871142e+02  1.71132830e+01 -5.75887682e-02 
 1.84784980e+01  2.42871140e+02  1.84784980e+01 -6.21829209e-02 
 1.99526231e+01  2.42871138e+02  1.99526231e+01 -6.71435728e-02 
 2.15443469e+01  2.42871134e+02  2.15443469e+01 -7.24999613e-02 
 2.32630507e+01  2.42871131e+02  2.32630507e+01 -7.82836563e-02 
 2.51188643e+01  2.42871127e+02  2.51188643e+01 -8.45287463e-02 
 2.71227258e+01  2.42871122e+02  2.71227258e+01 -9.12720389e-02 
 2.92864456e+01  2.42871116e+02  2.92864456e+01 -9.85532783e-02 
 3.16227766e+01  2.42871109e+02  3.16227766e+01 -1.06415379e-01 
 3.41454887e+01  2.42871102e+02  3.41454887e+01 -1.14904680e-01 
 3.68694506e+01  2.42871093e+02  3.68694506e+01 -1.24071215e-01 
 3.98107171e+01  2.42871082e+02  3.98107171e+01 -1.33969010e-01 
 4.29866235e+01  2.42871070e+02  4.29866235e+01 -1.44656402e-01 
 4.64158883e+01  2.42871056e+02  4.64158883e+01 -1.56196381e-01 
 5.01187234e+01  2.42871039e+02  5.01187234e+01 -1.68656961e-01 
 5.41169527e+01  2.42871020e+02  5.41169527e+01 -1.82111583e-01 
 5.84341413e+01  2.42870997e+02  5.84341413e+01 -1.96639546e-01 
 6.30957344e+01  2.42870970e+02  6.30957344e+01 -2.12326474e-01 
 6.81292069e+01  2.42870940e+02  6.81292069e+01 -2.29264824e-01 
 7.35642254e+01  2.42870904e+02  7.35642254e+01 -2.47554426e-01 
 7.94328235e+01  2.42870862e+02  7.94328235e+01 -2.67303075e-01 
 8.57695899e+01  2.42870813e+02  8.57695899e+01 -2.88627163e-01 
 9.26118728e+01  2.42870756e+02  9.26118728e+01 -3.11652369e-01 
 1.00000000e+02  2.42870690e+02  1.00000000e+02 -3.36514395e-01 
 1.07977516e+02  2.42870613e+02  1.07977516e+02 -3.63359770e-01 
 1.16591440e+02  2.42870522e+02  1.16591440e+02 -3.92346709e-01 
 1.25892541e+02  2.42870417e+02  1.25892541e+02 -4.23646048e-01 
 1.35935639e+02  2.42870295e+02  1.35935639e+02 -4.57442249e-01 
 1.46779927e+02  2.42870152e+02  1.46779927e+02 -4.93934489e-01 
 1.58489319e+02  2.42869985e+02  1.58489319e+02 -5.33337827e-01 
 1.71132830e+02  2.42869791e+02  1.71132830e+02 -5.75884478e-01 
 1.84784980e+02  2.42869564e+02  1.84784980e+02 -6.21825176e-01 
 1.99526231e+02  2.42869300e+02  1.99526231e+02 -6.71430650e-01 
 2.15443469e+02  2.42868992e+02  2.15443469e+02 -7.24993221e-01 
 2.32630507e+02  2.42868633e+02  2.32630507e+02 -7.82828516e-01 
 2.51188643e+02  2.42868215e+02  2.51188643e+02 -8.45277331e-01 
 2.71227258e+02  2.42867727e+02  2.71227258e+02 -9.12707634e-01 
 2.92864456e+02  2.42867158e+02  2.92864456e+02 -9.85516726e-01 
 3.16227766e+02  2.42866495e+02  3.16227766e+02 -1.06413358e+00 
 3.41454887e+02  2.42865721e+02  3.41454887e+02 -1.14902135e+00 
 3.68694506e+02  2.42864820e+02  3.68694506e+02 -1.24068011e+00 
 3.98107171e+02  2.42863768e+02  3.98107171e+02 -1.33964977e+00 
 4.29866235e+02  2.42862543e+02  4.29866235e+02 -1.44651325e+00 
 4.64158883e+02  2.42861114e+02  4.64158883e+02 -1.56189989e+00 
 5.01187234e+02  2.42859447e+02  5.01187234e+02 -1.68648914e+00 
 5.41169527e+02  2.42857505e+02  5.41169527e+02 -1.82101452e+00 
 5.84341413e+02  2.42855240e+02  5.84341413e+02 -1.96626791e+00 
 6.30957344e+02  2.42852600e+02  6.30957344e+02 -2.12310418e+00 
 6.81292069e+02  2.42849521e+02  6.81292069e+02 -2.29244611e+00 
 7.35642254e+02  2.42845932e+02  7.35642254e+02 -2.47528979e+00 
 7.94328235e+02  2.42841747e+02  7.94328235e+02 -2.67271039e+00 
 8.57695899e+02  2.42836869e+02  8.57695899e+02 -2.88586833e+00 
 9.26118728e+02  2.42831181e+02  9.26118728e+02 -3.11601598e+00 
 1.00000000e+03  2.42824550e+02  1.00000000e+03 -3.36450480e+00 
 1.07977516e+03  2.42816819e+02  1.07977516e+03 -3.63279309e+00 
 1.16591440e+03  2.42807806e+02  1.16591440e+03 -3.92245418e+00 
 1.25892541e+03  2.42797298e+02  1.25892541e+03 -4.23518536e+00 
 1.35935639e+03  2.42785049e+02  1.35935639e+03 -4.57281729e+00 
 1.46779927e+03  2.42770768e+02  1.46779927e+03 -4.93732418e+00 
 1.58489319e+03  2.42754121e+02  1.58489319e+03 -5.33083452e+00 
 1.71132830e+03  2.42734714e+02  1.71132830e+03 -5.75564265e+00 
 1.84784980e+03  2.42712091e+02  1.84784980e+03 -6.21422090e+00 
 1.99526231e+03  2.42685719e+02  1.99526231e+03 -6.70923251e+00 
 2.15443469e+03  2.42654980e+02  2.15443469e+03 -7.24354524e+00 
 2.32630507e+03  2.42619151e+02  2.32630507e+03 -7.82024565e+00 
 2.51188643e+03  2.42577390e+02  2.51188643e+03 -8.44265393e+00 
 2.71227258e+03  2.42528719e+02  2.71227258e+03 -9.11433937e+00 
 2.92864456e+03  2.42471997e+02  2.92864456e+03 -9.83913615e+00 
 3.16227766e+03  2.42405897e+02  3.16227766e+03 -1.06211594e+01 
 3.41454887e+03  2.42328877e+02  3.41454887e+03 -1.14648210e+01 
 3.68694506e+03  2.42239139e+02  3.68694506e+03 -1.23748458e+01 
 3.98107171e+03  2.42134596e+02  3.98107171e+03 -1.33562859e+01 
 4.29866235e+03  2.42012822e+02  4.29866235e+03 -1.44145346e+01 
 4.64158883e+03  2.41870998e+02  4.64158883e+03 -1.55553376e+01 
 5.01187234e+03  2.41705853e+02  5.01187234e+03 -1.67848018e+01 
 5.41169527e+03  2.41513593e+02  5.41169527e+03 -1.81093994e+01 
 5.84341413e+03  2.41289820e+02  5.84341413e+03 -1.95359664e+01 
 6.30957344e+03  2.41029443e+02  6.30957344e+03 -2.10716938e+01 
 6.81292069e+03  2.40726573e+02  6.81292069e+03 -2.27241084e+01 
 7.35642254e+03  2.40374413e+02  7.35642254e+03 -2.45010414e+01 
 7.94328235e+03  2.39965123e+02  7.94328235e+03 -2.64105806e+01 
 8.57695899e+03  2.39489682e+02  8.57695899e+03 -2.84610014e+01 
 9.26118728e+03  2.38937730e+02  9.26118728e+03 -3.06606731e+01 
 1.00000000e+04  2.38297405e+02  1.00000000e+04 -3.30179334e+01 
 1.07977516e+04  2.37555160e+02  1.07977516e+04 -3.55409239e+01 
 1.16591440e+04  2.36695581e+02  1.16591440e+04 -3.82373795e+01 
 1.25892541e+04  2.35701205e+02  1.25892541e+04 -4.11143631e+01 
 1.35935639e+04  2.34552343e+02  1.35935639e+04 -4.41779346e+01 
 1.46779927e+04  2.33226926e+02  1.46779927e+04 -4.74327470e+01 
 1.58489319e+04  2.31700388e+02  1.58489319e+04 -5.08815591e+01 
 1.71132830e+04  2.29945610e+02  1.71132830e+04 -5.45246583e+01 
 1.84784980e+04  2.27932947e+02  1.84784980e+04 -5.83591902e+01 
 1.99526231e+04  2.25630380e+02  1.99526231e+04 -6.23783972e+01 
 2.15443469e+04  2.23003823e+02  2.15443469e+04 -6.65707765e+01 
 2.32630507e+04  2.20017642e+02  2.32630507e+04 -7.09191822e+01 
 2.51188643e+04  2.16635410e+02  2.51188643e+04 -7.53999082e+01 
 2.71227258e+04  2.12820968e+02  2.71227258e+04 -7.99818140e+01 
 2.92864456e+04  2.08539805e+02  2.92864456e+04 -8.46255715e+01 
 3.16227766e+04  2.03760773e+02  3.16227766e+04 -8.92831405e+01 
 3.41454887e+04  1.98458125e+02  3.41454887e+04 -9.38975952e+01 
 3.68694506e+04  1.92613810e+02  3.68694506e+04 -9.84034387e+01 
 3.98107171e+04  1.86219906e+02  3.98107171e+04 -1.02727538e+02 
 4.29866235e+04  1.79281024e+02  4.29866235e+04 -1.06790785e+02 
 4.64158883e+04  1.71816426e+02  4.64158883e+04 -1.10510541e+02 
 5.01187234e+04  1.63861622e+02  5.01187234e+04 -1.13803830e+02 
 5.41169527e+04  1.55469121e+02  5.41169527e+04 -1.16591150e+02 
 5.84341413e+04  1.46708128e+02  5.84341413e+04 -1.18800655e+02 
 6.30957344e+04  1.37663004e+02  6.30957344e+04 -1.20372355e+02 
 6.81292069e+04  1.28430488e+02  6.81292069e+04 -1.21261913e+02 
 7.35642254e+04  1.19115805e+02  7.35642254e+04 -1.21443612e+02 
 7.94328235e+04  1.09827990e+02  7.94328235e+04 -1.20912143e+02 
 8.57695899e+04  1.00674825e+02  8.57695899e+04 -1.19682981e+02 
 9.26118728e+04  9.17579112e+01  9.26118728e+04 -1.17791295e+02 
 1.00000000e+05  8.31683270e+01  1.00000000e+05 -1.15289547e+02 
 1.07977516e+05  7.49832582e+01  1.07977516e+05 -1.12244060e+02 
 1.16591440e+05  6.72638196e+01  1.16591440e+05 -1.08730975e+02 
 1.25892541e+05  6.00541347e+01  1.25892541e+05 -1.04832009e+02 
 1.35935639e+05  5.33815777e+01  1.35935639e+05 -1.00630413e+02 
 1.46779927e+05  4.72579735e+01  1.46779927e+05 -9.62074465e+01 
 1.58489319e+05  4.16814851e+01  1.58489319e+05 -9.16395376e+01 
 1.71132830e+05  3.66389075e+01  1.71132830e+05 -8.69962277e+01 
 1.84784980e+05  3.21081094e+01  1.84784980e+05 -8.23388776e+01 
 1.99526231e+05  2.80604174e+01  1.99526231e+05 -7.77200529e+01 
 2.15443469e+05  2.44627950e+01  2.15443469e+05 -7.31834664e+01 
 2.32630507e+05  2.12797273e+01  2.32630507e+05 -6.87643407e+01 
 2.51188643e+05  1.84747728e+01  2.51188643e+05 -6.44900595e+01 
 2.71227258e+05  1.60117813e+01  2.71227258e+05 -6.03809921e+01 
 2.92864456e+05  1.38558000e+01  2.92864456e+05 -5.64513969e+01 
 3.16227766e+05  1.19737085e+01  3.16227766e+05 -5.27103356e+01 
 3.41454887e+05  1.03346266e+01  3.41454887e+05 -4.91625474e+01 
 3.68694506e+05  8.91014010e+00  3.68694506e+05 -4.58092533e+01 
 3.98107171e+05  7.67438663e+00  3.98107171e+05 -4.26488735e+01 
 4.29866235e+05  6.60403875e+00  4.29866235e+05 -3.96776520e+01 
 4.64158883e+05  5.67821420e+00  4.64158883e+05 -3.68901891e+01 
 5.01187234e+05  4.87833836e+00  5.01187234e+05 -3.42798861e+01 
 5.41169527e+05  4.18797782e+00  5.41169527e+05 -3.18393128e+01 
 5.84341413e+05  3.59265971e+00  5.84341413e+05 -2.95605049e+01 
 6.30957344e+05  3.07968692e+00  6.30957344e+05 -2.74352012e+01 
 6.81292069e+05  2.63795683e+00  6.81292069e+05 -2.54550303e+01 
 7.35642254e+05  2.25778818e+00  7.35642254e+05 -2.36116554e+01 
 7.94328235e+05  1.93075924e+00  7.94328235e+05 -2.18968831e+01 
 8.57695899e+05  1.64955886e+00  8.57695899e+05 -2.03027446e+01 
 9.26118728e+05  1.40785107e+00  9.26118728e+05 -1.88215531e+01 
 1.00000000e+06  1.20015312e+00  1.00000000e+06 -1.74459436e+01 
 1.07977516e+06  1.02172664e+00  1.07977516e+06 -1.61688977e+01 
 1.16591440e+06  8.68481032e-01  1.16591440e+06 -1.49837574e+01 
 1.25892541e+06  7.36888197e-01  1.25892541e+06 -1.38842302e+01 
 1.35935639e+06  6.23907606e-01  1.35935639e+06 -1.28643871e+01 
 1.46779927e+06  5.26920715e-01  1.46779927e+06 -1.19186569e+01 
 1.58489319e+06  4.43673717e-01  1.58489319e+06 -1.10418151e+01 
 1.71132830e+06  3.72227706e-01  1.71132830e+06 -1.02289721e+01 
 1.84784980e+06  3.10915402e-01  1.84784980e+06 -9.47555851e+00 
 1.99526231e+06  2.58303624e-01  1.99526231e+06 -8.77731002e+00 
 2.15443469e+06  2.13160809e-01  2.15443469e+06 -8.13025129e+00 
 2.32630507e+06  1.74428940e-01  2.32630507e+06 -7.53067999e+00 
 2.51188643e+06  1.41199301e-01  2.51188643e+06 -6.97515089e+00 
 2.71227258e+06  1.12691567e-01  2.71227258e+06 -6.46046016e+00 
 2.92864456e+06  8.82357780e-02  2.92864456e+06 -5.98363020e+00 
 3.16227766e+06  6.72568216e-02  3.16227766e+06 -5.54189512e+00 
 3.41454887e+06  4.92610664e-02  3.41454887e+06 -5.13268671e+00 
 3.68694506e+06  3.38248699e-02  3.68694506e+06 -4.75362124e+00 
 3.98107171e+06  2.05846932e-02  3.98107171e+06 -4.40248685e+00 
 4.29866235e+06  9.22860432e-03  4.29866235e+06 -4.07723172e+00 
 4.64158883e+06 -5.11022620e-04  4.64158883e+06 -3.77595294e+00 
 5.01187234e+06 -8.86377923e-03  5.01187234e+06 -3.49688600e+00 
 5.41169527e+06 -1.60266091e-02  5.41169527e+06 -3.23839502e+00 
 5.84341413e+06 -2.21684324e-02  5.84341413e+06 -2.99896355e+00 
 6.30957344e+06 -2.74341152e-02  6.30957344e+06 -2.77718603e+00 
 6.81292069e+06 -3.19478766e-02  6.81292069e+06 -2.57175982e+00 
 7.35642254e+06 -3.58162110e-02  7.35642254e+06 -2.38147773e+00 
 7.94328235e+06 -3.91303956e-02  7.94328235e+06 -2.20522109e+00 
 8.57695899e+06 -4.19686403e-02  8.57695899e+06 -2.04195335e+00 
 9.26118728e+06 -4.43979299e-02  9.26118728e+06 -1.89071405e+00 
 1.00000000e+07 -4.64756039e-02  1.00000000e+07 -1.75061328e+00 
 1.07977516e+07 -4.82507083e-02  1.07977516e+07 -1.62082650e+00 
 1.16591440e+07 -4.97651524e-02  1.16591440e+07 -1.50058975e+00 
 1.25892541e+07 -5.10546991e-02  1.25892541e+07 -1.38919521e+00 
 1.35935639e+07 -5.21498088e-02  1.35935639e+07 -1.28598705e+00 
 1.46779927e+07 -5.30763606e-02  1.46779927e+07 -1.19035761e+00 
 1.58489319e+07 -5.38562651e-02  1.58489319e+07 -1.10174389e+00 
 1.71132830e+07 -5.45079850e-02  1.71132830e+07 -1.01962419e+00 
 1.84784980e+07 -5.50469754e-02  1.84784980e+07 -9.43515137e-01 
 1.99526231e+07 -5.54860552e-02  1.99526231e+07 -8.72968815e-01 
 2.15443469e+07 -5.58357176e-02  2.15443469e+07 -8.07570195e-01 
 2.32630507e+07 -5.61043898e-02  2.32630507e+07 -7.46934710e-01 
 2.51188643e+07 -5.62986472e-02  2.51188643e+07 -6.90706032e-01 
 2.71227258e+07 -5.64233886e-02  2.71227258e+07 -6.38554024e-01 
 2.92864456e+07 -5.64819800e-02  2.92864456e+07 -5.90172853e-01 
 3.16227766e+07 -5.64763695e-02  3.16227766e+07 -5.45279253e-01 
 3.41454887e+07 -5.64071814e-02  3.41454887e+07 -5.03610941e-01 
 3.68694506e+07 -5.62737938e-02  3.68694506e+07 -4.64925165e-01 
 3.98107171e+07 -5.60744060e-02  3.98107171e+07 -4.28997387e-01 
 4.29866235e+07 -5.58061024e-02  4.29866235e+07 -3.95620091e-01 
 4.64158883e+07 -5.54649208e-02  4.64158883e+07 -3.64601705e-01 
 5.01187234e+07 -5.50459344e-02  5.01187234e+07 -3.35765643e-01 
 5.41169527e+07 -5.45433561e-02  5.41169527e+07 -3.08949442e-01 
 5.84341413e+07 -5.39506778e-02  5.84341413e+07 -2.84004002e-01 
 6.30957344e+07 -5.32608557e-02  6.30957344e+07 -2.60792903e-01 
 6.81292069e+07 -5.24665528e-02  6.81292069e+07 -2.39191781e-01 
 7.35642254e+07 -5.15604497e-02  7.35642254e+07 -2.19087763e-01 
 7.94328235e+07 -5.05356289e-02  7.94328235e+07 -2.00378903e-01 
 8.57695899e+07 -4.93860351e-02  8.57695899e+07 -1.82973620e-01 
 9.26118728e+07 -4.81070019e-02  9.26118728e+07 -1.66790075e-01 
 1.00000000e+08 -4.66958267e-02  1.00000000e+08 -1.51755473e-01 
 1.07977516e+08 -4.51523593e-02  1.07977516e+08 -1.37805246e-01 
 1.16591440e+08 -4.34795585e-02  1.16591440e+08 -1.24882098e-01 
 1.25892541e+08 -4.16839556e-02  1.25892541e+08 -1.12934897e-01 
 1.35935639e+08 -3.97759590e-02  1.35935639e+08 -1.01917440e-01 
 1.46779927e+08 -3.77699376e-02  1.46779927e+08 -9.17871215e-02 
 1.58489319e+08 -3.56840307e-02  1.58489319e+08 -8.25035789e-02 
 1.71132830e+08 -3.35396628e-02  1.71132830e+08 -7.40274025e-02 
 1.84784980e+08 -3.13607736e-02  1.84784980e+08 -6.63190070e-02 
 1.99526231e+08 -2.91728141e-02  1.99526231e+08 -5.93377614e-02 
 2.15443469e+08 -2.70015956e-02  2.15443469e+08 -5.30414463e-02 
 2.32630507e+08 -2.48721009e-02  2.32630507e+08 -4.73860732e-02 
 2.51188643e+08 -2.28073737e-02  2.51188643e+08 -4.23260564e-02 
 2.71227258e+08 -2.08275895e-02  2.71227258e+08 -3.78146860e-02 
 2.92864456e+08 -1.89493822e-02  2.92864456e+08 -3.38048170e-02 
 3.16227766e+08 -1.71854623e-02  3.16227766e+08 -3.02496751e-02 
 3.41454887e+08 -1.55445255e-02  3.41454887e+08 -2.71036790e-02 
 3.68694506e+08 -1.40314166e-02  3.68694506e+08 -2.43231920e-02 
 3.98107171e+08 -1.26474913e-02  3.98107171e+08 -2.18671446e-02 
 4.29866235e+08 -1.13911113e-02  4.29866235e+08 -1.96974901e-02 
 4.64158883e+08 -1.02582072e-02  4.64158883e+08 -1.77794877e-02 
 5.01187234e+08 -9.24285301e-03  5.01187234e+08 -1.60818209e-02 
 5.41169527e+08 -8.33781041e-03  5.41169527e+08 -1.45765764e-02 
 5.84341413e+08 -7.53501389e-03  5.84341413e+08 -1.32391138e-02 
 6.30957344e+08 -6.82598118e-03  6.30957344e+08 -1.20478570e-02 
 6.81292069e+08 -6.20214430e-03  6.81292069e+08 -1.09840371e-02 
 7.35642254e+08 -5.65510362e-03  7.35642254e+08 -1.00314105e-02 
 7.94328235e+08 -5.17681250e-03  7.94328235e+08 -9.17597242e-03 
 8.57695899e+08 -4.75970228e-03  8.57695899e+08 -8.40567833e-03 
 9.26118728e+08 -4.39675864e-03  9.26118728e+08 -7.71018351e-03 
 1.00000000e+09 -4.08155940e-03  1.00000000e+09 -7.08060559e-03 
 1.07977516e+09 -3.80828342e-03  1.07977516e+09 -6.50931256e-03 
 1.16591440e+09 -3.57169846e-03  1.16591440e+09 -5.98973671e-03 
 1.25892541e+09 -3.36713466e-03  1.25892541e+09 -5.51621333e-03 
 1.35935639e+09 -3.19044874e-03  1.35935639e+09 -5.08384239e-03 
 1.46779927e+09 -3.03798309e-03  1.46779927e+09 -4.68837089e-03 
 1.58489319e+09 -2.90652252e-03  1.58489319e+09 -4.32609344e-03 
 1.71132830e+09 -2.79325093e-03  1.71132830e+09 -3.99376866e-03 
 1.84784980e+09 -2.69570932e-03  1.84784980e+09 -3.68854907e-03 
 1.99526231e+09 -2.61175603e-03  1.99526231e+09 -3.40792254e-03 
 2.15443469e+09 -2.53952990e-03  2.15443469e+09 -3.14966336e-03 
 2.32630507e+09 -2.47741650e-03  2.32630507e+09 -2.91179146e-03 
 2.51188643e+09 -2.42401761e-03  2.51188643e+09 -2.69253830e-03 
 2.71227258e+09 -2.37812388e-03  2.71227258e+09 -2.49031836e-03 
 2.92864456e+09 -2.33869046e-03  2.92864456e+09 -2.30370523e-03 
 3.16227766e+09 -2.30481550e-03  3.16227766e+09 -2.13141154e-03 
 3.41454887e+09 -2.27572117e-03  3.41454887e+09 -1.97227196e-03 
 3.68694506e+09 -2.25073711e-03  3.68694506e+09 -1.82522881e-03 
 3.98107171e+09 -2.22928591e-03  3.98107171e+09 -1.68931979e-03 
 4.29866235e+09 -2.21087046e-03  4.29866235e+09 -1.56366754e-03 
 4.64158883e+09 -2.19506300e-03  4.64158883e+09 -1.44747052e-03 
 5.01187234e+09 -2.18149561e-03  5.01187234e+09 -1.33999527e-03 
 5.41169527e+09 -2.16985190e-03  5.41169527e+09 -1.24056955e-03 
 5.84341413e+09 -2.15985992e-03  5.84341413e+09 -1.14857643e-03 
 6.30957344e+09 -2.15128594e-03  6.30957344e+09 -1.06344907e-03 
 6.81292069e+09 -2.14392920e-03  6.81292069e+09 -9.84666105e-04 
 7.35642254e+09 -2.13761720e-03  7.35642254e+09 -9.11747554e-04 
 7.94328235e+09 -2.13220185e-03  7.94328235e+09 -8.44251190e-04 
 8.57695899e+09 -2.12755594e-03  8.57695899e+09 -7.81769281e-04 
 9.26118728e+09 -2.12357030e-03  9.26118728e+09 -7.23925675e-04 
 1.00000000e+10 -2.12015119e-03  1.00000000e+10 -6.70373170e-04 
