 1.00000000e+00  1.46751415e+02  1.00000000e+00 -7.45886010e-04 
 1.07977516e+00  1.46751415e+02  1.07977516e+00 -8.05389187e-04 
 1.16591440e+00  1.46751415e+02  1.16591440e+00 -8.69639240e-04 
 1.25892541e+00  1.46751415e+02  1.25892541e+00 -9.39014852e-04 
 1.35935639e+00  1.46751415e+02  1.35935639e+00 -1.01392491e-03 
 1.46779927e+00  1.46751415e+02  1.46779927e+00 -1.09481094e-03 
 1.58489319e+00  1.46751415e+02  1.58489319e+00 -1.18214966e-03 
 1.71132830e+00  1.46751415e+02  1.71132830e+00 -1.27645584e-03 
 1.84784980e+00  1.46751415e+02  1.84784980e+00 -1.37828531e-03 
 1.99526231e+00  1.46751415e+02  1.99526231e+00 -1.48823825e-03 
 2.15443469e+00  1.46751415e+02  2.15443469e+00 -1.60696269e-03 
 2.32630507e+00  1.46751415e+02  2.32630507e+00 -1.73515840e-03 
 2.51188643e+00  1.46751415e+02  2.51188643e+00 -1.87358095e-03 
 2.71227258e+00  1.46751415e+02  2.71227258e+00 -2.02304617e-03 
 2.92864456e+00  1.46751415e+02  2.92864456e+00 -2.18443501e-03 
 3.16227766e+00  1.46751415e+02  3.16227766e+00 -2.35869866e-03 
 3.41454887e+00  1.46751415e+02  3.41454887e+00 -2.54686423e-03 
 3.68694506e+00  1.46751415e+02  3.68694506e+00 -2.75004074e-03 
 3.98107171e+00  1.46751415e+02  3.98107171e+00 -2.96942569e-03 
 4.29866235e+00  1.46751415e+02  4.29866235e+00 -3.20631210e-03 
 4.64158883e+00  1.46751415e+02  4.64158883e+00 -3.46209617e-03 
 5.01187234e+00  1.46751415e+02  5.01187234e+00 -3.73828546e-03 
 5.41169527e+00  1.46751415e+02  5.41169527e+00 -4.03650778e-03 
 5.84341413e+00  1.46751415e+02  5.84341413e+00 -4.35852085e-03 
 6.30957344e+00  1.46751415e+02  6.30957344e+00 -4.70622255e-03 
 6.81292069e+00  1.46751415e+02  6.81292069e+00 -5.08166222e-03 
 7.35642254e+00  1.46751415e+02  7.35642254e+00 -5.48705265e-03 
 7.94328235e+00  1.46751415e+02  7.94328235e+00 -5.92478316e-03 
 8.57695899e+00  1.46751415e+02  8.57695899e+00 -6.39743370e-03 
 9.26118728e+00  1.46751415e+02  9.26118728e+00 -6.90779001e-03 
 1.00000000e+01  1.46751415e+02  1.00000000e+01 -7.45886008e-03 
 1.07977516e+01  1.46751415e+02  1.07977516e+01 -8.05389185e-03 
 1.16591440e+01  1.46751415e+02  1.16591440e+01 -8.69639237e-03 
 1.25892541e+01  1.46751415e+02  1.25892541e+01 -9.39014848e-03 
 1.35935639e+01  1.46751415e+02  1.35935639e+01 -1.01392491e-02 
 1.46779927e+01  1.46751415e+02  1.46779927e+01 -1.09481093e-02 
 1.58489319e+01  1.46751414e+02  1.58489319e+01 -1.18214965e-02 
 1.71132830e+01  1.46751414e+02  1.71132830e+01 -1.27645583e-02 
 1.84784980e+01  1.46751414e+02  1.84784980e+01 -1.37828530e-02 
 1.99526231e+01  1.46751414e+02  1.99526231e+01 -1.48823823e-02 
 2.15443469e+01  1.46751414e+02  2.15443469e+01 -1.60696267e-02 
 2.32630507e+01  1.46751413e+02  2.32630507e+01 -1.73515838e-02 
 2.51188643e+01  1.46751413e+02  2.51188643e+01 -1.87358092e-02 
 2.71227258e+01  1.46751413e+02  2.71227258e+01 -2.02304613e-02 
 2.92864456e+01  1.46751412e+02  2.92864456e+01 -2.18443496e-02 
 3.16227766e+01  1.46751412e+02  3.16227766e+01 -2.35869860e-02 
 3.41454887e+01  1.46751411e+02  3.41454887e+01 -2.54686416e-02 
 3.68694506e+01  1.46751410e+02  3.68694506e+01 -2.75004065e-02 
 3.98107171e+01  1.46751409e+02  3.98107171e+01 -2.96942557e-02 
 4.29866235e+01  1.46751408e+02  4.29866235e+01 -3.20631195e-02 
 4.64158883e+01  1.46751407e+02  4.64158883e+01 -3.46209598e-02 
 5.01187234e+01  1.46751406e+02  5.01187234e+01 -3.73828522e-02 
 5.41169527e+01  1.46751404e+02  5.41169527e+01 -4.03650748e-02 
 5.84341413e+01  1.46751402e+02  5.84341413e+01 -4.35852047e-02 
 6.30957344e+01  1.46751400e+02  6.30957344e+01 -4.70622208e-02 
 6.81292069e+01  1.46751398e+02  6.81292069e+01 -5.08166162e-02 
 7.35642254e+01  1.46751395e+02  7.35642254e+01 -5.48705189e-02 
 7.94328235e+01  1.46751392e+02  7.94328235e+01 -5.92478221e-02 
 8.57695899e+01  1.46751388e+02  8.57695899e+01 -6.39743250e-02 
 9.26118728e+01  1.46751383e+02  9.26118728e+01 -6.90778850e-02 
 1.00000000e+02  1.46751378e+02  1.00000000e+02 -7.45885817e-02 
 1.07977516e+02  1.46751371e+02  1.07977516e+02 -8.05388945e-02 
 1.16591440e+02  1.46751364e+02  1.16591440e+02 -8.69638935e-02 
 1.25892541e+02  1.46751355e+02  1.25892541e+02 -9.39014468e-02 
 1.35935639e+02  1.46751345e+02  1.35935639e+02 -1.01392443e-01 
 1.46779927e+02  1.46751334e+02  1.46779927e+02 -1.09481033e-01 
 1.58489319e+02  1.46751320e+02  1.58489319e+02 -1.18214889e-01 
 1.71132830e+02  1.46751304e+02  1.71132830e+02 -1.27645488e-01 
 1.84784980e+02  1.46751286e+02  1.84784980e+02 -1.37828410e-01 
 1.99526231e+02  1.46751265e+02  1.99526231e+02 -1.48823672e-01 
 2.15443469e+02  1.46751240e+02  2.15443469e+02 -1.60696077e-01 
 2.32630507e+02  1.46751210e+02  2.32630507e+02 -1.73515598e-01 
 2.51188643e+02  1.46751176e+02  2.51188643e+02 -1.87357790e-01 
 2.71227258e+02  1.46751137e+02  2.71227258e+02 -2.02304233e-01 
 2.92864456e+02  1.46751091e+02  2.92864456e+02 -2.18443018e-01 
 3.16227766e+02  1.46751037e+02  3.16227766e+02 -2.35869258e-01 
 3.41454887e+02  1.46750974e+02  3.41454887e+02 -2.54685657e-01 
 3.68694506e+02  1.46750900e+02  3.68694506e+02 -2.75003110e-01 
 3.98107171e+02  1.46750815e+02  3.98107171e+02 -2.96941355e-01 
 4.29866235e+02  1.46750715e+02  4.29866235e+02 -3.20629682e-01 
 4.64158883e+02  1.46750599e+02  4.64158883e+02 -3.46207693e-01 
 5.01187234e+02  1.46750464e+02  5.01187234e+02 -3.73826124e-01 
 5.41169527e+02  1.46750306e+02  5.41169527e+02 -4.03647729e-01 
 5.84341413e+02  1.46750122e+02  5.84341413e+02 -4.35848246e-01 
 6.30957344e+02  1.46749907e+02  6.30957344e+02 -4.70617423e-01 
 6.81292069e+02  1.46749657e+02  6.81292069e+02 -5.08160139e-01 
 7.35642254e+02  1.46749365e+02  7.35642254e+02 -5.48697606e-01 
 7.94328235e+02  1.46749025e+02  7.94328235e+02 -5.92468675e-01 
 8.57695899e+02  1.46748629e+02  8.57695899e+02 -6.39731232e-01 
 9.26118728e+02  1.46748166e+02  9.26118728e+02 -6.90763720e-01 
 1.00000000e+03  1.46747627e+02  1.00000000e+03 -7.45866770e-01 
 1.07977516e+03  1.46746999e+02  1.07977516e+03 -8.05364966e-01 
 1.16591440e+03  1.46746266e+02  1.16591440e+03 -8.69608748e-01 
 1.25892541e+03  1.46745412e+02  1.25892541e+03 -9.38976464e-01 
 1.35935639e+03  1.46744416e+02  1.35935639e+03 -1.01387659e+00 
 1.46779927e+03  1.46743254e+02  1.46779927e+03 -1.09475010e+00 
 1.58489319e+03  1.46741900e+02  1.58489319e+03 -1.18207307e+00 
 1.71132830e+03  1.46740322e+02  1.71132830e+03 -1.27635942e+00 
 1.84784980e+03  1.46738481e+02  1.84784980e+03 -1.37816393e+00 
 1.99526231e+03  1.46736336e+02  1.99526231e+03 -1.48808543e+00 
 2.15443469e+03  1.46733834e+02  2.15443469e+03 -1.60677032e+00 
 2.32630507e+03  1.46730917e+02  2.32630507e+03 -1.73491622e+00 
 2.51188643e+03  1.46727517e+02  2.51188643e+03 -1.87327606e+00 
 2.71227258e+03  1.46723553e+02  2.71227258e+03 -2.02266235e+00 
 2.92864456e+03  1.46718931e+02  2.92864456e+03 -2.18395183e+00 
 3.16227766e+03  1.46713543e+02  3.16227766e+03 -2.35809040e+00 
 3.41454887e+03  1.46707261e+02  3.41454887e+03 -2.54609850e+00 
 3.68694506e+03  1.46699937e+02  3.68694506e+03 -2.74907679e+00 
 3.98107171e+03  1.46691400e+02  3.98107171e+03 -2.96821222e+00 
 4.29866235e+03  1.46681447e+02  4.29866235e+03 -3.20478454e+00 
 4.64158883e+03  1.46669845e+02  4.64158883e+03 -3.46017323e+00 
 5.01187234e+03  1.46656320e+02  5.01187234e+03 -3.73586484e+00 
 5.41169527e+03  1.46640554e+02  5.41169527e+03 -4.03346074e+00 
 5.84341413e+03  1.46622177e+02  5.84341413e+03 -4.35468532e+00 
 6.30957344e+03  1.46600757e+02  6.30957344e+03 -4.70139462e+00 
 6.81292069e+03  1.46575790e+02  6.81292069e+03 -5.07558525e+00 
 7.35642254e+03  1.46546692e+02  7.35642254e+03 -5.47940371e+00 
 7.94328235e+03  1.46512781e+02  7.94328235e+03 -5.91515595e+00 
 8.57695899e+03  1.46473263e+02  8.57695899e+03 -6.38531702e+00 
 9.26118728e+03  1.46427215e+02  9.26118728e+03 -6.89254080e+00 
 1.00000000e+04  1.46373564e+02  1.00000000e+04 -7.43966949e+00 
 1.07977516e+04  1.46311061e+02  1.07977516e+04 -8.02974264e+00 
 1.16591440e+04  1.46238255e+02  1.16591440e+04 -8.66600544e+00 
 1.25892541e+04  1.46153461e+02  1.25892541e+04 -9.35191576e+00 
 1.35935639e+04  1.46054722e+02  1.35935639e+04 -1.00911494e+01 
 1.46779927e+04  1.45939769e+02  1.46779927e+04 -1.08876031e+01 
 1.58489319e+04  1.45805973e+02  1.58489319e+04 -1.17453934e+01 
 1.71132830e+04  1.45650286e+02  1.71132830e+04 -1.26688524e+01 
 1.84784980e+04  1.45469188e+02  1.84784980e+04 -1.36625162e+01 
 1.99526231e+04  1.45258610e+02  1.99526231e+04 -1.47311063e+01 
 2.15443469e+04  1.45013863e+02  2.15443469e+04 -1.58795022e+01 
 2.32630507e+04  1.44729547e+02  2.32630507e+04 -1.71127001e+01 
 2.51188643e+04  1.44399462e+02  2.51188643e+04 -1.84357578e+01 
 2.71227258e+04  1.44016506e+02  2.71227258e+04 -1.98537201e+01 
 2.92864456e+04  1.43572567e+02  2.92864456e+04 -2.13715214e+01 
 3.16227766e+04  1.43058413e+02  3.16227766e+04 -2.29938607e+01 
 3.41454887e+04  1.42463580e+02  3.41454887e+04 -2.47250434e+01 
 3.68694506e+04  1.41776267e+02  3.68694506e+04 -2.65687848e+01 
 3.98107171e+04  1.40983239e+02  3.98107171e+04 -2.85279687e+01 
 4.29866235e+04  1.40069756e+02  4.29866235e+04 -3.06043573e+01 
 4.64158883e+04  1.39019537e+02  4.64158883e+04 -3.27982458e+01 
 5.01187234e+04  1.37814769e+02  5.01187234e+04 -3.51080616e+01 
 5.41169527e+04  1.36436194e+02  5.41169527e+04 -3.75299073e+01 
 5.84341413e+04  1.34863289e+02  5.84341413e+04 -4.00570556e+01 
 6.30957344e+04  1.33074564e+02  6.30957344e+04 -4.26794076e+01 
 6.81292069e+04  1.31048016e+02  6.81292069e+04 -4.53829388e+01 
 7.35642254e+04  1.28761746e+02  7.35642254e+04 -4.81491664e+01 
 7.94328235e+04  1.26194786e+02  7.94328235e+04 -5.09546876e+01 
 8.57695899e+04  1.23328120e+02  8.57695899e+04 -5.37708494e+01 
 9.26118728e+04  1.20145899e+02  9.26118728e+04 -5.65636260e+01 
 1.00000000e+05  1.16636825e+02  1.00000000e+05 -5.92937843e+01 
 1.07977516e+05  1.12795614e+02  1.07977516e+05 -6.19174196e+01 
 1.16591440e+05  1.08624454e+02  1.16591440e+05 -6.43869271e+01 
 1.25892541e+05  1.04134313e+02  1.25892541e+05 -6.66524432e+01 
 1.35935639e+05  9.93459185e+01  1.35935639e+05 -6.86637464e+01 
 1.46779927e+05  9.42902675e+01  1.46779927e+05 -7.03725386e+01 
 1.58489319e+05  8.90084846e+01  1.58489319e+05 -7.17349638e+01 
 1.71132830e+05  8.35509519e+01  1.71132830e+05 -7.27141530e+01 
 1.84784980e+05  7.79756793e+01  1.84784980e+05 -7.32825466e+01 
 1.99526231e+05  7.23459991e+01  1.99526231e+05 -7.34237341e+01 
 2.15443469e+05  6.67277602e+01  2.15443469e+05 -7.31335917e+01 
 2.32630507e+05  6.11862796e+01  2.32630507e+05 -7.24205726e+01 
 2.51188643e+05  5.57833444e+01  2.51188643e+05 -7.13051133e+01 
 2.71227258e+05  5.05745544e+01  2.71227258e+05 -6.98182327e+01 
 2.92864456e+05  4.56072350e+01  2.92864456e+05 -6.79994970e+01 
 3.16227766e+05  4.09190659e+01  3.16227766e+05 -6.58945908e+01 
 3.41454887e+05  3.65374708e+01  3.41454887e+05 -6.35527545e+01 
 3.68694506e+05  3.24797158e+01  3.68694506e+05 -6.10243267e+01 
 3.98107171e+05  2.87535980e+01  3.98107171e+05 -5.83585819e+01 
 4.29866235e+05  2.53585623e+01  4.29866235e+05 -5.56019834e+01 
 4.64158883e+05  2.22870756e+01  4.64158883e+05 -5.27969059e+01 
 5.01187234e+05  1.95261011e+01  5.01187234e+05 -4.99808205e+01 
 5.41169527e+05  1.70585460e+01  5.41169527e+05 -4.71858961e+01 
 5.84341413e+05  1.48645891e+01  5.84341413e+05 -4.44389426e+01 
 6.30957344e+05  1.29228353e+01  6.30957344e+05 -4.17616147e+01 
 6.81292069e+05  1.12112678e+01  6.81292069e+05 -3.91707951e+01 
 7.35642254e+05  9.70799896e+00  7.35642254e+05 -3.66790875e+01 
 7.94328235e+05  8.39183120e+00  7.94328235e+05 -3.42953613e+01 
 8.57695899e+05  7.24265173e+00  8.57695899e+05 -3.20253045e+01 
 9.26118728e+05  6.24168814e+00  9.26118728e+05 -2.98719546e+01 
 1.00000000e+06  5.37165197e+00  1.00000000e+06 -2.78361889e+01 
 1.07977516e+06  4.61679612e+00  1.07977516e+06 -2.59171618e+01 
 1.16591440e+06  3.96290833e+00  1.16591440e+06 -2.41126863e+01 
 1.25892541e+06  3.39725961e+00  1.25892541e+06 -2.24195604e+01 
 1.35935639e+06  2.90852279e+00  1.35935639e+06 -2.08338392e+01 
 1.46779927e+06  2.48667286e+00  1.46779927e+06 -1.93510606e+01 
 1.58489319e+06  2.12287808e+00  1.58489319e+06 -1.79664276e+01 
 1.71132830e+06  1.80938834e+00  1.71132830e+06 -1.66749546e+01 
 1.84784980e+06  1.53942529e+00  1.84784980e+06 -1.54715819e+01 
 1.99526231e+06  1.30707723e+00  1.99526231e+06 -1.43512652e+01 
 2.15443469e+06  1.10720078e+00  2.15443469e+06 -1.33090426e+01 
 2.32630507e+06  9.35330195e-01  2.32630507e+06 -1.23400849e+01 
 2.51188643e+06  7.87594960e-01  2.51188643e+06 -1.14397313e+01 
 2.71227258e+06  6.60645459e-01  2.71227258e+06 -1.06035139e+01 
 2.92864456e+06  5.51586626e-01  2.92864456e+06 -9.82717367e+00 
 3.16227766e+06  4.57919012e-01  3.16227766e+06 -9.10666879e+00 
 3.41454887e+06  3.77486768e-01  3.41454887e+06 -8.43817832e+00 
 3.68694506e+06  3.08431915e-01  3.68694506e+06 -7.81810136e+00 
 3.98107171e+06  2.49154311e-01  3.98107171e+06 -7.24305329e+00 
 4.29866235e+06  1.98276693e-01  4.29866235e+06 -6.70985983e+00 
 4.64158883e+06  1.54614256e-01  4.64158883e+06 -6.21554949e+00 
 5.01187234e+06  1.17148220e-01  5.01187234e+06 -5.75734502e+00 
 5.41169527e+06  8.50029106e-02  5.41169527e+06 -5.33265411e+00 
 5.84341413e+06  5.74259293e-02  5.84341413e+06 -4.93905983e+00 
 6.30957344e+06  3.37710043e-02  6.30957344e+06 -4.57431089e+00 
 6.81292069e+06  1.34831885e-02  6.81292069e+06 -4.23631200e+00 
 7.35642254e+06 -3.91390717e-03  7.35642254e+06 -3.92311438e+00 
 7.94328235e+06 -1.88291145e-02  7.94328235e+06 -3.63290656e+00 
 8.57695899e+06 -3.16131789e-02  8.57695899e+06 -3.36400556e+00 
 9.26118728e+06 -4.25669077e-02  9.26118728e+06 -3.11484836e+00 
 1.00000000e+07 -5.19481747e-02  1.00000000e+07 -2.88398392e+00 
 1.07977516e+07 -5.99779378e-02  1.07977516e+07 -2.67006551e+00 
 1.16591440e+07 -6.68454050e-02  1.16591440e+07 -2.47184350e+00 
 1.25892541e+07 -7.27124660e-02  1.25892541e+07 -2.28815865e+00 
 1.35935639e+07 -7.77174902e-02  1.35935639e+07 -2.11793567e+00 
 1.46779927e+07 -8.19785785e-02  1.46779927e+07 -1.96017736e+00 
 1.58489319e+07 -8.55963456e-02  1.58489319e+07 -1.81395897e+00 
 1.71132830e+07 -8.86562954e-02  1.71132830e+07 -1.67842310e+00 
 1.84784980e+07 -9.12308474e-02  1.84784980e+07 -1.55277481e+00 
 1.99526231e+07 -9.33810619e-02  1.99526231e+07 -1.43627714e+00 
 2.15443469e+07 -9.51581059e-02  2.15443469e+07 -1.32824702e+00 
 2.32630507e+07 -9.66044961e-02  2.32630507e+07 -1.22805132e+00 
 2.51188643e+07 -9.77551513e-02  2.51188643e+07 -1.13510337e+00 
 2.71227258e+07 -9.86382831e-02  2.71227258e+07 -1.04885965e+00 
 2.92864456e+07 -9.92761499e-02  2.92864456e+07 -9.68816798e-01 
 3.16227766e+07 -9.96856989e-02  3.16227766e+07 -8.94508825e-01 
 3.41454887e+07 -9.98791195e-02  3.41454887e+07 -8.25504634e-01 
 3.68694506e+07 -9.98643291e-02  3.68694506e+07 -7.61405733e-01 
 3.98107171e+07 -9.96454165e-02  3.98107171e+07 -7.01844176e-01 
 4.29866235e+07 -9.92230651e-02  4.29866235e+07 -6.46480718e-01 
 4.64158883e+07 -9.85949815e-02  4.64158883e+07 -5.95003166e-01 
 5.01187234e+07 -9.77563556e-02  5.01187234e+07 -5.47124901e-01 
 5.41169527e+07 -9.67003786e-02  5.41169527e+07 -5.02583561e-01 
 5.84341413e+07 -9.54188431e-02  5.84341413e+07 -4.61139836e-01 
 6.30957344e+07 -9.39028492e-02  6.30957344e+07 -4.22576355e-01 
 6.81292069e+07 -9.21436290e-02  6.81292069e+07 -3.86696602e-01 
 7.35642254e+07 -9.01334949e-02  7.35642254e+07 -3.53323809e-01 
 7.94328235e+07 -8.78668962e-02  7.94328235e+07 -3.22299764e-01 
 8.57695899e+07 -8.53415507e-02  8.57695899e+07 -2.93483459e-01 
 9.26118728e+07 -8.25595878e-02  9.26118728e+07 -2.66749530e-01 
 1.00000000e+08 -7.95286186e-02  1.00000000e+08 -2.41986434e-01 
 1.07977516e+08 -7.62626210e-02  1.07977516e+08 -2.19094366e-01 
 1.16591440e+08 -7.27825196e-02  1.16591440e+08 -1.97982925e-01 
 1.25892541e+08 -6.91163455e-02  1.25892541e+08 -1.78568623e-01 
 1.35935639e+08 -6.52988855e-02  1.35935639e+08 -1.60772363e-01 
 1.46779927e+08 -6.13707800e-02  1.46779927e+08 -1.44517036e-01 
 1.58489319e+08 -5.73770978e-02  1.58489319e+08 -1.29725441e-01 
 1.71132830e+08 -5.33654828e-02  1.71132830e+08 -1.16318683e-01 
 1.84784980e+08 -4.93840366e-02  1.84784980e+08 -1.04215186e-01 
 1.99526231e+08 -4.54791421e-02  1.99526231e+08 -9.33303763e-02 
 2.15443469e+08 -4.16934394e-02  2.15443469e+08 -8.35770092e-02 
 2.32630507e+08 -3.80641443e-02  2.32630507e+08 -7.48660524e-02 
 2.51188643e+08 -3.46218415e-02  2.51188643e+08 -6.71079556e-02 
 2.71227258e+08 -3.13898180e-02  2.71227258e+08 -6.02141273e-02 
 2.92864456e+08 -2.83839272e-02  2.92864456e+08 -5.40984328e-02 
 3.16227766e+08 -2.56129176e-02  3.16227766e+08 -4.86785581e-02 
 3.41454887e+08 -2.30791221e-02  3.41454887e+08 -4.38771292e-02 
 3.68694506e+08 -2.07793836e-02  3.68694506e+08 -3.96225254e-02 
 3.98107171e+08 -1.87060997e-02  3.98107171e+08 -3.58493727e-02 
 4.29866235e+08 -1.68482839e-02  4.29866235e+08 -3.24987379e-02 
 4.64158883e+08 -1.51925667e-02  4.64158883e+08 -2.95180688e-02 
 5.01187234e+08 -1.37240858e-02  5.01187234e+08 -2.68609360e-02 
 5.41169527e+08 -1.24272369e-02  5.41169527e+08 -2.44866349e-02 
 5.84341413e+08 -1.12862778e-02  5.84341413e+08 -2.23597005e-02 
 6.30957344e+08 -1.02857915e-02  6.30957344e+08 -2.04493804e-02 
 6.81292069e+08 -9.41102127e-03  6.81292069e+08 -1.87290995e-02 
 7.35642254e+08 -8.64809735e-03  7.35642254e+08 -1.71759424e-02 
 7.94328235e+08 -7.98417402e-03  7.94328235e+08 -1.57701700e-02 
 8.57695899e+08 -7.40749714e-03  8.57695899e+08 -1.44947782e-02 
 9.26118728e+08 -6.90741858e-03  9.26118728e+08 -1.33351052e-02 
 1.00000000e+09 -6.47437265e-03  1.00000000e+09 -1.22784859e-02 
 1.07977516e+09 -6.09982613e-03  1.07977516e+09 -1.13139531e-02 
 1.16591440e+09 -5.77621179e-03  1.16591440e+09 -1.04319801e-02 
 1.25892541e+09 -5.49685232e-03  1.25892541e+09 -9.62426243e-03 
 1.35935639e+09 -5.25588041e-03  1.35935639e+09 -8.88353317e-03 
 1.46779927e+09 -5.04815856e-03  1.46779927e+09 -8.20340708e-03 
 1.58489319e+09 -4.86920164e-03  1.58489319e+09 -7.57825035e-03 
 1.71132830e+09 -4.71510363e-03  1.71132830e+09 -7.00307150e-03 
 1.84784980e+09 -4.58246989e-03  1.84784980e+09 -6.47343009e-03 
 1.99526231e+09 -4.46835519e-03  1.99526231e+09 -5.98536061e-03 
 2.15443469e+09 -4.37020789e-03  2.15443469e+09 -5.53530862e-03 
 2.32630507e+09 -4.28582000e-03  2.32630507e+09 -5.12007727e-03 
 2.51188643e+09 -4.21328277e-03  2.51188643e+09 -4.73678225e-03 
 2.71227258e+09 -4.15094762e-03  2.71227258e+09 -4.38281376e-03 
 2.92864456e+09 -4.09739172e-03  2.92864456e+09 -4.05580414e-03 
 3.16227766e+09 -4.05138793e-03  3.16227766e+09 -3.75360040e-03 
 3.41454887e+09 -4.01187845e-03  3.41454887e+09 -3.47424048e-03 
 3.68694506e+09 -3.97795199e-03  3.68694506e+09 -3.21593298e-03 
 3.98107171e+09 -3.94882383e-03  3.98107171e+09 -2.97703944e-03 
 4.29866235e+09 -3.92381856e-03  4.29866235e+09 -2.75605903e-03 
 4.64158883e+09 -3.90235505e-03  4.64158883e+09 -2.55161511e-03 
 5.01187234e+09 -3.88393348e-03  5.01187234e+09 -2.36244338e-03 
 5.41169527e+09 -3.86812415e-03  5.41169527e+09 -2.18738153e-03 
 5.84341413e+09 -3.85455767e-03  5.84341413e+09 -2.02535996e-03 
 6.30957344e+09 -3.84291665e-03  6.30957344e+09 -1.87539357e-03 
 6.81292069e+09 -3.83292840e-03  6.81292069e+09 -1.73657444e-03 
 7.35642254e+09 -3.82435870e-03  7.35642254e+09 -1.60806520e-03 
 7.94328235e+09 -3.81700643e-03  7.94328235e+09 -1.48909318e-03 
 8.57695899e+09 -3.81069887e-03  8.57695899e+09 -1.37894500e-03 
 9.26118728e+09 -3.80528777e-03  9.26118728e+09 -1.27696180e-03 
 1.00000000e+10 -3.80064585e-03  1.00000000e+10 -1.18253478e-03 
