 1.00000000e+00  2.81299675e+02  1.00000000e+00 -3.40738871e-03 
 1.07977516e+00  2.81299675e+02  1.07977516e+00 -3.67921370e-03 
 1.16591440e+00  2.81299675e+02  1.16591440e+00 -3.97272357e-03 
 1.25892541e+00  2.81299675e+02  1.25892541e+00 -4.28964824e-03 
 1.35935639e+00  2.81299675e+02  1.35935639e+00 -4.63185562e-03 
 1.46779927e+00  2.81299675e+02  1.46779927e+00 -5.00136266e-03 
 1.58489319e+00  2.81299675e+02  1.58489319e+00 -5.40034717e-03 
 1.71132830e+00  2.81299675e+02  1.71132830e+00 -5.83116074e-03 
 1.84784980e+00  2.81299675e+02  1.84784980e+00 -6.29634254e-03 
 1.99526231e+00  2.81299675e+02  1.99526231e+00 -6.79863429e-03 
 2.15443469e+00  2.81299675e+02  2.15443469e+00 -7.34099644e-03 
 2.32630507e+00  2.81299675e+02  2.32630507e+00 -7.92662562e-03 
 2.51188643e+00  2.81299675e+02  2.51188643e+00 -8.55897347e-03 
 2.71227258e+00  2.81299675e+02  2.71227258e+00 -9.24176696e-03 
 2.92864456e+00  2.81299675e+02  2.92864456e+00 -9.97903042e-03 
 3.16227766e+00  2.81299675e+02  3.16227766e+00 -1.07751092e-02 
 3.41454887e+00  2.81299675e+02  3.41454887e+00 -1.16346953e-02 
 3.68694506e+00  2.81299675e+02  3.68694506e+00 -1.25628550e-02 
 3.98107171e+00  2.81299674e+02  3.98107171e+00 -1.35650588e-02 
 4.29866235e+00  2.81299674e+02  4.29866235e+00 -1.46472135e-02 
 4.64158883e+00  2.81299674e+02  4.64158883e+00 -1.58156974e-02 
 5.01187234e+00  2.81299674e+02  5.01187234e+00 -1.70773972e-02 
 5.41169527e+00  2.81299674e+02  5.41169527e+00 -1.84397493e-02 
 5.84341413e+00  2.81299674e+02  5.84341413e+00 -1.99107833e-02 
 6.30957344e+00  2.81299673e+02  6.30957344e+00 -2.14991692e-02 
 6.81292069e+00  2.81299673e+02  6.81292069e+00 -2.32142689e-02 
 7.35642254e+00  2.81299673e+02  7.35642254e+00 -2.50661909e-02 
 7.94328235e+00  2.81299673e+02  7.94328235e+00 -2.70658504e-02 
 8.57695899e+00  2.81299672e+02  8.57695899e+00 -2.92250329e-02 
 9.26118728e+00  2.81299672e+02  9.26118728e+00 -3.15564646e-02 
 1.00000000e+01  2.81299671e+02  1.00000000e+01 -3.40738866e-02 
 1.07977516e+01  2.81299670e+02  1.07977516e+01 -3.67921364e-02 
 1.16591440e+01  2.81299670e+02  1.16591440e+01 -3.97272349e-02 
 1.25892541e+01  2.81299669e+02  1.25892541e+01 -4.28964814e-02 
 1.35935639e+01  2.81299668e+02  1.35935639e+01 -4.63185550e-02 
 1.46779927e+01  2.81299666e+02  1.46779927e+01 -5.00136250e-02 
 1.58489319e+01  2.81299665e+02  1.58489319e+01 -5.40034698e-02 
 1.71132830e+01  2.81299663e+02  1.71132830e+01 -5.83116050e-02 
 1.84784980e+01  2.81299661e+02  1.84784980e+01 -6.29634223e-02 
 1.99526231e+01  2.81299659e+02  1.99526231e+01 -6.79863389e-02 
 2.15443469e+01  2.81299656e+02  2.15443469e+01 -7.34099595e-02 
 2.32630507e+01  2.81299653e+02  2.32630507e+01 -7.92662500e-02 
 2.51188643e+01  2.81299649e+02  2.51188643e+01 -8.55897268e-02 
 2.71227258e+01  2.81299645e+02  2.71227258e+01 -9.24176598e-02 
 2.92864456e+01  2.81299640e+02  2.92864456e+01 -9.97902918e-02 
 3.16227766e+01  2.81299634e+02  3.16227766e+01 -1.07751076e-01 
 3.41454887e+01  2.81299627e+02  3.41454887e+01 -1.16346933e-01 
 3.68694506e+01  2.81299619e+02  3.68694506e+01 -1.25628525e-01 
 3.98107171e+01  2.81299610e+02  3.98107171e+01 -1.35650556e-01 
 4.29866235e+01  2.81299599e+02  4.29866235e+01 -1.46472096e-01 
 4.64158883e+01  2.81299586e+02  4.64158883e+01 -1.58156924e-01 
 5.01187234e+01  2.81299572e+02  5.01187234e+01 -1.70773909e-01 
 5.41169527e+01  2.81299554e+02  5.41169527e+01 -1.84397414e-01 
 5.84341413e+01  2.81299534e+02  5.84341413e+01 -1.99107734e-01 
 6.30957344e+01  2.81299511e+02  6.30957344e+01 -2.14991568e-01 
 6.81292069e+01  2.81299484e+02  6.81292069e+01 -2.32142533e-01 
 7.35642254e+01  2.81299452e+02  7.35642254e+01 -2.50661713e-01 
 7.94328235e+01  2.81299415e+02  7.94328235e+01 -2.70658256e-01 
 8.57695899e+01  2.81299372e+02  8.57695899e+01 -2.92250017e-01 
 9.26118728e+01  2.81299321e+02  9.26118728e+01 -3.15564253e-01 
 1.00000000e+02  2.81299263e+02  1.00000000e+02 -3.40738372e-01 
 1.07977516e+02  2.81299194e+02  1.07977516e+02 -3.67920741e-01 
 1.16591440e+02  2.81299114e+02  1.16591440e+02 -3.97271565e-01 
 1.25892541e+02  2.81299021e+02  1.25892541e+02 -4.28963827e-01 
 1.35935639e+02  2.81298913e+02  1.35935639e+02 -4.63184308e-01 
 1.46779927e+02  2.81298786e+02  1.46779927e+02 -5.00134686e-01 
 1.58489319e+02  2.81298639e+02  1.58489319e+02 -5.40032729e-01 
 1.71132830e+02  2.81298467e+02  1.71132830e+02 -5.83113571e-01 
 1.84784980e+02  2.81298266e+02  1.84784980e+02 -6.29631102e-01 
 1.99526231e+02  2.81298033e+02  1.99526231e+02 -6.79859461e-01 
 2.15443469e+02  2.81297760e+02  2.15443469e+02 -7.34094649e-01 
 2.32630507e+02  2.81297442e+02  2.32630507e+02 -7.92656274e-01 
 2.51188643e+02  2.81297072e+02  2.51188643e+02 -8.55889430e-01 
 2.71227258e+02  2.81296640e+02  2.71227258e+02 -9.24166730e-01 
 2.92864456e+02  2.81296137e+02  2.92864456e+02 -9.97890496e-01 
 3.16227766e+02  2.81295550e+02  3.16227766e+02 -1.07749512e+00 
 3.41454887e+02  2.81294865e+02  3.41454887e+02 -1.16344964e+00 
 3.68694506e+02  2.81294067e+02  3.68694506e+02 -1.25626046e+00 
 3.98107171e+02  2.81293137e+02  3.98107171e+02 -1.35647436e+00 
 4.29866235e+02  2.81292052e+02  4.29866235e+02 -1.46468168e+00 
 4.64158883e+02  2.81290787e+02  4.64158883e+02 -1.58151979e+00 
 5.01187234e+02  2.81289312e+02  5.01187234e+02 -1.70767684e+00 
 5.41169527e+02  2.81287593e+02  5.41169527e+02 -1.84389577e+00 
 5.84341413e+02  2.81285588e+02  5.84341413e+02 -1.99097867e+00 
 6.30957344e+02  2.81283251e+02  6.30957344e+02 -2.14979146e+00 
 6.81292069e+02  2.81280527e+02  6.81292069e+02 -2.32126895e+00 
 7.35642254e+02  2.81277350e+02  7.35642254e+02 -2.50642026e+00 
 7.94328235e+02  2.81273646e+02  7.94328235e+02 -2.70633472e+00 
 8.57695899e+02  2.81269328e+02  8.57695899e+02 -2.92218817e+00 
 9.26118728e+02  2.81264294e+02  9.26118728e+02 -3.15524975e+00 
 1.00000000e+03  2.81258424e+02  1.00000000e+03 -3.40688924e+00 
 1.07977516e+03  2.81251581e+02  1.07977516e+03 -3.67858492e+00 
 1.16591440e+03  2.81243603e+02  1.16591440e+03 -3.97193201e+00 
 1.25892541e+03  2.81234302e+02  1.25892541e+03 -4.28865175e+00 
 1.35935639e+03  2.81223459e+02  1.35935639e+03 -4.63060117e+00 
 1.46779927e+03  2.81210818e+02  1.46779927e+03 -4.99978346e+00 
 1.58489319e+03  2.81196081e+02  1.58489319e+03 -5.39835919e+00 
 1.71132830e+03  2.81178900e+02  1.71132830e+03 -5.82865818e+00 
 1.84784980e+03  2.81158872e+02  1.84784980e+03 -6.29319222e+00 
 1.99526231e+03  2.81135524e+02  1.99526231e+03 -6.79466860e+00 
 2.15443469e+03  2.81108308e+02  2.15443469e+03 -7.33600442e+00 
 2.32630507e+03  2.81076582e+02  2.32630507e+03 -7.92034175e+00 
 2.51188643e+03  2.81039602e+02  2.51188643e+03 -8.55106358e+00 
 2.71227258e+03  2.80996499e+02  2.71227258e+03 -9.23181053e+00 
 2.92864456e+03  2.80946260e+02  2.92864456e+03 -9.96649826e+00 
 3.16227766e+03  2.80887710e+02  3.16227766e+03 -1.07593354e+01 
 3.41454887e+03  2.80819475e+02  3.41454887e+03 -1.16148421e+01 
 3.68694506e+03  2.80739962e+02  3.68694506e+03 -1.25378684e+01 
 3.98107171e+03  2.80647313e+02  3.98107171e+03 -1.35336129e+01 
 4.29866235e+03  2.80539369e+02  4.29866235e+03 -1.46076407e+01 
 4.64158883e+03  2.80413620e+02  4.64158883e+03 -1.57659005e+01 
 5.01187234e+03  2.80267150e+02  5.01187234e+03 -1.70147393e+01 
 5.41169527e+03  2.80096572e+02  5.41169527e+03 -1.83609157e+01 
 5.84341413e+03  2.79897954e+02  5.84341413e+03 -1.98116081e+01 
 6.30957344e+03  2.79666738e+02  6.30957344e+03 -2.13744181e+01 
 6.81292069e+03  2.79397641e+02  6.81292069e+03 -2.30573676e+01 
 7.35642254e+03  2.79084550e+02  7.35642254e+03 -2.48688852e+01 
 7.94328235e+03  2.78720397e+02  7.94328235e+03 -2.68177811e+01 
 8.57695899e+03  2.78297024e+02  8.57695899e+03 -2.89132065e+01 
 9.26118728e+03  2.77805027e+02  9.26118728e+03 -3.11645921e+01 
 1.00000000e+04  2.77233593e+02  1.00000000e+04 -3.35815627e+01 
 1.07977516e+04  2.76570308e+02  1.07977516e+04 -3.61738196e+01 
 1.16591440e+04  2.75800971e+02  1.16591440e+04 -3.89509846e+01 
 1.25892541e+04  2.74909373e+02  1.25892541e+04 -4.19223980e+01 
 1.35935639e+04  2.73877095e+02  1.35935639e+04 -4.50968594e+01 
 1.46779927e+04  2.72683288e+02  1.46779927e+04 -4.84823027e+01 
 1.58489319e+04  2.71304481e+02  1.58489319e+04 -5.20853931e+01 
 1.71132830e+04  2.69714405e+02  1.71132830e+04 -5.59110358e+01 
 1.84784980e+04  2.67883877e+02  1.84784980e+04 -5.99617870e+01 
 1.99526231e+04  2.65780751e+02  1.99526231e+04 -6.42371586e+01 
 2.15443469e+04  2.63369986e+02  2.15443469e+04 -6.87328148e+01 
 2.32630507e+04  2.60613860e+02  2.32630507e+04 -7.34396658e+01 
 2.51188643e+04  2.57472378e+02  2.51188643e+04 -7.83428731e+01 
 2.71227258e+04  2.53903939e+02  2.71227258e+04 -8.34207989e+01 
 2.92864456e+04  2.49866297e+02  2.92864456e+04 -8.86439485e+01 
 3.16227766e+04  2.45317871e+02  3.16227766e+04 -9.39739825e+01 
 3.41454887e+04  2.40219444e+02  3.41454887e+04 -9.93628976e+01 
 3.68694506e+04  2.34536242e+02  3.68694506e+04 -1.04752505e+02 
 3.98107171e+04  2.28240384e+02  3.98107171e+04 -1.10074352e+02 
 4.29866235e+04  2.21313587e+02  4.29866235e+04 -1.15250255e+02 
 4.64158883e+04  2.13750005e+02  4.64158883e+04 -1.20193576e+02 
 5.01187234e+04  2.05558950e+02  5.01187234e+04 -1.24811367e+02 
 5.41169527e+04  1.96767241e+02  5.41169527e+04 -1.29007427e+02 
 5.84341413e+04  1.87420830e+02  5.84341413e+04 -1.32686195e+02 
 6.30957344e+04  1.77585399e+02  6.30957344e+04 -1.35757303e+02 
 6.81292069e+04  1.67345667e+02  6.81292069e+04 -1.38140468e+02 
 7.35642254e+04  1.56803247e+02  7.35642254e+04 -1.39770289e+02 
 7.94328235e+04  1.46073090e+02  7.94328235e+04 -1.40600449e+02 
 8.57695899e+04  1.35278708e+02  8.57695899e+04 -1.40606855e+02 
 9.26118728e+04  1.24546599e+02  9.26118728e+04 -1.39789321e+02 
 1.00000000e+05  1.14000367e+02  1.00000000e+05 -1.38171577e+02 
 1.07977516e+05  1.03755132e+02  1.07977516e+05 -1.35799616e+02 
 1.16591440e+05  9.39127455e+01  1.16591440e+05 -1.32738573e+02 
 1.25892541e+05  8.45582080e+01  1.25892541e+05 -1.29068538e+02 
 1.35935639e+05  7.57575064e+01  1.35935639e+05 -1.24879757e+02 
 1.46779927e+05  6.75568961e+01  1.46779927e+05 -1.20267750e+02 
 1.58489319e+05  5.99834809e+01  1.58489319e+05 -1.15328738e+02 
 1.71132830e+05  5.30468299e+01  1.71132830e+05 -1.10155745e+02 
 1.84784980e+05  4.67413098e+01  1.84784980e+05 -1.04835525e+02 
 1.99526231e+05  4.10488103e+01  1.99526231e+05 -9.94464055e+01 
 2.15443469e+05  3.59415756e+01  2.15443469e+05 -9.40569948e+01 
 2.32630507e+05  3.13849213e+01  2.32630507e+05 -8.87256416e+01 
 2.51188643e+05  2.73396811e+01  2.51188643e+05 -8.35005037e+01 
 2.71227258e+05  2.37642974e+01  2.71227258e+05 -7.84200646e+01 
 2.92864456e+05  2.06165227e+01  2.92864456e+05 -7.35139486e+01 
 3.16227766e+05  1.78547373e+01  3.16227766e+05 -6.88039071e+01 
 3.41454887e+05  1.54389175e+01  3.41454887e+05 -6.43048756e+01 
 3.68694506e+05  1.33313012e+01  3.68694506e+05 -6.00260253e+01 
 3.98107171e+05  1.14968034e+01  3.98107171e+05 -5.59717580e+01 
 4.29866235e+05  9.90323342e+00  4.29866235e+05 -5.21426150e+01 
 4.64158883e+05  8.52136171e+00  4.64158883e+05 -4.85360817e+01 
 5.01187234e+05  7.32487603e+00  5.01187234e+05 -4.51472840e+01 
 5.41169527e+05  6.29026159e+00  5.41169527e+05 -4.19695801e+01 
 5.84341413e+05  5.39663166e+00  5.84341413e+05 -3.89950521e+01 
 6.30957344e+05  4.62552933e+00  6.30957344e+05 -3.62149110e+01 
 6.81292069e+05  3.96071608e+00  6.81292069e+05 -3.36198227e+01 
 7.35642254e+05  3.38795804e+00  7.35642254e+05 -3.12001675e+01 
 7.94328235e+05  2.89481792e+00  7.94328235e+05 -2.89462439e+01 
 8.57695899e+05  2.47045744e+00  8.57695899e+05 -2.68484249e+01 
 9.26118728e+05  2.10545340e+00  9.26118728e+05 -2.48972755e+01 
 1.00000000e+06  1.79162899e+00  1.00000000e+06 -2.30836393e+01 
 1.07977516e+06  1.52190073e+00  1.07977516e+06 -2.13987003e+01 
 1.16591440e+06  1.29014113e+00  1.16591440e+06 -1.98340232e+01 
 1.25892541e+06  1.09105611e+00  1.25892541e+06 -1.83815795e+01 
 1.35935639e+06  9.20076426e-01  1.35935639e+06 -1.70337605e+01 
 1.46779927e+06  7.73262006e-01  1.46779927e+06 -1.57833806e+01 
 1.58489319e+06  6.47217882e-01  1.58489319e+06 -1.46236746e+01 
 1.71132830e+06  5.39020721e-01  1.71132830e+06 -1.35482883e+01 
 1.84784980e+06  4.46154721e-01  1.84784980e+06 -1.25512667e+01 
 1.99526231e+06  3.66455846e-01  1.99526231e+06 -1.16270380e+01 
 2.15443469e+06  2.98063416e-01  2.15443469e+06 -1.07703975e+01 
 2.32630507e+06  2.39378155e-01  2.32630507e+06 -9.97648910e+00 
 2.51188643e+06  1.89025894e-01  2.51188643e+06 -9.24078692e+00 
 2.71227258e+06  1.45826198e-01  2.71227258e+06 -8.55907678e+00 
 2.92864456e+06  1.08765289e-01  2.92864456e+06 -7.92743770e+00 
 3.16227766e+06  7.69726982e-02  3.16227766e+06 -7.34222393e+00 
 3.41454887e+06  4.97011417e-02  3.41454887e+06 -6.80004755e+00 
 3.68694506e+06  2.63091934e-02  3.68694506e+06 -6.29776172e+00 
 3.98107171e+06  6.24637503e-03  3.98107171e+06 -5.83244473e+00 
 4.29866235e+06 -1.09596694e-02  4.29866235e+06 -5.40138483e+00 
 4.64158883e+06 -2.57141995e-02  4.64158883e+06 -5.00206583e+00 
 5.01187234e+06 -3.83648545e-02  5.01187234e+06 -4.63215366e+00 
 5.41169527e+06 -4.92097920e-02  5.41169527e+06 -4.28948356e+00 
 5.84341413e+06 -5.85046782e-02  5.84341413e+06 -3.97204818e+00 
 6.30957344e+06 -6.64686871e-02  6.30957344e+06 -3.67798642e+00 
 6.81292069e+06 -7.32896490e-02  6.81292069e+06 -3.40557294e+00 
 7.35642254e+06 -7.91284658e-02  7.35642254e+06 -3.15320844e+00 
 7.94328235e+06 -8.41228964e-02  7.94328235e+06 -2.91941056e+00 
 8.57695899e+06 -8.83907999e-02  8.57695899e+06 -2.70280539e+00 
 9.26118728e+06 -9.20329124e-02  9.26118728e+06 -2.50211963e+00 
 1.00000000e+07 -9.51352229e-02  1.00000000e+07 -2.31617323e+00 
 1.07977516e+07 -9.77710028e-02  1.07977516e+07 -2.14387259e+00 
 1.16591440e+07 -1.00002538e-01  1.16591440e+07 -1.98420425e+00 
 1.25892541e+07 -1.01882605e-01  1.25892541e+07 -1.83622901e+00 
 1.35935639e+07 -1.03455724e-01  1.35935639e+07 -1.69907648e+00 
 1.46779927e+07 -1.04759223e-01  1.46779927e+07 -1.57194009e+00 
 1.58489319e+07 -1.05824137e-01  1.58489319e+07 -1.45407237e+00 
 1.71132830e+07 -1.06675960e-01  1.71132830e+07 -1.34478067e+00 
 1.84784980e+07 -1.07335283e-01  1.84784980e+07 -1.24342317e+00 
 1.99526231e+07 -1.07818319e-01  1.99526231e+07 -1.14940520e+00 
 2.15443469e+07 -1.08137342e-01  2.15443469e+07 -1.06217589e+00 
 2.32630507e+07 -1.08301053e-01  2.32630507e+07 -9.81225009e-01 
 2.51188643e+07 -1.08314884e-01  2.51188643e+07 -9.06080199e-01 
 2.71227258e+07 -1.08181252e-01  2.71227258e+07 -8.36304333e-01 
 2.92864456e+07 -1.07899787e-01  2.92864456e+07 -7.71493185e-01 
 3.16227766e+07 -1.07467542e-01  3.16227766e+07 -7.11273303e-01 
 3.41454887e+07 -1.06879199e-01  3.41454887e+07 -6.55300105e-01 
 3.68694506e+07 -1.06127303e-01  3.68694506e+07 -6.03256168e-01 
 3.98107171e+07 -1.05202534e-01  3.98107171e+07 -5.54849711e-01 
 4.29866235e+07 -1.04094038e-01  4.29866235e+07 -5.09813242e-01 
 4.64158883e+07 -1.02789853e-01  4.64158883e+07 -4.67902348e-01 
 5.01187234e+07 -1.01277440e-01  5.01187234e+07 -4.28894590e-01 
 5.41169527e+07 -9.95443407e-02  5.41169527e+07 -3.92588462e-01 
 5.84341413e+07 -9.75789727e-02  5.84341413e+07 -3.58802371e-01 
 6.30957344e+07 -9.53715597e-02  6.30957344e+07 -3.27373558e-01 
 6.81292069e+07 -9.29151740e-02  6.81292069e+07 -2.98156912e-01 
 7.35642254e+07 -9.02068470e-02  7.35642254e+07 -2.71023608e-01 
 7.94328235e+07 -8.72486774e-02  7.94328235e+07 -2.45859496e-01 
 8.57695899e+07 -8.40488402e-02  8.57695899e+07 -2.22563230e-01 
 9.26118728e+07 -8.06223784e-02  9.26118728e+07 -2.01044119e-01 
 1.00000000e+08 -7.69916541e-02  1.00000000e+08 -1.81219744e-01 
 1.07977516e+08 -7.31863456e-02  1.07977516e+08 -1.63013444e-01 
 1.16591440e+08 -6.92429123e-02  1.16591440e+08 -1.46351806e-01 
 1.25892541e+08 -6.52035014e-02  1.25892541e+08 -1.31162337e-01 
 1.35935639e+08 -6.11143466e-02  1.35935639e+08 -1.17371503e-01 
 1.46779927e+08 -5.70237752e-02  1.46779927e+08 -1.04903305e-01 
 1.58489319e+08 -5.29800058e-02  1.58489319e+08 -9.36784921e-02 
 1.71132830e+08 -4.90289494e-02  1.71132830e+08 -8.36144650e-02 
 1.84784980e+08 -4.52122268e-02  1.84784980e+08 -7.46258071e-02 
 1.99526231e+08 -4.15655803e-02  1.99526231e+08 -6.66253355e-02 
 2.15443469e+08 -3.81177960e-02  2.15443469e+08 -5.95254942e-02 
 2.32630507e+08 -3.48901796e-02  2.32630507e+08 -5.32398992e-02 
 2.51188643e+08 -3.18965594e-02  2.51188643e+08 -4.76848545e-02 
 2.71227258e+08 -2.91437348e-02  2.71227258e+08 -4.27806935e-02 
 2.92864456e+08 -2.66322551e-02  2.92864456e+08 -3.84528465e-02 
 3.16227766e+08 -2.43574055e-02  3.16227766e+08 -3.46325883e-02 
 3.41454887e+08 -2.23102807e-02  3.41454887e+08 -3.12574618e-02 
 3.68694506e+08 -2.04788518e-02  3.68694506e+08 -2.82714078e-02 
 3.98107171e+08 -1.88489539e-02  3.98107171e+08 -2.56246510e-02 
 4.29866235e+08 -1.74051509e-02  4.29866235e+08 -2.32734007e-02 
 4.64158883e+08 -1.61314544e-02  4.64158883e+08 -2.11794250e-02 
 5.01187234e+08 -1.50118941e-02  5.01187234e+08 -1.93095489e-02 
 5.41169527e+08 -1.40309482e-02  5.41169527e+08 -1.76351211e-02 
 5.84341413e+08 -1.31738481e-02  5.84341413e+08 -1.61314806e-02 
 6.30957344e+08 -1.24267791e-02  6.30957344e+08 -1.47774452e-02 
 6.81292069e+08 -1.17769956e-02  6.81292069e+08 -1.35548392e-02 
 7.35642254e+08 -1.12128713e-02  7.35642254e+08 -1.24480653e-02 
 7.94328235e+08 -1.07238992e-02  7.94328235e+08 -1.14437254e-02 
 8.57695899e+08 -1.03006583e-02  8.57695899e+08 -1.05302905e-02 
 9.26118728e+08 -9.93475627e-03  9.26118728e+08 -9.69781464e-03 
 1.00000000e+09 -9.61875797e-03  1.00000000e+09 -8.93769186e-03 
 1.07977516e+09 -9.34610687e-03  1.07977516e+09 -8.24244962e-03 
 1.16591440e+09 -9.11104388e-03  1.16591440e+09 -7.60557482e-03 
 1.25892541e+09 -8.90852711e-03  1.25892541e+09 -7.02136776e-03 
 1.35935639e+09 -8.73415513e-03  1.35935639e+09 -6.48481990e-03 
 1.46779927e+09 -8.58409491e-03  1.46779927e+09 -5.99151159e-03 
 1.58489319e+09 -8.45501538e-03  1.58489319e+09 -5.53752679e-03 
 1.71132830e+09 -8.34402683e-03  1.71132830e+09 -5.11938159e-03 
 1.84784980e+09 -8.24862637e-03  1.84784980e+09 -4.73396459e-03 
 1.99526231e+09 -8.16664898e-03  1.99526231e+09 -4.37848684e-03 
 2.15443469e+09 -8.09622409e-03  2.15443469e+09 -4.05043978e-03 
 2.32630507e+09 -8.03573711e-03  2.32630507e+09 -3.74755980e-03 
 2.51188643e+09 -7.98379566e-03  2.51188643e+09 -3.46779834e-03 
 2.71227258e+09 -7.93919985e-03  2.71227258e+09 -3.20929640e-03 
 2.92864456e+09 -7.90091632e-03  2.92864456e+09 -2.97036294e-03 
 3.16227766e+09 -7.86805568e-03  3.16227766e+09 -2.74945626e-03 
 3.41454887e+09 -7.83985278e-03  3.41454887e+09 -2.54516808e-03 
 3.68694506e+09 -7.81564965e-03  3.68694506e+09 -2.35620974e-03 
 3.98107171e+09 -7.79488068e-03  3.98107171e+09 -2.18140020e-03 
 4.29866235e+09 -7.77705981e-03  4.29866235e+09 -2.01965554e-03 
 4.64158883e+09 -7.76176946e-03  4.64158883e+09 -1.86997984e-03 
 5.01187234e+09 -7.74865097e-03  5.01187234e+09 -1.73145702e-03 
 5.41169527e+09 -7.73739633e-03  5.41169527e+09 -1.60324367e-03 
 5.84341413e+09 -7.72774109e-03  5.84341413e+09 -1.48456268e-03 
 6.30957344e+09 -7.71945823e-03  6.30957344e+09 -1.37469751e-03 
 6.81292069e+09 -7.71235286e-03  6.81292069e+09 -1.27298708e-03 
 7.35642254e+09 -7.70625775e-03  7.35642254e+09 -1.17882116e-03 
 7.94328235e+09 -7.70102936e-03  7.94328235e+09 -1.09163619e-03 
 8.57695899e+09 -7.69654451e-03  8.57695899e+09 -1.01091149e-03 
 9.26118728e+09 -7.69269753e-03  9.26118728e+09 -9.36165890e-04 
 1.00000000e+10 -7.68939774e-03  1.00000000e+10 -8.66954550e-04 
