 1.00000000e+00  3.16055973e+02  1.00000000e+00 -4.83420412e-03 
 1.07977516e+00  3.16055973e+02  1.07977516e+00 -5.21985354e-03 
 1.16591440e+00  3.16055973e+02  1.16591440e+00 -5.63626820e-03 
 1.25892541e+00  3.16055973e+02  1.25892541e+00 -6.08590241e-03 
 1.35935639e+00  3.16055973e+02  1.35935639e+00 -6.57140626e-03 
 1.46779927e+00  3.16055973e+02  1.46779927e+00 -7.09564126e-03 
 1.58489319e+00  3.16055973e+02  1.58489319e+00 -7.66169720e-03 
 1.71132830e+00  3.16055973e+02  1.71132830e+00 -8.27291033e-03 
 1.84784980e+00  3.16055973e+02  1.84784980e+00 -8.93288310e-03 
 1.99526231e+00  3.16055973e+02  1.99526231e+00 -9.64550529e-03 
 2.15443469e+00  3.16055973e+02  2.15443469e+00 -1.04149770e-02 
 2.32630507e+00  3.16055973e+02  2.32630507e+00 -1.12458335e-02 
 2.51188643e+00  3.16055973e+02  2.51188643e+00 -1.21429717e-02 
 2.71227258e+00  3.16055973e+02  2.71227258e+00 -1.31116793e-02 
 2.92864456e+00  3.16055973e+02  2.92864456e+00 -1.41576656e-02 
 3.16227766e+00  3.16055973e+02  3.16227766e+00 -1.52870957e-02 
 3.41454887e+00  3.16055973e+02  3.41454887e+00 -1.65066262e-02 
 3.68694506e+00  3.16055973e+02  3.68694506e+00 -1.78234450e-02 
 3.98107171e+00  3.16055972e+02  3.98107171e+00 -1.92453132e-02 
 4.29866235e+00  3.16055972e+02  4.29866235e+00 -2.07806111e-02 
 4.64158883e+00  3.16055972e+02  4.64158883e+00 -2.24383877e-02 
 5.01187234e+00  3.16055972e+02  5.01187234e+00 -2.42284138e-02 
 5.41169527e+00  3.16055971e+02  5.41169527e+00 -2.61612394e-02 
 5.84341413e+00  3.16055971e+02  5.84341413e+00 -2.82482565e-02 
 6.30957344e+00  3.16055971e+02  6.30957344e+00 -3.05017657e-02 
 6.81292069e+00  3.16055970e+02  6.81292069e+00 -3.29350489e-02 
 7.35642254e+00  3.16055970e+02  7.35642254e+00 -3.55624477e-02 
 7.94328235e+00  3.16055969e+02  7.94328235e+00 -3.83994477e-02 
 8.57695899e+00  3.16055968e+02  8.57695899e+00 -4.14627698e-02 
 9.26118728e+00  3.16055967e+02  9.26118728e+00 -4.47704688e-02 
 1.00000000e+01  3.16055966e+02  1.00000000e+01 -4.83420401e-02 
 1.07977516e+01  3.16055965e+02  1.07977516e+01 -5.21985340e-02 
 1.16591440e+01  3.16055963e+02  1.16591440e+01 -5.63626802e-02 
 1.25892541e+01  3.16055962e+02  1.25892541e+01 -6.08590219e-02 
 1.35935639e+01  3.16055960e+02  1.35935639e+01 -6.57140598e-02 
 1.46779927e+01  3.16055958e+02  1.46779927e+01 -7.09564091e-02 
 1.58489319e+01  3.16055955e+02  1.58489319e+01 -7.66169675e-02 
 1.71132830e+01  3.16055952e+02  1.71132830e+01 -8.27290977e-02 
 1.84784980e+01  3.16055948e+02  1.84784980e+01 -8.93288239e-02 
 1.99526231e+01  3.16055944e+02  1.99526231e+01 -9.64550441e-02 
 2.15443469e+01  3.16055939e+02  2.15443469e+01 -1.04149759e-01 
 2.32630507e+01  3.16055934e+02  2.32630507e+01 -1.12458321e-01 
 2.51188643e+01  3.16055927e+02  2.51188643e+01 -1.21429699e-01 
 2.71227258e+01  3.16055919e+02  2.71227258e+01 -1.31116770e-01 
 2.92864456e+01  3.16055910e+02  2.92864456e+01 -1.41576628e-01 
 3.16227766e+01  3.16055900e+02  3.16227766e+01 -1.52870921e-01 
 3.41454887e+01  3.16055887e+02  3.41454887e+01 -1.65066217e-01 
 3.68694506e+01  3.16055873e+02  3.68694506e+01 -1.78234394e-01 
 3.98107171e+01  3.16055856e+02  3.98107171e+01 -1.92453061e-01 
 4.29866235e+01  3.16055837e+02  4.29866235e+01 -2.07806023e-01 
 4.64158883e+01  3.16055814e+02  4.64158883e+01 -2.24383766e-01 
 5.01187234e+01  3.16055788e+02  5.01187234e+01 -2.42283997e-01 
 5.41169527e+01  3.16055757e+02  5.41169527e+01 -2.61612216e-01 
 5.84341413e+01  3.16055721e+02  5.84341413e+01 -2.82482341e-01 
 6.30957344e+01  3.16055679e+02  6.30957344e+01 -3.05017376e-01 
 6.81292069e+01  3.16055630e+02  6.81292069e+01 -3.29350135e-01 
 7.35642254e+01  3.16055574e+02  7.35642254e+01 -3.55624032e-01 
 7.94328235e+01  3.16055507e+02  7.94328235e+01 -3.83993916e-01 
 8.57695899e+01  3.16055430e+02  8.57695899e+01 -4.14626992e-01 
 9.26118728e+01  3.16055340e+02  9.26118728e+01 -4.47703799e-01 
 1.00000000e+02  3.16055234e+02  1.00000000e+02 -4.83419282e-01 
 1.07977516e+02  3.16055112e+02  1.07977516e+02 -5.21983931e-01 
 1.16591440e+02  3.16054969e+02  1.16591440e+02 -5.63625029e-01 
 1.25892541e+02  3.16054802e+02  1.25892541e+02 -6.08587987e-01 
 1.35935639e+02  3.16054608e+02  1.35935639e+02 -6.57137788e-01 
 1.46779927e+02  3.16054381e+02  1.46779927e+02 -7.09560553e-01 
 1.58489319e+02  3.16054117e+02  1.58489319e+02 -7.66165221e-01 
 1.71132830e+02  3.16053809e+02  1.71132830e+02 -8.27285370e-01 
 1.84784980e+02  3.16053450e+02  1.84784980e+02 -8.93281180e-01 
 1.99526231e+02  3.16053031e+02  1.99526231e+02 -9.64541554e-01 
 2.15443469e+02  3.16052543e+02  2.15443469e+02 -1.04148641e+00 
 2.32630507e+02  3.16051974e+02  2.32630507e+02 -1.12456913e+00 
 2.51188643e+02  3.16051310e+02  2.51188643e+02 -1.21427926e+00 
 2.71227258e+02  3.16050536e+02  2.71227258e+02 -1.31114538e+00 
 2.92864456e+02  3.16049634e+02  2.92864456e+02 -1.41573818e+00 
 3.16227766e+02  3.16048583e+02  3.16227766e+02 -1.52867384e+00 
 3.41454887e+02  3.16047356e+02  3.41454887e+02 -1.65061764e+00 
 3.68694506e+02  3.16045927e+02  3.68694506e+02 -1.78228787e+00 
 3.98107171e+02  3.16044260e+02  3.98107171e+02 -1.92446003e+00 
 4.29866235e+02  3.16042316e+02  4.29866235e+02 -2.07797136e+00 
 4.64158883e+02  3.16040051e+02  4.64158883e+02 -2.24372579e+00 
 5.01187234e+02  3.16037409e+02  5.01187234e+02 -2.42269913e+00 
 5.41169527e+02  3.16034329e+02  5.41169527e+02 -2.61594487e+00 
 5.84341413e+02  3.16030738e+02  5.84341413e+02 -2.82460021e+00 
 6.30957344e+02  3.16026552e+02  6.30957344e+02 -3.04989277e+00 
 6.81292069e+02  3.16021671e+02  6.81292069e+02 -3.29314762e+00 
 7.35642254e+02  3.16015980e+02  7.35642254e+02 -3.55579500e+00 
 7.94328235e+02  3.16009346e+02  7.94328235e+02 -3.83937855e+00 
 8.57695899e+02  3.16001611e+02  8.57695899e+02 -4.14556416e+00 
 9.26118728e+02  3.15992593e+02  9.26118728e+02 -4.47614953e+00 
 1.00000000e+03  3.15982080e+02  1.00000000e+03 -4.83307435e+00 
 1.07977516e+03  3.15969823e+02  1.07977516e+03 -5.21843129e+00 
 1.16591440e+03  3.15955534e+02  1.16591440e+03 -5.63447778e+00 
 1.25892541e+03  3.15938876e+02  1.25892541e+03 -6.08364853e+00 
 1.35935639e+03  3.15919456e+02  1.35935639e+03 -6.56856896e+00 
 1.46779927e+03  3.15896817e+02  1.46779927e+03 -7.09206957e+00 
 1.58489319e+03  3.15870426e+02  1.58489319e+03 -7.65720108e+00 
 1.71132830e+03  3.15839663e+02  1.71132830e+03 -8.26725061e+00 
 1.84784980e+03  3.15803802e+02  1.84784980e+03 -8.92575873e+00 
 1.99526231e+03  3.15762002e+02  1.99526231e+03 -9.63653744e+00 
 2.15443469e+03  3.15713281e+02  2.15443469e+03 -1.04036889e+01 
 2.32630507e+03  3.15656495e+02  2.32630507e+03 -1.12316252e+01 
 2.51188643e+03  3.15590313e+02  2.51188643e+03 -1.21250882e+01 
 2.71227258e+03  3.15513186e+02  2.71227258e+03 -1.30891708e+01 
 2.92864456e+03  3.15423310e+02  2.92864456e+03 -1.41293371e+01 
 3.16227766e+03  3.15318587e+02  3.16227766e+03 -1.52514441e+01 
 3.41454887e+03  3.15196577e+02  3.41454887e+03 -1.64617609e+01 
 3.68694506e+03  3.15054442e+02  3.68694506e+03 -1.77669884e+01 
 3.98107171e+03  3.14888887e+02  3.98107171e+03 -1.91742758e+01 
 4.29866235e+03  3.14696083e+02  4.29866235e+03 -2.06912352e+01 
 4.64158883e+03  3.14471589e+02  4.64158883e+03 -2.23259503e+01 
 5.01187234e+03  3.14210251e+02  5.01187234e+03 -2.40869810e+01 
 5.41169527e+03  3.13906101e+02  5.41169527e+03 -2.59833584e+01 
 5.84341413e+03  3.13552231e+02  5.84341413e+03 -2.80245699e+01 
 6.30957344e+03  3.13140654e+02  6.30957344e+03 -3.02205304e+01 
 6.81292069e+03  3.12662152e+02  6.81292069e+03 -3.25815356e+01 
 7.35642254e+03  3.12106103e+02  7.35642254e+03 -3.51181919e+01 
 7.94328235e+03  3.11460287e+02  7.94328235e+03 -3.78413196e+01 
 8.57695899e+03  3.10710687e+02  8.57695899e+03 -4.07618185e+01 
 9.26118728e+03  3.09841259e+02  9.26118728e+03 -4.38904917e+01 
 1.00000000e+04  3.08833701e+02  1.00000000e+04 -4.72378155e+01 
 1.07977516e+04  3.07667213e+02  1.07977516e+04 -5.08136460e+01 
 1.16591440e+04  3.06318262e+02  1.16591440e+04 -5.46268506e+01 
 1.25892541e+04  3.04760353e+02  1.25892541e+04 -5.86848513e+01 
 1.35935639e+04  3.02963847e+02  1.35935639e+04 -6.29930693e+01 
 1.46779927e+04  3.00895824e+02  1.46779927e+04 -6.75542576e+01 
 1.58489319e+04  2.98520038e+02  1.58489319e+04 -7.23677158e+01 
 1.71132830e+04  2.95796992e+02  1.71132830e+04 -7.74283828e+01 
 1.84784980e+04  2.92684193e+02  1.84784980e+04 -8.27258137e+01 
 1.99526231e+04  2.89136619e+02  1.99526231e+04 -8.82430593e+01 
 2.15443469e+04  2.85107477e+02  2.15443469e+04 -9.39554835e+01 
 2.32630507e+04  2.80549300e+02  2.32630507e+04 -9.98295778e+01 
 2.51188643e+04  2.75415434e+02  2.51188643e+04 -1.05821855e+02 
 2.71227258e+04  2.69661966e+02  2.71227258e+04 -1.11877939e+02 
 2.92864456e+04  2.63250077e+02  2.92864456e+04 -1.17931997e+02 
 3.16227766e+04  2.56148803e+02  3.16227766e+04 -1.23906675e+02 
 3.41454887e+04  2.48338093e+02  3.41454887e+04 -1.29713720e+02 
 3.68694506e+04  2.39811990e+02  3.68694506e+04 -1.35255459e+02 
 3.98107171e+04  2.30581683e+02  3.98107171e+04 -1.40427248e+02 
 4.29866235e+04  2.20678122e+02  4.29866235e+04 -1.45120938e+02 
 4.64158883e+04  2.10153801e+02  4.64158883e+04 -1.49229289e+02 
 5.01187234e+04  1.99083383e+02  5.01187234e+04 -1.52651110e+02 
 5.41169527e+04  1.87562857e+02  5.41169527e+04 -1.55296754e+02 
 5.84341413e+04  1.75707064e+02  5.84341413e+04 -1.57093498e+02 
 6.30957344e+04  1.63645644e+02  6.30957344e+04 -1.57990228e+02 
 6.81292069e+04  1.51517624e+02  6.81292069e+04 -1.57960903e+02 
 7.35642254e+04  1.39465127e+02  7.35642254e+04 -1.57006382e+02 
 7.94328235e+04  1.27626771e+02  7.94328235e+04 -1.55154356e+02 
 8.57695899e+04  1.16131407e+02  8.57695899e+04 -1.52457420e+02 
 9.26118728e+04  1.05092793e+02  9.26118728e+04 -1.48989513e+02 
 1.00000000e+05  9.46056297e+01  1.00000000e+05 -1.44841171e+02 
 1.07977516e+05  8.47431903e+01  1.07977516e+05 -1.40114127e+02 
 1.16591440e+05  7.55565797e+01  1.16591440e+05 -1.34915826e+02 
 1.25892541e+05  6.70754362e+01  1.25892541e+05 -1.29354314e+02 
 1.35935639e+05  5.93097873e+01  1.35935639e+05 -1.23533891e+02 
 1.46779927e+05  5.22526936e+01  1.46779927e+05 -1.17551696e+02 
 1.58489319e+05  4.58833219e+01  1.58489319e+05 -1.11495328e+02 
 1.71132830e+05  4.01701254e+01  1.71132830e+05 -1.05441425e+02 
 1.84784980e+05  3.50738869e+01  1.84784980e+05 -9.94550910e+01 
 1.99526231e+05  3.05504539e+01  1.99526231e+05 -9.35899934e+01 
 2.15443469e+05  2.65530708e+01  2.15443469e+05 -8.78889607e+01 
 2.32630507e+05  2.30342724e+01  2.32630507e+05 -8.23849081e+01 
 2.51188643e+05  1.99473490e+01  2.51188643e+05 -7.71019516e+01 
 2.71227258e+05  1.72474195e+01  2.71227258e+05 -7.20565957e+01 
 2.92864456e+05  1.48921670e+01  2.92864456e+05 -6.72589135e+01 
 3.16227766e+05  1.28422959e+01  3.16227766e+05 -6.27136621e+01 
 3.41454887e+05  1.10617684e+01  3.41454887e+05 -5.84212984e+01 
 3.68694506e+05  9.51787368e+00  3.68694506e+05 -5.43788791e+01 
 3.98107171e+05  8.18117493e+00  3.98107171e+05 -5.05808383e+01 
 4.29866235e+05  7.02537179e+00  4.29866235e+05 -4.70196472e+01 
 4.64158883e+05  6.02710837e+00  4.64158883e+05 -4.36863634e+01 
 5.01187234e+05  5.16574974e+00  5.01187234e+05 -4.05710815e+01 
 5.41169527e+05  4.42314393e+00  5.41169527e+05 -3.76632963e+01 
 5.84341413e+05  3.78338202e+00  5.84341413e+05 -3.49521921e+01 
 6.30957344e+05  3.23256466e+00  6.30957344e+05 -3.24268691e+01 
 6.81292069e+05  2.75858067e+00  6.81292069e+05 -3.00765168e+01 
 7.35642254e+05  2.35090100e+00  7.35642254e+05 -2.78905451e+01 
 7.94328235e+05  2.00038990e+00  7.94328235e+05 -2.58586804e+01 
 8.57695899e+05  1.69913368e+00  8.57695899e+05 -2.39710331e+01 
 9.26118728e+05  1.44028702e+00  9.26118728e+05 -2.22181434e+01 
 1.00000000e+06  1.21793590e+00  1.00000000e+06 -2.05910090e+01 
 1.07977516e+06  1.02697624e+00  1.07977516e+06 -1.90810997e+01 
 1.16591440e+06  8.63006888e-01  1.16591440e+06 -1.76803608e+01 
 1.25892541e+06  7.22235706e-01  1.25892541e+06 -1.63812094e+01 
 1.35935639e+06  6.01397450e-01  1.35935639e+06 -1.51765243e+01 
 1.46779927e+06  4.97682127e-01  1.46779927e+06 -1.40596315e+01 
 1.58489319e+06  4.08672691e-01  1.58489319e+06 -1.30242876e+01 
 1.71132830e+06  3.32290955e-01  1.71132830e+06 -1.20646605e+01 
 1.84784980e+06  2.66750720e-01  1.84784980e+06 -1.11753089e+01 
 1.99526231e+06  2.10517222e-01  1.99526231e+06 -1.03511618e+01 
 2.15443469e+06  1.62272094e-01  2.15443469e+06 -9.58749757e+00 
 2.32630507e+06  1.20883115e-01  2.32630507e+06 -8.87992326e+00 
 2.51188643e+06  8.53781304e-02  2.51188643e+06 -8.22435431e+00 
 2.71227258e+06  5.49225733e-02  2.71227258e+06 -7.61699506e+00 
 2.92864456e+06  2.88001136e-02  2.92864456e+06 -7.05432004e+00 
 3.16227766e+06  6.39600406e-03  3.16227766e+06 -6.53305600e+00 
 3.41454887e+06 -1.28172435e-02  3.41454887e+06 -6.05016492e+00 
 3.68694506e+06 -2.92921722e-02  3.68694506e+06 -5.60282795e+00 
 3.98107171e+06 -4.34169619e-02  3.98107171e+06 -5.18843018e+00 
 4.29866235e+06 -5.55245183e-02  4.29866235e+06 -4.80454645e+00 
 4.64158883e+06 -6.59002772e-02  4.64158883e+06 -4.44892791e+00 
 5.01187234e+06 -7.47889039e-02  5.01187234e+06 -4.11948954e+00 
 5.41169527e+06 -8.24000399e-02  5.41169527e+06 -3.81429842e+00 
 5.84341413e+06 -8.89132316e-02  5.84341413e+06 -3.53156280e+00 
 6.30957344e+06 -9.44821551e-02  6.30957344e+06 -3.26962192e+00 
 6.81292069e+06 -9.92382341e-02  6.81292069e+06 -3.02693652e+00 
 7.35642254e+06 -1.03293738e-01  7.35642254e+06 -2.80208003e+00 
 7.94328235e+06 -1.06744429e-01  7.94328235e+06 -2.59373034e+00 
 8.57695899e+06 -1.09671826e-01  8.57695899e+06 -2.40066216e+00 
 9.26118728e+06 -1.12145132e-01  9.26118728e+06 -2.22173998e+00 
 1.00000000e+07 -1.14222874e-01  1.00000000e+07 -2.05591150e+00 
 1.07977516e+07 -1.15954302e-01  1.07977516e+07 -1.90220150e+00 
 1.16591440e+07 -1.17380565e-01  1.16591440e+07 -1.75970624e+00 
 1.25892541e+07 -1.18535707e-01  1.25892541e+07 -1.62758827e+00 
 1.35935639e+07 -1.19447507e-01  1.35935639e+07 -1.50507152e+00 
 1.46779927e+07 -1.20138175e-01  1.46779927e+07 -1.39143697e+00 
 1.58489319e+07 -1.20624938e-01  1.58489319e+07 -1.28601845e+00 
 1.71132830e+07 -1.20920529e-01  1.71132830e+07 -1.18819896e+00 
 1.84784980e+07 -1.21033584e-01  1.84784980e+07 -1.09740715e+00 
 1.99526231e+07 -1.20968995e-01  1.99526231e+07 -1.01311423e+00 
 2.15443469e+07 -1.20728194e-01  2.15443469e+07 -9.34831070e-01 
 2.32630507e+07 -1.20309428e-01  2.32630507e+07 -8.62105608e-01 
 2.51188643e+07 -1.19708016e-01  2.51188643e+07 -7.94520532e-01 
 2.71227258e+07 -1.18916621e-01  2.71227258e+07 -7.31691170e-01 
 2.92864456e+07 -1.17925561e-01  2.92864456e+07 -6.73263630e-01 
 3.16227766e+07 -1.16723187e-01  3.16227766e+07 -6.18913131e-01 
 3.41454887e+07 -1.15296344e-01  3.41454887e+07 -5.68342522e-01 
 3.68694506e+07 -1.13630959e-01  3.68694506e+07 -5.21280926e-01 
 3.98107171e+07 -1.11712761e-01  3.98107171e+07 -4.77482493e-01 
 4.29866235e+07 -1.09528162e-01  4.29866235e+07 -4.36725178e-01 
 4.64158883e+07 -1.07065294e-01  4.64158883e+07 -3.98809499e-01 
 5.01187234e+07 -1.04315184e-01  5.01187234e+07 -3.63557179e-01 
 5.41169527e+07 -1.01273026e-01  5.41169527e+07 -3.30809610e-01 
 5.84341413e+07 -9.79394840e-02  5.84341413e+07 -3.00426060e-01 
 6.30957344e+07 -9.43219043e-02  6.30957344e+07 -2.72281581e-01 
 6.81292069e+07 -9.04353296e-02  6.81292069e+07 -2.46264586e-01 
 7.35642254e+07 -8.63031555e-02  7.35642254e+07 -2.22274155e-01 
 7.94328235e+07 -8.19572990e-02  7.94328235e+07 -2.00217130e-01 
 8.57695899e+07 -7.74377722e-02  8.57695899e+07 -1.80005177e-01 
 9.26118728e+07 -7.27916107e-02  9.26118728e+07 -1.61551987e-01 
 1.00000000e+08 -6.80711871e-02  1.00000000e+08 -1.44770842e-01 
 1.07977516e+08 -6.33320216e-02  1.07977516e+08 -1.29572752e-01 
 1.16591440e+08 -5.86302819e-02  1.16591440e+08 -1.15865301e-01 
 1.25892541e+08 -5.40202102e-02  1.25892541e+08 -1.03552285e-01 
 1.35935639e+08 -4.95517289e-02  1.35935639e+08 -9.25341064e-02 
 1.46779927e+08 -4.52684475e-02  1.46779927e+08 -8.27088237e-02 
 1.58489319e+08 -4.12062283e-02  1.58489319e+08 -7.39736566e-02 
 1.71132830e+08 -3.73923871e-02  1.71132830e+08 -6.62267370e-02 
 1.84784980e+08 -3.38455201e-02  1.84784980e+08 -5.93688871e-02 
 1.99526231e+08 -3.05758812e-02  1.99526231e+08 -5.33052405e-02 
 2.15443469e+08 -2.75861835e-02  2.15443469e+08 -4.79465754e-02 
 2.32630507e+08 -2.48726827e-02  2.32630507e+08 -4.32102877e-02 
 2.51188643e+08 -2.24264030e-02  2.51188643e+08 -3.90209875e-02 
 2.71227258e+08 -2.02343837e-02  2.71227258e+08 -3.53107410e-02 
 2.92864456e+08 -1.82808567e-02  2.92864456e+08 -3.20190125e-02 
 3.16227766e+08 -1.65482938e-02  3.16227766e+08 -2.90923720e-02 
 3.41454887e+08 -1.50182911e-02  3.41454887e+08 -2.64840360e-02 
 3.68694506e+08 -1.36722810e-02  3.68694506e+08 -2.41533046e-02 
 3.98107171e+08 -1.24920775e-02  3.98107171e+08 -2.20649483e-02 
 4.29866235e+08 -1.14602715e-02  4.29866235e+08 -2.01885849e-02 
 4.64158883e+08 -1.05604983e-02  4.64158883e+08 -1.84980750e-02 
 5.01187234e+08 -9.77759889e-03  5.01187234e+08 -1.69709586e-02 
 5.41169527e+08 -9.09770019e-03  5.41169527e+08 -1.55879402e-02 
 5.84341413e+08 -8.50823205e-03  5.84341413e+08 -1.43324305e-02 
 6.30957344e+08 -7.99789965e-03  6.30957344e+08 -1.31901442e-02 
 6.81292069e+08 -7.55662508e-03  6.81292069e+08 -1.21487508e-02 
 7.35642254e+08 -7.17546917e-03  7.35642254e+08 -1.11975761e-02 
 7.94328235e+08 -6.84654235e-03  7.94328235e+08 -1.03273476e-02 
 8.57695899e+08 -6.56291081e-03  8.57695899e+08 -9.52997988e-03 
 9.26118728e+08 -6.31850245e-03  9.26118728e+08 -8.79839369e-03 
 1.00000000e+09 -6.10801583e-03  1.00000000e+09 -8.12636465e-03 
 1.07977516e+09 -5.92683423e-03  1.07977516e+09 -7.50839657e-03 
 1.16591440e+09 -5.77094579e-03  1.16591440e+09 -6.93961584e-03 
 1.25892541e+09 -5.63687060e-03  1.25892541e+09 -6.41568318e-03 
 1.35935639e+09 -5.52159474e-03  1.35935639e+09 -5.93271995e-03 
 1.46779927e+09 -5.42251126e-03  1.46779927e+09 -5.48724652e-03 
 1.58489319e+09 -5.33736762e-03  1.58489319e+09 -5.07613053e-03 
 1.71132830e+09 -5.26421932e-03  1.71132830e+09 -4.69654334e-03 
 1.84784980e+09 -5.20138910e-03  1.84784980e+09 -4.34592326e-03 
 1.99526231e+09 -5.14743115e-03  1.99526231e+09 -4.02194431e-03 
 2.15443469e+09 -5.10109996e-03  2.15443469e+09 -3.72248954e-03 
 2.32630507e+09 -5.06132311e-03  2.32630507e+09 -3.44562824e-03 
 2.51188643e+09 -5.02717759e-03  2.51188643e+09 -3.18959618e-03 
 2.71227258e+09 -4.99786938e-03  2.71227258e+09 -2.95277859e-03 
 2.92864456e+09 -4.97271562e-03  2.92864456e+09 -2.73369530e-03 
 3.16227766e+09 -4.95112923e-03  3.16227766e+09 -2.53098771e-03 
 3.41454887e+09 -4.93260566e-03  3.41454887e+09 -2.34340739e-03 
 3.68694506e+09 -4.91671137e-03  3.68694506e+09 -2.16980596e-03 
 3.98107171e+09 -4.90307393e-03  3.98107171e+09 -2.00912612e-03 
 4.29866235e+09 -4.89137346e-03  4.29866235e+09 -1.86039366e-03 
 4.64158883e+09 -4.88133528e-03  4.64158883e+09 -1.72271033e-03 
 5.01187234e+09 -4.87272356e-03  5.01187234e+09 -1.59524741e-03 
 5.41169527e+09 -4.86533582e-03  5.41169527e+09 -1.47723995e-03 
 5.84341413e+09 -4.85899828e-03  5.84341413e+09 -1.36798151e-03 
 6.30957344e+09 -4.85356179e-03  6.30957344e+09 -1.26681946e-03 
 6.81292069e+09 -4.84889832e-03  6.81292069e+09 -1.17315065e-03 
 7.35642254e+09 -4.84489804e-03  7.35642254e+09 -1.08641753e-03 
 7.94328235e+09 -4.84146669e-03  7.94328235e+09 -1.00610453e-03 
 8.57695899e+09 -4.83852339e-03  8.57695899e+09 -9.31734837e-04 
 9.26118728e+09 -4.83599876e-03  9.26118728e+09 -8.62867355e-04 
 1.00000000e+10 -4.83383326e-03  1.00000000e+10 -7.99094000e-04 
