 1.00000000e+00  3.08978792e+02  1.00000000e+00 -3.36961443e-03 
 1.07977516e+00  3.08978792e+02  1.07977516e+00 -3.63842597e-03 
 1.16591440e+00  3.08978792e+02  1.16591440e+00 -3.92868199e-03 
 1.25892541e+00  3.08978792e+02  1.25892541e+00 -4.24209324e-03 
 1.35935639e+00  3.08978792e+02  1.35935639e+00 -4.58050691e-03 
 1.46779927e+00  3.08978792e+02  1.46779927e+00 -4.94591759e-03 
 1.58489319e+00  3.08978792e+02  1.58489319e+00 -5.34047897e-03 
 1.71132830e+00  3.08978792e+02  1.71132830e+00 -5.76651655e-03 
 1.84784980e+00  3.08978792e+02  1.84784980e+00 -6.22654134e-03 
 1.99526231e+00  3.08978792e+02  1.99526231e+00 -6.72326469e-03 
 2.15443469e+00  3.08978792e+02  2.15443469e+00 -7.25961422e-03 
 2.32630507e+00  3.08978792e+02  2.32630507e+00 -7.83875112e-03 
 2.51188643e+00  3.08978792e+02  2.51188643e+00 -8.46408876e-03 
 2.71227258e+00  3.08978792e+02  2.71227258e+00 -9.13931282e-03 
 2.92864456e+00  3.08978792e+02  2.92864456e+00 -9.86840298e-03 
 3.16227766e+00  3.08978792e+02  3.16227766e+00 -1.06556564e-02 
 3.41454887e+00  3.08978792e+02  3.41454887e+00 -1.15057131e-02 
 3.68694506e+00  3.08978792e+02  3.68694506e+00 -1.24235833e-02 
 3.98107171e+00  3.08978792e+02  3.98107171e+00 -1.34146766e-02 
 4.29866235e+00  3.08978792e+02  4.29866235e+00 -1.44848346e-02 
 4.64158883e+00  3.08978792e+02  4.64158883e+00 -1.56403647e-02 
 5.01187234e+00  3.08978792e+02  5.01187234e+00 -1.68880773e-02 
 5.41169527e+00  3.08978791e+02  5.41169527e+00 -1.82353264e-02 
 5.84341413e+00  3.08978791e+02  5.84341413e+00 -1.96900525e-02 
 6.30957344e+00  3.08978791e+02  6.30957344e+00 -2.12608296e-02 
 6.81292069e+00  3.08978791e+02  6.81292069e+00 -2.29569158e-02 
 7.35642254e+00  3.08978790e+02  7.35642254e+00 -2.47883074e-02 
 7.94328235e+00  3.08978790e+02  7.94328235e+00 -2.67657986e-02 
 8.57695899e+00  3.08978790e+02  8.57695899e+00 -2.89010445e-02 
 9.26118728e+00  3.08978789e+02  9.26118728e+00 -3.12066300e-02 
 1.00000000e+01  3.08978789e+02  1.00000000e+01 -3.36961439e-02 
 1.07977516e+01  3.08978788e+02  1.07977516e+01 -3.63842592e-02 
 1.16591440e+01  3.08978787e+02  1.16591440e+01 -3.92868193e-02 
 1.25892541e+01  3.08978787e+02  1.25892541e+01 -4.24209316e-02 
 1.35935639e+01  3.08978786e+02  1.35935639e+01 -4.58050681e-02 
 1.46779927e+01  3.08978785e+02  1.46779927e+01 -4.94591747e-02 
 1.58489319e+01  3.08978783e+02  1.58489319e+01 -5.34047881e-02 
 1.71132830e+01  3.08978782e+02  1.71132830e+01 -5.76651635e-02 
 1.84784980e+01  3.08978780e+02  1.84784980e+01 -6.22654109e-02 
 1.99526231e+01  3.08978778e+02  1.99526231e+01 -6.72326437e-02 
 2.15443469e+01  3.08978775e+02  2.15443469e+01 -7.25961382e-02 
 2.32630507e+01  3.08978773e+02  2.32630507e+01 -7.83875062e-02 
 2.51188643e+01  3.08978769e+02  2.51188643e+01 -8.46408814e-02 
 2.71227258e+01  3.08978765e+02  2.71227258e+01 -9.13931203e-02 
 2.92864456e+01  3.08978761e+02  2.92864456e+01 -9.86840198e-02 
 3.16227766e+01  3.08978756e+02  3.16227766e+01 -1.06556552e-01 
 3.41454887e+01  3.08978750e+02  3.41454887e+01 -1.15057116e-01 
 3.68694506e+01  3.08978743e+02  3.68694506e+01 -1.24235813e-01 
 3.98107171e+01  3.08978734e+02  3.98107171e+01 -1.34146741e-01 
 4.29866235e+01  3.08978725e+02  4.29866235e+01 -1.44848315e-01 
 4.64158883e+01  3.08978713e+02  4.64158883e+01 -1.56403607e-01 
 5.01187234e+01  3.08978700e+02  5.01187234e+01 -1.68880723e-01 
 5.41169527e+01  3.08978685e+02  5.41169527e+01 -1.82353201e-01 
 5.84341413e+01  3.08978667e+02  5.84341413e+01 -1.96900446e-01 
 6.30957344e+01  3.08978646e+02  6.30957344e+01 -2.12608197e-01 
 6.81292069e+01  3.08978622e+02  6.81292069e+01 -2.29569032e-01 
 7.35642254e+01  3.08978594e+02  7.35642254e+01 -2.47882916e-01 
 7.94328235e+01  3.08978561e+02  7.94328235e+01 -2.67657788e-01 
 8.57695899e+01  3.08978522e+02  8.57695899e+01 -2.89010195e-01 
 9.26118728e+01  3.08978477e+02  9.26118728e+01 -3.12065985e-01 
 1.00000000e+02  3.08978425e+02  1.00000000e+02 -3.36961043e-01 
 1.07977516e+02  3.08978364e+02  1.07977516e+02 -3.63842093e-01 
 1.16591440e+02  3.08978293e+02  1.16591440e+02 -3.92867565e-01 
 1.25892541e+02  3.08978210e+02  1.25892541e+02 -4.24208525e-01 
 1.35935639e+02  3.08978114e+02  1.35935639e+02 -4.58049686e-01 
 1.46779927e+02  3.08978001e+02  1.46779927e+02 -4.94590494e-01 
 1.58489319e+02  3.08977870e+02  1.58489319e+02 -5.34046304e-01 
 1.71132830e+02  3.08977717e+02  1.71132830e+02 -5.76649649e-01 
 1.84784980e+02  3.08977538e+02  1.84784980e+02 -6.22651609e-01 
 1.99526231e+02  3.08977330e+02  1.99526231e+02 -6.72323289e-01 
 2.15443469e+02  3.08977088e+02  2.15443469e+02 -7.25957419e-01 
 2.32630507e+02  3.08976805e+02  2.32630507e+02 -7.83870073e-01 
 2.51188643e+02  3.08976475e+02  2.51188643e+02 -8.46402532e-01 
 2.71227258e+02  3.08976091e+02  2.71227258e+02 -9.13923295e-01 
 2.92864456e+02  3.08975642e+02  2.92864456e+02 -9.86830243e-01 
 3.16227766e+02  3.08975120e+02  3.16227766e+02 -1.06555298e+00 
 3.41454887e+02  3.08974510e+02  3.41454887e+02 -1.15055538e+00 
 3.68694506e+02  3.08973800e+02  3.68694506e+02 -1.24233827e+00 
 3.98107171e+02  3.08972971e+02  3.98107171e+02 -1.34144241e+00 
 4.29866235e+02  3.08972006e+02  4.29866235e+02 -1.44845167e+00 
 4.64158883e+02  3.08970880e+02  4.64158883e+02 -1.56399644e+00 
 5.01187234e+02  3.08969567e+02  5.01187234e+02 -1.68875734e+00 
 5.41169527e+02  3.08968036e+02  5.41169527e+02 -1.82346920e+00 
 5.84341413e+02  3.08966252e+02  5.84341413e+02 -1.96892538e+00 
 6.30957344e+02  3.08964171e+02  6.30957344e+02 -2.12598242e+00 
 6.81292069e+02  3.08961745e+02  6.81292069e+02 -2.29556500e+00 
 7.35642254e+02  3.08958917e+02  7.35642254e+02 -2.47867139e+00 
 7.94328235e+02  3.08955620e+02  7.94328235e+02 -2.67637925e+00 
 8.57695899e+02  3.08951776e+02  8.57695899e+02 -2.88985190e+00 
 9.26118728e+02  3.08947293e+02  9.26118728e+02 -3.12034506e+00 
 1.00000000e+03  3.08942068e+02  1.00000000e+03 -3.36921414e+00 
 1.07977516e+03  3.08935976e+02  1.07977516e+03 -3.63792204e+00 
 1.16591440e+03  3.08928873e+02  1.16591440e+03 -3.92804759e+00 
 1.25892541e+03  3.08920592e+02  1.25892541e+03 -4.24129459e+00 
 1.35935639e+03  3.08910938e+02  1.35935639e+03 -4.57950151e+00 
 1.46779927e+03  3.08899683e+02  1.46779927e+03 -4.94465192e+00 
 1.58489319e+03  3.08886561e+02  1.58489319e+03 -5.33888565e+00 
 1.71132830e+03  3.08871264e+02  1.71132830e+03 -5.76451078e+00 
 1.84784980e+03  3.08853431e+02  1.84784980e+03 -6.22401637e+00 
 1.99526231e+03  3.08832642e+02  1.99526231e+03 -6.72008615e+00 
 2.15443469e+03  3.08808406e+02  2.15443469e+03 -7.25561299e+00 
 2.32630507e+03  3.08780155e+02  2.32630507e+03 -7.83371433e+00 
 2.51188643e+03  3.08747223e+02  2.51188643e+03 -8.45774850e+00 
 2.71227258e+03  3.08708836e+02  2.71227258e+03 -9.13133189e+00 
 2.92864456e+03  3.08664092e+02  2.92864456e+03 -9.85835704e+00 
 3.16227766e+03  3.08611940e+02  3.16227766e+03 -1.06430115e+01 
 3.41454887e+03  3.08551158e+02  3.41454887e+03 -1.14897972e+01 
 3.68694506e+03  3.08480322e+02  3.68694506e+03 -1.24035509e+01 
 3.98107171e+03  3.08397774e+02  3.98107171e+03 -1.33894641e+01 
 4.29866235e+03  3.08301586e+02  4.29866235e+03 -1.44531039e+01 
 4.64158883e+03  3.08189514e+02  4.64158883e+03 -1.56004325e+01 
 5.01187234e+03  3.08058952e+02  5.01187234e+03 -1.68378270e+01 
 5.41169527e+03  3.07906866e+02  5.41169527e+03 -1.81720962e+01 
 5.84341413e+03  3.07729736e+02  5.84341413e+03 -1.96104962e+01 
 6.30957344e+03  3.07523476e+02  6.30957344e+03 -2.11607413e+01 
 6.81292069e+03  3.07283342e+02  6.81292069e+03 -2.28310103e+01 
 7.35642254e+03  3.07003839e+02  7.35642254e+03 -2.46299459e+01 
 7.94328235e+03  3.06678604e+02  7.94328235e+03 -2.65666444e+01 
 8.57695899e+03  3.06300276e+02  8.57695899e+03 -2.86506334e+01 
 9.26118728e+03  3.05860355e+02  9.26118728e+03 -3.08918336e+01 
 1.00000000e+04  3.05349036e+02  1.00000000e+04 -3.33005009e+01 
 1.07977516e+04  3.04755036e+02  1.07977516e+04 -3.58871426e+01 
 1.16591440e+04  3.04065392e+02  1.16591440e+04 -3.86624020e+01 
 1.25892541e+04  3.03265255e+02  1.25892541e+04 -4.16369043e+01 
 1.35935639e+04  3.02337661e+02  1.35935639e+04 -4.48210537e+01 
 1.46779927e+04  3.01263302e+02  1.46779927e+04 -4.82247737e+01 
 1.58489319e+04  3.00020287e+02  1.58489319e+04 -5.18571778e+01 
 1.71132830e+04  2.98583921e+02  1.71132830e+04 -5.57261603e+01 
 1.84784980e+04  2.96926500e+02  1.84784980e+04 -5.98378935e+01 
 1.99526231e+04  2.95017162e+02  1.99526231e+04 -6.41962213e+01 
 2.15443469e+04  2.92821793e+02  2.15443469e+04 -6.88019395e+01 
 2.32630507e+04  2.90303060e+02  2.32630507e+04 -7.36519570e+01 
 2.51188643e+04  2.87420570e+02  2.51188643e+04 -7.87383407e+01 
 2.71227258e+04  2.84131243e+02  2.71227258e+04 -8.40472556e+01 
 2.92864456e+04  2.80389927e+02  2.92864456e+04 -8.95578278e+01 
 3.16227766e+04  2.76150330e+02  3.16227766e+04 -9.52409784e+01 
 3.41454887e+04  2.71366308e+02  3.41454887e+04 -1.01058298e+02 
 3.68694506e+04  2.65993579e+02  3.68694506e+04 -1.06961064e+02 
 3.98107171e+04  2.59991846e+02  3.98107171e+04 -1.12889527e+02 
 4.29866235e+04  2.53327350e+02  4.29866235e+04 -1.18772630e+02 
 4.64158883e+04  2.45975751e+02  4.64158883e+04 -1.24528318e+02 
 5.01187234e+04  2.37925218e+02  5.01187234e+04 -1.30064626e+02 
 5.41169527e+04  2.29179500e+02  5.41169527e+04 -1.35281674e+02 
 5.84341413e+04  2.19760693e+02  5.84341413e+04 -1.40074651e+02 
 6.30957344e+04  2.09711368e+02  6.30957344e+04 -1.44337770e+02 
 6.81292069e+04  1.99095677e+02  6.81292069e+04 -1.47969039e+02 
 7.35642254e+04  1.87999149e+02  7.35642254e+04 -1.50875541e+02 
 7.94328235e+04  1.76526926e+02  7.94328235e+04 -1.52978807e+02 
 8.57695899e+04  1.64800417e+02  8.57695899e+04 -1.54219738e+02 
 9.26118728e+04  1.52952507e+02  9.26118728e+04 -1.54562539e+02 
 1.00000000e+05  1.41121691e+02  1.00000000e+05 -1.53997202e+02 
 1.07977516e+05  1.29445671e+02  1.07977516e+05 -1.52540204e+02 
 1.16591440e+05  1.18055023e+02  1.16591440e+05 -1.50233356e+02 
 1.25892541e+05  1.07067553e+02  1.25892541e+05 -1.47140925e+02 
 1.35935639e+05  9.65838379e+01  1.35935639e+05 -1.43345411e+02 
 1.46779927e+05  8.66842561e+01  1.46779927e+05 -1.38942461e+02 
 1.58489319e+05  7.74276250e+01  1.58489319e+05 -1.34035477e+02 
 1.71132830e+05  6.88513377e+01  1.71132830e+05 -1.28730420e+02 
 1.84784980e+05  6.09727581e+01  1.84784980e+05 -1.23131219e+02 
 1.99526231e+05  5.37915349e+01  1.99526231e+05 -1.17336050e+02 
 2.15443469e+05  4.72924753e+01  2.15443469e+05 -1.11434591e+02 
 2.32630507e+05  4.14486449e+01  2.32630507e+05 -1.05506263e+02 
 2.51188643e+05  3.62244227e+01  2.51188643e+05 -9.96193501e+01 
 2.71227258e+05  3.15783132e+01  2.71227258e+05 -9.38308476e+01 
 2.92864456e+05  2.74653945e+01  2.92864456e+05 -8.81868662e+01 
 3.16227766e+05  2.38393465e+01  3.16227766e+05 -8.27234252e+01 
 3.41454887e+05  2.06540511e+01  3.41454887e+05 -7.74674809e+01 
 3.68694506e+05  1.78647922e+01  3.68694506e+05 -7.24380703e+01 
 3.98107171e+05  1.54291030e+01  3.98107171e+05 -6.76474757e+01 
 4.29866235e+05  1.33073172e+01  4.29866235e+05 -6.31023465e+01 
 4.64158883e+05  1.14628820e+01  4.64158883e+05 -5.88047347e+01 
 5.01187234e+05  9.86248636e+00  5.01187234e+05 -5.47530226e+01 
 5.41169527e+05  8.47605331e+00  5.41169527e+05 -5.09427318e+01 
 5.84341413e+05  7.27663546e+00  5.84341413e+05 -4.73672149e+01 
 6.30957344e+05  6.24024585e+00  6.30957344e+05 -4.40182351e+01 
 6.81292069e+05  5.34564965e+00  6.81292069e+05 -4.08864448e+01 
 7.35642254e+05  4.57413565e+00  7.35642254e+05 -3.79617744e+01 
 7.94328235e+05  3.90928118e+00  7.94328235e+05 -3.52337433e+01 
 8.57695899e+05  3.33672050e+00  8.57695899e+05 -3.26917048e+01 
 9.26118728e+05  2.84392300e+00  9.26118728e+05 -3.03250356e+01 
 1.00000000e+06  2.41998530e+00  1.00000000e+06 -2.81232803e+01 
 1.07977516e+06  2.05543970e+00  1.07977516e+06 -2.60762580e+01 
 1.16591440e+06  1.74207963e+00  1.16591440e+06 -2.41741394e+01 
 1.25892541e+06  1.47280251e+00  1.25892541e+06 -2.24074993e+01 
 1.35935639e+06  1.24146915e+00  1.35935639e+06 -2.07673504e+01 
 1.46779927e+06  1.04277900e+00  1.46779927e+06 -1.92451627e+01 
 1.58489319e+06  8.72159911e-01  1.58489319e+06 -1.78328707e+01 
 1.71132830e+06  7.25671270e-01  1.71132830e+06 -1.65228726e+01 
 1.84784980e+06  5.99919117e-01  1.84784980e+06 -1.53080222e+01 
 1.99526231e+06  4.91982078e-01  1.99526231e+06 -1.41816172e+01 
 2.15443469e+06  3.99346847e-01  2.15443469e+06 -1.31373830e+01 
 2.32630507e+06  3.19852152e-01  2.32630507e+06 -1.21694547e+01 
 2.51188643e+06  2.51640150e-01  2.51188643e+06 -1.12723581e+01 
 2.71227258e+06  1.93114366e-01  2.71227258e+06 -1.04409892e+01 
 2.92864456e+06  1.42903317e-01  2.92864456e+06 -9.67059379e+00 
 3.16227766e+06  9.98291089e-02  3.16227766e+06 -8.95674719e+00 
 3.41454887e+06  6.28803415e-02  3.41454887e+06 -8.29533424e+00 
 3.68694506e+06  3.11887611e-02  3.68694506e+06 -7.68252993e+00 
 3.98107171e+06  4.00914886e-03  3.98107171e+06 -7.11478072e+00 
 4.29866235e+06 -1.92979872e-02  4.29866235e+06 -6.58878669e+00 
 4.64158883e+06 -3.92812996e-02  4.64158883e+06 -6.10148452e+00 
 5.01187234e+06 -5.64114006e-02  5.01187234e+06 -5.65003143e+00 
 5.41169527e+06 -7.10918595e-02  5.41169527e+06 -5.23178994e+00 
 5.84341413e+06 -8.36686476e-02  5.84341413e+06 -4.84431360e+00 
 6.30957344e+06 -9.44382466e-02  6.30957344e+06 -4.48533353e+00 
 6.81292069e+06 -1.03654605e-01  6.81292069e+06 -4.15274582e+00 
 7.35642254e+06 -1.11535102e-01  7.35642254e+06 -3.84459985e+00 
 7.94328235e+06 -1.18265659e-01  7.94328235e+06 -3.55908717e+00 
 8.57695899e+06 -1.24005119e-01  8.57695899e+06 -3.29453139e+00 
 9.26118728e+06 -1.28888986e-01  9.26118728e+06 -3.04937851e+00 
 1.00000000e+07 -1.33032625e-01  1.00000000e+07 -2.82218815e+00 
 1.07977516e+07 -1.36533990e-01  1.07977516e+07 -2.61162523e+00 
 1.16591440e+07 -1.39475952e-01  1.16591440e+07 -2.41645232e+00 
 1.25892541e+07 -1.41928267e-01  1.25892541e+07 -2.23552254e+00 
 1.35935639e+07 -1.43949255e-01  1.35935639e+07 -2.06777300e+00 
 1.46779927e+07 -1.45587210e-01  1.46779927e+07 -1.91221867e+00 
 1.58489319e+07 -1.46881596e-01  1.58489319e+07 -1.76794677e+00 
 1.71132830e+07 -1.47864045e-01  1.71132830e+07 -1.63411159e+00 
 1.84784980e+07 -1.48559194e-01  1.84784980e+07 -1.50992970e+00 
 1.99526231e+07 -1.48985395e-01  1.99526231e+07 -1.39467560e+00 
 2.15443469e+07 -1.49155305e-01  2.15443469e+07 -1.28767768e+00 
 2.32630507e+07 -1.49076399e-01  2.32630507e+07 -1.18831460e+00 
 2.51188643e+07 -1.48751417e-01  2.51188643e+07 -1.09601199e+00 
 2.71227258e+07 -1.48178791e-01  2.71227258e+07 -1.01023943e+00 
 2.92864456e+07 -1.47353054e-01  2.92864456e+07 -9.30507818e-01 
 3.16227766e+07 -1.46265290e-01  3.16227766e+07 -8.56366963e-01 
 3.41454887e+07 -1.44903641e-01  3.41454887e+07 -7.87403449e-01 
 3.68694506e+07 -1.43253911e-01  3.68694506e+07 -7.23238748e-01 
 3.98107171e+07 -1.41300302e-01  3.98107171e+07 -6.63527496e-01 
 4.29866235e+07 -1.39026317e-01  4.29866235e+07 -6.07955917e-01 
 4.64158883e+07 -1.36415846e-01  4.64158883e+07 -5.56240297e-01 
 5.01187234e+07 -1.33454441e-01  5.01187234e+07 -5.08125451e-01 
 5.41169527e+07 -1.30130780e-01  5.41169527e+07 -4.63383070e-01 
 5.84341413e+07 -1.26438256e-01  5.84341413e+07 -4.21809867e-01 
 6.30957344e+07 -1.22376619e-01  6.30957344e+07 -3.83225416e-01 
 6.81292069e+07 -1.17953554e-01  6.81292069e+07 -3.47469629e-01 
 7.35642254e+07 -1.13186031e-01  7.35642254e+07 -3.14399828e-01 
 7.94328235e+07 -1.08101257e-01  7.94328235e+07 -2.83887442e-01 
 8.57695899e+07 -1.02737051e-01  8.57695899e+07 -2.55814433e-01 
 9.26118728e+07 -9.71414980e-02  9.26118728e+07 -2.30069604e-01 
 1.00000000e+08 -9.13718060e-02  1.00000000e+08 -2.06545045e-01 
 1.07977516e+08 -8.54923681e-02  1.07977516e+08 -1.85132959e-01 
 1.16591440e+08 -7.95721590e-02  1.16591440e+08 -1.65723151e-01 
 1.25892541e+08 -7.36816774e-02  1.25892541e+08 -1.48201368e-01 
 1.35935639e+08 -6.78897246e-02  1.35935639e+08 -1.32448617e-01 
 1.46779927e+08 -6.22603364e-02  1.46779927e+08 -1.18341456e-01 
 1.58489319e+08 -5.68501560e-02  1.58489319e+08 -1.05753129e-01 
 1.71132830e+08 -5.17064699e-02  1.71132830e+08 -9.45553475e-02 
 1.84784980e+08 -4.68660238e-02  1.84784980e+08 -8.46204312e-02 
 1.99526231e+08 -4.23546342e-02  1.99526231e+08 -7.58235494e-02 
 2.15443469e+08 -3.81875138e-02  2.15443469e+08 -6.80448100e-02 
 2.32630507e+08 -3.43701691e-02  2.32630507e+08 -6.11710219e-02 
 2.51188643e+08 -3.08996909e-02  2.51188643e+08 -5.50970207e-02 
 2.71227258e+08 -2.77662611e-02  2.71227258e+08 -4.97265225e-02 
 2.92864456e+08 -2.49547187e-02  2.92864456e+08 -4.49725247e-02 
 3.16227766e+08 -2.24460600e-02  3.16227766e+08 -4.07573139e-02 
 3.41454887e+08 -2.02187919e-02  3.41454887e+08 -3.70121602e-02 
 3.68694506e+08 -1.82500866e-02  3.68694506e+08 -3.36767844e-02 
 3.98107171e+08 -1.65167224e-02  3.98107171e+08 -3.06986786e-02 
 4.29866235e+08 -1.49958123e-02  4.29866235e+08 -2.80323490e-02 
 4.64158883e+08 -1.36653398e-02  4.64158883e+08 -2.56385357e-02 
 5.01187234e+08 -1.25045271e-02  5.01187234e+08 -2.34834506e-02 
 5.41169527e+08 -1.14940659e-02  5.41169527e+08 -2.15380587e-02 
 5.84341413e+08 -1.06162381e-02  5.84341413e+08 -1.97774206e-02 
 6.30957344e+08 -9.85495399e-03  6.30957344e+08 -1.81801033e-02 
 6.81292069e+08 -9.19572863e-03  6.81292069e+08 -1.67276613e-02 
 7.35642254e+08 -8.62561669e-03  7.35642254e+08 -1.54041865e-02 
 7.94328235e+08 -8.13311963e-03  7.94328235e+08 -1.41959201e-02 
 8.57695899e+08 -7.70807693e-03  8.57695899e+08 -1.30909237e-02 
 9.26118728e+08 -7.34154987e-03  9.26118728e+08 -1.20787996e-02 
 1.00000000e+09 -7.02570402e-03  1.00000000e+09 -1.11504558e-02 
 1.07977516e+09 -6.75369463e-03  1.07977516e+09 -1.02979086e-02 
 1.16591440e+09 -6.51955780e-03  1.16591440e+09 -9.51411831e-03 
 1.25892541e+09 -6.31810910e-03  1.25892541e+09 -8.79285039e-03 
 1.35935639e+09 -6.14485041e-03  1.35935639e+09 -8.12856095e-03 
 1.46779927e+09 -5.99588554e-03  1.46779927e+09 -7.51630030e-03 
 1.58489319e+09 -5.86784433e-03  1.58489319e+09 -6.95163250e-03 
 1.71132830e+09 -5.75781500e-03  1.71132830e+09 -6.43056792e-03 
 1.84784980e+09 -5.66328428e-03  1.84784980e+09 -5.94950659e-03 
 1.99526231e+09 -5.58208461e-03  1.99526231e+09 -5.50519037e-03 
 2.15443469e+09 -5.51234786e-03  2.15443469e+09 -5.09466250e-03 
 2.32630507e+09 -5.45246490e-03  2.32630507e+09 -4.71523319e-03 
 2.51188643e+09 -5.40105037e-03  2.51188643e+09 -4.36445014e-03 
 2.71227258e+09 -5.35691204e-03  2.71227258e+09 -4.04007325e-03 
 2.92864456e+09 -5.31902431e-03  2.92864456e+09 -3.74005274e-03 
 3.16227766e+09 -5.28650516e-03  3.16227766e+09 -3.46251011e-03 
 3.41454887e+09 -5.25859632e-03  3.41454887e+09 -3.20572154e-03 
 3.68694506e+09 -5.23464600e-03  3.68694506e+09 -2.96810325e-03 
 3.98107171e+09 -5.21409417e-03  3.98107171e+09 -2.74819867e-03 
 4.29866235e+09 -5.19645965e-03  4.29866235e+09 -2.54466695e-03 
 4.64158883e+09 -5.18132915e-03  4.64158883e+09 -2.35627279e-03 
 5.01187234e+09 -5.16834771e-03  5.01187234e+09 -2.18187737e-03 
 5.41169527e+09 -5.15721057e-03  5.41169527e+09 -2.02043014e-03 
 5.84341413e+09 -5.14765604e-03  5.84341413e+09 -1.87096148e-03 
 6.30957344e+09 -5.13945949e-03  6.30957344e+09 -1.73257606e-03 
 6.81292069e+09 -5.13242811e-03  6.81292069e+09 -1.60444680e-03 
 7.35642254e+09 -5.12639641e-03  7.35642254e+09 -1.48580938e-03 
 7.94328235e+09 -5.12122237e-03  7.94328235e+09 -1.37595733e-03 
 8.57695899e+09 -5.11678411e-03  8.57695899e+09 -1.27423740e-03 
 9.26118728e+09 -5.11297707e-03  9.26118728e+09 -1.18004550e-03 
 1.00000000e+10 -5.10971151e-03  1.00000000e+10 -1.09282280e-03 
