 1.00000000e+00  2.60691842e+04  1.00000000e+00 -4.20401139e+01 
 1.07977516e+00  2.60691729e+04  1.07977516e+00 -4.53938512e+01 
 1.16591440e+00  2.60691598e+04  1.16591440e+00 -4.90151284e+01 
 1.25892541e+00  2.60691445e+04  1.25892541e+00 -5.29252872e+01 
 1.35935639e+00  2.60691267e+04  1.35935639e+00 -5.71473715e+01 
 1.46779927e+00  2.60691059e+04  1.46779927e+00 -6.17062631e+01 
 1.58489319e+00  2.60690817e+04  1.58489319e+00 -6.66288283e+01 
 1.71132830e+00  2.60690534e+04  1.71132830e+00 -7.19440759e+01 
 1.84784980e+00  2.60690205e+04  1.84784980e+00 -7.76833281e+01 
 1.99526231e+00  2.60689821e+04  1.99526231e+00 -8.38804047e+01 
 2.15443469e+00  2.60689373e+04  2.15443469e+00 -9.05718220e+01 
 2.32630507e+00  2.60688851e+04  2.32630507e+00 -9.77970079e+01 
 2.51188643e+00  2.60688242e+04  2.51188643e+00 -1.05598534e+02 
 2.71227258e+00  2.60687532e+04  2.71227258e+00 -1.14022363e+02 
 2.92864456e+00  2.60686705e+04  2.92864456e+00 -1.23118125e+02 
 3.16227766e+00  2.60685740e+04  3.16227766e+00 -1.32939402e+02 
 3.41454887e+00  2.60684615e+04  3.41454887e+00 -1.43544045e+02 
 3.68694506e+00  2.60683304e+04  3.68694506e+00 -1.54994514e+02 
 3.98107171e+00  2.60681775e+04  3.98107171e+00 -1.67358245e+02 
 4.29866235e+00  2.60679993e+04  4.29866235e+00 -1.80708041e+02 
 4.64158883e+00  2.60677914e+04  4.64158883e+00 -1.95122498e+02 
 5.01187234e+00  2.60675491e+04  5.01187234e+00 -2.10686469e+02 
 5.41169527e+00  2.60672666e+04  5.41169527e+00 -2.27491551e+02 
 5.84341413e+00  2.60669373e+04  5.84341413e+00 -2.45636623e+02 
 6.30957344e+00  2.60665533e+04  6.30957344e+00 -2.65228417e+02 
 6.81292069e+00  2.60661056e+04  6.81292069e+00 -2.86382138e+02 
 7.35642254e+00  2.60655836e+04  7.35642254e+00 -3.09222128e+02 
 7.94328235e+00  2.60649751e+04  7.94328235e+00 -3.33882578e+02 
 8.57695899e+00  2.60642656e+04  8.57695899e+00 -3.60508302e+02 
 9.26118728e+00  2.60634385e+04  9.26118728e+00 -3.89255558e+02 
 1.00000000e+01  2.60624742e+04  1.00000000e+01 -4.20292933e+02 
 1.07977516e+01  2.60613500e+04  1.07977516e+01 -4.53802295e+02 
 1.16591440e+01  2.60600395e+04  1.16591440e+01 -4.89979805e+02 
 1.25892541e+01  2.60585116e+04  1.25892541e+01 -5.29037006e+02 
 1.35935639e+01  2.60567305e+04  1.35935639e+01 -5.71201974e+02 
 1.46779927e+01  2.60546541e+04  1.46779927e+01 -6.16720558e+02 
 1.58489319e+01  2.60522337e+04  1.58489319e+01 -6.65857679e+02 
 1.71132830e+01  2.60494123e+04  1.71132830e+01 -7.18898720e+02 
 1.84784980e+01  2.60461236e+04  1.84784980e+01 -7.76150981e+02 
 1.99526231e+01  2.60422902e+04  1.99526231e+01 -8.37945209e+02 
 2.15443469e+01  2.60378223e+04  2.15443469e+01 -9.04637195e+02 
 2.32630507e+01  2.60326150e+04  2.32630507e+01 -9.76609425e+02 
 2.51188643e+01  2.60265463e+04  2.51188643e+01 -1.05427278e+03 
 2.71227258e+01  2.60194744e+04  2.71227258e+01 -1.13806824e+03 
 2.92864456e+01  2.60112339e+04  2.92864456e+01 -1.22846864e+03 
 3.16227766e+01  2.60016329e+04  3.16227766e+01 -1.32598031e+03 
 3.41454887e+01  2.59904478e+04  3.41454887e+01 -1.43114472e+03 
 3.68694506e+01  2.59774191e+04  3.68694506e+01 -1.54453988e+03 
 3.98107171e+01  2.59622453e+04  3.98107171e+01 -1.66678165e+03 
 4.29866235e+01  2.59445762e+04  4.29866235e+01 -1.79852458e+03 
 4.64158883e+01  2.59240060e+04  4.64158883e+01 -1.94046247e+03 
 5.01187234e+01  2.59000640e+04  5.01187234e+01 -2.09332812e+03 
 5.41169527e+01  2.58722054e+04  5.41169527e+01 -2.25789249e+03 
 5.84341413e+01  2.58398003e+04  5.84341413e+01 -2.43496263e+03 
 6.30957344e+01  2.58021210e+04  6.30957344e+01 -2.62537833e+03 
 6.81292069e+01  2.57583288e+04  6.81292069e+01 -2.83000700e+03 
 7.35642254e+01  2.57074581e+04  7.35642254e+01 -3.04973642e+03 
 7.94328235e+01  2.56484003e+04  7.94328235e+01 -3.28546463e+03 
 8.57695899e+01  2.55798857e+04  8.57695899e+01 -3.53808658e+03 
 9.26118728e+01  2.55004642e+04  9.26118728e+01 -3.80847660e+03 
 1.00000000e+02  2.54084861e+04  1.00000000e+02 -4.09746585e+03 
 1.07977516e+02  2.53020817e+04  1.07977516e+02 -4.40581400e+03 
 1.16591440e+02  2.51791431e+04  1.16591440e+02 -4.73417388e+03 
 1.25892541e+02  2.50373071e+04  1.25892541e+02 -5.08304827e+03 
 1.35935639e+02  2.48739430e+04  1.35935639e+02 -5.45273778e+03 
 1.46779927e+02  2.46861457e+04  1.46779927e+02 -5.84327915e+03 
 1.58489319e+02  2.44707394e+04  1.58489319e+02 -6.25437346e+03 
 1.71132830e+02  2.42242927e+04  1.71132830e+02 -6.68530465e+03 
 1.84784980e+02  2.39431518e+04  1.84784980e+02 -7.13484928e+03 
 1.99526231e+02  2.36234951e+04  1.99526231e+02 -7.60118026e+03 
 2.15443469e+02  2.32614144e+04  2.15443469e+02 -8.08176844e+03 
 2.32630507e+02  2.28530275e+04  2.32630507e+02 -8.57328861e+03 
 2.51188643e+02  2.23946256e+04  2.51188643e+02 -9.07153834e+03 
 2.71227258e+02  2.18828572e+04  2.71227258e+02 -9.57138106e+03 
 2.92864456e+02  2.13149454e+04  2.92864456e+02 -1.00667266e+04 
 3.16227766e+02  2.06889345e+04  3.16227766e+02 -1.05505636e+04 
 3.41454887e+02  2.00039504e+04  3.41454887e+02 -1.10150588e+04 
 3.68694506e+02  1.92604589e+04  3.68694506e+02 -1.14517334e+04 
 3.98107171e+02  1.84604944e+04  3.98107171e+02 -1.18517233e+04 
 4.29866235e+02  1.76078319e+04  4.29866235e+02 -1.22061213e+04 
 4.64158883e+02  1.67080704e+04  4.64158883e+02 -1.25063841e+04 
 5.01187234e+02  1.57686021e+04  5.01187234e+02 -1.27447812e+04 
 5.41169527e+02  1.47984505e+04  5.41169527e+02 -1.29148458e+04 
 5.84341413e+02  1.38079744e+04  5.84341413e+02 -1.30117831e+04 
 6.30957344e+02  1.28084526e+04  6.30957344e+02 -1.30327920e+04 
 6.81292069e+02  1.18115829e+04  6.81292069e+02 -1.29772585e+04 
 7.35642254e+02  1.08289396e+04  7.35642254e+02 -1.28467999e+04 
 7.94328235e+02  9.87144368e+03  7.94328235e+02 -1.26451508e+04 
 8.57695899e+02  8.94889513e+03  8.57695899e+02 -1.23779077e+04 
 9.26118728e+02  8.06960905e+03  9.26118728e+02 -1.20521626e+04 
 1.00000000e+03  7.24017921e+03  1.00000000e+03 -1.16760701e+04 
 1.07977516e+03  6.46537669e+03  1.07977516e+03 -1.12583918e+04 
 1.16591440e+03  5.74817355e+03  1.16591440e+03 -1.08080624e+04 
 1.25892541e+03  5.08986988e+03  1.25892541e+03 -1.03338095e+04 
 1.35935639e+03  4.49029518e+03  1.35935639e+03 -9.84384738e+03 
 1.46779927e+03  3.94805389e+03  1.46779927e+03 -9.34565484e+03 
 1.58489319e+03  3.46078740e+03  1.58489319e+03 -8.84583487e+03 
 1.71132830e+03  3.02543019e+03  1.71132830e+03 -8.35004726e+03 
 1.84784980e+03  2.63844418e+03  1.84784980e+03 -7.86300142e+03 
 1.99526231e+03  2.29602168e+03  1.99526231e+03 -7.38849454e+03 
 2.15443469e+03  1.99425267e+03  2.15443469e+03 -6.92948101e+03 
 2.32630507e+03  1.72925608e+03  2.32630507e+03 -6.48816062e+03 
 2.51188643e+03  1.49727777e+03  2.51188643e+03 -6.06607547e+03 
 2.71227258e+03  1.29475914e+03  2.71227258e+03 -5.66420806e+03 
 2.92864456e+03  1.11838132e+03  2.92864456e+03 -5.28307525e+03 
 3.16227766e+03  9.65089751e+02  3.16227766e+03 -4.92281472e+03 
 3.41454887e+03  8.32103673e+02  3.41454887e+03 -4.58326221e+03 
 3.68694506e+03  7.16914468e+02  3.68694506e+03 -4.26401868e+03 
 3.98107171e+03  6.17276161e+02  3.98107171e+03 -3.96450764e+03 
 4.29866235e+03  5.31190743e+02  4.29866235e+03 -3.68402312e+03 
 4.64158883e+03  4.56890361e+02  4.64158883e+03 -3.42176922e+03 
 5.01187234e+03  3.92817936e+02  5.01187234e+03 -3.17689210e+03 
 5.41169527e+03  3.37607342e+02  5.41169527e+03 -2.94850567e+03 
 5.84341413e+03  2.90063938e+02  5.84341413e+03 -2.73571167e+03 
 6.30957344e+03  2.49145968e+02  6.30957344e+03 -2.53761525e+03 
 6.81292069e+03  2.13947169e+02  6.81292069e+03 -2.35333678e+03 
 7.35642254e+03  1.83680758e+02  7.35642254e+03 -2.18202056e+03 
 7.94328235e+03  1.57664874e+02  7.94328235e+03 -2.02284108e+03 
 8.57695899e+03  1.35309460e+02  8.57695899e+03 -1.87500729e+03 
 9.26118728e+03  1.16104559e+02  9.26118728e+03 -1.73776527e+03 
 1.00000000e+04  9.96099191e+01  1.00000000e+04 -1.61039980e+03 
 1.07977516e+04  8.54458220e+01  1.07977516e+04 -1.49223485e+03 
 1.16591440e+04  7.32850193e+01  1.16591440e+04 -1.38263342e+03 
 1.25892541e+04  6.28456768e+01  1.25892541e+04 -1.28099690e+03 
 1.35935639e+04  5.38852136e+01  1.35935639e+04 -1.18676397e+03 
 1.46779927e+04  4.61949405e+01  1.46779927e+04 -1.09940922e+03 
 1.58489319e+04  3.95954018e+01  1.58489319e+04 -1.01844167e+03 
 1.71132830e+04  3.39323372e+01  1.71132830e+04 -9.43403097e+02 
 1.84784980e+04  2.90731864e+01  1.84784980e+04 -8.73866327e+02 
 1.99526231e+04  2.49040676e+01  1.99526231e+04 -8.09433528e+02 
 2.15443469e+04  2.13271677e+01  2.15443469e+04 -7.49734486e+02 
 2.32630507e+04  1.82584926e+01  2.32630507e+04 -6.94424931e+02 
 2.51188643e+04  1.56259264e+01  2.51188643e+04 -6.43184904e+02 
 2.71227258e+04  1.33675613e+01  2.71227258e+04 -5.95717197e+02 
 2.92864456e+04  1.14302589e+01  2.92864456e+04 -5.51745851e+02 
 3.16227766e+04  9.76841305e+00  3.16227766e+04 -5.11014729e+02 
 3.41454887e+04  8.34288580e+00  3.41454887e+04 -4.73286173e+02 
 3.68694506e+04  7.12009268e+00  3.68694506e+04 -4.38339726e+02 
 3.98107171e+04  6.07121663e+00  3.98107171e+04 -4.05970937e+02 
 4.29866235e+04  5.17153269e+00  4.29866235e+04 -3.75990233e+02 
 4.64158883e+04  4.39982799e+00  4.64158883e+04 -3.48221870e+02 
 5.01187234e+04  3.73790364e+00  5.01187234e+04 -3.22502946e+02 
 5.41169527e+04  3.17014708e+00  5.41169527e+04 -2.98682482e+02 
 5.84341413e+04  2.68316492e+00  5.84341413e+04 -2.76620563e+02 
 6.30957344e+04  2.26546784e+00  6.30957344e+04 -2.56187540e+02 
 6.81292069e+04  1.90720013e+00  6.81292069e+04 -2.37263287e+02 
 7.35642254e+04  1.59990756e+00  7.35642254e+04 -2.19736507e+02 
 7.94328235e+04  1.33633826e+00  7.94328235e+04 -2.03504090e+02 
 8.57695899e+04  1.11027174e+00  8.57695899e+04 -1.88470517e+02 
 9.26118728e+04  9.16372338e-01  9.26118728e+04 -1.74547302e+02 
 1.00000000e+05  7.50063374e-01  1.00000000e+05 -1.61652479e+02 
 1.07977516e+05  6.07419232e-01  1.07977516e+05 -1.49710124e+02 
 1.16591440e+05  4.85072769e-01  1.16591440e+05 -1.38649910e+02 
 1.25892541e+05  3.80135882e-01  1.25892541e+05 -1.28406697e+02 
 1.35935639e+05  2.90131375e-01  1.35935639e+05 -1.18920152e+02 
 1.46779927e+05  2.12934503e-01  1.46779927e+05 -1.10134392e+02 
 1.58489319e+05  1.46722838e-01  1.58489319e+05 -1.01997660e+02 
 1.71132830e+05  8.99332590e-02  1.71132830e+05 -9.44620157e+01 
 1.84784980e+05  4.12250633e-02  1.84784980e+05 -8.74830620e+01 
 1.99526231e+05 -5.51679753e-04  1.99526231e+05 -8.10196771e+01 
 2.15443469e+05 -3.63832693e-02  2.15443469e+05 -7.50337763e+01 
 2.32630507e+05 -6.71156541e-02  2.32630507e+05 -6.94900870e+01 
 2.51188643e+05 -9.34744010e-02  2.51188643e+05 -6.43559412e+01 
 2.71227258e+05 -1.16081823e-01  2.71227258e+05 -5.96010837e+01 
 2.92864456e+05 -1.35471670e-01  2.92864456e+05 -5.51974937e+01 
 3.16227766e+05 -1.52101730e-01  3.16227766e+05 -5.11192200e+01 
 3.41454887e+05 -1.66364631e-01  3.41454887e+05 -4.73422280e+01 
 3.68694506e+05 -1.78597119e-01  3.68694506e+05 -4.38442586e+01 
 3.98107171e+05 -1.89088002e-01  3.98107171e+05 -4.06046966e+01 
 4.29866235e+05 -1.98084967e-01  4.29866235e+05 -3.76044495e+01 
 4.64158883e+05 -2.05800434e-01  4.64158883e+05 -3.48258353e+01 
 5.01187234e+05 -2.12416564e-01  5.01187234e+05 -3.22524778e+01 
 5.41169527e+05 -2.18089566e-01  5.41169527e+05 -2.98692105e+01 
 5.84341413e+05 -2.22953379e-01  5.84341413e+05 -2.76619873e+01 
 6.30957344e+05 -2.27122839e-01  6.30957344e+05 -2.56177994e+01 
 6.81292069e+05 -2.30696388e-01  6.81292069e+05 -2.37245988e+01 
 7.35642254e+05 -2.33758399e-01  7.35642254e+05 -2.19712276e+01 
 7.94328235e+05 -2.36381167e-01  7.94328235e+05 -2.03473517e+01 
 8.57695899e+05 -2.38626616e-01  8.57695899e+05 -1.88434004e+01 
 9.26118728e+05 -2.40547765e-01  9.26118728e+05 -1.74505097e+01 
 1.00000000e+06 -2.42189972e-01  1.00000000e+06 -1.61604702e+01 
 1.07977516e+06 -2.43592014e-01  1.07977516e+06 -1.49656786e+01 
 1.16591440e+06 -2.44786996e-01  1.16591440e+06 -1.38590932e+01 
 1.25892541e+06 -2.45803136e-01  1.25892541e+06 -1.28341918e+01 
 1.35935639e+06 -2.46664432e-01  1.35935639e+06 -1.18849340e+01 
 1.46779927e+06 -2.47391226e-01  1.46779927e+06 -1.10057251e+01 
 1.58489319e+06 -2.48000690e-01  1.58489319e+06 -1.01913832e+01 
 1.71132830e+06 -2.48507227e-01  1.71132830e+06 -9.43710901e+00 
 1.84784980e+06 -2.48922818e-01  1.84784980e+06 -8.73845702e+00 
 1.99526231e+06 -2.49257300e-01  1.99526231e+06 -8.09130975e+00 
 2.15443469e+06 -2.49518607e-01  2.15443469e+06 -7.49185333e+00 
 2.32630507e+06 -2.49712959e-01  2.32630507e+06 -6.93655502e+00 
 2.51188643e+06 -2.49845012e-01  2.51188643e+06 -6.42214249e+00 
 2.71227258e+06 -2.49917974e-01  2.71227258e+06 -5.94558449e+00 
 2.92864456e+06 -2.49933691e-01  2.92864456e+06 -5.50407303e+00 
 3.16227766e+06 -2.49892701e-01  3.16227766e+06 -5.09500692e+00 
 3.41454887e+06 -2.49794262e-01  3.41454887e+06 -4.71597642e+00 
 3.68694506e+06 -2.49636356e-01  3.68694506e+06 -4.36474915e+00 
 3.98107171e+06 -2.49415667e-01  3.98107171e+06 -4.03925697e+00 
 4.29866235e+06 -2.49127540e-01  4.29866235e+06 -3.73758393e+00 
 4.64158883e+06 -2.48765926e-01  4.64158883e+06 -3.45795507e+00 
 5.01187234e+06 -2.48323295e-01  5.01187234e+06 -3.19872608e+00 
 5.41169527e+06 -2.47790558e-01  5.41169527e+06 -2.95837382e+00 
 5.84341413e+06 -2.47156958e-01  5.84341413e+06 -2.73548753e+00 
 6.30957344e+06 -2.46409980e-01  6.30957344e+06 -2.52876078e+00 
 6.81292069e+06 -2.45535246e-01  6.81292069e+06 -2.33698404e+00 
 7.35642254e+06 -2.44516451e-01  7.35642254e+06 -2.15903791e+00 
 7.94328235e+06 -2.43335306e-01  7.94328235e+06 -1.99388696e+00 
 8.57695899e+06 -2.41971555e-01  8.57695899e+06 -1.84057403e+00 
 9.26118728e+06 -2.40403049e-01  9.26118728e+06 -1.69821514e+00 
 1.00000000e+07 -2.38605925e-01  1.00000000e+07 -1.56599483e+00 
 1.07977516e+07 -2.36554920e-01  1.07977516e+07 -1.44316193e+00 
 1.16591440e+07 -2.34223836e-01  1.16591440e+07 -1.32902577e+00 
 1.25892541e+07 -2.31586214e-01  1.25892541e+07 -1.22295258e+00 
 1.35935639e+07 -2.28616210e-01  1.35935639e+07 -1.12436229e+00 
 1.46779927e+07 -2.25289723e-01  1.46779927e+07 -1.03272536e+00 
 1.58489319e+07 -2.21585734e-01  1.58489319e+07 -9.47559693e-01 
 1.71132830e+07 -2.17487856e-01  1.71132830e+07 -8.68427519e-01 
 1.84784980e+07 -2.12985997e-01  1.84784980e+07 -7.94932029e-01 
 1.99526231e+07 -2.08078045e-01  1.99526231e+07 -7.26713777e-01 
 2.15443469e+07 -2.02771414e-01  2.15443469e+07 -6.63446726e-01 
 2.32630507e+07 -1.97084252e-01  2.32630507e+07 -6.04833923e-01 
 2.51188643e+07 -1.91046143e-01  2.51188643e+07 -5.50602880e-01 
 2.71227258e+07 -1.84698077e-01  2.71227258e+07 -5.00500797e-01 
 2.92864456e+07 -1.78091587e-01  2.92864456e+07 -4.54289828e-01 
 3.16227766e+07 -1.71286988e-01  3.16227766e+07 -4.11742698e-01 
 3.41454887e+07 -1.64350786e-01  3.41454887e+07 -3.72638935e-01 
 3.68694506e+07 -1.57352438e-01  3.68694506e+07 -3.36762023e-01 
 3.98107171e+07 -1.50360756e-01  3.98107171e+07 -3.03897625e-01 
 4.29866235e+07 -1.43440288e-01  4.29866235e+07 -2.73832995e-01 
 4.64158883e+07 -1.36648032e-01  4.64158883e+07 -2.46357478e-01 
 5.01187234e+07 -1.30030787e-01  5.01187234e+07 -2.21263945e-01 
 5.41169527e+07 -1.23623352e-01  5.41169527e+07 -1.98350879e-01 
 5.84341413e+07 -1.17447659e-01  5.84341413e+07 -1.77424806e-01 
 6.30957344e+07 -1.11512844e-01  6.30957344e+07 -1.58302777e-01 
 6.81292069e+07 -1.05816137e-01  6.81292069e+07 -1.40814631e-01 
 7.35642254e+07 -1.00344416e-01  7.35642254e+07 -1.24804875e-01 
 7.94328235e+07 -9.50762572e-02  7.94328235e+07 -1.10134059e-01 
 8.57695899e+07 -8.99842972e-02  8.57695899e+07 -9.66795838e-02 
 9.26118728e+07 -8.50377653e-02  9.26118728e+07 -8.43359597e-02 
 1.00000000e+08 -8.02050586e-02  1.00000000e+08 -7.30145004e-02 
 1.07977516e+08 -7.54562618e-02  1.07977516e+08 -6.26424941e-02 
 1.16591440e+08 -7.07655177e-02  1.16591440e+08 -5.31618622e-02 
 1.25892541e+08 -6.61131498e-02  1.25892541e+08 -4.45273257e-02 
 1.35935639e+08 -6.14874293e-02  1.35935639e+08 -3.67041105e-02 
 1.46779927e+08 -5.68858547e-02  1.46779927e+08 -2.96652434e-02 
 1.58489319e+08 -5.23158116e-02  1.58489319e+08 -2.33885410e-02 
 1.71132830e+08 -4.77944868e-02  1.71132830e+08 -1.78534454e-02 
 1.84784980e+08 -4.33479574e-02  1.84784980e+08 -1.30379273e-02 
 1.99526231e+08 -3.90094488e-02  1.99526231e+08 -8.91571880e-03 
 2.15443469e+08 -3.48168603e-02  2.15443469e+08 -5.45415742e-03 
 2.32630507e+08 -3.08097691e-02  2.32630507e+08 -2.61288614e-03 
 2.51188643e+08 -2.70262213e-02  2.51188643e+08 -3.43568911e-04 
 2.71227258e+08 -2.34996747e-02  2.71227258e+08  1.40934805e-03 
 2.92864456e+08 -2.02564510e-02  2.92864456e+08  2.70694755e-03 
 3.16227766e+08 -1.73139803e-02  3.16227766e+08  3.61347817e-03 
 3.41454887e+08 -1.46799974e-02  3.41454887e+08  4.19365731e-03 
 3.68694506e+08 -1.23526958e-02  3.68694506e+08  4.51000516e-03 
 3.98107171e+08 -1.03217094e-02  3.98107171e+08  4.62052947e-03 
 4.29866235e+08 -8.56968930e-03  4.29866235e+08  4.57698627e-03 
 4.64158883e+08 -7.07420140e-03  4.64158883e+08  4.42382217e-03 
 5.01187234e+08 -5.80967872e-03  5.01187234e+08  4.19778976e-03 
 5.41169527e+08 -4.74921575e-03  5.41169527e+08  3.92813951e-03 
 5.84341413e+08 -3.86606350e-03  5.84341413e+08  3.63724089e-03 
 6.30957344e+08 -3.13475927e-03  6.30957344e+08  3.34147098e-03 
 6.81292069e+08 -2.53188691e-03  6.81292069e+08  3.05222278e-03 
 7.35642254e+08 -2.03650717e-03  7.35642254e+08  2.77691600e-03 
 7.94328235e+08 -1.63032111e-03  7.94328235e+08  2.51992951e-03 
 8.57695899e+08 -1.29763658e-03  8.57695899e+08  2.28340945e-03 
 9.26118728e+08 -1.02520366e-03  9.26118728e+08  2.06793453e-03 
 1.00000000e+09 -8.01974313e-04  1.00000000e+09  1.87304012e-03 
 1.07977516e+09 -6.18828364e-04  1.07977516e+09  1.69761473e-03 
 1.16591440e+09 -4.68295640e-04  1.16591440e+09  1.54018845e-03 
 1.25892541e+09 -3.44293094e-04  1.25892541e+09  1.39913429e-03 
 1.35935639e+09 -2.41887572e-04  1.35935639e+09  1.27280239e-03 
 1.46779927e+09 -1.57088806e-04  1.46779927e+09  1.15960437e-03 
 1.58489319e+09 -8.66732898e-05  1.58489319e+09  1.05806189e-03 
 1.71132830e+09 -2.80372477e-05  1.71132830e+09  9.66830582e-04 
 1.84784980e+09  2.09242969e-05  1.84784980e+09  8.84707645e-04 
 1.99526231e+09  6.19158999e-05  1.99526231e+09  8.10629163e-04 
 2.15443469e+09  9.63210508e-05  2.15443469e+09  7.43661454e-04 
 2.32630507e+09  1.25265798e-04  2.32630507e+09  6.82989344e-04 
 2.51188643e+09  1.49669554e-04  2.51188643e+09  6.27903270e-04 
 2.71227258e+09  1.70285563e-04  2.71227258e+09  5.77786419e-04 
 2.92864456e+09  1.87733102e-04  2.92864456e+09  5.32102582e-04 
 3.16227766e+09  2.02523109e-04  3.16227766e+09  4.90385095e-04 
 3.41454887e+09  2.15078608e-04  3.41454887e+09  4.52227021e-04 
 3.68694506e+09  2.25751014e-04  3.68694506e+09  4.17272564e-04 
 3.98107171e+09  2.34833189e-04  3.98107171e+09  3.85209674e-04 
 4.29866235e+09  2.42569942e-04  4.29866235e+09  3.55763719e-04 
 4.64158883e+09  2.49166481e-04  4.64158883e+09  3.28692114e-04 
 5.01187234e+09  2.54795264e-04  5.01187234e+09  3.03779777e-04 
 5.41169527e+09  2.59601573e-04  5.41169527e+09  2.80835293e-04 
 5.84341413e+09  2.63708051e-04  5.84341413e+09  2.59687682e-04 
 6.30957344e+09  2.67218435e-04  6.30957344e+09  2.40183678e-04 
 6.81292069e+09  2.70220620e-04  6.81292069e+09  2.22185431e-04 
 7.35642254e+09  2.72789192e-04  7.35642254e+09  2.05568564e-04 
 7.94328235e+09  2.74987533e-04  7.94328235e+09  1.90220530e-04 
 8.57695899e+09  2.76869565e-04  8.57695899e+09  1.76039212e-04 
 9.26118728e+09  2.78481213e-04  9.26118728e+09  1.62931732e-04 
 1.00000000e+10  2.79861629e-04  1.00000000e+10  1.50813427e-04 
