 1.00000000e+00  2.35517734e+02  1.00000000e+00 -2.42954800e-03 
 1.07977516e+00  2.35517734e+02  1.07977516e+00 -2.62336558e-03 
 1.16591440e+00  2.35517734e+02  1.16591440e+00 -2.83264500e-03 
 1.25892541e+00  2.35517734e+02  1.25892541e+00 -3.05861971e-03 
 1.35935639e+00  2.35517734e+02  1.35935639e+00 -3.30262159e-03 
 1.46779927e+00  2.35517734e+02  1.46779927e+00 -3.56608877e-03 
 1.58489319e+00  2.35517734e+02  1.58489319e+00 -3.85057408e-03 
 1.71132830e+00  2.35517734e+02  1.71132830e+00 -4.15775425e-03 
 1.84784980e+00  2.35517734e+02  1.84784980e+00 -4.48943977e-03 
 1.99526231e+00  2.35517734e+02  1.99526231e+00 -4.84758556e-03 
 2.15443469e+00  2.35517734e+02  2.15443469e+00 -5.23430248e-03 
 2.32630507e+00  2.35517734e+02  2.32630507e+00 -5.65186981e-03 
 2.51188643e+00  2.35517734e+02  2.51188643e+00 -6.10274864e-03 
 2.71227258e+00  2.35517734e+02  2.71227258e+00 -6.58959640e-03 
 2.92864456e+00  2.35517734e+02  2.92864456e+00 -7.11528253e-03 
 3.16227766e+00  2.35517734e+02  3.16227766e+00 -7.68290534e-03 
 3.41454887e+00  2.35517734e+02  3.41454887e+00 -8.29581036e-03 
 3.68694506e+00  2.35517734e+02  3.68694506e+00 -8.95760998e-03 
 3.98107171e+00  2.35517734e+02  3.98107171e+00 -9.67220477e-03 
 4.29866235e+00  2.35517734e+02  4.29866235e+00 -1.04438065e-02 
 4.64158883e+00  2.35517734e+02  4.64158883e+00 -1.12769628e-02 
 5.01187234e+00  2.35517734e+02  5.01187234e+00 -1.21765844e-02 
 5.41169527e+00  2.35517734e+02  5.41169527e+00 -1.31479733e-02 
 5.84341413e+00  2.35517734e+02  5.84341413e+00 -1.41968550e-02 
 6.30957344e+00  2.35517733e+02  6.30957344e+00 -1.53294115e-02 
 6.81292069e+00  2.35517733e+02  6.81292069e+00 -1.65523177e-02 
 7.35642254e+00  2.35517733e+02  7.35642254e+00 -1.78727815e-02 
 7.94328235e+00  2.35517733e+02  7.94328235e+00 -1.92985856e-02 
 8.57695899e+00  2.35517733e+02  8.57695899e+00 -2.08381334e-02 
 9.26118728e+00  2.35517732e+02  9.26118728e+00 -2.25004988e-02 
 1.00000000e+01  2.35517732e+02  1.00000000e+01 -2.42954797e-02 
 1.07977516e+01  2.35517732e+02  1.07977516e+01 -2.62336555e-02 
 1.16591440e+01  2.35517731e+02  1.16591440e+01 -2.83264496e-02 
 1.25892541e+01  2.35517730e+02  1.25892541e+01 -3.05861966e-02 
 1.35935639e+01  2.35517730e+02  1.35935639e+01 -3.30262153e-02 
 1.46779927e+01  2.35517729e+02  1.46779927e+01 -3.56608869e-02 
 1.58489319e+01  2.35517728e+02  1.58489319e+01 -3.85057398e-02 
 1.71132830e+01  2.35517727e+02  1.71132830e+01 -4.15775412e-02 
 1.84784980e+01  2.35517726e+02  1.84784980e+01 -4.48943961e-02 
 1.99526231e+01  2.35517724e+02  1.99526231e+01 -4.84758535e-02 
 2.15443469e+01  2.35517723e+02  2.15443469e+01 -5.23430222e-02 
 2.32630507e+01  2.35517721e+02  2.32630507e+01 -5.65186949e-02 
 2.51188643e+01  2.35517719e+02  2.51188643e+01 -6.10274824e-02 
 2.71227258e+01  2.35517716e+02  2.71227258e+01 -6.58959589e-02 
 2.92864456e+01  2.35517713e+02  2.92864456e+01 -7.11528188e-02 
 3.16227766e+01  2.35517709e+02  3.16227766e+01 -7.68290453e-02 
 3.41454887e+01  2.35517705e+02  3.41454887e+01 -8.29580934e-02 
 3.68694506e+01  2.35517700e+02  3.68694506e+01 -8.95760870e-02 
 3.98107171e+01  2.35517695e+02  3.98107171e+01 -9.67220315e-02 
 4.29866235e+01  2.35517688e+02  4.29866235e+01 -1.04438044e-01 
 4.64158883e+01  2.35517680e+02  4.64158883e+01 -1.12769603e-01 
 5.01187234e+01  2.35517672e+02  5.01187234e+01 -1.21765811e-01 
 5.41169527e+01  2.35517661e+02  5.41169527e+01 -1.31479693e-01 
 5.84341413e+01  2.35517649e+02  5.84341413e+01 -1.41968499e-01 
 6.30957344e+01  2.35517635e+02  6.30957344e+01 -1.53294050e-01 
 6.81292069e+01  2.35517618e+02  6.81292069e+01 -1.65523096e-01 
 7.35642254e+01  2.35517599e+02  7.35642254e+01 -1.78727714e-01 
 7.94328235e+01  2.35517576e+02  7.94328235e+01 -1.92985728e-01 
 8.57695899e+01  2.35517550e+02  8.57695899e+01 -2.08381172e-01 
 9.26118728e+01  2.35517520e+02  9.26118728e+01 -2.25004785e-01 
 1.00000000e+02  2.35517484e+02  1.00000000e+02 -2.42954541e-01 
 1.07977516e+02  2.35517442e+02  1.07977516e+02 -2.62336233e-01 
 1.16591440e+02  2.35517394e+02  1.16591440e+02 -2.83264090e-01 
 1.25892541e+02  2.35517337e+02  1.25892541e+02 -3.05861456e-01 
 1.35935639e+02  2.35517272e+02  1.35935639e+02 -3.30261511e-01 
 1.46779927e+02  2.35517195e+02  1.46779927e+02 -3.56608060e-01 
 1.58489319e+02  2.35517105e+02  1.58489319e+02 -3.85056379e-01 
 1.71132830e+02  2.35517001e+02  1.71132830e+02 -4.15774130e-01 
 1.84784980e+02  2.35516879e+02  1.84784980e+02 -4.48942347e-01 
 1.99526231e+02  2.35516737e+02  1.99526231e+02 -4.84756504e-01 
 2.15443469e+02  2.35516572e+02  2.15443469e+02 -5.23427665e-01 
 2.32630507e+02  2.35516379e+02  2.32630507e+02 -5.65183729e-01 
 2.51188643e+02  2.35516154e+02  2.51188643e+02 -6.10270770e-01 
 2.71227258e+02  2.35515891e+02  2.71227258e+02 -6.58954486e-01 
 2.92864456e+02  2.35515586e+02  2.92864456e+02 -7.11521763e-01 
 3.16227766e+02  2.35515229e+02  3.16227766e+02 -7.68282365e-01 
 3.41454887e+02  2.35514813e+02  3.41454887e+02 -8.29570752e-01 
 3.68694506e+02  2.35514329e+02  3.68694506e+02 -8.95748051e-01 
 3.98107171e+02  2.35513764e+02  3.98107171e+02 -9.67204177e-01 
 4.29866235e+02  2.35513105e+02  4.29866235e+02 -1.04436013e+00 
 4.64158883e+02  2.35512337e+02  4.64158883e+02 -1.12767045e+00 
 5.01187234e+02  2.35511441e+02  5.01187234e+02 -1.21762591e+00 
 5.41169527e+02  2.35510397e+02  5.41169527e+02 -1.31475639e+00 
 5.84341413e+02  2.35509180e+02  5.84341413e+02 -1.41963396e+00 
 6.30957344e+02  2.35507761e+02  6.30957344e+02 -1.53287626e+00 
 6.81292069e+02  2.35506106e+02  6.81292069e+02 -1.65515008e+00 
 7.35642254e+02  2.35504177e+02  7.35642254e+02 -1.78717531e+00 
 7.94328235e+02  2.35501927e+02  7.94328235e+02 -1.92972909e+00 
 8.57695899e+02  2.35499305e+02  8.57695899e+02 -2.08365035e+00 
 9.26118728e+02  2.35496248e+02  9.26118728e+02 -2.24984469e+00 
 1.00000000e+03  2.35492683e+02  1.00000000e+03 -2.42928966e+00 
 1.07977516e+03  2.35488527e+02  1.07977516e+03 -2.62304036e+00 
 1.16591440e+03  2.35483682e+02  1.16591440e+03 -2.83223558e+00 
 1.25892541e+03  2.35478033e+02  1.25892541e+03 -3.05810429e+00 
 1.35935639e+03  2.35471447e+02  1.35935639e+03 -3.30197274e+00 
 1.46779927e+03  2.35463769e+02  1.46779927e+03 -3.56527194e+00 
 1.58489319e+03  2.35454818e+02  1.58489319e+03 -3.84954579e+00 
 1.71132830e+03  2.35444383e+02  1.71132830e+03 -4.15645977e+00 
 1.84784980e+03  2.35432217e+02  1.84784980e+03 -4.48781020e+00 
 1.99526231e+03  2.35418035e+02  1.99526231e+03 -4.84553417e+00 
 2.15443469e+03  2.35401501e+02  2.15443469e+03 -5.23172012e+00 
 2.32630507e+03  2.35382227e+02  2.32630507e+03 -5.64861908e+00 
 2.51188643e+03  2.35359760e+02  2.51188643e+03 -6.09865660e+00 
 2.71227258e+03  2.35333570e+02  2.71227258e+03 -6.58444540e+00 
 2.92864456e+03  2.35303042e+02  2.92864456e+03 -7.10879864e+00 
 3.16227766e+03  2.35267460e+02  3.16227766e+03 -7.67474385e+00 
 3.41454887e+03  2.35225987e+02  3.41454887e+03 -8.28553746e+00 
 3.68694506e+03  2.35177652e+02  3.68694506e+03 -8.94467982e+00 
 3.98107171e+03  2.35121322e+02  3.98107171e+03 -9.65593056e+00 
 4.29866235e+03  2.35055681e+02  4.29866235e+03 -1.04233242e+01 
 4.64158883e+03  2.34979194e+02  4.64158883e+03 -1.12511855e+01 
 5.01187234e+03  2.34890081e+02  5.01187234e+03 -1.21441450e+01 
 5.41169527e+03  2.34786267e+02  5.41169527e+03 -1.31071526e+01 
 5.84341413e+03  2.34665346e+02  5.84341413e+03 -1.41454913e+01 
 6.30957344e+03  2.34524518e+02  6.30957344e+03 -1.52647871e+01 
 6.81292069e+03  2.34360539e+02  6.81292069e+03 -1.64710173e+01 
 7.35642254e+03  2.34169642e+02  7.35642254e+03 -1.77705137e+01 
 7.94328235e+03  2.33947465e+02  7.94328235e+03 -1.91699601e+01 
 8.57695899e+03  2.33688957e+02  8.57695899e+03 -2.06763824e+01 
 9.26118728e+03  2.33388278e+02  9.26118728e+03 -2.22971283e+01 
 1.00000000e+04  2.33038689e+02  1.00000000e+04 -2.40398348e+01 
 1.07977516e+04  2.32632416e+02  1.07977516e+04 -2.59123785e+01 
 1.16591440e+04  2.32160522e+02  1.16591440e+04 -2.79228060e+01 
 1.25892541e+04  2.31612745e+02  1.25892541e+04 -3.00792380e+01 
 1.35935639e+04  2.30977337e+02  1.35935639e+04 -3.23897426e+01 
 1.46779927e+04  2.30240892e+02  1.46779927e+04 -3.48621690e+01 
 1.58489319e+04  2.29388166e+02  1.58489319e+04 -3.75039364e+01 
 1.71132830e+04  2.28401898e+02  1.71132830e+04 -4.03217662e+01 
 1.84784980e+04  2.27262646e+02  1.84784980e+04 -4.33213517e+01 
 1.99526231e+04  2.25948637e+02  1.99526231e+04 -4.65069541e+01 
 2.15443469e+04  2.24435666e+02  2.15443469e+04 -4.98809164e+01 
 2.32630507e+04  2.22697047e+02  2.32630507e+04 -5.34430902e+01 
 2.51188643e+04  2.20703661e+02  2.51188643e+04 -5.71901712e+01 
 2.71227258e+04  2.18424122e+02  2.71227258e+04 -6.11149481e+01 
 2.92864456e+04  2.15825100e+02  2.92864456e+04 -6.52054755e+01 
 3.16227766e+04  2.12871862e+02  3.16227766e+04 -6.94441972e+01 
 3.41454887e+04  2.09529048e+02  3.41454887e+04 -7.38070594e+01 
 3.68694506e+04  2.05761742e+02  3.68694506e+04 -7.82626747e+01 
 3.98107171e+04  2.01536861e+02  3.98107171e+04 -8.27716194e+01 
 4.29866235e+04  1.96824872e+02  4.29866235e+04 -8.72859689e+01 
 4.64158883e+04  1.91601811e+02  4.64158883e+04 -9.17491940e+01 
 5.01187234e+04  1.85851538e+02  5.01187234e+04 -9.60965512e+01 
 5.41169527e+04  1.79568106e+02  5.41169527e+04 -1.00256093e+02 
 5.84341413e+04  1.72758059e+02  5.84341413e+04 -1.04150394e+02 
 6.30957344e+04  1.65442439e+02  6.30957344e+04 -1.07699039e+02 
 6.81292069e+04  1.57658211e+02  6.81292069e+04 -1.10821824e+02 
 7.35642254e+04  1.49458857e+02  7.35642254e+04 -1.13442526e+02 
 7.94328235e+04  1.40913899e+02  7.94328235e+04 -1.15492987e+02 
 8.57695899e+04  1.32107217e+02  8.57695899e+04 -1.16917155e+02 
 9.26118728e+04  1.23134176e+02  9.26118728e+04 -1.17674664e+02 
 1.00000000e+05  1.14097709e+02  1.00000000e+05 -1.17743559e+02 
 1.07977516e+05  1.05103696e+02  1.07977516e+05 -1.17121826e+02 
 1.16591440e+05  9.62560408e+01  1.16591440e+05 -1.15827536e+02 
 1.25892541e+05  8.76519521e+01  1.25892541e+05 -1.13897575e+02 
 1.35935639e+05  7.93778597e+01  1.35935639e+05 -1.11385142e+02 
 1.46779927e+05  7.15063123e+01  1.46779927e+05 -1.08356302e+02 
 1.58489319e+05  6.40940560e+01  1.58489319e+05 -1.04886001e+02 
 1.71132830e+05  5.71813246e+01  1.71132830e+05 -1.01053967e+02 
 1.84784980e+05  5.07922338e+01  1.84784980e+05 -9.69408511e+01 
 1.99526231e+05  4.49360662e+01  1.99526231e+05 -9.26248933e+01 
 2.15443469e+05  3.96091805e+01  2.15443469e+05 -8.81792921e+01 
 2.32630507e+05  3.47972734e+01  2.32630507e+05 -8.36703255e+01 
 2.51188643e+05  3.04777510e+01  2.51188643e+05 -7.91562049e+01 
 2.71227258e+05  2.66220181e+01  2.71227258e+05 -7.46865711e+01 
 2.92864456e+05  2.31975509e+01  2.92864456e+05 -7.03025106e+01 
 3.16227766e+05  2.01696772e+01  3.16227766e+05 -6.60369585e+01 
 3.41454887e+05  1.75030298e+01  3.41454887e+05 -6.19153628e+01 
 3.68694506e+05  1.51626789e+01  3.68694506e+05 -5.79565016e+01 
 3.98107171e+05  1.31149676e+01  3.98107171e+05 -5.41733649e+01 
 4.29866235e+05  1.13280910e+01  4.29866235e+05 -5.05740372e+01 
 4.64158883e+05  9.77246070e+00  4.64158883e+05 -4.71625371e+01 
 5.01187234e+05  8.42090097e+00  5.01187234e+05 -4.39395846e+01 
 5.41169527e+05  7.24871404e+00  5.41169527e+05 -4.09032832e+01 
 5.84341413e+05  6.23365097e+00  5.84341413e+05 -3.80497117e+01 
 6.30957344e+05  5.35581609e+00  6.30957344e+05 -3.53734269e+01 
 6.81292069e+05  4.59752810e+00  6.81292069e+05 -3.28678828e+01 
 7.35642254e+05  3.94315583e+00  7.35642254e+05 -3.05257759e+01 
 7.94328235e+05  3.37894169e+00  7.94328235e+05 -2.83393238e+01 
 8.57695899e+05  2.89282270e+00  8.57695899e+05 -2.63004872e+01 
 9.26118728e+05  2.47425562e+00  9.26118728e+05 -2.44011445e+01 
 1.00000000e+06  2.11405059e+00  1.00000000e+06 -2.26332255e+01 
 1.07977516e+06  1.80421604e+00  1.07977516e+06 -2.09888135e+01 
 1.16591440e+06  1.53781626e+00  1.16591440e+06 -1.94602190e+01 
 1.25892541e+06  1.30884210e+00  1.25892541e+06 -1.80400336e+01 
 1.35935639e+06  1.11209473e+00  1.35935639e+06 -1.67211651e+01 
 1.46779927e+06  9.43081990e-01  1.46779927e+06 -1.54968603e+01 
 1.58489319e+06  7.97926388e-01  1.58489319e+06 -1.43607170e+01 
 1.71132830e+06  6.73284093e-01  1.71132830e+06 -1.33066870e+01 
 1.84784980e+06  5.66273705e-01  1.84784980e+06 -1.23290747e+01 
 1.99526231e+06  4.74413969e-01  1.99526231e+06 -1.14225293e+01 
 2.15443469e+06  3.95569424e-01  2.15443469e+06 -1.05820353e+01 
 2.32630507e+06  3.27903115e-01  2.32630507e+06 -9.80289938e+00 
 2.51188643e+06  2.69835530e-01  2.51188643e+06 -9.08073671e+00 
 2.71227258e+06  2.20009015e-01  2.71227258e+06 -8.41145581e+00 
 2.92864456e+06  1.77256971e-01  2.92864456e+06 -7.79124314e+00 
 3.16227766e+06  1.40577241e-01  3.16227766e+06 -7.21654750e+00 
 3.41454887e+06  1.09109126e-01  3.41454887e+06 -6.68406458e+00 
 3.68694506e+06  8.21135726e-02  3.68694506e+06 -6.19072187e+00 
 3.98107171e+06  5.89560917e-02  3.98107171e+06 -5.73366405e+00 
 4.29866235e+06  3.90920498e-02  4.29866235e+06 -5.31023888e+00 
 4.64158883e+06  2.20540121e-02  4.64158883e+06 -4.91798383e+00 
 5.01187234e+06  7.44085408e-03  5.01187234e+06 -4.55461329e+00 
 5.41169527e+06 -5.09160060e-03  5.41169527e+06 -4.21800650e+00 
 5.84341413e+06 -1.58386259e-02  5.84341413e+06 -3.90619613e+00 
 6.30957344e+06 -2.50535060e-02  6.30957344e+06 -3.61735764e+00 
 6.81292069e+06 -3.29534724e-02  6.81292069e+06 -3.34979913e+00 
 7.35642254e+06 -3.97248008e-02  7.35642254e+06 -3.10195201e+00 
 7.94328235e+06 -4.55271861e-02  7.94328235e+06 -2.87236217e+00 
 8.57695899e+06 -5.04974957e-02  8.57695899e+06 -2.65968174e+00 
 9.26118728e+06 -5.47529889e-02  9.26118728e+06 -2.46266146e+00 
 1.00000000e+07 -5.83940769e-02  1.00000000e+07 -2.28014353e+00 
 1.07977516e+07 -6.15066874e-02  1.07977516e+07 -2.11105497e+00 
 1.16591440e+07 -6.41642896e-02  1.16591440e+07 -1.95440145e+00 
 1.25892541e+07 -6.64296269e-02  1.25892541e+07 -1.80926153e+00 
 1.35935639e+07 -6.83561981e-02  1.35935639e+07 -1.67478134e+00 
 1.46779927e+07 -6.99895215e-02  1.46779927e+07 -1.55016965e+00 
 1.58489319e+07 -7.13682126e-02  1.58489319e+07 -1.43469324e+00 
 1.71132830e+07 -7.25249004e-02  1.71132830e+07 -1.32767265e+00 
 1.84784980e+07 -7.34870053e-02  1.84784980e+07 -1.22847829e+00 
 1.99526231e+07 -7.42773959e-02  1.99526231e+07 -1.13652670e+00 
 2.15443469e+07 -7.49149432e-02  2.15443469e+07 -1.05127724e+00 
 2.32630507e+07 -7.54149849e-02  2.32630507e+07 -9.72228951e-01 
 2.51188643e+07 -7.57897124e-02  2.51188643e+07 -8.98917645e-01 
 2.71227258e+07 -7.60484928e-02  2.71227258e+07 -8.30913290e-01 
 2.92864456e+07 -7.61981347e-02  2.92864456e+07 -7.67817544e-01 
 3.16227766e+07 -7.62431086e-02  3.16227766e+07 -7.09261525e-01 
 3.41454887e+07 -7.61857303e-02  3.41454887e+07 -6.54903761e-01 
 3.68694506e+07 -7.60263185e-02  3.68694506e+07 -6.04428324e-01 
 3.98107171e+07 -7.57633354e-02  3.98107171e+07 -5.57543143e-01 
 4.29866235e+07 -7.53935226e-02  4.29866235e+07 -5.13978470e-01 
 4.64158883e+07 -7.49120443e-02  4.64158883e+07 -4.73485518e-01 
 5.01187234e+07 -7.43126521e-02  5.01187234e+07 -4.35835230e-01 
 5.41169527e+07 -7.35878872e-02  5.41169527e+07 -4.00817188e-01 
 5.84341413e+07 -7.27293353e-02  5.84341413e+07 -3.68238641e-01 
 6.30957344e+07 -7.17279517e-02  6.30957344e+07 -3.37923626e-01 
 6.81292069e+07 -7.05744703e-02  6.81292069e+07 -3.09712154e-01 
 7.35642254e+07 -6.92599096e-02  7.35642254e+07 -2.83459448e-01 
 7.94328235e+07 -6.77761771e-02  7.94328235e+07 -2.59035160e-01 
 8.57695899e+07 -6.61167684e-02  8.57695899e+07 -2.36322548e-01 
 9.26118728e+07 -6.42775371e-02  9.26118728e+07 -2.15217556e-01 
 1.00000000e+08 -6.22574992e-02  1.00000000e+08 -1.95627746e-01 
 1.07977516e+08 -6.00596116e-02  1.07977516e+08 -1.77471052e-01 
 1.16591440e+08 -5.76914501e-02  1.16591440e+08 -1.60674336e-01 
 1.25892541e+08 -5.51656983e-02  1.25892541e+08 -1.45171753e-01 
 1.35935639e+08 -5.25003609e-02  1.35935639e+08 -1.30902979e-01 
 1.46779927e+08 -4.97186242e-02  1.46779927e+08 -1.17811364e-01 
 1.58489319e+08 -4.68483225e-02  1.58489319e+08 -1.05842150e-01 
 1.71132830e+08 -4.39210096e-02  1.71132830e+08 -9.49408558e-02 
 1.84784980e+08 -4.09706884e-02  1.84784980e+08 -8.50519839e-02 
 1.99526231e+08 -3.80323038e-02  1.99526231e+08 -7.61181443e-02 
 2.15443469e+08 -3.51401376e-02  2.15443469e+08 -6.80796582e-02 
 2.32630507e+08 -3.23262649e-02  2.32630507e+08 -6.08746504e-02 
 2.51188643e+08 -2.96192168e-02  2.51188643e+08 -5.44395726e-02 
 2.71227258e+08 -2.70429630e-02  2.71227258e+08 -4.87100566e-02 
 2.92864456e+08 -2.46162810e-02  2.92864456e+08 -4.36219661e-02 
 3.16227766e+08 -2.23525206e-02  3.16227766e+08 -3.91125086e-02 
 3.41454887e+08 -2.02597324e-02  3.41454887e+08 -3.51212845e-02 
 3.68694506e+08 -1.83410869e-02  3.68694506e+08 -3.15911813e-02 
 3.98107171e+08 -1.65955004e-02  3.98107171e+08 -2.84690545e-02 
 4.29866235e+08 -1.50183768e-02  4.29866235e+08 -2.57061742e-02 
 4.64158883e+08 -1.36023859e-02  4.64158883e+08 -2.32584444e-02 
 5.01187234e+08 -1.23382152e-02  5.01187234e+08 -2.10864238e-02 
 5.41169527e+08 -1.12152520e-02  5.41169527e+08 -1.91551853e-02 
 5.84341413e+08 -1.02221683e-02  5.84341413e+08 -1.74340596e-02 
 6.30957344e+08 -9.34739936e-03  6.30957344e+08 -1.58963008e-02 
 6.81292069e+08 -8.57951729e-03  6.81292069e+08 -1.45187111e-02 
 7.35642254e+08 -7.90750629e-03  7.35642254e+08 -1.32812512e-02 
 7.94328235e+08 -7.32095396e-03  7.94328235e+08 -1.21666577e-02 
 8.57695899e+08 -6.81017226e-03  8.57695899e+08 -1.11600820e-02 
 9.26118728e+08 -6.36626249e-03  9.26118728e+08 -1.02487576e-02 
 1.00000000e+09 -5.98113755e-03  1.00000000e+09 -9.42170292e-03 
 1.07977516e+09 -5.64751275e-03  1.07977516e+09 -8.66945791e-03 
 1.16591440e+09 -5.35887464e-03  1.16591440e+09 -7.98385548e-03 
 1.25892541e+09 -5.10943554e-03  1.25892541e+09 -7.35782484e-03 
 1.35935639e+09 -4.89407950e-03  1.35935639e+09 -6.78522381e-03 
 1.46779927e+09 -4.70830425e-03  1.46779927e+09 -6.26069697e-03 
 1.58489319e+09 -4.54816226e-03  1.58489319e+09 -5.77955613e-03 
 1.71132830e+09 -4.41020319e-03  1.71132830e+09 -5.33768017e-03 
 1.84784980e+09 -4.29141917e-03  1.84784980e+09 -4.93143125e-03 
 1.99526231e+09 -4.18919386e-03  1.99526231e+09 -4.55758482e-03 
 2.15443469e+09 -4.10125579e-03  2.15443469e+09 -4.21327114e-03 
 2.32630507e+09 -4.02563593e-03  2.32630507e+09 -3.89592640e-03 
 2.51188643e+09 -3.96062983e-03  2.51188643e+09 -3.60325180e-03 
 2.71227258e+09 -3.90476369e-03  2.71227258e+09 -3.33317914e-03 
 2.92864456e+09 -3.85676449e-03  2.92864456e+09 -3.08384186e-03 
 3.16227766e+09 -3.81553355e-03  3.16227766e+09 -2.85355051e-03 
 3.41454887e+09 -3.78012338e-03  3.41454887e+09 -2.64077192e-03 
 3.68694506e+09 -3.74971746e-03  3.68694506e+09 -2.44411144e-03 
 3.98107171e+09 -3.72361248e-03  3.98107171e+09 -2.26229770e-03 
 4.29866235e+09 -3.70120304e-03  4.29866235e+09 -2.09416945e-03 
 4.64158883e+09 -3.68196818e-03  4.64158883e+09 -1.93866421e-03 
 5.01187234e+09 -3.66545985e-03  5.01187234e+09 -1.79480839e-03 
 5.41169527e+09 -3.65129280e-03  5.41169527e+09 -1.66170862e-03 
 5.84341413e+09 -3.63913592e-03  5.84341413e+09 -1.53854416e-03 
 6.30957344e+09 -3.62870466e-03  6.30957344e+09 -1.42456021e-03 
 6.81292069e+09 -3.61975459e-03  6.81292069e+09 -1.31906196e-03 
 7.35642254e+09 -3.61207578e-03  7.35642254e+09 -1.22140929e-03 
 7.94328235e+09 -3.60548794e-03  7.94328235e+09 -1.13101208e-03 
 8.57695899e+09 -3.59983628e-03  8.57695899e+09 -1.04732593e-03 
 9.26118728e+09 -3.59498791e-03  9.26118728e+09 -9.69848395e-04 
 1.00000000e+10 -3.59082878e-03  1.00000000e+10 -8.98115477e-04 
