 1.00000000e+00  2.75053854e+04  1.00000000e+00 -2.12516221e+02 
 1.07977516e+00  2.75051130e+04  1.07977516e+00 -2.29467465e+02 
 1.16591440e+00  2.75047954e+04  1.16591440e+00 -2.47770408e+02 
 1.25892541e+00  2.75044251e+04  1.25892541e+00 -2.67532731e+02 
 1.35935639e+00  2.75039934e+04  1.35935639e+00 -2.88870664e+02 
 1.46779927e+00  2.75034901e+04  1.46779927e+00 -3.11909660e+02 
 1.58489319e+00  2.75029033e+04  1.58489319e+00 -3.36785119e+02 
 1.71132830e+00  2.75022192e+04  1.71132830e+00 -3.63643161e+02 
 1.84784980e+00  2.75014217e+04  1.84784980e+00 -3.92641466e+02 
 1.99526231e+00  2.75004918e+04  1.99526231e+00 -4.23950169e+02 
 2.15443469e+00  2.74994078e+04  2.15443469e+00 -4.57752818e+02 
 2.32630507e+00  2.74981440e+04  2.32630507e+00 -4.94247409e+02 
 2.51188643e+00  2.74966707e+04  2.51188643e+00 -5.33647483e+02 
 2.71227258e+00  2.74949531e+04  2.71227258e+00 -5.76183305e+02 
 2.92864456e+00  2.74929508e+04  2.92864456e+00 -6.22103116e+02 
 3.16227766e+00  2.74906167e+04  3.16227766e+00 -6.71674465e+02 
 3.41454887e+00  2.74878959e+04  3.41454887e+00 -7.25185625e+02 
 3.68694506e+00  2.74847243e+04  3.68694506e+00 -7.82947079e+02 
 3.98107171e+00  2.74810274e+04  3.98107171e+00 -8.45293098e+02 
 4.29866235e+00  2.74767184e+04  4.29866235e+00 -9.12583380e+02 
 4.64158883e+00  2.74716961e+04  4.64158883e+00 -9.85204761e+02 
 5.01187234e+00  2.74658429e+04  5.01187234e+00 -1.06357298e+03 
 5.41169527e+00  2.74590218e+04  5.41169527e+00 -1.14813448e+03 
 5.84341413e+00  2.74510732e+04  5.84341413e+00 -1.23936824e+03 
 6.30957344e+00  2.74418116e+04  6.30957344e+00 -1.33778755e+03 
 6.81292069e+00  2.74310212e+04  6.81292069e+00 -1.44394178e+03 
 7.35642254e+00  2.74184513e+04  7.35642254e+00 -1.55841804e+03 
 7.94328235e+00  2.74038105e+04  7.94328235e+00 -1.68184256e+03 
 8.57695899e+00  2.73867602e+04  8.57695899e+00 -1.81488195e+03 
 9.26118728e+00  2.73669077e+04  9.26118728e+00 -1.95824394e+03 
 1.00000000e+01  2.73437978e+04  1.00000000e+01 -2.11267765e+03 
 1.07977516e+01  2.73169029e+04  1.07977516e+01 -2.27897313e+03 
 1.16591440e+01  2.72856124e+04  1.16591440e+01 -2.45795991e+03 
 1.25892541e+01  2.72492208e+04  1.25892541e+01 -2.65050436e+03 
 1.35935639e+01  2.72069137e+04  1.35935639e+01 -2.85750540e+03 
 1.46779927e+01  2.71577527e+04  1.46779927e+01 -3.07988826e+03 
 1.58489319e+01  2.71006591e+04  1.58489319e+01 -3.31859563e+03 
 1.71132830e+01  2.70343952e+04  1.71132830e+01 -3.57457569e+03 
 1.84784980e+01  2.69575452e+04  1.84784980e+01 -3.84876629e+03 
 1.99526231e+01  2.68684944e+04  1.99526231e+01 -4.14207438e+03 
 2.15443469e+01  2.67654088e+04  2.15443469e+01 -4.45534985e+03 
 2.32630507e+01  2.66462142e+04  2.32630507e+01 -4.78935269e+03 
 2.51188643e+01  2.65085769e+04  2.51188643e+01 -5.14471238e+03 
 2.71227258e+01  2.63498882e+04  2.71227258e+01 -5.52187857e+03 
 2.92864456e+01  2.61672529e+04  2.92864456e+01 -5.92106197e+03 
 3.16227766e+01  2.59574868e+04  3.16227766e+01 -6.34216484e+03 
 3.41454887e+01  2.57171245e+04  3.41454887e+01 -6.78470099e+03 
 3.68694506e+01  2.54424430e+04  3.68694506e+01 -7.24770574e+03 
 3.98107171e+01  2.51295053e+04  3.98107171e+01 -7.72963765e+03 
 4.29866235e+01  2.47742292e+04  4.29866235e+01 -8.22827541e+03 
 4.64158883e+01  2.43724856e+04  4.64158883e+01 -8.74061494e+03 
 5.01187234e+01  2.39202328e+04  5.01187234e+01 -9.26277452e+03 
 5.41169527e+01  2.34136875e+04  5.41169527e+01 -9.78991821e+03 
 5.84341413e+01  2.28495338e+04  5.84341413e+01 -1.03162102e+04 
 6.30957344e+01  2.22251670e+04  6.30957344e+01 -1.08348152e+04 
 6.81292069e+01  2.15389609e+04  6.81292069e+01 -1.13379597e+04 
 7.35642254e+01  2.07905453e+04  7.35642254e+01 -1.18170694e+04 
 7.94328235e+01  1.99810686e+04  7.94328235e+01 -1.22629915e+04 
 8.57695899e+01  1.91134186e+04  8.57695899e+01 -1.26663061e+04 
 9.26118728e+01  1.81923691e+04  9.26118728e+01 -1.30177178e+04 
 1.00000000e+02  1.72246209e+04  1.00000000e+02 -1.33085077e+04 
 1.07977516e+02  1.62187139e+04  1.07977516e+02 -1.35310132e+04 
 1.16591440e+02  1.51847968e+04  1.16591440e+02 -1.36790915e+04 
 1.25892541e+02  1.41342599e+04  1.25892541e+02 -1.37485179e+04 
 1.35935639e+02  1.30792548e+04  1.35935639e+02 -1.37372735e+04 
 1.46779927e+02  1.20321404e+04  1.46779927e+02 -1.36456871e+04 
 1.58489319e+02  1.10049101e+04  1.58489319e+02 -1.34764113e+04 
 1.71132830e+02  1.00086532e+04  1.71132830e+02 -1.32342385e+04 
 1.84784980e+02  9.05310239e+03  1.84784980e+02 -1.29257775e+04 
 1.99526231e+02  8.14630344e+03  1.99526231e+02 -1.25590325e+04 
 2.15443469e+02  7.29442460e+03  2.15443469e+02 -1.21429302e+04 
 2.32630507e+02  6.50170627e+03  2.32630507e+02 -1.16868441e+04 
 2.51188643e+02  5.77053442e+03  2.51188643e+02 -1.12001558e+04 
 2.71227258e+02  5.10161085e+03  2.71227258e+02 -1.06918850e+04 
 2.92864456e+02  4.49418881e+03  2.92864456e+02 -1.01704019e+04 
 3.16227766e+02  3.94634247e+03  3.16227766e+02 -9.64322948e+03 
 3.41454887e+02  3.45524329e+03  3.41454887e+02 -9.11692860e+03 
 3.68694506e+02  3.01742247e+03  3.68694506e+02 -8.59705494e+03 
 3.98107171e+02  2.62900542e+03  3.98107171e+02 -8.08817309e+03 
 4.29866235e+02  2.28591060e+03  4.29866235e+02 -7.59391216e+03 
 4.64158883e+02  1.98401022e+03  4.64158883e+02 -7.11704866e+03 
 5.01187234e+02  1.71925378e+03  5.01187234e+02 -6.65960450e+03 
 5.41169527e+02  1.48775808e+03  5.41169527e+02 -6.22295058e+03 
 5.84341413e+02  1.28586831e+03  5.84341413e+02 -5.80790905e+03 
 6.30957344e+02  1.11019557e+03  6.30957344e+02 -5.41484954e+03 
 6.81292069e+02  9.57635679e+02  6.81292069e+02 -5.04377645e+03 
 7.35642254e+02  8.25373812e+02  7.35642254e+02 -4.69440615e+03 
 7.94328235e+02  7.10879007e+02  7.94328235e+02 -4.36623353e+03 
 8.57695899e+02  6.11891562e+02  8.57695899e+02 -4.05858825e+03 
 9.26118728e+02  5.26405951e+02  9.26118728e+02 -3.77068164e+03 
 1.00000000e+03  4.52651176e+02  1.00000000e+03 -3.50164495e+03 
 1.07977516e+03  3.89070009e+02  1.07977516e+03 -3.25056027e+03 
 1.16591440e+03  3.34298139e+02  1.16591440e+03 -3.01648504e+03 
 1.25892541e+03  2.87143960e+02  1.25892541e+03 -2.79847119e+03 
 1.35935639e+03  2.46569438e+02  1.35935639e+03 -2.59557983e+03 
 1.46779927e+03  2.11672347e+02  1.46779927e+03 -2.40689229e+03 
 1.58489319e+03  1.81669998e+02  1.58489319e+03 -2.23151814e+03 
 1.71132830e+03  1.55884512e+02  1.71132830e+03 -2.06860092e+03 
 1.84784980e+03  1.33729605e+02  1.84784980e+03 -1.91732184e+03 
 1.99526231e+03  1.14698818e+02  1.99526231e+03 -1.77690215e+03 
 2.15443469e+03  9.83550966e+01  2.15443469e+03 -1.64660420e+03 
 2.32630507e+03  8.43216084e+01  2.32630507e+03 -1.52573176e+03 
 2.51188643e+03  7.22736895e+01  2.51188643e+03 -1.41362952e+03 
 2.71227258e+03  6.19318019e+01  2.71227258e+03 -1.30968227e+03 
 2.92864456e+03  5.30553937e+01  2.92864456e+03 -1.21331354e+03 
 3.16227766e+03  4.54375593e+01  3.16227766e+03 -1.12398415e+03 
 3.41454887e+03  3.89004052e+01  3.41454887e+03 -1.04119054e+03 
 3.68694506e+03  3.32910350e+01  3.68694506e+03 -9.64462937e+02 
 3.98107171e+03  2.84780757e+01  3.98107171e+03 -8.93363627e+02 
 4.29866235e+03  2.43486766e+01  4.29866235e+03 -8.27485080e+02 
 4.64158883e+03  2.08059191e+01  4.64158883e+03 -7.66448176e+02 
 5.01187234e+03  1.77665827e+01  5.01187234e+03 -7.09900453e+02 
 5.41169527e+03  1.51592208e+01  5.41169527e+03 -6.57514414e+02 
 5.84341413e+03  1.29225032e+01  5.84341413e+03 -6.08985902e+02 
 6.30957344e+03  1.10037897e+01  6.30957344e+03 -5.64032549e+02 
 6.81292069e+03  9.35790364e+00  6.81292069e+03 -5.22392312e+02 
 7.35642254e+03  7.94607695e+00  7.35642254e+03 -4.83822075e+02 
 7.94328235e+03  6.73504351e+00  7.94328235e+03 -4.48096344e+02 
 8.57695899e+03  5.69626013e+00  8.57695899e+03 -4.15006013e+02 
 9.26118728e+03  4.80523738e+00  9.26118728e+03 -3.84357208e+02 
 1.00000000e+04  4.04096486e+00  1.00000000e+04 -3.55970208e+02 
 1.07977516e+04  3.38541764e+00  1.07977516e+04 -3.29678434e+02 
 1.16591440e+04  2.82313262e+00  1.16591440e+04 -3.05327506e+02 
 1.25892541e+04  2.34084479e+00  1.25892541e+04 -2.82774363e+02 
 1.35935639e+04  1.92717507e+00  1.35935639e+04 -2.61886446e+02 
 1.46779927e+04  1.57236240e+00  1.46779927e+04 -2.42540935e+02 
 1.58489319e+04  1.26803380e+00  1.58489319e+04 -2.24624041e+02 
 1.71132830e+04  1.00700712e+00  1.71132830e+04 -2.08030347e+02 
 1.84784980e+04  7.83121761e-01  1.84784980e+04 -1.92662197e+02 
 1.99526231e+04  5.91093410e-01  1.99526231e+04 -1.78429130e+02 
 2.15443469e+04  4.26389471e-01  2.15443469e+04 -1.65247349e+02 
 2.32630507e+04  2.85122156e-01  2.32630507e+04 -1.53039235e+02 
 2.51188643e+04  1.63956776e-01  2.51188643e+04 -1.41732894e+02 
 2.71227258e+04  6.00330780e-02  2.71227258e+04 -1.31261732e+02 
 2.92864456e+04 -2.91022419e-02  2.92864456e+04 -1.21564071e+02 
 3.16227766e+04 -1.05553426e-01  3.16227766e+04 -1.12582783e+02 
 3.41454887e+04 -1.71125312e-01  3.41454887e+04 -1.04264956e+02 
 3.68694506e+04 -2.27365926e-01  3.68694506e+04 -9.65615844e+01 
 3.98107171e+04 -2.75603018e-01  3.98107171e+04 -8.94272799e+01 
 4.29866235e+04 -3.16975402e-01  4.29866235e+04 -8.28200053e+01 
 4.64158883e+04 -3.52459834e-01  4.64158883e+04 -7.67008271e+01 
 5.01187234e+04 -3.82894070e-01  5.01187234e+04 -7.10336869e+01 
 5.41169527e+04 -4.08996639e-01  5.41169527e+04 -6.57851891e+01 
 5.84341413e+04 -4.31383809e-01  5.84341413e+04 -6.09244041e+01 
 6.30957344e+04 -4.50584130e-01  6.30957344e+04 -5.64226868e+01 
 6.81292069e+04 -4.67050914e-01  6.81292069e+04 -5.22535073e+01 
 7.35642254e+04 -4.81172939e-01  7.35642254e+04 -4.83922954e+01 
 7.94328235e+04 -4.93283623e-01  7.94328235e+04 -4.48162953e+01 
 8.57695899e+04 -5.03668898e-01  8.57695899e+04 -4.15044320e+01 
 9.26118728e+04 -5.12573959e-01  9.26118728e+04 -3.84371867e+01 
 1.00000000e+05 -5.20209056e-01  1.00000000e+05 -3.55964825e+01 
 1.07977516e+05 -5.26754453e-01  1.07977516e+05 -3.29655773e+01 
 1.16591440e+05 -5.32364689e-01  1.16591440e+05 -3.05289653e+01 
 1.25892541e+05 -5.37172221e-01  1.25892541e+05 -2.82722861e+01 
 1.35935639e+05 -5.41290556e-01  1.35935639e+05 -2.61822392e+01 
 1.46779927e+05 -5.44816931e-01  1.46779927e+05 -2.42465066e+01 
 1.58489319e+05 -5.47834603e-01  1.58489319e+05 -2.24536795e+01 
 1.71132830e+05 -5.50414822e-01  1.71132830e+05 -2.07931913e+01 
 1.84784980e+05 -5.52618508e-01  1.84784980e+05 -1.92552555e+01 
 1.99526231e+05 -5.54497694e-01  1.99526231e+05 -1.78308079e+01 
 2.15443469e+05 -5.56096749e-01  2.15443469e+05 -1.65114531e+01 
 2.32630507e+05 -5.57453433e-01  2.32630507e+05 -1.52894151e+01 
 2.51188643e+05 -5.58599781e-01  2.51188643e+05 -1.41574915e+01 
 2.71227258e+05 -5.59562865e-01  2.71227258e+05 -1.31090110e+01 
 2.92864456e+05 -5.60365435e-01  2.92864456e+05 -1.21377943e+01 
 3.16227766e+05 -5.61026450e-01  3.16227766e+05 -1.12381172e+01 
 3.41454887e+05 -5.61561535e-01  3.41454887e+05 -1.04046774e+01 
 3.68694506e+05 -5.61983347e-01  3.68694506e+05 -9.63256317e+00 
 3.98107171e+05 -5.62301877e-01  3.98107171e+05 -8.91722406e+00 
 4.29866235e+05 -5.62524686e-01  4.29866235e+05 -8.25444446e+00 
 4.64158883e+05 -5.62657095e-01  4.64158883e+05 -7.64031866e+00 
 5.01187234e+05 -5.62702309e-01  5.01187234e+05 -7.07122786e+00 
 5.41169527e+05 -5.62661501e-01  5.41169527e+05 -6.54381889e+00 
 5.84341413e+05 -5.62533854e-01  5.84341413e+05 -6.05498450e+00 
 6.30957344e+05 -5.62316549e-01  6.30957344e+05 -5.60184511e+00 
 6.81292069e+05 -5.62004725e-01  6.81292069e+05 -5.18173191e+00 
 7.35642254e+05 -5.61591380e-01  7.35642254e+05 -4.79217125e+00 
 7.94328235e+05 -5.61067244e-01  7.94328235e+05 -4.43087016e+00 
 8.57695899e+05 -5.60420606e-01  8.57695899e+05 -4.09570301e+00 
 9.26118728e+05 -5.59637096e-01  9.26118728e+05 -3.78469914e+00 
 1.00000000e+06 -5.58699427e-01  1.00000000e+06 -3.49603155e+00 
 1.07977516e+06 -5.57587097e-01  1.07977516e+06 -3.22800632e+00 
 1.16591440e+06 -5.56276053e-01  1.16591440e+06 -2.97905310e+00 
 1.25892541e+06 -5.54738317e-01  1.25892541e+06 -2.74771618e+00 
 1.35935639e+06 -5.52941586e-01  1.35935639e+06 -2.53264654e+00 
 1.46779927e+06 -5.50848815e-01  1.46779927e+06 -2.33259447e+00 
 1.58489319e+06 -5.48417801e-01  1.58489319e+06 -2.14640304e+00 
 1.71132830e+06 -5.45600784e-01  1.71132830e+06 -1.97300216e+00 
 1.84784980e+06 -5.42344114e-01  1.84784980e+06 -1.81140339e+00 
 1.99526231e+06 -5.38587997e-01  1.99526231e+06 -1.66069539e+00 
 2.15443469e+06 -5.34266411e-01  2.15443469e+06 -1.52004001e+00 
 2.32630507e+06 -5.29307235e-01  2.32630507e+06 -1.38866901e+00 
 2.51188643e+06 -5.23632681e-01  2.51188643e+06 -1.26588134e+00 
 2.71227258e+06 -5.17160139e-01  2.71227258e+06 -1.15104099e+00 
 2.92864456e+06 -5.09803523e-01  2.92864456e+06 -1.04357521e+00 
 3.16227766e+06 -5.01475244e-01  3.16227766e+06 -9.42973099e-01 
 3.41454887e+06 -4.92088905e-01  3.41454887e+06 -8.48784325e-01 
 3.68694506e+06 -4.81562784e-01  3.68694506e+06 -7.60617703e-01 
 3.98107171e+06 -4.69824135e-01  3.98107171e+06 -6.78139463e-01 
 4.29866235e+06 -4.56814237e-01  4.29866235e+06 -6.01070796e-01 
 4.64158883e+06 -4.42494021e-01  4.64158883e+06 -5.29184361e-01 
 5.01187234e+06 -4.26849977e-01  5.01187234e+06 -4.62299429e-01 
 5.41169527e+06 -4.09899865e-01  5.41169527e+06 -4.00275404e-01 
 5.84341413e+06 -3.91697670e-01  5.84341413e+06 -3.43003619e-01 
 6.30957344e+06 -3.72337118e-01  6.30957344e+06 -2.90397495e-01 
 6.81292069e+06 -3.51953082e-01  6.81292069e+06 -2.42381436e-01 
 7.35642254e+06 -3.30720322e-01  7.35642254e+06 -1.98879103e-01 
 7.94328235e+06 -3.08849229e-01  7.94328235e+06 -1.59801929e-01 
 8.57695899e+06 -2.86578604e-01  8.57695899e+06 -1.25038911e-01 
 9.26118728e+06 -2.64165872e-01  9.26118728e+06 -9.44486598e-02 
 1.00000000e+07 -2.41875556e-01  1.00000000e+07 -6.78545287e-02 
 1.07977516e+07 -2.19967060e-01  1.07977516e+07 -4.50432832e-02 
 1.16591440e+07 -1.98682977e-01  1.16591440e+07 -2.57673330e-02 
 1.25892541e+07 -1.78239008e-01  1.25892541e+07 -9.75010910e-03 
 1.35935639e+07 -1.58816344e-01  1.35935639e+07  3.30620110e-03 
 1.46779927e+07 -1.40556984e-01  1.46779927e+07  1.37115557e-02 
 1.58489319e+07 -1.23562059e-01  1.58489319e+07  2.17786356e-02 
 1.71132830e+07 -1.07892877e-01  1.71132830e+07  2.78140154e-02 
 1.84784980e+07 -9.35741544e-02  1.84784980e+07  3.21106161e-02 
 1.99526231e+07 -8.05987609e-02  1.99526231e+07  3.49418569e-02 
 2.15443469e+07 -6.89333052e-02  2.15443469e+07  3.65576508e-02 
 2.32630507e+07 -5.85239520e-02  2.32630507e+07  3.71821708e-02 
 2.51188643e+07 -4.93019981e-02  2.51188643e+07  3.70131600e-02 
 2.71227258e+07 -4.11888768e-02  2.71227258e+07  3.62224757e-02 
 2.92864456e+07 -3.41004018e-02  2.92864456e+07  3.49575274e-02 
 3.16227766e+07 -2.79501799e-02  3.16227766e+07  3.33432911e-02 
 3.41454887e+07 -2.26522110e-02  3.41454887e+07  3.14846205e-02 
 3.68694506e+07 -1.81227540e-02  3.68694506e+07  2.94686339e-02 
 3.98107171e+07 -1.42815737e-02  3.98107171e+07  2.73670141e-02 
 4.29866235e+07 -1.10527003e-02  4.29866235e+07  2.52381152e-02 
 4.64158883e+07 -8.36483007e-03  4.64158883e+07  2.31288195e-02 
 5.01187234e+07 -6.15148917e-03  5.01187234e+07  2.10761287e-02 
 5.41169527e+07 -4.35105808e-03  5.41169527e+07  1.91085058e-02 
 5.84341413e+07 -2.90673288e-03  5.84341413e+07  1.72470069e-02 
 6.30957344e+07 -1.76647088e-03  6.30957344e+07  1.55062517e-02 
 6.81292069e+07 -8.82942456e-04  6.81292069e+07  1.38952840e-02 
 7.35642254e+07 -2.13489474e-04  7.35642254e+07  1.24183665e-02 
 7.94328235e+07  2.79924594e-04  7.94328235e+07  1.10757398e-02 
 8.57695899e+07  6.30794413e-04  8.57695899e+07  9.86435879e-03 
 9.26118728e+07  8.68203048e-04  9.26118728e+07  8.77860758e-03 
 1.00000000e+08  1.01701652e-03  1.00000000e+08  7.81097803e-03 
 1.07977516e+08  1.09814635e-03  1.07977516e+08  6.95269544e-03 
 1.16591440e+08  1.12887361e-03  1.16591440e+08  6.19427227e-03 
 1.25892541e+08  1.12321974e-03  1.25892541e+08  5.52597594e-03 
 1.35935639e+08  1.09234474e-03  1.35935639e+08  4.93820326e-03 
 1.46779927e+08  1.04495232e-03  1.46779927e+08  4.42176164e-03 
 1.58489319e+08  9.87683297e-04  1.58489319e+08  3.96806341e-03 
 1.71132830e+08  9.25482487e-04  1.71132830e+08  3.56924448e-03 
 1.84784980e+08  8.61929095e-04  1.84784980e+08  3.21822072e-03 
 1.99526231e+08  7.99525028e-04  1.99526231e+08  2.90869648e-03 
 2.15443469e+08  7.39939670e-04  2.15443469e+08  2.63513848e-03 
 2.32630507e+08  6.84212559e-04  2.32630507e+08  2.39272677e-03 
 2.51188643e+08  6.32917449e-04  2.51188643e+08  2.17729226e-03 
 2.71227258e+08  5.86292350e-04  2.71227258e+08  1.98524809e-03 
 2.92864456e+08  5.44340555e-04  2.92864456e+08  1.81352021e-03 
 3.16227766e+08  5.06907610e-04  3.16227766e+08  1.65948057e-03 
 3.41454887e+08  4.73738823e-04  3.41454887e+08  1.52088527e-03 
 3.68694506e+08  4.44521328e-04  3.68694506e+08  1.39581879e-03 
 3.98107171e+08  4.18914170e-04  3.98107171e+08  1.28264469e-03 
 4.29866235e+08  3.96569235e-04  4.29866235e+08  1.17996280e-03 
 4.64158883e+08  3.77145342e-04  4.64158883e+08  1.08657247e-03 
 5.01187234e+08  3.60317300e-04  5.01187234e+08  1.00144126e-03 
 5.41169527e+08  3.45781347e-04  5.41169527e+08  9.23678645e-04 
 5.84341413e+08  3.33258035e-04  5.84341413e+08  8.52513840e-04 
 6.30957344e+08  3.22493352e-04  6.30957344e+08  7.87277251e-04 
 6.81292069e+08  3.13258672e-04  6.81292069e+08  7.27384976e-04 
 7.35642254e+08  3.05349913e-04  7.35642254e+08  6.72325827e-04 
 7.94328235e+08  2.98586231e-04  7.94328235e+08  6.21650460e-04 
 8.57695899e+08  2.92808402e-04  8.57695899e+08  5.74962247e-04 
 9.26118728e+08  2.87877057e-04  9.26118728e+08  5.31909615e-04 
 1.00000000e+09  2.83670853e-04  1.00000000e+09  4.92179596e-04 
 1.07977516e+09  2.80084649e-04  1.07977516e+09  4.55492405e-04 
 1.16591440e+09  2.77027724e-04  1.16591440e+09  4.21596878e-04 
 1.25892541e+09  2.74422096e-04  1.25892541e+09  3.90266641e-04 
 1.35935639e+09  2.72200943e-04  1.35935639e+09  3.61296896e-04 
 1.46779927e+09  2.70307156e-04  1.46779927e+09  3.34501714e-04 
 1.58489319e+09  2.68692028e-04  1.58489319e+09  3.09711769e-04 
 1.71132830e+09  2.67314083e-04  1.71132830e+09  2.86772422e-04 
 1.84784980e+09  2.66138044e-04  1.84784980e+09  2.65542102e-04 
 1.99526231e+09  2.65133924e-04  1.99526231e+09  2.45890938e-04 
 2.15443469e+09  2.64276244e-04  2.15443469e+09  2.27699574e-04 
 2.32630507e+09  2.63543355e-04  2.32630507e+09  2.10858163e-04 
 2.51188643e+09  2.62916862e-04  2.51188643e+09  1.95265485e-04 
 2.71227258e+09  2.62381124e-04  2.71227258e+09  1.80828178e-04 
 2.92864456e+09  2.61922840e-04  2.92864456e+09  1.67460056e-04 
 3.16227766e+09  2.61530692e-04  3.16227766e+09  1.55081512e-04 
 3.41454887e+09  2.61195041e-04  3.41454887e+09  1.43618974e-04 
 3.68694506e+09  2.60907674e-04  3.68694506e+09  1.33004418e-04 
 3.98107171e+09  2.60661589e-04  3.98107171e+09  1.23174934e-04 
 4.29866235e+09  2.60450814e-04  4.29866235e+09  1.14072320e-04 
 4.64158883e+09  2.60270250e-04  4.64158883e+09  1.05642726e-04 
 5.01187234e+09  2.60115541e-04  5.01187234e+09  9.78363110e-05 
 5.41169527e+09  2.59982968e-04  5.41169527e+09  9.06069475e-05 
 5.84341413e+09  2.59869349e-04  5.84341413e+09  8.39119345e-05 
 6.30957344e+09  2.59771965e-04  6.30957344e+09  7.77117413e-05 
 6.81292069e+09  2.59688487e-04  6.81292069e+09  7.19697699e-05 
 7.35642254e+09  2.59616925e-04  7.35642254e+09  6.66521350e-05 
 7.94328235e+09  2.59555572e-04  7.94328235e+09  6.17274620e-05 
 8.57695899e+09  2.59502970e-04  8.57695899e+09  5.71666993e-05 
 9.26118728e+09  2.59457868e-04  9.26118728e+09  5.29429460e-05 
 1.00000000e+10  2.59419195e-04  1.00000000e+10  4.90312919e-05 
