 1.00000000e+00  2.75061574e+04  1.00000000e+00 -1.54691533e+02 
 1.07977516e+00  2.75060131e+04  1.07977516e+00 -1.67031198e+02 
 1.16591440e+00  2.75058448e+04  1.16591440e+00 -1.80355036e+02 
 1.25892541e+00  2.75056486e+04  1.25892541e+00 -1.94741499e+02 
 1.35935639e+00  2.75054199e+04  1.35935639e+00 -2.10275285e+02 
 1.46779927e+00  2.75051532e+04  1.46779927e+00 -2.27047829e+02 
 1.58489319e+00  2.75048422e+04  1.58489319e+00 -2.45157835e+02 
 1.71132830e+00  2.75044797e+04  1.71132830e+00 -2.64711852e+02 
 1.84784980e+00  2.75040571e+04  1.84784980e+00 -2.85824891e+02 
 1.99526231e+00  2.75035644e+04  1.99526231e+00 -3.08621089e+02 
 2.15443469e+00  2.75029899e+04  2.15443469e+00 -3.33234426e+02 
 2.32630507e+00  2.75023201e+04  2.32630507e+00 -3.59809495e+02 
 2.51188643e+00  2.75015393e+04  2.51188643e+00 -3.88502325e+02 
 2.71227258e+00  2.75006289e+04  2.71227258e+00 -4.19481276e+02 
 2.92864456e+00  2.74995676e+04  2.92864456e+00 -4.52927983e+02 
 3.16227766e+00  2.74983304e+04  3.16227766e+00 -4.89038383e+02 
 3.41454887e+00  2.74968879e+04  3.41454887e+00 -5.28023801e+02 
 3.68694506e+00  2.74952064e+04  3.68694506e+00 -5.70112120e+02 
 3.98107171e+00  2.74932461e+04  3.98107171e+00 -6.15549019e+02 
 4.29866235e+00  2.74909610e+04  4.29866235e+00 -6.64599299e+02 
 4.64158883e+00  2.74882971e+04  4.64158883e+00 -7.17548282e+02 
 5.01187234e+00  2.74851920e+04  5.01187234e+00 -7.74703293e+02 
 5.41169527e+00  2.74815725e+04  5.41169527e+00 -8.36395220e+02 
 5.84341413e+00  2.74773538e+04  5.84341413e+00 -9.02980148e+02 
 6.30957344e+00  2.74724367e+04  6.30957344e+00 -9.74841061e+02 
 6.81292069e+00  2.74667060e+04  6.81292069e+00 -1.05238960e+03 
 7.35642254e+00  2.74600275e+04  7.35642254e+00 -1.13606786e+03 
 7.94328235e+00  2.74522451e+04  7.94328235e+00 -1.22635021e+03 
 8.57695899e+00  2.74431771e+04  8.57695899e+00 -1.32374510e+03 
 9.26118728e+00  2.74326121e+04  9.26118728e+00 -1.42879683e+03 
 1.00000000e+01  2.74203044e+04  1.00000000e+01 -1.54208718e+03 
 1.07977516e+01  2.74059687e+04  1.07977516e+01 -1.66423692e+03 
 1.16591440e+01  2.73892734e+04  1.16591440e+01 -1.79590701e+03 
 1.25892541e+01  2.73698337e+04  1.25892541e+01 -1.93779948e+03 
 1.35935639e+01  2.73472036e+04  1.35935639e+01 -2.09065775e+03 
 1.46779927e+01  2.73208660e+04  1.46779927e+01 -2.25526627e+03 
 1.58489319e+01  2.72902226e+04  1.58489319e+01 -2.43244925e+03 
 1.71132830e+01  2.72545817e+04  1.71132830e+01 -2.62306818e+03 
 1.84784980e+01  2.72131448e+04  1.84784980e+01 -2.82801782e+03 
 1.99526231e+01  2.71649917e+04  1.99526231e+01 -3.04822023e+03 
 2.15443469e+01  2.71090641e+04  2.15443469e+01 -3.28461631e+03 
 2.32630507e+01  2.70441473e+04  2.32630507e+01 -3.53815436e+03 
 2.51188643e+01  2.69688513e+04  2.51188643e+01 -3.80977475e+03 
 2.71227258e+01  2.68815904e+04  2.71227258e+01 -4.10039014e+03 
 2.92864456e+01  2.67805619e+04  2.92864456e+01 -4.41086011e+03 
 3.16227766e+01  2.66637259e+04  3.16227766e+01 -4.74195929e+03 
 3.41454887e+01  2.65287858e+04  3.41454887e+01 -5.09433795e+03 
 3.68694506e+01  2.63731715e+04  3.68694506e+01 -5.46847389e+03 
 3.98107171e+01  2.61940280e+04  3.98107171e+01 -5.86461473e+03 
 4.29866235e+01  2.59882107e+04  4.29866235e+01 -6.28270991e+03 
 4.64158883e+01  2.57522919e+04  4.64158883e+01 -6.72233206e+03 
 5.01187234e+01  2.54825823e+04  5.01187234e+01 -7.18258832e+03 
 5.41169527e+01  2.51751709e+04  5.41169527e+01 -7.66202304e+03 
 5.84341413e+01  2.48259904e+04  5.84341413e+01 -8.15851506e+03 
 6.30957344e+01  2.44309110e+04  6.30957344e+01 -8.66917440e+03 
 6.81292069e+01  2.39858696e+04  6.81292069e+01 -9.19024572e+03 
 7.35642254e+01  2.34870356e+04  7.35642254e+01 -9.71702849e+03 
 7.94328235e+01  2.29310146e+04  7.94328235e+01 -1.02438263e+04 
 8.57695899e+01  2.23150880e+04  8.57695899e+01 -1.07639397e+04 
 9.26118728e+01  2.16374780e+04  9.26118728e+01 -1.12697186e+04 
 1.00000000e+02  2.08976245e+04  1.00000000e+02 -1.17526880e+04 
 1.07977516e+02  2.00964515e+04  1.07977516e+02 -1.22037586e+04 
 1.16591440e+02  1.92365957e+04  1.16591440e+02 -1.26135255e+04 
 1.25892541e+02  1.83225652e+04  1.25892541e+02 -1.29726502e+04 
 1.35935639e+02  1.73607967e+04  1.35935639e+02 -1.32723058e+04 
 1.46779927e+02  1.63595862e+04  1.46779927e+02 -1.35046553e+04 
 1.58489319e+02  1.53288792e+04  1.58489319e+02 -1.36633198e+04 
 1.71132830e+02  1.42799209e+04  1.71132830e+02 -1.37437896e+04 
 1.84784980e+02  1.32247894e+04  1.84784980e+02 -1.37437288e+04 
 1.99526231e+02  1.21758496e+04  1.99526231e+02 -1.36631394e+04 
 2.15443469e+02  1.11451787e+04  2.15443469e+02 -1.35043603e+04 
 2.32630507e+02  1.01440204e+04  2.32630507e+02 -1.32719047e+04 
 2.51188643e+02  9.18231772e+03  2.51188643e+02 -1.29721536e+04 
 2.71227258e+02  8.26836419e+03  2.71227258e+02 -1.26129461e+04 
 2.92864456e+02  7.40859365e+03  2.92864456e+02 -1.22031101e+04 
 3.16227766e+02  6.60751117e+03  3.16227766e+02 -1.17519846e+04 
 3.41454887e+02  5.86775075e+03  3.41454887e+02 -1.12689742e+04 
 3.68694506e+02  5.19023408e+03  3.68694506e+02 -1.07631676e+04 
 3.98107171e+02  4.57439902e+03  3.98107171e+02 -1.02430387e+04 
 4.29866235e+02  4.01846613e+03  4.29866235e+02 -9.71623616e+03 
 4.64158883e+02  3.51971551e+03  4.64158883e+02 -9.18945795e+03 
 5.01187234e+02  3.07475212e+03  5.01187234e+02 -8.66839897e+03 
 5.41169527e+02  2.67974473e+03  5.41169527e+02 -8.15775831e+03 
 5.84341413e+02  2.33062995e+03  5.84341413e+02 -7.66128993e+03 
 6.30957344e+02  2.02327820e+03  6.30957344e+02 -7.18188258e+03 
 6.81292069e+02  1.75362219e+03  6.81292069e+02 -6.72165635e+03 
 7.35642254e+02  1.51775132e+03  7.35642254e+02 -6.28206597e+03 
 7.94328235e+02  1.31197651e+03  7.94328235e+02 -5.86400353e+03 
 8.57695899e+02  1.13287059e+03  8.57695899e+02 -5.46789575e+03 
 9.26118728e+02  9.77289430e+02  9.26118728e+02 -5.09379272e+03 
 1.00000000e+03  8.42378349e+02  1.00000000e+03 -4.74144640e+03 
 1.07977516e+03  7.25567755e+02  1.07977516e+03 -4.41037870e+03 
 1.16591440e+03  6.24561375e+02  1.16591440e+03 -4.09993914e+03 
 1.25892541e+03  5.37319673e+02  1.25892541e+03 -3.80935291e+03 
 1.35935639e+03  4.62040448e+02  1.35935639e+03 -3.53776035e+03 
 1.46779927e+03  3.97138166e+02  1.46779927e+03 -3.28424873e+03 
 1.58489319e+03  3.41223067e+02  1.58489319e+03 -3.04787766e+03 
 1.71132830e+03  2.93080835e+02  1.71132830e+03 -2.82769884e+03 
 1.84784980e+03  2.51653297e+02  1.84784980e+03 -2.62277138e+03 
 1.99526231e+03  2.16020452e+02  1.99526231e+03 -2.43217327e+03 
 2.15443469e+03  1.85383998e+02  2.15443469e+03 -2.25500979e+03 
 2.32630507e+03  1.59052386e+02  2.32630507e+03 -2.09041950e+03 
 2.51188643e+03  1.36427402e+02  2.51188643e+03 -1.93757825e+03 
 2.71227258e+03  1.16992201e+02  2.71227258e+03 -1.79570165e+03 
 2.92864456e+03  1.00300707e+02  2.92864456e+03 -1.66404635e+03 
 3.16227766e+03  8.59682657e+01  3.16227766e+03 -1.54191038e+03 
 3.41454887e+03  7.36634416e+01  3.41454887e+03 -1.42863283e+03 
 3.68694506e+03  6.31008432e+01  3.68694506e+03 -1.32359300e+03 
 3.98107171e+03  5.40348639e+01  3.98107171e+03 -1.22620915e+03 
 4.29866235e+03  4.62542373e+01  4.29866235e+03 -1.13593706e+03 
 4.64158883e+03  3.95773114e+01  4.64158883e+03 -1.05226832e+03 
 5.01187234e+03  3.38479522e+01  5.01187234e+03 -9.74728613e+02 
 5.41169527e+03  2.89319998e+01  5.41169527e+03 -9.02875887e+02 
 5.84341413e+03  2.47142059e+01  5.84341413e+03 -8.36298547e+02 
 6.30957344e+03  2.10955896e+01  6.30957344e+03 -7.74613651e+02 
 6.81292069e+03  1.79911580e+01  6.81292069e+03 -7.17465153e+02 
 7.35642254e+03  1.53279411e+01  7.35642254e+03 -6.64522201e+02 
 7.94328235e+03  1.30432997e+01  7.94328235e+03 -6.15477504e+02 
 8.57695899e+03  1.10834697e+01  8.57695899e+03 -5.70045771e+02 
 9.26118728e+03  9.40230896e+00  9.26118728e+03 -5.27962232e+02 
 1.00000000e+04  7.96022052e+00  1.00000000e+04 -4.88981233e+02 
 1.07977516e+04  6.72322672e+00  1.07977516e+04 -4.52874918e+02 
 1.16591440e+04  5.66217359e+00  1.16591440e+04 -4.19431986e+02 
 1.25892541e+04  4.75204750e+00  1.25892541e+04 -3.88456520e+02 
 1.35935639e+04  3.97138816e+00  1.35935639e+04 -3.59766907e+02 
 1.46779927e+04  3.30178462e+00  1.46779927e+04 -3.33194805e+02 
 1.58489319e+04  2.72744252e+00  1.58489319e+04 -3.08584202e+02 
 1.71132830e+04  2.23481265e+00  1.71132830e+04 -2.85790521e+02 
 1.84784980e+04  1.81227209e+00  1.84784980e+04 -2.64679798e+02 
 1.99526231e+04  1.44985059e+00  1.99526231e+04 -2.45127907e+02 
 2.15443469e+04  1.13899572e+00  2.15443469e+04 -2.27019852e+02 
 2.32630507e+04  8.72371362e-01  2.32630507e+04 -2.10249094e+02 
 2.51188643e+04  6.43684853e-01  2.51188643e+04 -1.94716940e+02 
 2.71227258e+04  4.47538608e-01  2.71227258e+04 -1.80331964e+02 
 2.92864456e+04  2.79302857e-01  2.92864456e+04 -1.67009478e+02 
 3.16227766e+04  1.35006463e-01  3.16227766e+04 -1.54671036e+02 
 3.41454887e+04  1.12432496e-02  3.41454887e+04 -1.43243976e+02 
 3.68694506e+04 -9.49083499e-02  3.68694506e+04 -1.32660997e+02 
 3.98107171e+04 -1.85954225e-01  3.98107171e+04 -1.22859761e+02 
 4.29866235e+04 -2.64043716e-01  4.29866235e+04 -1.13782531e+02 
 4.64158883e+04 -3.31020331e-01  4.64158883e+04 -1.05375830e+02 
 5.01187234e+04 -3.88465258e-01  5.01187234e+04 -9.75901297e+01 
 5.41169527e+04 -4.37734676e-01  5.41169527e+04 -9.03795568e+01 
 5.84341413e+04 -4.79991768e-01  5.84341413e+04 -8.37016250e+01 
 6.30957344e+04 -5.16234177e-01  6.30957344e+04 -7.75169846e+01 
 6.81292069e+04 -5.47317553e-01  6.81292069e+04 -7.17891917e+01 
 7.35642254e+04 -5.73975750e-01  7.35642254e+04 -6.64844933e+01 
 7.94328235e+04 -5.96838153e-01  7.94328235e+04 -6.15716288e+01 
 8.57695899e+04 -6.16444532e-01  8.57695899e+04 -5.70216462e+01 
 9.26118728e+04 -6.33257787e-01  9.26118728e+04 -5.28077313e+01 
 1.00000000e+05 -6.47674874e-01  1.00000000e+05 -4.89050503e+01 
 1.07977516e+05 -6.60036178e-01  1.07977516e+05 -4.52906030e+01 
 1.16591440e+05 -6.70633548e-01  1.16591440e+05 -4.19430877e+01 
 1.25892541e+05 -6.79717189e-01  1.25892541e+05 -3.88427759e+01 
 1.35935639e+05 -6.87501565e-01  1.35935639e+05 -3.59713956e+01 
 1.46779927e+05 -6.94170466e-01  1.46779927e+05 -3.33120240e+01 
 1.58489319e+05 -6.99881348e-01  1.58489319e+05 -3.08489877e+01 
 1.71132830e+05 -7.04769045e-01  1.71132830e+05 -2.85677702e+01 
 1.84784980e+05 -7.08948958e-01  1.84784980e+05 -2.64549269e+01 
 1.99526231e+05 -7.12519780e-01  1.99526231e+05 -2.44980051e+01 
 2.15443469e+05 -7.15565821e-01  2.15443469e+05 -2.26854714e+01 
 2.32630507e+05 -7.18159004e-01  2.32630507e+05 -2.10066432e+01 
 2.51188643e+05 -7.20360560e-01  2.51188643e+05 -1.94516258e+01 
 2.71227258e+05 -7.22222479e-01  2.71227258e+05 -1.80112546e+01 
 2.92864456e+05 -7.23788733e-01  2.92864456e+05 -1.66770404e+01 
 3.16227766e+05 -7.25096318e-01  3.16227766e+05 -1.54411198e+01 
 3.41454887e+05 -7.26176129e-01  3.41454887e+05 -1.42962088e+01 
 3.68694506e+05 -7.27053691e-01  3.68694506e+05 -1.32355599e+01 
 3.98107171e+05 -7.27749766e-01  3.98107171e+05 -1.22529224e+01 
 4.29866235e+05 -7.28280845e-01  4.29866235e+05 -1.13425053e+01 
 4.64158883e+05 -7.28659544e-01  4.64158883e+05 -1.04989437e+01 
 5.01187234e+05 -7.28894908e-01  5.01187234e+05 -9.71726659e+00 
 5.41169527e+05 -7.28992637e-01  5.41169527e+05 -8.99286829e+00 
 5.84341413e+05 -7.28955230e-01  5.84341413e+05 -8.32148089e+00 
 6.30957344e+05 -7.28782065e-01  6.30957344e+05 -7.69914935e+00 
 6.81292069e+05 -7.28469407e-01  6.81292069e+05 -7.12220829e+00 
 7.35642254e+05 -7.28010354e-01  7.35642254e+05 -6.58726051e+00 
 7.94328235e+05 -7.27394716e-01  7.94328235e+05 -6.09115712e+00 
 8.57695899e+05 -7.26608837e-01  8.57695899e+05 -5.63097918e+00 
 9.26118728e+05 -7.25635352e-01  9.26118728e+05 -5.20402078e+00 
 1.00000000e+06 -7.24452881e-01  1.00000000e+06 -4.80777336e+00 
 1.07977516e+06 -7.23035678e-01  1.07977516e+06 -4.43991134e+00 
 1.16591440e+06 -7.21353208e-01  1.16591440e+06 -4.09827885e+00 
 1.25892541e+06 -7.19369690e-01  1.25892541e+06 -3.78087765e+00 
 1.35935639e+06 -7.17043596e-01  1.35935639e+06 -3.48585600e+00 
 1.46779927e+06 -7.14327127e-01  1.46779927e+06 -3.21149862e+00 
 1.58489319e+06 -7.11165692e-01  1.58489319e+06 -2.95621760e+00 
 1.71132830e+06 -7.07497408e-01  1.71132830e+06 -2.71854424e+00 
 1.84784980e+06 -7.03252687e-01  1.84784980e+06 -2.49712185e+00 
 1.99526231e+06 -6.98353936e-01  1.99526231e+06 -2.29069938e+00 
 2.15443469e+06 -6.92715470e-01  2.15443469e+06 -2.09812602e+00 
 2.32630507e+06 -6.86243718e-01  2.32630507e+06 -1.91834652e+00 
 2.51188643e+06 -6.78837827e-01  2.51188643e+06 -1.75039736e+00 
 2.71227258e+06 -6.70390806e-01  2.71227258e+06 -1.59340364e+00 
 2.92864456e+06 -6.60791333e-01  2.92864456e+06 -1.44657644e+00 
 3.16227766e+06 -6.49926382e-01  3.16227766e+06 -1.30921073e+00 
 3.41454887e+06 -6.37684787e-01  3.41454887e+06 -1.18068337e+00 
 3.68694506e+06 -6.23961840e-01  3.68694506e+06 -1.06045099e+00 
 3.98107171e+06 -6.08664928e-01  3.98107171e+06 -9.48047423e-01 
 4.29866235e+06 -5.91720131e-01  4.29866235e+06 -8.43080206e-01 
 4.64158883e+06 -5.73079545e-01  4.64158883e+06 -7.45225688e-01 
 5.01187234e+06 -5.52728903e-01  5.01187234e+06 -6.54222395e-01 
 5.41169527e+06 -5.30694908e-01  5.41169527e+06 -5.69862273e-01 
 5.84341413e+06 -5.07051501e-01  5.84341413e+06 -4.91979727e-01 
 6.30957344e+06 -4.81924200e-01  6.30957344e+06 -4.20438579e-01 
 6.81292069e+06 -4.55491647e-01  6.81292069e+06 -3.55117477e-01 
 7.35642254e+06 -4.27983650e-01  7.35642254e+06 -2.95894575e-01 
 7.94328235e+06 -3.99675357e-01  7.94328235e+06 -2.42632676e-01 
 8.57695899e+06 -3.70877603e-01  8.57695899e+06 -1.95166118e-01 
 9.26118728e+06 -3.41924045e-01  9.26118728e+06 -1.53290713e-01 
 1.00000000e+07 -3.13156125e-01  1.00000000e+07 -1.16757726e-01 
 1.07977516e+07 -2.84907300e-01  1.07977516e+07 -8.52724726e-02 
 1.16591440e+07 -2.57488061e-01  1.16591440e+07 -5.84974909e-02 
 1.25892541e+07 -2.31173154e-01  1.25892541e+07 -3.60597180e-02 
 1.35935639e+07 -2.06192047e-01  1.35935639e+07 -1.75606137e-02 
 1.46779927e+07 -1.82723225e-01  1.46779927e+07 -2.58793367e-03 
 1.58489319e+07 -1.60892346e-01  1.58489319e+07  9.27218061e-03 
 1.71132830e+07 -1.40773871e-01  1.71132830e+07  1.84239626e-02 
 1.84784980e+07 -1.22395445e-01  1.84784980e+07  2.52524926e-02 
 1.99526231e+07 -1.05744156e-01  1.99526231e+07  3.01163871e-02 
 2.15443469e+07 -9.07738224e-02  2.15443469e+07  3.33428678e-02 
 2.32630507e+07 -7.74125086e-02  2.32630507e+07  3.52250957e-02 
 2.51188643e+07 -6.55697022e-02  2.51188643e+07  3.60214671e-02 
 2.71227258e+07 -5.51427227e-02  2.71227258e+07  3.59564651e-02 
 2.92864456e+07 -4.60221415e-02  2.92864456e+07  3.52226329e-02 
 3.16227766e+07 -3.80961292e-02  3.16227766e+07  3.39832622e-02 
 3.41454887e+07 -3.12537599e-02  3.41454887e+07  3.23754433e-02 
 3.68694506e+07 -2.53873777e-02  3.68694506e+07  3.05132015e-02 
 3.98107171e+07 -2.03941729e-02  3.98107171e+07  2.84905144e-02 
 4.29866235e+07 -1.61771331e-02  4.29866235e+07  2.63840795e-02 
 4.64158883e+07 -1.26455340e-02  4.64158883e+07  2.42557601e-02 
 5.01187234e+07 -9.71511814e-03  5.01187234e+07  2.21546905e-02 
 5.41169527e+07 -7.30808794e-03  5.41169527e+07  2.01190596e-02 
 5.84341413e+07 -5.35300604e-03  5.84341413e+07  1.81776168e-02 
 6.30957344e+07 -3.78466586e-03  6.30957344e+07  1.63509620e-02 
 6.81292069e+07 -2.54396256e-03  6.81292069e+07  1.46526782e-02 
 7.35642254e+07 -1.57776949e-03  7.35642254e+07  1.30903632e-02 
 7.94328235e+07 -8.38806515e-04  7.94328235e+07  1.16665951e-02 
 8.57695899e+07 -2.85478299e-04  8.57695899e+07  1.03798541e-02 
 9.26118728e+07  1.18339383e-04  9.26118728e+07  9.22539980e-03 
 1.00000000e+08  4.03579956e-04  1.00000000e+08  8.19609651e-03 
 1.07977516e+08  5.96336898e-04  1.07977516e+08  7.28316518e-03 
 1.16591440e+08  7.18277792e-04  1.16591440e+08  6.47684606e-03 
 1.25892541e+08  7.87105370e-04  1.25892541e+08  5.76695679e-03 
 1.35935639e+08  8.17044115e-04  1.35935639e+08  5.14333959e-03 
 1.46779927e+08  8.19329866e-04  1.46779927e+08  4.59619854e-03 
 1.58489319e+08  8.02681979e-04  1.58489319e+08  4.11633547e-03 
 1.71132830e+08  7.73741947e-04  1.71132830e+08  3.69529746e-03 
 1.84784980e+08  7.37467576e-04  1.84784980e+08  3.32545193e-03 
 1.99526231e+08  6.97476996e-04  1.99526231e+08  3.00000572e-03 
 2.15443469e+08  6.56341144e-04  2.15443469e+08  2.71298368e-03 
 2.32630507e+08  6.15826710e-04  2.32630507e+08  2.45918001e-03 
 2.51188643e+08  5.77093714e-04  2.51188643e+08  2.23409341e-03 
 2.71227258e+08  5.40853154e-04  2.71227258e+08  2.03385438e-03 
 2.92864456e+08  5.07490544e-04  2.92864456e+08  1.85515073e-03 
 3.16227766e+08  4.77161138e-04  3.16227766e+08  1.69515550e-03 
 3.41454887e+08  4.49862109e-04  3.41454887e+08  1.55145982e-03 
 3.68694506e+08  4.25486390e-04  3.68694506e+08  1.42201215e-03 
 3.98107171e+08  4.03862137e-04  3.98107171e+08  1.30506437e-03 
 4.29866235e+08  3.84781110e-04  4.29866235e+08  1.19912484e-03 
 4.64158883e+08  3.68018649e-04  4.64158883e+08  1.10291800e-03 
 5.01187234e+08  3.53347341e-04  5.01187234e+08  1.01534996e-03 
 5.41169527e+08  3.40546047e-04  5.41169527e+08  9.35479416e-04 
 5.84341413e+08  3.29405550e-04  5.84341413e+08  8.62493234e-04 
 6.30957344e+08  3.19731791e-04  6.30957344e+08  7.95686070e-04 
 6.81292069e+08  3.11347422e-04  6.81292069e+08  7.34443359e-04 
 7.35642254e+08  3.04092205e-04  7.35642254e+08  6.78227210e-04 
 7.94328235e+08  2.97822653e-04  7.94328235e+08  6.26564681e-04 
 8.57695899e+08  2.92411197e-04  8.57695899e+08  5.79038069e-04 
 9.26118728e+08  2.87745075e-04  9.26118728e+08  5.35276833e-04 
 1.00000000e+09  2.83725086e-04  1.00000000e+09  4.94950895e-04 
 1.07977516e+09  2.80264304e-04  1.07977516e+09  4.57765047e-04 
 1.16591440e+09  2.77286807e-04  1.16591440e+09  4.23454290e-04 
 1.25892541e+09  2.74726472e-04  1.25892541e+09  3.91779919e-04 
 1.35935639e+09  2.72525846e-04  1.35935639e+09  3.62526233e-04 
 1.46779927e+09  2.70635109e-04  1.46779927e+09  3.35497750e-04 
 1.58489319e+09  2.69011139e-04  1.58489319e+09  3.10516850e-04 
 1.71132830e+09  2.67616664e-04  1.71132830e+09  2.87421757e-04 
 1.84784980e+09  2.66419514e-04  1.84784980e+09  2.66064816e-04 
 1.99526231e+09  2.65391948e-04  1.99526231e+09  2.46311002e-04 
 2.15443469e+09  2.64510073e-04  2.15443469e+09  2.28036637e-04 
 2.32630507e+09  2.63753321e-04  2.32630507e+09  2.11128265e-04 
 2.51188643e+09  2.63104002e-04  2.51188643e+09  1.95481675e-04 
 2.71227258e+09  2.62546906e-04  2.71227258e+09  1.81001040e-04 
 2.92864456e+09  2.62068964e-04  2.92864456e+09  1.67598151e-04 
 3.16227766e+09  2.61658950e-04  3.16227766e+09  1.55191746e-04 
 3.41454887e+09  2.61307223e-04  3.41454887e+09  1.43706909e-04 
 3.68694506e+09  2.61005507e-04  3.68694506e+09  1.33074524e-04 
 3.98107171e+09  2.60746698e-04  3.98107171e+09  1.23230796e-04 
 4.29866235e+09  2.60524699e-04  4.29866235e+09  1.14116814e-04 
 4.64158883e+09  2.60334276e-04  4.64158883e+09  1.05678151e-04 
 5.01187234e+09  2.60170941e-04  5.01187234e+09  9.78645071e-05 
 5.41169527e+09  2.60030843e-04  5.41169527e+09  9.06293832e-05 
 5.84341413e+09  2.59910676e-04  5.84341413e+09  8.39297823e-05 
 6.30957344e+09  2.59807606e-04  6.30957344e+09  7.77259364e-05 
 6.81292069e+09  2.59719200e-04  6.81292069e+09  7.19810578e-05 
 7.35642254e+09  2.59643373e-04  7.35642254e+09  6.66611098e-05 
 7.94328235e+09  2.59578335e-04  7.94328235e+09  6.17345967e-05 
 8.57695899e+09  2.59522552e-04  8.57695899e+09  5.71723705e-05 
 9.26118728e+09  2.59474706e-04  9.26118728e+09  5.29474535e-05 
 1.00000000e+10  2.59433668e-04  1.00000000e+10  4.90348742e-05 
