 1.00000000e+00  2.48541034e+04  1.00000000e+00 -4.65398534e+01 
 1.07977516e+00  2.48540889e+04  1.07977516e+00 -5.02525485e+01 
 1.16591440e+00  2.48540721e+04  1.16591440e+00 -5.42614169e+01 
 1.25892541e+00  2.48540524e+04  1.25892541e+00 -5.85900840e+01 
 1.35935639e+00  2.48540295e+04  1.35935639e+00 -6.32640591e+01 
 1.46779927e+00  2.48540028e+04  1.46779927e+00 -6.83108862e+01 
 1.58489319e+00  2.48539716e+04  1.58489319e+00 -7.37603058e+01 
 1.71132830e+00  2.48539353e+04  1.71132830e+00 -7.96444298e+01 
 1.84784980e+00  2.48538930e+04  1.84784980e+00 -8.59979306e+01 
 1.99526231e+00  2.48538436e+04  1.99526231e+00 -9.28582451e+01 
 2.15443469e+00  2.48537860e+04  2.15443469e+00 -1.00265794e+02 
 2.32630507e+00  2.48537189e+04  2.32630507e+00 -1.08264222e+02 
 2.51188643e+00  2.48536407e+04  2.51188643e+00 -1.16900650e+02 
 2.71227258e+00  2.48535495e+04  2.71227258e+00 -1.26225955e+02 
 2.92864456e+00  2.48534431e+04  2.92864456e+00 -1.36295068e+02 
 3.16227766e+00  2.48533191e+04  3.16227766e+00 -1.47167295e+02 
 3.41454887e+00  2.48531745e+04  3.41454887e+00 -1.58906665e+02 
 3.68694506e+00  2.48530060e+04  3.68694506e+00 -1.71582307e+02 
 3.98107171e+00  2.48528095e+04  3.98107171e+00 -1.85268848e+02 
 4.29866235e+00  2.48525803e+04  4.29866235e+00 -2.00046856e+02 
 4.64158883e+00  2.48523132e+04  4.64158883e+00 -2.16003305e+02 
 5.01187234e+00  2.48520017e+04  5.01187234e+00 -2.33232081e+02 
 5.41169527e+00  2.48516386e+04  5.41169527e+00 -2.51834529e+02 
 5.84341413e+00  2.48512153e+04  5.84341413e+00 -2.71920037e+02 
 6.30957344e+00  2.48507217e+04  6.30957344e+00 -2.93606671e+02 
 6.81292069e+00  2.48501463e+04  6.81292069e+00 -3.17021850e+02 
 7.35642254e+00  2.48494754e+04  7.35642254e+00 -3.42303078e+02 
 7.94328235e+00  2.48486933e+04  7.94328235e+00 -3.69598729e+02 
 8.57695899e+00  2.48477815e+04  8.57695899e+00 -3.99068884e+02 
 9.26118728e+00  2.48467184e+04  9.26118728e+00 -4.30886234e+02 
 1.00000000e+01  2.48454791e+04  1.00000000e+01 -4.65237048e+02 
 1.07977516e+01  2.48440344e+04  1.07977516e+01 -5.02322199e+02 
 1.16591440e+01  2.48423501e+04  1.16591440e+01 -5.42358264e+02 
 1.25892541e+01  2.48403867e+04  1.25892541e+01 -5.85578700e+02 
 1.35935639e+01  2.48380980e+04  1.35935639e+01 -6.32235079e+02 
 1.46779927e+01  2.48354300e+04  1.46779927e+01 -6.82598408e+02 
 1.58489319e+01  2.48323201e+04  1.58489319e+01 -7.36960516e+02 
 1.71132830e+01  2.48286952e+04  1.71132830e+01 -7.95635505e+02 
 1.84784980e+01  2.48244702e+04  1.84784980e+01 -8.58961271e+02 
 1.99526231e+01  2.48195461e+04  1.99526231e+01 -9.27301077e+02 
 2.15443469e+01  2.48138074e+04  2.15443469e+01 -1.00104517e+03 
 2.32630507e+01  2.48071199e+04  2.32630507e+01 -1.08061241e+03 
 2.51188643e+01  2.47993275e+04  2.51188643e+01 -1.16645193e+03 
 2.71227258e+01  2.47902483e+04  2.71227258e+01 -1.25904472e+03 
 2.92864456e+01  2.47796712e+04  2.92864456e+01 -1.35890519e+03 
 3.16227766e+01  2.47673506e+04  3.16227766e+01 -1.46658254e+03 
 3.41454887e+01  2.47530012e+04  3.41454887e+01 -1.58266196e+03 
 3.68694506e+01  2.47362921e+04  3.68694506e+01 -1.70776553e+03 
 3.98107171e+01  2.47168392e+04  3.98107171e+01 -1.84255271e+03 
 4.29866235e+01  2.46941973e+04  4.29866235e+01 -1.98772018e+03 
 4.64158883e+01  2.46678511e+04  4.64158883e+01 -2.14400109e+03 
 5.01187234e+01  2.46372046e+04  5.01187234e+01 -2.31216309e+03 
 5.41169527e+01  2.46015695e+04  5.41169527e+01 -2.49300529e+03 
 5.84341413e+01  2.45601518e+04  5.84341413e+01 -2.68735346e+03 
 6.30957344e+01  2.45120382e+04  6.30957344e+01 -2.89605316e+03 
 6.81292069e+01  2.44561792e+04  6.81292069e+01 -3.11996038e+03 
 7.35642254e+01  2.43913730e+04  7.35642254e+01 -3.35992892e+03 
 7.94328235e+01  2.43162469e+04  7.94328235e+01 -3.61679391e+03 
 8.57695899e+01  2.42292385e+04  8.57695899e+01 -3.89135065e+03 
 9.26118728e+01  2.41285770e+04  9.26118728e+01 -4.18432785e+03 
 1.00000000e+02  2.40122653e+04  1.00000000e+02 -4.49635436e+03 
 1.07977516e+02  2.38780637e+04  1.07977516e+02 -4.82791837e+03 
 1.16591440e+02  2.37234778e+04  1.16591440e+02 -5.17931824e+03 
 1.25892541e+02  2.35457522e+04  1.25892541e+02 -5.55060411e+03 
 1.35935639e+02  2.33418724e+04  1.35935639e+02 -5.94151004e+03 
 1.46779927e+02  2.31085793e+04  1.46779927e+02 -6.35137673e+03 
 1.58489319e+02  2.28423995e+04  1.58489319e+02 -6.77906596e+03 
 1.71132830e+02  2.25396965e+04  1.71132830e+02 -7.22286896e+03 
 1.84784980e+02  2.21967459e+04  1.84784980e+02 -7.68041264e+03 
 1.99526231e+02  2.18098420e+04  1.99526231e+02 -8.14856946e+03 
 2.15443469e+02  2.13754357e+04  2.15443469e+02 -8.62337922e+03 
 2.32630507e+02  2.08903084e+04  2.32630507e+02 -9.09999321e+03 
 2.51188643e+02  2.03517775e+04  2.51188643e+02 -9.57265340e+03 
 2.71227258e+02  1.97579301e+04  2.71227258e+02 -1.00347204e+04 
 2.92864456e+02  1.91078715e+04  2.92864456e+02 -1.04787643e+04 
 3.16227766e+02  1.84019711e+04  3.16227766e+02 -1.08967286e+04 
 3.41454887e+02  1.76420838e+04  3.41454887e+02 -1.12801744e+04 
 3.68694506e+02  1.68317170e+04  3.68694506e+02 -1.16206020e+04 
 3.98107171e+02  1.59761152e+04  3.98107171e+02 -1.19098372e+04 
 4.29866235e+02  1.50822376e+04  4.29866235e+02 -1.21404570e+04 
 4.64158883e+02  1.41586099e+04  4.64158883e+02 -1.23062208e+04 
 5.01187234e+02  1.32150491e+04  5.01187234e+02 -1.24024632e+04 
 5.41169527e+02  1.22622734e+04  5.41169527e+02 -1.24264056e+04 
 5.84341413e+02  1.13114270e+04  5.84341413e+02 -1.23773488e+04 
 6.30957344e+02  1.03735644e+04  6.30957344e+02 -1.22567222e+04 
 6.81292069e+02  9.45914332e+03  6.81292069e+02 -1.20679831e+04 
 7.35642254e+02  8.57757420e+03  7.35642254e+02 -1.18163803e+04 
 7.94328235e+02  7.73686747e+03  7.94328235e+02 -1.15086094e+04 
 8.57695899e+02  6.94340122e+03  8.57695899e+02 -1.11524014e+04 
 9.26118728e+02  6.20181776e+03  9.26118728e+02 -1.07560898e+04 
 1.00000000e+03  5.51504032e+03  1.00000000e+03 -1.03281940e+04 
 1.07977516e+03  4.88438943e+03  1.07977516e+03 -9.87705352e+03 
 1.16591440e+03  4.30977197e+03  1.16591440e+03 -9.41053227e+03 
 1.25892541e+03  3.78991370e+03  1.25892541e+03 -8.93580235e+03 
 1.35935639e+03  3.32260875e+03  1.35935639e+03 -8.45920602e+03 
 1.46779927e+03  2.90496464e+03  1.46779927e+03 -7.98618821e+03 
 1.58489319e+03  2.53362705e+03  1.58489319e+03 -7.52128686e+03 
 1.71132830e+03  2.20497511e+03  1.71132830e+03 -7.06816741e+03 
 1.84784980e+03  1.91528270e+03  1.84784980e+03 -6.62968765e+03 
 1.99526231e+03  1.66084546e+03  1.99526231e+03 -6.20798110e+03 
 2.15443469e+03  1.43807576e+03  2.15443469e+03 -5.80454925e+03 
 2.32630507e+03  1.24356955e+03  2.32630507e+03 -5.42035508e+03 
 2.51188643e+03  1.07414960e+03  2.51188643e+03 -5.05591299e+03 
 2.71227258e+03  9.26889804e+02  2.71227258e+03 -4.71137168e+03 
 2.92864456e+03  7.99124929e+02  2.92864456e+03 -4.38658823e+03 
 3.16227766e+03  6.88449500e+02  3.16227766e+03 -4.08119274e+03 
 3.41454887e+03  5.92709082e+02  3.41454887e+03 -3.79464339e+03 
 3.68694506e+03  5.09986493e+02  3.68694506e+03 -3.52627271e+03 
 3.98107171e+03  4.38584945e+02  3.98107171e+03 -3.27532561e+03 
 4.29866235e+03  3.77009609e+02  4.29866235e+03 -3.04099034e+03 
 4.64158883e+03  3.23948730e+02  4.64158883e+03 -2.82242321e+03 
 5.01187234e+03  2.78255018e+02  5.01187234e+03 -2.61876800e+03 
 5.41169527e+03  2.38927873e+02  5.41169527e+03 -2.42917108e+03 
 5.84341413e+03  2.05096731e+02  5.84341413e+03 -2.25279277e+03 
 6.30957344e+03  1.76005726e+02  6.30957344e+03 -2.08881587e+03 
 6.81292069e+03  1.50999731e+02  6.81292069e+03 -1.93645164e+03 
 7.35642254e+03  1.29511783e+02  7.35642254e+03 -1.79494405e+03 
 7.94328235e+03  1.11051856e+02  7.94328235e+03 -1.66357238e+03 
 8.57695899e+03  9.51968769e+01  8.57695899e+03 -1.54165272e+03 
 9.26118728e+03  8.15819301e+01  9.26118728e+03 -1.42853851e+03 
 1.00000000e+04  6.98925114e+01  1.00000000e+04 -1.32362049e+03 
 1.07977516e+04  5.98577527e+01  1.07977516e+04 -1.22632598e+03 
 1.16591440e+04  5.12445055e+01  1.16591440e+04 -1.13611792e+03 
 1.25892541e+04  4.38521898e+01  1.25892541e+04 -1.05249360e+03 
 1.35935639e+04  3.75083196e+01  1.35935639e+04 -9.74983180e+02 
 1.46779927e+04  3.20646231e+01  1.46779927e+04 -9.03148159e+02 
 1.58489319e+04  2.73936839e+01  1.58489319e+04 -8.36579721e+02 
 1.71132830e+04  2.33860379e+01  1.71132830e+04 -7.74897107e+02 
 1.84784980e+04  1.99476654e+01  1.84784980e+04 -7.17745982e+02 
 1.99526231e+04  1.69978288e+01  1.99526231e+04 -6.64796827e+02 
 2.15443469e+04  1.44672077e+01  2.15443469e+04 -6.15743389e+02 
 2.32630507e+04  1.22962936e+01  2.32630507e+04 -5.70301177e+02 
 2.51188643e+04  1.04340072e+01  2.51188643e+04 -5.28206038e+02 
 2.71227258e+04  8.83650939e+00  2.71227258e+04 -4.89212791e+02 
 2.92864456e+04  7.46617846e+00  2.92864456e+04 -4.53093933e+02 
 3.16227766e+04  6.29073091e+00  3.16227766e+04 -4.19638431e+02 
 3.41454887e+04  5.28246586e+00  3.41454887e+04 -3.88650567e+02 
 3.68694506e+04  4.41761599e+00  3.68694506e+04 -3.59948866e+02 
 3.98107171e+04  3.67578999e+00  3.98107171e+04 -3.33365089e+02 
 4.29866235e+04  3.03949375e+00  4.29866235e+04 -3.08743289e+02 
 4.64158883e+04  2.49371931e+00  4.64158883e+04 -2.85938933e+02 
 5.01187234e+04  2.02559193e+00  5.01187234e+04 -2.64818076e+02 
 5.41169527e+04  1.62406721e+00  5.41169527e+04 -2.45256605e+02 
 5.84341413e+04  1.27967108e+00  5.84341413e+04 -2.27139518e+02 
 6.30957344e+04  9.84276679e-01  6.30957344e+04 -2.10360268e+02 
 6.81292069e+04  7.30912935e-01  6.81292069e+04 -1.94820145e+02 
 7.35642254e+04  5.13600259e-01  7.35642254e+04 -1.80427703e+02 
 7.94328235e+04  3.27209605e-01  7.94328235e+04 -1.67098232e+02 
 8.57695899e+04  1.67341537e-01  8.57695899e+04 -1.54753263e+02 
 9.26118728e+04  3.02224788e-02  9.26118728e+04 -1.43320108e+02 
 1.00000000e+05 -8.73842854e-02  1.00000000e+05 -1.32731440e+02 
 1.07977516e+05 -1.88254968e-01  1.07977516e+05 -1.22924898e+02 
 1.16591440e+05 -2.74770776e-01  1.16591440e+05 -1.13842719e+02 
 1.25892541e+05 -3.48974090e-01  1.25892541e+05 -1.05431403e+02 
 1.35935639e+05 -4.12616669e-01  1.35935639e+05 -9.76413987e+01 
 1.46779927e+05 -4.67200980e-01  1.46779927e+05 -9.04268107e+01 
 1.58489319e+05 -5.14015664e-01  1.58489319e+05 -8.37451318e+01 
 1.71132830e+05 -5.54165947e-01  1.71132830e+05 -7.75569926e+01 
 1.84784980e+05 -5.88599729e-01  1.84784980e+05 -7.18259300e+01 
 1.99526231e+05 -6.18129958e-01  1.99526231e+05 -6.65181731e+01 
 2.15443469e+05 -6.43453818e-01  2.15443469e+05 -6.16024446e+01 
 2.32630507e+05 -6.65169190e-01  2.32630507e+05 -5.70497763e+01 
 2.51188643e+05 -6.83788763e-01  2.51188643e+05 -5.28333389e+01 
 2.71227258e+05 -6.99752138e-01  2.71227258e+05 -4.89282843e+01 
 2.92864456e+05 -7.13436206e-01  2.92864456e+05 -4.53115987e+01 
 3.16227766e+05 -7.25164047e-01  3.16227766e+05 -4.19619677e+01 
 3.41454887e+05 -7.35212554e-01  3.41454887e+05 -3.88596505e+01 
 3.68694506e+05 -7.43818973e-01  3.68694506e+05 -3.59863636e+01 
 3.98107171e+05 -7.51186504e-01  3.98107171e+05 -3.33251730e+01 
 4.29866235e+05 -7.57489098e-01  4.29866235e+05 -3.08603950e+01 
 4.64158883e+05 -7.62875564e-01  4.64158883e+05 -2.85775029e+01 
 5.01187234e+05 -7.67473083e-01  5.01187234e+05 -2.64630423e+01 
 5.41169527e+05 -7.71390211e-01  5.41169527e+05 -2.45045514e+01 
 5.84341413e+05 -7.74719444e-01  5.84341413e+05 -2.26904874e+01 
 6.30957344e+05 -7.77539400e-01  6.30957344e+05 -2.10101589e+01 
 6.81292069e+05 -7.79916679e-01  6.81292069e+05 -1.94536629e+01 
 7.35642254e+05 -7.81907439e-01  7.35642254e+05 -1.80118260e+01 
 7.94328235e+05 -7.83558718e-01  7.94328235e+05 -1.66761507e+01 
 8.57695899e+05 -7.84909557e-01  8.57695899e+05 -1.54387656e+01 
 9.26118728e+05 -7.85991918e-01  9.26118728e+05 -1.42923783e+01 
 1.00000000e+06 -7.86831452e-01  1.00000000e+06 -1.32302334e+01 
 1.07977516e+06 -7.87448110e-01  1.07977516e+06 -1.22460718e+01 
 1.16591440e+06 -7.87856628e-01  1.16591440e+06 -1.13340947e+01 
 1.25892541e+06 -7.88066888e-01  1.25892541e+06 -1.04889289e+01 
 1.35935639e+06 -7.88084178e-01  1.35935639e+06 -9.70559560e+00 
 1.46779927e+06 -7.87909344e-01  1.46779927e+06 -8.97948098e+00 
 1.58489319e+06 -7.87538852e-01  1.58489319e+06 -8.30630927e+00 
 1.71132830e+06 -7.86964758e-01  1.71132830e+06 -7.68211769e+00 
 1.84784980e+06 -7.86174595e-01  1.84784980e+06 -7.10323336e+00 
 1.99526231e+06 -7.85151176e-01  1.99526231e+06 -6.56625195e+00 
 2.15443469e+06 -7.83872325e-01  2.15443469e+06 -6.06801797e+00 
 2.32630507e+06 -7.82310530e-01  2.32630507e+06 -5.60560664e+00 
 2.51188643e+06 -7.80432529e-01  2.51188643e+06 -5.17630720e+00 
 2.71227258e+06 -7.78198849e-01  2.71227258e+06 -4.77760763e+00 
 2.92864456e+06 -7.75563292e-01  2.92864456e+06 -4.40718062e+00 
 3.16227766e+06 -7.72472407e-01  3.16227766e+06 -4.06287093e+00 
 3.41454887e+06 -7.68864967e-01  3.41454887e+06 -3.74268379e+00 
 3.68694506e+06 -7.64671492e-01  3.68694506e+06 -3.44477463e+00 
 3.98107171e+06 -7.59813871e-01  3.98107171e+06 -3.16743982e+00 
 4.29866235e+06 -7.54205160e-01  4.29866235e+06 -2.90910857e+00 
 4.64158883e+06 -7.47749629e-01  4.64158883e+06 -2.66833587e+00 
 5.01187234e+06 -7.40343181e-01  5.01187234e+06 -2.44379638e+00 
 5.41169527e+06 -7.31874263e-01  5.41169527e+06 -2.23427931e+00 
 5.84341413e+06 -7.22225420e-01  5.84341413e+06 -2.03868404e+00 
 6.30957344e+06 -7.11275638e-01  6.30957344e+06 -1.85601641e+00 
 6.81292069e+06 -6.98903637e-01  6.81292069e+06 -1.68538544e+00 
 7.35642254e+06 -6.84992224e-01  7.35642254e+06 -1.52600020e+00 
 7.94328235e+06 -6.69433788e-01  7.94328235e+06 -1.37716639e+00 
 8.57695899e+06 -6.52136888e-01  8.57695899e+06 -1.23828234e+00 
 9.26118728e+06 -6.33033797e-01  9.26118728e+06 -1.10883382e+00 
 1.00000000e+07 -6.12088641e-01  1.00000000e+07 -9.88387214e-01 
 1.07977516e+07 -5.89305614e-01  1.07977516e+07 -8.76580680e-01 
 1.16591440e+07 -5.64736515e-01  1.16591440e+07 -7.73112959e-01 
 1.25892541e+07 -5.38486736e-01  1.25892541e+07 -6.77729890e-01 
 1.35935639e+07 -5.10718724e-01  1.35935639e+07 -5.90208905e-01 
 1.46779927e+07 -4.81652054e-01  1.46779927e+07 -5.10342232e-01 
 1.58489319e+07 -4.51559482e-01  1.58489319e+07 -4.37919886e-01 
 1.71132830e+07 -4.20758755e-01  1.71132830e+07 -3.72713790e-01 
 1.84784980e+07 -3.89600502e-01  1.84784980e+07 -3.14464459e-01 
 1.99526231e+07 -3.58453081e-01  1.99526231e+07 -2.62871531e-01 
 2.15443469e+07 -3.27685728e-01  2.15443469e+07 -2.17589047e-01 
 2.32630507e+07 -2.97651619e-01  2.32630507e+07 -1.78225800e-01 
 2.51188643e+07 -2.68672485e-01  2.51188643e+07 -1.44350462e-01 
 2.71227258e+07 -2.41026147e-01  2.71227258e+07 -1.15500607e-01 
 2.92864456e+07 -2.14937876e-01  2.92864456e+07 -9.11943542e-02 
 3.16227766e+07 -1.90575967e-01  3.16227766e+07 -7.09431818e-02 
 3.41454887e+07 -1.68051319e-01  3.41454887e+07 -5.42645467e-02 
 3.68694506e+07 -1.47420443e-01  3.68694506e+07 -4.06931798e-02 
 3.98107171e+07 -1.28691035e-01  3.98107171e+07 -2.97903132e-02 
 4.29866235e+07 -1.11829166e-01  4.29866235e+07 -2.11504695e-02 
 4.64158883e+07 -9.67672190e-02  4.64158883e+07 -1.44057851e-02 
 5.01187234e+07 -8.34118372e-02  5.01187234e+07 -9.22809110e-03 
 5.41169527e+07 -7.16513591e-02  5.41169527e+07 -5.32912792e-03 
 5.84341413e+07 -6.13624173e-02  5.84341413e+07 -2.45932574e-03 
 6.30957344e+07 -5.24155445e-02  6.30957344e+07 -4.05574890e-04 
 6.81292069e+07 -4.46797650e-02  6.81292069e+07  1.01164684e-03 
 7.35642254e+07 -3.80262289e-02  7.35642254e+07  1.94149841e-03 
 7.94328235e+07 -3.23309918e-02  7.94328235e+07  2.50613658e-03 
 8.57695899e+07 -2.74770552e-02  8.57695899e+07  2.80406573e-03 
 9.26118728e+07 -2.33557768e-02  9.26118728e+07  2.91337750e-03 
 1.00000000e+08 -1.98677489e-02  1.00000000e+08  2.89481536e-03 
 1.07977516e+08 -1.69232309e-02  1.07977516e+08  2.79461908e-03 
 1.16591440e+08 -1.44422097e-02  1.16591440e+08  2.64711682e-03 
 1.25892541e+08 -1.23541602e-02  1.25892541e+08  2.47704173e-03 
 1.35935639e+08 -1.05975719e-02  1.35935639e+08  2.30155912e-03 
 1.46779927e+08 -9.11930705e-03  1.46779927e+08  2.13200005e-03 
 1.58489319e+08 -7.87385139e-03  1.58489319e+08  1.97530824e-03 
 1.71132830e+08 -6.82251116e-03  1.71132830e+08  1.83521725e-03 
 1.84784980e+08 -5.93260329e-03  1.84784980e+08  1.71318352e-03 
 1.99526231e+08 -5.17667383e-03  1.99526231e+08  1.60910640e-03 
 2.15443469e+08 -4.53177040e-03  2.15443469e+08  1.52186940e-03 
 2.32630507e+08 -3.97878421e-03  2.32630507e+08  1.44973656e-03 
 2.51188643e+08 -3.50186867e-03  2.51188643e+08  1.39063587e-03 
 2.71227258e+08 -3.08793517e-03  2.71227258e+08  1.34235776e-03 
 2.92864456e+08 -2.72622135e-03  2.92864456e+08  1.30269230e-03 
 3.16227766e+08 -2.40792432e-03  3.16227766e+08  1.26952349e-03 
 3.41454887e+08 -2.12588930e-03  3.41454887e+08  1.24089469e-03 
 3.68694506e+08 -1.87434418e-03  3.68694506e+08  1.21505435e-03 
 3.98107171e+08 -1.64867080e-03  3.98107171e+08  1.19048789e-03 
 4.29866235e+08 -1.44520554e-03  4.29866235e+08  1.16593848e-03 
 4.64158883e+08 -1.26106360e-03  4.64158883e+08  1.14041743e-03 
 5.01187234e+08 -1.09398342e-03  5.01187234e+08  1.11320428e-03 
 5.41169527e+08 -9.42189584e-04  5.41169527e+08  1.08383628e-03 
 5.84341413e+08 -8.04273791e-04  5.84341413e+08  1.05208765e-03 
 6.30957344e+08 -6.79094174e-04  6.30957344e+08  1.01794004e-03 
 6.81292069e+08 -5.65693235e-04  6.81292069e+08  9.81546446e-04 
 7.35642254e+08 -4.63234082e-04  7.35642254e+08  9.43191399e-04 
 7.94328235e+08 -3.70953876e-04  7.94328235e+08  9.03250715e-04 
 8.57695899e+08 -2.88132556e-04  8.57695899e+08  8.62153557e-04 
 9.26118728e+08 -2.14074271e-04  9.26118728e+08  8.20349099e-04 
 1.00000000e+09 -1.48098639e-04  1.00000000e+09  7.78279221e-04 
 1.07977516e+09 -8.95389800e-05  1.07977516e+09  7.36357819e-04 
 1.16591440e+09 -3.77449237e-05  1.16591440e+09  6.94956599e-04 
 1.25892541e+09  7.91269673e-06  1.25892541e+09  6.54396682e-04 
 1.35935639e+09  4.80362744e-05  1.35935639e+09  6.14945063e-04 
 1.46779927e+09  8.31962437e-05  1.46779927e+09  5.76814805e-04 
 1.58489319e+09  1.13926915e-04  1.58489319e+09  5.40167914e-04 
 1.71132830e+09  1.40723615e-04  1.71132830e+09  5.05119942e-04 
 1.84784980e+09  1.64041170e-04  1.84784980e+09  4.71745533e-04 
 1.99526231e+09  1.84293628e-04  1.99526231e+09  4.40084332e-04 
 2.15443469e+09  2.01855012e-04  2.15443469e+09  4.10146807e-04 
 2.32630507e+09  2.17060886e-04  2.32630507e+09  3.81919723e-04 
 2.51188643e+09  2.30210496e-04  2.51188643e+09  3.55371090e-04 
 2.71227258e+09  2.41569299e-04  2.71227258e+09  3.30454516e-04 
 2.92864456e+09  2.51371695e-04  2.92864456e+09  3.07112928e-04 
 3.16227766e+09  2.59823837e-04  3.16227766e+09  2.85281710e-04 
 3.41454887e+09  2.67106399e-04  3.41454887e+09  2.64891284e-04 
 3.68694506e+09  2.73377259e-04  3.68694506e+09  2.45869202e-04 
 3.98107171e+09  2.78774011e-04  3.98107171e+09  2.28141811e-04 
 4.29866235e+09  2.83416302e-04  4.29866235e+09  2.11635559e-04 
 4.64158883e+09  2.87407978e-04  4.64158883e+09  1.96277989e-04 
 5.01187234e+09  2.90839014e-04  5.01187234e+09  1.81998489e-04 
 5.41169527e+09  2.93787261e-04  5.41169527e+09  1.68728829e-04 
 5.84341413e+09  2.96319991e-04  5.84341413e+09  1.56403540e-04 
 6.30957344e+09  2.98495278e-04  6.30957344e+09  1.44960155e-04 
 6.81292069e+09  3.00363206e-04  6.81292069e+09  1.34339354e-04 
 7.35642254e+09  3.01966937e-04  7.35642254e+09  1.24485019e-04 
 7.94328235e+09  3.03343644e-04  7.94328235e+09  1.15344237e-04 
 8.57695899e+09  3.04525317e-04  8.57695899e+09  1.06867249e-04 
 9.26118728e+09  3.05539481e-04  9.26118728e+09  9.90073712e-05 
 1.00000000e+10  3.06409801e-04  1.00000000e+10  9.17208892e-05 
