 1.00000000e+00  2.75053854e+04  1.00000000e+00 -2.12516221e+02 
 1.07977516e+00  2.75051130e+04  1.07977516e+00 -2.29467464e+02 
 1.16591440e+00  2.75047954e+04  1.16591440e+00 -2.47770408e+02 
 1.25892541e+00  2.75044251e+04  1.25892541e+00 -2.67532731e+02 
 1.35935639e+00  2.75039934e+04  1.35935639e+00 -2.88870664e+02 
 1.46779927e+00  2.75034901e+04  1.46779927e+00 -3.11909660e+02 
 1.58489319e+00  2.75029033e+04  1.58489319e+00 -3.36785119e+02 
 1.71132830e+00  2.75022192e+04  1.71132830e+00 -3.63643161e+02 
 1.84784980e+00  2.75014216e+04  1.84784980e+00 -3.92641466e+02 
 1.99526231e+00  2.75004918e+04  1.99526231e+00 -4.23950168e+02 
 2.15443469e+00  2.74994078e+04  2.15443469e+00 -4.57752817e+02 
 2.32630507e+00  2.74981440e+04  2.32630507e+00 -4.94247408e+02 
 2.51188643e+00  2.74966707e+04  2.51188643e+00 -5.33647482e+02 
 2.71227258e+00  2.74949531e+04  2.71227258e+00 -5.76183304e+02 
 2.92864456e+00  2.74929508e+04  2.92864456e+00 -6.22103114e+02 
 3.16227766e+00  2.74906167e+04  3.16227766e+00 -6.71674463e+02 
 3.41454887e+00  2.74878958e+04  3.41454887e+00 -7.25185622e+02 
 3.68694506e+00  2.74847242e+04  3.68694506e+00 -7.82947076e+02 
 3.98107171e+00  2.74810273e+04  3.98107171e+00 -8.45293094e+02 
 4.29866235e+00  2.74767183e+04  4.29866235e+00 -9.12583375e+02 
 4.64158883e+00  2.74716960e+04  4.64158883e+00 -9.85204755e+02 
 5.01187234e+00  2.74658429e+04  5.01187234e+00 -1.06357297e+03 
 5.41169527e+00  2.74590217e+04  5.41169527e+00 -1.14813447e+03 
 5.84341413e+00  2.74510730e+04  5.84341413e+00 -1.23936823e+03 
 6.30957344e+00  2.74418114e+04  6.30957344e+00 -1.33778753e+03 
 6.81292069e+00  2.74310211e+04  6.81292069e+00 -1.44394177e+03 
 7.35642254e+00  2.74184511e+04  7.35642254e+00 -1.55841802e+03 
 7.94328235e+00  2.74038102e+04  7.94328235e+00 -1.68184253e+03 
 8.57695899e+00  2.73867599e+04  8.57695899e+00 -1.81488191e+03 
 9.26118728e+00  2.73669074e+04  9.26118728e+00 -1.95824389e+03 
 1.00000000e+01  2.73437975e+04  1.00000000e+01 -2.11267759e+03 
 1.07977516e+01  2.73169025e+04  1.07977516e+01 -2.27897306e+03 
 1.16591440e+01  2.72856119e+04  1.16591440e+01 -2.45795982e+03 
 1.25892541e+01  2.72492202e+04  1.25892541e+01 -2.65050424e+03 
 1.35935639e+01  2.72069130e+04  1.35935639e+01 -2.85750526e+03 
 1.46779927e+01  2.71577520e+04  1.46779927e+01 -3.07988809e+03 
 1.58489319e+01  2.71006582e+04  1.58489319e+01 -3.31859541e+03 
 1.71132830e+01  2.70343942e+04  1.71132830e+01 -3.57457542e+03 
 1.84784980e+01  2.69575440e+04  1.84784980e+01 -3.84876595e+03 
 1.99526231e+01  2.68684930e+04  1.99526231e+01 -4.14207395e+03 
 2.15443469e+01  2.67654073e+04  2.15443469e+01 -4.45534932e+03 
 2.32630507e+01  2.66462124e+04  2.32630507e+01 -4.78935202e+03 
 2.51188643e+01  2.65085748e+04  2.51188643e+01 -5.14471155e+03 
 2.71227258e+01  2.63498858e+04  2.71227258e+01 -5.52187753e+03 
 2.92864456e+01  2.61672502e+04  2.92864456e+01 -5.92106068e+03 
 3.16227766e+01  2.59574838e+04  3.16227766e+01 -6.34216325e+03 
 3.41454887e+01  2.57171210e+04  3.41454887e+01 -6.78469902e+03 
 3.68694506e+01  2.54424391e+04  3.68694506e+01 -7.24770331e+03 
 3.98107171e+01  2.51295010e+04  3.98107171e+01 -7.72963467e+03 
 4.29866235e+01  2.47742243e+04  4.29866235e+01 -8.22827176e+03 
 4.64158883e+01  2.43724802e+04  4.64158883e+01 -8.74061049e+03 
 5.01187234e+01  2.39202269e+04  5.01187234e+01 -9.26276913e+03 
 5.41169527e+01  2.34136811e+04  5.41169527e+01 -9.78991171e+03 
 5.84341413e+01  2.28495270e+04  5.84341413e+01 -1.03162024e+04 
 6.30957344e+01  2.22251597e+04  6.30957344e+01 -1.08348059e+04 
 6.81292069e+01  2.15389534e+04  6.81292069e+01 -1.13379487e+04 
 7.35642254e+01  2.07905376e+04  7.35642254e+01 -1.18170565e+04 
 7.94328235e+01  1.99810610e+04  7.94328235e+01 -1.22629765e+04 
 8.57695899e+01  1.91134113e+04  8.57695899e+01 -1.26662889e+04 
 9.26118728e+01  1.81923623e+04  9.26118728e+01 -1.30176981e+04 
 1.00000000e+02  1.72246151e+04  1.00000000e+02 -1.33084855e+04 
 1.07977516e+02  1.62187094e+04  1.07977516e+02 -1.35309885e+04 
 1.16591440e+02  1.51847939e+04  1.16591440e+02 -1.36790642e+04 
 1.25892541e+02  1.41342591e+04  1.25892541e+02 -1.37484881e+04 
 1.35935639e+02  1.30792564e+04  1.35935639e+02 -1.37372414e+04 
 1.46779927e+02  1.20321448e+04  1.46779927e+02 -1.36456528e+04 
 1.58489319e+02  1.10049175e+04  1.58489319e+02 -1.34763753e+04 
 1.71132830e+02  1.00086638e+04  1.71132830e+02 -1.32342009e+04 
 1.84784980e+02  9.05311646e+03  1.84784980e+02 -1.29257388e+04 
 1.99526231e+02  8.14632105e+03  1.99526231e+02 -1.25589930e+04 
 2.15443469e+02  7.29444578e+03  2.15443469e+02 -1.21428904e+04 
 2.32630507e+02  6.50173098e+03  2.32630507e+02 -1.16868042e+04 
 2.51188643e+02  5.77056257e+03  2.51188643e+02 -1.12001163e+04 
 2.71227258e+02  5.10164230e+03  2.71227258e+02 -1.06918461e+04 
 2.92864456e+02  4.49422338e+03  2.92864456e+02 -1.01703639e+04 
 3.16227766e+02  3.94637996e+03  3.16227766e+02 -9.64319262e+03 
 3.41454887e+02  3.45528348e+03  3.41454887e+02 -9.11689303e+03 
 3.68694506e+02  3.01746513e+03  3.68694506e+02 -8.59702079e+03 
 3.98107171e+02  2.62905032e+03  3.98107171e+02 -8.08814045e+03 
 4.29866235e+02  2.28595752e+03  4.29866235e+02 -7.59388109e+03 
 4.64158883e+02  1.98405896e+03  4.64158883e+02 -7.11701920e+03 
 5.01187234e+02  1.71930413e+03  5.01187234e+02 -6.65957664e+03 
 5.41169527e+02  1.48780985e+03  5.41169527e+02 -6.22292431e+03 
 5.84341413e+02  1.28592134e+03  5.84341413e+02 -5.80788435e+03 
 6.30957344e+02  1.11024972e+03  6.30957344e+02 -5.41482635e+03 
 6.81292069e+02  9.57690795e+02  6.81292069e+02 -5.04375473e+03 
 7.35642254e+02  8.25429775e+02  7.35642254e+02 -4.69438584e+03 
 7.94328235e+02  7.10935708e+02  7.94328235e+02 -4.36621455e+03 
 8.57695899e+02  6.11948905e+02  8.57695899e+02 -4.05857055e+03 
 9.26118728e+02  5.26463850e+02  9.26118728e+02 -3.77066514e+03 
 1.00000000e+03  4.52709557e+02  1.00000000e+03 -3.50162958e+03 
 1.07977516e+03  3.89128807e+02  1.07977516e+03 -3.25054597e+03 
 1.16591440e+03  3.34357297e+02  1.16591440e+03 -3.01647175e+03 
 1.25892541e+03  2.87203429e+02  1.25892541e+03 -2.79845884e+03 
 1.35935639e+03  2.46629176e+02  1.35935639e+03 -2.59556836e+03 
 1.46779927e+03  2.11732316e+02  1.46779927e+03 -2.40688164e+03 
 1.58489319e+03  1.81730165e+02  1.58489319e+03 -2.23150826e+03 
 1.71132830e+03  1.55944850e+02  1.71132830e+03 -2.06859175e+03 
 1.84784980e+03  1.33790090e+02  1.84784980e+03 -1.91731334e+03 
 1.99526231e+03  1.14759430e+02  1.99526231e+03 -1.77689427e+03 
 2.15443469e+03  9.84158176e+01  2.15443469e+03 -1.64659690e+03 
 2.32630507e+03  8.43824229e+01  2.32630507e+03 -1.52572499e+03 
 2.51188643e+03  7.23345843e+01  2.51188643e+03 -1.41362325e+03 
 2.71227258e+03  6.19927658e+01  2.71227258e+03 -1.30967646e+03 
 2.92864456e+03  5.31164168e+01  2.92864456e+03 -1.21330815e+03 
 3.16227766e+03  4.54986333e+01  3.16227766e+03 -1.12397917e+03 
 3.41454887e+03  3.89615229e+01  3.41454887e+03 -1.04118592e+03 
 3.68694506e+03  3.33521902e+01  3.68694506e+03 -9.64458666e+02 
 3.98107171e+03  2.85392630e+01  3.98107171e+03 -8.93359675e+02 
 4.29866235e+03  2.44098915e+01  4.29866235e+03 -8.27481424e+02 
 4.64158883e+03  2.08671576e+01  4.64158883e+03 -7.66444794e+02 
 5.01187234e+03  1.78278416e+01  5.01187234e+03 -7.09897326e+02 
 5.41169527e+03  1.52204972e+01  5.41169527e+03 -6.57511523e+02 
 5.84341413e+03  1.29837945e+01  5.84341413e+03 -6.08983230e+02 
 6.30957344e+03  1.10650938e+01  6.30957344e+03 -5.64030082e+02 
 6.81292069e+03  9.41921878e+00  6.81292069e+03 -5.22390034e+02 
 7.35642254e+03  8.00740153e+00  7.35642254e+03 -4.83819974e+02 
 7.94328235e+03  6.79637618e+00  7.94328235e+03 -4.48094407e+02 
 8.57695899e+03  5.75759974e+00  8.57695899e+03 -4.15004227e+02 
 9.26118728e+03  4.86658295e+00  9.26118728e+03 -3.84355564e+02 
 1.00000000e+04  4.10231553e+00  1.00000000e+04 -3.55968696e+02 
 1.07977516e+04  3.44677268e+00  1.07977516e+04 -3.29677046e+02 
 1.16591440e+04  2.88449141e+00  1.16591440e+04 -3.05326233e+02 
 1.25892541e+04  2.40220679e+00  1.25892541e+04 -2.82773199e+02 
 1.35935639e+04  1.98853981e+00  1.35935639e+04 -2.61885383e+02 
 1.46779927e+04  1.63372949e+00  1.46779927e+04 -2.42539966e+02 
 1.58489319e+04  1.32940289e+00  1.58489319e+04 -2.24623161e+02 
 1.71132830e+04  1.06837793e+00  1.71132830e+04 -2.08029551e+02 
 1.84784980e+04  8.44494021e-01  1.84784980e+04 -1.92661480e+02 
 1.99526231e+04  6.52466904e-01  1.99526231e+04 -1.78428488e+02 
 2.15443469e+04  4.87764010e-01  2.15443469e+04 -1.65246778e+02 
 2.32630507e+04  3.46497571e-01  2.32630507e+04 -1.53038732e+02 
 2.51188643e+04  2.25332923e-01  2.51188643e+04 -1.41732455e+02 
 2.71227258e+04  1.21409827e-01  2.71227258e+04 -1.31261356e+02 
 2.92864456e+04  3.22749953e-02  2.92864456e+04 -1.21563755e+02 
 3.16227766e+04 -4.41758038e-02  3.16227766e+04 -1.12582525e+02 
 3.41454887e+04 -1.09747398e-01  3.41454887e+04 -1.04264754e+02 
 3.68694506e+04 -1.65987808e-01  3.68694506e+04 -9.65614382e+01 
 3.98107171e+04 -2.14224778e-01  3.98107171e+04 -8.94271883e+01 
 4.29866235e+04 -2.55597119e-01  4.29866235e+04 -8.28199676e+01 
 4.64158883e+04 -2.91081587e-01  4.64158883e+04 -7.67008432e+01 
 5.01187234e+04 -3.21515937e-01  5.01187234e+04 -7.10337569e+01 
 5.41169527e+04 -3.47618703e-01  5.41169527e+04 -6.57853134e+01 
 5.84341413e+04 -3.70006155e-01  5.84341413e+04 -6.09245835e+01 
 6.30957344e+04 -3.89206852e-01  6.30957344e+04 -5.64229222e+01 
 6.81292069e+04 -4.05674114e-01  6.81292069e+04 -5.22538002e+01 
 7.35642254e+04 -4.19796730e-01  7.35642254e+04 -4.83926475e+01 
 7.94328235e+04 -4.31908131e-01  7.94328235e+04 -4.48167087e+01 
 8.57695899e+04 -4.42294268e-01  8.57695899e+04 -4.15049090e+01 
 9.26118728e+04 -4.51200356e-01  9.26118728e+04 -3.84377303e+01 
 1.00000000e+05 -4.58836669e-01  1.00000000e+05 -3.55970958e+01 
 1.07977516e+05 -4.65383499e-01  1.07977516e+05 -3.29662639e+01 
 1.16591440e+05 -4.70995418e-01  1.16591440e+05 -3.05297293e+01 
 1.25892541e+05 -4.75804925e-01  1.25892541e+05 -2.82731319e+01 
 1.35935639e+05 -4.79925572e-01  1.35935639e+05 -2.61831719e+01 
 1.46779927e+05 -4.83454651e-01  1.46779927e+05 -2.42475316e+01 
 1.58489319e+05 -4.86475483e-01  1.58489319e+05 -2.24548028e+01 
 1.71132830e+05 -4.89059392e-01  1.71132830e+05 -2.07944196e+01 
 1.84784980e+05 -4.91267385e-01  1.84784980e+05 -1.92565960e+01 
 1.99526231e+05 -4.93151597e-01  1.99526231e+05 -1.78322684e+01 
 2.15443469e+05 -4.94756515e-01  2.15443469e+05 -1.65130422e+01 
 2.32630507e+05 -4.96120036e-01  2.32630507e+05 -1.52911421e+01 
 2.51188643e+05 -4.97274357e-01  2.51188643e+05 -1.41593665e+01 
 2.71227258e+05 -4.98246737e-01  2.71227258e+05 -1.31110451e+01 
 2.92864456e+05 -4.99060144e-01  2.92864456e+05 -1.21399992e+01 
 3.16227766e+05 -4.99733792e-01  3.16227766e+05 -1.12405059e+01 
 3.41454887e+05 -5.00283602e-01  3.41454887e+05 -1.04072638e+01 
 3.68694506e+05 -5.00722575e-01  3.68694506e+05 -9.63536235e+00 
 3.98107171e+05 -5.01061102e-01  3.98107171e+05 -8.92025225e+00 
 4.29866235e+05 -5.01307215e-01  4.29866235e+05 -8.25771922e+00 
 4.64158883e+05 -5.01466774e-01  4.64158883e+05 -7.64385891e+00 
 5.01187234e+05 -5.01543615e-01  5.01187234e+05 -7.07505399e+00 
 5.41169527e+05 -5.01539646e-01  5.41169527e+05 -6.54795285e+00 
 5.84341413e+05 -5.01454901e-01  5.84341413e+05 -6.05944990e+00 
 6.30957344e+05 -5.01287549e-01  6.30957344e+05 -5.60666732e+00 
 6.81292069e+05 -5.01033873e-01  6.81292069e+05 -5.18693816e+00 
 7.35642254e+05 -5.00688199e-01  7.35642254e+05 -4.79779074e+00 
 7.94328235e+05 -5.00242793e-01  7.94328235e+05 -4.43693413e+00 
 8.57695899e+05 -4.99687718e-01  8.57695899e+05 -4.10224485e+00 
 9.26118728e+05 -4.99010653e-01  9.26118728e+05 -3.79175448e+00 
 1.00000000e+06 -4.98196668e-01  1.00000000e+06 -3.50363825e+00 
 1.07977516e+06 -4.97227977e-01  1.07977516e+06 -3.23620462e+00 
 1.16591440e+06 -4.96083637e-01  1.16591440e+06 -2.98788551e+00 
 1.25892541e+06 -4.94739227e-01  1.25892541e+06 -2.75722755e+00 
 1.35935639e+06 -4.93166502e-01  1.35935639e+06 -2.54288390e+00 
 1.46779927e+06 -4.91333026e-01  1.46779927e+06 -2.34360692e+00 
 1.58489319e+06 -4.89201805e-01  1.58489319e+06 -2.15824149e+00 
 1.71132830e+06 -4.86730939e-01  1.71132830e+06 -1.98571902e+00 
 1.84784980e+06 -4.83873323e-01  1.84784980e+06 -1.82505208e+00 
 1.99526231e+06 -4.80576427e-01  1.99526231e+06 -1.67532975e+00 
 2.15443469e+06 -4.76782211e-01  2.15443469e+06 -1.53571349e+00 
 2.32630507e+06 -4.72427233e-01  2.32630507e+06 -1.40543369e+00 
 2.51188643e+06 -4.67443025e-01  2.51188643e+06 -1.28378671e+00 
 2.71227258e+06 -4.61756815e-01  2.71227258e+06 -1.17013248e+00 
 2.92864456e+06 -4.55292706e-01  2.92864456e+06 -1.06389249e+00 
 3.16227766e+06 -4.47973394e-01  3.16227766e+06 -9.64548067e-01 
 3.41454887e+06 -4.39722518e-01  3.41454887e+06 -8.71638897e-01 
 3.68694506e+06 -4.30467713e-01  3.68694506e+06 -7.84761412e-01 
 3.98107171e+06 -4.20144378e-01  3.98107171e+06 -7.03566935e-01 
 4.29866235e+06 -4.08700112e-01  4.29866235e+06 -6.27759239e-01 
 4.64158883e+06 -3.96099662e-01  4.64158883e+06 -5.57091219e-01 
 5.01187234e+06 -3.82330132e-01  5.01187234e+06 -4.91360386e-01 
 5.41169527e+06 -3.67406042e-01  5.41169527e+06 -4.30402962e-01 
 5.84341413e+06 -3.51373729e-01  5.84341413e+06 -3.74086463e-01 
 6.30957344e+06 -3.34314504e-01  6.30957344e+06 -3.22300855e-01 
 6.81292069e+06 -3.16345970e-01  6.81292069e+06 -2.74948593e-01 
 7.35642254e+06 -2.97620995e-01  7.35642254e+06 -2.31934093e-01 
 7.94328235e+06 -2.78324055e-01  7.94328235e+06 -1.93153417e-01 
 8.57695899e+06 -2.58664936e-01  8.57695899e+06 -1.58485046e-01 
 9.26118728e+06 -2.38870180e-01  9.26118728e+06 -1.27782646e-01 
 1.00000000e+07 -2.19172932e-01  1.00000000e+07 -1.00870529e-01 
 1.07977516e+07 -1.99802171e-01  1.07977516e+07 -7.75422446e-02 
 1.16591440e+07 -1.80972343e-01  1.16591440e+07 -5.75623389e-02 
 1.25892541e+07 -1.62874401e-01  1.25892541e+07 -4.06709096e-02 
 1.35935639e+07 -1.45668988e-01  1.35935639e+07 -2.65902862e-02 
 1.46779927e+07 -1.29482210e-01  1.46779927e+07 -1.50329530e-02 
 1.58489319e+07 -1.14404060e-01  1.58489319e+07 -5.70979882e-03 
 1.71132830e+07 -1.00489266e-01  1.71132830e+07  1.66212181e-03 
 1.84784980e+07 -8.77600911e-02  1.84784980e+07  7.35293588e-03 
 1.99526231e+07 -7.62104866e-02  1.99526231e+07  1.16147816e-02 
 2.15443469e+07 -6.58110232e-02  2.15443469e+07  1.46782596e-02 
 2.32630507e+07 -5.65140420e-02  2.32630507e+07  1.67504480e-02 
 2.51188643e+07 -4.82586144e-02  2.51188643e+07  1.80142865e-02 
 2.71227258e+07 -4.09750115e-02  2.71227258e+07  1.86290587e-02 
 2.92864456e+07 -3.45885128e-02  2.92864456e+07  1.87316788e-02 
 3.16227766e+07 -2.90224875e-02  3.16227766e+07  1.84384993e-02 
 3.41454887e+07 -2.42007600e-02  3.41454887e+07  1.78473984e-02 
 3.68694506e+07 -2.00493255e-02  3.68694506e+07  1.70399498e-02 
 3.98107171e+07 -1.64975112e-02  3.98107171e+07  1.60835328e-02 
 4.29866235e+07 -1.34786939e-02  4.29866235e+07  1.50332872e-02 
 4.64158883e+07 -1.09306839e-02  4.64158883e+07  1.39338586e-02 
 5.01187234e+07 -8.79587591e-03  5.01187234e+07  1.28209164e-02 
 5.41169527e+07 -7.02125191e-03  5.41169527e+07  1.17224517e-02 
 5.84341413e+07 -5.55830169e-03  5.84341413e+07  1.06598814e-02 
 6.30957344e+07 -4.36290612e-03  6.30957344e+07  9.64899241e-03 
 6.81292069e+07 -3.39520790e-03  6.81292069e+07  8.70076618e-03 
 7.35642254e+07 -2.61947834e-03  7.35642254e+07  7.82211516e-03 
 7.94328235e+07 -2.00397678e-03  7.94328235e+07  7.01655769e-03 
 8.57695899e+07 -1.52079292e-03  8.57695899e+07  6.28484536e-03 
 9.26118728e+07 -1.14566186e-03  9.26118728e+07  5.62554737e-03 
 1.00000000e+08 -8.57744591e-04  1.00000000e+08  5.03558860e-03 
 1.07977516e+08 -6.39372767e-04  1.07977516e+08  4.51073361e-03 
 1.16591440e+08 -4.75762189e-04  1.16591440e+08  4.04600841e-03 
 1.25892541e+08 -3.54704519e-04  1.25892541e+08  3.63605376e-03 
 1.35935639e+08 -2.66249365e-04  1.35935639e+08  3.27540775e-03 
 1.46779927e+08 -2.02389479e-04  1.46779927e+08  2.95871987e-03 
 1.58489319e+08 -1.56760493e-04  1.58489319e+08  2.68090228e-03 
 1.71132830e+08 -1.24364126e-04  1.71132830e+08  2.43722689e-03 
 1.84784980e+08 -1.01320787e-04  1.84784980e+08  2.22337822e-03 
 1.99526231e+08 -8.46545422e-05  1.99526231e+08  2.03547201e-03 
 2.15443469e+08 -7.21109121e-05  2.15443469e+08  1.87004932e-03 
 2.32630507e+08 -6.20059958e-05  2.32630507e+08  1.72405411e-03 
 2.51188643e+08 -5.31041409e-05  2.51188643e+08  1.59480137e-03 
 2.71227258e+08 -4.45205806e-05  2.71227258e+08  1.47994089e-03 
 2.92864456e+08 -3.56451247e-05  2.92864456e+08  1.37742071e-03 
 3.16227766e+08 -2.60829649e-05  3.16227766e+08  1.28545275e-03 
 3.41454887e+08 -1.56088534e-05  3.41454887e+08  1.20248233e-03 
 3.68694506e+08 -4.13127478e-06  3.68694506e+08  1.12716208e-03 
 3.98107171e+08  8.33628702e-06  3.98107171e+08  1.05833030e-03 
 4.29866235e+08  2.16993124e-05  4.29866235e+08  9.94993097e-04 
 4.64158883e+08  3.58031358e-05  4.64158883e+08  9.36309361e-04 
 5.01187234e+08  5.04518151e-05  5.01187234e+08  8.81577496e-04 
 5.41169527e+08  6.54254396e-05  5.41169527e+08  8.30222820e-04 
 5.84341413e+08  8.04958565e-05  5.84341413e+08  7.81784828e-04 
 6.30957344e+08  9.54404820e-05  6.30957344e+08  7.35903837e-04 
 6.81292069e+08  1.10053743e-04  6.81292069e+08  6.92306935e-04 
 7.35642254e+08  1.24155754e-04  7.35642254e+08  6.50793486e-04 
 7.94328235e+08  1.37598025e-04  7.94328235e+08  6.11220701e-04 
 8.57695899e+08  1.50266255e-04  8.57695899e+08  5.73489885e-04 
 9.26118728e+08  1.62080503e-04  9.26118728e+08  5.37533944e-04 
 1.00000000e+09  1.72993240e-04  1.00000000e+09  5.03306583e-04 
 1.07977516e+09  1.82985859e-04  1.07977516e+09  4.70773475e-04 
 1.16591440e+09  1.92064249e-04  1.16591440e+09  4.39905439e-04 
 1.25892541e+09  2.00253983e-04  1.25892541e+09  4.10673540e-04 
 1.35935639e+09  2.07595543e-04  1.35935639e+09  3.83045869e-04 
 1.46779927e+09  2.14139911e-04  1.46779927e+09  3.56985710e-04 
 1.58489319e+09  2.19944704e-04  1.58489319e+09  3.32450794e-04 
 1.71132830e+09  2.25070954e-04  1.71132830e+09  3.09393318e-04 
 1.84784980e+09  2.29580546e-04  1.84784980e+09  2.87760498e-04 
 1.99526231e+09  2.33534266e-04  1.99526231e+09  2.67495410e-04 
 2.15443469e+09  2.36990405e-04  2.15443469e+09  2.48537993e-04 
 2.32630507e+09  2.40003806e-04  2.32630507e+09  2.30826068e-04 
 2.51188643e+09  2.42625303e-04  2.51188643e+09  2.14296313e-04 
 2.71227258e+09  2.44901426e-04  2.71227258e+09  1.98885139e-04 
 2.92864456e+09  2.46874345e-04  2.92864456e+09  1.84529447e-04 
 3.16227766e+09  2.48581953e-04  3.16227766e+09  1.71167260e-04 
 3.41454887e+09  2.50058061e-04  3.41454887e+09  1.58738219e-04 
 3.68694506e+09  2.51332663e-04  3.68694506e+09  1.47183979e-04 
 3.98107171e+09  2.52432229e-04  3.98107171e+09  1.36448487e-04 
 4.29866235e+09  2.53380029e-04  4.29866235e+09  1.26478178e-04 
 4.64158883e+09  2.54196437e-04  4.64158883e+09  1.17222101e-04 
 5.01187234e+09  2.54899245e-04  5.01187234e+09  1.08631973e-04 
 5.41169527e+09  2.55503947e-04  5.41169527e+09  1.00662194e-04 
 5.84341413e+09  2.56024005e-04  5.84341413e+09  9.32698171e-05 
 6.30957344e+09  2.56471097e-04  6.30957344e+09  8.64144926e-05 
 6.81292069e+09  2.56855333e-04  6.81292069e+09  8.00583892e-05 
 7.35642254e+09  2.57185456e-04  7.35642254e+09  7.41660990e-05 
 7.94328235e+09  2.57469019e-04  7.94328235e+09  6.87045321e-05 
 8.57695899e+09  2.57712537e-04  8.57695899e+09  6.36428052e-05 
 9.26118728e+09  2.57921629e-04  9.26118728e+09  5.89521264e-05 
 1.00000000e+10  2.58101132e-04  1.00000000e+10  5.46056784e-05 
