 1.00000000e+00  1.09048025e+02  1.00000000e+00 -1.02556947e-02 
 1.07977516e+00  1.09048025e+02  1.07977516e+00 -1.10738443e-02 
 1.16591440e+00  1.09048025e+02  1.16591440e+00 -1.19572621e-02 
 1.25892541e+00  1.09048024e+02  1.25892541e+00 -1.29111545e-02 
 1.35935639e+00  1.09048024e+02  1.35935639e+00 -1.39411440e-02 
 1.46779927e+00  1.09048024e+02  1.46779927e+00 -1.50533009e-02 
 1.58489319e+00  1.09048023e+02  1.58489319e+00 -1.62541804e-02 
 1.71132830e+00  1.09048023e+02  1.71132830e+00 -1.75508602e-02 
 1.84784980e+00  1.09048023e+02  1.84784980e+00 -1.89509829e-02 
 1.99526231e+00  1.09048022e+02  1.99526231e+00 -2.04628005e-02 
 2.15443469e+00  1.09048021e+02  2.15443469e+00 -2.20952236e-02 
 2.32630507e+00  1.09048021e+02  2.32630507e+00 -2.38578735e-02 
 2.51188643e+00  1.09048020e+02  2.51188643e+00 -2.57611390e-02 
 2.71227258e+00  1.09048019e+02  2.71227258e+00 -2.78162378e-02 
 2.92864456e+00  1.09048018e+02  2.92864456e+00 -3.00352824e-02 
 3.16227766e+00  1.09048016e+02  3.16227766e+00 -3.24313515e-02 
 3.41454887e+00  1.09048015e+02  3.41454887e+00 -3.50185673e-02 
 3.68694506e+00  1.09048013e+02  3.68694506e+00 -3.78121786e-02 
 3.98107171e+00  1.09048011e+02  3.98107171e+00 -4.08286505e-02 
 4.29866235e+00  1.09048008e+02  4.29866235e+00 -4.40857617e-02 
 4.64158883e+00  1.09048005e+02  4.64158883e+00 -4.76027092e-02 
 5.01187234e+00  1.09048002e+02  5.01187234e+00 -5.14002214e-02 
 5.41169527e+00  1.09047998e+02  5.41169527e+00 -5.55006804e-02 
 5.84341413e+00  1.09047993e+02  5.84341413e+00 -5.99282536e-02 
 6.30957344e+00  1.09047988e+02  6.30957344e+00 -6.47090365e-02 
 6.81292069e+00  1.09047981e+02  6.81292069e+00 -6.98712063e-02 
 7.35642254e+00  1.09047974e+02  7.35642254e+00 -7.54451880e-02 
 7.94328235e+00  1.09047965e+02  7.94328235e+00 -8.14638337e-02 
 8.57695899e+00  1.09047955e+02  8.57695899e+00 -8.79626162e-02 
 9.26118728e+00  1.09047943e+02  9.26118728e+00 -9.49798379e-02 
 1.00000000e+01  1.09047930e+02  1.00000000e+01 -1.02556857e-01 
 1.07977516e+01  1.09047914e+02  1.07977516e+01 -1.10738331e-01 
 1.16591440e+01  1.09047895e+02  1.16591440e+01 -1.19572479e-01 
 1.25892541e+01  1.09047873e+02  1.25892541e+01 -1.29111367e-01 
 1.35935639e+01  1.09047848e+02  1.35935639e+01 -1.39411215e-01 
 1.46779927e+01  1.09047818e+02  1.46779927e+01 -1.50532727e-01 
 1.58489319e+01  1.09047784e+02  1.58489319e+01 -1.62541448e-01 
 1.71132830e+01  1.09047744e+02  1.71132830e+01 -1.75508154e-01 
 1.84784980e+01  1.09047697e+02  1.84784980e+01 -1.89509264e-01 
 1.99526231e+01  1.09047643e+02  1.99526231e+01 -2.04627295e-01 
 2.15443469e+01  1.09047579e+02  2.15443469e+01 -2.20951342e-01 
 2.32630507e+01  1.09047505e+02  2.32630507e+01 -2.38577609e-01 
 2.51188643e+01  1.09047418e+02  2.51188643e+01 -2.57609973e-01 
 2.71227258e+01  1.09047318e+02  2.71227258e+01 -2.78160593e-01 
 2.92864456e+01  1.09047200e+02  2.92864456e+01 -3.00350577e-01 
 3.16227766e+01  1.09047063e+02  3.16227766e+01 -3.24310686e-01 
 3.41454887e+01  1.09046903e+02  3.41454887e+01 -3.50182112e-01 
 3.68694506e+01  1.09046717e+02  3.68694506e+01 -3.78117302e-01 
 3.98107171e+01  1.09046500e+02  3.98107171e+01 -4.08280860e-01 
 4.29866235e+01  1.09046247e+02  4.29866235e+01 -4.40850511e-01 
 4.64158883e+01  1.09045952e+02  4.64158883e+01 -4.76018146e-01 
 5.01187234e+01  1.09045608e+02  5.01187234e+01 -5.13990952e-01 
 5.41169527e+01  1.09045207e+02  5.41169527e+01 -5.54992626e-01 
 5.84341413e+01  1.09044739e+02  5.84341413e+01 -5.99264687e-01 
 6.30957344e+01  1.09044194e+02  6.30957344e+01 -6.47067895e-01 
 6.81292069e+01  1.09043558e+02  6.81292069e+01 -6.98683776e-01 
 7.35642254e+01  1.09042817e+02  7.35642254e+01 -7.54416269e-01 
 7.94328235e+01  1.09041952e+02  7.94328235e+01 -8.14593505e-01 
 8.57695899e+01  1.09040945e+02  8.57695899e+01 -8.79569722e-01 
 9.26118728e+01  1.09039770e+02  9.26118728e+01 -9.49727327e-01 
 1.00000000e+02  1.09038400e+02  1.00000000e+02 -1.02547912e+00 
 1.07977516e+02  1.09036803e+02  1.07977516e+02 -1.10727070e+00 
 1.16591440e+02  1.09034942e+02  1.16591440e+02 -1.19558303e+00 
 1.25892541e+02  1.09032771e+02  1.25892541e+02 -1.29093521e+00 
 1.35935639e+02  1.09030240e+02  1.35935639e+02 -1.39388748e+00 
 1.46779927e+02  1.09027290e+02  1.46779927e+02 -1.50504443e+00 
 1.58489319e+02  1.09023850e+02  1.58489319e+02 -1.62505843e+00 
 1.71132830e+02  1.09019840e+02  1.71132830e+02 -1.75463331e+00 
 1.84784980e+02  1.09015165e+02  1.84784980e+02 -1.89452838e+00 
 1.99526231e+02  1.09009715e+02  1.99526231e+02 -2.04556262e+00 
 2.15443469e+02  1.09003362e+02  2.15443469e+02 -2.20861922e+00 
 2.32630507e+02  1.08995955e+02  2.32630507e+02 -2.38465044e+00 
 2.51188643e+02  1.08987320e+02  2.51188643e+02 -2.57468274e+00 
 2.71227258e+02  1.08977255e+02  2.71227258e+02 -2.77982222e+00 
 2.92864456e+02  1.08965522e+02  2.92864456e+02 -3.00126045e+00 
 3.16227766e+02  1.08951845e+02  3.16227766e+02 -3.24028053e+00 
 3.41454887e+02  1.08935904e+02  3.41454887e+02 -3.49826350e+00 
 3.68694506e+02  1.08917323e+02  3.68694506e+02 -3.77669501e+00 
 3.98107171e+02  1.08895668e+02  3.98107171e+02 -4.07717225e+00 
 4.29866235e+02  1.08870431e+02  4.29866235e+02 -4.40141102e+00 
 4.64158883e+02  1.08841021e+02  4.64158883e+02 -4.75125296e+00 
 5.01187234e+02  1.08806752e+02  5.01187234e+02 -5.12867278e+00 
 5.41169527e+02  1.08766824e+02  5.41169527e+02 -5.53578527e+00 
 5.84341413e+02  1.08720309e+02  5.84341413e+02 -5.97485209e+00 
 6.30957344e+02  1.08666126e+02  6.30957344e+02 -6.44828791e+00 
 6.81292069e+02  1.08603021e+02  6.81292069e+02 -6.95866560e+00 
 7.35642254e+02  1.08529539e+02  7.35642254e+02 -7.50872023e+00 
 7.94328235e+02  1.08443990e+02  7.94328235e+02 -8.10135110e+00 
 8.57695899e+02  1.08344417e+02  8.57695899e+02 -8.73962131e+00 
 9.26118728e+02  1.08228554e+02  9.26118728e+02 -9.42675398e+00 
 1.00000000e+03  1.08093779e+02  1.00000000e+03 -1.01661241e+01 
 1.07977516e+03  1.07937066e+02  1.07977516e+03 -1.09612449e+01 
 1.16591440e+03  1.07754923e+02  1.16591440e+03 -1.18157465e+01 
 1.25892541e+03  1.07543333e+02  1.25892541e+03 -1.27333462e+01 
 1.35935639e+03  1.07297682e+02  1.35935639e+03 -1.37178068e+01 
 1.46779927e+03  1.07012685e+02  1.46779927e+03 -1.47728815e+01 
 1.58489319e+03  1.06682304e+02  1.58489319e+03 -1.59022410e+01 
 1.71132830e+03  1.06299670e+02  1.71132830e+03 -1.71093807e+01 
 1.84784980e+03  1.05856996e+02  1.84784980e+03 -1.83975030e+01 
 1.99526231e+03  1.05345499e+02  1.99526231e+03 -1.97693708e+01 
 2.15443469e+03  1.04755332e+02  2.15443469e+03 -2.12271281e+01 
 2.32630507e+03  1.04075526e+02  2.32630507e+03 -2.27720838e+01 
 2.51188643e+03  1.03293965e+02  2.51188643e+03 -2.44044549e+01 
 2.71227258e+03  1.02397395e+02  2.71227258e+03 -2.61230682e+01 
 2.92864456e+03  1.01371486e+02  2.92864456e+03 -2.79250200e+01 
 3.16227766e+03  1.00200968e+02  3.16227766e+03 -2.98053006e+01 
 3.41454887e+03  9.88698527e+01  3.41454887e+03 -3.17563910e+01 
 3.68694506e+03  9.73617682e+01  3.68694506e+03 -3.37678505e+01 
 3.98107171e+03  9.56604252e+01  3.98107171e+03 -3.58259212e+01 
 4.29866235e+03  9.37502255e+01  4.29866235e+03 -3.79131840e+01 
 4.64158883e+03  9.16170250e+01  4.64158883e+03 -4.00083135e+01 
 5.01187234e+03  8.92490399e+01  5.01187234e+03 -4.20859870e+01 
 5.41169527e+03  8.66378720e+01  5.41169527e+03 -4.41170084e+01 
 5.84341413e+03  8.37796012e+01  5.84341413e+03 -4.60687072e+01 
 6.30957344e+03  8.06758693e+01  6.30957344e+03 -4.79056619e+01 
 6.81292069e+03  7.73348489e+01  6.81292069e+03 -4.95907735e+01 
 7.35642254e+03  7.37719785e+01  7.35642254e+03 -5.10866797e+01 
 7.94328235e+03  7.00103341e+01  7.94328235e+03 -5.23574532e+01 
 8.57695899e+03  6.60805270e+01  8.57695899e+03 -5.33704755e+01 
 9.26118728e+03  6.20200534e+01  9.26118728e+03 -5.40983301e+01 
 1.00000000e+04  5.78720815e+01  1.00000000e+04 -5.45205297e+01 
 1.07977516e+04  5.36837347e+01  1.07977516e+04 -5.46248843e+01 
 1.16591440e+04  4.95040043e+01  1.16591440e+04 -5.44083456e+01 
 1.25892541e+04  4.53814808e+01  1.25892541e+04 -5.38772221e+01 
 1.35935639e+04  4.13621244e+01  1.35935639e+04 -5.30467361e+01 
 1.46779927e+04  3.74872878e+01  1.46779927e+04 -5.19399797e+01 
 1.58489319e+04  3.37921654e+01  1.58489319e+04 -5.05864008e+01 
 1.71132830e+04  3.03047740e+01  1.71132830e+04 -4.90199950e+01 
 1.84784980e+04  2.70454995e+01  1.84784980e+04 -4.72773990e+01 
 1.99526231e+04  2.40271719e+01  1.99526231e+04 -4.53960634e+01 
 2.15443469e+04  2.12555777e+01  2.15443469e+04 -4.34126435e+01 
 2.32630507e+04  1.87302918e+01  2.32630507e+04 -4.13617011e+01 
 2.51188643e+04  1.64457000e+01  2.51188643e+04 -3.92747543e+01 
 2.71227258e+04  1.43920959e+01  2.71227258e+04 -3.71796725e+01 
 2.92864456e+04  1.25567573e+01  2.92864456e+04 -3.51003796e+01 
 3.16227766e+04  1.09249349e+01  3.16227766e+04 -3.30568132e+01 
 3.41454887e+04  9.48070936e+00  3.41454887e+04 -3.10650755e+01 
 3.68694506e+04  8.20770070e+00  3.68694506e+04 -2.91377197e+01 
 3.98107171e+04  7.08962584e+00  3.98107171e+04 -2.72841162e+01 
 4.29866235e+04  6.11071581e+00  4.29866235e+04 -2.55108579e+01 
 4.64158883e+04  5.25600929e+00  4.64158883e+04 -2.38221719e+01 
 5.01187234e+04  4.51154240e+00  5.01187234e+04 -2.22203141e+01 
 5.41169527e+04  3.86445547e+00  5.41169527e+04 -2.07059341e+01 
 5.84341413e+04  3.30303556e+00  5.84341413e+04 -1.92784002e+01 
 6.30957344e+04  2.81671157e+00  6.30957344e+04 -1.79360835e+01 
 6.81292069e+04  2.39601581e+00  6.81292069e+04 -1.66766002e+01 
 7.35642254e+04  2.03252332e+00  7.35642254e+04 -1.54970144e+01 
 7.94328235e+04  1.71877776e+00  7.94328235e+04 -1.43940056e+01 
 8.57695899e+04  1.44821039e+00  8.57695899e+04 -1.33640045e+01 
 9.26118728e+04  1.21505697e+00  9.26118728e+04 -1.24033014e+01 
 1.00000000e+05  1.01427604e+00  1.00000000e+05 -1.15081320e+01 
 1.07977516e+05  8.41470765e-01  1.07977516e+05 -1.06747433e+01 
 1.16591440e+05  6.92815745e-01  1.16591440e+05 -9.89944381e+00 
 1.25892541e+05  5.64989603e-01  1.25892541e+05 -9.17864077e+00 
 1.35935639e+05  4.55113646e-01  1.35935639e+05 -8.50886671e+00 
 1.46779927e+05  3.60696616e-01  1.46779927e+05 -7.88679777e+00 
 1.58489319e+05  2.79585319e-01  1.58489319e+05 -7.30926536e+00 
 1.71132830e+05  2.09920800e-01  1.71132830e+05 -6.77326259e+00 
 1.84784980e+05  1.50099649e-01  1.84784980e+05 -6.27594680e+00 
 1.99526231e+05  9.87399926e-02  1.99526231e+05 -5.81463902e+00 
 2.15443469e+05  5.46517137e-02  2.15443469e+05 -5.38682117e+00 
 2.32630507e+05  1.68104558e-02  2.32630507e+05 -4.99013159e+00 
 2.51188643e+05 -1.56650084e-02  2.51188643e+05 -4.62235945e+00 
 2.71227258e+05 -4.35324359e-02  2.71227258e+05 -4.28143839e+00 
 2.92864456e+05 -6.74431582e-02  2.92864456e+05 -3.96543957e+00 
 3.16227766e+05 -8.79568349e-02  3.16227766e+05 -3.67256457e+00 
 3.41454887e+05 -1.05554208e-01  3.41454887e+05 -3.40113814e+00 
 3.68694506e+05 -1.20648112e-01  3.68694506e+05 -3.14960102e+00 
 3.98107171e+05 -1.33592972e-01  3.98107171e+05 -2.91650287e+00 
 4.29866235e+05 -1.44692989e-01  4.29866235e+05 -2.70049545e+00 
 4.64158883e+05 -1.54209184e-01  4.64158883e+05 -2.50032598e+00 
 5.01187234e+05 -1.62365464e-01  5.01187234e+05 -2.31483089e+00 
 5.41169527e+05 -1.69353832e-01  5.41169527e+05 -2.14292977e+00 
 5.84341413e+05 -1.75338869e-01  5.84341413e+05 -1.98361972e+00 
 6.30957344e+05 -1.80461579e-01  6.30957344e+05 -1.83596996e+00 
 6.81292069e+05 -1.84842690e-01  6.81292069e+05 -1.69911682e+00 
 7.35642254e+05 -1.88585483e-01  7.35642254e+05 -1.57225893e+00 
 7.94328235e+05 -1.91778216e-01  7.94328235e+05 -1.45465282e+00 
 8.57695899e+05 -1.94496196e-01  8.57695899e+05 -1.34560877e+00 
 9.26118728e+05 -1.96803552e-01  9.26118728e+05 -1.24448691e+00 
 1.00000000e+06 -1.98754744e-01  1.00000000e+06 -1.15069358e+00 
 1.07977516e+06 -2.00395845e-01  1.07977516e+06 -1.06367800e+00 
 1.16591440e+06 -2.01765633e-01  1.16591440e+06 -9.82929075e-01 
 1.25892541e+06 -2.02896507e-01  1.25892541e+06 -9.07972539e-01 
 1.35935639e+06 -2.03815258e-01  1.35935639e+06 -8.38368198e-01 
 1.46779927e+06 -2.04543710e-01  1.46779927e+06 -7.73707439e-01 
 1.58489319e+06 -2.05099247e-01  1.58489319e+06 -7.13610903e-01 
 1.71132830e+06 -2.05495241e-01  1.71132830e+06 -6.57726337e-01 
 1.84784980e+06 -2.05741391e-01  1.84784980e+06 -6.05726619e-01 
 1.99526231e+06 -2.05843984e-01  1.99526231e+06 -5.57307940e-01 
 2.15443469e+06 -2.05806085e-01  2.15443469e+06 -5.12188146e-01 
 2.32630507e+06 -2.05627669e-01  2.32630507e+06 -4.70105230e-01 
 2.51188643e+06 -2.05305697e-01  2.51188643e+06 -4.30815976e-01 
 2.71227258e+06 -2.04834147e-01  2.71227258e+06 -3.94094747e-01 
 2.92864456e+06 -2.04204008e-01  2.92864456e+06 -3.59732424e-01 
 3.16227766e+06 -2.03403252e-01  3.16227766e+06 -3.27535493e-01 
 3.41454887e+06 -2.02416785e-01  3.41454887e+06 -2.97325289e-01 
 3.68694506e+06 -2.01226406e-01  3.68694506e+06 -2.68937391e-01 
 3.98107171e+06 -1.99810788e-01  3.98107171e+06 -2.42221184e-01 
 4.29866235e+06 -1.98145498e-01  4.29866235e+06 -2.17039574e-01 
 4.64158883e+06 -1.96203101e-01  4.64158883e+06 -1.93268873e-01 
 5.01187234e+06 -1.93953372e-01  5.01187234e+06 -1.70798834e-01 
 5.41169527e+06 -1.91363666e-01  5.41169527e+06 -1.49532825e-01 
 5.84341413e+06 -1.88399487e-01  5.84341413e+06 -1.29388122e-01 
 6.30957344e+06 -1.85025305e-01  6.30957344e+06 -1.10296265e-01 
 6.81292069e+06 -1.81205679e-01  6.81292069e+06 -9.22034242e-02 
 7.35642254e+06 -1.76906704e-01  7.35642254e+06 -7.50706927e-02 
 7.94328235e+06 -1.72097816e-01  7.94328235e+06 -5.88741817e-02 
 8.57695899e+06 -1.66753933e-01  8.57695899e+06 -4.36048017e-02 
 9.26118728e+06 -1.60857871e-01  9.26118728e+06 -2.92675749e-02 
 1.00000000e+07 -1.54402936e-01  1.00000000e+07 -1.58803388e-02 
 1.07977516e+07 -1.47395493e-01  1.07977516e+07 -3.47171894e-03 
 1.16591440e+07 -1.39857287e-01  1.16591440e+07  7.92169661e-03 
 1.25892541e+07 -1.31827235e-01  1.25892541e+07  1.82589690e-02 
 1.35935639e+07 -1.23362377e-01  1.35935639e+07  2.74990837e-02 
 1.46779927e+07 -1.14537731e-01  1.46779927e+07  3.56056474e-02 
 1.58489319e+07 -1.05444861e-01  1.58489319e+07  4.25516528e-02 
 1.71132830e+07 -9.61891177e-02  1.71132830e+07  4.83238800e-02 
 1.84784980e+07 -8.68856627e-02  1.84784980e+07  5.29264869e-02 
 1.99526231e+07 -7.76545732e-02  1.99526231e+07  5.63833973e-02 
 2.15443469e+07 -6.86154566e-02  2.15443469e+07  5.87392231e-02 
 2.32630507e+07 -5.98820741e-02  2.32630507e+07  6.00586360e-02 
 2.51188643e+07 -5.15574702e-02  2.51188643e+07  6.04242977e-02 
 2.71227258e+07 -4.37300147e-02  2.71227258e+07  5.99336269e-02 
 2.92864456e+07 -3.64706177e-02  2.92864456e+07  5.86947907e-02 
 3.16227766e+07 -2.98312159e-02  3.16227766e+07  5.68223509e-02 
 3.41454887e+07 -2.38444672e-02  3.41454887e+07  5.44329612e-02 
 3.68694506e+07 -1.85244807e-02  3.68694506e+07  5.16414289e-02 
 3.98107171e+07 -1.38683442e-02  3.98107171e+07  4.85573489e-02 
 4.29866235e+07 -9.85819662e-03  4.29866235e+07  4.52824111e-02 
 4.64158883e+07 -6.46362086e-03  4.64158883e+07  4.19083949e-02 
 5.01187234e+07 -3.64417532e-03  5.01187234e+07  3.85158125e-02 
 5.41169527e+07 -1.35193230e-03  5.41169527e+07  3.51731326e-02 
 5.84341413e+07  4.66069397e-04  5.84341413e+07  3.19365127e-02 
 6.30957344e+07  1.86552356e-03  6.30957344e+07  2.88499741e-02 
 6.81292069e+07  2.90276039e-03  6.81292069e+07  2.59459600e-02 
 7.35642254e+07  3.63290291e-03  7.35642254e+07  2.32462194e-02 
 7.94328235e+07  4.10831947e-03  7.94328235e+07  2.07629548e-02 
 8.57695899e+07  4.37740769e-03  8.57695899e+07  1.85001623e-02 
 9.26118728e+07  4.48372968e-03  9.26118728e+07  1.64550830e-02 
 1.00000000e+08  4.46549799e-03  1.00000000e+08  1.46196810e-02 
 1.07977516e+08  4.35538857e-03  1.07977516e+08  1.29820672e-02 
 1.16591440e+08  4.18063658e-03  1.16591440e+08  1.15278006e-02 
 1.25892541e+08  3.96335660e-03  1.25892541e+08  1.02410172e-02 
 1.35935639e+08  3.72102197e-03  1.35935639e+08  9.10535852e-03 
 1.46779927e+08  3.46703942e-03  1.46779927e+08  8.10469165e-03 
 1.58489319e+08  3.21136254e-03  1.58489319e+08  7.22363116e-03 
 1.71132830e+08  2.96109880e-03  1.71132830e+08  6.44788408e-03 
 1.84784980e+08  2.72107719e-03  1.84784980e+08  5.76444699e-03 
 1.99526231e+08  2.49435579e-03  1.99526231e+08  5.16168582e-03 
 2.15443469e+08  2.28265832e-03  2.15443469e+08  4.62932853e-03 
 2.32630507e+08  2.08673693e-03  2.32630507e+08  4.15839706e-03 
 2.51188643e+08  1.90666375e-03  2.51188643e+08  3.74110117e-03 
 2.71227258e+08  1.74205756e-03  2.71227258e+08  3.37071205e-03 
 2.92864456e+08  1.59225368e-03  2.92864456e+08  3.04142926e-03 
 3.16227766e+08  1.45642640e-03  3.16227766e+08  2.74825115e-03 
 3.41454887e+08  1.33367304e-03  3.41454887e+08  2.48685507e-03 
 3.68694506e+08  1.22306853e-03  3.68694506e+08  2.25349152e-03 
 3.98107171e+08  1.12369839e-03  3.98107171e+08  2.04489366e-03 
 4.29866235e+08  1.03467679e-03  4.29866235e+08  1.85820229e-03 
 4.64158883e+08  9.55155263e-04  4.64158883e+08  1.69090492e-03 
 5.01187234e+08  8.84325935e-04  5.01187234e+08  1.54078696e-03 
 5.41169527e+08  8.21422302e-04  5.41169527e+08  1.40589268e-03 
 5.84341413e+08  7.65719095e-04  5.84341413e+08  1.28449363e-03 
 6.30957344e+08  7.16532168e-04  6.30957344e+08  1.17506266e-03 
 6.81292069e+08  6.73218696e-04  6.81292069e+08  1.07625176e-03 
 7.35642254e+08  6.35177596e-04  7.35642254e+08  9.86872717e-04 
 7.94328235e+08  6.01849989e-04  7.94328235e+08  9.05879782e-04 
 8.57695899e+08  5.72719442e-04  8.57695899e+08  8.32353855e-04 
 9.26118728e+08  5.47311824e-04  9.26118728e+08  7.65488002e-04 
 1.00000000e+09  5.25194654e-04  1.00000000e+09  7.04574175e-04 
 1.07977516e+09  5.05975936e-04  1.07977516e+09  6.48991109e-04 
 1.16591440e+09  4.89302491e-04  1.16591440e+09  5.98193384e-04 
 1.25892541e+09  4.74857897e-04  1.25892541e+09  5.51701616e-04 
 1.35935639e+09  4.62360119e-04  1.35935639e+09  5.09093767e-04 
 1.46779927e+09  4.51558949e-04  1.46779927e+09  4.69997495e-04 
 1.58489319e+09  4.42233340e-04  1.58489319e+09  4.34083483e-04 
 1.71132830e+09  4.34188746e-04  1.71132830e+09  4.01059656e-04 
 1.84784980e+09  4.27254510e-04  1.84784980e+09  3.70666199e-04 
 1.99526231e+09  4.21281373e-04  1.99526231e+09  3.42671284e-04 
 2.15443469e+09  4.16139123e-04  2.15443469e+09  3.16867405e-04 
 2.32630507e+09  4.11714428e-04  2.32630507e+09  2.93068261e-04 
 2.51188643e+09  4.07908838e-04  2.51188643e+09  2.71106088e-04 
 2.71227258e+09  4.04636977e-04  2.71227258e+09  2.50829381e-04 
 2.92864456e+09  4.01824923e-04  2.92864456e+09  2.32100957e-04 
 3.16227766e+09  3.99408748e-04  3.16227766e+09  2.14796285e-04 
 3.41454887e+09  3.97333235e-04  3.41454887e+09  1.98802064e-04 
 3.68694506e+09  3.95550733e-04  3.68694506e+09  1.84014991e-04 
 3.98107171e+09  3.94020158e-04  3.98107171e+09  1.70340701e-04 
 4.29866235e+09  3.92706114e-04  4.29866235e+09  1.57692849e-04 
 4.64158883e+09  3.91578122e-04  4.64158883e+09  1.45992304e-04 
 5.01187234e+09  3.90609953e-04  5.01187234e+09  1.35166451e-04 
 5.41169527e+09  3.89779046e-04  5.41169527e+09  1.25148574e-04 
 5.84341413e+09  3.89066003e-04  5.84341413e+09  1.15877311e-04 
 6.30957344e+09  3.88454151e-04  6.30957344e+09  1.07296175e-04 
 6.81292069e+09  3.87929163e-04  6.81292069e+09  9.93531232e-05 
 7.35642254e+09  3.87478732e-04  7.35642254e+09  9.20001726e-05 
 7.94328235e+09  3.87092289e-04  7.94328235e+09  8.51930578e-05 
 8.57695899e+09  3.86760756e-04  8.57695899e+09  7.88909202e-05 
 9.26118728e+09  3.86476341e-04  9.26118728e+09  7.30560289e-05 
 1.00000000e+10  3.86232355e-04  1.00000000e+10  6.76535274e-05 
