 1.00000000e+00  2.82447989e+02  1.00000000e+00 -3.70838225e-03 
 1.07977516e+00  2.82447989e+02  1.07977516e+00 -4.00421905e-03 
 1.16591440e+00  2.82447989e+02  1.16591440e+00 -4.32365627e-03 
 1.25892541e+00  2.82447989e+02  1.25892541e+00 -4.66857665e-03 
 1.35935639e+00  2.82447989e+02  1.35935639e+00 -5.04101311e-03 
 1.46779927e+00  2.82447989e+02  1.46779927e+00 -5.44316075e-03 
 1.58489319e+00  2.82447989e+02  1.58489319e+00 -5.87738978e-03 
 1.71132830e+00  2.82447989e+02  1.71132830e+00 -6.34625951e-03 
 1.84784980e+00  2.82447989e+02  1.84784980e+00 -6.85253339e-03 
 1.99526231e+00  2.82447989e+02  1.99526231e+00 -7.39919535e-03 
 2.15443469e+00  2.82447989e+02  2.15443469e+00 -7.98946736e-03 
 2.32630507e+00  2.82447989e+02  2.32630507e+00 -8.62682842e-03 
 2.51188643e+00  2.82447989e+02  2.51188643e+00 -9.31503505e-03 
 2.71227258e+00  2.82447989e+02  2.71227258e+00 -1.00581435e-02 
 2.92864456e+00  2.82447989e+02  2.92864456e+00 -1.08605335e-02 
 3.16227766e+00  2.82447989e+02  3.16227766e+00 -1.17269343e-02 
 3.41454887e+00  2.82447989e+02  3.41454887e+00 -1.26624524e-02 
 3.68694506e+00  2.82447988e+02  3.68694506e+00 -1.36726016e-02 
 3.98107171e+00  2.82447988e+02  3.98107171e+00 -1.47633356e-02 
 4.29866235e+00  2.82447988e+02  4.29866235e+00 -1.59410831e-02 
 4.64158883e+00  2.82447988e+02  4.64158883e+00 -1.72127856e-02 
 5.01187234e+00  2.82447988e+02  5.01187234e+00 -1.85859383e-02 
 5.41169527e+00  2.82447988e+02  5.41169527e+00 -2.00686346e-02 
 5.84341413e+00  2.82447987e+02  5.84341413e+00 -2.16696131e-02 
 6.30957344e+00  2.82447987e+02  6.30957344e+00 -2.33983100e-02 
 6.81292069e+00  2.82447987e+02  6.81292069e+00 -2.52649140e-02 
 7.35642254e+00  2.82447986e+02  7.35642254e+00 -2.72804265e-02 
 7.94328235e+00  2.82447986e+02  7.94328235e+00 -2.94567270e-02 
 8.57695899e+00  2.82447986e+02  8.57695899e+00 -3.18066421e-02 
 9.26118728e+00  2.82447985e+02  9.26118728e+00 -3.43440220e-02 
 1.00000000e+01  2.82447984e+02  1.00000000e+01 -3.70838219e-02 
 1.07977516e+01  2.82447983e+02  1.07977516e+01 -4.00421897e-02 
 1.16591440e+01  2.82447982e+02  1.16591440e+01 -4.32365617e-02 
 1.25892541e+01  2.82447981e+02  1.25892541e+01 -4.66857653e-02 
 1.35935639e+01  2.82447980e+02  1.35935639e+01 -5.04101295e-02 
 1.46779927e+01  2.82447979e+02  1.46779927e+01 -5.44316055e-02 
 1.58489319e+01  2.82447977e+02  1.58489319e+01 -5.87738953e-02 
 1.71132830e+01  2.82447975e+02  1.71132830e+01 -6.34625919e-02 
 1.84784980e+01  2.82447972e+02  1.84784980e+01 -6.85253299e-02 
 1.99526231e+01  2.82447970e+02  1.99526231e+01 -7.39919485e-02 
 2.15443469e+01  2.82447966e+02  2.15443469e+01 -7.98946673e-02 
 2.32630507e+01  2.82447963e+02  2.32630507e+01 -8.62682762e-02 
 2.51188643e+01  2.82447958e+02  2.51188643e+01 -9.31503405e-02 
 2.71227258e+01  2.82447953e+02  2.71227258e+01 -1.00581422e-01 
 2.92864456e+01  2.82447947e+02  2.92864456e+01 -1.08605319e-01 
 3.16227766e+01  2.82447940e+02  3.16227766e+01 -1.17269323e-01 
 3.41454887e+01  2.82447932e+02  3.41454887e+01 -1.26624499e-01 
 3.68694506e+01  2.82447923e+02  3.68694506e+01 -1.36725984e-01 
 3.98107171e+01  2.82447912e+02  3.98107171e+01 -1.47633316e-01 
 4.29866235e+01  2.82447899e+02  4.29866235e+01 -1.59410781e-01 
 4.64158883e+01  2.82447884e+02  4.64158883e+01 -1.72127793e-01 
 5.01187234e+01  2.82447867e+02  5.01187234e+01 -1.85859304e-01 
 5.41169527e+01  2.82447847e+02  5.41169527e+01 -2.00686245e-01 
 5.84341413e+01  2.82447823e+02  5.84341413e+01 -2.16696005e-01 
 6.30957344e+01  2.82447795e+02  6.30957344e+01 -2.33982941e-01 
 6.81292069e+01  2.82447763e+02  6.81292069e+01 -2.52648940e-01 
 7.35642254e+01  2.82447726e+02  7.35642254e+01 -2.72804014e-01 
 7.94328235e+01  2.82447682e+02  7.94328235e+01 -2.94566953e-01 
 8.57695899e+01  2.82447631e+02  8.57695899e+01 -3.18066022e-01 
 9.26118728e+01  2.82447572e+02  9.26118728e+01 -3.43439718e-01 
 1.00000000e+02  2.82447502e+02  1.00000000e+02 -3.70837586e-01 
 1.07977516e+02  2.82447422e+02  1.07977516e+02 -4.00421100e-01 
 1.16591440e+02  2.82447327e+02  1.16591440e+02 -4.32364615e-01 
 1.25892541e+02  2.82447218e+02  1.25892541e+02 -4.66856391e-01 
 1.35935639e+02  2.82447090e+02  1.35935639e+02 -5.04099707e-01 
 1.46779927e+02  2.82446940e+02  1.46779927e+02 -5.44314055e-01 
 1.58489319e+02  2.82446766e+02  1.58489319e+02 -5.87736435e-01 
 1.71132830e+02  2.82446564e+02  1.71132830e+02 -6.34622749e-01 
 1.84784980e+02  2.82446327e+02  1.84784980e+02 -6.85249308e-01 
 1.99526231e+02  2.82446051e+02  1.99526231e+02 -7.39914461e-01 
 2.15443469e+02  2.82445730e+02  2.15443469e+02 -7.98940348e-01 
 2.32630507e+02  2.82445355e+02  2.32630507e+02 -8.62674799e-01 
 2.51188643e+02  2.82444918e+02  2.51188643e+02 -9.31493380e-01 
 2.71227258e+02  2.82444408e+02  2.71227258e+02 -1.00580160e+00 
 2.92864456e+02  2.82443814e+02  2.92864456e+02 -1.08603730e+00 
 3.16227766e+02  2.82443122e+02  3.16227766e+02 -1.17267323e+00 
 3.41454887e+02  2.82442314e+02  3.41454887e+02 -1.26621981e+00 
 3.68694506e+02  2.82441372e+02  3.68694506e+02 -1.36722814e+00 
 3.98107171e+02  2.82440275e+02  3.98107171e+02 -1.47629325e+00 
 4.29866235e+02  2.82438995e+02  4.29866235e+02 -1.59405757e+00 
 4.64158883e+02  2.82437503e+02  4.64158883e+02 -1.72121468e+00 
 5.01187234e+02  2.82435763e+02  5.01187234e+02 -1.85851341e+00 
 5.41169527e+02  2.82433734e+02  5.41169527e+02 -2.00676221e+00 
 5.84341413e+02  2.82431370e+02  5.84341413e+02 -2.16683385e+00 
 6.30957344e+02  2.82428612e+02  6.30957344e+02 -2.33967054e+00 
 6.81292069e+02  2.82425398e+02  6.81292069e+02 -2.52628939e+00 
 7.35642254e+02  2.82421650e+02  7.35642254e+02 -2.72778835e+00 
 7.94328235e+02  2.82417280e+02  7.94328235e+02 -2.94535255e+00 
 8.57695899e+02  2.82412186e+02  8.57695899e+02 -3.18026117e+00 
 9.26118728e+02  2.82406246e+02  9.26118728e+02 -3.43389483e+00 
 1.00000000e+03  2.82399322e+02  1.00000000e+03 -3.70774345e+00 
 1.07977516e+03  2.82391249e+02  1.07977516e+03 -4.00341487e+00 
 1.16591440e+03  2.82381837e+02  1.16591440e+03 -4.32264391e+00 
 1.25892541e+03  2.82370864e+02  1.25892541e+03 -4.66730221e+00 
 1.35935639e+03  2.82358072e+02  1.35935639e+03 -5.03940876e+00 
 1.46779927e+03  2.82343159e+02  1.46779927e+03 -5.44114110e+00 
 1.58489319e+03  2.82325774e+02  1.58489319e+03 -5.87484734e+00 
 1.71132830e+03  2.82305507e+02  1.71132830e+03 -6.34305900e+00 
 1.84784980e+03  2.82281881e+02  1.84784980e+03 -6.84850452e+00 
 1.99526231e+03  2.82254341e+02  1.99526231e+03 -7.39412380e+00 
 2.15443469e+03  2.82222237e+02  2.15443469e+03 -7.98308338e+00 
 2.32630507e+03  2.82184817e+02  2.32630507e+03 -8.61879253e+00 
 2.51188643e+03  2.82141200e+02  2.51188643e+03 -9.30492003e+00 
 2.71227258e+03  2.82090364e+02  2.71227258e+03 -1.00454117e+01 
 2.92864456e+03  2.82031116e+02  2.92864456e+03 -1.08445085e+01 
 3.16227766e+03  2.81962070e+02  3.16227766e+03 -1.17067650e+01 
 3.41454887e+03  2.81881610e+02  3.41454887e+03 -1.26370680e+01 
 3.68694506e+03  2.81787860e+02  3.68694506e+03 -1.36406552e+01 
 3.98107171e+03  2.81678633e+02  3.98107171e+03 -1.47231330e+01 
 4.29866235e+03  2.81551391e+02  4.29866235e+03 -1.58904939e+01 
 4.64158883e+03  2.81403182e+02  4.64158883e+03 -1.71491310e+01 
 5.01187234e+03  2.81230581e+02  5.01187234e+03 -1.85058511e+01 
 5.41169527e+03  2.81029609e+02  5.41169527e+03 -1.99678828e+01 
 5.84341413e+03  2.80795656e+02  5.84341413e+03 -2.15428797e+01 
 6.30957344e+03  2.80523377e+02  6.30957344e+03 -2.32389168e+01 
 6.81292069e+03  2.80206590e+02  6.81292069e+03 -2.50644763e+01 
 7.35642254e+03  2.79838145e+02  7.35642254e+03 -2.70284222e+01 
 7.94328235e+03  2.79409790e+02  7.94328235e+03 -2.91399578e+01 
 8.57695899e+03  2.78912018e+02  8.57695899e+03 -3.14085635e+01 
 9.26118728e+03  2.78333893e+02  9.26118728e+03 -3.38439093e+01 
 1.00000000e+04  2.77662866e+02  1.00000000e+04 -3.64557348e+01 
 1.07977516e+04  2.76884579e+02  1.07977516e+04 -3.92536906e+01 
 1.16591440e+04  2.75982652e+02  1.16591440e+04 -4.22471328e+01 
 1.25892541e+04  2.74938472e+02  1.25892541e+04 -4.54448595e+01 
 1.35935639e+04  2.73730977e+02  1.35935639e+04 -4.88547809e+01 
 1.46779927e+04  2.72336461e+02  1.46779927e+04 -5.24835101e+01 
 1.58489319e+04  2.70728404e+02  1.58489319e+04 -5.63358656e+01 
 1.71132830e+04  2.68877354e+02  1.71132830e+04 -6.04142740e+01 
 1.84784980e+04  2.66750888e+02  1.84784980e+04 -6.47180668e+01 
 1.99526231e+04  2.64313678e+02  1.99526231e+04 -6.92426681e+01 
 2.15443469e+04  2.61527724e+02  2.15443469e+04 -7.39786797e+01 
 2.32630507e+04  2.58352774e+02  2.32630507e+04 -7.89108787e+01 
 2.51188643e+04  2.54747001e+02  2.51188643e+04 -8.40171608e+01 
 2.71227258e+04  2.50667990e+02  2.71227258e+04 -8.92674805e+01 
 2.92864456e+04  2.46074076e+02  2.92864456e+04 -9.46228648e+01 
 3.16227766e+04  2.40926060e+02  3.16227766e+04 -1.00034603e+02 
 3.41454887e+04  2.35189327e+02  3.41454887e+04 -1.05443744e+02 
 3.68694506e+04  2.28836314e+02  3.68694506e+04 -1.10781041e+02 
 3.98107171e+04  2.21849239e+02  3.98107171e+04 -1.15967526e+02 
 4.29866235e+04  2.14222953e+02  4.29866235e+04 -1.20915832e+02 
 4.64158883e+04  2.05967659e+02  4.64158883e+04 -1.25532393e+02 
 5.01187234e+04  1.97111240e+02  5.01187234e+04 -1.29720560e+02 
 5.41169527e+04  1.87700844e+02  5.41169527e+04 -1.33384546e+02 
 5.84341413e+04  1.77803429e+02  5.84341413e+04 -1.36434029e+02 
 6.30957344e+04  1.67504987e+02  6.30957344e+04 -1.38789063e+02 
 6.81292069e+04  1.56908323e+02  6.81292069e+04 -1.40384881e+02 
 7.35642254e+04  1.46129408e+02  7.35642254e+04 -1.41176069e+02 
 7.94328235e+04  1.35292542e+02  7.94328235e+04 -1.41139649e+02 
 8.57695899e+04  1.24524713e+02  8.57695899e+04 -1.40276685e+02 
 9.26118728e+04  1.13949707e+02  9.26118728e+04 -1.38612209e+02 
 1.00000000e+05  1.03682521e+02  1.00000000e+05 -1.36193472e+02 
 1.07977516e+05  9.38246117e+01  1.07977516e+05 -1.33086754e+02 
 1.16591440e+05  8.44603715e+01  1.16591440e+05 -1.29373104e+02 
 1.25892541e+05  7.56550321e+01  1.25892541e+05 -1.25143518e+02 
 1.35935639e+05  6.74540154e+01  1.35935639e+05 -1.20494035e+02 
 1.46779927e+05  5.98835775e+01  1.46779927e+05 -1.15521183e+02 
 1.58489319e+05  5.29524762e+01  1.58489319e+05 -1.10318092e+02 
 1.71132830e+05  4.66543412e+01  1.71132830e+05 -1.04971470e+02 
 1.84784980e+05  4.09704221e+01  1.84784980e+05 -9.95594755e+01 
 1.99526231e+05  3.58724302e+01  1.99526231e+05 -9.41504625e+01 
 2.15443469e+05  3.13252546e+01  2.15443469e+05 -8.88024767e+01 
 2.32630507e+05  2.72894028e+01  2.32630507e+05 -8.35633498e+01 
 2.51188643e+05  2.37230791e+01  2.51188643e+05 -7.84712364e+01 
 2.71227258e+05  2.05838725e+01  2.71227258e+05 -7.35554451e+01 
 2.92864456e+05  1.78300608e+01  2.92864456e+05 -6.88374342e+01 
 3.16227766e+05  1.54215653e+01  3.16227766e+05 -6.43318744e+01 
 3.41454887e+05  1.33206053e+01  3.41454887e+05 -6.00477022e+01 
 3.68694506e+05  1.14921032e+01  3.68694506e+05 -5.59891160e+01 
 3.98107171e+05  9.90389409e+00  3.98107171e+05 -5.21564820e+01 
 4.29866235e+05  8.52678586e+00  4.29866235e+05 -4.85471375e+01 
 4.64158883e+05  7.33451071e+00  4.64158883e+05 -4.51560842e+01 
 5.01187234e+05  6.30360157e+00  5.01187234e+05 -4.19765766e+01 
 5.41169527e+05  5.41322008e+00  5.41169527e+05 -3.90006117e+01 
 5.84341413e+05  4.64495658e+00  5.84341413e+05 -3.62193301e+01 
 6.30957344e+05  3.98261742e+00  6.30957344e+05 -3.36233403e+01 
 6.81292069e+05  3.41201059e+00  6.81292069e+05 -3.12029762e+01 
 7.35642254e+05  2.92073723e+00  7.35642254e+05 -2.89484984e+01 
 7.94328235e+05  2.49799390e+00  7.94328235e+05 -2.68502493e+01 
 8.57695899e+05  2.13438873e+00  8.57695899e+05 -2.48987695e+01 
 9.26118728e+05  1.82177283e+00  9.26118728e+05 -2.30848830e+01 
 1.00000000e+06  1.55308750e+00  1.00000000e+06 -2.13997579e+01 
 1.07977516e+06  1.32222705e+00  1.07977516e+06 -1.98349465e+01 
 1.16591440e+06  1.12391656e+00  1.16591440e+06 -1.83824102e+01 
 1.25892541e+06  9.53603566e-01  1.25892541e+06 -1.70345324e+01 
 1.35935639e+06  8.07362578e-01  1.35935639e+06 -1.57841214e+01 
 1.46779927e+06  6.81811339e-01  1.46779927e+06 -1.46244071e+01 
 1.58489319e+06  5.74037538e-01  1.58489319e+06 -1.35490315e+01 
 1.71132830e+06  4.81534912e-01  1.71132830e+06 -1.25520365e+01 
 1.84784980e+06  4.02147669e-01  1.84784980e+06 -1.16278484e+01 
 1.99526231e+06  3.34022239e-01  1.99526231e+06 -1.07712606e+01 
 2.15443469e+06  2.75565471e-01  2.15443469e+06 -9.97741579e+00 
 2.32630507e+06  2.25408452e-01  2.32630507e+06 -9.24178736e+00 
 2.51188643e+06  1.82375260e-01  2.51188643e+06 -8.56016055e+00 
 2.71227258e+06  1.45455977e-01  2.71227258e+06 -7.92861412e+00 
 2.92864456e+06  1.13783423e-01  2.92864456e+06 -7.34350224e+00 
 3.16227766e+06  8.66131094e-02  3.16227766e+06 -6.80143710e+00 
 3.41454887e+06  6.33059724e-02  3.41454887e+06 -6.29927213e+00 
 3.68694506e+06  4.33135156e-02  3.68694506e+06 -5.83408599e+00 
 3.98107171e+06  2.61650300e-02  3.98107171e+06 -5.40316745e+00 
 4.29866235e+06  1.14566047e-02  4.29866235e+06 -5.00400094e+00 
 4.64158883e+06 -1.15831665e-03  4.64158883e+06 -4.63425309e+00 
 5.01187234e+06 -1.19770513e-02  5.01187234e+06 -4.29175995e+00 
 5.41169527e+06 -2.12546469e-02  5.41169527e+06 -3.97451508e+00 
 5.84341413e+06 -2.92098668e-02  5.84341413e+06 -3.68065833e+00 
 6.30957344e+06 -3.60303282e-02  6.30957344e+06 -3.40846544e+00 
 6.81292069e+06 -4.18769118e-02  6.81292069e+06 -3.15633826e+00 
 7.35642254e+06 -4.68875464e-02  7.35642254e+06 -2.92279565e+00 
 7.94328235e+06 -5.11804544e-02  7.94328235e+06 -2.70646503e+00 
 8.57695899e+06 -5.48569358e-02  8.57695899e+06 -2.50607447e+00 
 9.26118728e+06 -5.80037541e-02  9.26118728e+06 -2.32044539e+00 
 1.00000000e+07 -6.06951815e-02  1.00000000e+07 -2.14848572e+00 
 1.07977516e+07 -6.29947499e-02  1.07977516e+07 -1.98918359e+00 
 1.16591440e+07 -6.49567496e-02  1.16591440e+07 -1.84160143e+00 
 1.25892541e+07 -6.66275108e-02  1.25892541e+07 -1.70487055e+00 
 1.35935639e+07 -6.80464981e-02  1.35935639e+07 -1.57818604e+00 
 1.46779927e+07 -6.92472439e-02  1.46779927e+07 -1.46080210e+00 
 1.58489319e+07 -7.02581429e-02  1.58489319e+07 -1.35202771e+00 
 1.71132830e+07 -7.11031263e-02  1.71132830e+07 -1.25122256e+00 
 1.84784980e+07 -7.18022330e-02  1.84784980e+07 -1.15779332e+00 
 1.99526231e+07 -7.23720907e-02  1.99526231e+07 -1.07119022e+00 
 2.15443469e+07 -7.28263195e-02  2.15443469e+07 -9.90903818e-01 
 2.32630507e+07 -7.31758682e-02  2.32630507e+07 -9.16462077e-01 
 2.51188643e+07 -7.34292930e-02  2.51188643e+07 -8.47427611e-01 
 2.71227258e+07 -7.35929863e-02  2.71227258e+07 -7.83395185e-01 
 2.92864456e+07 -7.36713630e-02  2.92864456e+07 -7.23989400e-01 
 3.16227766e+07 -7.36670121e-02  3.16227766e+07 -6.68862573e-01 
 3.41454887e+07 -7.35808203e-02  3.41454887e+07 -6.17692785e-01 
 3.68694506e+07 -7.34120747e-02  3.68694506e+07 -5.70182118e-01 
 3.98107171e+07 -7.31585526e-02  3.98107171e+07 -5.26055035e-01 
 4.29866235e+07 -7.28166083e-02  4.29866235e+07 -4.85056928e-01 
 4.64158883e+07 -7.23812646e-02  4.64158883e+07 -4.46952804e-01 
 5.01187234e+07 -7.18463231e-02  5.01187234e+07 -4.11526117e-01 
 5.41169527e+07 -7.12045043e-02  5.41169527e+07 -3.78577721e-01 
 5.84341413e+07 -7.04476321e-02  5.84341413e+07 -3.47924937e-01 
 6.30957344e+07 -6.95668785e-02  6.30957344e+07 -3.19400728e-01 
 6.81292069e+07 -6.85530815e-02  6.81292069e+07 -2.92852943e-01 
 7.35642254e+07 -6.73971491e-02  7.35642254e+07 -2.68143609e-01 
 7.94328235e+07 -6.60905581e-02  7.94328235e+07 -2.45148253e-01 
 8.57695899e+07 -6.46259450e-02  8.57695899e+07 -2.23755184e-01 
 9.26118728e+07 -6.29977795e-02  9.26118728e+07 -2.03864718e-01 
 1.00000000e+08 -6.12030933e-02  1.00000000e+08 -1.85388295e-01 
 1.07977516e+08 -5.92422190e-02  1.07977516e+08 -1.68247429e-01 
 1.16591440e+08 -5.71194787e-02  1.16591440e+08 -1.52372496e-01 
 1.25892541e+08 -5.48437451e-02  1.25892541e+08 -1.37701327e-01 
 1.35935639e+08 -5.24287919e-02  1.35935639e+08 -1.24177637e-01 
 1.46779927e+08 -4.98933547e-02  1.46779927e+08 -1.11749355e-01 
 1.58489319e+08 -4.72608441e-02  1.58489319e+08 -1.00366926e-01 
 1.71132830e+08 -4.45586850e-02  1.71132830e+08 -8.99817207e-02 
 1.84784980e+08 -4.18173049e-02  1.84784980e+08 -8.05446538e-02 
 1.99526231e+08 -3.90688402e-02  1.99526231e+08 -7.20051525e-02 
 2.15443469e+08 -3.63456751e-02  2.15443469e+08 -6.43105365e-02 
 2.32630507e+08 -3.36789529e-02  2.32630507e+08 -5.74058577e-02 
 2.51188643e+08 -3.10972047e-02  2.51188643e+08 -5.12341764e-02 
 2.71227258e+08 -2.86252209e-02  2.71227258e+08 -4.57372025e-02 
 2.92864456e+08 -2.62832535e-02  2.92864456e+08 -4.08561927e-02 
 3.16227766e+08 -2.40865875e-02  3.16227766e+08 -3.65329760e-02 
 3.41454887e+08 -2.20454732e-02  3.41454887e+08 -3.27109831e-02 
 3.68694506e+08 -2.01653703e-02  3.68694506e+08 -2.93361762e-02 
 3.98107171e+08 -1.84474316e-02  3.98107171e+08 -2.63578058e-02 
 4.29866235e+08 -1.68891410e-02  4.29866235e+08 -2.37289570e-02 
 4.64158883e+08 -1.54850274e-02  4.64158883e+08 -2.14068770e-02 
 5.01187234e+08 -1.42273848e-02  5.01187234e+08 -1.93530998e-02 
 5.41169527e+08 -1.31069481e-02  5.41169527e+08 -1.75334002e-02 
 5.84341413e+08 -1.21134909e-02  5.84341413e+08 -1.59176153e-02 
 6.30957344e+08 -1.12363285e-02  6.30957344e+08 -1.44793726e-02 
 6.81292069e+08 -1.04647198e-02  6.81292069e+08 -1.31957621e-02 
 7.35642254e+08 -9.78817413e-03  7.35642254e+08 -1.20469800e-02 
 7.94328235e+08 -9.19667155e-03  7.94328235e+08 -1.10159701e-02 
 8.57695899e+08 -8.68081035e-03  8.57695899e+08 -1.00880765e-02 
 9.26118728e+08 -8.23189462e-03  9.26118728e+08 -9.25072111e-03 
 1.00000000e+09 -7.84197537e-03  1.00000000e+09 -8.49310993e-03 
 1.07977516e+09 -7.50385659e-03  1.07977516e+09 -7.80597250e-03 
 1.16591440e+09 -7.21107638e-03  1.16591440e+09 -7.18133360e-03 
 1.25892541e+09 -6.95787105e-03  1.25892541e+09 -6.61231612e-03 
 1.35935639e+09 -6.73912872e-03  1.35935639e+09 -6.09297242e-03 
 1.46779927e+09 -6.55033717e-03  1.46779927e+09 -5.61814125e-03 
 1.58489319e+09 -6.38752948e-03  1.58489319e+09 -5.18332703e-03 
 1.71132830e+09 -6.24723008e-03  1.71132830e+09 -4.78459852e-03 
 1.84784980e+09 -6.12640271e-03  1.84784980e+09 -4.41850383e-03 
 1.99526231e+09 -6.02240153e-03  1.99526231e+09 -4.08199943e-03 
 2.15443469e+09 -5.93292580e-03  2.15443469e+09 -3.77239079e-03 
 2.32630507e+09 -5.85597859e-03  2.32630507e+09 -3.48728275e-03 
 2.51188643e+09 -5.78982942e-03  2.51188643e+09 -3.22453797e-03 
 2.71227258e+09 -5.73298073e-03  2.71227258e+09 -2.98224218e-03 
 2.92864456e+09 -5.68413814e-03  2.92864456e+09 -2.75867489e-03 
 3.16227766e+09 -5.64218401e-03  3.16227766e+09 -2.55228476e-03 
 3.41454887e+09 -5.60615416e-03  3.41454887e+09 -2.36166880e-03 
 3.68694506e+09 -5.57521750e-03  3.68694506e+09 -2.18555467e-03 
 3.98107171e+09 -5.54865811e-03  3.98107171e+09 -2.02278564e-03 
 4.29866235e+09 -5.52585964e-03  4.29866235e+09 -1.87230775e-03 
 4.64158883e+09 -5.50629176e-03  4.64158883e+09 -1.73315871e-03 
 5.01187234e+09 -5.48949834e-03  5.01187234e+09 -1.60445832e-03 
 5.41169527e+09 -5.47508721e-03  5.41169527e+09 -1.48540025e-03 
 5.84341413e+09 -5.46272133e-03  5.84341413e+09 -1.37524472e-03 
 6.30957344e+09 -5.45211110e-03  6.30957344e+09 -1.27331222e-03 
 6.81292069e+09 -5.44300775e-03  6.81292069e+09 -1.17897788e-03 
 7.35642254e+09 -5.43519764e-03  7.35642254e+09 -1.09166654e-03 
 7.94328235e+09 -5.42849731e-03  7.94328235e+09 -1.01084838e-03 
 8.57695899e+09 -5.42274927e-03  8.57695899e+09 -9.36034949e-04 
 9.26118728e+09 -5.41781832e-03  9.26118728e+09 -8.66775673e-04 
 1.00000000e+10 -5.41358841e-03  1.00000000e+10 -8.02654694e-04 
