 1.00000000e+00  2.34584388e+02  1.00000000e+00 -1.79526352e-03 
 1.07977516e+00  2.34584388e+02  1.07977516e+00 -1.93848096e-03 
 1.16591440e+00  2.34584388e+02  1.16591440e+00 -2.09312359e-03 
 1.25892541e+00  2.34584388e+02  1.25892541e+00 -2.26010286e-03 
 1.35935639e+00  2.34584388e+02  1.35935639e+00 -2.44040294e-03 
 1.46779927e+00  2.34584388e+02  1.46779927e+00 -2.63508648e-03 
 1.58489319e+00  2.34584388e+02  1.58489319e+00 -2.84530093e-03 
 1.71132830e+00  2.34584388e+02  1.71132830e+00 -3.07228527e-03 
 1.84784980e+00  2.34584388e+02  1.84784980e+00 -3.31737733e-03 
 1.99526231e+00  2.34584388e+02  1.99526231e+00 -3.58202164e-03 
 2.15443469e+00  2.34584388e+02  2.15443469e+00 -3.86777800e-03 
 2.32630507e+00  2.34584388e+02  2.32630507e+00 -4.17633062e-03 
 2.51188643e+00  2.34584388e+02  2.51188643e+00 -4.50949807e-03 
 2.71227258e+00  2.34584388e+02  2.71227258e+00 -4.86924401e-03 
 2.92864456e+00  2.34584388e+02  2.92864456e+00 -5.25768874e-03 
 3.16227766e+00  2.34584387e+02  3.16227766e+00 -5.67712171e-03 
 3.41454887e+00  2.34584387e+02  3.41454887e+00 -6.13001502e-03 
 3.68694506e+00  2.34584387e+02  3.68694506e+00 -6.61903796e-03 
 3.98107171e+00  2.34584387e+02  3.98107171e+00 -7.14707279e-03 
 4.29866235e+00  2.34584387e+02  4.29866235e+00 -7.71723168e-03 
 4.64158883e+00  2.34584387e+02  4.64158883e+00 -8.33287509e-03 
 5.01187234e+00  2.34584387e+02  5.01187234e+00 -8.99763155e-03 
 5.41169527e+00  2.34584387e+02  5.41169527e+00 -9.71541907e-03 
 5.84341413e+00  2.34584387e+02  5.84341413e+00 -1.04904682e-02 
 6.30957344e+00  2.34584387e+02  6.30957344e+00 -1.13273470e-02 
 6.81292069e+00  2.34584387e+02  6.81292069e+00 -1.22309879e-02 
 7.35642254e+00  2.34584387e+02  7.35642254e+00 -1.32067170e-02 
 7.94328235e+00  2.34584387e+02  7.94328235e+00 -1.42602850e-02 
 8.57695899e+00  2.34584387e+02  8.57695899e+00 -1.53979015e-02 
 9.26118728e+00  2.34584386e+02  9.26118728e+00 -1.66262716e-02 
 1.00000000e+01  2.34584386e+02  1.00000000e+01 -1.79526351e-02 
 1.07977516e+01  2.34584386e+02  1.07977516e+01 -1.93848094e-02 
 1.16591440e+01  2.34584386e+02  1.16591440e+01 -2.09312357e-02 
 1.25892541e+01  2.34584385e+02  1.25892541e+01 -2.26010284e-02 
 1.35935639e+01  2.34584385e+02  1.35935639e+01 -2.44040291e-02 
 1.46779927e+01  2.34584385e+02  1.46779927e+01 -2.63508644e-02 
 1.58489319e+01  2.34584384e+02  1.58489319e+01 -2.84530089e-02 
 1.71132830e+01  2.34584384e+02  1.71132830e+01 -3.07228522e-02 
 1.84784980e+01  2.34584383e+02  1.84784980e+01 -3.31737726e-02 
 1.99526231e+01  2.34584382e+02  1.99526231e+01 -3.58202156e-02 
 2.15443469e+01  2.34584381e+02  2.15443469e+01 -3.86777790e-02 
 2.32630507e+01  2.34584380e+02  2.32630507e+01 -4.17633049e-02 
 2.51188643e+01  2.34584379e+02  2.51188643e+01 -4.50949791e-02 
 2.71227258e+01  2.34584378e+02  2.71227258e+01 -4.86924380e-02 
 2.92864456e+01  2.34584376e+02  2.92864456e+01 -5.25768848e-02 
 3.16227766e+01  2.34584374e+02  3.16227766e+01 -5.67712139e-02 
 3.41454887e+01  2.34584372e+02  3.41454887e+01 -6.13001461e-02 
 3.68694506e+01  2.34584369e+02  3.68694506e+01 -6.61903744e-02 
 3.98107171e+01  2.34584366e+02  3.98107171e+01 -7.14707213e-02 
 4.29866235e+01  2.34584362e+02  4.29866235e+01 -7.71723085e-02 
 4.64158883e+01  2.34584358e+02  4.64158883e+01 -8.33287405e-02 
 5.01187234e+01  2.34584353e+02  5.01187234e+01 -8.99763024e-02 
 5.41169527e+01  2.34584347e+02  5.41169527e+01 -9.71541742e-02 
 5.84341413e+01  2.34584341e+02  5.84341413e+01 -1.04904661e-01 
 6.30957344e+01  2.34584333e+02  6.30957344e+01 -1.13273444e-01 
 6.81292069e+01  2.34584324e+02  6.81292069e+01 -1.22309846e-01 
 7.35642254e+01  2.34584313e+02  7.35642254e+01 -1.32067128e-01 
 7.94328235e+01  2.34584301e+02  7.94328235e+01 -1.42602797e-01 
 8.57695899e+01  2.34584287e+02  8.57695899e+01 -1.53978949e-01 
 9.26118728e+01  2.34584270e+02  9.26118728e+01 -1.66262633e-01 
 1.00000000e+02  2.34584250e+02  1.00000000e+02 -1.79526247e-01 
 1.07977516e+02  2.34584227e+02  1.07977516e+02 -1.93847963e-01 
 1.16591440e+02  2.34584201e+02  1.16591440e+02 -2.09312192e-01 
 1.25892541e+02  2.34584170e+02  1.25892541e+02 -2.26010077e-01 
 1.35935639e+02  2.34584134e+02  1.35935639e+02 -2.44040030e-01 
 1.46779927e+02  2.34584092e+02  1.46779927e+02 -2.63508315e-01 
 1.58489319e+02  2.34584043e+02  1.58489319e+02 -2.84529675e-01 
 1.71132830e+02  2.34583985e+02  1.71132830e+02 -3.07228001e-01 
 1.84784980e+02  2.34583919e+02  1.84784980e+02 -3.31737070e-01 
 1.99526231e+02  2.34583841e+02  1.99526231e+02 -3.58201330e-01 
 2.15443469e+02  2.34583750e+02  2.15443469e+02 -3.86776750e-01 
 2.32630507e+02  2.34583644e+02  2.32630507e+02 -4.17631739e-01 
 2.51188643e+02  2.34583521e+02  2.51188643e+02 -4.50948142e-01 
 2.71227258e+02  2.34583377e+02  2.71227258e+02 -4.86922305e-01 
 2.92864456e+02  2.34583210e+02  2.92864456e+02 -5.25766235e-01 
 3.16227766e+02  2.34583014e+02  3.16227766e+02 -5.67708849e-01 
 3.41454887e+02  2.34582786e+02  3.41454887e+02 -6.12997320e-01 
 3.68694506e+02  2.34582521e+02  3.68694506e+02 -6.61898531e-01 
 3.98107171e+02  2.34582211e+02  3.98107171e+02 -7.14700651e-01 
 4.29866235e+02  2.34581850e+02  4.29866235e+02 -7.71714823e-01 
 4.64158883e+02  2.34581429e+02  4.64158883e+02 -8.33277004e-01 
 5.01187234e+02  2.34580938e+02  5.01187234e+02 -8.99749930e-01 
 5.41169527e+02  2.34580366e+02  5.41169527e+02 -9.71525257e-01 
 5.84341413e+02  2.34579698e+02  5.84341413e+02 -1.04902586e+00 
 6.30957344e+02  2.34578920e+02  6.30957344e+02 -1.13270831e+00 
 6.81292069e+02  2.34578013e+02  6.81292069e+02 -1.22306557e+00 
 7.35642254e+02  2.34576956e+02  7.35642254e+02 -1.32062988e+00 
 7.94328235e+02  2.34575723e+02  7.94328235e+02 -1.42597585e+00 
 8.57695899e+02  2.34574285e+02  8.57695899e+02 -1.53972387e+00 
 9.26118728e+02  2.34572609e+02  9.26118728e+02 -1.66254372e+00 
 1.00000000e+03  2.34570655e+02  1.00000000e+03 -1.79515846e+00 
 1.07977516e+03  2.34568376e+02  1.07977516e+03 -1.93834870e+00 
 1.16591440e+03  2.34565720e+02  1.16591440e+03 -2.09295709e+00 
 1.25892541e+03  2.34562623e+02  1.25892541e+03 -2.25989325e+00 
 1.35935639e+03  2.34559012e+02  1.35935639e+03 -2.44013906e+00 
 1.46779927e+03  2.34554803e+02  1.46779927e+03 -2.63475428e+00 
 1.58489319e+03  2.34549895e+02  1.58489319e+03 -2.84488272e+00 
 1.71132830e+03  2.34544173e+02  1.71132830e+03 -3.07175880e+00 
 1.84784980e+03  2.34537502e+02  1.84784980e+03 -3.31671455e+00 
 1.99526231e+03  2.34529725e+02  1.99526231e+03 -3.58118729e+00 
 2.15443469e+03  2.34520658e+02  2.15443469e+03 -3.86672765e+00 
 2.32630507e+03  2.34510088e+02  2.32630507e+03 -4.17500836e+00 
 2.51188643e+03  2.34497765e+02  2.51188643e+03 -4.50783354e+00 
 2.71227258e+03  2.34483400e+02  2.71227258e+03 -4.86714862e+00 
 2.92864456e+03  2.34466653e+02  2.92864456e+03 -5.25505099e+00 
 3.16227766e+03  2.34447130e+02  3.16227766e+03 -5.67380126e+00 
 3.41454887e+03  2.34424373e+02  3.41454887e+03 -6.12583522e+00 
 3.68694506e+03  2.34397845e+02  3.68694506e+03 -6.61377650e+00 
 3.98107171e+03  2.34366923e+02  3.98107171e+03 -7.14044987e+00 
 4.29866235e+03  2.34330882e+02  4.29866235e+03 -7.70889520e+00 
 4.64158883e+03  2.34288875e+02  4.64158883e+03 -8.32238196e+00 
 5.01187234e+03  2.34239917e+02  5.01187234e+03 -8.98442425e+00 
 5.41169527e+03  2.34182862e+02  5.41169527e+03 -9.69879610e+00 
 5.84341413e+03  2.34116376e+02  5.84341413e+03 -1.04695471e+01 
 6.30957344e+03  2.34038906e+02  6.30957344e+03 -1.13010176e+01 
 6.81292069e+03  2.33948648e+02  6.81292069e+03 -1.21978539e+01 
 7.35642254e+03  2.33843503e+02  7.35642254e+03 -1.31650225e+01 
 7.94328235e+03  2.33721032e+02  7.94328235e+03 -1.42078222e+01 
 8.57695899e+03  2.33578403e+02  8.57695899e+03 -1.53318950e+01 
 9.26118728e+03  2.33412329e+02  9.26118728e+03 -1.65432334e+01 
 1.00000000e+04  2.33218999e+02  1.00000000e+04 -1.78481828e+01 
 1.07977516e+04  2.32993997e+02  1.07977516e+04 -1.92534386e+01 
 1.16591440e+04  2.32732211e+02  1.16591440e+04 -2.07660354e+01 
 1.25892541e+04  2.32427732e+02  1.25892541e+04 -2.23933256e+01 
 1.35935639e+04  2.32073740e+02  1.35935639e+04 -2.41429448e+01 
 1.46779927e+04  2.31662374e+02  1.46779927e+04 -2.60227612e+01 
 1.58489319e+04  2.31184593e+02  1.58489319e+04 -2.80408029e+01 
 1.71132830e+04  2.30630023e+02  1.71132830e+04 -3.02051599e+01 
 1.84784980e+04  2.29986791e+02  1.84784980e+04 -3.25238537e+01 
 1.99526231e+04  2.29241351e+02  1.99526231e+04 -3.50046671e+01 
 2.15443469e+04  2.28378308e+02  2.15443469e+04 -3.76549280e+01 
 2.32630507e+04  2.27380239e+02  2.32630507e+04 -4.04812371e+01 
 2.51188643e+04  2.26227531e+02  2.51188643e+04 -4.34891305e+01 
 2.71227258e+04  2.24898237e+02  2.71227258e+04 -4.66826688e+01 
 2.92864456e+04  2.23367976e+02  2.92864456e+04 -5.00639441e+01 
 3.16227766e+04  2.21609899e+02  3.16227766e+04 -5.36324989e+01 
 3.41454887e+04  2.19594744e+02  3.41454887e+04 -5.73846546e+01 
 3.68694506e+04  2.17291015e+02  3.68694506e+04 -6.13127540e+01 
 3.98107171e+04  2.14665333e+02  3.98107171e+04 -6.54043311e+01 
 4.29866235e+04  2.11682989e+02  4.29866235e+04 -6.96412338e+01 
 4.64158883e+04  2.08308752e+02  4.64158883e+04 -7.39987435e+01 
 5.01187234e+04  2.04507970e+02  5.01187234e+04 -7.84447517e+01 
 5.41169527e+04  2.00247987e+02  5.41169527e+04 -8.29390814e+01 
 5.84341413e+04  1.95499889e+02  5.84341413e+04 -8.74330565e+01 
 6.30957344e+04  1.90240545e+02  6.30957344e+04 -9.18694464e+01 
 6.81292069e+04  1.84454873e+02  6.81292069e+04 -9.61829163e+01 
 7.35642254e+04  1.78138199e+02  7.35642254e+04 -1.00301107e+02 
 7.94328235e+04  1.71298532e+02  7.94328235e+04 -1.04146438e+02 
 8.57695899e+04  1.63958507e+02  8.57695899e+04 -1.07638665e+02 
 9.26118728e+04  1.56156731e+02  9.26118728e+04 -1.10698140e+02 
 1.00000000e+05  1.47948267e+02  1.00000000e+05 -1.13249617e+02 
 1.07977516e+05  1.39404028e+02  1.07977516e+05 -1.15226333e+02 
 1.16591440e+05  1.30608978e+02  1.16591440e+05 -1.16573999e+02 
 1.25892541e+05  1.21659136e+02  1.25892541e+05 -1.17254300e+02 
 1.35935639e+05  1.12657586e+02  1.35935639e+05 -1.17247487e+02 
 1.46779927e+05  1.03709817e+02  1.46779927e+05 -1.16553758e+02 
 1.58489319e+05  9.49188162e+01  1.58489319e+05 -1.15193247e+02 
 1.71132830e+05  8.63804220e+01  1.71132830e+05 -1.13204613e+02 
 1.84784980e+05  7.81793444e+01  1.84784980e+05 -1.10642427e+02 
 1.99526231e+05  7.03861987e+01  1.99526231e+05 -1.07573658e+02 
 2.15443469e+05  6.30557244e+01  2.15443469e+05 -1.04073679e+02 
 2.32630507e+05  5.62262059e+01  2.32630507e+05 -1.00222184e+02 
 2.51188643e+05  4.99199742e+01  2.51188643e+05 -9.60993951e+01 
 2.71227258e+05  4.41447675e+01  2.71227258e+05 -9.17828115e+01 
 2.92864456e+05  3.88956850e+01  2.92864456e+05 -8.73446687e+01 
 3.16227766e+05  3.41574620e+01  3.16227766e+05 -8.28501500e+01 
 3.41454887e+05  2.99068321e+01  3.41454887e+05 -7.83563195e+01 
 3.68694506e+05  2.61147887e+01  3.68694506e+05 -7.39116836e+01 
 3.98107171e+05  2.27486214e+01  3.98107171e+05 -6.95562550e+01 
 4.29866235e+05  1.97736536e+01  4.29866235e+05 -6.53219889e+01 
 4.64158883e+05  1.71546551e+01  4.64158883e+05 -6.12334664e+01 
 5.01187234e+05  1.48569361e+01  5.01187234e+05 -5.73087184e+01 
 5.41169527e+05  1.28471495e+01  5.41169527e+05 -5.35601078e+01 
 5.84341413e+05  1.10938419e+01  5.84341413e+05 -4.99952053e+01 
 6.30957344e+05  9.56779685e+00  6.30957344e+05 -4.66176188e+01 
 6.81292069e+05  8.24221363e+00  6.81292069e+05 -4.34277492e+01 
 7.35642254e+05  7.09276069e+00  7.35642254e+05 -4.04234602e+01 
 7.94328235e+05  6.09753808e+00  7.94328235e+05 -3.76006573e+01 
 8.57695899e+05  5.23697647e+00  8.57695899e+05 -3.49537796e+01 
 9.26118728e+05  4.49369533e+00  9.26118728e+05 -3.24762090e+01 
 1.00000000e+06  3.85233738e+00  1.00000000e+06 -3.01606059e+01 
 1.07977516e+06  3.29939209e+00  1.07977516e+06 -2.79991807e+01 
 1.16591440e+06  2.82301756e+00  1.16591440e+06 -2.59839089e+01 
 1.25892541e+06  2.41286706e+00  1.25892541e+06 -2.41067004e+01 
 1.35935639e+06  2.05992451e+00  1.35935639e+06 -2.23595291e+01 
 1.46779927e+06  1.75635129e+00  1.46779927e+06 -2.07345306e+01 
 1.58489319e+06  1.49534575e+00  1.58489319e+06 -1.92240741e+01 
 1.71132830e+06  1.27101592e+00  1.71132830e+06 -1.78208130e+01 
 1.84784980e+06  1.07826510e+00  1.84784980e+06 -1.65177189e+01 
 1.99526231e+06  9.12689887e-01  1.99526231e+06 -1.53081028e+01 
 2.15443469e+06  7.70489843e-01  2.15443469e+06 -1.41856260e+01 
 2.32630507e+06  6.48387873e-01  2.32630507e+06 -1.31443026e+01 
 2.51188643e+06  5.43560309e-01  2.51188643e+06 -1.21784971e+01 
 2.71227258e+06  4.53575776e-01  2.71227258e+06 -1.12829167e+01 
 2.92864456e+06  3.76341864e-01  2.92864456e+06 -1.04526011e+01 
 3.16227766e+06  3.10058745e-01  3.16227766e+06 -9.68290966e+00 
 3.41454887e+06  2.53178902e-01  3.41454887e+06 -8.96950722e+00 
 3.68694506e+06  2.04372232e-01  3.68694506e+06 -8.30834927e+00 
 3.98107171e+06  1.62495857e-01  3.98107171e+06 -7.69566640e+00 
 4.29866235e+06  1.26568026e-01  4.29866235e+06 -7.12794880e+00 
 4.64158883e+06  9.57455999e-02  4.64158883e+06 -6.60193092e+00 
 5.01187234e+06  6.93046260e-02  5.01187234e+06 -6.11457649e+00 
 5.41169527e+06  4.66236017e-02  5.41169527e+06 -5.66306396e+00 
 5.84341413e+06  2.71690650e-02  5.84341413e+06 -5.24477262e+00 
 6.30957344e+06  1.04831918e-02  6.30957344e+06 -4.85726924e+00 
 6.81292069e+06 -3.82687052e-03  6.81292069e+06 -4.49829548e+00 
 7.35642254e+06 -1.60981738e-02  7.35642254e+06 -4.16575589e+00 
 7.94328235e+06 -2.66198501e-02  7.94328235e+06 -3.85770668e+00 
 8.57695899e+06 -3.56398813e-02  8.57695899e+06 -3.57234507e+00 
 9.26118728e+06 -4.33709126e-02  9.26118728e+06 -3.30799942e+00 
 1.00000000e+07 -4.99952428e-02  1.00000000e+07 -3.06311984e+00 
 1.07977516e+07 -5.56691061e-02  1.07977516e+07 -2.83626954e+00 
 1.16591440e+07 -6.05263452e-02  1.16591440e+07 -2.62611671e+00 
 1.25892541e+07 -6.46815595e-02  1.25892541e+07 -2.43142691e+00 
 1.35935639e+07 -6.82328038e-02  1.35935639e+07 -2.25105604e+00 
 1.46779927e+07 -7.12638980e-02  1.46779927e+07 -2.08394378e+00 
 1.58489319e+07 -7.38464037e-02  1.58489319e+07 -1.92910749e+00 
 1.71132830e+07 -7.60413137e-02  1.71132830e+07 -1.78563651e+00 
 1.84784980e+07 -7.79004931e-02  1.84784980e+07 -1.65268693e+00 
 1.99526231e+07 -7.94679085e-02  1.99526231e+07 -1.52947670e+00 
 2.15443469e+07 -8.07806720e-02  2.15443469e+07 -1.41528107e+00 
 2.32630507e+07 -8.18699270e-02  2.32630507e+07 -1.30942843e+00 
 2.51188643e+07 -8.27615971e-02  2.51188643e+07 -1.21129642e+00 
 2.71227258e+07 -8.34770166e-02  2.71227258e+07 -1.12030831e+00 
 2.92864456e+07 -8.40334591e-02  2.92864456e+07 -1.03592970e+00 
 3.16227766e+07 -8.44445792e-02  3.16227766e+07 -9.57665476e-01 
 3.41454887e+07 -8.47207796e-02  3.41454887e+07 -8.85056954e-01 
 3.68694506e+07 -8.48695161e-02  3.68694506e+07 -8.17679328e-01 
 3.98107171e+07 -8.48955528e-02  3.98107171e+07 -7.55139288e-01 
 4.29866235e+07 -8.48011773e-02  4.29866235e+07 -6.97072856e-01 
 4.64158883e+07 -8.45863896e-02  4.64158883e+07 -6.43143426e-01 
 5.01187234e+07 -8.42490763e-02  5.01187234e+07 -5.93039990e-01 
 5.41169527e+07 -8.37851847e-02  5.41169527e+07 -5.46475534e-01 
 5.84341413e+07 -8.31889121e-02  5.84341413e+07 -5.03185614e-01 
 6.30957344e+07 -8.24529271e-02  6.30957344e+07 -4.62927077e-01 
 6.81292069e+07 -8.15686416e-02  6.81292069e+07 -4.25476923e-01 
 7.35642254e+07 -8.05265513e-02  7.35642254e+07 -3.90631284e-01 
 7.94328235e+07 -7.93166647e-02  7.94328235e+07 -3.58204495e-01 
 8.57695899e+07 -7.79290317e-02  8.57695899e+07 -3.28028221e-01 
 9.26118728e+07 -7.63543836e-02  9.26118728e+07 -2.99950593e-01 
 1.00000000e+08 -7.45848802e-02  1.00000000e+08 -2.73835319e-01 
 1.07977516e+08 -7.26149482e-02  1.07977516e+08 -2.49560696e-01 
 1.16591440e+08 -7.04421749e-02  1.16591440e+08 -2.27018490e-01 
 1.25892541e+08 -6.80682011e-02  1.25892541e+08 -2.06112621e-01 
 1.35935639e+08 -6.54995356e-02  1.35935639e+08 -1.86757637e-01 
 1.46779927e+08 -6.27481969e-02  1.46779927e+08 -1.68876968e-01 
 1.58489319e+08 -5.98320824e-02  1.58489319e+08 -1.52400988e-01 
 1.71132830e+08 -5.67749742e-02  1.71132830e+08 -1.37264983e-01 
 1.84784980e+08 -5.36061172e-02  1.84784980e+08 -1.23407106e-01 
 1.99526231e+08 -5.03593489e-02  1.99526231e+08 -1.10766487e-01 
 2.15443469e+08 -4.70718180e-02  2.15443469e+08 -9.92816365e-02 
 2.32630507e+08 -4.37823877e-02  2.32630507e+08 -8.88892720e-02 
 2.51188643e+08 -4.05298655e-02  2.51188643e+08 -7.95236675e-02 
 2.71227258e+08 -3.73512335e-02  2.71227258e+08 -7.11165492e-02 
 2.92864456e+08 -3.42800499e-02  2.92864456e+08 -6.35975056e-02 
 3.16227766e+08 -3.13451643e-02  3.16227766e+08 -5.68948148e-02 
 3.41454887e+08 -2.85698432e-02  3.41454887e+08 -5.09365515e-02 
 3.68694506e+08 -2.59713403e-02  3.68694506e+08 -4.56518197e-02 
 3.98107171e+08 -2.35608911e-02  3.98107171e+08 -4.09719657e-02 
 4.29866235e+08 -2.13440676e-02  4.29866235e+08 -3.68316521e-02 
 4.64158883e+08 -1.93214008e-02  4.64158883e+08 -3.31697144e-02 
 5.01187234e+08 -1.74891706e-02  5.01187234e+08 -2.99297605e-02 
 5.41169527e+08 -1.58402692e-02  5.41169527e+08 -2.70605102e-02 
 5.84341413e+08 -1.43650589e-02  5.84341413e+08 -2.45158984e-02 
 6.30957344e+08 -1.30521681e-02  6.30957344e+08 -2.22549823e-02 
 6.81292069e+08 -1.18891887e-02  6.81292069e+08 -2.02416982e-02 
 7.35642254e+08 -1.08632568e-02  7.35642254e+08 -1.84445170e-02 
 7.94328235e+08 -9.96151377e-03  7.94328235e+08 -1.68360380e-02 
 8.57695899e+08 -9.17145493e-03  8.57695899e+08 -1.53925566e-02 
 9.26118728e+08 -8.48117709e-03  9.26118728e+08 -1.40936322e-02 
 1.00000000e+09 -7.87954209e-03  1.00000000e+09 -1.29216735e-02 
 1.07977516e+09 -7.35627159e-03  1.07977516e+09 -1.18615545e-02 
 1.16591440e+09 -6.90198870e-03  1.16591440e+09 -1.09002664e-02 
 1.25892541e+09 -6.50821989e-03  1.25892541e+09 -1.00266092e-02 
 1.35935639e+09 -6.16736852e-03  1.35935639e+09 -9.23092132e-03 
 1.46779927e+09 -5.87266932e-03  1.46779927e+09 -8.50484685e-03 
 1.58489319e+09 -5.61813108e-03  1.58489319e+09 -7.84113596e-03 
 1.71132830e+09 -5.39847299e-03  1.71132830e+09 -7.23347579e-03 
 1.84784980e+09 -5.20905882e-03  1.84784980e+09 -6.67634774e-03 
 1.99526231e+09 -5.04583178e-03  1.99526231e+09 -6.16490769e-03 
 2.15443469e+09 -4.90525201e-03  2.15443469e+09 -5.69488569e-03 
 2.32630507e+09 -4.78423794e-03  2.32630507e+09 -5.26250217e-03 
 2.51188643e+09 -4.68011229e-03  2.51188643e+09 -4.86439803e-03 
 2.71227258e+09 -4.59055288e-03  2.71227258e+09 -4.49757612e-03 
 2.92864456e+09 -4.51354839e-03  2.92864456e+09 -4.15935239e-03 
 3.16227766e+09 -4.44735883e-03  3.16227766e+09 -3.84731478e-03 
 3.41454887e+09 -4.39048054e-03  3.41454887e+09 -3.55928873e-03 
 3.68694506e+09 -4.34161523e-03  3.68694506e+09 -3.29330799e-03 
 3.98107171e+09 -4.29964284e-03  3.98107171e+09 -3.04758981e-03 
 4.29866235e+09 -4.26359773e-03  4.29866235e+09 -2.82051391e-03 
 4.64158883e+09 -4.23264792e-03  4.64158883e+09 -2.61060435e-03 
 5.01187234e+09 -4.20607694e-03  5.01187234e+09 -2.41651401e-03 
 5.41169527e+09 -4.18326816e-03  5.41169527e+09 -2.23701114e-03 
 5.84341413e+09 -4.16369105e-03  5.84341413e+09 -2.07096768e-03 
 6.30957344e+09 -4.14688935e-03  6.30957344e+09 -1.91734908e-03 
 6.81292069e+09 -4.13247080e-03  6.81292069e+09 -1.77520532e-03 
 7.35642254e+09 -4.12009830e-03  7.35642254e+09 -1.64366310e-03 
 7.94328235e+09 -4.10948218e-03  7.94328235e+09 -1.52191878e-03 
 8.57695899e+09 -4.10037360e-03  8.57695899e+09 -1.40923227e-03 
 9.26118728e+09 -4.09255888e-03  9.26118728e+09 -1.30492146e-03 
 1.00000000e+10 -4.08585449e-03  1.00000000e+10 -1.20835723e-03 
