 1.00000000e+00  3.36311396e+02  1.00000000e+00 -5.16377679e-03 
 1.07977516e+00  3.36311396e+02  1.07977516e+00 -5.57571792e-03 
 1.16591440e+00  3.36311396e+02  1.16591440e+00 -6.02052173e-03 
 1.25892541e+00  3.36311396e+02  1.25892541e+00 -6.50080982e-03 
 1.35935639e+00  3.36311396e+02  1.35935639e+00 -7.01941298e-03 
 1.46779927e+00  3.36311396e+02  1.46779927e+00 -7.57938779e-03 
 1.58489319e+00  3.36311396e+02  1.58489319e+00 -8.18403468e-03 
 1.71132830e+00  3.36311396e+02  1.71132830e+00 -8.83691738e-03 
 1.84784980e+00  3.36311396e+02  1.84784980e+00 -9.54188390e-03 
 1.99526231e+00  3.36311396e+02  1.99526231e+00 -1.03030892e-02 
 2.15443469e+00  3.36311396e+02  2.15443469e+00 -1.11250198e-02 
 2.32630507e+00  3.36311396e+02  2.32630507e+00 -1.20125201e-02 
 2.51188643e+00  3.36311396e+02  2.51188643e+00 -1.29708208e-02 
 2.71227258e+00  3.36311395e+02  2.71227258e+00 -1.40055702e-02 
 2.92864456e+00  3.36311395e+02  2.92864456e+00 -1.51228668e-02 
 3.16227766e+00  3.36311395e+02  3.16227766e+00 -1.63292960e-02 
 3.41454887e+00  3.36311395e+02  3.41454887e+00 -1.76319682e-02 
 3.68694506e+00  3.36311395e+02  3.68694506e+00 -1.90385613e-02 
 3.98107171e+00  3.36311395e+02  3.98107171e+00 -2.05573656e-02 
 4.29866235e+00  3.36311395e+02  4.29866235e+00 -2.21973328e-02 
 4.64158883e+00  3.36311394e+02  4.64158883e+00 -2.39681286e-02 
 5.01187234e+00  3.36311394e+02  5.01187234e+00 -2.58801899e-02 
 5.41169527e+00  3.36311394e+02  5.41169527e+00 -2.79447862e-02 
 5.84341413e+00  3.36311393e+02  5.84341413e+00 -3.01740861e-02 
 6.30957344e+00  3.36311393e+02  6.30957344e+00 -3.25812286e-02 
 6.81292069e+00  3.36311392e+02  6.81292069e+00 -3.51804014e-02 
 7.35642254e+00  3.36311392e+02  7.35642254e+00 -3.79869235e-02 
 7.94328235e+00  3.36311391e+02  7.94328235e+00 -4.10173364e-02 
 8.57695899e+00  3.36311390e+02  8.57695899e+00 -4.42895010e-02 
 9.26118728e+00  3.36311389e+02  9.26118728e+00 -4.78227030e-02 
 1.00000000e+01  3.36311388e+02  1.00000000e+01 -5.16377667e-02 
 1.07977516e+01  3.36311387e+02  1.07977516e+01 -5.57571777e-02 
 1.16591440e+01  3.36311385e+02  1.16591440e+01 -6.02052154e-02 
 1.25892541e+01  3.36311384e+02  1.25892541e+01 -6.50080958e-02 
 1.35935639e+01  3.36311381e+02  1.35935639e+01 -7.01941268e-02 
 1.46779927e+01  3.36311379e+02  1.46779927e+01 -7.57938741e-02 
 1.58489319e+01  3.36311376e+02  1.58489319e+01 -8.18403420e-02 
 1.71132830e+01  3.36311373e+02  1.71132830e+01 -8.83691678e-02 
 1.84784980e+01  3.36311369e+02  1.84784980e+01 -9.54188314e-02 
 1.99526231e+01  3.36311365e+02  1.99526231e+01 -1.03030883e-01 
 2.15443469e+01  3.36311359e+02  2.15443469e+01 -1.11250186e-01 
 2.32630507e+01  3.36311353e+02  2.32630507e+01 -1.20125186e-01 
 2.51188643e+01  3.36311346e+02  2.51188643e+01 -1.29708189e-01 
 2.71227258e+01  3.36311338e+02  2.71227258e+01 -1.40055678e-01 
 2.92864456e+01  3.36311328e+02  2.92864456e+01 -1.51228638e-01 
 3.16227766e+01  3.36311317e+02  3.16227766e+01 -1.63292922e-01 
 3.41454887e+01  3.36311304e+02  3.41454887e+01 -1.76319634e-01 
 3.68694506e+01  3.36311288e+02  3.68694506e+01 -1.90385553e-01 
 3.98107171e+01  3.36311271e+02  3.98107171e+01 -2.05573580e-01 
 4.29866235e+01  3.36311250e+02  4.29866235e+01 -2.21973232e-01 
 4.64158883e+01  3.36311225e+02  4.64158883e+01 -2.39681166e-01 
 5.01187234e+01  3.36311197e+02  5.01187234e+01 -2.58801748e-01 
 5.41169527e+01  3.36311164e+02  5.41169527e+01 -2.79447672e-01 
 5.84341413e+01  3.36311126e+02  5.84341413e+01 -3.01740620e-01 
 6.30957344e+01  3.36311081e+02  6.30957344e+01 -3.25811984e-01 
 6.81292069e+01  3.36311028e+02  6.81292069e+01 -3.51803633e-01 
 7.35642254e+01  3.36310967e+02  7.35642254e+01 -3.79868756e-01 
 7.94328235e+01  3.36310896e+02  7.94328235e+01 -4.10172761e-01 
 8.57695899e+01  3.36310813e+02  8.57695899e+01 -4.42894251e-01 
 9.26118728e+01  3.36310717e+02  9.26118728e+01 -4.78226074e-01 
 1.00000000e+02  3.36310604e+02  1.00000000e+02 -5.16376464e-01 
 1.07977516e+02  3.36310472e+02  1.07977516e+02 -5.57570262e-01 
 1.16591440e+02  3.36310319e+02  1.16591440e+02 -6.02050246e-01 
 1.25892541e+02  3.36310140e+02  1.25892541e+02 -6.50078557e-01 
 1.35935639e+02  3.36309932e+02  1.35935639e+02 -7.01938245e-01 
 1.46779927e+02  3.36309689e+02  1.46779927e+02 -7.57934935e-01 
 1.58489319e+02  3.36309406e+02  1.58489319e+02 -8.18398629e-01 
 1.71132830e+02  3.36309076e+02  1.71132830e+02 -8.83685646e-01 
 1.84784980e+02  3.36308691e+02  1.84784980e+02 -9.54180720e-01 
 1.99526231e+02  3.36308242e+02  1.99526231e+02 -1.03029927e+00 
 2.15443469e+02  3.36307719e+02  2.15443469e+02 -1.11248983e+00 
 2.32630507e+02  3.36307108e+02  2.32630507e+02 -1.20123671e+00 
 2.51188643e+02  3.36306397e+02  2.51188643e+02 -1.29706282e+00 
 2.71227258e+02  3.36305568e+02  2.71227258e+02 -1.40053276e+00 
 2.92864456e+02  3.36304601e+02  2.92864456e+02 -1.51225615e+00 
 3.16227766e+02  3.36303473e+02  3.16227766e+02 -1.63289116e+00 
 3.41454887e+02  3.36302159e+02  3.41454887e+02 -1.76314843e+00 
 3.68694506e+02  3.36300626e+02  3.68694506e+02 -1.90379521e+00 
 3.98107171e+02  3.36298839e+02  3.98107171e+02 -2.05565987e+00 
 4.29866235e+02  3.36296756e+02  4.29866235e+02 -2.21963672e+00 
 4.64158883e+02  3.36294327e+02  4.64158883e+02 -2.39669131e+00 
 5.01187234e+02  3.36291495e+02  5.01187234e+02 -2.58786597e+00 
 5.41169527e+02  3.36288194e+02  5.41169527e+02 -2.79428598e+00 
 5.84341413e+02  3.36284344e+02  5.84341413e+02 -3.01716608e+00 
 6.30957344e+02  3.36279856e+02  6.30957344e+02 -3.25781755e+00 
 6.81292069e+02  3.36274624e+02  6.81292069e+02 -3.51765578e+00 
 7.35642254e+02  3.36268524e+02  7.35642254e+02 -3.79820848e+00 
 7.94328235e+02  3.36261412e+02  7.94328235e+02 -4.10112450e+00 
 8.57695899e+02  3.36253120e+02  8.57695899e+02 -4.42818325e+00 
 9.26118728e+02  3.36243453e+02  9.26118728e+02 -4.78130492e+00 
 1.00000000e+03  3.36232183e+02  1.00000000e+03 -5.16256138e+00 
 1.07977516e+03  3.36219044e+02  1.07977516e+03 -5.57418786e+00 
 1.16591440e+03  3.36203727e+02  1.16591440e+03 -6.01859558e+00 
 1.25892541e+03  3.36185869e+02  1.25892541e+03 -6.49838508e+00 
 1.35935639e+03  3.36165052e+02  1.35935639e+03 -7.01636060e+00 
 1.46779927e+03  3.36140783e+02  1.46779927e+03 -7.57554535e+00 
 1.58489319e+03  3.36112493e+02  1.58489319e+03 -8.17919774e+00 
 1.71132830e+03  3.36079515e+02  1.71132830e+03 -8.83082862e+00 
 1.84784980e+03  3.36041073e+02  1.84784980e+03 -9.53421948e+00 
 1.99526231e+03  3.35996265e+02  1.99526231e+03 -1.02934416e+01 
 2.15443469e+03  3.35944037e+02  2.15443469e+03 -1.11128761e+01 
 2.32630507e+03  3.35883165e+02  2.32630507e+03 -1.19972348e+01 
 2.51188643e+03  3.35812220e+02  2.51188643e+03 -1.29515818e+01 
 2.71227258e+03  3.35729543e+02  2.71227258e+03 -1.39813556e+01 
 2.92864456e+03  3.35633200e+02  2.92864456e+03 -1.50923912e+01 
 3.16227766e+03  3.35520942e+02  3.16227766e+03 -1.62909423e+01 
 3.41454887e+03  3.35390153e+02  3.41454887e+03 -1.75837026e+01 
 3.68694506e+03  3.35237793e+02  3.68694506e+03 -1.89778261e+01 
 3.98107171e+03  3.35060329e+02  3.98107171e+03 -2.04809450e+01 
 4.29866235e+03  3.34853658e+02  4.29866235e+03 -2.21011843e+01 
 4.64158883e+03  3.34613019e+02  4.64158883e+03 -2.38471717e+01 
 5.01187234e+03  3.34332890e+02  5.01187234e+03 -2.57280416e+01 
 5.41169527e+03  3.34006876e+02  5.41169527e+03 -2.77534295e+01 
 5.84341413e+03  3.33627572e+02  5.84341413e+03 -2.99334556e+01 
 6.30957344e+03  3.33186421e+02  6.30957344e+03 -3.22786932e+01 
 6.81292069e+03  3.32673548e+02  6.81292069e+03 -3.48001177e+01 
 7.35642254e+03  3.32077569e+02  7.35642254e+03 -3.75090318e+01 
 7.94328235e+03  3.31385398e+02  7.94328235e+03 -4.04169595e+01 
 8.57695899e+03  3.30582018e+02  8.57695899e+03 -4.35355023e+01 
 9.26118728e+03  3.29650247e+02  9.26118728e+03 -4.68761485e+01 
 1.00000000e+04  3.28570487e+02  1.00000000e+04 -5.04500257e+01 
 1.07977516e+04  3.27320471e+02  1.07977516e+04 -5.42675851e+01 
 1.16591440e+04  3.25875006e+02  1.16591440e+04 -5.83382049e+01 
 1.25892541e+04  3.24205744e+02  1.25892541e+04 -6.26697003e+01 
 1.35935639e+04  3.22280977e+02  1.35935639e+04 -6.72677263e+01 
 1.46779927e+04  3.20065501e+02  1.46779927e+04 -7.21350622e+01 
 1.58489319e+04  3.17520573e+02  1.58489319e+04 -7.72707694e+01 
 1.71132830e+04  3.14603999e+02  1.71132830e+04 -8.26692203e+01 
 1.84784980e+04  3.11270411e+02  1.84784980e+04 -8.83190032e+01 
 1.99526231e+04  3.07471782e+02  1.99526231e+04 -9.42017265e+01 
 2.15443469e+04  3.03158243e+02  2.15443469e+04 -1.00290758e+02 
 2.32630507e+04  2.98279274e+02  2.32630507e+04 -1.06549963e+02 
 2.51188643e+04  2.92785303e+02  2.51188643e+04 -1.12932537e+02 
 2.71227258e+04  2.86629783e+02  2.71227258e+04 -1.19380048e+02 
 2.92864456e+04  2.79771715e+02  2.92864456e+04 -1.25821852e+02 
 3.16227766e+04  2.72178607e+02  3.16227766e+04 -1.32175054e+02 
 3.41454887e+04  2.63829738e+02  3.41454887e+04 -1.38345216e+02 
 3.68694506e+04  2.54719544e+02  3.68694506e+04 -1.44227963e+02 
 3.98107171e+04  2.44860856e+02  3.98107171e+04 -1.49711653e+02 
 4.29866235e+04  2.34287643e+02  4.29866235e+04 -1.54681107e+02 
 4.64158883e+04  2.23056871e+02  4.64158883e+04 -1.59022356e+02 
 5.01187234e+04  2.11249097e+02  5.01187234e+04 -1.62628130e+02 
 5.41169527e+04  1.98967490e+02  5.41169527e+04 -1.65403727e+02 
 5.84341413e+04  1.86335124e+02  5.84341413e+04 -1.67272705e+02 
 6.30957344e+04  1.73490584e+02  6.30957344e+04 -1.68181827e+02 
 6.81292069e+04  1.60582157e+02  6.81292069e+04 -1.68104677e+02 
 7.35642254e+04  1.47761095e+02  7.35642254e+04 -1.67043510e+02 
 7.94328235e+04  1.35174599e+02  7.94328235e+04 -1.65029090e+02 
 8.57695899e+04  1.22959188e+02  8.57695899e+04 -1.62118548e+02 
 9.26118728e+04  1.11235084e+02  9.26118728e+04 -1.58391521e+02 
 1.00000000e+05  1.00102066e+02  1.00000000e+05 -1.53945056e+02 
 1.07977516e+05  8.96370370e+01  1.07977516e+05 -1.48887847e+02 
 1.16591440e+05  7.98933032e+01  1.16591440e+05 -1.43334399e+02 
 1.25892541e+05  7.09013918e+01  1.25892541e+05 -1.37399626e+02 
 1.35935639e+05  6.26710706e+01  1.35935639e+05 -1.31194258e+02 
 1.46779927e+05  5.51941934e+01  1.46779927e+05 -1.24821268e+02 
 1.58489319e+05  4.84479819e+01  1.58489319e+05 -1.18373377e+02 
 1.71132830e+05  4.23984100e+01  1.71132830e+05 -1.11931596e+02 
 1.84784980e+05  3.70034309e+01  1.84784980e+05 -1.05564647e+02 
 1.99526231e+05  3.22158696e+01  1.99526231e+05 -9.93290995e+01 
 2.15443469e+05  2.79858843e+01  2.15443469e+05 -9.32700265e+01 
 2.32630507e+05  2.42629604e+01  2.32630507e+05 -8.74220003e+01 
 2.51188643e+05  2.09974491e+01  2.51188643e+05 -8.18102849e+01 
 2.71227258e+05  1.81416916e+01  2.71227258e+05 -7.64521022e+01 
 2.92864456e+05  1.56507873e+01  2.92864456e+05 -7.13578855e+01 
 3.16227766e+05  1.34830674e+01  3.16227766e+05 -6.65324627e+01 
 3.41454887e+05  1.16003381e+01  3.41454887e+05 -6.19761315e+01 
 3.68694506e+05  9.96794627e+00  3.68694506e+05 -5.76856120e+01 
 3.98107171e+05  8.55471870e+00  3.98107171e+05 -5.36548680e+01 
 4.29866235e+05  7.33281210e+00  4.29866235e+05 -4.98758038e+01 
 4.64158883e+05  6.27750678e+00  4.64158883e+05 -4.63388434e+01 
 5.01187234e+05  5.36696761e+00  5.01187234e+05 -4.30334057e+01 
 5.41169527e+05  4.58199045e+00  5.41169527e+05 -3.99482870e+01 
 5.84341413e+05  3.90574686e+00  5.84341413e+05 -3.70719658e+01 
 6.30957344e+05  3.32353609e+00  6.30957344e+05 -3.43928405e+01 
 6.81292069e+05  2.82255016e+00  6.81292069e+05 -3.18994123e+01 
 7.35642254e+05  2.39165534e+00  7.35642254e+05 -2.95804220e+01 
 7.94328235e+05  2.02119204e+00  7.94328235e+05 -2.74249515e+01 
 8.57695899e+05  1.70279343e+00  8.57695899e+05 -2.54224939e+01 
 9.26118728e+05  1.42922270e+00  9.26118728e+05 -2.35630015e+01 
 1.00000000e+06  1.19422795e+00  1.00000000e+06 -2.18369146e+01 
 1.07977516e+06  9.92413798e-01  1.07977516e+06 -2.02351761e+01 
 1.16591440e+06  8.19128118e-01  1.16591440e+06 -1.87492352e+01 
 1.25892541e+06  6.70362736e-01  1.25892541e+06 -1.73710425e+01 
 1.35935639e+06  5.42666544e-01  1.35935639e+06 -1.60930394e+01 
 1.46779927e+06  4.33069754e-01  1.46779927e+06 -1.49081427e+01 
 1.58489319e+06  3.39018024e-01  1.58489319e+06 -1.38097261e+01 
 1.71132830e+06  2.58315267e-01  1.71132830e+06 -1.27916000e+01 
 1.84784980e+06  1.89074108e-01  1.84784980e+06 -1.18479901e+01 
 1.99526231e+06  1.29673028e-01  1.99526231e+06 -1.09735145e+01 
 2.15443469e+06  7.87193249e-02  2.15443469e+06 -1.01631623e+01 
 2.32630507e+06  3.50171607e-02  2.32630507e+06 -9.41227124e+00 
 2.51188643e+06 -2.45999527e-03  2.51188643e+06 -8.71650605e+00 
 2.71227258e+06 -3.45931025e-02  2.71227258e+06 -8.07183797e+00 
 2.92864456e+06 -6.21379805e-02  2.92864456e+06 -7.47452467e+00 
 3.16227766e+06 -8.57428844e-02  3.16227766e+06 -6.92109129e+00 
 3.41454887e+06 -1.05963612e-01  3.41454887e+06 -6.40831232e+00 
 3.68694506e+06 -1.23276483e-01  3.68694506e+06 -5.93319454e+00 
 3.98107171e+06 -1.38089480e-01  3.98107171e+06 -5.49296093e+00 
 4.29866235e+06 -1.50751808e-01  4.29866235e+06 -5.08503553e+00 
 4.64158883e+06 -1.61562086e-01  4.64158883e+06 -4.70702925e+00 
 5.01187234e+06 -1.70775369e-01  5.01187234e+06 -4.35672660e+00 
 5.41169527e+06 -1.78609150e-01  5.41169527e+06 -4.03207327e+00 
 5.84341413e+06 -1.85248489e-01  5.84341413e+06 -3.73116459e+00 
 6.30957344e+06 -1.90850396e-01  6.30957344e+06 -3.45223477e+00 
 6.81292069e+06 -1.95547554e-01  6.81292069e+06 -3.19364686e+00 
 7.35642254e+06 -1.99451497e-01  7.35642254e+06 -2.95388350e+00 
 7.94328235e+06 -2.02655292e-01  7.94328235e+06 -2.73153832e+00 
 8.57695899e+06 -2.05235818e-01  8.57695899e+06 -2.52530794e+00 
 9.26118728e+06 -2.07255690e-01  9.26118728e+06 -2.33398468e+00 
 1.00000000e+07 -2.08764878e-01  1.00000000e+07 -2.15644978e+00 
 1.07977516e+07 -2.09802084e-01  1.07977516e+07 -1.99166719e+00 
 1.16591440e+07 -2.10395906e-01  1.16591440e+07 -1.83867793e+00 
 1.25892541e+07 -2.10565847e-01  1.25892541e+07 -1.69659492e+00 
 1.35935639e+07 -2.10323205e-01  1.35935639e+07 -1.56459830e+00 
 1.46779927e+07 -2.09671898e-01  1.46779927e+07 -1.44193121e+00 
 1.58489319e+07 -2.08609263e-01  1.58489319e+07 -1.32789604e+00 
 1.71132830e+07 -2.07126886e-01  1.71132830e+07 -1.22185103e+00 
 1.84784980e+07 -2.05211516e-01  1.84784980e+07 -1.12320730e+00 
 1.99526231e+07 -2.02846114e-01  1.99526231e+07 -1.03142610e+00 
 2.15443469e+07 -2.00011098e-01  2.15443469e+07 -9.46016410e-01 
 2.32630507e+07 -1.96685808e-01  2.32630507e+07 -8.66532656e-01 
 2.51188643e+07 -1.92850250e-01  2.51188643e+07 -7.92572457e-01 
 2.71227258e+07 -1.88487095e-01  2.71227258e+07 -7.23774355e-01 
 2.92864456e+07 -1.83583914e-01  2.92864456e+07 -6.59815319e-01 
 3.16227766e+07 -1.78135565e-01  3.16227766e+07 -6.00407900e-01 
 3.41454887e+07 -1.72146608e-01  3.41454887e+07 -5.45296932e-01 
 3.68694506e+07 -1.65633535e-01  3.68694506e+07 -4.94255665e-01 
 3.98107171e+07 -1.58626600e-01  3.98107171e+07 -4.47081336e-01 
 4.29866235e+07 -1.51170983e-01  4.29866235e+07 -4.03590219e-01 
 4.64158883e+07 -1.43327039e-01  4.64158883e+07 -3.63612356e-01 
 5.01187234e+07 -1.35169458e-01  5.01187234e+07 -3.26986221e-01 
 5.41169527e+07 -1.26785243e-01  5.41169527e+07 -2.93553701e-01 
 5.84341413e+07 -1.18270601e-01  5.84341413e+07 -2.63155753e-01 
 6.30957344e+07 -1.09726929e-01  6.30957344e+07 -2.35629127e-01 
 6.81292069e+07 -1.01256282e-01  6.81292069e+07 -2.10804395e-01 
 7.35642254e+07 -9.29567437e-02  7.35642254e+07 -1.88505413e-01 
 7.94328235e+07 -8.49181585e-02  7.94328235e+07 -1.68550141e-01 
 8.57695899e+07 -7.72186176e-02  8.57695899e+07 -1.50752618e-01 
 9.26118728e+07 -6.99219718e-02  9.26118728e+07 -1.34925736e-01 
 1.00000000e+08 -6.30764974e-02  1.00000000e+08 -1.20884417e-01 
 1.07977516e+08 -5.67146857e-02  1.07977516e+08 -1.08448808e-01 
 1.16591440e+08 -5.08540082e-02  1.16591440e+08 -9.74471730e-02 
 1.25892541e+08 -4.54984271e-02  1.25892541e+08 -8.77182362e-02 
 1.35935639e+08 -4.06403923e-02  1.35935639e+08 -7.91128835e-02 
 1.46779927e+08 -3.62630723e-02  1.46779927e+08 -7.14951720e-02 
 1.58489319e+08 -3.23426072e-02  1.58489319e+08 -6.47427123e-02 
 1.71132830e+08 -2.88502230e-02  1.71132830e+08 -5.87465160e-02 
 1.84784980e+08 -2.57541035e-02  1.84784980e+08 -5.34104307e-02 
 1.99526231e+08 -2.30209640e-02  1.99526231e+08 -4.86502850e-02 
 2.15443469e+08 -2.06173129e-02  2.15443469e+08 -4.43928558e-02 
 2.32630507e+08 -1.85104135e-02  2.32630507e+08 -4.05747516e-02 
 2.51188643e+08 -1.66689777e-02  2.51188643e+08 -3.71412833e-02 
 2.71227258e+08 -1.50636314e-02  2.71227258e+08 -3.40453752e-02 
 2.92864456e+08 -1.36671928e-02  2.92864456e+08 -3.12465493e-02 
 3.16227766e+08 -1.24548060e-02  3.16227766e+08 -2.87100020e-02 
 3.41454887e+08 -1.14039640e-02  3.41454887e+08 -2.64057824e-02 
 3.68694506e+08 -1.04944534e-02  3.68694506e+08 -2.43080718e-02 
 3.98107171e+08 -9.70824558e-03  3.98107171e+08 -2.23945598e-02 
 4.29866235e+08 -9.02935309e-03  4.29866235e+08 -2.06459103e-02 
 4.64158883e+08 -8.44366858e-03  4.64158883e+08 -1.90453070e-02 
 5.01187234e+08 -7.93879527e-03  5.01187234e+08 -1.75780698e-02 
 5.41169527e+08 -7.50387815e-03  5.41169527e+08 -1.62313317e-02 
 5.84341413e+08 -7.12944094e-03  5.84341413e+08 -1.49937678e-02 
 6.30957344e+08 -6.80723230e-03  6.30957344e+08 -1.38553693e-02 
 6.81292069e+08 -6.53008334e-03  6.81292069e+08 -1.28072530e-02 
 7.35642254e+08 -6.29177737e-03  7.35642254e+08 -1.18415038e-02 
 7.94328235e+08 -6.08693217e-03  7.94328235e+08 -1.09510411e-02 
 8.57695899e+08 -5.91089438e-03  8.57695899e+08 -1.01295081e-02 
 9.26118728e+08 -5.75964557e-03  9.26118728e+08 -9.37117828e-03 
 1.00000000e+09 -5.62971902e-03  1.00000000e+09 -8.67087632e-03 
 1.07977516e+09 -5.51812653e-03  1.07977516e+09 -8.02391172e-03 
 1.16591440e+09 -5.42229416e-03  1.16591440e+09 -7.42602213e-03 
 1.25892541e+09 -5.34000606e-03  1.25892541e+09 -6.87332519e-03 
 1.35935639e+09 -5.26935558e-03  1.35935639e+09 -6.36227715e-03 
 1.46779927e+09 -5.20870275e-03  1.46779927e+09 -5.88963740e-03 
 1.58489319e+09 -5.15663741e-03  1.58489319e+09 -5.45243760e-03 
 1.71132830e+09 -5.11194734e-03  1.71132830e+09 -5.04795497e-03 
 1.84784980e+09 -5.07359068e-03  1.84784980e+09 -4.67368880e-03 
 1.99526231e+09 -5.04067215e-03  1.99526231e+09 -4.32733988e-03 
 2.15443469e+09 -5.01242255e-03  2.15443469e+09 -4.00679218e-03 
 2.32630507e+09 -4.98818111e-03  2.32630507e+09 -3.71009675e-03 
 2.51188643e+09 -4.96738026e-03  2.51188643e+09 -3.43545714e-03 
 2.71227258e+09 -4.94953258e-03  2.71227258e+09 -3.18121648e-03 
 2.92864456e+09 -4.93421948e-03  2.92864456e+09 -2.94584581e-03 
 3.16227766e+09 -4.92108155e-03  3.16227766e+09 -2.72793351e-03 
 3.41454887e+09 -4.90981024e-03  3.41454887e+09 -2.52617578e-03 
 3.68694506e+09 -4.90014065e-03  3.68694506e+09 -2.33936793e-03 
 3.98107171e+09 -4.89184542e-03  3.98107171e+09 -2.16639657e-03 
 4.29866235e+09 -4.88472939e-03  4.29866235e+09 -2.00623232e-03 
 4.64158883e+09 -4.87862507e-03  4.64158883e+09 -1.85792333e-03 
 5.01187234e+09 -4.87338872e-03  5.01187234e+09 -1.72058920e-03 
 5.41169527e+09 -4.86889702e-03  5.41169527e+09 -1.59341550e-03 
 5.84341413e+09 -4.86504412e-03  5.84341413e+09 -1.47564870e-03 
 6.30957344e+09 -4.86173922e-03  6.30957344e+09 -1.36659152e-03 
 6.81292069e+09 -4.85890442e-03  6.81292069e+09 -1.26559868e-03 
 7.35642254e+09 -4.85647286e-03  7.35642254e+09 -1.17207293e-03 
 7.94328235e+09 -4.85438721e-03  7.94328235e+09 -1.08546143e-03 
 8.57695899e+09 -4.85259827e-03  8.57695899e+09 -1.00525245e-03 
 9.26118728e+09 -4.85106384e-03  9.26118728e+09 -9.30972220e-04 
 1.00000000e+10 -4.84974772e-03  1.00000000e+10 -8.62182149e-04 
