 1.00000000e+00  2.74148412e+02  1.00000000e+00 -3.66687192e-03 
 1.07977516e+00  2.74148412e+02  1.07977516e+00 -3.95939723e-03 
 1.16591440e+00  2.74148412e+02  1.16591440e+00 -4.27525878e-03 
 1.25892541e+00  2.74148412e+02  1.25892541e+00 -4.61631825e-03 
 1.35935639e+00  2.74148412e+02  1.35935639e+00 -4.98458578e-03 
 1.46779927e+00  2.74148412e+02  1.46779927e+00 -5.38223192e-03 
 1.58489319e+00  2.74148412e+02  1.58489319e+00 -5.81160035e-03 
 1.71132830e+00  2.74148412e+02  1.71132830e+00 -6.27522171e-03 
 1.84784980e+00  2.74148412e+02  1.84784980e+00 -6.77582854e-03 
 1.99526231e+00  2.74148411e+02  1.99526231e+00 -7.31637136e-03 
 2.15443469e+00  2.74148411e+02  2.15443469e+00 -7.90003607e-03 
 2.32630507e+00  2.74148411e+02  2.32630507e+00 -8.53026273e-03 
 2.51188643e+00  2.74148411e+02  2.51188643e+00 -9.21076582e-03 
 2.71227258e+00  2.74148411e+02  2.71227258e+00 -9.94555616e-03 
 2.92864456e+00  2.74148411e+02  2.92864456e+00 -1.07389645e-02 
 3.16227766e+00  2.74148411e+02  3.16227766e+00 -1.15956672e-02 
 3.41454887e+00  2.74148411e+02  3.41454887e+00 -1.25207134e-02 
 3.68694506e+00  2.74148411e+02  3.68694506e+00 -1.35195553e-02 
 3.98107171e+00  2.74148411e+02  3.98107171e+00 -1.45980800e-02 
 4.29866235e+00  2.74148411e+02  4.29866235e+00 -1.57626442e-02 
 4.64158883e+00  2.74148411e+02  4.64158883e+00 -1.70201117e-02 
 5.01187234e+00  2.74148410e+02  5.01187234e+00 -1.83778939e-02 
 5.41169527e+00  2.74148410e+02  5.41169527e+00 -1.98439933e-02 
 5.84341413e+00  2.74148410e+02  5.84341413e+00 -2.14270511e-02 
 6.30957344e+00  2.74148410e+02  6.30957344e+00 -2.31363976e-02 
 6.81292069e+00  2.74148409e+02  6.81292069e+00 -2.49821074e-02 
 7.35642254e+00  2.74148409e+02  7.35642254e+00 -2.69750590e-02 
 7.94328235e+00  2.74148409e+02  7.94328235e+00 -2.91269987e-02 
 8.57695899e+00  2.74148408e+02  8.57695899e+00 -3.14506097e-02 
 9.26118728e+00  2.74148407e+02  9.26118728e+00 -3.39595871e-02 
 1.00000000e+01  2.74148407e+02  1.00000000e+01 -3.66687186e-02 
 1.07977516e+01  2.74148406e+02  1.07977516e+01 -3.95939715e-02 
 1.16591440e+01  2.74148405e+02  1.16591440e+01 -4.27525868e-02 
 1.25892541e+01  2.74148404e+02  1.25892541e+01 -4.61631812e-02 
 1.35935639e+01  2.74148403e+02  1.35935639e+01 -4.98458562e-02 
 1.46779927e+01  2.74148401e+02  1.46779927e+01 -5.38223172e-02 
 1.58489319e+01  2.74148399e+02  1.58489319e+01 -5.81160009e-02 
 1.71132830e+01  2.74148397e+02  1.71132830e+01 -6.27522138e-02 
 1.84784980e+01  2.74148395e+02  1.84784980e+01 -6.77582813e-02 
 1.99526231e+01  2.74148392e+02  1.99526231e+01 -7.31637085e-02 
 2.15443469e+01  2.74148389e+02  2.15443469e+01 -7.90003542e-02 
 2.32630507e+01  2.74148385e+02  2.32630507e+01 -8.53026191e-02 
 2.51188643e+01  2.74148381e+02  2.51188643e+01 -9.21076480e-02 
 2.71227258e+01  2.74148376e+02  2.71227258e+01 -9.94555487e-02 
 2.92864456e+01  2.74148370e+02  2.92864456e+01 -1.07389629e-01 
 3.16227766e+01  2.74148363e+02  3.16227766e+01 -1.15956651e-01 
 3.41454887e+01  2.74148355e+02  3.41454887e+01 -1.25207108e-01 
 3.68694506e+01  2.74148345e+02  3.68694506e+01 -1.35195521e-01 
 3.98107171e+01  2.74148334e+02  3.98107171e+01 -1.45980759e-01 
 4.29866235e+01  2.74148321e+02  4.29866235e+01 -1.57626391e-01 
 4.64158883e+01  2.74148306e+02  4.64158883e+01 -1.70201052e-01 
 5.01187234e+01  2.74148289e+02  5.01187234e+01 -1.83778857e-01 
 5.41169527e+01  2.74148268e+02  5.41169527e+01 -1.98439830e-01 
 5.84341413e+01  2.74148244e+02  5.84341413e+01 -2.14270382e-01 
 6.30957344e+01  2.74148216e+02  6.30957344e+01 -2.31363813e-01 
 6.81292069e+01  2.74148184e+02  6.81292069e+01 -2.49820869e-01 
 7.35642254e+01  2.74148146e+02  7.35642254e+01 -2.69750332e-01 
 7.94328235e+01  2.74148102e+02  7.94328235e+01 -2.91269662e-01 
 8.57695899e+01  2.74148051e+02  8.57695899e+01 -3.14505687e-01 
 9.26118728e+01  2.74147991e+02  9.26118728e+01 -3.39595356e-01 
 1.00000000e+02  2.74147921e+02  1.00000000e+02 -3.66686537e-01 
 1.07977516e+02  2.74147840e+02  1.07977516e+02 -3.95938897e-01 
 1.16591440e+02  2.74147745e+02  1.16591440e+02 -4.27524839e-01 
 1.25892541e+02  2.74147635e+02  1.25892541e+02 -4.61630517e-01 
 1.35935639e+02  2.74147506e+02  1.35935639e+02 -4.98456932e-01 
 1.46779927e+02  2.74147355e+02  1.46779927e+02 -5.38221119e-01 
 1.58489319e+02  2.74147180e+02  1.58489319e+02 -5.81157425e-01 
 1.71132830e+02  2.74146976e+02  1.71132830e+02 -6.27518885e-01 
 1.84784980e+02  2.74146737e+02  1.84784980e+02 -6.77578718e-01 
 1.99526231e+02  2.74146460e+02  1.99526231e+02 -7.31631929e-01 
 2.15443469e+02  2.74146136e+02  2.15443469e+02 -7.89997052e-01 
 2.32630507e+02  2.74145758e+02  2.32630507e+02 -8.53018020e-01 
 2.51188643e+02  2.74145318e+02  2.51188643e+02 -9.21066193e-01 
 2.71227258e+02  2.74144805e+02  2.71227258e+02 -9.94542536e-01 
 2.92864456e+02  2.74144206e+02  2.92864456e+02 -1.07387999e+00 
 3.16227766e+02  2.74143509e+02  3.16227766e+02 -1.15954599e+00 
 3.41454887e+02  2.74142695e+02  3.41454887e+02 -1.25204524e+00 
 3.68694506e+02  2.74141747e+02  3.68694506e+02 -1.35192268e+00 
 3.98107171e+02  2.74140641e+02  3.98107171e+02 -1.45976664e+00 
 4.29866235e+02  2.74139352e+02  4.29866235e+02 -1.57621235e+00 
 4.64158883e+02  2.74137849e+02  4.64158883e+02 -1.70194562e+00 
 5.01187234e+02  2.74136096e+02  5.01187234e+02 -1.83770686e+00 
 5.41169527e+02  2.74134053e+02  5.41169527e+02 -1.98429544e+00 
 5.84341413e+02  2.74131671e+02  5.84341413e+02 -2.14257432e+00 
 6.30957344e+02  2.74128893e+02  6.30957344e+02 -2.31347510e+00 
 6.81292069e+02  2.74125655e+02  6.81292069e+02 -2.49800345e+00 
 7.35642254e+02  2.74121880e+02  7.35642254e+02 -2.69724495e+00 
 7.94328235e+02  2.74117478e+02  7.94328235e+02 -2.91237135e+00 
 8.57695899e+02  2.74112347e+02  8.57695899e+02 -3.14464740e+00 
 9.26118728e+02  2.74106364e+02  9.26118728e+02 -3.39543807e+00 
 1.00000000e+03  2.74099389e+02  1.00000000e+03 -3.66621642e+00 
 1.07977516e+03  2.74091257e+02  1.07977516e+03 -3.95857202e+00 
 1.16591440e+03  2.74081777e+02  1.16591440e+03 -4.27421995e+00 
 1.25892541e+03  2.74070724e+02  1.25892541e+03 -4.61501049e+00 
 1.35935639e+03  2.74057839e+02  1.35935639e+03 -4.98293949e+00 
 1.46779927e+03  2.74042818e+02  1.46779927e+03 -5.38015947e+00 
 1.58489319e+03  2.74025306e+02  1.58489319e+03 -5.80899146e+00 
 1.71132830e+03  2.74004891e+02  1.71132830e+03 -6.27193755e+00 
 1.84784980e+03  2.73981094e+02  1.84784980e+03 -6.77169439e+00 
 1.99526231e+03  2.73953353e+02  1.99526231e+03 -7.31116730e+00 
 2.15443469e+03  2.73921017e+02  2.15443469e+03 -7.89348532e+00 
 2.32630507e+03  2.73883325e+02  2.32630507e+03 -8.52201696e+00 
 2.51188643e+03  2.73839393e+02  2.51188643e+03 -9.20038668e+00 
 2.71227258e+03  2.73788190e+02  2.71227258e+03 -9.93249203e+00 
 2.92864456e+03  2.73728516e+02  2.92864456e+03 -1.07225213e+01 
 3.16227766e+03  2.73658973e+02  3.16227766e+03 -1.15749717e+01 
 3.41454887e+03  2.73577937e+02  3.41454887e+03 -1.24946670e+01 
 3.68694506e+03  2.73483517e+02  3.68694506e+03 -1.34867762e+01 
 3.98107171e+03  2.73373513e+02  3.98107171e+03 -1.45568302e+01 
 4.29866235e+03  2.73245370e+02  4.29866235e+03 -1.57107381e+01 
 4.64158883e+03  2.73096117e+02  4.64158883e+03 -1.69548014e+01 
 5.01187234e+03  2.72922307e+02  5.01187234e+03 -1.82957254e+01 
 5.41169527e+03  2.72719938e+02  5.41169527e+03 -1.97406260e+01 
 5.84341413e+03  2.72484372e+02  5.84341413e+03 -2.12970318e+01 
 6.30957344e+03  2.72210235e+02  6.30957344e+03 -2.29728775e+01 
 6.81292069e+03  2.71891310e+02  6.81292069e+03 -2.47764890e+01 
 7.35642254e+03  2.71520413e+02  7.35642254e+03 -2.67165538e+01 
 7.94328235e+03  2.71089254e+02  7.94328235e+03 -2.88020765e+01 
 8.57695899e+03  2.70588285e+02  8.57695899e+03 -3.10423126e+01 
 9.26118728e+03  2.70006530e+02  9.26118728e+03 -3.34466763e+01 
 1.00000000e+04  2.69331403e+02  1.00000000e+04 -3.60246162e+01 
 1.07977516e+04  2.68548513e+02  1.07977516e+04 -3.87854509e+01 
 1.16591440e+04  2.67641454e+02  1.16591440e+04 -4.17381567e+01 
 1.25892541e+04  2.66591606e+02  1.25892541e+04 -4.48910973e+01 
 1.35935639e+04  2.65377922e+02  1.35935639e+04 -4.82516860e+01 
 1.46779927e+04  2.63976745e+02  1.46779927e+04 -5.18259690e+01 
 1.58489319e+04  2.62361655e+02  1.58489319e+04 -5.56181194e+01 
 1.71132830e+04  2.60503367e+02  1.71132830e+04 -5.96298336e+01 
 1.84784980e+04  2.58369718e+02  1.84784980e+04 -6.38596227e+01 
 1.99526231e+04  2.55925765e+02  1.99526231e+04 -6.83019997e+01 
 2.15443469e+04  2.53134049e+02  2.15443469e+04 -7.29465684e+01 
 2.32630507e+04  2.49955058e+02  2.32630507e+04 -7.77770348e+01 
 2.51188643e+04  2.46347957e+02  2.51188643e+04 -8.27701746e+01 
 2.71227258e+04  2.42271619e+02  2.71227258e+04 -8.78948144e+01 
 2.92864456e+04  2.37686012e+02  2.92864456e+04 -9.31109056e+01 
 3.16227766e+04  2.32553961e+02  3.16227766e+04 -9.83687973e+01 
 3.41454887e+04  2.26843289e+02  3.41454887e+04 -1.03608839e+02 
 3.68694506e+04  2.20529284e+02  3.68694506e+04 -1.08761463e+02 
 3.98107171e+04  2.13597397e+02  3.98107171e+04 -1.13747900e+02 
 4.29866235e+04  2.06045995e+02  4.29866235e+04 -1.18481666e+02 
 4.64158883e+04  1.97888942e+02  4.64158883e+04 -1.22870910e+02 
 5.01187234e+04  1.89157710e+02  5.01187234e+04 -1.26821642e+02 
 5.41169527e+04  1.79902705e+02  5.41169527e+04 -1.30241741e+02 
 5.84341413e+04  1.70193502e+02  5.84341413e+04 -1.33045528e+02 
 6.30957344e+04  1.60117763e+02  6.30957344e+04 -1.35158553e+02 
 6.81292069e+04  1.49778734e+02  6.81292069e+04 -1.36522147e+02 
 7.35642254e+04  1.39291402e+02  7.35642254e+04 -1.37097263e+02 
 7.94328235e+04  1.28777566e+02  7.94328235e+04 -1.36867152e+02 
 8.57695899e+04  1.18360261e+02  8.57695899e+04 -1.35838536e+02 
 9.26118728e+04  1.08158051e+02  9.26118728e+04 -1.34041135e+02 
 1.00000000e+05  9.82797641e+01  1.00000000e+05 -1.31525603e+02 
 1.07977516e+05  8.88201429e+01  1.07977516e+05 -1.28360144e+02 
 1.16591440e+05  7.98567416e+01  1.16591440e+05 -1.24626201e+02 
 1.25892541e+05  7.14482398e+01  1.25892541e+05 -1.20413709e+02 
 1.35935639e+05  6.36341332e+01  1.35935639e+05 -1.15816388e+02 
 1.46779927e+05  5.64356254e+01  1.46779927e+05 -1.10927450e+02 
 1.58489319e+05  4.98574409e+01  1.58489319e+05 -1.05836023e+02 
 1.71132830e+05  4.38902423e+01  1.71132830e+05 -1.00624421e+02 
 1.84784980e+05  3.85133423e+01  1.84784980e+05 -9.53662907e+01 
 1.99526231e+05  3.36974500e+01  1.99526231e+05 -9.01255839e+01 
 2.15443469e+05  2.94072535e+01  2.15443469e+05 -8.49562205e+01 
 2.32630507e+05  2.56037089e+01  2.32630507e+05 -7.99022984e+01 
 2.51188643e+05  2.22459678e+01  2.51188643e+05 -7.49986967e+01 
 2.71227258e+05  1.92929230e+01  2.71227258e+05 -7.02719308e+01 
 2.92864456e+05  1.67043896e+01  2.92864456e+05 -6.57411428e+01 
 3.16227766e+05  1.44419558e+01  3.16227766e+05 -6.14191362e+01 
 3.41454887e+05  1.24695557e+01  3.41454887e+05 -5.73133888e+01 
 3.68694506e+05  1.07538117e+01  3.68694506e+05 -5.34270004e+01 
 3.98107171e+05  9.26419943e+00  3.98107171e+05 -4.97595490e+01 
 4.29866235e+05  7.97307674e+00  4.29866235e+05 -4.63078447e+01 
 4.64158883e+05  6.85561666e+00  4.64158883e+05 -4.30665781e+01 
 5.01187234e+05  5.88967387e+00  5.01187234e+05 -4.00288664e+01 
 5.41169527e+05  5.05560953e+00  5.41169527e+05 -3.71867083e+01 
 5.84341413e+05  4.33609302e+00  5.84341413e+05 -3.45313534e+01 
 6.30957344e+05  3.71589426e+00  6.30957344e+05 -3.20536009e+01 
 6.81292069e+05  3.18167642e+00  6.81292069e+05 -2.97440351e+01 
 7.35642254e+05  2.72179571e+00  7.35642254e+05 -2.75932095e+01 
 7.94328235e+05  2.32611257e+00  7.94328235e+05 -2.55917873e+01 
 8.57695899e+05  1.98581661e+00  8.57695899e+05 -2.37306466e+01 
 9.26118728e+05  1.69326674e+00  9.26118728e+05 -2.20009568e+01 
 1.00000000e+06  1.44184651e+00  1.00000000e+06 -2.03942323e+01 
 1.07977516e+06  1.22583458e+00  1.07977516e+06 -1.89023676e+01 
 1.16591440e+06  1.04028937e+00  1.16591440e+06 -1.75176582e+01 
 1.25892541e+06  8.80947079e-01  1.25892541e+06 -1.62328107e+01 
 1.35935639e+06  7.44131849e-01  1.35935639e+06 -1.50409437e+01 
 1.46779927e+06  6.26677036e-01  1.46779927e+06 -1.39355834e+01 
 1.58489319e+06  5.25856375e-01  1.58489319e+06 -1.29106535e+01 
 1.71132830e+06  4.39324000e-01  1.71132830e+06 -1.19604621e+01 
 1.84784980e+06  3.65062299e-01  1.84784980e+06 -1.10796867e+01 
 1.99526231e+06  3.01336673e-01  1.99526231e+06 -1.02633570e+01 
 2.15443469e+06  2.46656339e-01  2.15443469e+06 -9.50683743e+00 
 2.32630507e+06  1.99740441e-01  2.32630507e+06 -8.80580887e+00 
 2.51188643e+06  1.59488760e-01  2.51188643e+06 -8.15625061e+00 
 2.71227258e+06  1.24956448e-01  2.71227258e+06 -7.55442258e+00 
 2.92864456e+06  9.53322390e-02  2.92864456e+06 -6.99684786e+00 
 3.16227766e+06  6.99196806e-02  3.16227766e+06 -6.48029597e+00 
 3.41454887e+06  4.81209692e-02  3.41454887e+06 -6.00176677e+00 
 3.68694506e+06  2.94230460e-02  3.68694506e+06 -5.55847510e+00 
 3.98107171e+06  1.33856359e-02  3.98107171e+06 -5.14783626e+00 
 4.29866235e+06 -3.69034994e-04  4.29866235e+06 -4.76745224e+00 
 4.64158883e+06 -1.21650756e-02  4.64158883e+06 -4.41509881e+00 
 5.01187234e+06 -2.22805215e-02  5.01187234e+06 -4.08871330e+00 
 5.41169527e+06 -3.09538540e-02  5.41169527e+06 -3.78638319e+00 
 5.84341413e+06 -3.83895987e-02  5.84341413e+06 -3.50633549e+00 
 6.30957344e+06 -4.47631295e-02  6.30957344e+06 -3.24692671e+00 
 6.81292069e+06 -5.02247919e-02  6.81292069e+06 -3.00663355e+00 
 7.35642254e+06 -5.49034396e-02  7.35642254e+06 -2.78404426e+00 
 7.94328235e+06 -5.89094680e-02  7.94328235e+06 -2.57785051e+00 
 8.57695899e+06 -6.23374135e-02  8.57695899e+06 -2.38683992e+00 
 9.26118728e+06 -6.52681814e-02  9.26118728e+06 -2.20988903e+00 
 1.00000000e+07 -6.77709533e-02  1.00000000e+07 -2.04595682e+00 
 1.07977516e+07 -6.99048187e-02  1.07977516e+07 -1.89407867e+00 
 1.16591440e+07 -7.17201707e-02  1.16591440e+07 -1.75336076e+00 
 1.25892541e+07 -7.32598958e-02  1.25892541e+07 -1.62297486e+00 
 1.35935639e+07 -7.45603899e-02  1.35935639e+07 -1.50215356e+00 
 1.46779927e+07 -7.56524207e-02  1.46779927e+07 -1.39018572e+00 
 1.58489319e+07 -7.65618603e-02  1.58489319e+07 -1.28641239e+00 
 1.71132830e+07 -7.73103041e-02  1.71132830e+07 -1.19022299e+00 
 1.84784980e+07 -7.79155915e-02  1.84784980e+07 -1.10105168e+00 
 1.99526231e+07 -7.83922430e-02  1.99526231e+07 -1.01837417e+00 
 2.15443469e+07 -7.87518228e-02  2.15443469e+07 -9.41704652e-01 
 2.32630507e+07 -7.90032395e-02  2.32630507e+07 -8.70592998e-01 
 2.51188643e+07 -7.91529931e-02  2.51188643e+07 -8.04622207e-01 
 2.71227258e+07 -7.92053773e-02  2.71227258e+07 -7.43406039e-01 
 2.92864456e+07 -7.91626446e-02  2.92864456e+07 -6.86586844e-01 
 3.16227766e+07 -7.90251442e-02  3.16227766e+07 -6.33833595e-01 
 3.41454887e+07 -7.87914407e-02  3.41454887e+07 -5.84840081e-01 
 3.68694506e+07 -7.84584239e-02  3.68694506e+07 -5.39323291e-01 
 3.98107171e+07 -7.80214197e-02  3.98107171e+07 -4.97021941e-01 
 4.29866235e+07 -7.74743167e-02  4.29866235e+07 -4.57695167e-01 
 4.64158883e+07 -7.68097200e-02  4.64158883e+07 -4.21121352e-01 
 5.01187234e+07 -7.60191496e-02  5.01187234e+07 -3.87097089e-01 
 5.41169527e+07 -7.50932992e-02  5.41169527e+07 -3.55436254e-01 
 5.84341413e+07 -7.40223714e-02  5.84341413e+07 -3.25969163e-01 
 6.30957344e+07 -7.27965038e-02  6.30957344e+07 -2.98541801e-01 
 6.81292069e+07 -7.14062968e-02  6.81292069e+07 -2.73015071e-01 
 7.35642254e+07 -6.98434431e-02  7.35642254e+07 -2.49264032e-01 
 7.94328235e+07 -6.81014527e-02  7.94328235e+07 -2.27177069e-01 
 8.57695899e+07 -6.61764444e-02  8.57695899e+07 -2.06654961e-01 
 9.26118728e+07 -6.40679632e-02  9.26118728e+07 -1.87609775e-01 
 1.00000000e+08 -6.17797585e-02  1.00000000e+08 -1.69963586e-01 
 1.07977516e+08 -5.93204417e-02  1.07977516e+08 -1.53646980e-01 
 1.16591440e+08 -5.67039348e-02  1.16591440e+08 -1.38597376e-01 
 1.25892541e+08 -5.39496185e-02  1.25892541e+08 -1.24757204e-01 
 1.35935639e+08 -5.10821106e-02  1.35935639e+08 -1.12072049e-01 
 1.46779927e+08 -4.81306356e-02  1.46779927e+08 -1.00488857e-01 
 1.58489319e+08 -4.51279992e-02  1.58489319e+08 -8.99543682e-02 
 1.71132830e+08 -4.21092293e-02  1.71132830e+08 -8.04138781e-02 
 1.84784980e+08 -3.91100021e-02  1.84784980e+08 -7.18104524e-02 
 1.99526231e+08 -3.61649997e-02  1.99526231e+08 -6.40846357e-02 
 2.15443469e+08 -3.33063615e-02  2.15443469e+08 -5.71746507e-02 
 2.32630507e+08 -3.05623731e-02  2.32630507e+08 -5.10170215e-02 
 2.51188643e+08 -2.79565007e-02  2.51188643e+08 -4.55475073e-02 
 2.71227258e+08 -2.55068260e-02  2.71227258e+08 -4.07022102e-02 
 2.92864456e+08 -2.32258835e-02  2.92864456e+08 -3.64187177e-02 
 3.16227766e+08 -2.11208564e-02  3.16227766e+08 -3.26371581e-02 
 3.41454887e+08 -1.91940541e-02  3.41454887e+08 -2.93010825e-02 
 3.68694506e+08 -1.74435825e-02  3.68694506e+08 -2.63581212e-02 
 3.98107171e+08 -1.58641157e-02  3.98107171e+08 -2.37603991e-02 
 4.29866235e+08 -1.44476903e-02  4.29866235e+08 -2.14647230e-02 
 4.64158883e+08 -1.31844630e-02  4.64158883e+08 -1.94325718e-02 
 5.01187234e+08 -1.20633894e-02  5.01187234e+08 -1.76299318e-02 
 5.41169527e+08 -1.10728009e-02  5.41169527e+08 -1.60270192e-02 
 5.84341413e+08 -1.02008720e-02  5.84341413e+08 -1.45979326e-02 
 6.30957344e+08 -9.43598122e-03  6.30957344e+08 -1.33202674e-02 
 6.81292069e+08 -8.76697435e-03  6.81292069e+08 -1.21747221e-02 
 7.35642254e+08 -8.18334419e-03  7.35642254e+08 -1.11447133e-02 
 7.94328235e+08 -7.67534154e-03  7.94328235e+08 -1.02160148e-02 
 8.57695899e+08 -7.23403174e-03  8.57695899e+08 -9.37642871e-03 
 9.26118728e+08 -6.85130996e-03  9.26118728e+08 -8.61548973e-03 
 1.00000000e+09 -6.51988643e-03  1.00000000e+09 -7.92420688e-03 
 1.07977516e+09 -6.23325109e-03  1.07977516e+09 -7.29483875e-03 
 1.16591440e+09 -5.98562480e-03  1.16591440e+09 -6.72070101e-03 
 1.25892541e+09 -5.77190312e-03  1.25892541e+09 -6.19600278e-03 
 1.35935639e+09 -5.58759661e-03  1.35935639e+09 -5.71570845e-03 
 1.46779927e+09 -5.42877089e-03  1.46779927e+09 -5.27542153e-03 
 1.58489319e+09 -5.29198849e-03  1.58489319e+09 -4.87128747e-03 
 1.71132830e+09 -5.17425382e-03  1.71132830e+09 -4.49991250e-03 
 1.84784980e+09 -5.07296206e-03  1.84784980e+09 -4.15829585e-03 
 1.99526231e+09 -4.98585248e-03  1.99526231e+09 -3.84377326e-03 
 2.15443469e+09 -4.91096606e-03  2.15443469e+09 -3.55396975e-03 
 2.32630507e+09 -4.84660760e-03  2.32630507e+09 -3.28676023e-03 
 2.51188643e+09 -4.79131193e-03  2.51188643e+09 -3.04023633e-03 
 2.71227258e+09 -4.74381398e-03  2.71227258e+09 -2.81267865e-03 
 2.92864456e+09 -4.70302243e-03  2.92864456e+09 -2.60253322e-03 
 3.16227766e+09 -4.66799657e-03  3.16227766e+09 -2.40839169e-03 
 3.41454887e+09 -4.63792605e-03  3.41454887e+09 -2.22897439e-03 
 3.68694506e+09 -4.61211323e-03  3.68694506e+09 -2.06311587e-03 
 3.98107171e+09 -4.58995781e-03  3.98107171e+09 -1.90975255e-03 
 4.29866235e+09 -4.57094347e-03  4.29866235e+09 -1.76791197e-03 
 4.64158883e+09 -4.55462627e-03  4.64158883e+09 -1.63670356e-03 
 5.01187234e+09 -4.54062468e-03  5.01187234e+09 -1.51531055e-03 
 5.41169527e+09 -4.52861085e-03  5.41169527e+09 -1.40298288e-03 
 5.84341413e+09 -4.51830315e-03  5.84341413e+09 -1.29903099e-03 
 6.30957344e+09 -4.50945970e-03  6.30957344e+09 -1.20282031e-03 
 6.81292069e+09 -4.50187282e-03  6.81292069e+09 -1.11376638e-03 
 7.35642254e+09 -4.49536419e-03  7.35642254e+09 -1.03133048e-03 
 7.94328235e+09 -4.48978074e-03  7.94328235e+09 -9.55015747e-04 
 8.57695899e+09 -4.48499107e-03  8.57695899e+09 -8.84363634e-04 
 9.26118728e+09 -4.48088243e-03  9.26118728e+09 -8.18950773e-04 
 1.00000000e+10 -4.47735806e-03  1.00000000e+10 -7.58386100e-04 
