 1.00000000e+00  2.76045618e+02  1.00000000e+00 -2.52591715e-03 
 1.07977516e+00  2.76045618e+02  1.07977516e+00 -2.72742260e-03 
 1.16591440e+00  2.76045618e+02  1.16591440e+00 -2.94500318e-03 
 1.25892541e+00  2.76045618e+02  1.25892541e+00 -3.17994129e-03 
 1.35935639e+00  2.76045618e+02  1.35935639e+00 -3.43362162e-03 
 1.46779927e+00  2.76045618e+02  1.46779927e+00 -3.70753935e-03 
 1.58489319e+00  2.76045618e+02  1.58489319e+00 -4.00330890e-03 
 1.71132830e+00  2.76045618e+02  1.71132830e+00 -4.32267352e-03 
 1.84784980e+00  2.76045618e+02  1.84784980e+00 -4.66751550e-03 
 1.99526231e+00  2.76045618e+02  1.99526231e+00 -5.03986730e-03 
 2.15443469e+00  2.76045618e+02  2.15443469e+00 -5.44192354e-03 
 2.32630507e+00  2.76045618e+02  2.32630507e+00 -5.87605387e-03 
 2.51188643e+00  2.76045618e+02  2.51188643e+00 -6.34481702e-03 
 2.71227258e+00  2.76045618e+02  2.71227258e+00 -6.85097583e-03 
 2.92864456e+00  2.76045618e+02  2.92864456e+00 -7.39751354e-03 
 3.16227766e+00  2.76045618e+02  3.16227766e+00 -7.98765138e-03 
 3.41454887e+00  2.76045618e+02  3.41454887e+00 -8.62486756e-03 
 3.68694506e+00  2.76045618e+02  3.68694506e+00 -9.31291777e-03 
 3.98107171e+00  2.76045618e+02  3.98107171e+00 -1.00558573e-02 
 4.29866235e+00  2.76045618e+02  4.29866235e+00 -1.08580649e-02 
 4.64158883e+00  2.76045617e+02  4.64158883e+00 -1.17242688e-02 
 5.01187234e+00  2.76045617e+02  5.01187234e+00 -1.26595743e-02 
 5.41169527e+00  2.76045617e+02  5.41169527e+00 -1.36694939e-02 
 5.84341413e+00  2.76045617e+02  5.84341413e+00 -1.47599800e-02 
 6.30957344e+00  2.76045617e+02  6.30957344e+00 -1.59374597e-02 
 6.81292069e+00  2.76045617e+02  6.81292069e+00 -1.72088732e-02 
 7.35642254e+00  2.76045617e+02  7.35642254e+00 -1.85817138e-02 
 7.94328235e+00  2.76045617e+02  7.94328235e+00 -2.00640730e-02 
 8.57695899e+00  2.76045616e+02  8.57695899e+00 -2.16646877e-02 
 9.26118728e+00  2.76045616e+02  9.26118728e+00 -2.33929916e-02 
 1.00000000e+01  2.76045616e+02  1.00000000e+01 -2.52591713e-02 
 1.07977516e+01  2.76045615e+02  1.07977516e+01 -2.72742258e-02 
 1.16591440e+01  2.76045615e+02  1.16591440e+01 -2.94500315e-02 
 1.25892541e+01  2.76045614e+02  1.25892541e+01 -3.17994125e-02 
 1.35935639e+01  2.76045614e+02  1.35935639e+01 -3.43362157e-02 
 1.46779927e+01  2.76045613e+02  1.46779927e+01 -3.70753928e-02 
 1.58489319e+01  2.76045612e+02  1.58489319e+01 -4.00330882e-02 
 1.71132830e+01  2.76045611e+02  1.71132830e+01 -4.32267341e-02 
 1.84784980e+01  2.76045610e+02  1.84784980e+01 -4.66751537e-02 
 1.99526231e+01  2.76045609e+02  1.99526231e+01 -5.03986714e-02 
 2.15443469e+01  2.76045607e+02  2.15443469e+01 -5.44192333e-02 
 2.32630507e+01  2.76045605e+02  2.32630507e+01 -5.87605361e-02 
 2.51188643e+01  2.76045603e+02  2.51188643e+01 -6.34481669e-02 
 2.71227258e+01  2.76045601e+02  2.71227258e+01 -6.85097541e-02 
 2.92864456e+01  2.76045598e+02  2.92864456e+01 -7.39751301e-02 
 3.16227766e+01  2.76045595e+02  3.16227766e+01 -7.98765072e-02 
 3.41454887e+01  2.76045591e+02  3.41454887e+01 -8.62486673e-02 
 3.68694506e+01  2.76045587e+02  3.68694506e+01 -9.31291672e-02 
 3.98107171e+01  2.76045581e+02  3.98107171e+01 -1.00558560e-01 
 4.29866235e+01  2.76045575e+02  4.29866235e+01 -1.08580633e-01 
 4.64158883e+01  2.76045568e+02  4.64158883e+01 -1.17242667e-01 
 5.01187234e+01  2.76045560e+02  5.01187234e+01 -1.26595716e-01 
 5.41169527e+01  2.76045550e+02  5.41169527e+01 -1.36694905e-01 
 5.84341413e+01  2.76045539e+02  5.84341413e+01 -1.47599758e-01 
 6.30957344e+01  2.76045526e+02  6.30957344e+01 -1.59374545e-01 
 6.81292069e+01  2.76045511e+02  6.81292069e+01 -1.72088666e-01 
 7.35642254e+01  2.76045493e+02  7.35642254e+01 -1.85817055e-01 
 7.94328235e+01  2.76045472e+02  7.94328235e+01 -2.00640625e-01 
 8.57695899e+01  2.76045448e+02  8.57695899e+01 -2.16646745e-01 
 9.26118728e+01  2.76045420e+02  9.26118728e+01 -2.33929750e-01 
 1.00000000e+02  2.76045387e+02  1.00000000e+02 -2.52591504e-01 
 1.07977516e+02  2.76045349e+02  1.07977516e+02 -2.72741994e-01 
 1.16591440e+02  2.76045304e+02  1.16591440e+02 -2.94499984e-01 
 1.25892541e+02  2.76045252e+02  1.25892541e+02 -3.17993708e-01 
 1.35935639e+02  2.76045191e+02  1.35935639e+02 -3.43361632e-01 
 1.46779927e+02  2.76045120e+02  1.46779927e+02 -3.70753266e-01 
 1.58489319e+02  2.76045038e+02  1.58489319e+02 -4.00330049e-01 
 1.71132830e+02  2.76044941e+02  1.71132830e+02 -4.32266293e-01 
 1.84784980e+02  2.76044829e+02  1.84784980e+02 -4.66750216e-01 
 1.99526231e+02  2.76044698e+02  1.99526231e+02 -5.03985052e-01 
 2.15443469e+02  2.76044546e+02  2.15443469e+02 -5.44190240e-01 
 2.32630507e+02  2.76044368e+02  2.32630507e+02 -5.87602727e-01 
 2.51188643e+02  2.76044160e+02  2.51188643e+02 -6.34478353e-01 
 2.71227258e+02  2.76043918e+02  2.71227258e+02 -6.85093366e-01 
 2.92864456e+02  2.76043636e+02  2.92864456e+02 -7.39746045e-01 
 3.16227766e+02  2.76043308e+02  3.16227766e+02 -7.98758455e-01 
 3.41454887e+02  2.76042924e+02  3.41454887e+02 -8.62478343e-01 
 3.68694506e+02  2.76042477e+02  3.68694506e+02 -9.31281186e-01 
 3.98107171e+02  2.76041956e+02  3.98107171e+02 -1.00557240e+00 
 4.29866235e+02  2.76041349e+02  4.29866235e+02 -1.08578971e+00 
 4.64158883e+02  2.76040640e+02  4.64158883e+02 -1.17240575e+00 
 5.01187234e+02  2.76039814e+02  5.01187234e+02 -1.26593082e+00 
 5.41169527e+02  2.76038852e+02  5.41169527e+02 -1.36691589e+00 
 5.84341413e+02  2.76037729e+02  5.84341413e+02 -1.47595583e+00 
 6.30957344e+02  2.76036420e+02  6.30957344e+02 -1.59369289e+00 
 6.81292069e+02  2.76034894e+02  6.81292069e+02 -1.72082049e+00 
 7.35642254e+02  2.76033115e+02  7.35642254e+02 -1.85808725e+00 
 7.94328235e+02  2.76031040e+02  7.94328235e+02 -2.00630139e+00 
 8.57695899e+02  2.76028622e+02  8.57695899e+02 -2.16633544e+00 
 9.26118728e+02  2.76025802e+02  9.26118728e+02 -2.33913131e+00 
 1.00000000e+03  2.76022515e+02  1.00000000e+03 -2.52570582e+00 
 1.07977516e+03  2.76018682e+02  1.07977516e+03 -2.72715656e+00 
 1.16591440e+03  2.76014214e+02  1.16591440e+03 -2.94466826e+00 
 1.25892541e+03  2.76009004e+02  1.25892541e+03 -3.17951966e+00 
 1.35935639e+03  2.76002930e+02  1.35935639e+03 -3.43309083e+00 
 1.46779927e+03  2.75995849e+02  1.46779927e+03 -3.70687113e+00 
 1.58489319e+03  2.75987593e+02  1.58489319e+03 -4.00246769e+00 
 1.71132830e+03  2.75977968e+02  1.71132830e+03 -4.32161454e+00 
 1.84784980e+03  2.75966747e+02  1.84784980e+03 -4.66618238e+00 
 1.99526231e+03  2.75953666e+02  1.99526231e+03 -5.03818908e+00 
 2.15443469e+03  2.75938415e+02  2.15443469e+03 -5.43981090e+00 
 2.32630507e+03  2.75920637e+02  2.32630507e+03 -5.87339438e+00 
 2.51188643e+03  2.75899912e+02  2.51188643e+03 -6.34146918e+00 
 2.71227258e+03  2.75875752e+02  2.71227258e+03 -6.84676151e+00 
 2.92864456e+03  2.75847589e+02  2.92864456e+03 -7.39220857e+00 
 3.16227766e+03  2.75814761e+02  3.16227766e+03 -7.98097361e+00 
 3.41454887e+03  2.75776495e+02  3.41454887e+03 -8.61646192e+00 
 3.68694506e+03  2.75731895e+02  3.68694506e+03 -9.30233741e+00 
 3.98107171e+03  2.75679913e+02  3.98107171e+03 -1.00425399e+01 
 4.29866235e+03  2.75619330e+02  4.29866235e+03 -1.08413030e+01 
 4.64158883e+03  2.75548730e+02  4.64158883e+03 -1.17031722e+01 
 5.01187234e+03  2.75466463e+02  5.01187234e+03 -1.26330232e+01 
 5.41169527e+03  2.75370607e+02  5.41169527e+03 -1.36360796e+01 
 5.84341413e+03  2.75258932e+02  5.84341413e+03 -1.47179310e+01 
 6.30957344e+03  2.75128843e+02  6.30957344e+03 -1.58845482e+01 
 6.81292069e+03  2.74977325e+02  6.81292069e+03 -1.71422982e+01 
 7.35642254e+03  2.74800879e+02  7.35642254e+03 -1.84979547e+01 
 7.94328235e+03  2.74595444e+02  7.94328235e+03 -1.99587053e+01 
 8.57695899e+03  2.74356311e+02  8.57695899e+03 -2.15321531e+01 
 9.26118728e+03  2.74078028e+02  9.26118728e+03 -2.32263096e+01 
 1.00000000e+04  2.73754285e+02  1.00000000e+04 -2.50495789e+01 
 1.07977516e+04  2.73377792e+02  1.07977516e+04 -2.70107273e+01 
 1.16591440e+04  2.72940139e+02  1.16591440e+04 -2.91188375e+01 
 1.25892541e+04  2.72431639e+02  1.25892541e+04 -3.13832404e+01 
 1.35935639e+04  2.71841157e+02  1.35935639e+04 -3.38134213e+01 
 1.46779927e+04  2.71155929e+02  1.46779927e+04 -3.64188921e+01 
 1.58489319e+04  2.70361359e+02  1.58489319e+04 -3.92090237e+01 
 1.71132830e+04  2.69440816e+02  1.71132830e+04 -4.21928295e+01 
 1.84784980e+04  2.68375422e+02  1.84784980e+04 -4.53786897e+01 
 1.99526231e+04  2.67143850e+02  1.99526231e+04 -4.87740073e+01 
 2.15443469e+04  2.65722133e+02  2.15443469e+04 -5.23847835e+01 
 2.32630507e+04  2.64083515e+02  2.32630507e+04 -5.62151041e+01 
 2.51188643e+04  2.62198354e+02  2.51188643e+04 -6.02665250e+01 
 2.71227258e+04  2.60034107e+02  2.71227258e+04 -6.45373542e+01 
 2.92864456e+04  2.57555446e+02  2.92864456e+04 -6.90218269e+01 
 3.16227766e+04  2.54724526e+02  3.16227766e+04 -7.37091837e+01 
 3.41454887e+04  2.51501470e+02  3.41454887e+04 -7.85826714e+01 
 3.68694506e+04  2.47845112e+02  3.68694506e+04 -8.36185032e+01 
 3.98107171e+04  2.43714060e+02  3.98107171e+04 -8.87848344e+01 
 4.29866235e+04  2.39068107e+02  4.29866235e+04 -9.40408385e+01 
 4.64158883e+04  2.33870032e+02  4.64158883e+04 -9.93359885e+01 
 5.01187234e+04  2.28087766e+02  5.01187234e+04 -1.04609679e+02 
 5.41169527e+04  2.21696904e+02  5.41169527e+04 -1.09791341e+02 
 5.84341413e+04  2.14683416e+02  5.84341413e+04 -1.14801196e+02 
 6.30957344e+04  2.07046429e+02  6.30957344e+04 -1.19551802e+02 
 6.81292069e+04  1.98800800e+02  6.81292069e+04 -1.23950465e+02 
 7.35642254e+04  1.89979210e+02  7.35642254e+04 -1.27902533e+02 
 7.94328235e+04  1.80633451e+02  7.94328235e+04 -1.31315469e+02 
 8.57695899e+04  1.70834592e+02  8.57695899e+04 -1.34103479e+02 
 9.26118728e+04  1.60671818e+02  9.26118728e+04 -1.36192329e+02 
 1.00000000e+05  1.50249833e+02  1.00000000e+05 -1.37523905e+02 
 1.07977516e+05  1.39684924e+02  1.07977516e+05 -1.38060031e+02 
 1.16591440e+05  1.29099950e+02  1.16591440e+05 -1.37785084e+02 
 1.25892541e+05  1.18618703e+02  1.25892541e+05 -1.36707095e+02 
 1.35935639e+05  1.08360181e+02  1.35935639e+05 -1.34857178e+02 
 1.46779927e+05  9.84333139e+01  1.46779927e+05 -1.32287381e+02 
 1.58489319e+05  8.89326470e+01  1.58489319e+05 -1.29067206e+02 
 1.71132830e+05  7.99352924e+01  1.71132830e+05 -1.25279242e+02 
 1.84784980e+05  7.14993048e+01  1.84784980e+05 -1.21014372e+02 
 1.99526231e+05  6.36634411e+01  1.99526231e+05 -1.16367042e+02 
 2.15443469e+05  5.64481153e+01  2.15443469e+05 -1.11430980e+02 
 2.32630507e+05  4.98572649e+01  2.32630507e+05 -1.06295630e+02 
 2.51188643e+05  4.38808082e+01  2.51188643e+05 -1.01043453e+02 
 2.71227258e+05  3.84973830e+01  2.71227258e+05 -9.57481069e+01 
 2.92864456e+05  3.36771080e+01  2.92864456e+05 -9.04734546e+01 
 3.16227766e+05  2.93841700e+01  3.16227766e+05 -8.52732544e+01 
 3.41454887e+05  2.55791108e+01  3.41454887e+05 -8.01913984e+01 
 3.68694506e+05  2.22207478e+01  3.68694506e+05 -7.52625363e+01 
 3.98107171e+05  1.92677102e+01  3.98107171e+05 -7.05129465e+01 
 4.29866235e+05  1.66796094e+01  4.29866235e+05 -6.59615379e+01 
 4.64158883e+05  1.44178800e+01  4.64158883e+05 -6.16208921e+01 
 5.01187234e+05  1.24463421e+01  5.01187234e+05 -5.74982806e+01 
 5.41169527e+05  1.07315361e+01  5.41169527e+05 -5.35966148e+01 
 5.84341413e+05  9.24288005e+00  5.84341413e+05 -4.99153032e+01 
 6.30957344e+05  7.95269279e+00  6.30957344e+05 -4.64510043e+01 
 6.81292069e+05  6.83612226e+00  6.81292069e+05 -4.31982741e+01 
 7.35642254e+05  5.87100816e+00  7.35642254e+05 -4.01501113e+01 
 7.94328235e+05  5.03770397e+00  7.94328235e+05 -3.72984098e+01 
 8.57695899e+05  4.31887642e+00  8.57695899e+05 -3.46343273e+01 
 9.26118728e+05  3.69929620e+00  9.26118728e+05 -3.21485816e+01 
 1.00000000e+06  3.16562947e+00  1.00000000e+06 -2.98316857e+01 
 1.07977516e+06  2.70623679e+00  1.07977516e+06 -2.76741299e+01 
 1.16591440e+06  2.31098362e+00  1.16591440e+06 -2.56665214e+01 
 1.25892541e+06  1.97106492e+00  1.25892541e+06 -2.37996887e+01 
 1.35935639e+06  1.67884492e+00  1.35935639e+06 -2.20647571e+01 
 1.46779927e+06  1.42771229e+00  1.46779927e+06 -2.04532014e+01 
 1.58489319e+06  1.21195051e+00  1.58489319e+06 -1.89568808e+01 
 1.71132830e+06  1.02662244e+00  1.71132830e+06 -1.75680589e+01 
 1.84784980e+06  8.67468337e-01  1.84784980e+06 -1.62794135e+01 
 1.99526231e+06  7.30815986e-01  1.99526231e+06 -1.50840375e+01 
 2.15443469e+06  6.13501997e-01  2.15443469e+06 -1.39754334e+01 
 2.32630507e+06  5.12802995e-01  2.32630507e+06 -1.29475035e+01 
 2.51188643e+06  4.26375663e-01  2.51188643e+06 -1.19945364e+01 
 2.71227258e+06  3.52204636e-01  2.71227258e+06 -1.11111919e+01 
 2.92864456e+06  2.88557277e-01  2.92864456e+06 -1.02924833e+01 
 3.16227766e+06  2.33944525e-01  3.16227766e+06 -9.53376006e+00 
 3.41454887e+06  1.87087024e-01  3.41454887e+06 -8.83068938e+00 
 3.68694506e+06  1.46885862e-01  3.68694506e+06 -8.17923794e+00 
 3.98107171e+06  1.12397335e-01  3.98107171e+06 -7.57565402e+00 
 4.29866235e+06  8.28111722e-02  4.29866235e+06 -7.01645001e+00 
 4.64158883e+06  5.74317902e-02  4.64158883e+06 -6.49838552e+00 
 5.01187234e+06  3.56621488e-02  5.01187234e+06 -6.01845125e+00 
 5.41169527e+06  1.69898600e-02  5.41169527e+06 -5.57385360e+00 
 5.84341413e+06  9.75242408e-04  5.84341413e+06 -5.16200002e+00 
 6.30957344e+06 -1.27589482e-02  6.30957344e+06 -4.78048524e+00 
 6.81292069e+06 -2.45363439e-02  6.81292069e+06 -4.42707827e+00 
 7.35642254e+06 -3.46345452e-02  7.35642254e+06 -4.09971015e+00 
 7.94328235e+06 -4.32916309e-02  7.94328235e+06 -3.79646256e+00 
 8.57695899e+06 -5.07117467e-02  8.57695899e+06 -3.51555705e+00 
 9.26118728e+06 -5.70699013e-02  9.26118728e+06 -3.25534505e+00 
 1.00000000e+07 -6.25160812e-02  1.00000000e+07 -3.01429855e+00 
 1.07977516e+07 -6.71787796e-02  1.07977516e+07 -2.79100136e+00 
 1.16591440e+07 -7.11680209e-02  1.16591440e+07 -2.58414100e+00 
 1.25892541e+07 -7.45779525e-02  1.25892541e+07 -2.39250120e+00 
 1.35935639e+07 -7.74890645e-02  1.35935639e+07 -2.21495485e+00 
 1.46779927e+07 -7.99700871e-02  1.46779927e+07 -2.05045750e+00 
 1.58489319e+07 -8.20796141e-02  1.58489319e+07 -1.89804130e+00 
 1.71132830e+07 -8.38674872e-02  1.71132830e+07 -1.75680938e+00 
 1.84784980e+07 -8.53759762e-02  1.84784980e+07 -1.62593067e+00 
 1.99526231e+07 -8.66407824e-02  1.99526231e+07 -1.50463503e+00 
 2.15443469e+07 -8.76918887e-02  2.15443469e+07 -1.39220882e+00 
 2.32630507e+07 -8.85542794e-02  2.32630507e+07 -1.28799071e+00 
 2.51188643e+07 -8.92485444e-02  2.51188643e+07 -1.19136788e+00 
 2.71227258e+07 -8.97913861e-02  2.71227258e+07 -1.10177249e+00 
 2.92864456e+07 -9.01960415e-02  2.92864456e+07 -1.01867836e+00 
 3.16227766e+07 -9.04726312e-02  3.16227766e+07 -9.41598026e-01 
 3.41454887e+07 -9.06284480e-02  3.41454887e+07 -8.70079905e-01 
 3.68694506e+07 -9.06681936e-02  3.68694506e+07 -8.03705803e-01 
 3.98107171e+07 -9.05941759e-02  3.98107171e+07 -7.42088567e-01 
 4.29866235e+07 -9.04064756e-02  4.29866235e+07 -6.84869976e-01 
 4.64158883e+07 -9.01030944e-02  4.64158883e+07 -6.31718821e-01 
 5.01187234e+07 -8.96800978e-02  5.01187234e+07 -5.82329170e-01 
 5.41169527e+07 -8.91317644e-02  5.41169527e+07 -5.36418815e-01 
 5.84341413e+07 -8.84507597e-02  5.84341413e+07 -4.93727885e-01 
 6.30957344e+07 -8.76283499e-02  6.30957344e+07 -4.54017608e-01 
 6.81292069e+07 -8.66546751e-02  6.81292069e+07 -4.17069209e-01 
 7.35642254e+07 -8.55191005e-02  7.35642254e+07 -3.82682928e-01 
 7.94328235e+07 -8.42106637e-02  7.94328235e+07 -3.50677115e-01 
 8.57695899e+07 -8.27186318e-02  8.57695899e+07 -3.20887374e-01 
 9.26118728e+07 -8.10331741e-02  9.26118728e+07 -2.93165710e-01 
 1.00000000e+08 -7.91461482e-02  1.00000000e+08 -2.67379632e-01 
 1.07977516e+08 -7.70519752e-02  1.07977516e+08 -2.43411144e-01 
 1.16591440e+08 -7.47485669e-02  1.16591440e+08 -2.21155581e-01 
 1.25892541e+08 -7.22382388e-02  1.25892541e+08 -2.00520244e-01 
 1.35935639e+08 -6.95285273e-02  1.35935639e+08 -1.81422795e-01 
 1.46779927e+08 -6.66328096e-02  1.46779927e+08 -1.63789439e-01 
 1.58489319e+08 -6.35706238e-02  1.58489319e+08 -1.47552912e-01 
 1.71132830e+08 -6.03675976e-02  1.71132830e+08 -1.32650374e-01 
 1.84784980e+08 -5.70549250e-02  1.84784980e+08 -1.19021334e-01 
 1.99526231e+08 -5.36683808e-02  1.99526231e+08 -1.06605744e-01 
 2.15443469e+08 -5.02469214e-02  2.15443469e+08 -9.53424257e-02 
 2.32630507e+08 -4.68309797e-02  2.32630507e+08 -8.51679615e-02 
 2.51188643e+08 -4.34606126e-02  2.51188643e+08 -7.60161337e-02 
 2.71227258e+08 -4.01736795e-02  2.71227258e+08 -6.78179292e-02 
 2.92864456e+08 -3.70042276e-02  2.92864456e+08 -6.05020637e-02 
 3.16227766e+08 -3.39812268e-02  3.16227766e+08 -5.39959169e-02 
 3.41454887e+08 -3.11277396e-02  3.41454887e+08 -4.82267286e-02 
 3.68694506e+08 -2.84605548e-02  3.68694506e+08 -4.31228972e-02 
 3.98107171e+08 -2.59902533e-02  3.98107171e+08 -3.86152327e-02 
 4.29866235e+08 -2.37216319e-02  4.29866235e+08 -3.46380472e-02 
 4.64158883e+08 -2.16543880e-02  4.64158883e+08 -3.11300081e-02 
 5.01187234e+08 -1.97839604e-02  5.01187234e+08 -2.80347211e-02 
 5.41169527e+08 -1.81024300e-02  5.41169527e+08 -2.53010449e-02 
 5.84341413e+08 -1.65994036e-02  5.84341413e+08 -2.28831659e-02 
 6.30957344e+08 -1.52628253e-02  6.30957344e+08 -2.07404768e-02 
 6.81292069e+08 -1.40796799e-02  6.81292069e+08 -1.88373078e-02 
 7.35642254e+08 -1.30365743e-02  7.35642254e+08 -1.71425596e-02 
 7.94328235e+08 -1.21201955e-02  7.94328235e+08 -1.56292787e-02 
 8.57695899e+08 -1.13176520e-02  8.57695899e+08 -1.42742112e-02 
 9.26118728e+08 -1.06167146e-02  9.26118728e+08 -1.30573593e-02 
 1.00000000e+09 -1.00059715e-02  1.00000000e+09 -1.19615596e-02 
 1.07977516e+09 -9.47491547e-03  1.07977516e+09 -1.09720939e-02 
 1.16591440e+09 -9.01397775e-03  1.16591440e+09 -1.00763386e-02 
 1.25892541e+09 -8.61452368e-03  1.25892541e+09 -9.26345429e-03 
 1.35935639e+09 -8.26882049e-03  1.35935639e+09 -8.52411632e-03 
 1.46779927e+09 -7.96998698e-03  1.46779927e+09 -7.85028205e-03 
 1.58489319e+09 -7.71193248e-03  1.58489319e+09 -7.23499300e-03 
 1.71132830e+09 -7.48929015e-03  1.71132830e+09 -6.67220718e-03 
 1.84784980e+09 -7.29734894e-03  1.84784980e+09 -6.15665805e-03 
 1.99526231e+09 -7.13198673e-03  1.99526231e+09 -5.68373629e-03 
 2.15443469e+09 -6.98960658e-03  2.15443469e+09 -5.24939090e-03 
 2.32630507e+09 -6.86707713e-03  2.32630507e+09 -4.85004663e-03 
 2.51188643e+09 -6.76167779e-03  2.51188643e+09 -4.48253505e-03 
 2.71227258e+09 -6.67104892e-03  2.71227258e+09 -4.14403695e-03 
 2.92864456e+09 -6.59314698e-03  2.92864456e+09 -3.83203419e-03 
 3.16227766e+09 -6.52620445e-03  3.16227766e+09 -3.54426930e-03 
 3.41454887e+09 -6.46869428e-03  3.41454887e+09 -3.27871159e-03 
 3.68694506e+09 -6.41929841e-03  3.68694506e+09 -3.03352853e-03 
 3.98107171e+09 -6.37688016e-03  3.98107171e+09 -2.80706156e-03 
 4.29866235e+09 -6.34045998e-03  4.29866235e+09 -2.59780559e-03 
 4.64158883e+09 -6.30919425e-03  4.64158883e+09 -2.40439143e-03 
 5.01187234e+09 -6.28235683e-03  5.01187234e+09 -2.22557086e-03 
 5.41169527e+09 -6.25932304e-03  5.41169527e+09 -2.06020365e-03 
 5.84341413e+09 -6.23955562e-03  5.84341413e+09 -1.90724642e-03 
 6.30957344e+09 -6.22259277e-03  6.30957344e+09 -1.76574296e-03 
 6.81292069e+09 -6.20803757e-03  6.81292069e+09 -1.63481572e-03 
 7.35642254e+09 -6.19554905e-03  7.35642254e+09 -1.51365837e-03 
 7.94328235e+09 -6.18483432e-03  7.94328235e+09 -1.40152926e-03 
 8.57695899e+09 -6.17564184e-03  8.57695899e+09 -1.29774560e-03 
 9.26118728e+09 -6.16775566e-03  9.26118728e+09 -1.20167826e-03 
 1.00000000e+10 -6.16099035e-03  1.00000000e+10 -1.11274715e-03 
