 1.00000000e+00  2.79897356e+02  1.00000000e+00 -4.11494701e-03 
 1.07977516e+00  2.79897356e+02  1.07977516e+00 -4.44321758e-03 
 1.16591440e+00  2.79897356e+02  1.16591440e+00 -4.79767598e-03 
 1.25892541e+00  2.79897356e+02  1.25892541e+00 -5.18041136e-03 
 1.35935639e+00  2.79897356e+02  1.35935639e+00 -5.59367952e-03 
 1.46779927e+00  2.79897356e+02  1.46779927e+00 -6.03991621e-03 
 1.58489319e+00  2.79897356e+02  1.58489319e+00 -6.52175151e-03 
 1.71132830e+00  2.79897356e+02  1.71132830e+00 -7.04202529e-03 
 1.84784980e+00  2.79897356e+02  1.84784980e+00 -7.60380400e-03 
 1.99526231e+00  2.79897356e+02  1.99526231e+00 -8.21039870e-03 
 2.15443469e+00  2.79897356e+02  2.15443469e+00 -8.86538459e-03 
 2.32630507e+00  2.79897356e+02  2.32630507e+00 -9.57262208e-03 
 2.51188643e+00  2.79897356e+02  2.51188643e+00 -1.03362796e-02 
 2.71227258e+00  2.79897356e+02  2.71227258e+00 -1.11608579e-02 
 2.92864456e+00  2.79897356e+02  2.92864456e+00 -1.20512172e-02 
 3.16227766e+00  2.79897356e+02  3.16227766e+00 -1.30126050e-02 
 3.41454887e+00  2.79897356e+02  3.41454887e+00 -1.40506877e-02 
 3.68694506e+00  2.79897356e+02  3.68694506e+00 -1.51715835e-02 
 3.98107171e+00  2.79897355e+02  3.98107171e+00 -1.63818991e-02 
 4.29866235e+00  2.79897355e+02  4.29866235e+00 -1.76887677e-02 
 4.64158883e+00  2.79897355e+02  4.64158883e+00 -1.90998920e-02 
 5.01187234e+00  2.79897355e+02  5.01187234e+00 -2.06235890e-02 
 5.41169527e+00  2.79897355e+02  5.41169527e+00 -2.22688391e-02 
 5.84341413e+00  2.79897354e+02  5.84341413e+00 -2.40453394e-02 
 6.30957344e+00  2.79897354e+02  6.30957344e+00 -2.59635602e-02 
 6.81292069e+00  2.79897354e+02  6.81292069e+00 -2.80348074e-02 
 7.35642254e+00  2.79897353e+02  7.35642254e+00 -3.02712886e-02 
 7.94328235e+00  2.79897353e+02  7.94328235e+00 -3.26861855e-02 
 8.57695899e+00  2.79897352e+02  8.57695899e+00 -3.52937312e-02 
 9.26118728e+00  2.79897351e+02  9.26118728e+00 -3.81092942e-02 
 1.00000000e+01  2.79897350e+02  1.00000000e+01 -4.11494693e-02 
 1.07977516e+01  2.79897349e+02  1.07977516e+01 -4.44321747e-02 
 1.16591440e+01  2.79897348e+02  1.16591440e+01 -4.79767584e-02 
 1.25892541e+01  2.79897347e+02  1.25892541e+01 -5.18041119e-02 
 1.35935639e+01  2.79897345e+02  1.35935639e+01 -5.59367930e-02 
 1.46779927e+01  2.79897343e+02  1.46779927e+01 -6.03991593e-02 
 1.58489319e+01  2.79897341e+02  1.58489319e+01 -6.52175116e-02 
 1.71132830e+01  2.79897339e+02  1.71132830e+01 -7.04202485e-02 
 1.84784980e+01  2.79897336e+02  1.84784980e+01 -7.60380345e-02 
 1.99526231e+01  2.79897332e+02  1.99526231e+01 -8.21039800e-02 
 2.15443469e+01  2.79897328e+02  2.15443469e+01 -8.86538371e-02 
 2.32630507e+01  2.79897324e+02  2.32630507e+01 -9.57262097e-02 
 2.51188643e+01  2.79897318e+02  2.51188643e+01 -1.03362782e-01 
 2.71227258e+01  2.79897312e+02  2.71227258e+01 -1.11608562e-01 
 2.92864456e+01  2.79897304e+02  2.92864456e+01 -1.20512150e-01 
 3.16227766e+01  2.79897296e+02  3.16227766e+01 -1.30126022e-01 
 3.41454887e+01  2.79897286e+02  3.41454887e+01 -1.40506842e-01 
 3.68694506e+01  2.79897274e+02  3.68694506e+01 -1.51715791e-01 
 3.98107171e+01  2.79897261e+02  3.98107171e+01 -1.63818935e-01 
 4.29866235e+01  2.79897245e+02  4.29866235e+01 -1.76887607e-01 
 4.64158883e+01  2.79897226e+02  4.64158883e+01 -1.90998832e-01 
 5.01187234e+01  2.79897204e+02  5.01187234e+01 -2.06235779e-01 
 5.41169527e+01  2.79897179e+02  5.41169527e+01 -2.22688252e-01 
 5.84341413e+01  2.79897150e+02  5.84341413e+01 -2.40453218e-01 
 6.30957344e+01  2.79897116e+02  6.30957344e+01 -2.59635381e-01 
 6.81292069e+01  2.79897076e+02  6.81292069e+01 -2.80347795e-01 
 7.35642254e+01  2.79897029e+02  7.35642254e+01 -3.02712536e-01 
 7.94328235e+01  2.79896975e+02  7.94328235e+01 -3.26861414e-01 
 8.57695899e+01  2.79896911e+02  8.57695899e+01 -3.52936757e-01 
 9.26118728e+01  2.79896838e+02  9.26118728e+01 -3.81092243e-01 
 1.00000000e+02  2.79896752e+02  1.00000000e+02 -4.11493813e-01 
 1.07977516e+02  2.79896651e+02  1.07977516e+02 -4.44320639e-01 
 1.16591440e+02  2.79896534e+02  1.16591440e+02 -4.79766190e-01 
 1.25892541e+02  2.79896398e+02  1.25892541e+02 -5.18039363e-01 
 1.35935639e+02  2.79896239e+02  1.35935639e+02 -5.59365719e-01 
 1.46779927e+02  2.79896053e+02  1.46779927e+02 -6.03988811e-01 
 1.58489319e+02  2.79895837e+02  1.58489319e+02 -6.52171612e-01 
 1.71132830e+02  2.79895585e+02  1.71132830e+02 -7.04198075e-01 
 1.84784980e+02  2.79895291e+02  1.84784980e+02 -7.60374792e-01 
 1.99526231e+02  2.79894949e+02  1.99526231e+02 -8.21032810e-01 
 2.15443469e+02  2.79894549e+02  2.15443469e+02 -8.86529571e-01 
 2.32630507e+02  2.79894083e+02  2.32630507e+02 -9.57251019e-01 
 2.51188643e+02  2.79893540e+02  2.51188643e+02 -1.03361387e+00 
 2.71227258e+02  2.79892907e+02  2.71227258e+02 -1.11606806e+00 
 2.92864456e+02  2.79892169e+02  2.92864456e+02 -1.20509939e+00 
 3.16227766e+02  2.79891309e+02  3.16227766e+02 -1.30123239e+00 
 3.41454887e+02  2.79890305e+02  3.41454887e+02 -1.40503338e+00 
 3.68694506e+02  2.79889135e+02  3.68694506e+02 -1.51711381e+00 
 3.98107171e+02  2.79887771e+02  3.98107171e+02 -1.63813383e+00 
 4.29866235e+02  2.79886181e+02  4.29866235e+02 -1.76880618e+00 
 4.64158883e+02  2.79884327e+02  4.64158883e+02 -1.90990033e+00 
 5.01187234e+02  2.79882166e+02  5.01187234e+02 -2.06224701e+00 
 5.41169527e+02  2.79879645e+02  5.41169527e+02 -2.22674306e+00 
 5.84341413e+02  2.79876707e+02  5.84341413e+02 -2.40435661e+00 
 6.30957344e+02  2.79873281e+02  6.30957344e+02 -2.59613278e+00 
 6.81292069e+02  2.79869287e+02  6.81292069e+02 -2.80319970e+00 
 7.35642254e+02  2.79864631e+02  7.35642254e+02 -3.02677507e+00 
 7.94328235e+02  2.79859202e+02  7.94328235e+02 -3.26817316e+00 
 8.57695899e+02  2.79852872e+02  8.57695899e+02 -3.52881242e+00 
 9.26118728e+02  2.79845493e+02  9.26118728e+02 -3.81022356e+00 
 1.00000000e+03  2.79836890e+02  1.00000000e+03 -4.11405832e+00 
 1.07977516e+03  2.79826861e+02  1.07977516e+03 -4.44209882e+00 
 1.16591440e+03  2.79815168e+02  1.16591440e+03 -4.79626761e+00 
 1.25892541e+03  2.79801536e+02  1.25892541e+03 -5.17863841e+00 
 1.35935639e+03  2.79785645e+02  1.35935639e+03 -5.59144763e+00 
 1.46779927e+03  2.79767119e+02  1.46779927e+03 -6.03710662e+00 
 1.58489319e+03  2.79745522e+02  1.58489319e+03 -6.51821471e+00 
 1.71132830e+03  2.79720347e+02  1.71132830e+03 -7.03757313e+00 
 1.84784980e+03  2.79691000e+02  1.84784980e+03 -7.59819965e+00 
 1.99526231e+03  2.79656792e+02  1.99526231e+03 -8.20334410e+00 
 2.15443469e+03  2.79616919e+02  2.15443469e+03 -8.85650464e+00 
 2.32630507e+03  2.79570444e+02  2.32630507e+03 -9.56144475e+00 
 2.51188643e+03  2.79516279e+02  2.51188643e+03 -1.03222109e+01 
 2.71227258e+03  2.79453153e+02  2.71227258e+03 -1.11431505e+01 
 2.92864456e+03  2.79379589e+02  2.92864456e+03 -1.20289307e+01 
 3.16227766e+03  2.79293869e+02  3.16227766e+03 -1.29845566e+01 
 3.41454887e+03  2.79193994e+02  3.41454887e+03 -1.40153894e+01 
 3.68694506e+03  2.79077637e+02  3.68694506e+03 -1.51271642e+01 
 3.98107171e+03  2.78942098e+02  3.98107171e+03 -1.63260056e+01 
 4.29866235e+03  2.78784237e+02  4.29866235e+03 -1.76184418e+01 
 4.64158883e+03  2.78600410e+02  4.64158883e+03 -1.90114153e+01 
 5.01187234e+03  2.78386389e+02  5.01187234e+03 -2.05122889e+01 
 5.41169527e+03  2.78137274e+02  5.41169527e+03 -2.21288460e+01 
 5.84341413e+03  2.77847389e+02  5.84341413e+03 -2.38692821e+01 
 6.30957344e+03  2.77510170e+02  6.30957344e+03 -2.57421861e+01 
 6.81292069e+03  2.77118033e+02  6.81292069e+03 -2.77565076e+01 
 7.35642254e+03  2.76662232e+02  7.35642254e+03 -2.99215061e+01 
 7.94328235e+03  2.76132695e+02  7.94328235e+03 -3.22466780e+01 
 8.57695899e+03  2.75517854e+02  8.57695899e+03 -3.47416557e+01 
 9.26118728e+03  2.74804449e+02  9.26118728e+03 -3.74160714e+01 
 1.00000000e+04  2.73977329e+02  1.00000000e+04 -4.02793794e+01 
 1.07977516e+04  2.73019241e+02  1.07977516e+04 -4.33406258e+01 
 1.16591440e+04  2.71910617e+02  1.16591440e+04 -4.66081582e+01 
 1.25892541e+04  2.70629366e+02  1.25892541e+04 -5.00892625e+01 
 1.35935639e+04  2.69150696e+02  1.35935639e+04 -5.37897178e+01 
 1.46779927e+04  2.67446960e+02  1.46779927e+04 -5.77132568e+01 
 1.58489319e+04  2.65487577e+02  1.58489319e+04 -6.18609259e+01 
 1.71132830e+04  2.63239036e+02  1.71132830e+04 -6.62303361e+01 
 1.84784980e+04  2.60665036e+02  1.84784980e+04 -7.08148094e+01 
 1.99526231e+04  2.57726796e+02  1.99526231e+04 -7.56024278e+01 
 2.15443469e+04  2.54383587e+02  2.15443469e+04 -8.05750095e+01 
 2.32630507e+04  2.50593543e+02  2.32630507e+04 -8.57070525e+01 
 2.51188643e+04  2.46314792e+02  2.51188643e+04 -9.09647078e+01 
 2.71227258e+04  2.41506968e+02  2.71227258e+04 -9.63048704e+01 
 2.92864456e+04  2.36133091e+02  2.92864456e+04 -1.01674502e+02 
 3.16227766e+04  2.30161842e+02  3.16227766e+04 -1.07010327e+02 
 3.41454887e+04  2.23570147e+02  3.41454887e+04 -1.12239049e+02 
 3.68694506e+04  2.16345960e+02  3.68694506e+04 -1.17278256e+02 
 3.98107171e+04  2.08491063e+02  3.98107171e+04 -1.22038134e+02 
 4.29866235e+04  2.00023610e+02  4.29866235e+04 -1.26424075e+02 
 4.64158883e+04  1.90980131e+02  4.64158883e+04 -1.30340175e+02 
 5.01187234e+04  1.81416651e+02  5.01187234e+04 -1.33693475e+02 
 5.41169527e+04  1.71408634e+02  5.41169527e+04 -1.36398726e+02 
 5.84341413e+04  1.61049550e+02  5.84341413e+04 -1.38383258e+02 
 6.30957344e+04  1.50447984e+02  6.30957344e+04 -1.39591506e+02 
 6.81292069e+04  1.39723424e+02  6.81292069e+04 -1.39988693e+02 
 7.35642254e+04  1.29001037e+02  7.35642254e+04 -1.39563228e+02 
 7.94328235e+04  1.18405886e+02  7.94328235e+04 -1.38327525e+02 
 8.57695899e+04  1.08057167e+02  8.57695899e+04 -1.36317124e+02 
 9.26118728e+04  9.80630081e+01  9.26118728e+04 -1.33588247e+02 
 1.00000000e+05  8.85162966e+01  1.00000000e+05 -1.30214076e+02 
 1.07977516e+05  7.94918438e+01  1.07977516e+05 -1.26280209e+02 
 1.16591440e+05  7.10449966e+01  1.16591440e+05 -1.21879779e+02 
 1.25892541e+05  6.32116270e+01  1.25892541e+05 -1.17108718e+02 
 1.35935639e+05  5.60092887e+01  1.35935639e+05 -1.12061518e+02 
 1.46779927e+05  4.94392407e+01  1.46779927e+05 -1.06827778e+02 
 1.58489319e+05  4.34890110e+01  1.58489319e+05 -1.01489618e+02 
 1.71132830e+05  3.81351957e+01  1.71132830e+05 -9.61200006e+01 
 1.84784980e+05  3.33462392e+01  1.84784980e+05 -9.07818493e+01 
 1.99526231e+05  2.90850109e+01  1.99526231e+05 -8.55278522e+01 
 2.15443469e+05  2.53110605e+01  2.15443469e+05 -8.04007822e+01 
 2.32630507e+05  2.19824960e+01  2.32630507e+05 -7.54341847e+01 
 2.51188643e+05  1.90574730e+01  2.51188643e+05 -7.06532920e+01 
 2.71227258e+05  1.64953181e+01  2.71227258e+05 -6.60760525e+01 
 2.92864456e+05  1.42573277e+01  2.92864456e+05 -6.17141870e+01 
 3.16227766e+05  1.23072926e+01  3.16227766e+05 -5.75742103e+01 
 3.41454887e+05  1.06118024e+01  3.41454887e+05 -5.36583792e+01 
 3.68694506e+05  9.14037689e+00  3.68694506e+05 -4.99655431e+01 
 3.98107171e+05  7.86547028e+00  3.98107171e+05 -4.64918885e+01 
 4.29866235e+05  6.76238433e+00  4.29866235e+05 -4.32315760e+01 
 4.64158883e+05  5.80912019e+00  4.64158883e+05 -4.01772761e+01 
 5.01187234e+05  4.98619257e+00  5.01187234e+05 -3.73206115e+01 
 5.41169527e+05  4.27642401e+00  5.41169527e+05 -3.46525173e+01 
 5.84341413e+05  3.66473222e+00  5.84341413e+05 -3.21635296e+01 
 6.30957344e+05  3.13791957e+00  6.30957344e+05 -2.98440134e+01 
 6.81292069e+05  2.68447112e+00  6.81292069e+05 -2.76843388e+01 
 7.35642254e+05  2.29436488e+00  7.35642254e+05 -2.56750158e+01 
 7.94328235e+05  1.95889667e+00  7.94328235e+05 -2.38067944e+01 
 8.57695899e+05  1.67052044e+00  8.57695899e+05 -2.20707366e+01 
 9.26118728e+05  1.42270427e+00  9.26118728e+05 -2.04582664e+01 
 1.00000000e+06  1.20980150e+00  1.00000000e+06 -1.89612020e+01 
 1.07977516e+06  1.02693628e+00  1.07977516e+06 -1.75717743e+01 
 1.16591440e+06  8.69902385e-01  1.16591440e+06 -1.62826348e+01 
 1.25892541e+06  7.35074275e-01  1.25892541e+06 -1.50868550e+01 
 1.35935639e+06  6.19329114e-01  1.35935639e+06 -1.39779207e+01 
 1.46779927e+06  5.19978714e-01  1.46779927e+06 -1.29497206e+01 
 1.58489319e+06  4.34710234e-01  1.58489319e+06 -1.19965326e+01 
 1.71132830e+06  3.61534657e-01  1.71132830e+06 -1.11130075e+01 
 1.84784980e+06  2.98742111e-01  1.84784980e+06 -1.02941520e+01 
 1.99526231e+06  2.44863168e-01  1.99526231e+06 -9.53530979e+00 
 2.15443469e+06  1.98635393e-01  2.15443469e+06 -8.83214377e+00 
 2.32630507e+06  1.58974448e-01  2.32630507e+06 -8.18061705e+00 
 2.51188643e+06  1.24949161e-01  2.51188643e+06 -7.57697511e+00 
 2.71227258e+06  9.57600406e-02  2.71227258e+06 -7.01772811e+00 
 2.92864456e+06  7.07207581e-02  2.92864456e+06 -6.49963392e+00 
 3.16227766e+06  4.92422163e-02  3.16227766e+06 -6.01968190e+00 
 3.41454887e+06  3.08188361e-02  3.41454887e+06 -5.57507735e+00 
 3.68694506e+06  1.50167661e-02  3.68694506e+06 -5.16322696e+00 
 3.98107171e+06  1.46374611e-03  3.98107171e+06 -4.78172486e+00 
 4.29866235e+06 -1.01596033e-02  4.29866235e+06 -4.42833964e+00 
 4.64158883e+06 -2.01272634e-02  4.64158883e+06 -4.10100210e+00 
 5.01187234e+06 -2.86742433e-02  5.01187234e+06 -3.79779377e+00 
 5.41169527e+06 -3.60020975e-02  5.41169527e+06 -3.51693618e+00 
 5.84341413e+06 -4.22836612e-02  5.84341413e+06 -3.25678082e+00 
 6.30957344e+06 -4.76671148e-02  6.30957344e+06 -3.01579983e+00 
 6.81292069e+06 -5.22794696e-02  6.81292069e+06 -2.79257723e+00 
 7.35642254e+06 -5.62295581e-02  7.35642254e+06 -2.58580085e+00 
 7.94328235e+06 -5.96105969e-02  7.94328235e+06 -2.39425476e+00 
 8.57695899e+06 -6.25023835e-02  8.57695899e+06 -2.21681226e+00 
 9.26118728e+06 -6.49731774e-02  9.26118728e+06 -2.05242934e+00 
 1.00000000e+07 -6.70813099e-02  1.00000000e+07 -1.90013865e+00 
 1.07977516e+07 -6.88765611e-02  1.07977516e+07 -1.75904388e+00 
 1.16591440e+07 -7.04013360e-02  1.16591440e+07 -1.62831450e+00 
 1.25892541e+07 -7.16916669e-02  1.25892541e+07 -1.50718098e+00 
 1.35935639e+07 -7.27780671e-02  1.35935639e+07 -1.39493026e+00 
 1.46779927e+07 -7.36862565e-02  1.46779927e+07 -1.29090163e+00 
 1.58489319e+07 -7.44377742e-02  1.58489319e+07 -1.19448284e+00 
 1.71132830e+07 -7.50504965e-02  1.71132830e+07 -1.10510658e+00 
 1.84784980e+07 -7.55390708e-02  1.84784980e+07 -1.02224716e+00 
 1.99526231e+07 -7.59152778e-02  1.99526231e+07 -9.45417470e-01 
 2.15443469e+07 -7.61883310e-02  2.15443469e+07 -8.74166162e-01 
 2.32630507e+07 -7.63651240e-02  2.32630507e+07 -8.08075075e-01 
 2.51188643e+07 -7.64504318e-02  2.51188643e+07 -7.46756839e-01 
 2.71227258e+07 -7.64470750e-02  2.71227258e+07 -6.89852696e-01 
 2.92864456e+07 -7.63560542e-02  2.92864456e+07 -6.37030493e-01 
 3.16227766e+07 -7.61766632e-02  3.16227766e+07 -5.87982862e-01 
 3.41454887e+07 -7.59065880e-02  3.41454887e+07 -5.42425561e-01 
 3.68694506e+07 -7.55420030e-02  3.68694506e+07 -5.00095976e-01 
 3.98107171e+07 -7.50776741e-02  3.98107171e+07 -4.60751780e-01 
 4.29866235e+07 -7.45070815e-02  4.29866235e+07 -4.24169727e-01 
 4.64158883e+07 -7.38225755e-02  4.64158883e+07 -3.90144585e-01 
 5.01187234e+07 -7.30155809e-02  5.01187234e+07 -3.58488179e-01 
 5.41169527e+07 -7.20768657e-02  5.41169527e+07 -3.29028541e-01 
 5.84341413e+07 -7.09968884e-02  5.84341413e+07 -3.01609135e-01 
 6.30957344e+07 -6.97662370e-02  6.30957344e+07 -2.76088127e-01 
 6.81292069e+07 -6.83761669e-02  6.81292069e+07 -2.52337672e-01 
 7.35642254e+07 -6.68192349e-02  7.35642254e+07 -2.30243162e-01 
 7.94328235e+07 -6.50900168e-02  7.94328235e+07 -2.09702408e-01 
 8.57695899e+07 -6.31858762e-02  8.57695899e+07 -1.90624687e-01 
 9.26118728e+07 -6.11077375e-02  9.26118728e+07 -1.72929633e-01 
 1.00000000e+08 -5.88607944e-02  1.00000000e+08 -1.56545933e-01 
 1.07977516e+08 -5.64550731e-02  1.07977516e+08 -1.41409831e-01 
 1.16591440e+08 -5.39057625e-02  1.16591440e+08 -1.27463469e-01 
 1.25892541e+08 -5.12332304e-02  1.25892541e+08 -1.14653120e-01 
 1.35935639e+08 -4.84626690e-02  1.35935639e+08 -1.02927429e-01 
 1.46779927e+08 -4.56233487e-02  1.46779927e+08 -9.22357621e-02 
 1.58489319e+08 -4.27475113e-02  1.58489319e+08 -8.25268107e-02 
 1.71132830e+08 -3.98689817e-02  1.71132830e+08 -7.37475648e-02 
 1.84784980e+08 -3.70216232e-02  1.84784980e+08 -6.58427327e-02 
 1.99526231e+08 -3.42377858e-02  1.99526231e+08 -5.87546402e-02 
 2.15443469e+08 -3.15468976e-02  2.15443469e+08 -5.24235810e-02 
 2.32630507e+08 -2.89743257e-02  2.32630507e+08 -4.67885350e-02 
 2.51188643e+08 -2.65405936e-02  2.51188643e+08 -4.17881368e-02 
 2.71227258e+08 -2.42609857e-02  2.71227258e+08 -3.73617594e-02 
 2.92864456e+08 -2.21455266e-02  2.92864456e+08 -3.34505860e-02 
 3.16227766e+08 -2.01992765e-02  3.16227766e+08 -2.99985631e-02 
 3.41454887e+08 -1.84228663e-02  3.41454887e+08 -2.69531663e-02 
 3.68694506e+08 -1.68131820e-02  3.68694506e+08 -2.42659407e-02 
 3.98107171e+08 -1.53641173e-02  3.98107171e+08 -2.18928145e-02 
 4.29866235e+08 -1.40673251e-02  4.29866235e+08 -1.97942032e-02 
 4.64158883e+08 -1.29129157e-02  4.64158883e+08 -1.79349402e-02 
 5.01187234e+08 -1.18900704e-02  5.01187234e+08 -1.62840744e-02 
 5.41169527e+08 -1.09875535e-02  5.41169527e+08 -1.48145765e-02 
 5.84341413e+08 -1.01941201e-02  5.84341413e+08 -1.35029894e-02 
 6.30957344e+08 -9.49882413e-03  6.30957344e+08 -1.23290548e-02 
 6.81292069e+08 -8.89123827e-03  6.81292069e+08 -1.12753379e-02 
 7.35642254e+08 -8.36159936e-03  7.35642254e+08 -1.03268676e-02 
 7.94328235e+08 -7.90089306e-03  7.94328235e+08 -9.47080232e-03 
 8.57695899e+08 -7.50089149e-03  8.57695899e+08 -8.69612732e-03 
 9.26118728e+08 -7.15415572e-03  9.26118728e+08 -7.99338637e-03 
 1.00000000e+09 -6.85401324e-03  1.00000000e+09 -7.35444707e-03 
 1.07977516e+09 -6.59451854e-03  1.07977516e+09 -6.77229844e-03 
 1.16591440e+09 -6.37040333e-03  1.16591440e+09 -6.24087804e-03 
 1.25892541e+09 -6.17702123e-03  1.25892541e+09 -5.75492536e-03 
 1.35935639e+09 -6.01029058e-03  1.35935639e+09 -5.30985835e-03 
 1.46779927e+09 -5.86663780e-03  1.46779927e+09 -4.90166970e-03 
 1.58489319e+09 -5.74294307e-03  1.58489319e+09 -4.52684019e-03 
 1.71132830e+09 -5.63648933e-03  1.71132830e+09 -4.18226617e-03 
 1.84784980e+09 -5.54491518e-03  1.84784980e+09 -3.86519911e-03 
 1.99526231e+09 -5.46617203e-03  1.99526231e+09 -3.57319511e-03 
 2.15443469e+09 -5.39848536e-03  2.15443469e+09 -3.30407258e-03 
 2.32630507e+09 -5.34032011e-03  2.32630507e+09 -3.05587693e-03 
 2.51188643e+09 -5.29034989e-03  2.51188643e+09 -2.82685084e-03 
 2.71227258e+09 -5.24742975e-03  2.71227258e+09 -2.61540922e-03 
 2.92864456e+09 -5.21057222e-03  2.92864456e+09 -2.42011809e-03 
 3.16227766e+09 -5.17892628e-03  3.16227766e+09 -2.23967663e-03 
 3.41454887e+09 -5.15175901e-03  3.41454887e+09 -2.07290189e-03 
 3.68694506e+09 -5.12843949e-03  3.68694506e+09 -1.91871573e-03 
 3.98107171e+09 -5.10842496e-03  3.98107171e+09 -1.77613356e-03 
 4.29866235e+09 -5.09124863e-03  4.29866235e+09 -1.64425463e-03 
 4.64158883e+09 -5.07650921e-03  4.64158883e+09 -1.52225357e-03 
 5.01187234e+09 -5.06386185e-03  5.01187234e+09 -1.40937307e-03 
 5.41169527e+09 -5.05301027e-03  5.41169527e+09 -1.30491738e-03 
 5.84341413e+09 -5.04369997e-03  5.84341413e+09 -1.20824662e-03 
 6.30957344e+09 -5.03571239e-03  6.30957344e+09 -1.11877178e-03 
 6.81292069e+09 -5.02885988e-03  6.81292069e+09 -1.03595018e-03 
 7.35642254e+09 -5.02298133e-03  7.35642254e+09 -9.59281500e-04 
 7.94328235e+09 -5.01793845e-03  7.94328235e+09 -8.88304191e-04 
 8.57695899e+09 -5.01361256e-03  8.57695899e+09 -8.22592222e-04 
 9.26118728e+09 -5.00990179e-03  9.26118728e+09 -7.61752179e-04 
 1.00000000e+10 -5.00671873e-03  1.00000000e+10 -7.05420617e-04 
