 1.00000000e+00  2.83212196e+02  1.00000000e+00 -3.58100024e-03 
 1.07977516e+00  2.83212196e+02  1.07977516e+00 -3.86667512e-03 
 1.16591440e+00  2.83212196e+02  1.16591440e+00 -4.17513975e-03 
 1.25892541e+00  2.83212196e+02  1.25892541e+00 -4.50821220e-03 
 1.35935639e+00  2.83212196e+02  1.35935639e+00 -4.86785557e-03 
 1.46779927e+00  2.83212196e+02  1.46779927e+00 -5.25618953e-03 
 1.58489319e+00  2.83212196e+02  1.58489319e+00 -5.67550291e-03 
 1.71132830e+00  2.83212196e+02  1.71132830e+00 -6.12826707e-03 
 1.84784980e+00  2.83212196e+02  1.84784980e+00 -6.61715057e-03 
 1.99526231e+00  2.83212196e+02  1.99526231e+00 -7.14503483e-03 
 2.15443469e+00  2.83212196e+02  2.15443469e+00 -7.71503114e-03 
 2.32630507e+00  2.83212196e+02  2.32630507e+00 -8.33049900e-03 
 2.51188643e+00  2.83212196e+02  2.51188643e+00 -8.99506591e-03 
 2.71227258e+00  2.83212196e+02  2.71227258e+00 -9.71264876e-03 
 2.92864456e+00  2.83212196e+02  2.92864456e+00 -1.04874769e-02 
 3.16227766e+00  2.83212196e+02  3.16227766e+00 -1.13241171e-02 
 3.41454887e+00  2.83212196e+02  3.41454887e+00 -1.22275003e-02 
 3.68694506e+00  2.83212196e+02  3.68694506e+00 -1.32029511e-02 
 3.98107171e+00  2.83212196e+02  3.98107171e+00 -1.42562187e-02 
 4.29866235e+00  2.83212196e+02  4.29866235e+00 -1.53935109e-02 
 4.64158883e+00  2.83212195e+02  4.64158883e+00 -1.66215307e-02 
 5.01187234e+00  2.83212195e+02  5.01187234e+00 -1.79475160e-02 
 5.41169527e+00  2.83212195e+02  5.41169527e+00 -1.93792820e-02 
 5.84341413e+00  2.83212195e+02  5.84341413e+00 -2.09252673e-02 
 6.30957344e+00  2.83212195e+02  6.30957344e+00 -2.25945839e-02 
 6.81292069e+00  2.83212194e+02  6.81292069e+00 -2.43970705e-02 
 7.35642254e+00  2.83212194e+02  7.35642254e+00 -2.63433507e-02 
 7.94328235e+00  2.83212194e+02  7.94328235e+00 -2.84448957e-02 
 8.57695899e+00  2.83212193e+02  8.57695899e+00 -3.07140919e-02 
 9.26118728e+00  2.83212193e+02  9.26118728e+00 -3.31643135e-02 
 1.00000000e+01  2.83212192e+02  1.00000000e+01 -3.58100019e-02 
 1.07977516e+01  2.83212191e+02  1.07977516e+01 -3.86667505e-02 
 1.16591440e+01  2.83212190e+02  1.16591440e+01 -4.17513966e-02 
 1.25892541e+01  2.83212189e+02  1.25892541e+01 -4.50821209e-02 
 1.35935639e+01  2.83212188e+02  1.35935639e+01 -4.86785542e-02 
 1.46779927e+01  2.83212187e+02  1.46779927e+01 -5.25618935e-02 
 1.58489319e+01  2.83212185e+02  1.58489319e+01 -5.67550268e-02 
 1.71132830e+01  2.83212183e+02  1.71132830e+01 -6.12826679e-02 
 1.84784980e+01  2.83212181e+02  1.84784980e+01 -6.61715021e-02 
 1.99526231e+01  2.83212178e+02  1.99526231e+01 -7.14503438e-02 
 2.15443469e+01  2.83212175e+02  2.15443469e+01 -7.71503058e-02 
 2.32630507e+01  2.83212172e+02  2.32630507e+01 -8.33049829e-02 
 2.51188643e+01  2.83212168e+02  2.51188643e+01 -8.99506502e-02 
 2.71227258e+01  2.83212163e+02  2.71227258e+01 -9.71264763e-02 
 2.92864456e+01  2.83212158e+02  2.92864456e+01 -1.04874755e-01 
 3.16227766e+01  2.83212151e+02  3.16227766e+01 -1.13241153e-01 
 3.41454887e+01  2.83212144e+02  3.41454887e+01 -1.22274981e-01 
 3.68694506e+01  2.83212135e+02  3.68694506e+01 -1.32029483e-01 
 3.98107171e+01  2.83212125e+02  3.98107171e+01 -1.42562151e-01 
 4.29866235e+01  2.83212113e+02  4.29866235e+01 -1.53935064e-01 
 4.64158883e+01  2.83212099e+02  4.64158883e+01 -1.66215250e-01 
 5.01187234e+01  2.83212083e+02  5.01187234e+01 -1.79475089e-01 
 5.41169527e+01  2.83212064e+02  5.41169527e+01 -1.93792730e-01 
 5.84341413e+01  2.83212042e+02  5.84341413e+01 -2.09252560e-01 
 6.30957344e+01  2.83212016e+02  6.30957344e+01 -2.25945697e-01 
 6.81292069e+01  2.83211986e+02  6.81292069e+01 -2.43970526e-01 
 7.35642254e+01  2.83211952e+02  7.35642254e+01 -2.63433282e-01 
 7.94328235e+01  2.83211911e+02  7.94328235e+01 -2.84448674e-01 
 8.57695899e+01  2.83211864e+02  8.57695899e+01 -3.07140561e-01 
 9.26118728e+01  2.83211808e+02  9.26118728e+01 -3.31642685e-01 
 1.00000000e+02  2.83211744e+02  1.00000000e+02 -3.58099452e-01 
 1.07977516e+02  2.83211669e+02  1.07977516e+02 -3.86666792e-01 
 1.16591440e+02  2.83211581e+02  1.16591440e+02 -4.17513069e-01 
 1.25892541e+02  2.83211479e+02  1.25892541e+02 -4.50820079e-01 
 1.35935639e+02  2.83211360e+02  1.35935639e+02 -4.86784120e-01 
 1.46779927e+02  2.83211221e+02  1.46779927e+02 -5.25617145e-01 
 1.58489319e+02  2.83211060e+02  1.58489319e+02 -5.67548014e-01 
 1.71132830e+02  2.83210871e+02  1.71132830e+02 -6.12823841e-01 
 1.84784980e+02  2.83210651e+02  1.84784980e+02 -6.61711449e-01 
 1.99526231e+02  2.83210395e+02  1.99526231e+02 -7.14498940e-01 
 2.15443469e+02  2.83210096e+02  2.15443469e+02 -7.71497395e-01 
 2.32630507e+02  2.83209747e+02  2.32630507e+02 -8.33042701e-01 
 2.51188643e+02  2.83209341e+02  2.51188643e+02 -8.99497527e-01 
 2.71227258e+02  2.83208867e+02  2.71227258e+02 -9.71253464e-01 
 2.92864456e+02  2.83208315e+02  2.92864456e+02 -1.04873332e+00 
 3.16227766e+02  2.83207671e+02  3.16227766e+02 -1.13239362e+00 
 3.41454887e+02  2.83206920e+02  3.41454887e+02 -1.22272726e+00 
 3.68694506e+02  2.83206044e+02  3.68694506e+02 -1.32026645e+00 
 3.98107171e+02  2.83205024e+02  3.98107171e+02 -1.42558579e+00 
 4.29866235e+02  2.83203834e+02  4.29866235e+02 -1.53930566e+00 
 4.64158883e+02  2.83202446e+02  4.64158883e+02 -1.66209588e+00 
 5.01187234e+02  2.83200829e+02  5.01187234e+02 -1.79467960e+00 
 5.41169527e+02  2.83198943e+02  5.41169527e+02 -1.93783756e+00 
 5.84341413e+02  2.83196744e+02  5.84341413e+02 -2.09241263e+00 
 6.30957344e+02  2.83194180e+02  6.30957344e+02 -2.25931474e+00 
 6.81292069e+02  2.83191191e+02  6.81292069e+02 -2.43952620e+00 
 7.35642254e+02  2.83187707e+02  7.35642254e+02 -2.63410741e+00 
 7.94328235e+02  2.83183644e+02  7.94328235e+02 -2.84420297e+00 
 8.57695899e+02  2.83178907e+02  8.57695899e+02 -3.07104837e+00 
 9.26118728e+02  2.83173385e+02  9.26118728e+02 -3.31597712e+00 
 1.00000000e+03  2.83166946e+02  1.00000000e+03 -3.58042836e+00 
 1.07977516e+03  2.83159440e+02  1.07977516e+03 -3.86595518e+00 
 1.16591440e+03  2.83150689e+02  1.16591440e+03 -4.17423344e+00 
 1.25892541e+03  2.83140486e+02  1.25892541e+03 -4.50707126e+00 
 1.35935639e+03  2.83128592e+02  1.35935639e+03 -4.86641926e+00 
 1.46779927e+03  2.83114726e+02  1.46779927e+03 -5.25438142e+00 
 1.58489319e+03  2.83098561e+02  1.58489319e+03 -5.67322676e+00 
 1.71132830e+03  2.83079716e+02  1.71132830e+03 -6.12540176e+00 
 1.84784980e+03  2.83057747e+02  1.84784980e+03 -6.61354364e+00 
 1.99526231e+03  2.83032138e+02  1.99526231e+03 -7.14049438e+00 
 2.15443469e+03  2.83002286e+02  2.15443469e+03 -7.70931566e+00 
 2.32630507e+03  2.82967489e+02  2.32630507e+03 -8.32330452e+00 
 2.51188643e+03  2.82926929e+02  2.51188643e+03 -8.98600990e+00 
 2.71227258e+03  2.82879655e+02  2.71227258e+03 -9.70124981e+00 
 2.92864456e+03  2.82824556e+02  2.92864456e+03 -1.04731293e+01 
 3.16227766e+03  2.82760344e+02  3.16227766e+03 -1.13060586e+01 
 3.41454887e+03  2.82685515e+02  3.41454887e+03 -1.22047720e+01 
 3.68694506e+03  2.82598320e+02  3.68694506e+03 -1.31743468e+01 
 3.98107171e+03  2.82496726e+02  3.98107171e+03 -1.42202209e+01 
 4.29866235e+03  2.82378368e+02  4.29866235e+03 -1.53482112e+01 
 4.64158883e+03  2.82240499e+02  4.64158883e+03 -1.65645297e+01 
 5.01187234e+03  2.82079924e+02  5.01187234e+03 -1.78757967e+01 
 5.41169527e+03  2.81892939e+02  5.41169527e+03 -1.92890526e+01 
 5.84341413e+03  2.81675242e+02  5.84341413e+03 -2.08117630e+01 
 6.30957344e+03  2.81421851e+02  6.30957344e+03 -2.24518189e+01 
 6.81292069e+03  2.81126992e+02  6.81292069e+03 -2.42175282e+01 
 7.35642254e+03  2.80783992e+02  7.35642254e+03 -2.61175960e+01 
 7.94328235e+03  2.80385137e+02  7.94328235e+03 -2.81610909e+01 
 8.57695899e+03  2.79921535e+02  8.57695899e+03 -3.03573933e+01 
 9.26118728e+03  2.79382945e+02  9.26118728e+03 -3.27161201e+01 
 1.00000000e+04  2.78757605e+02  1.00000000e+04 -3.52470222e+01 
 1.07977516e+04  2.78032036e+02  1.07977516e+04 -3.79598450e+01 
 1.16591440e+04  2.77190838e+02  1.16591440e+04 -4.08641466e+01 
 1.25892541e+04  2.76216473e+02  1.25892541e+04 -4.39690638e+01 
 1.35935639e+04  2.75089057e+02  1.35935639e+04 -4.72830149e+01 
 1.46779927e+04  2.73786146e+02  1.46779927e+04 -5.08133307e+01 
 1.58489319e+04  2.72282554e+02  1.58489319e+04 -5.45657999e+01 
 1.71132830e+04  2.70550204e+02  1.71132830e+04 -5.85441209e+01 
 1.84784980e+04  2.68558047e+02  1.84784980e+04 -6.27492492e+01 
 1.99526231e+04  2.66272071e+02  1.99526231e+04 -6.71786371e+01 
 2.15443469e+04  2.63655450e+02  2.15443469e+04 -7.18253654e+01 
 2.32630507e+04  2.60668859e+02  2.32630507e+04 -7.66771784e+01 
 2.51188643e+04  2.57271025e+02  2.51188643e+04 -8.17154458e+01 
 2.71227258e+04  2.53419558e+02  2.71227258e+04 -8.69140933e+01 
 2.92864456e+04  2.49072108e+02  2.92864456e+04 -9.22385662e+01 
 3.16227766e+04  2.44187901e+02  3.16227766e+04 -9.76449150e+01 
 3.41454887e+04  2.38729667e+02  3.41454887e+04 -1.03079121e+02 
 3.68694506e+04  2.32665942e+02  3.68694506e+04 -1.08476800e+02 
 3.98107171e+04  2.25973703e+02  3.98107171e+04 -1.13763448e+02 
 4.29866235e+04  2.18641179e+02  4.29866235e+04 -1.18855379e+02 
 4.64158883e+04  2.10670685e+02  4.64158883e+04 -1.23661488e+02 
 5.01187234e+04  2.02081187e+02  5.01187234e+04 -1.28085925e+02 
 5.41169527e+04  1.92910299e+02  5.41169527e+04 -1.32031654e+02 
 5.84341413e+04  1.83215384e+02  5.84341413e+04 -1.35404782e+02 
 6.30957344e+04  1.73073454e+02  6.30957344e+04 -1.38119378e+02 
 6.81292069e+04  1.62579668e+02  6.81292069e+04 -1.40102402e+02 
 7.35642254e+04  1.51844361e+02  7.35642254e+04 -1.41298270e+02 
 7.94328235e+04  1.40988743e+02  7.94328235e+04 -1.41672537e+02 
 8.57695899e+04  1.30139576e+02  8.57695899e+04 -1.41214278e+02 
 9.26118728e+04  1.19423324e+02  9.26118728e+04 -1.39936860e+02 
 1.00000000e+05  1.08960326e+02  1.00000000e+05 -1.37876997e+02 
 1.07977516e+05  9.88595561e+01  1.07977516e+05 -1.35092227e+02 
 1.16591440e+05  8.92144494e+01  1.16591440e+05 -1.31657107e+02 
 1.25892541e+05  8.01000754e+01  1.25892541e+05 -1.27658601e+02 
 1.35935639e+05  7.15717827e+01  1.35935639e+05 -1.23191134e+02 
 1.46779927e+05  6.36652327e+01  1.46779927e+05 -1.18351805e+02 
 1.58489319e+05  5.63976038e+01  1.58489319e+05 -1.13236133e+02 
 1.71132830e+05  4.97696628e+01  1.71132830e+05 -1.07934579e+02 
 1.84784980e+05  4.37683729e+01  1.84784980e+05 -1.02529966e+02 
 1.99526231e+05  3.83697287e+01  1.99526231e+05 -9.70958048e+01 
 2.15443469e+05  3.35415665e+01  2.15443469e+05 -9.16954313e+01 
 2.32630507e+05  2.92461619e+01  2.32630507e+05 -8.63818254e+01 
 2.51188643e+05  2.54425009e+01  2.51188643e+05 -8.11979507e+01 
 2.71227258e+05  2.20881666e+01  2.71227258e+05 -7.61774600e+01 
 2.92864456e+05  1.91408343e+01  2.92864456e+05 -7.13456263e+01 
 3.16227766e+05  1.65593959e+01  3.16227766e+05 -6.67203867e+01 
 3.41454887e+05  1.43047592e+01  3.41454887e+05 -6.23134109e+01 
 3.68694506e+05  1.23403697e+01  3.68694506e+05 -5.81311336e+01 
 3.98107171e+05  1.06325124e+01  3.98107171e+05 -5.41757103e+01 
 4.29866235e+05  9.15043970e+00  4.29866235e+05 -5.04458751e+01 
 4.64158883e+05  7.86637230e+00  4.64158883e+05 -4.69376904e+01 
 5.01187234e+05  6.75540843e+00  5.01187234e+05 -4.36451878e+01 
 5.41169527e+05  5.79537242e+00  5.41169527e+05 -4.05609074e+01 
 5.84341413e+05  4.96662576e+00  5.84341413e+05 -3.76763423e+01 
 6.30957344e+05  4.25185842e+00  6.30957344e+05 -3.49823005e+01 
 6.81292069e+05  3.63587356e+00  6.81292069e+05 -3.24691949e+01 
 7.35642254e+05  3.10537472e+00  7.35642254e+05 -3.01272718e+01 
 7.94328235e+05  2.64876177e+00  7.94328235e+05 -2.79467879e+01 
 8.57695899e+05  2.25593935e+00  8.57695899e+05 -2.59181454e+01 
 9.26118728e+05  1.91814010e+00  9.26118728e+05 -2.40319922e+01 
 1.00000000e+06  1.62776366e+00  1.00000000e+06 -2.22792940e+01 
 1.07977516e+06  1.37823140e+00  1.07977516e+06 -2.06513840e+01 
 1.16591440e+06  1.16385651e+00  1.16591440e+06 -1.91399954e+01 
 1.25892541e+06  9.79728666e-01  1.25892541e+06 -1.77372793e+01 
 1.35935639e+06  8.21612043e-01  1.35935639e+06 -1.64358125e+01 
 1.46779927e+06  6.85855676e-01  1.46779927e+06 -1.52285970e+01 
 1.58489319e+06  5.69314925e-01  1.58489319e+06 -1.41090534e+01 
 1.71132830e+06  4.69282895e-01  1.71132830e+06 -1.30710097e+01 
 1.84784980e+06  3.83430712e-01  1.84784980e+06 -1.21086872e+01 
 1.99526231e+06  3.09755621e-01  1.99526231e+06 -1.12166843e+01 
 2.15443469e+06  2.46535985e-01  2.15443469e+06 -1.03899584e+01 
 2.32630507e+06  1.92292317e-01  2.32630507e+06 -9.62380772e+00 
 2.51188643e+06  1.45753587e-01  2.51188643e+06 -8.91385259e+00 
 2.71227258e+06  1.05828126e-01  2.71227258e+06 -8.25601660e+00 
 2.92864456e+06  7.15785272e-02  2.92864456e+06 -7.64650845e+00 
 3.16227766e+06  4.22000068e-02  3.16227766e+06 -7.08180401e+00 
 3.41454887e+06  1.70017690e-02  3.41454887e+06 -6.55862927e+00 
 3.68694506e+06 -4.60903526e-03  3.68694506e+06 -6.07394384e+00 
 3.98107171e+06 -2.31411076e-02  3.98107171e+06 -5.62492532e+00 
 4.29866235e+06 -3.90308673e-02  4.29866235e+06 -5.20895455e+00 
 4.64158883e+06 -5.26526486e-02  4.64158883e+06 -4.82360152e+00 
 5.01187234e+06 -6.43274600e-02  5.01187234e+06 -4.46661228e+00 
 5.41169527e+06 -7.43305061e-02  5.41169527e+06 -4.13589655e+00 
 5.84341413e+06 -8.28976433e-02  5.84341413e+06 -3.82951611e+00 
 6.30957344e+06 -9.02309184e-02  6.30957344e+06 -3.54567399e+00 
 6.81292069e+06 -9.65033171e-02  6.81292069e+06 -3.28270432e+00 
 7.35642254e+06 -1.01862834e-01  7.35642254e+06 -3.03906289e+00 
 7.94328235e+06 -1.06435957e-01  7.94328235e+06 -2.81331840e+00 
 8.57695899e+06 -1.10330649e-01  8.57695899e+06 -2.60414420e+00 
 9.26118728e+06 -1.13638896e-01  9.26118728e+06 -2.41031070e+00 
 1.00000000e+07 -1.16438881e-01  1.00000000e+07 -2.23067835e+00 
 1.07977516e+07 -1.18796836e-01  1.07977516e+07 -2.06419100e+00 
 1.16591440e+07 -1.20768619e-01  1.16591440e+07 -1.90986982e+00 
 1.25892541e+07 -1.22401049e-01  1.25892541e+07 -1.76680771e+00 
 1.35935639e+07 -1.23733035e-01  1.35935639e+07 -1.63416403e+00 
 1.46779927e+07 -1.24796524e-01  1.46779927e+07 -1.51115978e+00 
 1.58489319e+07 -1.25617306e-01  1.58489319e+07 -1.39707315e+00 
 1.71132830e+07 -1.26215676e-01  1.71132830e+07 -1.29123541e+00 
 1.84784980e+07 -1.26606997e-01  1.84784980e+07 -1.19302713e+00 
 1.99526231e+07 -1.26802161e-01  1.99526231e+07 -1.10187475e+00 
 2.15443469e+07 -1.26807989e-01  2.15443469e+07 -1.01724736e+00 
 2.32630507e+07 -1.26627571e-01  2.32630507e+07 -9.38653902e-01 
 2.51188643e+07 -1.26260567e-01  2.51188643e+07 -8.65640504e-01 
 2.71227258e+07 -1.25703505e-01  2.71227258e+07 -7.97788165e-01 
 2.92864456e+07 -1.24950078e-01  2.92864456e+07 -7.34710643e-01 
 3.16227766e+07 -1.23991479e-01  3.16227766e+07 -6.76052585e-01 
 3.41454887e+07 -1.22816798e-01  3.41454887e+07 -6.21487853e-01 
 3.68694506e+07 -1.21413503e-01  3.68694506e+07 -5.70718027e-01 
 3.98107171e+07 -1.19768035e-01  3.98107171e+07 -5.23471058e-01 
 4.29866235e+07 -1.17866548e-01  4.29866235e+07 -4.79500006e-01 
 4.64158883e+07 -1.15695795e-01  4.64158883e+07 -4.38581821e-01 
 5.01187234e+07 -1.13244176e-01  5.01187234e+07 -4.00516095e-01 
 5.41169527e+07 -1.10502921e-01  5.41169527e+07 -3.65123707e-01 
 5.84341413e+07 -1.07467373e-01  5.84341413e+07 -3.32245283e-01 
 6.30957344e+07 -1.04138296e-01  6.30957344e+07 -3.01739411e-01 
 6.81292069e+07 -1.00523103e-01  6.81292069e+07 -2.73480540e-01 
 7.35642254e+07 -9.66368783e-02  7.35642254e+07 -2.47356565e-01 
 7.94328235e+07 -9.25030497e-02  7.94328235e+07 -2.23266125e-01 
 8.57695899e+07 -8.81535685e-02  8.57695899e+07 -2.01115699e-01 
 9.26118728e+07 -8.36284974e-02  9.26118728e+07 -1.80816654e-01 
 1.00000000e+08 -7.89749500e-02  1.00000000e+08 -1.62282438e-01 
 1.07977516e+08 -7.42454127e-02  1.07977516e+08 -1.45426133e-01 
 1.16591440e+08 -6.94955595e-02  1.16591440e+08 -1.30158573e-01 
 1.25892541e+08 -6.47817505e-02  1.25892541e+08 -1.16387174e-01 
 1.35935639e+08 -6.01584529e-02  1.35935639e+08 -1.04015555e-01 
 1.46779927e+08 -5.56758378e-02  1.46779927e+08 -9.29439266e-02 
 1.58489319e+08 -5.13777733e-02  1.58489319e+08 -8.30701288e-02 
 1.71132830e+08 -4.73003781e-02  1.71132830e+08 -7.42911334e-02 
 1.84784980e+08 -4.34712088e-02  1.84784980e+08 -6.65047989e-02 
 1.99526231e+08 -3.99090781e-02  1.99526231e+08 -5.96116536e-02 
 2.15443469e+08 -3.66244247e-02  2.15443469e+08 -5.35165244e-02 
 2.32630507e+08 -3.36201121e-02  2.32630507e+08 -4.81298791e-02 
 2.51188643e+08 -3.08925124e-02  2.51188643e+08 -4.33688084e-02 
 2.71227258e+08 -2.84327349e-02  2.71227258e+08 -3.91576286e-02 
 2.92864456e+08 -2.62278771e-02  2.92864456e+08 -3.54281292e-02 
 3.16227766e+08 -2.42622074e-02  3.16227766e+08 -3.21195179e-02 
 3.41454887e+08 -2.25182181e-02  3.41454887e+08 -2.91781291e-02 
 3.68694506e+08 -2.09775139e-02  3.68694506e+08 -2.65569640e-02 
 3.98107171e+08 -1.96215280e-02  3.98107171e+08 -2.42151262e-02 
 4.29866235e+08 -1.84320697e-02  4.29866235e+08 -2.21172067e-02 
 4.64158883e+08 -1.73917213e-02  4.64158883e+08 -2.02326574e-02 
 5.01187234e+08 -1.64841058e-02  5.01187234e+08 -1.85351859e-02 
 5.41169527e+08 -1.56940489e-02  5.41169527e+08 -1.70021893e-02 
 5.84341413e+08 -1.50076581e-02  5.84341413e+08 -1.56142390e-02 
 6.30957344e+08 -1.44123398e-02  6.30957344e+08 -1.43546219e-02 
 6.81292069e+08 -1.38967713e-02  6.81292069e+08 -1.32089375e-02 
 7.35642254e+08 -1.34508424e-02  7.35642254e+08 -1.21647500e-02 
 7.94328235e+08 -1.30655778e-02  7.94328235e+08 -1.12112894e-02 
 8.57695899e+08 -1.27330486e-02  8.57695899e+08 -1.03391973e-02 
 9.26118728e+08 -1.24462793e-02  9.26118728e+08 -9.54031284e-03 
 1.00000000e+09 -1.21991547e-02  1.00000000e+09 -8.80749105e-03 
 1.07977516e+09 -1.19863303e-02  1.07977516e+09 -8.13445173e-03 
 1.16591440e+09 -1.18031470e-02  1.16591440e+09 -7.51565199e-03 
 1.25892541e+09 -1.16455527e-02  1.25892541e+09 -6.94617987e-03 
 1.35935639e+09 -1.15100293e-02  1.35935639e+09 -6.42166517e-03 
 1.46779927e+09 -1.13935281e-02  1.46779927e+09 -5.93820482e-03 
 1.58489319e+09 -1.12934103e-02  1.58489319e+09 -5.49230017e-03 
 1.71132830e+09 -1.12073953e-02  1.71132830e+09 -5.08080432e-03 
 1.84784980e+09 -1.11335138e-02  1.84784980e+09 -4.70087772e-03 
 1.99526231e+09 -1.10700670e-02  1.99526231e+09 -4.34995055e-03 
 2.15443469e+09 -1.10155907e-02  2.15443469e+09 -4.02569088e-03 
 2.32630507e+09 -1.09688236e-02  2.32630507e+09 -3.72597744e-03 
 2.51188643e+09 -1.09286799e-02  2.51188643e+09 -3.44887634e-03 
 2.71227258e+09 -1.08942254e-02  2.71227258e+09 -3.19262109e-03 
 2.92864456e+09 -1.08646566e-02  2.92864456e+09 -2.95559519e-03 
 3.16227766e+09 -1.08392829e-02  3.16227766e+09 -2.73631718e-03 
 3.41454887e+09 -1.08175105e-02  3.41454887e+09 -2.53342746e-03 
 3.68694506e+09 -1.07988296e-02  3.68694506e+09 -2.34567675e-03 
 3.98107171e+09 -1.07828020e-02  3.98107171e+09 -2.17191596e-03 
 4.29866235e+09 -1.07690514e-02  4.29866235e+09 -2.01108715e-03 
 4.64158883e+09 -1.07572548e-02  4.64158883e+09 -1.86221553e-03 
 5.01187234e+09 -1.07471348e-02  5.01187234e+09 -1.72440231e-03 
 5.41169527e+09 -1.07384535e-02  5.41169527e+09 -1.59681825e-03 
 5.84341413e+09 -1.07310065e-02  5.84341413e+09 -1.47869787e-03 
 6.30957344e+09 -1.07246184e-02  6.30957344e+09 -1.36933426e-03 
 6.81292069e+09 -1.07191388e-02  6.81292069e+09 -1.26807432e-03 
 7.35642254e+09 -1.07144385e-02  7.35642254e+09 -1.17431447e-03 
 7.94328235e+09 -1.07104067e-02  7.94328235e+09 -1.08749670e-03 
 8.57695899e+09 -1.07069485e-02  8.57695899e+09 -1.00710505e-03 
 9.26118728e+09 -1.07039822e-02  9.26118728e+09 -9.32662291e-04 
 1.00000000e+10 -1.07014379e-02  1.00000000e+10 -8.63726977e-04 
