 1.00000000e+00  2.84610393e+02  1.00000000e+00 -2.70883548e-03 
 1.07977516e+00  2.84610393e+02  1.07977516e+00 -2.92493327e-03 
 1.16591440e+00  2.84610393e+02  1.16591440e+00 -3.15827029e-03 
 1.25892541e+00  2.84610393e+02  1.25892541e+00 -3.41022182e-03 
 1.35935639e+00  2.84610393e+02  1.35935639e+00 -3.68227282e-03 
 1.46779927e+00  2.84610393e+02  1.46779927e+00 -3.97602673e-03 
 1.58489319e+00  2.84610393e+02  1.58489319e+00 -4.29321491e-03 
 1.71132830e+00  2.84610393e+02  1.71132830e+00 -4.63570682e-03 
 1.84784980e+00  2.84610393e+02  1.84784980e+00 -5.00552109e-03 
 1.99526231e+00  2.84610393e+02  1.99526231e+00 -5.40483734e-03 
 2.15443469e+00  2.84610393e+02  2.15443469e+00 -5.83600912e-03 
 2.32630507e+00  2.84610393e+02  2.32630507e+00 -6.30157769e-03 
 2.51188643e+00  2.84610393e+02  2.51188643e+00 -6.80428708e-03 
 2.71227258e+00  2.84610393e+02  2.71227258e+00 -7.34710018e-03 
 2.92864456e+00  2.84610393e+02  2.92864456e+00 -7.93321629e-03 
 3.16227766e+00  2.84610393e+02  3.16227766e+00 -8.56608991e-03 
 3.41454887e+00  2.84610393e+02  3.41454887e+00 -9.24945112e-03 
 3.68694506e+00  2.84610393e+02  3.68694506e+00 -9.98732758e-03 
 3.98107171e+00  2.84610393e+02  3.98107171e+00 -1.07840683e-02 
 4.29866235e+00  2.84610392e+02  4.29866235e+00 -1.16443691e-02 
 4.64158883e+00  2.84610392e+02  4.64158883e+00 -1.25733005e-02 
 5.01187234e+00  2.84610392e+02  5.01187234e+00 -1.35763376e-02 
 5.41169527e+00  2.84610392e+02  5.41169527e+00 -1.46593921e-02 
 5.84341413e+00  2.84610392e+02  5.84341413e+00 -1.58288475e-02 
 6.30957344e+00  2.84610392e+02  6.30957344e+00 -1.70915963e-02 
 6.81292069e+00  2.84610392e+02  6.81292069e+00 -1.84550812e-02 
 7.35642254e+00  2.84610392e+02  7.35642254e+00 -1.99273383e-02 
 7.94328235e+00  2.84610391e+02  7.94328235e+00 -2.15170449e-02 
 8.57695899e+00  2.84610391e+02  8.57695899e+00 -2.32335706e-02 
 9.26118728e+00  2.84610391e+02  9.26118728e+00 -2.50870325e-02 
 1.00000000e+01  2.84610390e+02  1.00000000e+01 -2.70883545e-02 
 1.07977516e+01  2.84610390e+02  1.07977516e+01 -2.92493324e-02 
 1.16591440e+01  2.84610389e+02  1.16591440e+01 -3.15827025e-02 
 1.25892541e+01  2.84610389e+02  1.25892541e+01 -3.41022177e-02 
 1.35935639e+01  2.84610388e+02  1.35935639e+01 -3.68227276e-02 
 1.46779927e+01  2.84610387e+02  1.46779927e+01 -3.97602665e-02 
 1.58489319e+01  2.84610386e+02  1.58489319e+01 -4.29321481e-02 
 1.71132830e+01  2.84610385e+02  1.71132830e+01 -4.63570670e-02 
 1.84784980e+01  2.84610384e+02  1.84784980e+01 -5.00552093e-02 
 1.99526231e+01  2.84610383e+02  1.99526231e+01 -5.40483715e-02 
 2.15443469e+01  2.84610381e+02  2.15443469e+01 -5.83600888e-02 
 2.32630507e+01  2.84610379e+02  2.32630507e+01 -6.30157739e-02 
 2.51188643e+01  2.84610377e+02  2.51188643e+01 -6.80428669e-02 
 2.71227258e+01  2.84610374e+02  2.71227258e+01 -7.34709970e-02 
 2.92864456e+01  2.84610371e+02  2.92864456e+01 -7.93321568e-02 
 3.16227766e+01  2.84610367e+02  3.16227766e+01 -8.56608914e-02 
 3.41454887e+01  2.84610363e+02  3.41454887e+01 -9.24945015e-02 
 3.68694506e+01  2.84610358e+02  3.68694506e+01 -9.98732637e-02 
 3.98107171e+01  2.84610352e+02  3.98107171e+01 -1.07840667e-01 
 4.29866235e+01  2.84610345e+02  4.29866235e+01 -1.16443671e-01 
 4.64158883e+01  2.84610337e+02  4.64158883e+01 -1.25732981e-01 
 5.01187234e+01  2.84610328e+02  5.01187234e+01 -1.35763345e-01 
 5.41169527e+01  2.84610317e+02  5.41169527e+01 -1.46593882e-01 
 5.84341413e+01  2.84610305e+02  5.84341413e+01 -1.58288426e-01 
 6.30957344e+01  2.84610290e+02  6.30957344e+01 -1.70915902e-01 
 6.81292069e+01  2.84610273e+02  6.81292069e+01 -1.84550735e-01 
 7.35642254e+01  2.84610254e+02  7.35642254e+01 -1.99273286e-01 
 7.94328235e+01  2.84610230e+02  7.94328235e+01 -2.15170327e-01 
 8.57695899e+01  2.84610203e+02  8.57695899e+01 -2.32335553e-01 
 9.26118728e+01  2.84610172e+02  9.26118728e+01 -2.50870132e-01 
 1.00000000e+02  2.84610135e+02  1.00000000e+02 -2.70883303e-01 
 1.07977516e+02  2.84610093e+02  1.07977516e+02 -2.92493018e-01 
 1.16591440e+02  2.84610043e+02  1.16591440e+02 -3.15826641e-01 
 1.25892541e+02  2.84609985e+02  1.25892541e+02 -3.41021693e-01 
 1.35935639e+02  2.84609917e+02  1.35935639e+02 -3.68226666e-01 
 1.46779927e+02  2.84609838e+02  1.46779927e+02 -3.97601898e-01 
 1.58489319e+02  2.84609746e+02  1.58489319e+02 -4.29320515e-01 
 1.71132830e+02  2.84609638e+02  1.71132830e+02 -4.63569454e-01 
 1.84784980e+02  2.84609513e+02  1.84784980e+02 -5.00550562e-01 
 1.99526231e+02  2.84609367e+02  1.99526231e+02 -5.40481787e-01 
 2.15443469e+02  2.84609197e+02  2.15443469e+02 -5.83598461e-01 
 2.32630507e+02  2.84608998e+02  2.32630507e+02 -6.30154683e-01 
 2.51188643e+02  2.84608767e+02  2.51188643e+02 -6.80424823e-01 
 2.71227258e+02  2.84608497e+02  2.71227258e+02 -7.34705127e-01 
 2.92864456e+02  2.84608183e+02  2.92864456e+02 -7.93315472e-01 
 3.16227766e+02  2.84607816e+02  3.16227766e+02 -8.56601239e-01 
 3.41454887e+02  2.84607388e+02  3.41454887e+02 -9.24935353e-01 
 3.68694506e+02  2.84606890e+02  3.68694506e+02 -9.98720472e-01 
 3.98107171e+02  2.84606309e+02  3.98107171e+02 -1.07839136e+00 
 4.29866235e+02  2.84605631e+02  4.29866235e+02 -1.16441743e+00 
 4.64158883e+02  2.84604841e+02  4.64158883e+02 -1.25730553e+00 
 5.01187234e+02  2.84603920e+02  5.01187234e+02 -1.35760290e+00 
 5.41169527e+02  2.84602846e+02  5.41169527e+02 -1.46590036e+00 
 5.84341413e+02  2.84601594e+02  5.84341413e+02 -1.58283584e+00 
 6.30957344e+02  2.84600134e+02  6.30957344e+02 -1.70909806e+00 
 6.81292069e+02  2.84598432e+02  6.81292069e+02 -1.84543060e+00 
 7.35642254e+02  2.84596447e+02  7.35642254e+02 -1.99263624e+00 
 7.94328235e+02  2.84594134e+02  7.94328235e+02 -2.15158164e+00 
 8.57695899e+02  2.84591436e+02  8.57695899e+02 -2.32320240e+00 
 9.26118728e+02  2.84588291e+02  9.26118728e+02 -2.50850854e+00 
 1.00000000e+03  2.84584625e+02  1.00000000e+03 -2.70859033e+00 
 1.07977516e+03  2.84580350e+02  1.07977516e+03 -2.92462465e+00 
 1.16591440e+03  2.84575366e+02  1.16591440e+03 -3.15788178e+00 
 1.25892541e+03  2.84569555e+02  1.25892541e+03 -3.40973272e+00 
 1.35935639e+03  2.84562781e+02  1.35935639e+03 -3.68165709e+00 
 1.46779927e+03  2.84554883e+02  1.46779927e+03 -3.97525160e+00 
 1.58489319e+03  2.84545675e+02  1.58489319e+03 -4.29223911e+00 
 1.71132830e+03  2.84534941e+02  1.71132830e+03 -4.63447841e+00 
 1.84784980e+03  2.84522426e+02  1.84784980e+03 -5.00397467e+00 
 1.99526231e+03  2.84507836e+02  1.99526231e+03 -5.40289062e+00 
 2.15443469e+03  2.84490827e+02  2.15443469e+03 -5.83355849e+00 
 2.32630507e+03  2.84471000e+02  2.32630507e+03 -6.29849275e+00 
 2.51188643e+03  2.84447885e+02  2.51188643e+03 -6.80040368e+00 
 2.71227258e+03  2.84420941e+02  2.71227258e+03 -7.34221173e+00 
 2.92864456e+03  2.84389532e+02  2.92864456e+03 -7.92706278e+00 
 3.16227766e+03  2.84352922e+02  3.16227766e+03 -8.55834409e+00 
 3.41454887e+03  2.84310249e+02  3.41454887e+03 -9.23970117e+00 
 3.68694506e+03  2.84260511e+02  3.68694506e+03 -9.97505528e+00 
 3.98107171e+03  2.84202544e+02  3.98107171e+03 -1.07686215e+01 
 4.29866235e+03  2.84134989e+02  4.29866235e+03 -1.16249273e+01 
 4.64158883e+03  2.84056266e+02  4.64158883e+03 -1.25488316e+01 
 5.01187234e+03  2.83964537e+02  5.01187234e+03 -1.35455430e+01 
 5.41169527e+03  2.83857664e+02  5.41169527e+03 -1.46206386e+01 
 5.84341413e+03  2.83733160e+02  5.84341413e+03 -1.57800811e+01 
 6.30957344e+03  2.83588137e+02  6.30957344e+03 -1.70302345e+01 
 6.81292069e+03  2.83419239e+02  6.81292069e+03 -1.83778772e+01 
 7.35642254e+03  2.83222573e+02  7.35642254e+03 -1.98302117e+01 
 7.94328235e+03  2.82993621e+02  7.94328235e+03 -2.13948685e+01 
 8.57695899e+03  2.82727150e+02  8.57695899e+03 -2.30799045e+01 
 9.26118728e+03  2.82417099e+02  9.26118728e+03 -2.48937903e+01 
 1.00000000e+04  2.82056464e+02  1.00000000e+04 -2.68453876e+01 
 1.07977516e+04  2.81637156e+02  1.07977516e+04 -2.89439096e+01 
 1.16591440e+04  2.81149848e+02  1.16591440e+04 -3.11988630e+01 
 1.25892541e+04  2.80583813e+02  1.25892541e+04 -3.36199648e+01 
 1.35935639e+04  2.79926735e+02  1.35935639e+04 -3.62170283e+01 
 1.46779927e+04  2.79164511e+02  1.46779927e+04 -3.89998117e+01 
 1.58489319e+04  2.78281045e+02  1.58489319e+04 -4.19778206e+01 
 1.71132830e+04  2.77258031e+02  1.71132830e+04 -4.51600545e+01 
 1.84784980e+04  2.76074737e+02  1.84784980e+04 -4.85546884e+01 
 1.99526231e+04  2.74707801e+02  1.99526231e+04 -5.21686765e+01 
 2.15443469e+04  2.73131056e+02  2.15443469e+04 -5.60072692e+01 
 2.32630507e+04  2.71315398e+02  2.32630507e+04 -6.00734307e+01 
 2.51188643e+04  2.69228727e+02  2.51188643e+04 -6.43671518e+01 
 2.71227258e+04  2.66835996e+02  2.71227258e+04 -6.88846523e+01 
 2.92864456e+04  2.64099400e+02  2.92864456e+04 -7.36174781e+01 
 3.16227766e+04  2.60978768e+02  3.16227766e+04 -7.85515059e+01 
 3.41454887e+04  2.57432185e+02  3.41454887e+04 -8.36658856e+01 
 3.68694506e+04  2.53416926e+02  3.68694506e+04 -8.89319675e+01 
 3.98107171e+04  2.48890730e+02  3.98107171e+04 -9.43122868e+01 
 4.29866235e+04  2.43813455e+02  4.29866235e+04 -9.97597035e+01 
 4.64158883e+04  2.38149138e+02  4.64158883e+04 -1.05216823e+02 
 5.01187234e+04  2.31868413e+02  5.01187234e+04 -1.10615844e+02 
 5.41169527e+04  2.24951229e+02  5.41169527e+04 -1.15878998e+02 
 5.84341413e+04  2.17389709e+02  5.84341413e+04 -1.20919728e+02 
 6.30957344e+04  2.09190939e+02  6.30957344e+04 -1.25644730e+02 
 6.81292069e+04  2.00379416e+02  6.81292069e+04 -1.29956913e+02 
 7.35642254e+04  1.90998820e+02  7.35642254e+04 -1.33759227e+02 
 7.94328235e+04  1.81112783e+02  7.94328235e+04 -1.36959193e+02 
 8.57695899e+04  1.70804384e+02  8.57695899e+04 -1.39473827e+02 
 9.26118728e+04  1.60174194e+02  9.26118728e+04 -1.41234537e+02 
 1.00000000e+05  1.49336874e+02  1.00000000e+05 -1.42191493e+02 
 1.07977516e+05  1.38416494e+02  1.07977516e+05 -1.42316982e+02 
 1.16591440e+05  1.27540976e+02  1.16591440e+05 -1.41607336e+02 
 1.25892541e+05  1.16836158e+02  1.25892541e+05 -1.40083193e+02 
 1.35935639e+05  1.06420058e+02  1.35935639e+05 -1.37788048e+02 
 1.46779927e+05  9.63978907e+01  1.46779927e+05 -1.34785293e+02 
 1.58489319e+05  8.68582491e+01  1.58489319e+05 -1.31154098e+02 
 1.71132830e+05  7.78707105e+01  1.71132830e+05 -1.26984623e+02 
 1.84784980e+05  6.94849053e+01  1.84784980e+05 -1.22373046e+02 
 1.99526231e+05  6.17309320e+01  1.99526231e+05 -1.17416886e+02 
 2.15443469e+05  5.46208626e+01  2.15443469e+05 -1.12210932e+02 
 2.32630507e+05  4.81510209e+01  2.32630507e+05 -1.06844020e+02 
 2.51188643e+05  4.23047016e+01  2.51188643e+05 -1.01396712e+02 
 2.71227258e+05  3.70550357e+01  2.71227258e+05 -9.59398737e+01 
 2.92864456e+05  3.23677669e+01  2.92864456e+05 -9.05340248e+01 
 3.16227766e+05  2.82037728e+01  3.16227766e+05 -8.52293344e+01 
 3.41454887e+05  2.45212352e+01  3.41454887e+05 -8.00660863e+01 
 3.68694506e+05  2.12774167e+01  3.68694506e+05 -7.50754698e+01 
 3.98107171e+05  1.84300487e+01  3.98107171e+05 -7.02805608e+01 
 4.29866235e+05  1.59383578e+01  4.29866235e+05 -6.56973854e+01 
 4.64158883e+05  1.37637803e+01  4.64158883e+05 -6.13359883e+01 
 5.01187234e+05  1.18704143e+01  5.01187234e+05 -5.72014509e+01 
 5.41169527e+05  1.02252660e+01  5.41169527e+05 -5.32948236e+01 
 5.84341413e+05  8.79833557e+00  5.84341413e+05 -4.96139559e+01 
 6.30957344e+05  7.56258658e+00  6.30957344e+05 -4.61542165e+01 
 6.81292069e+05  6.49383402e+00  6.81292069e+05 -4.29091067e+01 
 7.35642254e+05  5.57057849e+00  7.35642254e+05 -3.98707717e+01 
 7.94328235e+05  4.77380874e+00  7.94328235e+05 -3.70304221e+01 
 8.57695899e+05  4.08678883e+00  8.57695899e+05 -3.43786743e+01 
 9.26118728e+05  3.49484168e+00  9.26118728e+05 -3.19058226e+01 
 1.00000000e+06  2.98513737e+00  1.00000000e+06 -2.96020518e+01 
 1.07977516e+06  2.54649146e+00  1.07977516e+06 -2.74576025e+01 
 1.16591440e+06  2.16917685e+00  1.16591440e+06 -2.54628945e+01 
 1.25892541e+06  1.84475081e+00  1.25892541e+06 -2.36086191e+01 
 1.35935639e+06  1.56589789e+00  1.35935639e+06 -2.18858041e+01 
 1.46779927e+06  1.32628873e+00  1.46779927e+06 -2.02858580e+01 
 1.58489319e+06  1.12045395e+00  1.58489319e+06 -1.88005979e+01 
 1.71132830e+06  9.43672363e-01  1.71132830e+06 -1.74222643e+01 
 1.84784980e+06  7.91872374e-01  1.84784980e+06 -1.61435262e+01 
 1.99526231e+06  6.61545348e-01  1.99526231e+06 -1.49574781e+01 
 2.15443469e+06  5.49669810e-01  2.15443469e+06 -1.38576326e+01 
 2.32630507e+06  4.53645310e-01  2.32630507e+06 -1.28379075e+01 
 2.51188643e+06  3.71234856e-01  2.51188643e+06 -1.18926112e+01 
 2.71227258e+06  3.00514942e-01  2.71227258e+06 -1.10164257e+01 
 2.92864456e+06  2.39832220e-01  2.92864456e+06 -1.02043885e+01 
 3.16227766e+06  1.87766006e-01  3.16227766e+06 -9.45187380e+00 
 3.41454887e+06  1.43095874e-01  3.41454887e+06 -8.75457383e+00 
 3.68694506e+06  1.04773683e-01  3.68694506e+06 -8.10848014e+00 
 3.98107171e+06  7.18994410e-02  3.98107171e+06 -7.50986529e+00 
 4.29866235e+06  4.37005166e-02  4.29866235e+06 -6.95526516e+00 
 4.64158883e+06  1.95137281e-02  4.64158883e+06 -6.44146189e+00 
 5.01187234e+06 -1.23006643e-03  5.01187234e+06 -5.96546766e+00 
 5.41169527e+06 -1.90192260e-02  5.41169527e+06 -5.52450917e+00 
 5.84341413e+06 -3.42727228e-02  5.84341413e+06 -5.11601306e+00 
 6.30957344e+06 -4.73499369e-02  6.30957344e+06 -4.73759202e+00 
 6.81292069e+06 -5.85590688e-02  6.81292069e+06 -4.38703188e+00 
 7.35642254e+06 -6.81643634e-02  7.35642254e+06 -4.06227938e+00 
 7.94328235e+06 -7.63923106e-02  7.94328235e+06 -3.76143074e+00 
 8.57695899e+06 -8.34369647e-02  8.57695899e+06 -3.48272102e+00 
 9.26118728e+06 -8.94645060e-02  9.26118728e+06 -3.22451413e+00 
 1.00000000e+07 -9.46171511e-02  1.00000000e+07 -2.98529357e+00 
 1.07977516e+07 -9.90165006e-02  1.07977516e+07 -2.76365372e+00 
 1.16591440e+07 -1.02766406e-01  1.16591440e+07 -2.55829183e+00 
 1.25892541e+07 -1.05955418e-01  1.25892541e+07 -2.36800053e+00 
 1.35935639e+07 -1.08658882e-01  1.35935639e+07 -2.19166084e+00 
 1.46779927e+07 -1.10940716e-01  1.46779927e+07 -2.02823575e+00 
 1.58489319e+07 -1.12854934e-01  1.58489319e+07 -1.87676420e+00 
 1.71132830e+07 -1.14446930e-01  1.71132830e+07 -1.73635554e+00 
 1.84784980e+07 -1.15754568e-01  1.84784980e+07 -1.60618438e+00 
 1.99526231e+07 -1.16809103e-01  1.99526231e+07 -1.48548585e+00 
 2.15443469e+07 -1.17635949e-01  2.15443469e+07 -1.37355119e+00 
 2.32630507e+07 -1.18255329e-01  2.32630507e+07 -1.26972371e+00 
 2.51188643e+07 -1.18682810e-01  2.51188643e+07 -1.17339503e+00 
 2.71227258e+07 -1.18929752e-01  2.71227258e+07 -1.08400171e+00 
 2.92864456e+07 -1.19003683e-01  2.92864456e+07 -1.00102206e+00 
 3.16227766e+07 -1.18908618e-01  3.16227766e+07 -9.23973308e-01 
 3.41454887e+07 -1.18645335e-01  3.41454887e+07 -8.52409005e-01 
 3.68694506e+07 -1.18211628e-01  3.68694506e+07 -7.85916662e-01 
 3.98107171e+07 -1.17602565e-01  3.98107171e+07 -7.24115645e-01 
 4.29866235e+07 -1.16810749e-01  4.29866235e+07 -6.66655292e-01 
 4.64158883e+07 -1.15826639e-01  4.64158883e+07 -6.13213223e-01 
 5.01187234e+07 -1.14638922e-01  5.01187234e+07 -5.63493848e-01 
 5.41169527e+07 -1.13234986e-01  5.41169527e+07 -5.17227019e-01 
 5.84341413e+07 -1.11601511e-01  5.84341413e+07 -4.74166812e-01 
 6.30957344e+07 -1.09725187e-01  6.30957344e+07 -4.34090375e-01 
 6.81292069e+07 -1.07593594e-01  6.81292069e+07 -3.96796795e-01 
 7.35642254e+07 -1.05196218e-01  7.35642254e+07 -3.62105921e-01 
 7.94328235e+07 -1.02525592e-01  7.94328235e+07 -3.29857053e-01 
 8.57695899e+07 -9.95785194e-02  8.57695899e+07 -2.99907452e-01 
 9.26118728e+07 -9.63572834e-02  9.26118728e+07 -2.72130580e-01 
 1.00000000e+08 -9.28707634e-02  1.00000000e+08 -2.46414054e-01 
 1.07977516e+08 -8.91353086e-02  1.07977516e+08 -2.22657293e-01 
 1.16591440e+08 -8.51752465e-02  1.16591440e+08 -2.00768917e-01 
 1.25892541e+08 -8.10228950e-02  1.25892541e+08 -1.80663992e-01 
 1.35935639e+08 -7.67179955e-02  1.35935639e+08 -1.62261278e-01 
 1.46779927e+08 -7.23065354e-02  1.46779927e+08 -1.45480673e-01 
 1.58489319e+08 -6.78390113e-02  1.58489319e+08 -1.30241049e-01 
 1.71132830e+08 -6.33682615e-02  1.71132830e+08 -1.16458674e-01 
 1.84784980e+08 -5.89470622e-02  1.84784980e+08 -1.04046331e-01 
 1.99526231e+08 -5.46257221e-02  1.99526231e+08 -9.29131867e-02 
 2.15443469e+08 -5.04499066e-02  2.15443469e+08 -8.29653524e-02 
 2.32630507e+08 -4.64588899e-02  2.32630507e+08 -7.41070187e-02 
 2.51188643e+08 -4.26843621e-02  2.51188643e+08 -6.62419667e-02 
 2.71227258e+08 -3.91498410e-02  2.71227258e+08 -5.92752524e-02 
 2.92864456e+08 -3.58706624e-02  2.92864456e+08 -5.31148649e-02 
 3.16227766e+08 -3.28544592e-02  3.16227766e+08 -4.76731958e-02 
 3.41454887e+08 -3.01020066e-02  3.41454887e+08 -4.28682131e-02 
 3.68694506e+08 -2.76082951e-02  3.68694506e+08 -3.86242850e-02 
 3.98107171e+08 -2.53637049e-02  3.98107171e+08 -3.48726491e-02 
 4.29866235e+08 -2.33551727e-02  4.29866235e+08 -3.15515605e-02 
 4.64158883e+08 -2.15672750e-02  4.64158883e+08 -2.86061705e-02 
 5.01187234e+08 -1.99831770e-02  5.01187234e+08 -2.59882023e-02 
 5.41169527e+08 -1.85854234e-02  5.41169527e+08 -2.36554854e-02 
 5.84341413e+08 -1.73565651e-02  5.84341413e+08 -2.15714080e-02 
 6.30957344e+08 -1.62796333e-02  6.30957344e+08 -1.97043318e-02 
 6.81292069e+08 -1.53384752e-02  6.81292069e+08 -1.80270074e-02 
 7.35642254e+08 -1.45179759e-02  7.35642254e+08 -1.65160139e-02 
 7.94328235e+08 -1.38041855e-02  7.94328235e+08 -1.51512396e-02 
 8.57695899e+08 -1.31843749e-02  8.57695899e+08 -1.39154126e-02 
 9.26118728e+08 -1.26470376e-02  9.26118728e+08 -1.27936847e-02 
 1.00000000e+09 -1.21818528e-02  1.00000000e+09 -1.17732681e-02 
 1.07977516e+09 -1.17796240e-02  1.07977516e+09 -1.08431225e-02 
 1.16591440e+09 -1.14322009e-02  1.16591440e+09 -9.99368699e-03 
 1.25892541e+09 -1.11323940e-02  1.25892541e+09 -9.21665359e-03 
 1.35935639e+09 -1.08738860e-02  1.35935639e+09 -8.50477585e-03 
 1.46779927e+09 -1.06511447e-02  1.46779927e+09 -7.85170806e-03 
 1.58489319e+09 -1.04593391e-02  1.58489319e+09 -7.25187066e-03 
 1.71132830e+09 -1.02942607e-02  1.71132830e+09 -6.70033749e-03 
 1.84784980e+09 -1.01522511e-02  1.84784980e+09 -6.19274157e-03 
 1.99526231e+09 -1.00301359e-02  1.99526231e+09 -5.72519627e-03 
 2.15443469e+09 -9.92516478e-03  2.15443469e+09 -5.29422925e-03 
 2.32630507e+09 -9.83495835e-03  2.32630507e+09 -4.89672701e-03 
 2.51188643e+09 -9.75746032e-03  2.51188643e+09 -4.52988837e-03 
 2.71227258e+09 -9.69089551e-03  2.71227258e+09 -4.19118508e-03 
 2.92864456e+09 -9.63373281e-03  2.92864456e+09 -3.87832861e-03 
 3.16227766e+09 -9.58465258e-03  3.16227766e+09 -3.58924187e-03 
 3.41454887e+09 -9.54251823e-03  3.41454887e+09 -3.32203516e-03 
 3.68694506e+09 -9.50635138e-03  3.68694506e+09 -3.07498544e-03 
 3.98107171e+09 -9.47531026e-03  3.98107171e+09 -2.84651865e-03 
 4.29866235e+09 -9.44867096e-03  4.29866235e+09 -2.63519425e-03 
 4.64158883e+09 -9.42581114e-03  4.64158883e+09 -2.43969195e-03 
 5.01187234e+09 -9.40619595e-03  5.01187234e+09 -2.25879995e-03 
 5.41169527e+09 -9.38936589e-03  5.41169527e+09 -2.09140475e-03 
 5.84341413e+09 -9.37492625e-03  5.84341413e+09 -1.93648206e-03 
 6.30957344e+09 -9.36253806e-03  6.30957344e+09 -1.79308885e-03 
 6.81292069e+09 -9.35191028e-03  6.81292069e+09 -1.66035614e-03 
 7.35642254e+09 -9.34279306e-03  7.35642254e+09 -1.53748269e-03 
 7.94328235e+09 -9.33497191e-03  7.94328235e+09 -1.42372926e-03 
 8.57695899e+09 -9.32826275e-03  8.57695899e+09 -1.31841341e-03 
 9.26118728e+09 -9.32250761e-03  9.26118728e+09 -1.22090493e-03 
 1.00000000e+10 -9.31757091e-03  1.00000000e+10 -1.13062155e-03 
