 1.00000000e+00  2.39077041e+01  1.00000000e+00 -3.65155269e-05 
 1.07977516e+00  2.39077041e+01  1.07977516e+00 -3.94285590e-05 
 1.16591440e+00  2.39077041e+01  1.16591440e+00 -4.25739787e-05 
 1.25892541e+00  2.39077041e+01  1.25892541e+00 -4.59703248e-05 
 1.35935639e+00  2.39077041e+01  1.35935639e+00 -4.96376149e-05 
 1.46779927e+00  2.39077041e+01  1.46779927e+00 -5.35974637e-05 
 1.58489319e+00  2.39077041e+01  1.58489319e+00 -5.78732100e-05 
 1.71132830e+00  2.39077041e+01  1.71132830e+00 -6.24900548e-05 
 1.84784980e+00  2.39077041e+01  1.84784980e+00 -6.74752090e-05 
 1.99526231e+00  2.39077041e+01  1.99526231e+00 -7.28580548e-05 
 2.15443469e+00  2.39077041e+01  2.15443469e+00 -7.86703179e-05 
 2.32630507e+00  2.39077041e+01  2.32630507e+00 -8.49462553e-05 
 2.51188643e+00  2.39077041e+01  2.51188643e+00 -9.17228566e-05 
 2.71227258e+00  2.39077041e+01  2.71227258e+00 -9.90400624e-05 
 2.92864456e+00  2.39077041e+01  2.92864456e+00 -1.06940999e-04 
 3.16227766e+00  2.39077041e+01  3.16227766e+00 -1.15472235e-04 
 3.41454887e+00  2.39077041e+01  3.41454887e+00 -1.24684051e-04 
 3.68694506e+00  2.39077041e+01  3.68694506e+00 -1.34630742e-04 
 3.98107171e+00  2.39077041e+01  3.98107171e+00 -1.45370931e-04 
 4.29866235e+00  2.39077041e+01  4.29866235e+00 -1.56967921e-04 
 4.64158883e+00  2.39077041e+01  4.64158883e+00 -1.69490062e-04 
 5.01187234e+00  2.39077041e+01  5.01187234e+00 -1.83011159e-04 
 5.41169527e+00  2.39077041e+01  5.41169527e+00 -1.97610904e-04 
 5.84341413e+00  2.39077041e+01  5.84341413e+00 -2.13375346e-04 
 6.30957344e+00  2.39077041e+01  6.30957344e+00 -2.30397399e-04 
 6.81292069e+00  2.39077041e+01  6.81292069e+00 -2.48777389e-04 
 7.35642254e+00  2.39077041e+01  7.35642254e+00 -2.68623645e-04 
 7.94328235e+00  2.39077041e+01  7.94328235e+00 -2.90053140e-04 
 8.57695899e+00  2.39077041e+01  8.57695899e+00 -3.13192177e-04 
 9.26118728e+00  2.39077041e+01  9.26118728e+00 -3.38177133e-04 
 1.00000000e+01  2.39077041e+01  1.00000000e+01 -3.65155269e-04 
 1.07977516e+01  2.39077041e+01  1.07977516e+01 -3.94285590e-04 
 1.16591440e+01  2.39077041e+01  1.16591440e+01 -4.25739787e-04 
 1.25892541e+01  2.39077041e+01  1.25892541e+01 -4.59703248e-04 
 1.35935639e+01  2.39077041e+01  1.35935639e+01 -4.96376149e-04 
 1.46779927e+01  2.39077041e+01  1.46779927e+01 -5.35974637e-04 
 1.58489319e+01  2.39077041e+01  1.58489319e+01 -5.78732100e-04 
 1.71132830e+01  2.39077041e+01  1.71132830e+01 -6.24900547e-04 
 1.84784980e+01  2.39077041e+01  1.84784980e+01 -6.74752090e-04 
 1.99526231e+01  2.39077041e+01  1.99526231e+01 -7.28580547e-04 
 2.15443469e+01  2.39077041e+01  2.15443469e+01 -7.86703179e-04 
 2.32630507e+01  2.39077041e+01  2.32630507e+01 -8.49462552e-04 
 2.51188643e+01  2.39077041e+01  2.51188643e+01 -9.17228565e-04 
 2.71227258e+01  2.39077040e+01  2.71227258e+01 -9.90400622e-04 
 2.92864456e+01  2.39077040e+01  2.92864456e+01 -1.06940999e-03 
 3.16227766e+01  2.39077040e+01  3.16227766e+01 -1.15472235e-03 
 3.41454887e+01  2.39077040e+01  3.41454887e+01 -1.24684051e-03 
 3.68694506e+01  2.39077040e+01  3.68694506e+01 -1.34630741e-03 
 3.98107171e+01  2.39077040e+01  3.98107171e+01 -1.45370931e-03 
 4.29866235e+01  2.39077040e+01  4.29866235e+01 -1.56967920e-03 
 4.64158883e+01  2.39077040e+01  4.64158883e+01 -1.69490061e-03 
 5.01187234e+01  2.39077039e+01  5.01187234e+01 -1.83011158e-03 
 5.41169527e+01  2.39077039e+01  5.41169527e+01 -1.97610903e-03 
 5.84341413e+01  2.39077039e+01  5.84341413e+01 -2.13375344e-03 
 6.30957344e+01  2.39077039e+01  6.30957344e+01 -2.30397397e-03 
 6.81292069e+01  2.39077038e+01  6.81292069e+01 -2.48777386e-03 
 7.35642254e+01  2.39077038e+01  7.35642254e+01 -2.68623642e-03 
 7.94328235e+01  2.39077037e+01  7.94328235e+01 -2.90053136e-03 
 8.57695899e+01  2.39077037e+01  8.57695899e+01 -3.13192171e-03 
 9.26118728e+01  2.39077036e+01  9.26118728e+01 -3.38177127e-03 
 1.00000000e+02  2.39077035e+01  1.00000000e+02 -3.65155261e-03 
 1.07977516e+02  2.39077034e+01  1.07977516e+02 -3.94285579e-03 
 1.16591440e+02  2.39077033e+01  1.16591440e+02 -4.25739774e-03 
 1.25892541e+02  2.39077032e+01  1.25892541e+02 -4.59703231e-03 
 1.35935639e+02  2.39077031e+01  1.35935639e+02 -4.96376128e-03 
 1.46779927e+02  2.39077029e+01  1.46779927e+02 -5.35974610e-03 
 1.58489319e+02  2.39077027e+01  1.58489319e+02 -5.78732067e-03 
 1.71132830e+02  2.39077025e+01  1.71132830e+02 -6.24900505e-03 
 1.84784980e+02  2.39077022e+01  1.84784980e+02 -6.74752037e-03 
 1.99526231e+02  2.39077019e+01  1.99526231e+02 -7.28580481e-03 
 2.15443469e+02  2.39077015e+01  2.15443469e+02 -7.86703095e-03 
 2.32630507e+02  2.39077011e+01  2.32630507e+02 -8.49462446e-03 
 2.51188643e+02  2.39077006e+01  2.51188643e+02 -9.17228432e-03 
 2.71227258e+02  2.39077000e+01  2.71227258e+02 -9.90400455e-03 
 2.92864456e+02  2.39076993e+01  2.92864456e+02 -1.06940978e-02 
 3.16227766e+02  2.39076985e+01  3.16227766e+02 -1.15472208e-02 
 3.41454887e+02  2.39076976e+01  3.41454887e+02 -1.24684018e-02 
 3.68694506e+02  2.39076965e+01  3.68694506e+02 -1.34630699e-02 
 3.98107171e+02  2.39076953e+01  3.98107171e+02 -1.45370878e-02 
 4.29866235e+02  2.39076938e+01  4.29866235e+02 -1.56967853e-02 
 4.64158883e+02  2.39076921e+01  4.64158883e+02 -1.69489977e-02 
 5.01187234e+02  2.39076901e+01  5.01187234e+02 -1.83011052e-02 
 5.41169527e+02  2.39076878e+01  5.41169527e+02 -1.97610770e-02 
 5.84341413e+02  2.39076851e+01  5.84341413e+02 -2.13375177e-02 
 6.30957344e+02  2.39076819e+01  6.30957344e+02 -2.30397186e-02 
 6.81292069e+02  2.39076783e+01  6.81292069e+02 -2.48777121e-02 
 7.35642254e+02  2.39076740e+01  7.35642254e+02 -2.68623308e-02 
 7.94328235e+02  2.39076690e+01  7.94328235e+02 -2.90052715e-02 
 8.57695899e+02  2.39076631e+01  8.57695899e+02 -3.13191642e-02 
 9.26118728e+02  2.39076564e+01  9.26118728e+02 -3.38176460e-02 
 1.00000000e+03  2.39076484e+01  1.00000000e+03 -3.65154421e-02 
 1.07977516e+03  2.39076392e+01  1.07977516e+03 -3.94284522e-02 
 1.16591440e+03  2.39076284e+01  1.16591440e+03 -4.25738443e-02 
 1.25892541e+03  2.39076159e+01  1.25892541e+03 -4.59701555e-02 
 1.35935639e+03  2.39076012e+01  1.35935639e+03 -4.96374018e-02 
 1.46779927e+03  2.39075842e+01  1.46779927e+03 -5.35971954e-02 
 1.58489319e+03  2.39075643e+01  1.58489319e+03 -5.78728723e-02 
 1.71132830e+03  2.39075411e+01  1.71132830e+03 -6.24896296e-02 
 1.84784980e+03  2.39075140e+01  1.84784980e+03 -6.74746737e-02 
 1.99526231e+03  2.39074825e+01  1.99526231e+03 -7.28573809e-02 
 2.15443469e+03  2.39074457e+01  2.15443469e+03 -7.86694696e-02 
 2.32630507e+03  2.39074029e+01  2.32630507e+03 -8.49451873e-02 
 2.51188643e+03  2.39073529e+01  2.51188643e+03 -9.17215120e-02 
 2.71227258e+03  2.39072946e+01  2.71227258e+03 -9.90383697e-02 
 2.92864456e+03  2.39072267e+01  2.92864456e+03 -1.06938868e-01 
 3.16227766e+03  2.39071475e+01  3.16227766e+03 -1.15469552e-01 
 3.41454887e+03  2.39070552e+01  3.41454887e+03 -1.24680674e-01 
 3.68694506e+03  2.39069475e+01  3.68694506e+03 -1.34626490e-01 
 3.98107171e+03  2.39068220e+01  3.98107171e+03 -1.45365578e-01 
 4.29866235e+03  2.39066756e+01  4.29866235e+03 -1.56961182e-01 
 4.64158883e+03  2.39065050e+01  4.64158883e+03 -1.69481578e-01 
 5.01187234e+03  2.39063061e+01  5.01187234e+03 -1.83000479e-01 
 5.41169527e+03  2.39060741e+01  5.41169527e+03 -1.97597459e-01 
 5.84341413e+03  2.39058037e+01  5.84341413e+03 -2.13358420e-01 
 6.30957344e+03  2.39054884e+01  6.30957344e+03 -2.30376090e-01 
 6.81292069e+03  2.39051209e+01  6.81292069e+03 -2.48750563e-01 
 7.35642254e+03  2.39046923e+01  7.35642254e+03 -2.68589874e-01 
 7.94328235e+03  2.39041927e+01  7.94328235e+03 -2.90010626e-01 
 8.57695899e+03  2.39036102e+01  8.57695899e+03 -3.13138656e-01 
 9.26118728e+03  2.39029311e+01  9.26118728e+03 -3.38109756e-01 
 1.00000000e+04  2.39021394e+01  1.00000000e+04 -3.65070449e-01 
 1.07977516e+04  2.39012164e+01  1.07977516e+04 -3.94178812e-01 
 1.16591440e+04  2.39001403e+01  1.16591440e+04 -4.25605367e-01 
 1.25892541e+04  2.38988859e+01  1.25892541e+04 -4.59534032e-01 
 1.35935639e+04  2.38974234e+01  1.35935639e+04 -4.96163132e-01 
 1.46779927e+04  2.38957186e+01  1.46779927e+04 -5.35706484e-01 
 1.58489319e+04  2.38937312e+01  1.58489319e+04 -5.78394544e-01 
 1.71132830e+04  2.38914144e+01  1.71132830e+04 -6.24475630e-01 
 1.84784980e+04  2.38887139e+01  1.84784980e+04 -6.74217211e-01 
 1.99526231e+04  2.38855661e+01  1.99526231e+04 -7.27907263e-01 
 2.15443469e+04  2.38818970e+01  2.15443469e+04 -7.85855694e-01 
 2.32630507e+04  2.38776206e+01  2.32630507e+04 -8.48395823e-01 
 2.51188643e+04  2.38726366e+01  2.51188643e+04 -9.15885912e-01 
 2.71227258e+04  2.38668284e+01  2.71227258e+04 -9.88710733e-01 
 2.92864456e+04  2.38600600e+01  2.92864456e+04 -1.06728315e+00 
 3.16227766e+04  2.38521735e+01  3.16227766e+04 -1.15204570e+00 
 3.41454887e+04  2.38429850e+01  3.41454887e+04 -1.24347210e+00 
 3.68694506e+04  2.38322810e+01  3.68694506e+04 -1.34206874e+00 
 3.98107171e+04  2.38198131e+01  3.98107171e+04 -1.44837591e+00 
 4.29866235e+04  2.38052931e+01  4.29866235e+04 -1.56296894e+00 
 4.64158883e+04  2.37883863e+01  4.64158883e+04 -1.68645888e+00 
 5.01187234e+04  2.37687046e+01  5.01187234e+04 -1.81949285e+00 
 5.41169527e+04  2.37457984e+01  5.41169527e+04 -1.96275370e+00 
 5.84341413e+04  2.37191474e+01  5.84341413e+04 -2.11695891e+00 
 6.30957344e+04  2.36881498e+01  6.30957344e+04 -2.28285847e+00 
 6.81292069e+04  2.36521113e+01  6.81292069e+04 -2.46123139e+00 
 7.35642254e+04  2.36102313e+01  7.35642254e+04 -2.65288047e+00 
 7.94328235e+04  2.35615894e+01  7.94328235e+04 -2.85862505e+00 
 8.57695899e+04  2.35051290e+01  8.57695899e+04 -3.07929095e+00 
 9.26118728e+04  2.34396410e+01  9.26118728e+04 -3.31569728e+00 
 1.00000000e+05  2.33637459e+01  1.00000000e+05 -3.56863917e+00 
 1.07977516e+05  2.32758756e+01  1.07977516e+05 -3.83886572e+00 
 1.16591440e+05  2.31742557e+01  1.16591440e+05 -4.12705236e+00 
 1.25892541e+05  2.30568879e+01  1.25892541e+05 -4.43376653e+00 
 1.35935639e+05  2.29215362e+01  1.35935639e+05 -4.75942588e+00 
 1.46779927e+05  2.27657164e+01  1.46779927e+05 -5.10424811e+00 
 1.58489319e+05  2.25866921e+01  1.58489319e+05 -5.46819177e+00 
 1.71132830e+05  2.23814805e+01  1.71132830e+05 -5.85088792e+00 
 1.84784980e+05  2.21468704e+01  1.84784980e+05 -6.25156294e+00 
 1.99526231e+05  2.18794571e+01  1.99526231e+05 -6.66895390e+00 
 2.15443469e+05  2.15756995e+01  2.15443469e+05 -7.10121906e+00 
 2.32630507e+05  2.12320010e+01  2.32630507e+05 -7.54584789e+00 
 2.51188643e+05  2.08448219e+01  2.51188643e+05 -7.99957697e+00 
 2.71227258e+05  2.04108235e+01  2.71227258e+05 -8.45832020e+00 
 2.92864456e+05  1.99270455e+01  2.92864456e+05 -8.91712443e+00 
 3.16227766e+05  1.93911140e+01  3.16227766e+05 -9.37016288e+00 
 3.41454887e+05  1.88014723e+01  3.41454887e+05 -9.81078009e+00 
 3.68694506e+05  1.81576220e+01  3.68694506e+05 -1.02316010e+01 
 3.98107171e+05  1.74603554e+01  3.98107171e+05 -1.06247133e+01 
 4.29866235e+05  1.67119546e+01  4.29866235e+05 -1.09819276e+01 
 4.64158883e+05  1.59163308e+01  4.64158883e+05 -1.12951086e+01 
 5.01187234e+05  1.50790746e+01  5.01187234e+05 -1.15565633e+01 
 5.41169527e+05  1.42073972e+01  5.41169527e+05 -1.17594568e+01 
 5.84341413e+05  1.33099483e+01  5.84341413e+05 -1.18982207e+01 
 6.30957344e+05  1.23965129e+01  6.30957344e+05 -1.19689114e+01 
 6.81292069e+05  1.14776053e+01  6.81292069e+05 -1.19694769e+01 
 7.35642254e+05  1.05639939e+01  7.35642254e+05 -1.18999003e+01 
 7.94328235e+05  9.66620122e+00  7.94328235e+05 -1.17622007e+01 
 8.57695899e+05  8.79402765e+00  8.57695899e+05 -1.15602925e+01 
 9.26118728e+05  7.95614425e+00  9.26118728e+05 -1.12997198e+01 
 1.00000000e+06  7.15978768e+00  1.00000000e+06 -1.09872998e+01 
 1.07977516e+06  6.41057607e+00  1.07977516e+06 -1.06307149e+01 
 1.16591440e+06  5.71244785e+00  1.16591440e+06 -1.02380959e+01 
 1.25892541e+06  5.06771103e+00  1.25892541e+06 -9.81763431e+00 
 1.35935639e+06  4.47718088e+00  1.35935639e+06 -9.37724885e+00 
 1.46779927e+06  3.94037839e+00  1.46779927e+06 -8.92432500e+00 
 1.58489319e+06  3.45576231e+00  1.58489319e+06 -8.46553087e+00 
 1.71132830e+06  3.02097018e+00  1.71132830e+06 -8.00670717e+00 
 1.84784980e+06  2.63304958e+00  1.84784980e+06 -7.55282125e+00 
 1.99526231e+06  2.28866652e+00  1.99526231e+06 -7.10797292e+00 
 2.15443469e+06  1.98428334e+00  2.15443469e+06 -6.67543834e+00 
 2.32630507e+06  1.71630359e+00  2.32630507e+06 -6.25773950e+00 
 2.51188643e+06  1.48118424e+00  2.51188643e+06 -5.85672809e+00 
 2.71227258e+06  1.27551810e+00  2.71227258e+06 -5.47367553e+00 
 2.92864456e+06  1.09609046e+00  2.92864456e+06 -5.10936246e+00 
 3.16227766e+06  9.39914534e-01  3.16227766e+06 -4.76416346e+00 
 3.41454887e+06  8.04249907e-01  3.41454887e+06 -4.43812442e+00 
 3.68694506e+06  6.86608250e-01  3.68694506e+06 -4.13103100e+00 
 3.98107171e+06  5.84749595e-01  3.98107171e+06 -3.84246800e+00 
 4.29866235e+06  4.96672129e-01  4.29866235e+06 -3.57186961e+00 
 4.64158883e+06  4.20597784e-01  4.64158883e+06 -3.31856142e+00 
 5.01187234e+06  3.54955356e-01  5.01187234e+06 -3.08179476e+00 
 5.41169527e+06  2.98362515e-01  5.41169527e+06 -2.86077451e+00 
 5.84341413e+06  2.49607609e-01  5.84341413e+06 -2.65468124e+00 
 6.30957344e+06  2.07631957e-01  6.30957344e+06 -2.46268845e+00 
 6.81292069e+06  1.71513030e-01  6.81292069e+06 -2.28397594e+00 
 7.35642254e+06  1.40448798e-01  7.35642254e+06 -2.11773983e+00 
 7.94328235e+06  1.13743371e-01  7.94328235e+06 -1.96319988e+00 
 8.57695899e+06  9.07939839e-02  8.57695899e+06 -1.81960477e+00 
 9.26118728e+06  7.10792965e-02  9.26118728e+06 -1.68623554e+00 
 1.00000000e+07  5.41489752e-02  1.00000000e+07 -1.56240779e+00 
 1.07977516e+07  3.96144560e-02  1.07977516e+07 -1.44747279e+00 
 1.16591440e+07  2.71408064e-02  1.16591440e+07 -1.34081779e+00 
 1.25892541e+07  1.64395840e-02  1.25892541e+07 -1.24186572e+00 
 1.35935639e+07  7.26259166e-03  1.35935639e+07 -1.15007447e+00 
 1.46779927e+07 -6.03564686e-04  1.46779927e+07 -1.06493579e+00 
 1.58489319e+07 -7.34220691e-03  1.58489319e+07 -9.85974043e-01 
 1.71132830e+07 -1.31106875e-02  1.71132830e+07 -9.12744743e-01 
 1.84784980e+07 -1.80439402e-02  1.84784980e+07 -8.44833028e-01 
 1.99526231e+07 -2.22575463e-02  1.99526231e+07 -7.81852098e-01 
 2.15443469e+07 -2.58503796e-02  2.15443469e+07 -7.23441641e-01 
 2.32630507e+07 -2.89068822e-02  2.32630507e+07 -6.69266281e-01 
 2.51188643e+07 -3.14990213e-02  2.51188643e+07 -6.19014068e-01 
 2.71227258e+07 -3.36879682e-02  2.71227258e+07 -5.72395024e-01 
 2.92864456e+07 -3.55255385e-02  2.92864456e+07 -5.29139750e-01 
 3.16227766e+07 -3.70554245e-02  3.16227766e+07 -4.88998119e-01 
 3.41454887e+07 -3.83142517e-02  3.41454887e+07 -4.51738037e-01 
 3.68694506e+07 -3.93324842e-02  3.68694506e+07 -4.17144292e-01 
 3.98107171e+07 -4.01352033e-02  3.98107171e+07 -3.85017494e-01 
 4.29866235e+07 -4.07427811e-02  4.29866235e+07 -3.55173087e-01 
 4.64158883e+07 -4.11714696e-02  4.64158883e+07 -3.27440459e-01 
 5.01187234e+07 -4.14339258e-02  5.01187234e+07 -3.01662130e-01 
 5.41169527e+07 -4.15396896e-02  5.41169527e+07 -2.77693018e-01 
 5.84341413e+07 -4.14956348e-02  5.84341413e+07 -2.55399784e-01 
 6.30957344e+07 -4.13064100e-02  6.30957344e+07 -2.34660239e-01 
 6.81292069e+07 -4.09748862e-02  6.81292069e+07 -2.15362802e-01 
 7.35642254e+07 -4.05026249e-02  7.35642254e+07 -1.97406001e-01 
 7.94328235e+07 -3.98903796e-02  7.94328235e+07 -1.80697989e-01 
 8.57695899e+07 -3.91386337e-02  8.57695899e+07 -1.65156044e-01 
 9.26118728e+07 -3.82481754e-02  9.26118728e+07 -1.50706044e-01 
 1.00000000e+08 -3.72206960e-02  1.00000000e+08 -1.37281866e-01 
 1.07977516e+08 -3.60593875e-02  1.07977516e+08 -1.24824689e-01 
 1.16591440e+08 -3.47695049e-02  1.16591440e+08 -1.13282190e-01 
 1.25892541e+08 -3.33588436e-02  1.25892541e+08 -1.02607604e-01 
 1.35935639e+08 -3.18380801e-02  1.35935639e+08 -9.27586798e-02 
 1.46779927e+08 -3.02209208e-02  1.46779927e+08 -8.36965423e-02 
 1.58489319e+08 -2.85240180e-02  1.58489319e+08 -7.53845354e-02 
 1.71132830e+08 -2.67666295e-02  1.71132830e+08 -6.77871052e-02 
 1.84784980e+08 -2.49700283e-02  1.84784980e+08 -6.08688123e-02 
 1.99526231e+08 -2.31567037e-02  1.99526231e+08 -5.45935546e-02 
 2.15443469e+08 -2.13494220e-02  2.15443469e+08 -4.89240608e-02 
 2.32630507e+08 -1.95702413e-02  2.32630507e+08 -4.38216909e-02 
 2.51188643e+08 -1.78395763e-02  2.51188643e+08 -3.92465373e-02 
 2.71227258e+08 -1.61754055e-02  2.71227258e+08 -3.51577887e-02 
 2.92864456e+08 -1.45926856e-02  2.92864456e+08 -3.15142880e-02 
 3.16227766e+08 -1.31030095e-02  3.16227766e+08 -2.82751992e-02 
 3.41454887e+08 -1.17145100e-02  3.41454887e+08 -2.54006987e-02 
 3.68694506e+08 -1.04319823e-02  3.68694506e+08 -2.28526163e-02 
 3.98107171e+08 -9.25718076e-03  3.98107171e+08 -2.05949710e-02 
 4.29866235e+08 -8.18923263e-03  4.29866235e+08 -1.85943696e-02 
 4.64158883e+08 -7.22511579e-03  4.64158883e+08 -1.68202584e-02 
 5.01187234e+08 -6.36015051e-03  5.01187234e+08 -1.52450354e-02 
 5.41169527e+08 -5.58846859e-03  5.41169527e+08 -1.38440410e-02 
 5.84341413e+08 -4.90343427e-03  5.84341413e+08 -1.25954534e-02 
 6.30957344e+08 -4.29800264e-03  6.30957344e+08 -1.14801152e-02 
 6.81292069e+08 -3.76501040e-03  6.81292069e+08 -1.04813164e-02 
 7.35642254e+08 -3.29740071e-03  7.35642254e+08 -9.58455397e-03 
 7.94328235e+08 -2.88838797e-03  7.94328235e+08 -8.77728602e-03 
 8.57695899e+08 -2.53157089e-03  8.57695899e+08 -8.04869246e-03 
 9.26118728e+08 -2.22100288e-03  9.26118728e+08 -7.38944962e-03 
 1.00000000e+09 -1.95122875e-03  1.00000000e+09 -6.79152450e-03 
 1.07977516e+09 -1.71729581e-03  1.07977516e+09 -6.24799058e-03 
 1.16591440e+09 -1.51474626e-03  1.16591440e+09 -5.75286567e-03 
 1.25892541e+09 -1.33959672e-03  1.25892541e+09 -5.30097116e-03 
 1.35935639e+09 -1.18830933e-03  1.35935639e+09 -4.88781103e-03 
 1.46779927e+09 -1.05775807e-03  1.46779927e+09 -4.50946873e-03 
 1.58489319e+09 -9.45192841e-04  1.58489319e+09 -4.16251982e-03 
 1.71132830e+09 -8.48203222e-04  1.71132830e+09 -3.84395839e-03 
 1.84784980e+09 -7.64683150e-04  1.84784980e+09 -3.55113516e-03 
 1.99526231e+09 -6.92797461e-04  1.99526231e+09 -3.28170567e-03 
 2.15443469e+09 -6.30950733e-04  2.15443469e+09 -3.03358681e-03 
 2.32630507e+09 -5.77758722e-04  2.32630507e+09 -2.80492044e-03 
 2.51188643e+09 -5.32022470e-04  2.51188643e+09 -2.59404287e-03 
 2.71227258e+09 -4.92705052e-04  2.71227258e+09 -2.39945925e-03 
 2.92864456e+09 -4.58910844e-04  2.92864456e+09 -2.21982192e-03 
 3.16227766e+09 -4.29867149e-04  3.16227766e+09 -2.05391225e-03 
 3.41454887e+09 -4.04907986e-04  3.41454887e+09 -1.90062508e-03 
 3.68694506e+09 -3.83459846e-04  3.68694506e+09 -1.75895562e-03 
 3.98107171e+09 -3.65029219e-04  3.98107171e+09 -1.62798814e-03 
 4.29866235e+09 -3.49191689e-04  4.29866235e+09 -1.50688632e-03 
 4.64158883e+09 -3.35582435e-04  4.64158883e+09 -1.39488494e-03 
 5.01187234e+09 -3.23887974e-04  5.01187234e+09 -1.29128261e-03 
 5.41169527e+09 -3.13838988e-04  5.41169527e+09 -1.19543555e-03 
 5.84341413e+09 -3.05204127e-04  5.84341413e+09 -1.10675209e-03 
 6.30957344e+09 -2.97784648e-04  6.30957344e+09 -1.02468786e-03 
 6.81292069e+09 -2.91409806e-04  6.81292069e+09 -9.48741572e-04 
 7.35642254e+09 -2.85932878e-04  7.35642254e+09 -8.78451219e-04 
 7.94328235e+09 -2.81227767e-04  7.94328235e+09 -8.13390765e-04 
 8.57695899e+09 -2.77186077e-04  8.57695899e+09 -7.53167116e-04 
 9.26118728e+09 -2.73714611e-04  9.26118728e+09 -6.97417420e-04 
 1.00000000e+10 -2.70733234e-04  1.00000000e+10 -6.45806610e-04 
