 1.00000000e+00  2.78767077e+02  1.00000000e+00 -3.05138955e-03 
 1.07977516e+00  2.78767077e+02  1.07977516e+00 -3.29481464e-03 
 1.16591440e+00  2.78767077e+02  1.16591440e+00 -3.55765901e-03 
 1.25892541e+00  2.78767077e+02  1.25892541e+00 -3.84147184e-03 
 1.35935639e+00  2.78767077e+02  1.35935639e+00 -4.14792588e-03 
 1.46779927e+00  2.78767077e+02  1.46779927e+00 -4.47882734e-03 
 1.58489319e+00  2.78767077e+02  1.58489319e+00 -4.83612652e-03 
 1.71132830e+00  2.78767077e+02  1.71132830e+00 -5.22192929e-03 
 1.84784980e+00  2.78767077e+02  1.84784980e+00 -5.63850955e-03 
 1.99526231e+00  2.78767077e+02  1.99526231e+00 -6.08832257e-03 
 2.15443469e+00  2.78767077e+02  2.15443469e+00 -6.57401949e-03 
 2.32630507e+00  2.78767077e+02  2.32630507e+00 -7.09846296e-03 
 2.51188643e+00  2.78767077e+02  2.51188643e+00 -7.66474399e-03 
 2.71227258e+00  2.78767077e+02  2.71227258e+00 -8.27620019e-03 
 2.92864456e+00  2.78767077e+02  2.92864456e+00 -8.93643540e-03 
 3.16227766e+00  2.78767077e+02  3.16227766e+00 -9.64934098e-03 
 3.41454887e+00  2.78767077e+02  3.41454887e+00 -1.04191187e-02 
 3.68694506e+00  2.78767077e+02  3.68694506e+00 -1.12503056e-02 
 3.98107171e+00  2.78767077e+02  3.98107171e+00 -1.21478006e-02 
 4.29866235e+00  2.78767077e+02  4.29866235e+00 -1.31168933e-02 
 4.64158883e+00  2.78767076e+02  4.64158883e+00 -1.41632956e-02 
 5.01187234e+00  2.78767076e+02  5.01187234e+00 -1.52931748e-02 
 5.41169527e+00  2.78767076e+02  5.41169527e+00 -1.65131903e-02 
 5.84341413e+00  2.78767076e+02  5.84341413e+00 -1.78305327e-02 
 6.30957344e+00  2.78767076e+02  6.30957344e+00 -1.92529664e-02 
 6.81292069e+00  2.78767076e+02  6.81292069e+00 -2.07888749e-02 
 7.35642254e+00  2.78767075e+02  7.35642254e+00 -2.24473107e-02 
 7.94328235e+00  2.78767075e+02  7.94328235e+00 -2.42380485e-02 
 8.57695899e+00  2.78767075e+02  8.57695899e+00 -2.61716428e-02 
 9.26118728e+00  2.78767074e+02  9.26118728e+00 -2.82594898e-02 
 1.00000000e+01  2.78767074e+02  1.00000000e+01 -3.05138951e-02 
 1.07977516e+01  2.78767073e+02  1.07977516e+01 -3.29481460e-02 
 1.16591440e+01  2.78767073e+02  1.16591440e+01 -3.55765896e-02 
 1.25892541e+01  2.78767072e+02  1.25892541e+01 -3.84147177e-02 
 1.35935639e+01  2.78767071e+02  1.35935639e+01 -4.14792579e-02 
 1.46779927e+01  2.78767070e+02  1.46779927e+01 -4.47882723e-02 
 1.58489319e+01  2.78767069e+02  1.58489319e+01 -4.83612637e-02 
 1.71132830e+01  2.78767067e+02  1.71132830e+01 -5.22192911e-02 
 1.84784980e+01  2.78767066e+02  1.84784980e+01 -5.63850932e-02 
 1.99526231e+01  2.78767064e+02  1.99526231e+01 -6.08832228e-02 
 2.15443469e+01  2.78767062e+02  2.15443469e+01 -6.57401912e-02 
 2.32630507e+01  2.78767059e+02  2.32630507e+01 -7.09846250e-02 
 2.51188643e+01  2.78767056e+02  2.51188643e+01 -7.66474342e-02 
 2.71227258e+01  2.78767053e+02  2.71227258e+01 -8.27619947e-02 
 2.92864456e+01  2.78767049e+02  2.92864456e+01 -8.93643449e-02 
 3.16227766e+01  2.78767044e+02  3.16227766e+01 -9.64933984e-02 
 3.41454887e+01  2.78767038e+02  3.41454887e+01 -1.04191173e-01 
 3.68694506e+01  2.78767032e+02  3.68694506e+01 -1.12503038e-01 
 3.98107171e+01  2.78767024e+02  3.98107171e+01 -1.21477983e-01 
 4.29866235e+01  2.78767016e+02  4.29866235e+01 -1.31168904e-01 
 4.64158883e+01  2.78767005e+02  4.64158883e+01 -1.41632920e-01 
 5.01187234e+01  2.78766993e+02  5.01187234e+01 -1.52931703e-01 
 5.41169527e+01  2.78766979e+02  5.41169527e+01 -1.65131846e-01 
 5.84341413e+01  2.78766963e+02  5.84341413e+01 -1.78305255e-01 
 6.30957344e+01  2.78766944e+02  6.30957344e+01 -1.92529573e-01 
 6.81292069e+01  2.78766922e+02  6.81292069e+01 -2.07888634e-01 
 7.35642254e+01  2.78766897e+02  7.35642254e+01 -2.24472963e-01 
 7.94328235e+01  2.78766867e+02  7.94328235e+01 -2.42380304e-01 
 8.57695899e+01  2.78766832e+02  8.57695899e+01 -2.61716199e-01 
 9.26118728e+01  2.78766791e+02  9.26118728e+01 -2.82594610e-01 
 1.00000000e+02  2.78766743e+02  1.00000000e+02 -3.05138589e-01 
 1.07977516e+02  2.78766688e+02  1.07977516e+02 -3.29481004e-01 
 1.16591440e+02  2.78766623e+02  1.16591440e+02 -3.55765323e-01 
 1.25892541e+02  2.78766548e+02  1.25892541e+02 -3.84146455e-01 
 1.35935639e+02  2.78766460e+02  1.35935639e+02 -4.14791671e-01 
 1.46779927e+02  2.78766358e+02  1.46779927e+02 -4.47881579e-01 
 1.58489319e+02  2.78766239e+02  1.58489319e+02 -4.83611198e-01 
 1.71132830e+02  2.78766099e+02  1.71132830e+02 -5.22191099e-01 
 1.84784980e+02  2.78765937e+02  1.84784980e+02 -5.63848651e-01 
 1.99526231e+02  2.78765748e+02  1.99526231e+02 -6.08829356e-01 
 2.15443469e+02  2.78765528e+02  2.15443469e+02 -6.57398296e-01 
 2.32630507e+02  2.78765271e+02  2.32630507e+02 -7.09841698e-01 
 2.51188643e+02  2.78764971e+02  2.51188643e+02 -7.66468611e-01 
 2.71227258e+02  2.78764621e+02  2.71227258e+02 -8.27612732e-01 
 2.92864456e+02  2.78764214e+02  2.92864456e+02 -8.93634366e-01 
 3.16227766e+02  2.78763739e+02  3.16227766e+02 -9.64922549e-01 
 3.41454887e+02  2.78763185e+02  3.41454887e+02 -1.04189733e+00 
 3.68694506e+02  2.78762539e+02  3.68694506e+02 -1.12501226e+00 
 3.98107171e+02  2.78761786e+02  3.98107171e+02 -1.21475701e+00 
 4.29866235e+02  2.78760908e+02  4.29866235e+02 -1.31166032e+00 
 4.64158883e+02  2.78759885e+02  4.64158883e+02 -1.41629304e+00 
 5.01187234e+02  2.78758692e+02  5.01187234e+02 -1.52927150e+00 
 5.41169527e+02  2.78757300e+02  5.41169527e+02 -1.65126115e+00 
 5.84341413e+02  2.78755678e+02  5.84341413e+02 -1.78298040e+00 
 6.30957344e+02  2.78753787e+02  6.30957344e+02 -1.92520490e+00 
 6.81292069e+02  2.78751582e+02  6.81292069e+02 -2.07877200e+00 
 7.35642254e+02  2.78749011e+02  7.35642254e+02 -2.24458568e+00 
 7.94328235e+02  2.78746014e+02  7.94328235e+02 -2.42362182e+00 
 8.57695899e+02  2.78742520e+02  8.57695899e+02 -2.61693386e+00 
 9.26118728e+02  2.78738446e+02  9.26118728e+02 -2.82565890e+00 
 1.00000000e+03  2.78733696e+02  1.00000000e+03 -3.05102433e+00 
 1.07977516e+03  2.78728159e+02  1.07977516e+03 -3.29435487e+00 
 1.16591440e+03  2.78721703e+02  1.16591440e+03 -3.55708021e+00 
 1.25892541e+03  2.78714176e+02  1.25892541e+03 -3.84074319e+00 
 1.35935639e+03  2.78705401e+02  1.35935639e+03 -4.14700859e+00 
 1.46779927e+03  2.78695170e+02  1.46779927e+03 -4.47767258e+00 
 1.58489319e+03  2.78683243e+02  1.58489319e+03 -4.83467283e+00 
 1.71132830e+03  2.78669339e+02  1.71132830e+03 -5.22009930e+00 
 1.84784980e+03  2.78653129e+02  1.84784980e+03 -5.63620586e+00 
 1.99526231e+03  2.78634233e+02  1.99526231e+03 -6.08542259e+00 
 2.15443469e+03  2.78612204e+02  2.15443469e+03 -6.57036892e+00 
 2.32630507e+03  2.78586525e+02  2.32630507e+03 -7.09386759e+00 
 2.51188643e+03  2.78556592e+02  2.51188643e+03 -7.65895938e+00 
 2.71227258e+03  2.78521700e+02  2.71227258e+03 -8.26891871e+00 
 2.92864456e+03  2.78481030e+02  2.92864456e+03 -8.92726990e+00 
 3.16227766e+03  2.78433627e+02  3.16227766e+03 -9.63780426e+00 
 3.41454887e+03  2.78378380e+02  3.41454887e+03 -1.04045977e+01 
 3.68694506e+03  2.78313995e+02  3.68694506e+03 -1.12320290e+01 
 3.98107171e+03  2.78238964e+02  3.98107171e+03 -1.21247979e+01 
 4.29866235e+03  2.78151536e+02  4.29866235e+03 -1.30879437e+01 
 4.64158883e+03  2.78049672e+02  4.64158883e+03 -1.41268636e+01 
 5.01187234e+03  2.77931000e+02  5.01187234e+03 -1.52473292e+01 
 5.41169527e+03  2.77792768e+02  5.41169527e+03 -1.64555028e+01 
 5.84341413e+03  2.77631774e+02  5.84341413e+03 -1.77579505e+01 
 6.30957344e+03  2.77444304e+02  6.30957344e+03 -1.91616524e+01 
 6.81292069e+03  2.77226050e+02  6.81292069e+03 -2.06740078e+01 
 7.35642254e+03  2.76972017e+02  7.35642254e+03 -2.23028341e+01 
 7.94328235e+03  2.76676423e+02  7.94328235e+03 -2.40563573e+01 
 8.57695899e+03  2.76332581e+02  8.57695899e+03 -2.59431911e+01 
 9.26118728e+03  2.75932768e+02  9.26118728e+03 -2.79723021e+01 
 1.00000000e+04  2.75468077e+02  1.00000000e+04 -3.01529558e+01 
 1.07977516e+04  2.74928260e+02  1.07977516e+04 -3.24946404e+01 
 1.16591440e+04  2.74301542e+02  1.16591440e+04 -3.50069607e+01 
 1.25892541e+04  2.73574440e+02  1.25892541e+04 -3.76994975e+01 
 1.35935639e+04  2.72731551e+02  1.35935639e+04 -4.05816218e+01 
 1.46779927e+04  2.71755346e+02  1.46779927e+04 -4.36622584e+01 
 1.58489319e+04  2.70625957e+02  1.58489319e+04 -4.69495847e+01 
 1.71132830e+04  2.69320977e+02  1.71132830e+04 -5.04506582e+01 
 1.84784980e+04  2.67815275e+02  1.84784980e+04 -5.41709584e+01 
 1.99526231e+04  2.66080866e+02  1.99526231e+04 -5.81138352e+01 
 2.15443469e+04  2.64086832e+02  2.15443469e+04 -6.22798538e+01 
 2.32630507e+04  2.61799350e+02  2.32630507e+04 -6.66660333e+01 
 2.51188643e+04  2.59181852e+02  2.51188643e+04 -7.12649797e+01 
 2.71227258e+04  2.56195366e+02  2.71227258e+04 -7.60639259e+01 
 2.92864456e+04  2.52799086e+02  2.92864456e+04 -8.10437035e+01 
 3.16227766e+04  2.48951223e+02  3.16227766e+04 -8.61776905e+01 
 3.41454887e+04  2.44610192e+02  3.41454887e+04 -9.14307999e+01 
 3.68694506e+04  2.39736168e+02  3.68694506e+04 -9.67586025e+01 
 3.98107171e+04  2.34293030e+02  3.98107171e+04 -1.02106699e+02 
 4.29866235e+04  2.28250671e+02  4.29866235e+04 -1.07410487e+02 
 4.64158883e+04  2.21587620e+02  4.64158883e+04 -1.12595474e+02 
 5.01187234e+04  2.14293823e+02  5.01187234e+04 -1.17578294e+02 
 5.41169527e+04  2.06373416e+02  5.41169527e+04 -1.22268551e+02 
 5.84341413e+04  1.97847197e+02  5.84341413e+04 -1.26571554e+02 
 6.30957344e+04  1.88754506e+02  6.30957344e+04 -1.30391928e+02 
 6.81292069e+04  1.79154177e+02  6.81292069e+04 -1.33637943e+02 
 7.35642254e+04  1.69124282e+02  7.35642254e+04 -1.36226296e+02 
 7.94328235e+04  1.58760476e+02  7.94328235e+04 -1.38086950e+02 
 8.57695899e+04  1.48172906e+02  8.57695899e+04 -1.39167538e+02 
 9.26118728e+04  1.37481833e+02  9.26118728e+04 -1.39436864e+02 
 1.00000000e+05  1.26812306e+02  1.00000000e+05 -1.38887060e+02 
 1.07977516e+05  1.16288371e+02  1.07977516e+05 -1.37534147e+02 
 1.16591440e+05  1.06027380e+02  1.16591440e+05 -1.35416902e+02 
 1.25892541e+05  9.61349408e+01  1.25892541e+05 -1.32594207e+02 
 1.35935639e+05  8.67009523e+01  1.35935639e+05 -1.29141180e+02 
 1.46779927e+05  7.77969989e+01  1.46779927e+05 -1.25144566e+02 
 1.58489319e+05  6.94751882e+01  1.58489319e+05 -1.20697868e+02 
 1.71132830e+05  6.17683369e+01  1.71132830e+05 -1.15896685e+02 
 1.84784980e+05  5.46912771e+01  1.84784980e+05 -1.10834597e+02 
 1.99526231e+05  4.82429757e+01  1.99526231e+05 -1.05599851e+02 
 2.15443469e+05  4.24091441e+01  2.15443469e+05 -1.00272932e+02 
 2.32630507e+05  3.71650379e+01  2.32630507e+05 -9.49250135e+01 
 2.51188643e+05  3.24782056e+01  2.51188643e+05 -8.96172027e+01 
 2.71227258e+05  2.83110118e+01  2.71227258e+05 -8.44004277e+01 
 2.92864456e+05  2.46228282e+01  2.92864456e+05 -7.93158261e+01 
 3.16227766e+05  2.13718443e+01  3.16227766e+05 -7.43954720e+01 
 3.41454887e+05  1.85164929e+01  3.41454887e+05 -6.96633120e+01 
 3.68694506e+05  1.60165157e+01  3.68694506e+05 -6.51361994e+01 
 3.98107171e+05  1.38337139e+01  3.98107171e+05 -6.08249444e+01 
 4.29866235e+05  1.19324334e+01  4.29866235e+05 -5.67353225e+01 
 4.64158883e+05  1.02798381e+01  4.64158883e+05 -5.28690051e+01 
 5.01187234e+05  8.84601892e+00  5.01187234e+05 -4.92243910e+01 
 5.41169527e+05  7.60398167e+00  5.41169527e+05 -4.57973307e+01 
 5.84341413e+05  6.52954916e+00  5.84341413e+05 -4.25817459e+01 
 6.30957344e+05  5.60120655e+00  6.30957344e+05 -3.95701475e+01 
 6.81292069e+05  4.79991222e+00  6.81292069e+05 -3.67540631e+01 
 7.35642254e+05  4.10889093e+00  7.35642254e+05 -3.41243842e+01 
 7.94328235e+05  3.51342184e+00  7.94328235e+05 -3.16716434e+01 
 8.57695899e+05  3.00062982e+00  8.57695899e+05 -2.93862331e+01 
 9.26118728e+05  2.55928584e+00  9.26118728e+05 -2.72585740e+01 
 1.00000000e+06  2.17962021e+00  1.00000000e+06 -2.52792437e+01 
 1.07977516e+06  1.85315036e+00  1.07977516e+06 -2.34390716e+01 
 1.16591440e+06  1.57252426e+00  1.16591440e+06 -2.17292066e+01 
 1.25892541e+06  1.33137931e+00  1.25892541e+06 -2.01411644e+01 
 1.35935639e+06  1.12421627e+00  1.35935639e+06 -1.86668570e+01 
 1.46779927e+06  9.46287322e-01  1.46779927e+06 -1.72986094e+01 
 1.58489319e+06  7.93497291e-01  1.58489319e+06 -1.60291656e+01 
 1.71132830e+06  6.62316749e-01  1.71132830e+06 -1.48516879e+01 
 1.84784980e+06  5.49705981e-01  1.84784980e+06 -1.37597494e+01 
 1.99526231e+06  4.53048583e-01  1.99526231e+06 -1.27473226e+01 
 2.15443469e+06  3.70093663e-01  2.15443469e+06 -1.18087656e+01 
 2.32630507e+06  2.98905625e-01  2.32630507e+06 -1.09388050e+01 
 2.51188643e+06  2.37820633e-01  2.51188643e+06 -1.01325193e+01 
 2.71227258e+06  1.85408923e-01  2.71227258e+06 -9.38531966e+00 
 2.92864456e+06  1.40442217e-01  2.92864456e+06 -8.69293242e+00 
 3.16227766e+06  1.01865598e-01  3.16227766e+06 -8.05138011e+00 
 3.41454887e+06  6.87732334e-02  3.41454887e+06 -7.45696370e+00 
 3.68694506e+06  4.03874639e-02  3.68694506e+06 -6.90624514e+00 
 3.98107171e+06  1.60407864e-02  3.98107171e+06 -6.39603050e+00 
 4.29866235e+06 -4.83965019e-03  4.29866235e+06 -5.92335393e+00 
 4.64158883e+06 -2.27453826e-02  4.64158883e+06 -5.48546238e+00 
 5.01187234e+06 -3.80981002e-02  5.01187234e+06 -5.07980107e+00 
 5.41169527e+06 -5.12595002e-02  5.41169527e+06 -4.70399985e+00 
 5.84341413e+06 -6.25397524e-02  5.84341413e+06 -4.35586031e+00 
 6.30957344e+06 -7.22047685e-02  6.30957344e+06 -4.03334376e+00 
 6.81292069e+06 -8.04824402e-02  6.81292069e+06 -3.73455981e+00 
 7.35642254e+06 -8.75679914e-02  7.35642254e+06 -3.45775590e+00 
 7.94328235e+06 -9.36285669e-02  7.94328235e+06 -3.20130734e+00 
 8.57695899e+06 -9.88071648e-02  8.57695899e+06 -2.96370812e+00 
 9.26118728e+06 -1.03226004e-01  9.26118728e+06 -2.74356232e+00 
 1.00000000e+07 -1.06989404e-01  1.00000000e+07 -2.53957613e+00 
 1.07977516e+07 -1.10186249e-01  1.07977516e+07 -2.35055043e+00 
 1.16591440e+07 -1.12892088e-01  1.16591440e+07 -2.17537383e+00 
 1.25892541e+07 -1.15170921e-01  1.25892541e+07 -2.01301634e+00 
 1.35935639e+07 -1.17076728e-01  1.35935639e+07 -1.86252339e+00 
 1.46779927e+07 -1.18654755e-01  1.46779927e+07 -1.72301031e+00 
 1.58489319e+07 -1.19942602e-01  1.58489319e+07 -1.59365725e+00 
 1.71132830e+07 -1.20971147e-01  1.71132830e+07 -1.47370449e+00 
 1.84784980e+07 -1.21765314e-01  1.84784980e+07 -1.36244806e+00 
 1.99526231e+07 -1.22344717e-01  1.99526231e+07 -1.25923572e+00 
 2.15443469e+07 -1.22724198e-01  2.15443469e+07 -1.16346334e+00 
 2.32630507e+07 -1.22914274e-01  2.32630507e+07 -1.07457145e+00 
 2.51188643e+07 -1.22921520e-01  2.51188643e+07 -9.92042190e-01 
 2.71227258e+07 -1.22748889e-01  2.71227258e+07 -9.15396512e-01 
 2.92864456e+07 -1.22396004e-01  2.92864456e+07 -8.44191608e-01 
 3.16227766e+07 -1.21859434e-01  3.16227766e+07 -7.78018638e-01 
 3.41454887e+07 -1.21132978e-01  3.41454887e+07 -7.16500673e-01 
 3.68694506e+07 -1.20207973e-01  3.68694506e+07 -6.59290859e-01 
 3.98107171e+07 -1.19073672e-01  3.98107171e+07 -6.06070791e-01 
 4.29866235e+07 -1.17717689e-01  4.29866235e+07 -5.56549057e-01 
 4.64158883e+07 -1.16126570e-01  4.64158883e+07 -5.10459925e-01 
 5.01187234e+07 -1.14286486e-01  5.01187234e+07 -4.67562131e-01 
 5.41169527e+07 -1.12184081e-01  5.41169527e+07 -4.27637707e-01 
 5.84341413e+07 -1.09807477e-01  5.84341413e+07 -3.90490791e-01 
 6.30957344e+07 -1.07147420e-01  6.30957344e+07 -3.55946342e-01 
 6.81292069e+07 -1.04198526e-01  6.81292069e+07 -3.23848686e-01 
 7.35642254e+07 -1.00960570e-01  7.35642254e+07 -2.94059817e-01 
 7.94328235e+07 -9.74397147e-02  7.94328235e+07 -2.66457402e-01 
 8.57695899e+07 -9.36495559e-02  8.57695899e+07 -2.40932473e-01 
 9.26118728e+07 -8.96118411e-02  9.26118728e+07 -2.17386817e-01 
 1.00000000e+08 -8.53567308e-02  1.00000000e+08 -1.95730164e-01 
 1.07977516e+08 -8.09224839e-02  1.07977516e+08 -1.75877285e-01 
 1.16591440e+08 -7.63545099e-02  1.16591440e+08 -1.57745211e-01 
 1.25892541e+08 -7.17038030e-02  1.25892541e+08 -1.41250769e-01 
 1.35935639e+08 -6.70248547e-02  1.35935639e+08 -1.26308643e-01 
 1.46779927e+08 -6.23732225e-02  1.46779927e+08 -1.12830124e-01 
 1.58489319e+08 -5.78029851e-02  1.58489319e+08 -1.00722626e-01 
 1.71132830e+08 -5.33643317e-02  1.71132830e+08 -8.98899686e-02 
 1.84784980e+08 -4.91015149e-02  1.84784980e+08 -8.02333212e-02 
 1.99526231e+08 -4.50513328e-02  1.99526231e+08 -7.16526377e-02 
 2.15443469e+08 -4.12422322e-02  2.15443469e+08 -6.40483683e-02 
 2.32630507e+08 -3.76940368e-02  2.32630507e+08 -5.73232316e-02 
 2.51188643e+08 -3.44182354e-02  2.51188643e+08 -5.13838599e-02 
 2.71227258e+08 -3.14187121e-02  2.71227258e+08 -4.61421774e-02 
 2.92864456e+08 -2.86927800e-02  2.92864456e+08 -4.15164304e-02 
 3.16227766e+08 -2.62323764e-02  3.16227766e+08 -3.74318436e-02 
 3.41454887e+08 -2.40252992e-02  3.41454887e+08 -3.38209210e-02 
 3.68694506e+08 -2.20563856e-02  3.68694506e+08 -3.06234393e-02 
 3.98107171e+08 -2.03085723e-02  3.98107171e+08 -2.77861970e-02 
 4.29866235e+08 -1.87637973e-02  4.29866235e+08 -2.52625878e-02 
 4.64158883e+08 -1.74037318e-02  4.64158883e+08 -2.30120620e-02 
 5.01187234e+08 -1.62103457e-02  5.01187234e+08 -2.09995283e-02 
 5.41169527e+08 -1.51663207e-02  5.41169527e+08 -1.91947402e-02 
 5.84341413e+08 -1.42553337e-02  5.84341413e+08 -1.75716979e-02 
 6.30957344e+08 -1.34622315e-02  6.30957344e+08 -1.61080853e-02 
 6.81292069e+08 -1.27731205e-02  6.81292069e+08 -1.47847563e-02 
 7.35642254e+08 -1.21753920e-02  7.35642254e+08 -1.35852754e-02 
 7.94328235e+08 -1.16577006e-02  7.94328235e+08 -1.24955138e-02 
 8.57695899e+08 -1.12099096e-02  8.57695899e+08 -1.15032991e-02 
 9.26118728e+08 -1.08230165e-02  9.26118728e+08 -1.05981157e-02 
 1.00000000e+09 -1.04890660e-02  1.00000000e+09 -9.77084883e-03 
 1.07977516e+09 -1.02010582e-02  1.07977516e+09 -9.01356951e-03 
 1.16591440e+09 -9.95285564e-03  1.16591440e+09 -8.31935270e-03 
 1.25892541e+09 -9.73909400e-03  1.25892541e+09 -7.68212551e-03 
 1.35935639e+09 -9.55509663e-03  1.35935639e+09 -7.09654004e-03 
 1.46779927e+09 -9.39679568e-03  1.46779927e+09 -6.55786717e-03 
 1.58489319e+09 -9.26065957e-03  1.58489319e+09 -6.06190782e-03 
 1.71132830e+09 -9.14362743e-03  1.71132830e+09 -5.60491875e-03 
 1.84784980e+09 -9.04305012e-03  1.84784980e+09 -5.18355048e-03 
 1.99526231e+09 -8.95663767e-03  1.99526231e+09 -4.79479513e-03 
 2.15443469e+09 -8.88241271e-03  2.15443469e+09 -4.43594263e-03 
 2.32630507e+09 -8.81866935e-03  2.32630507e+09 -4.10454368e-03 
 2.51188643e+09 -8.76393712e-03  2.51188643e+09 -3.79837842e-03 
 2.71227258e+09 -8.71694931e-03  2.71227258e+09 -3.51542979e-03 
 2.92864456e+09 -8.67661542e-03  2.92864456e+09 -3.25386073e-03 
 3.16227766e+09 -8.64199712e-03  3.16227766e+09 -3.01199467e-03 
 3.41454887e+09 -8.61228736e-03  3.41454887e+09 -2.78829865e-03 
 3.68694506e+09 -8.58679232e-03  3.68694506e+09 -2.58136871e-03 
 3.98107171e+09 -8.56491566e-03  3.98107171e+09 -2.38991719e-03 
 4.29866235e+09 -8.54614502e-03  4.29866235e+09 -2.21276155e-03 
 4.64158883e+09 -8.53004026e-03  4.64158883e+09 -2.04881460e-03 
 5.01187234e+09 -8.51622341e-03  5.01187234e+09 -1.89707581e-03 
 5.41169527e+09 -8.50436991e-03  5.41169527e+09 -1.75662363e-03 
 5.84341413e+09 -8.49420111e-03  5.84341413e+09 -1.62660858e-03 
 6.30957344e+09 -8.48547783e-03  6.30957344e+09 -1.50624719e-03 
 6.81292069e+09 -8.47799477e-03  6.81292069e+09 -1.39481636e-03 
 7.35642254e+09 -8.47157575e-03  7.35642254e+09 -1.29164847e-03 
 7.94328235e+09 -8.46606956e-03  7.94328235e+09 -1.19612682e-03 
 8.57695899e+09 -8.46134647e-03  8.57695899e+09 -1.10768156e-03 
 9.26118728e+09 -8.45729516e-03  9.26118728e+09 -1.02578593e-03 
 1.00000000e+10 -8.45382013e-03  1.00000000e+10 -9.49952926e-04 
