 1.00000000e+00  3.34154781e+02  1.00000000e+00 -3.86699859e-03 
 1.07977516e+00  3.34154781e+02  1.07977516e+00 -4.17548903e-03 
 1.16591440e+00  3.34154781e+02  1.16591440e+00 -4.50858935e-03 
 1.25892541e+00  3.34154781e+02  1.25892541e+00 -4.86826279e-03 
 1.35935639e+00  3.34154781e+02  1.35935639e+00 -5.25662925e-03 
 1.46779927e+00  3.34154781e+02  1.46779927e+00 -5.67597770e-03 
 1.58489319e+00  3.34154781e+02  1.58489319e+00 -6.12877974e-03 
 1.71132830e+00  3.34154781e+02  1.71132830e+00 -6.61770414e-03 
 1.84784980e+00  3.34154781e+02  1.84784980e+00 -7.14563256e-03 
 1.99526231e+00  3.34154781e+02  1.99526231e+00 -7.71567656e-03 
 2.15443469e+00  3.34154781e+02  2.15443469e+00 -8.33119590e-03 
 2.32630507e+00  3.34154781e+02  2.32630507e+00 -8.99581841e-03 
 2.51188643e+00  3.34154781e+02  2.51188643e+00 -9.71346128e-03 
 2.71227258e+00  3.34154781e+02  2.71227258e+00 -1.04883542e-02 
 2.92864456e+00  3.34154781e+02  2.92864456e+00 -1.13250644e-02 
 3.16227766e+00  3.34154781e+02  3.16227766e+00 -1.22285232e-02 
 3.41454887e+00  3.34154781e+02  3.41454887e+00 -1.32040557e-02 
 3.68694506e+00  3.34154781e+02  3.68694506e+00 -1.42574113e-02 
 3.98107171e+00  3.34154781e+02  3.98107171e+00 -1.53947986e-02 
 4.29866235e+00  3.34154781e+02  4.29866235e+00 -1.66229212e-02 
 4.64158883e+00  3.34154781e+02  4.64158883e+00 -1.79490174e-02 
 5.01187234e+00  3.34154780e+02  5.01187234e+00 -1.93809032e-02 
 5.41169527e+00  3.34154780e+02  5.41169527e+00 -2.09270179e-02 
 5.84341413e+00  3.34154780e+02  5.84341413e+00 -2.25964741e-02 
 6.30957344e+00  3.34154780e+02  6.30957344e+00 -2.43991115e-02 
 6.81292069e+00  3.34154779e+02  6.81292069e+00 -2.63455545e-02 
 7.35642254e+00  3.34154779e+02  7.35642254e+00 -2.84472754e-02 
 7.94328235e+00  3.34154779e+02  7.94328235e+00 -3.07166614e-02 
 8.57695899e+00  3.34154778e+02  8.57695899e+00 -3.31670880e-02 
 9.26118728e+00  3.34154778e+02  9.26118728e+00 -3.58129978e-02 
 1.00000000e+01  3.34154777e+02  1.00000000e+01 -3.86699854e-02 
 1.07977516e+01  3.34154776e+02  1.07977516e+01 -4.17548897e-02 
 1.16591440e+01  3.34154775e+02  1.16591440e+01 -4.50858926e-02 
 1.25892541e+01  3.34154774e+02  1.25892541e+01 -4.86826269e-02 
 1.35935639e+01  3.34154773e+02  1.35935639e+01 -5.25662912e-02 
 1.46779927e+01  3.34154772e+02  1.46779927e+01 -5.67597754e-02 
 1.58489319e+01  3.34154770e+02  1.58489319e+01 -6.12877954e-02 
 1.71132830e+01  3.34154768e+02  1.71132830e+01 -6.61770388e-02 
 1.84784980e+01  3.34154766e+02  1.84784980e+01 -7.14563224e-02 
 1.99526231e+01  3.34154764e+02  1.99526231e+01 -7.71567615e-02 
 2.15443469e+01  3.34154761e+02  2.15443469e+01 -8.33119539e-02 
 2.32630507e+01  3.34154757e+02  2.32630507e+01 -8.99581776e-02 
 2.51188643e+01  3.34154753e+02  2.51188643e+01 -9.71346047e-02 
 2.71227258e+01  3.34154749e+02  2.71227258e+01 -1.04883532e-01 
 2.92864456e+01  3.34154743e+02  2.92864456e+01 -1.13250631e-01 
 3.16227766e+01  3.34154737e+02  3.16227766e+01 -1.22285216e-01 
 3.41454887e+01  3.34154729e+02  3.41454887e+01 -1.32040536e-01 
 3.68694506e+01  3.34154721e+02  3.68694506e+01 -1.42574088e-01 
 3.98107171e+01  3.34154711e+02  3.98107171e+01 -1.53947954e-01 
 4.29866235e+01  3.34154699e+02  4.29866235e+01 -1.66229171e-01 
 4.64158883e+01  3.34154685e+02  4.64158883e+01 -1.79490123e-01 
 5.01187234e+01  3.34154669e+02  5.01187234e+01 -1.93808968e-01 
 5.41169527e+01  3.34154651e+02  5.41169527e+01 -2.09270098e-01 
 5.84341413e+01  3.34154629e+02  5.84341413e+01 -2.25964639e-01 
 6.30957344e+01  3.34154603e+02  6.30957344e+01 -2.43990986e-01 
 6.81292069e+01  3.34154574e+02  6.81292069e+01 -2.63455384e-01 
 7.35642254e+01  3.34154539e+02  7.35642254e+01 -2.84472550e-01 
 7.94328235e+01  3.34154499e+02  7.94328235e+01 -3.07166357e-01 
 8.57695899e+01  3.34154453e+02  8.57695899e+01 -3.31670557e-01 
 9.26118728e+01  3.34154398e+02  9.26118728e+01 -3.58129571e-01 
 1.00000000e+02  3.34154334e+02  1.00000000e+02 -3.86699342e-01 
 1.07977516e+02  3.34154260e+02  1.07977516e+02 -4.17548252e-01 
 1.16591440e+02  3.34154174e+02  1.16591440e+02 -4.50858115e-01 
 1.25892541e+02  3.34154073e+02  1.25892541e+02 -4.86825248e-01 
 1.35935639e+02  3.34153955e+02  1.35935639e+02 -5.25661626e-01 
 1.46779927e+02  3.34153818e+02  1.46779927e+02 -5.67596135e-01 
 1.58489319e+02  3.34153658e+02  1.58489319e+02 -6.12875916e-01 
 1.71132830e+02  3.34153472e+02  1.71132830e+02 -6.61767823e-01 
 1.84784980e+02  3.34153255e+02  1.84784980e+02 -7.14559994e-01 
 1.99526231e+02  3.34153001e+02  1.99526231e+02 -7.71563549e-01 
 2.15443469e+02  3.34152706e+02  2.15443469e+02 -8.33114421e-01 
 2.32630507e+02  3.34152362e+02  2.32630507e+02 -8.99575333e-01 
 2.51188643e+02  3.34151960e+02  2.51188643e+02 -9.71337935e-01 
 2.71227258e+02  3.34151492e+02  2.71227258e+02 -1.04882511e+00 
 2.92864456e+02  3.34150946e+02  2.92864456e+02 -1.13249345e+00 
 3.16227766e+02  3.34150310e+02  3.16227766e+02 -1.22283598e+00 
 3.41454887e+02  3.34149568e+02  3.41454887e+02 -1.32038499e+00 
 3.68694506e+02  3.34148703e+02  3.68694506e+02 -1.42571522e+00 
 3.98107171e+02  3.34147695e+02  3.98107171e+02 -1.53944725e+00 
 4.29866235e+02  3.34146519e+02  4.29866235e+02 -1.66225106e+00 
 4.64158883e+02  3.34145148e+02  4.64158883e+02 -1.79485005e+00 
 5.01187234e+02  3.34143550e+02  5.01187234e+02 -1.93802524e+00 
 5.41169527e+02  3.34141687e+02  5.41169527e+02 -2.09261985e+00 
 5.84341413e+02  3.34139514e+02  5.84341413e+02 -2.25954426e+00 
 6.30957344e+02  3.34136981e+02  6.30957344e+02 -2.43978130e+00 
 6.81292069e+02  3.34134028e+02  6.81292069e+02 -2.63439198e+00 
 7.35642254e+02  3.34130585e+02  7.35642254e+02 -2.84452174e+00 
 7.94328235e+02  3.34126571e+02  7.94328235e+02 -3.07140705e+00 
 8.57695899e+02  3.34121891e+02  8.57695899e+02 -3.31638264e+00 
 9.26118728e+02  3.34116435e+02  9.26118728e+02 -3.58088917e+00 
 1.00000000e+03  3.34110073e+02  1.00000000e+03 -3.86648162e+00 
 1.07977516e+03  3.34102656e+02  1.07977516e+03 -4.17483822e+00 
 1.16591440e+03  3.34094010e+02  1.16591440e+03 -4.50777005e+00 
 1.25892541e+03  3.34083929e+02  1.25892541e+03 -4.86723139e+00 
 1.35935639e+03  3.34072176e+02  1.35935639e+03 -5.25533083e+00 
 1.46779927e+03  3.34058475e+02  1.46779927e+03 -5.67434316e+00 
 1.58489319e+03  3.34042502e+02  1.58489319e+03 -6.12672208e+00 
 1.71132830e+03  3.34023880e+02  1.71132830e+03 -6.61511384e+00 
 1.84784980e+03  3.34002172e+02  1.84784980e+03 -7.14237178e+00 
 1.99526231e+03  3.33976865e+02  1.99526231e+03 -7.71157179e+00 
 2.15443469e+03  3.33947364e+02  2.15443469e+03 -8.32602876e+00 
 2.32630507e+03  3.33912976e+02  2.32630507e+03 -8.98931403e+00 
 2.51188643e+03  3.33872890e+02  2.51188643e+03 -9.70527374e+00 
 2.71227258e+03  3.33826167e+02  2.71227258e+03 -1.04780482e+01 
 2.92864456e+03  3.33771707e+02  2.92864456e+03 -1.13120919e+01 
 3.16227766e+03  3.33708235e+02  3.16227766e+03 -1.22121950e+01 
 3.41454887e+03  3.33634261e+02  3.41454887e+03 -1.31835042e+01 
 3.68694506e+03  3.33548056e+02  3.68694506e+03 -1.42315452e+01 
 3.98107171e+03  3.33447605e+02  3.98107171e+03 -1.53622449e+01 
 4.29866235e+03  3.33330563e+02  4.29866235e+03 -1.65819529e+01 
 4.64158883e+03  3.33194206e+02  4.64158883e+03 -1.78974624e+01 
 5.01187234e+03  3.33035366e+02  5.01187234e+03 -1.93160302e+01 
 5.41169527e+03  3.32850363e+02  5.41169527e+03 -2.08453930e+01 
 5.84341413e+03  3.32634925e+02  5.84341413e+03 -2.24937809e+01 
 6.30957344e+03  3.32384094e+02  6.30957344e+03 -2.42699258e+01 
 6.81292069e+03  3.32092124e+02  6.81292069e+03 -2.61830621e+01 
 7.35642254e+03  3.31752357e+02  7.35642254e+03 -2.82429187e+01 
 7.94328235e+03  3.31357095e+02  7.94328235e+03 -3.04596978e+01 
 8.57695899e+03  3.30897440e+02  8.57695899e+03 -3.28440384e+01 
 9.26118728e+03  3.30363127e+02  9.26118728e+03 -3.54069586e+01 
 1.00000000e+04  3.29742338e+02  1.00000000e+04 -3.81597722e+01 
 1.07977516e+04  3.29021487e+02  1.07977516e+04 -4.11139723e+01 
 1.16591440e+04  3.28185003e+02  1.16591440e+04 -4.42810751e+01 
 1.25892541e+04  3.27215084e+02  1.25892541e+04 -4.76724136e+01 
 1.35935639e+04  3.26091449e+02  1.35935639e+04 -5.12988716e+01 
 1.46779927e+04  3.24791084e+02  1.46779927e+04 -5.51705461e+01 
 1.58489319e+04  3.23287993e+02  1.58489319e+04 -5.92963255e+01 
 1.71132830e+04  3.21552975e+02  1.71132830e+04 -6.36833707e+01 
 1.84784980e+04  3.19553440e+02  1.84784980e+04 -6.83364853e+01 
 1.99526231e+04  3.17253301e+02  1.99526231e+04 -7.32573663e+01 
 2.15443469e+04  3.14612962e+02  2.15443469e+04 -7.84437268e+01 
 2.32630507e+04  3.11589463e+02  2.32630507e+04 -8.38882904e+01 
 2.51188643e+04  3.08136823e+02  2.51188643e+04 -8.95776694e+01 
 2.71227258e+04  3.04206637e+02  2.71227258e+04 -9.54911503e+01 
 2.92864456e+04  2.99749000e+02  2.92864456e+04 -1.01599433e+02 
 3.16227766e+04  2.94713813e+02  3.16227766e+04 -1.07863397e+02 
 3.41454887e+04  2.89052516e+02  3.41454887e+04 -1.14232987e+02 
 3.68694506e+04  2.82720295e+02  3.68694506e+04 -1.20646365e+02 
 3.98107171e+04  2.75678732e+02  3.98107171e+04 -1.27029478e+02 
 4.29866235e+04  2.67898854e+02  4.29866235e+04 -1.33296232e+02 
 4.64158883e+04  2.59364443e+02  4.64158883e+04 -1.39349458e+02 
 5.01187234e+04  2.50075384e+02  5.01187234e+04 -1.45082831e+02 
 5.41169527e+04  2.40050768e+02  5.41169527e+04 -1.50383856e+02 
 5.84341413e+04  2.29331388e+02  5.84341413e+04 -1.55137905e+02 
 6.30957344e+04  2.17981223e+02  6.30957344e+04 -1.59233203e+02 
 6.81292069e+04  2.06087571e+02  6.81292069e+04 -1.62566448e+02 
 7.35642254e+04  1.93759542e+02  7.35642254e+04 -1.65048647e+02 
 7.94328235e+04  1.81124826e+02  7.94328235e+04 -1.66610608e+02 
 8.57695899e+04  1.68324844e+02  8.57695899e+04 -1.67207494e+02 
 9.26118728e+04  1.55508624e+02  9.26118728e+04 -1.66821904e+02 
 1.00000000e+05  1.42825953e+02  1.00000000e+05 -1.65465093e+02 
 1.07977516e+05  1.30420443e+02  1.07977516e+05 -1.63176185e+02 
 1.16591440e+05  1.18423205e+02  1.16591440e+05 -1.60019462e+02 
 1.25892541e+05  1.06947688e+02  1.25892541e+05 -1.56080089e+02 
 1.35935639e+05  9.60860787e+01  1.35935639e+05 -1.51458772e+02 
 1.46779927e+05  8.59074271e+01  1.46779927e+05 -1.46265949e+02 
 1.58489319e+05  7.64574400e+01  1.58489319e+05 -1.40616082e+02 
 1.71132830e+05  6.77597063e+01  1.71132830e+05 -1.34622502e+02 
 1.84784980e+05  5.98180053e+01  1.84784980e+05 -1.28393154e+02 
 1.99526231e+05  5.26193100e+01  1.99526231e+05 -1.22027378e+02 
 2.15443469e+05  4.61371132e+01  2.15443469e+05 -1.15613768e+02 
 2.32630507e+05  4.03347648e+01  2.32630507e+05 -1.09229011e+02 
 2.51188643e+05  3.51685896e+01  2.51188643e+05 -1.02937561e+02 
 2.71227258e+05  3.05906343e+01  2.71227258e+05 -9.67919523e+01 
 2.92864456e+05  2.65509685e+01  2.92864456e+05 -9.08335757e+01 
 3.16227766e+05  2.29995208e+01  3.16227766e+05 -8.50937465e+01 
 3.41454887e+05  1.98874733e+01  3.41454887e+05 -7.95949217e+01 
 3.68694506e+05  1.71682608e+01  3.68694506e+05 -7.43519629e+01 
 3.98107171e+05  1.47982352e+01  3.98107171e+05 -6.93733650e+01 
 4.29866235e+05  1.27370580e+01  4.29866235e+05 -6.46624007e+01 
 4.64158883e+05  1.09478809e+01  4.64158883e+05 -6.02181528e+01 
 5.01187234e+05  9.39736663e+00  5.01187234e+05 -5.60364188e+01 
 5.41169527e+05  8.05559691e+00  5.41169527e+05 -5.21104880e+01 
 5.84341413e+05  6.89590294e+00  5.84341413e+05 -4.84317961e+01 
 6.30957344e+05  5.89464776e+00  6.30957344e+05 -4.49904667e+01 
 6.81292069e+05  5.03098253e+00  6.81292069e+05 -4.17757534e+01 
 7.35642254e+05  4.28659283e+00  7.35642254e+05 -3.87763941e+01 
 7.94328235e+05  3.64544650e+00  7.94328235e+05 -3.59808914e+01 
 8.57695899e+05  3.09355073e+00  8.57695899e+05 -3.33777311e+01 
 9.26118728e+05  2.61872345e+00  9.26118728e+05 -3.09555479e+01 
 1.00000000e+06  2.21038189e+00  1.00000000e+06 -2.87032505e+01 
 1.07977516e+06  1.85934948e+00  1.07977516e+06 -2.66101106e+01 
 1.16591440e+06  1.55768153e+00  1.16591440e+06 -2.46658261e+01 
 1.25892541e+06  1.29850910e+00  1.25892541e+06 -2.28605619e+01 
 1.35935639e+06  1.07590023e+00  1.35935639e+06 -2.11849735e+01 
 1.46779927e+06  8.84737118e-01  1.46779927e+06 -1.96302183e+01 
 1.58489319e+06  7.20608194e-01  1.58489319e+06 -1.81879557e+01 
 1.71132830e+06  5.79713396e-01  1.71132830e+06 -1.68503408e+01 
 1.84784980e+06  4.58781486e-01  1.84784980e+06 -1.56100118e+01 
 1.99526231e+06  3.54997990e-01  1.99526231e+06 -1.44600739e+01 
 2.15443469e+06  2.65942577e-01  2.15443469e+06 -1.33940800e+01 
 2.32630507e+06  1.89534735e-01  2.32630507e+06 -1.24060104e+01 
 2.51188643e+06  1.23986733e-01  2.51188643e+06 -1.14902506e+01 
 2.71227258e+06  6.77629444e-02  2.71227258e+06 -1.06415696e+01 
 2.92864456e+06  1.95447224e-02  2.92864456e+06 -9.85509799e+00 
 3.16227766e+06 -2.17999001e-02  3.16227766e+06 -9.12630555e+00 
 3.41454887e+06 -5.72423254e-02  3.41454887e+06 -8.45098072e+00 
 3.68694506e+06 -8.76158754e-02  3.68694506e+06 -7.82520997e+00 
 3.98107171e+06 -1.13635137e-01  3.98107171e+06 -7.24535828e+00 
 4.29866235e+06 -1.35912593e-01  4.29866235e+06 -6.70805059e+00 
 4.64158883e+06 -1.54972908e-01  4.64158883e+06 -6.21015408e+00 
 5.01187234e+06 -1.71265192e-01  5.01187234e+06 -5.74876157e+00 
 5.41169527e+06 -1.85173518e-01  5.41169527e+06 -5.32117584e+00 
 5.84341413e+06 -1.97025931e-01  5.84341413e+06 -4.92489484e+00 
 6.30957344e+06 -2.07102164e-01  6.30957344e+06 -4.55759797e+00 
 6.81292069e+06 -2.15640229e-01  6.81292069e+06 -4.21713319e+00 
 7.35642254e+06 -2.22842048e-01  7.35642254e+06 -3.90150495e+00 
 7.94328235e+06 -2.28878245e-01  7.94328235e+06 -3.60886306e+00 
 8.57695899e+06 -2.33892232e-01  8.57695899e+06 -3.33749230e+00 
 9.26118728e+06 -2.38003669e-01  9.26118728e+06 -3.08580277e+00 
 1.00000000e+07 -2.41311403e-01  1.00000000e+07 -2.85232098e+00 
 1.07977516e+07 -2.43895952e-01  1.07977516e+07 -2.63568168e+00 
 1.16591440e+07 -2.45821614e-01  1.16591440e+07 -2.43462028e+00 
 1.25892541e+07 -2.47138256e-01  1.25892541e+07 -2.24796593e+00 
 1.35935639e+07 -2.47882851e-01  1.35935639e+07 -2.07463522e+00 
 1.46779927e+07 -2.48080819e-01  1.46779927e+07 -1.91362646e+00 
 1.58489319e+07 -2.47747230e-01  1.58489319e+07 -1.76401448e+00 
 1.71132830e+07 -2.46887935e-01  1.71132830e+07 -1.62494597e+00 
 1.84784980e+07 -2.45500683e-01  1.84784980e+07 -1.49563536e+00 
 1.99526231e+07 -2.43576297e-01  1.99526231e+07 -1.37536108e+00 
 2.15443469e+07 -2.41099966e-01  2.15443469e+07 -1.26346225e+00 
 2.32630507e+07 -2.38052729e-01  2.32630507e+07 -1.15933568e+00 
 2.51188643e+07 -2.34413211e-01  2.51188643e+07 -1.06243310e+00 
 2.71227258e+07 -2.30159638e-01  2.71227258e+07 -9.72258563e-01 
 2.92864456e+07 -2.25272175e-01  2.92864456e+07 -8.88365689e-01 
 3.16227766e+07 -2.19735544e-01  3.16227766e+07 -8.10354869e-01 
 3.41454887e+07 -2.13541860e-01  3.41454887e+07 -7.37870031e-01 
 3.68694506e+07 -2.06693546e-01  3.68694506e+07 -6.70594923e-01 
 3.98107171e+07 -1.99206131e-01  3.98107171e+07 -6.08248768e-01 
 4.29866235e+07 -1.91110651e-01  4.29866235e+07 -5.50581220e-01 
 4.64158883e+07 -1.82455376e-01  4.64158883e+07 -4.97366690e-01 
 5.01187234e+07 -1.73306533e-01  5.01187234e+07 -4.48398175e-01 
 5.41169527e+07 -1.63747800e-01  5.41169527e+07 -4.03480901e-01 
 5.84341413e+07 -1.53878413e-01  5.84341413e+07 -3.62426167e-01 
 6.30957344e+07 -1.43809909e-01  6.30957344e+07 -3.25045850e-01 
 6.81292069e+07 -1.33661709e-01  6.81292069e+07 -2.91148018e-01 
 7.35642254e+07 -1.23555890e-01  7.35642254e+07 -2.60534013e-01 
 7.94328235e+07 -1.13611672e-01  7.94328235e+07 -2.32997216e-01 
 8.57695899e+07 -1.03940135e-01  8.57695899e+07 -2.08323471e-01 
 9.26118728e+07 -9.46396868e-02  9.26118728e+07 -1.86292998e-01 
 1.00000000e+08 -8.57926565e-02  1.00000000e+08 -1.66683406e-01 
 1.07977516e+08 -7.74632221e-02  1.07977516e+08 -1.49273358e-01 
 1.16591440e+08 -6.96967100e-02  1.16591440e+08 -1.33846420e-01 
 1.25892541e+08 -6.25201279e-02  1.25892541e+08 -1.20194654e-01 
 1.35935639e+08 -5.59436868e-02  1.35935639e+08 -1.08121667e-01 
 1.46779927e+08 -4.99630110e-02  1.46779927e+08 -9.74449068e-02 
 1.58489319e+08 -4.45617269e-02  1.58489319e+08 -8.79971504e-02 
 1.71132830e+08 -3.97141602e-02  1.71132830e+08 -7.96272099e-02 
 1.84784980e+08 -3.53879277e-02  1.84784980e+08 -7.21999592e-02 
 1.99526231e+08 -3.15462765e-02  1.99526231e+08 -6.55958180e-02 
 2.15443469e+08 -2.81500847e-02  2.15443469e+08 -5.97098403e-02 
 2.32630507e+08 -2.51594939e-02  2.32630507e+08 -5.44505465e-02 
 2.51188643e+08 -2.25351748e-02  2.51188643e+08 -4.97386194e-02 
 2.71227258e+08 -2.02392608e-02  2.71227258e+08 -4.55055584e-02 
 2.92864456e+08 -1.82359911e-02  2.92864456e+08 -4.16923628e-02 
 3.16227766e+08 -1.64921150e-02  3.16227766e+08 -3.82482888e-02 
 3.41454887e+08 -1.49771066e-02  3.41454887e+08 -3.51297121e-02 
 3.68694506e+08 -1.36632339e-02  3.68694506e+08 -3.22991078e-02 
 3.98107171e+08 -1.25255227e-02  3.98107171e+08 -2.97241509e-02 
 4.29866235e+08 -1.15416462e-02  4.29866235e+08 -2.73769361e-02 
 4.64158883e+08 -1.06917674e-02  4.64158883e+08 -2.52333053e-02 
 5.01187234e+08 -9.95835285e-03  5.01187234e+08 -2.32722763e-02 
 5.41169527e+08 -9.32597336e-03  5.41169527e+08 -2.14755576e-02 
 5.84341413e+08 -8.78110252e-03  5.84341413e+08 -1.98271403e-02 
 6.30957344e+08 -8.31191973e-03  6.30957344e+08 -1.83129557e-02 
 6.81292069e+08 -7.90812327e-03  6.81292069e+08 -1.69205883e-02 
 7.35642254e+08 -7.56075599e-03  7.35642254e+08 -1.56390360e-02 
 7.94328235e+08 -7.26204536e-03  7.94328235e+08 -1.44585091e-02 
 8.57695899e+08 -7.00525833e-03  8.57695899e+08 -1.33702627e-02 
 9.26118728e+08 -6.78457081e-03  9.26118728e+08 -1.23664559e-02 
 1.00000000e+09 -6.59495130e-03  1.00000000e+09 -1.14400339e-02 
 1.07977516e+09 -6.43205765e-03  1.07977516e+09 -1.05846283e-02 
 1.16591440e+09 -6.29214604e-03  1.16591440e+09 -9.79447321e-03 
 1.25892541e+09 -6.17199096e-03  1.25892541e+09 -9.06433398e-03 
 1.35935639e+09 -6.06881523e-03  1.35935639e+09 -8.38944666e-03 
 1.46779927e+09 -5.98022895e-03  1.46779927e+09 -7.76546608e-03 
 1.58489319e+09 -5.90417637e-03  1.58489319e+09 -7.18842125e-03 
 1.71132830e+09 -5.83888978e-03  1.71132830e+09 -6.65467692e-03 
 1.84784980e+09 -5.78284957e-03  1.84784980e+09 -6.16090014e-03 
 1.99526231e+09 -5.73474970e-03  1.99526231e+09 -5.70403107e-03 
 2.15443469e+09 -5.69346791e-03  2.15443469e+09 -5.28125739e-03 
 2.32630507e+09 -5.65803999e-03  2.32630507e+09 -4.88999164e-03 
 2.51188643e+09 -5.62763764e-03  2.51188643e+09 -4.52785123e-03 
 2.71227258e+09 -5.60154940e-03  2.71227258e+09 -4.19264052e-03 
 2.92864456e+09 -5.57916423e-03  2.92864456e+09 -3.88233485e-03 
 3.16227766e+09 -5.55995739e-03  3.16227766e+09 -3.59506614e-03 
 3.41454887e+09 -5.54347833e-03  3.41454887e+09 -3.32910997e-03 
 3.68694506e+09 -5.52934018e-03  3.68694506e+09 -3.08287379e-03 
 3.98107171e+09 -5.51721084e-03  3.98107171e+09 -2.85488633e-03 
 4.29866235e+09 -5.50680522e-03  4.29866235e+09 -2.64378790e-03 
 4.64158883e+09 -5.49787861e-03  4.64158883e+09 -2.44832157e-03 
 5.01187234e+09 -5.49022097e-03  5.01187234e+09 -2.26732513e-03 
 5.41169527e+09 -5.48365207e-03  5.41169527e+09 -2.09972370e-03 
 5.84341413e+09 -5.47801722e-03  5.84341413e+09 -1.94452300e-03 
 6.30957344e+09 -5.47318369e-03  6.30957344e+09 -1.80080315e-03 
 6.81292069e+09 -5.46903759e-03  6.81292069e+09 -1.66771298e-03 
 7.35642254e+09 -5.46548119e-03  7.35642254e+09 -1.54446481e-03 
 7.94328235e+09 -5.46243067e-03  7.94328235e+09 -1.43032963e-03 
 8.57695899e+09 -5.45981408e-03  8.57695899e+09 -1.32463269e-03 
 9.26118728e+09 -5.45756972e-03  9.26118728e+09 -1.22674935e-03 
 1.00000000e+10 -5.45564465e-03  1.00000000e+10 -1.13610142e-03 
