 1.00000000e+00  3.34360086e+02  1.00000000e+00 -6.55596853e-03 
 1.07977516e+00  3.34360086e+02  1.07977516e+00 -7.07897198e-03 
 1.16591440e+00  3.34360086e+02  1.16591440e+00 -7.64369812e-03 
 1.25892541e+00  3.34360086e+02  1.25892541e+00 -8.25347537e-03 
 1.35935639e+00  3.34360086e+02  1.35935639e+00 -8.91189771e-03 
 1.46779927e+00  3.34360085e+02  1.46779927e+00 -9.62284580e-03 
 1.58489319e+00  3.34360085e+02  1.58489319e+00 -1.03905099e-02 
 1.71132830e+00  3.34360085e+02  1.71132830e+00 -1.12194145e-02 
 1.84784980e+00  3.34360085e+02  1.84784980e+00 -1.21144451e-02 
 1.99526231e+00  3.34360085e+02  1.99526231e+00 -1.30808769e-02 
 2.15443469e+00  3.34360085e+02  2.15443469e+00 -1.41244060e-02 
 2.32630507e+00  3.34360085e+02  2.32630507e+00 -1.52511828e-02 
 2.51188643e+00  3.34360085e+02  2.51188643e+00 -1.64678483e-02 
 2.71227258e+00  3.34360085e+02  2.71227258e+00 -1.77815736e-02 
 2.92864456e+00  3.34360085e+02  2.92864456e+00 -1.92001015e-02 
 3.16227766e+00  3.34360084e+02  3.16227766e+00 -2.07317927e-02 
 3.41454887e+00  3.34360084e+02  3.41454887e+00 -2.23856749e-02 
 3.68694506e+00  3.34360084e+02  3.68694506e+00 -2.41714957e-02 
 3.98107171e+00  3.34360084e+02  3.98107171e+00 -2.60997806e-02 
 4.29866235e+00  3.34360083e+02  4.29866235e+00 -2.81818949e-02 
 4.64158883e+00  3.34360083e+02  4.64158883e+00 -3.04301101e-02 
 5.01187234e+00  3.34360083e+02  5.01187234e+00 -3.28576770e-02 
 5.41169527e+00  3.34360082e+02  5.41169527e+00 -3.54789034e-02 
 5.84341413e+00  3.34360081e+02  5.84341413e+00 -3.83092387e-02 
 6.30957344e+00  3.34360081e+02  6.30957344e+00 -4.13653643e-02 
 6.81292069e+00  3.34360080e+02  6.81292069e+00 -4.46652928e-02 
 7.35642254e+00  3.34360079e+02  7.35642254e+00 -4.82284737e-02 
 7.94328235e+00  3.34360078e+02  7.94328235e+00 -5.20759078e-02 
 8.57695899e+00  3.34360076e+02  8.57695899e+00 -5.62302716e-02 
 9.26118728e+00  3.34360075e+02  9.26118728e+00 -6.07160503e-02 
 1.00000000e+01  3.34360073e+02  1.00000000e+01 -6.55596828e-02 
 1.07977516e+01  3.34360071e+02  1.07977516e+01 -7.07897166e-02 
 1.16591440e+01  3.34360068e+02  1.16591440e+01 -7.64369772e-02 
 1.25892541e+01  3.34360065e+02  1.25892541e+01 -8.25347488e-02 
 1.35935639e+01  3.34360062e+02  1.35935639e+01 -8.91189708e-02 
 1.46779927e+01  3.34360058e+02  1.46779927e+01 -9.62284501e-02 
 1.58489319e+01  3.34360054e+02  1.58489319e+01 -1.03905089e-01 
 1.71132830e+01  3.34360048e+02  1.71132830e+01 -1.12194132e-01 
 1.84784980e+01  3.34360042e+02  1.84784980e+01 -1.21144435e-01 
 1.99526231e+01  3.34360035e+02  1.99526231e+01 -1.30808749e-01 
 2.15443469e+01  3.34360026e+02  2.15443469e+01 -1.41244035e-01 
 2.32630507e+01  3.34360016e+02  2.32630507e+01 -1.52511796e-01 
 2.51188643e+01  3.34360005e+02  2.51188643e+01 -1.64678444e-01 
 2.71227258e+01  3.34359991e+02  2.71227258e+01 -1.77815686e-01 
 2.92864456e+01  3.34359976e+02  2.92864456e+01 -1.92000953e-01 
 3.16227766e+01  3.34359957e+02  3.16227766e+01 -2.07317849e-01 
 3.41454887e+01  3.34359936e+02  3.41454887e+01 -2.23856649e-01 
 3.68694506e+01  3.34359911e+02  3.68694506e+01 -2.41714832e-01 
 3.98107171e+01  3.34359882e+02  3.98107171e+01 -2.60997649e-01 
 4.29866235e+01  3.34359848e+02  4.29866235e+01 -2.81818751e-01 
 4.64158883e+01  3.34359809e+02  4.64158883e+01 -3.04300851e-01 
 5.01187234e+01  3.34359763e+02  5.01187234e+01 -3.28576456e-01 
 5.41169527e+01  3.34359710e+02  5.41169527e+01 -3.54788639e-01 
 5.84341413e+01  3.34359647e+02  5.84341413e+01 -3.83091889e-01 
 6.30957344e+01  3.34359574e+02  6.30957344e+01 -4.13653017e-01 
 6.81292069e+01  3.34359490e+02  6.81292069e+01 -4.46652140e-01 
 7.35642254e+01  3.34359391e+02  7.35642254e+01 -4.82283745e-01 
 7.94328235e+01  3.34359275e+02  7.94328235e+01 -5.20757829e-01 
 8.57695899e+01  3.34359141e+02  8.57695899e+01 -5.62301144e-01 
 9.26118728e+01  3.34358984e+02  9.26118728e+01 -6.07158524e-01 
 1.00000000e+02  3.34358801e+02  1.00000000e+02 -6.55594336e-01 
 1.07977516e+02  3.34358588e+02  1.07977516e+02 -7.07894029e-01 
 1.16591440e+02  3.34358340e+02  1.16591440e+02 -7.64365823e-01 
 1.25892541e+02  3.34358050e+02  1.25892541e+02 -8.25342516e-01 
 1.35935639e+02  3.34357712e+02  1.35935639e+02 -8.91183449e-01 
 1.46779927e+02  3.34357318e+02  1.46779927e+02 -9.62276621e-01 
 1.58489319e+02  3.34356859e+02  1.58489319e+02 -1.03904097e+00 
 1.71132830e+02  3.34356324e+02  1.71132830e+02 -1.12192883e+00 
 1.84784980e+02  3.34355699e+02  1.84784980e+02 -1.21142863e+00 
 1.99526231e+02  3.34354972e+02  1.99526231e+02 -1.30806770e+00 
 2.15443469e+02  3.34354123e+02  2.15443469e+02 -1.41241543e+00 
 2.32630507e+02  3.34353134e+02  2.32630507e+02 -1.52508659e+00 
 2.51188643e+02  3.34351981e+02  2.51188643e+02 -1.64674495e+00 
 2.71227258e+02  3.34350636e+02  2.71227258e+02 -1.77810715e+00 
 2.92864456e+02  3.34349068e+02  2.92864456e+02 -1.91994693e+00 
 3.16227766e+02  3.34347240e+02  3.16227766e+02 -2.07309969e+00 
 3.41454887e+02  3.34345109e+02  3.41454887e+02 -2.23846729e+00 
 3.68694506e+02  3.34342624e+02  3.68694506e+02 -2.41702343e+00 
 3.98107171e+02  3.34339727e+02  3.98107171e+02 -2.60981927e+00 
 4.29866235e+02  3.34336350e+02  4.29866235e+02 -2.81798958e+00 
 4.64158883e+02  3.34332412e+02  4.64158883e+02 -3.04275934e+00 
 5.01187234e+02  3.34327821e+02  5.01187234e+02 -3.28545088e+00 
 5.41169527e+02  3.34322469e+02  5.41169527e+02 -3.54749150e+00 
 5.84341413e+02  3.34316228e+02  5.84341413e+02 -3.83042175e+00 
 6.30957344e+02  3.34308953e+02  6.30957344e+02 -4.13590432e+00 
 6.81292069e+02  3.34300470e+02  6.81292069e+02 -4.46573353e+00 
 7.35642254e+02  3.34290581e+02  7.35642254e+02 -4.82184560e+00 
 7.94328235e+02  3.34279052e+02  7.94328235e+02 -5.20632967e+00 
 8.57695899e+02  3.34265612e+02  8.57695899e+02 -5.62143958e+00 
 9.26118728e+02  3.34249942e+02  9.26118728e+02 -6.06960649e+00 
 1.00000000e+03  3.34231675e+02  1.00000000e+03 -6.55345239e+00 
 1.07977516e+03  3.34210379e+02  1.07977516e+03 -7.07580455e+00 
 1.16591440e+03  3.34185553e+02  1.16591440e+03 -7.63971086e+00 
 1.25892541e+03  3.34156614e+02  1.25892541e+03 -8.24845615e+00 
 1.35935639e+03  3.34122879e+02  1.35935639e+03 -8.90557952e+00 
 1.46779927e+03  3.34083555e+02  1.46779927e+03 -9.61489260e+00 
 1.58489319e+03  3.34037719e+02  1.58489319e+03 -1.03804988e+01 
 1.71132830e+03  3.33984294e+02  1.71132830e+03 -1.12068133e+01 
 1.84784980e+03  3.33922026e+02  1.84784980e+03 -1.20985841e+01 
 1.99526231e+03  3.33849456e+02  1.99526231e+03 -1.30609134e+01 
 2.15443469e+03  3.33764886e+02  2.15443469e+03 -1.40992798e+01 
 2.32630507e+03  3.33666339e+02  2.32630507e+03 -1.52195601e+01 
 2.51188643e+03  3.33551515e+02  2.51188643e+03 -1.64280514e+01 
 2.71227258e+03  3.33417739e+02  2.71227258e+03 -1.77314923e+01 
 2.92864456e+03  3.33261903e+02  2.92864456e+03 -1.91370824e+01 
 3.16227766e+03  3.33080396e+02  3.16227766e+03 -2.06524995e+01 
 3.41454887e+03  3.32869023e+02  3.41454887e+03 -2.22859139e+01 
 3.68694506e+03  3.32622919e+02  3.68694506e+03 -2.40459968e+01 
 3.98107171e+03  3.32336441e+02  3.98107171e+03 -2.59419229e+01 
 4.29866235e+03  3.32003054e+02  4.29866235e+03 -2.79833630e+01 
 4.64158883e+03  3.31615197e+02  4.64158883e+03 -3.01804651e+01 
 5.01187234e+03  3.31164130e+02  5.01187234e+03 -3.25438198e+01 
 5.41169527e+03  3.30639771e+02  5.41169527e+03 -3.50844058e+01 
 5.84341413e+03  3.30030505e+02  5.84341413e+03 -3.78135101e+01 
 6.30957344e+03  3.29322980e+02  6.30957344e+03 -4.07426160e+01 
 6.81292069e+03  3.28501884e+02  6.81292069e+03 -4.38832526e+01 
 7.35642254e+03  3.27549708e+02  7.35642254e+03 -4.72467951e+01 
 7.94328235e+03  3.26446494e+02  7.94328235e+03 -5.08442074e+01 
 8.57695899e+03  3.25169580e+02  8.57695899e+03 -5.46857138e+01 
 9.26118728e+03  3.23693356e+02  9.26118728e+03 -5.87803889e+01 
 1.00000000e+04  3.21989027e+02  1.00000000e+04 -6.31356512e+01 
 1.07977516e+04  3.20024434e+02  1.07977516e+04 -6.77566484e+01 
 1.16591440e+04  3.17763922e+02  1.16591440e+04 -7.26455232e+01 
 1.25892541e+04  3.15168323e+02  1.25892541e+04 -7.78005522e+01 
 1.35935639e+04  3.12195074e+02  1.35935639e+04 -8.32151563e+01 
 1.46779927e+04  3.08798533e+02  1.46779927e+04 -8.88767919e+01 
 1.58489319e+04  3.04930538e+02  1.58489319e+04 -9.47657457e+01 
 1.71132830e+04  3.00541290e+02  1.71132830e+04 -1.00853876e+02 
 1.84784980e+04  2.95580602e+02  1.84784980e+04 -1.07103370e+02 
 1.99526231e+04  2.89999583e+02  1.99526231e+04 -1.13465606e+02 
 2.15443469e+04  2.83752776e+02  2.15443469e+04 -1.19880263e+02 
 2.32630507e+04  2.76800762e+02  2.32630507e+04 -1.26274825e+02 
 2.51188643e+04  2.69113162e+02  2.51188643e+04 -1.32564668e+02 
 2.71227258e+04  2.60671924e+02  2.71227258e+04 -1.38653911e+02 
 2.92864456e+04  2.51474685e+02  2.92864456e+04 -1.44437212e+02 
 3.16227766e+04  2.41537926e+02  3.16227766e+04 -1.49802608e+02 
 3.41454887e+04  2.30899565e+02  3.41454887e+04 -1.54635432e+02 
 3.68694506e+04  2.19620599e+02  3.68694506e+04 -1.58823183e+02 
 3.98107171e+04  2.07785423e+02  3.98107171e+04 -1.62261099e+02 
 4.29866235e+04  1.95500544e+02  4.29866235e+04 -1.64857989e+02 
 4.64158883e+04  1.82891568e+02  4.64158883e+04 -1.66541808e+02 
 5.01187234e+04  1.70098541e+02  5.01187234e+04 -1.67264366e+02 
 5.41169527e+04  1.57269960e+02  5.41169527e+04 -1.67004622e+02 
 5.84341413e+04  1.44555975e+02  5.84341413e+04 -1.65770163e+02 
 6.30957344e+04  1.32101433e+02  6.30957344e+04 -1.63596671e+02 
 6.81292069e+04  1.20039427e+02  6.81292069e+04 -1.60545440e+02 
 7.35642254e+04  1.08485963e+02  7.35642254e+04 -1.56699277e+02 
 7.94328235e+04  9.75361392e+01  7.94328235e+04 -1.52157263e+02 
 8.57695899e+04  8.72620512e+01  8.57695899e+04 -1.47028968e+02 
 9.26118728e+04  7.77123807e+01  9.26118728e+04 -1.41428692e+02 
 1.00000000e+05  6.89134551e+01  1.00000000e+05 -1.35470226e+02 
 1.07977516e+05  6.08714399e+01  1.07977516e+05 -1.29262457e+02 
 1.16591440e+05  5.35752754e+01  1.16591440e+05 -1.22906020e+02 
 1.25892541e+05  4.69999823e+01  1.25892541e+05 -1.16491011e+02 
 1.35935639e+05  4.11100139e+01  1.35935639e+05 -1.10095718e+02 
 1.46779927e+05  3.58624133e+01  1.46779927e+05 -1.03786186e+02 
 1.58489319e+05  3.12096151e+01  1.58489319e+05 -9.76164685e+01 
 1.71132830e+05  2.71018067e+01  1.71132830e+05 -9.16293512e+01 
 1.84784980e+05  2.34888244e+01  1.84784980e+05 -8.58573903e+01 
 1.99526231e+05  2.03216030e+01  1.99526231e+05 -8.03241196e+01 
 2.15443469e+05  1.75532227e+01  2.15443469e+05 -7.50453122e+01 
 2.32630507e+05  1.51396138e+01  2.32630507e+05 -7.00302177e+01 
 2.51188643e+05  1.30399802e+01  2.51188643e+05 -6.52827205e+01 
 2.71227258e+05  1.12170044e+01  2.71227258e+05 -6.08023873e+01 
 2.92864456e+05  9.63688613e+00  2.92864456e+05 -5.65853891e+01 
 3.16227766e+05  8.26926275e+00  3.16227766e+05 -5.26252953e+01 
 3.41454887e+05  7.08704736e+00  3.41454887e+05 -4.89137430e+01 
 3.68694506e+05  6.06621616e+00  3.68694506e+05 -4.54409933e+01 
 3.98107171e+05  5.18556692e+00  3.98107171e+05 -4.21963850e+01 
 4.29866235e+05  4.42646566e+00  4.29866235e+05 -3.91687001e+01 
 4.64158883e+05  3.77259366e+00  4.64158883e+05 -3.63464532e+01 
 5.01187234e+05  3.20970299e+00  5.01187234e+05 -3.37181168e+01 
 5.41169527e+05  2.72538569e+00  5.41169527e+05 -3.12722941e+01 
 5.84341413e+05  2.30885997e+00  5.84341413e+05 -2.89978482e+01 
 6.30957344e+05  1.95077458e+00  6.30957344e+05 -2.68839957e+01 
 6.81292069e+05  1.64303206e+00  6.81292069e+05 -2.49203729e+01 
 7.35642254e+05  1.37863025e+00  7.35642254e+05 -2.30970792e+01 
 7.94328235e+05  1.15152122e+00  7.94328235e+05 -2.14047027e+01 
 8.57695899e+05  9.56486511e-01  8.57695899e+05 -1.98343325e+01 
 9.26118728e+05  7.89027230e-01  9.26118728e+05 -1.83775611e+01 
 1.00000000e+06  6.45267721e-01  1.00000000e+06 -1.70264776e+01 
 1.07977516e+06  5.21871347e-01  1.07977516e+06 -1.57736566e+01 
 1.16591440e+06  4.15967100e-01  1.16591440e+06 -1.46121420e+01 
 1.25892541e+06  3.25085794e-01  1.25892541e+06 -1.35354287e+01 
 1.35935639e+06  2.47104708e-01  1.35935639e+06 -1.25374415e+01 
 1.46779927e+06  1.80199629e-01  1.46779927e+06 -1.16125139e+01 
 1.58489319e+06  1.22803384e-01  1.58489319e+06 -1.07553659e+01 
 1.71132830e+06  7.35700103e-02  1.71132830e+06 -9.96108176e+00 
 1.84784980e+06  3.13438495e-02  1.84784980e+06 -9.22508852e+00 
 1.99526231e+06 -4.86710315e-03  1.99526231e+06 -8.54313451e+00 
 2.15443469e+06 -3.59141491e-02  2.15443469e+06 -7.91126895e+00 
 2.32630507e+06 -6.25276403e-02  2.32630507e+06 -7.32582226e+00 
 2.51188643e+06 -8.53339697e-02  2.51188643e+06 -6.78338734e+00 
 2.71227258e+06 -1.04870175e-01  2.71227258e+06 -6.28080179e+00 
 2.92864456e+06 -1.21596482e-01  2.92864456e+06 -5.81513112e+00 
 3.16227766e+06 -1.35907076e-01  3.16227766e+06 -5.38365290e+00 
 3.41454887e+06 -1.48139334e-01  3.41454887e+06 -4.98384189e+00 
 3.68694506e+06 -1.58581748e-01  3.68694506e+06 -4.61335613e+00 
 3.98107171e+06 -1.67480706e-01  3.98107171e+06 -4.27002388e+00 
 4.29866235e+06 -1.75046287e-01  4.29866235e+06 -3.95183148e+00 
 4.64158883e+06 -1.81457227e-01  4.64158883e+06 -3.65691196e+00 
 5.01187234e+06 -1.86865141e-01  5.01187234e+06 -3.38353450e+00 
 5.41169527e+06 -1.91398131e-01  5.41169527e+06 -3.13009462e+00 
 5.84341413e+06 -1.95163842e-01  5.84341413e+06 -2.89510507e+00 
 6.30957344e+06 -1.98252062e-01  6.30957344e+06 -2.67718739e+00 
 6.81292069e+06 -2.00736919e-01  6.81292069e+06 -2.47506409e+00 
 7.35642254e+06 -2.02678734e-01  7.35642254e+06 -2.28755150e+00 
 7.94328235e+06 -2.04125590e-01  7.94328235e+06 -2.11355308e+00 
 8.57695899e+06 -2.05114656e-01  8.57695899e+06 -1.95205340e+00 
 9.26118728e+06 -2.05673309e-01  9.26118728e+06 -1.80211254e+00 
 1.00000000e+07 -2.05820111e-01  1.00000000e+07 -1.66286107e+00 
 1.07977516e+07 -2.05565665e-01  1.07977516e+07 -1.53349544e+00 
 1.16591440e+07 -2.04913416e-01  1.16591440e+07 -1.41327386e+00 
 1.25892541e+07 -2.03860417e-01  1.25892541e+07 -1.30151260e+00 
 1.35935639e+07 -2.02398144e-01  1.35935639e+07 -1.19758266e+00 
 1.46779927e+07 -2.00513377e-01  1.46779927e+07 -1.10090688e+00 
 1.58489319e+07 -1.98189224e-01  1.58489319e+07 -1.01095722e+00 
 1.71132830e+07 -1.95406334e-01  1.71132830e+07 -9.27252431e-01 
 1.84784980e+07 -1.92144335e-01  1.84784980e+07 -8.49355776e-01 
 1.99526231e+07 -1.88383527e-01  1.99526231e+07 -7.76872862e-01 
 2.15443469e+07 -1.84106844e-01  2.15443469e+07 -7.09449389e-01 
 2.32630507e+07 -1.79302038e-01  2.32630507e+07 -6.46768710e-01 
 2.51188643e+07 -1.73964018e-01  2.51188643e+07 -5.88549043e-01 
 2.71227258e+07 -1.68097202e-01  2.71227258e+07 -5.34540234e-01 
 2.92864456e+07 -1.61717707e-01  2.92864456e+07 -4.84519971e-01 
 3.16227766e+07 -1.54855136e-01  3.16227766e+07 -4.38289440e-01 
 3.41454887e+07 -1.47553712e-01  3.41454887e+07 -3.95668481e-01 
 3.68694506e+07 -1.39872518e-01  3.68694506e+07 -3.56490421e-01 
 3.98107171e+07 -1.31884672e-01  3.98107171e+07 -3.20596857e-01 
 4.29866235e+07 -1.23675350e-01  4.29866235e+07 -2.87832734e-01 
 4.64158883e+07 -1.15338726e-01  4.64158883e+07 -2.58042097e-01 
 5.01187234e+07 -1.06974053e-01  5.01187234e+07 -2.31064886e-01 
 5.41169527e+07 -9.86812181e-02  5.41169527e+07 -2.06735008e-01 
 5.84341413e+07 -9.05562122e-02  5.84341413e+07 -1.84879808e-01 
 6.30957344e+07 -8.26869532e-02  6.30957344e+07 -1.65320879e-01 
 6.81292069e+07 -7.51498467e-02  6.81292069e+07 -1.47875997e-01 
 7.35642254e+07 -6.80073551e-02  7.35642254e+07 -1.32361830e-01 
 7.94328235e+07 -6.13066930e-02  7.94328235e+07 -1.18597059e-01 
 8.57695899e+07 -5.50796240e-02  8.57695899e+07 -1.06405493e-01 
 9.26118728e+07 -4.93432116e-02  9.26118728e+07 -9.56189055e-02 
 1.00000000e+08 -4.41012993e-02  1.00000000e+08 -8.60793255e-02 
 1.07977516e+08 -3.93464665e-02  1.07977516e+08 -7.76406985e-02 
 1.16591440e+08 -3.50622125e-02  1.16591440e+08 -7.01698741e-02 
 1.25892541e+08 -3.12251615e-02  1.25892541e+08 -6.35469776e-02 
 1.35935639e+08 -2.78071329e-02  1.35935639e+08 -5.76652597e-02 
 1.46779927e+08 -2.47769721e-02  1.46779927e+08 -5.24305415e-02 
 1.58489319e+08 -2.21020907e-02  1.58489319e+08 -4.77603766e-02 
 1.71132830e+08 -1.97497007e-02  1.71132830e+08 -4.35830394e-02 
 1.84784980e+08 -1.76877555e-02  1.84784980e+08 -3.98364313e-02 
 1.99526231e+08 -1.58856282e-02  1.99526231e+08 -3.64669751e-02 
 2.15443469e+08 -1.43145666e-02  2.15443469e+08 -3.34285483e-02 
 2.32630507e+08 -1.29479655e-02  2.32630507e+08 -3.06814890e-02 
 2.51188643e+08 -1.17614970e-02  2.51188643e+08 -2.81916921e-02 
 2.71227258e+08 -1.07331327e-02  2.71227258e+08 -2.59298045e-02 
 2.92864456e+08 -9.84308931e-03  2.92864456e+08 -2.38705194e-02 
 3.16227766e+08 -9.07372214e-03  3.16227766e+08 -2.19919667e-02 
 3.41454887e+08 -8.40938452e-03  3.41454887e+08 -2.02751888e-02 
 3.68694506e+08 -7.83626976e-03  3.68694506e+08 -1.87036969e-02 
 3.98107171e+08 -7.34224532e-03  3.98107171e+08 -1.72630944e-02 
 4.29866235e+08 -6.91668753e-03  4.29866235e+08 -1.59407613e-02 
 4.64158883e+08 -6.55032191e-03  4.64158883e+08 -1.47255890e-02 
 5.01187234e+08 -6.23507270e-03  5.01187234e+08 -1.36077579e-02 
 5.41169527e+08 -5.96392338e-03  5.41169527e+08 -1.25785525e-02 
 5.84341413e+08 -5.73078917e-03  5.84341413e+08 -1.16302058e-02 
 6.30957344e+08 -5.53040185e-03  6.30957344e+08 -1.07557694e-02 
 6.81292069e+08 -5.35820646e-03  6.81292069e+08 -9.94900494e-03 
 7.35642254e+08 -5.21026940e-03  7.35642254e+08 -9.20429181e-03 
 7.94328235e+08 -5.08319704e-03  7.94328235e+08 -8.51655061e-03 
 8.57695899e+08 -4.97406413e-03  8.57695899e+08 -7.88117752e-03 
 9.26118728e+08 -4.88035096e-03  9.26118728e+08 -7.29398894e-03 
 1.00000000e+09 -4.79988842e-03  1.00000000e+09 -6.75117416e-03 
 1.07977516e+09 -4.73081017e-03  1.07977516e+09 -6.24925482e-03 
 1.16591440e+09 -4.67151101e-03  1.16591440e+09 -5.78505002e-03 
 1.25892541e+09 -4.62061082e-03  1.25892541e+09 -5.35564608e-03 
 1.35935639e+09 -4.57692332e-03  1.35935639e+09 -4.95837028e-03 
 1.46779927e+09 -4.53942905e-03  1.46779927e+09 -4.59076779e-03 
 1.58489319e+09 -4.50725210e-03  1.58489319e+09 -4.25058148e-03 
 1.71132830e+09 -4.47964002e-03  1.71132830e+09 -3.93573400e-03 
 1.84784980e+09 -4.45594647e-03  1.84784980e+09 -3.64431188e-03 
 1.99526231e+09 -4.43561639e-03  1.99526231e+09 -3.37455132e-03 
 2.15443469e+09 -4.41817308e-03  2.15443469e+09 -3.12482550e-03 
 2.32630507e+09 -4.40320727e-03  2.32630507e+09 -2.89363309e-03 
 2.51188643e+09 -4.39036756e-03  2.51188643e+09 -2.67958792e-03 
 2.71227258e+09 -4.37935228e-03  2.71227258e+09 -2.48140968e-03 
 2.92864456e+09 -4.36990248e-03  2.92864456e+09 -2.29791531e-03 
 3.16227766e+09 -4.36179589e-03  3.16227766e+09 -2.12801138e-03 
 3.41454887e+09 -4.35484175e-03  3.41454887e+09 -1.97068695e-03 
 3.68694506e+09 -4.34887636e-03  3.68694506e+09 -1.82500718e-03 
 3.98107171e+09 -4.34375923e-03  3.98107171e+09 -1.69010738e-03 
 4.29866235e+09 -4.33936982e-03  4.29866235e+09 -1.56518767e-03 
 4.64158883e+09 -4.33560469e-03  4.64158883e+09 -1.44950793e-03 
 5.01187234e+09 -4.33237508e-03  5.01187234e+09 -1.34238330e-03 
 5.41169527e+09 -4.32960487e-03  5.41169527e+09 -1.24317997e-03 
 5.84341413e+09 -4.32722873e-03  5.84341413e+09 -1.15131132e-03 
 6.30957344e+09 -4.32519062e-03  6.30957344e+09 -1.06623434e-03 
 6.81292069e+09 -4.32344246e-03  6.81292069e+09 -9.87446365e-04 
 7.35642254e+09 -4.32194301e-03  7.35642254e+09 -9.14482065e-04 
 7.94328235e+09 -4.32065690e-03  7.94328235e+09 -8.46910618e-04 
 8.57695899e+09 -4.31955377e-03  8.57695899e+09 -7.84333151e-04 
 9.26118728e+09 -4.31860760e-03  9.26118728e+09 -7.26380350e-04 
 1.00000000e+10 -4.31779606e-03  1.00000000e+10 -6.72710259e-04 
