 1.00000000e+00  3.34411647e+02  1.00000000e+00 -4.46407045e-03 
 1.07977516e+00  3.34411647e+02  1.07977516e+00 -4.82019239e-03 
 1.16591440e+00  3.34411647e+02  1.16591440e+00 -5.20472402e-03 
 1.25892541e+00  3.34411647e+02  1.25892541e+00 -5.61993172e-03 
 1.35935639e+00  3.34411647e+02  1.35935639e+00 -6.06826269e-03 
 1.46779927e+00  3.34411647e+02  1.46779927e+00 -6.55235933e-03 
 1.58489319e+00  3.34411647e+02  1.58489319e+00 -7.07507486e-03 
 1.71132830e+00  3.34411647e+02  1.71132830e+00 -7.63949010e-03 
 1.84784980e+00  3.34411647e+02  1.84784980e+00 -8.24893167e-03 
 1.99526231e+00  3.34411647e+02  1.99526231e+00 -8.90699153e-03 
 2.15443469e+00  3.34411647e+02  2.15443469e+00 -9.61754822e-03 
 2.32630507e+00  3.34411647e+02  2.32630507e+00 -1.03847897e-02 
 2.51188643e+00  3.34411647e+02  2.51188643e+00 -1.12132380e-02 
 2.71227258e+00  3.34411647e+02  2.71227258e+00 -1.21077759e-02 
 2.92864456e+00  3.34411647e+02  2.92864456e+00 -1.30736756e-02 
 3.16227766e+00  3.34411647e+02  3.16227766e+00 -1.41166302e-02 
 3.41454887e+00  3.34411647e+02  3.41454887e+00 -1.52427867e-02 
 3.68694506e+00  3.34411647e+02  3.68694506e+00 -1.64587825e-02 
 3.98107171e+00  3.34411647e+02  3.98107171e+00 -1.77717845e-02 
 4.29866235e+00  3.34411646e+02  4.29866235e+00 -1.91895315e-02 
 4.64158883e+00  3.34411646e+02  4.64158883e+00 -2.07203795e-02 
 5.01187234e+00  3.34411646e+02  5.01187234e+00 -2.23733511e-02 
 5.41169527e+00  3.34411646e+02  5.41169527e+00 -2.41581888e-02 
 5.84341413e+00  3.34411645e+02  5.84341413e+00 -2.60854122e-02 
 6.30957344e+00  3.34411645e+02  6.30957344e+00 -2.81663802e-02 
 6.81292069e+00  3.34411645e+02  6.81292069e+00 -3.04133577e-02 
 7.35642254e+00  3.34411644e+02  7.35642254e+00 -3.28395882e-02 
 7.94328235e+00  3.34411644e+02  7.94328235e+00 -3.54593716e-02 
 8.57695899e+00  3.34411643e+02  8.57695899e+00 -3.82881486e-02 
 9.26118728e+00  3.34411642e+02  9.26118728e+00 -4.13425918e-02 
 1.00000000e+01  3.34411641e+02  1.00000000e+01 -4.46407037e-02 
 1.07977516e+01  3.34411641e+02  1.07977516e+01 -4.82019229e-02 
 1.16591440e+01  3.34411639e+02  1.16591440e+01 -5.20472390e-02 
 1.25892541e+01  3.34411638e+02  1.25892541e+01 -5.61993157e-02 
 1.35935639e+01  3.34411636e+02  1.35935639e+01 -6.06826249e-02 
 1.46779927e+01  3.34411635e+02  1.46779927e+01 -6.55235908e-02 
 1.58489319e+01  3.34411632e+02  1.58489319e+01 -7.07507455e-02 
 1.71132830e+01  3.34411630e+02  1.71132830e+01 -7.63948971e-02 
 1.84784980e+01  3.34411627e+02  1.84784980e+01 -8.24893117e-02 
 1.99526231e+01  3.34411624e+02  1.99526231e+01 -8.90699090e-02 
 2.15443469e+01  3.34411620e+02  2.15443469e+01 -9.61754744e-02 
 2.32630507e+01  3.34411615e+02  2.32630507e+01 -1.03847887e-01 
 2.51188643e+01  3.34411610e+02  2.51188643e+01 -1.12132367e-01 
 2.71227258e+01  3.34411604e+02  2.71227258e+01 -1.21077743e-01 
 2.92864456e+01  3.34411596e+02  2.92864456e+01 -1.30736737e-01 
 3.16227766e+01  3.34411588e+02  3.16227766e+01 -1.41166277e-01 
 3.41454887e+01  3.34411578e+02  3.41454887e+01 -1.52427836e-01 
 3.68694506e+01  3.34411567e+02  3.68694506e+01 -1.64587785e-01 
 3.98107171e+01  3.34411553e+02  3.98107171e+01 -1.77717795e-01 
 4.29866235e+01  3.34411537e+02  4.29866235e+01 -1.91895252e-01 
 4.64158883e+01  3.34411519e+02  4.64158883e+01 -2.07203716e-01 
 5.01187234e+01  3.34411498e+02  5.01187234e+01 -2.23733412e-01 
 5.41169527e+01  3.34411473e+02  5.41169527e+01 -2.41581763e-01 
 5.84341413e+01  3.34411444e+02  5.84341413e+01 -2.60853965e-01 
 6.30957344e+01  3.34411410e+02  6.30957344e+01 -2.81663604e-01 
 6.81292069e+01  3.34411371e+02  6.81292069e+01 -3.04133328e-01 
 7.35642254e+01  3.34411325e+02  7.35642254e+01 -3.28395569e-01 
 7.94328235e+01  3.34411272e+02  7.94328235e+01 -3.54593322e-01 
 8.57695899e+01  3.34411209e+02  8.57695899e+01 -3.82880990e-01 
 9.26118728e+01  3.34411137e+02  9.26118728e+01 -4.13425294e-01 
 1.00000000e+02  3.34411052e+02  1.00000000e+02 -4.46406251e-01 
 1.07977516e+02  3.34410953e+02  1.07977516e+02 -4.82018240e-01 
 1.16591440e+02  3.34410838e+02  1.16591440e+02 -5.20471144e-01 
 1.25892541e+02  3.34410704e+02  1.25892541e+02 -5.61991588e-01 
 1.35935639e+02  3.34410547e+02  1.35935639e+02 -6.06824275e-01 
 1.46779927e+02  3.34410365e+02  1.46779927e+02 -6.55233422e-01 
 1.58489319e+02  3.34410152e+02  1.58489319e+02 -7.07504325e-01 
 1.71132830e+02  3.34409904e+02  1.71132830e+02 -7.63945031e-01 
 1.84784980e+02  3.34409615e+02  1.84784980e+02 -8.24888157e-01 
 1.99526231e+02  3.34409277e+02  1.99526231e+02 -8.90692846e-01 
 2.15443469e+02  3.34408884e+02  2.15443469e+02 -9.61746883e-01 
 2.32630507e+02  3.34408425e+02  2.32630507e+02 -1.03846897e+00 
 2.51188643e+02  3.34407891e+02  2.51188643e+02 -1.12131121e+00 
 2.71227258e+02  3.34407268e+02  2.71227258e+02 -1.21076174e+00 
 2.92864456e+02  3.34406541e+02  2.92864456e+02 -1.30734762e+00 
 3.16227766e+02  3.34405694e+02  3.16227766e+02 -1.41163792e+00 
 3.41454887e+02  3.34404706e+02  3.41454887e+02 -1.52424706e+00 
 3.68694506e+02  3.34403554e+02  3.68694506e+02 -1.64583845e+00 
 3.98107171e+02  3.34402212e+02  3.98107171e+02 -1.77712835e+00 
 4.29866235e+02  3.34400646e+02  4.29866235e+02 -1.91889008e+00 
 4.64158883e+02  3.34398821e+02  4.64158883e+02 -2.07195855e+00 
 5.01187234e+02  3.34396693e+02  5.01187234e+02 -2.23723516e+00 
 5.41169527e+02  3.34394212e+02  5.41169527e+02 -2.41569305e+00 
 5.84341413e+02  3.34391319e+02  5.84341413e+02 -2.60838281e+00 
 6.30957344e+02  3.34387947e+02  6.30957344e+02 -2.81643859e+00 
 6.81292069e+02  3.34384015e+02  6.81292069e+02 -3.04108471e+00 
 7.35642254e+02  3.34379431e+02  7.35642254e+02 -3.28364276e+00 
 7.94328235e+02  3.34374086e+02  7.94328235e+02 -3.54553927e+00 
 8.57695899e+02  3.34367855e+02  8.57695899e+02 -3.82831397e+00 
 9.26118728e+02  3.34360590e+02  9.26118728e+02 -4.13362860e+00 
 1.00000000e+03  3.34352121e+02  1.00000000e+03 -4.46327653e+00 
 1.07977516e+03  3.34342246e+02  1.07977516e+03 -4.81919294e+00 
 1.16591440e+03  3.34330734e+02  1.16591440e+03 -5.20346584e+00 
 1.25892541e+03  3.34317313e+02  1.25892541e+03 -5.61834783e+00 
 1.35935639e+03  3.34301667e+02  1.35935639e+03 -6.06626877e+00 
 1.46779927e+03  3.34283427e+02  1.46779927e+03 -6.54984928e+00 
 1.58489319e+03  3.34262163e+02  1.58489319e+03 -7.07191509e+00 
 1.71132830e+03  3.34237374e+02  1.71132830e+03 -7.63551248e+00 
 1.84784980e+03  3.34208477e+02  1.84784980e+03 -8.24392457e+00 
 1.99526231e+03  3.34174792e+02  1.99526231e+03 -8.90068860e+00 
 2.15443469e+03  3.34135527e+02  2.15443469e+03 -9.60961424e+00 
 2.32630507e+03  3.34089758e+02  2.32630507e+03 -1.03748028e+01 
 2.51188643e+03  3.34036412e+02  2.51188643e+03 -1.12006672e+01 
 2.71227258e+03  3.33974237e+02  2.71227258e+03 -1.20919531e+01 
 2.92864456e+03  3.33901774e+02  2.92864456e+03 -1.30537603e+01 
 3.16227766e+03  3.33817329e+02  3.16227766e+03 -1.40915646e+01 
 3.41454887e+03  3.33718928e+02  3.41454887e+03 -1.52112403e+01 
 3.68694506e+03  3.33604273e+02  3.68694506e+03 -1.64190815e+01 
 3.98107171e+03  3.33470694e+02  3.98107171e+03 -1.77218240e+01 
 4.29866235e+03  3.33315088e+02  4.29866235e+03 -1.91266642e+01 
 4.64158883e+03  3.33133847e+02  4.64158883e+03 -2.06412773e+01 
 5.01187234e+03  3.32922785e+02  5.01187234e+03 -2.22738304e+01 
 5.41169527e+03  3.32677041e+02  5.41169527e+03 -2.40329920e+01 
 5.84341413e+03  3.32390982e+02  5.84341413e+03 -2.59279342e+01 
 6.30957344e+03  3.32058082e+02  6.30957344e+03 -2.79683255e+01 
 6.81292069e+03  3.31670790e+02  6.81292069e+03 -3.01643122e+01 
 7.35642254e+03  3.31220378e+02  7.35642254e+03 -3.25264839e+01 
 7.94328235e+03  3.30696777e+02  7.94328235e+03 -3.50658193e+01 
 8.57695899e+03  3.30088387e+02  8.57695899e+03 -3.77936063e+01 
 9.26118728e+03  3.29381875e+02  9.26118728e+03 -4.07213313e+01 
 1.00000000e+04  3.28561947e+02  1.00000000e+04 -4.38605281e+01 
 1.07977516e+04  3.27611117e+02  1.07977516e+04 -4.72225798e+01 
 1.16591440e+04  3.26509449e+02  1.16591440e+04 -5.08184613e+01 
 1.25892541e+04  3.25234309e+02  1.25892541e+04 -5.46584120e+01 
 1.35935639e+04  3.23760111e+02  1.35935639e+04 -5.87515270e+01 
 1.46779927e+04  3.22058093e+02  1.46779927e+04 -6.31052511e+01 
 1.58489319e+04  3.20096123e+02  1.58489319e+04 -6.77247659e+01 
 1.71132830e+04  3.17838575e+02  1.71132830e+04 -7.26122565e+01 
 1.84784980e+04  3.15246310e+02  1.84784980e+04 -7.77660515e+01 
 1.99526231e+04  3.12276787e+02  1.99526231e+04 -8.31796350e+01 
 2.15443469e+04  3.08884382e+02  2.15443469e+04 -8.88405382e+01 
 2.32630507e+04  3.05020941e+02  2.32630507e+04 -9.47291352e+01 
 2.51188643e+04  3.00636658e+02  2.51188643e+04 -1.00817384e+02 
 2.71227258e+04  2.95681324e+02  2.71227258e+04 -1.07067581e+02 
 2.92864456e+04  2.90105998e+02  2.92864456e+04 -1.13431225e+02 
 3.16227766e+04  2.83865152e+02  3.16227766e+04 -1.19848117e+02 
 3.41454887e+04  2.76919260e+02  3.41454887e+04 -1.26245865e+02 
 3.68694506e+04  2.69237802e+02  3.68694506e+04 -1.32539953e+02 
 3.98107171e+04  2.60802548e+02  3.98107171e+04 -1.38634594e+02 
 4.29866235e+04  2.51610924e+02  4.29866235e+04 -1.44424505e+02 
 4.64158883e+04  2.41679169e+02  4.64158883e+04 -1.49797739e+02 
 5.01187234e+04  2.31044944e+02  5.01187234e+04 -1.54639589e+02 
 5.41169527e+04  2.19768983e+02  5.41169527e+04 -1.58837455e+02 
 5.84341413e+04  2.07935431e+02  5.84341413e+04 -1.62286403e+02 
 6.30957344e+04  1.95650582e+02  6.30957344e+04 -1.64895006e+02 
 6.81292069e+04  1.83039884e+02  6.81292069e+04 -1.66590929e+02 
 7.35642254e+04  1.70243293e+02  7.35642254e+04 -1.67325649e+02 
 7.94328235e+04  1.57409300e+02  7.94328235e+04 -1.67077772e+02 
 8.57695899e+04  1.44688137e+02  8.57695899e+04 -1.65854541e+02 
 9.26118728e+04  1.32224809e+02  9.26118728e+04 -1.63691317e+02 
 1.00000000e+05  1.20152641e+02  1.00000000e+05 -1.60649129e+02 
 1.07977516e+05  1.08587916e+02  1.07977516e+05 -1.56810584e+02 
 1.16591440e+05  9.76260407e+01  1.16591440e+05 -1.52274636e+02 
 1.25892541e+05  8.73394247e+01  1.25892541e+05 -1.47150803e+02 
 1.35935639e+05  7.77770498e+01  1.35935639e+05 -1.41553408e+02 
 1.46779927e+05  6.89655147e+01  1.46779927e+05 -1.35596317e+02 
 1.58489319e+05  6.09112163e+01  1.58489319e+05 -1.29388543e+02 
 1.71132830e+05  5.36032811e+01  1.71132830e+05 -1.23030874e+02 
 1.84784980e+05  4.70168695e+01  1.84784980e+05 -1.16613580e+02 
 1.99526231e+05  4.11165302e+01  1.99526231e+05 -1.10215125e+02 
 2.15443469e+05  3.58593625e+01  2.15443469e+05 -1.03901732e+02 
 2.32630507e+05  3.11978236e+01  2.32630507e+05 -9.77276138e+01 
 2.51188643e+05  2.70820968e+01  2.51188643e+05 -9.17357055e+01 
 2.71227258e+05  2.34619938e+01  2.71227258e+05 -8.59586928e+01 
 2.92864456e+05  2.02884101e+01  2.92864456e+05 -8.04202206e+01 
 3.16227766e+05  1.75143768e+01  3.16227766e+05 -7.51361549e+01 
 3.41454887e+05  1.50957695e+01  3.41454887e+05 -7.01158208e+01 
 3.68694506e+05  1.29917349e+01  3.68694506e+05 -6.53631626e+01 
 3.98107171e+05  1.11648983e+01  3.98107171e+05 -6.08777932e+01 
 4.29866235e+05  9.58140391e+00  4.29866235e+05 -5.66559182e+01 
 4.64158883e+05  8.21083629e+00  4.64158883e+05 -5.26911314e+01 
 5.01187234e+05  7.02605950e+00  5.01187234e+05 -4.89750861e+01 
 5.41169527e+05  6.00300464e+00  5.41169527e+05 -4.54980529e+01 
 5.84341413e+05  5.12042851e+00  5.84341413e+05 -4.22493749e+01 
 6.30957344e+05  4.35966026e+00  6.30957344e+05 -3.92178341e+01 
 6.81292069e+05  3.70434829e+00  6.81292069e+05 -3.63919417e+01 
 7.35642254e+05  3.14021543e+00  7.35642254e+05 -3.37601645e+01 
 7.94328235e+05  2.65482800e+00  7.94328235e+05 -3.13110979e+01 
 8.57695899e+05  2.23738157e+00  8.57695899e+05 -2.90335961e+01 
 9.26118728e+05  1.87850513e+00  9.26118728e+05 -2.69168660e+01 
 1.00000000e+06  1.57008400e+00  1.00000000e+06 -2.49505335e+01 
 1.07977516e+06  1.30510107e+00  1.07977516e+06 -2.31246871e+01 
 1.16591440e+06  1.07749549e+00  1.16591440e+06 -2.14299041e+01 
 1.25892541e+06  8.82037655e-01  1.25892541e+06 -1.98572631e+01 
 1.35935639e+06  7.14219125e-01  1.35935639e+06 -1.83983456e+01 
 1.46779927e+06  5.70156079e-01  1.46779927e+06 -1.70452303e+01 
 1.58489319e+06  4.46504947e-01  1.58489319e+06 -1.57904816e+01 
 1.71132830e+06  3.40388876e-01  1.71132830e+06 -1.46271336e+01 
 1.84784980e+06  2.49333803e-01  1.84784980e+06 -1.35486712e+01 
 1.99526231e+06  1.71212991e-01  1.99526231e+06 -1.25490101e+01 
 2.15443469e+06  1.04198991e-01  2.15443469e+06 -1.16224747e+01 
 2.32630507e+06  4.67220952e-02  2.32630507e+06 -1.07637761e+01 
 2.51188643e+06 -2.56554110e-03  2.51188643e+06 -9.96799014e+00 
 2.71227258e+06 -4.48208539e-02  2.71227258e+06 -9.23053556e+00 
 2.92864456e+06 -8.10365470e-02  2.92864456e+06 -8.54715261e+00 
 3.16227766e+06 -1.12064061e-01  3.16227766e+06 -7.91388264e+00 
 3.41454887e+06 -1.38633335e-01  3.41454887e+06 -7.32704843e+00 
 3.68694506e+06 -1.61369787e-01  3.68694506e+06 -6.78323537e+00 
 3.98107171e+06 -1.80808907e-01  3.98107171e+06 -6.27927376e+00 
 4.29866235e+06 -1.97408768e-01  4.29866235e+06 -5.81222193e+00 
 4.64158883e+06 -2.11560761e-01  4.64158883e+06 -5.37935045e+00 
 5.01187234e+06 -2.23598784e-01  5.01187234e+06 -4.97812730e+00 
 5.41169527e+06 -2.33807098e-01  5.41169527e+06 -4.60620392e+00 
 5.84341413e+06 -2.42427044e-01  5.84341413e+06 -4.26140225e+00 
 6.30957344e+06 -2.49662767e-01  6.30957344e+06 -3.94170260e+00 
 6.81292069e+06 -2.55686091e-01  6.81292069e+06 -3.64523241e+00 
 7.35642254e+06 -2.60640664e-01  7.35642254e+06 -3.37025581e+00 
 7.94328235e+06 -2.64645468e-01  7.94328235e+06 -3.11516394e+00 
 8.57695899e+06 -2.67797807e-01  8.57695899e+06 -2.87846602e+00 
 9.26118728e+06 -2.70175831e-01  9.26118728e+06 -2.65878117e+00 
 1.00000000e+07 -2.71840696e-01  1.00000000e+07 -2.45483091e+00 
 1.07977516e+07 -2.72838409e-01  1.07977516e+07 -2.26543224e+00 
 1.16591440e+07 -2.73201449e-01  1.16591440e+07 -2.08949147e+00 
 1.25892541e+07 -2.72950217e-01  1.25892541e+07 -1.92599858e+00 
 1.35935639e+07 -2.72094393e-01  1.35935639e+07 -1.77402217e+00 
 1.46779927e+07 -2.70634276e-01  1.46779927e+07 -1.63270491e+00 
 1.58489319e+07 -2.68562171e-01  1.58489319e+07 -1.50125957e+00 
 1.71132830e+07 -2.65863919e-01  1.71132830e+07 -1.37896536e+00 
 1.84784980e+07 -2.62520615e-01  1.84784980e+07 -1.26516470e+00 
 1.99526231e+07 -2.58510615e-01  1.99526231e+07 -1.15926017e+00 
 2.15443469e+07 -2.53811842e-01  2.15443469e+07 -1.06071163e+00 
 2.32630507e+07 -2.48404439e-01  2.32630507e+07 -9.69033210e-01 
 2.51188643e+07 -2.42273716e-01  2.51188643e+07 -8.83790176e-01 
 2.71227258e+07 -2.35413325e-01  2.71227258e+07 -8.04595292e-01 
 2.92864456e+07 -2.27828486e-01  2.92864456e+07 -7.31104659e-01 
 3.16227766e+07 -2.19539051e-01  3.16227766e+07 -6.63012839e-01 
 3.41454887e+07 -2.10582092e-01  3.41454887e+07 -6.00047210e-01 
 3.68694506e+07 -2.01013697e-01  3.68694506e+07 -5.41961638e-01 
 3.98107171e+07 -1.90909628e-01  3.98107171e+07 -4.88529645e-01 
 4.29866235e+07 -1.80364596e-01  4.29866235e+07 -4.39537414e-01 
 4.64158883e+07 -1.69490001e-01  4.64158883e+07 -3.94777071e-01 
 5.01187234e+07 -1.58410185e-01  5.01187234e+07 -3.54040766e-01 
 5.41169527e+07 -1.47257445e-01  5.41169527e+07 -3.17116020e-01 
 5.84341413e+07 -1.36166228e-01  5.84341413e+07 -2.83782739e-01 
 6.30957344e+07 -1.25267063e-01  6.30957344e+07 -2.53812070e-01 
 6.81292069e+07 -1.14680834e-01  6.81292069e+07 -2.26967090e-01 
 7.35642254e+07 -1.04513932e-01  7.35642254e+07 -2.03005073e-01 
 7.94328235e+07 -9.48546793e-02  7.94328235e+07 -1.81680924e-01 
 8.57695899e+07 -8.57712445e-02  8.57695899e+07 -1.62751255e-01 
 9.26118728e+07 -7.73110499e-02  9.26118728e+07 -1.45978605e-01 
 1.00000000e+08 -6.95015093e-02  1.00000000e+08 -1.31135333e-01 
 1.07977516e+08 -6.23518156e-02  1.07977516e+08 -1.18006877e-01 
 1.16591440e+08 -5.58554412e-02  1.16591440e+08 -1.06394169e-01 
 1.25892541e+08 -4.99930165e-02  1.25892541e+08 -9.61151593e-02 
 1.35935639e+08 -4.47352948e-02  1.35935639e+08 -8.70054970e-02 
 1.46779927e+08 -4.00459768e-02  1.46779927e+08 -7.89184733e-02 
 1.58489319e+08 -3.58842422e-02  1.58489319e+08 -7.17243916e-02 
 1.71132830e+08 -3.22069028e-02  1.71132830e+08 -6.53095209e-02 
 1.84784980e+08 -2.89701476e-02  1.84784980e+08 -5.95747861e-02 
 1.99526231e+08 -2.61308889e-02  1.99526231e+08 -5.44343215e-02 
 2.15443469e+08 -2.36477474e-02  2.15443469e+08 -4.98139903e-02 
 2.32630507e+08 -2.14817249e-02  2.32630507e+08 -4.56499428e-02 
 2.51188643e+08 -1.95966209e-02  2.51188643e+08 -4.18872620e-02 
 2.71227258e+08 -1.79592470e-02  2.71227258e+08 -3.84787267e-02 
 2.92864456e+08 -1.65394872e-02  2.92864456e+08 -3.53837051e-02 
 3.16227766e+08 -1.53102462e-02  3.16227766e+08 -3.25671815e-02 
 3.41454887e+08 -1.42473211e-02  3.41454887e+08 -2.99989118e-02 
 3.68694506e+08 -1.33292231e-02  3.68694506e+08 -2.76526987e-02 
 3.98107171e+08 -1.25369703e-02  3.98107171e+08 -2.55057736e-02 
 4.29866235e+08 -1.18538682e-02  4.29866235e+08 -2.35382747e-02 
 4.64158883e+08 -1.12652880e-02  4.64158883e+08 -2.17328058e-02 
 5.01187234e+08 -1.07584515e-02  5.01187234e+08 -2.00740679e-02 
 5.41169527e+08 -1.03222266e-02  5.41169527e+08 -1.85485496e-02 
 5.84341413e+08 -9.94693776e-03  5.84341413e+08 -1.71442680e-02 
 6.30957344e+08 -9.62419163e-03  6.30957344e+08 -1.58505528e-02 
 6.81292069e+08 -9.34671921e-03  6.81292069e+08 -1.46578653e-02 
 7.35642254e+08 -9.10823407e-03  7.35642254e+08 -1.35576465e-02 
 7.94328235e+08 -8.90330597e-03  7.94328235e+08 -1.25421898e-02 
 8.57695899e+08 -8.72724884e-03  8.57695899e+08 -1.16045342e-02 
 9.26118728e+08 -8.57602216e-03  9.26118728e+08 -1.07383736e-02 
 1.00000000e+09 -8.44614440e-03  1.00000000e+09 -9.93797981e-03 
 1.07977516e+09 -8.33461736e-03  1.07977516e+09 -9.19813769e-03 
 1.16591440e+09 -8.23886031e-03  1.16591440e+09 -8.51408877e-03 
 1.25892541e+09 -8.15665273e-03  1.25892541e+09 -7.88148331e-03 
 1.35935639e+09 -8.08608467e-03  1.35935639e+09 -7.29633855e-03 
 1.46779927e+09 -8.02551378e-03  1.46779927e+09 -6.75500249e-03 
 1.58489319e+09 -7.97352820e-03  1.58489319e+09 -6.25412209e-03 
 1.71132830e+09 -7.92891446e-03  1.71132830e+09 -5.79061538e-03 
 1.84784980e+09 -7.89062983e-03  1.84784980e+09 -5.36164677e-03 
 1.99526231e+09 -7.85777848e-03  1.99526231e+09 -4.96460513e-03 
 2.15443469e+09 -7.82959089e-03  2.15443469e+09 -4.59708417e-03 
 2.32630507e+09 -7.80540617e-03  2.32630507e+09 -4.25686496e-03 
 2.51188643e+09 -7.78465678e-03  2.51188643e+09 -3.94190017e-03 
 2.71227258e+09 -7.76685544e-03  2.71227258e+09 -3.65029984e-03 
 2.92864456e+09 -7.75158383e-03  2.92864456e+09 -3.38031852e-03 
 3.16227766e+09 -7.73848284e-03  3.16227766e+09 -3.13034364e-03 
 3.41454887e+09 -7.72724425e-03  3.41454887e+09 -2.89888486e-03 
 3.68694506e+09 -7.71760352e-03  3.68694506e+09 -2.68456446e-03 
 3.98107171e+09 -7.70933365e-03  3.98107171e+09 -2.48610849e-03 
 4.29866235e+09 -7.70223983e-03  4.29866235e+09 -2.30233867e-03 
 4.64158883e+09 -7.69615491e-03  4.64158883e+09 -2.13216508e-03 
 5.01187234e+09 -7.69093547e-03  5.01187234e+09 -1.97457929e-03 
 5.41169527e+09 -7.68645846e-03  5.41169527e+09 -1.82864820e-03 
 5.84341413e+09 -7.68261831e-03  5.84341413e+09 -1.69350826e-03 
 6.30957344e+09 -7.67932446e-03  6.30957344e+09 -1.56836025e-03 
 6.81292069e+09 -7.67649921e-03  6.81292069e+09 -1.45246439e-03 
 7.35642254e+09 -7.67407591e-03  7.35642254e+09 -1.34513587e-03 
 7.94328235e+09 -7.67199738e-03  7.94328235e+09 -1.24574074e-03 
 8.57695899e+09 -7.67021459e-03  8.57695899e+09 -1.15369209e-03 
 9.26118728e+09 -7.66868546e-03  9.26118728e+09 -1.06844652e-03 
 1.00000000e+10 -7.66737390e-03  1.00000000e+10 -9.89500924e-04 
