 1.00000000e+00  4.35191677e+04  1.00000000e+00 -3.50424971e+02 
 1.07977516e+00  4.35186996e+04  1.07977516e+00 -3.78376110e+02 
 1.16591440e+00  4.35181538e+04  1.16591440e+00 -4.08556002e+02 
 1.25892541e+00  4.35175175e+04  1.25892541e+00 -4.41142173e+02 
 1.35935639e+00  4.35167757e+04  1.35935639e+00 -4.76326242e+02 
 1.46779927e+00  4.35159108e+04  1.46779927e+00 -5.14315023e+02 
 1.58489319e+00  4.35149024e+04  1.58489319e+00 -5.55331719e+02 
 1.71132830e+00  4.35137268e+04  1.71132830e+00 -5.99617197e+02 
 1.84784980e+00  4.35123562e+04  1.84784980e+00 -6.47431363e+02 
 1.99526231e+00  4.35107583e+04  1.99526231e+00 -6.99054634e+02 
 2.15443469e+00  4.35088955e+04  2.15443469e+00 -7.54789515e+02 
 2.32630507e+00  4.35067238e+04  2.32630507e+00 -8.14962292e+02 
 2.51188643e+00  4.35041920e+04  2.51188643e+00 -8.79924834e+02 
 2.71227258e+00  4.35012406e+04  2.71227258e+00 -9.50056523e+02 
 2.92864456e+00  4.34978000e+04  2.92864456e+00 -1.02576630e+03 
 3.16227766e+00  4.34937893e+04  3.16227766e+00 -1.10749485e+03 
 3.41454887e+00  4.34891140e+04  3.41454887e+00 -1.19571689e+03 
 3.68694506e+00  4.34836643e+04  3.68694506e+00 -1.29094361e+03 
 3.98107171e+00  4.34773121e+04  3.98107171e+00 -1.39372522e+03 
 4.29866235e+00  4.34699084e+04  4.29866235e+00 -1.50465361e+03 
 4.64158883e+00  4.34612795e+04  4.64158883e+00 -1.62436509e+03 
 5.01187234e+00  4.34512232e+04  5.01187234e+00 -1.75354325e+03 
 5.41169527e+00  4.34395043e+04  5.41169527e+00 -1.89292179e+03 
 5.84341413e+00  4.34258491e+04  5.84341413e+00 -2.04328743e+03 
 6.30957344e+00  4.34099391e+04  6.30957344e+00 -2.20548270e+03 
 6.81292069e+00  4.33914042e+04  6.81292069e+00 -2.38040864e+03 
 7.35642254e+00  4.33698139e+04  7.35642254e+00 -2.56902724e+03 
 7.94328235e+00  4.33446687e+04  7.94328235e+00 -2.77236352e+03 
 8.57695899e+00  4.33153883e+04  8.57695899e+00 -2.99150709e+03 
 9.26118728e+00  4.32812998e+04  9.26118728e+00 -3.22761300e+03 
 1.00000000e+01  4.32416232e+04  1.00000000e+01 -3.48190155e+03 
 1.07977516e+01  4.31954554e+04  1.07977516e+01 -3.75565677e+03 
 1.16591440e+01  4.31417520e+04  1.16591440e+01 -4.05022320e+03 
 1.25892541e+01  4.30793068e+04  1.25892541e+01 -4.36700035e+03 
 1.35935639e+01  4.30067290e+04  1.35935639e+01 -4.70743437e+03 
 1.46779927e+01  4.29224176e+04  1.46779927e+01 -5.07300606e+03 
 1.58489319e+01  4.28245341e+04  1.58489319e+01 -5.46521433e+03 
 1.71132830e+01  4.27109726e+04  1.71132830e+01 -5.88555415e+03 
 1.84784980e+01  4.25793276e+04  1.84784980e+01 -6.33548765e+03 
 1.99526231e+01  4.24268619e+04  1.99526231e+01 -6.81640698e+03 
 2.15443469e+01  4.22504728e+04  2.15443469e+01 -7.32958746e+03 
 2.32630507e+01  4.20466611e+04  2.32630507e+01 -7.87612921e+03 
 2.51188643e+01  4.18115030e+04  2.51188643e+01 -8.45688571e+03 
 2.71227258e+01  4.15406284e+04  2.71227258e+01 -9.07237750e+03 
 2.92864456e+01  4.12292100e+04  2.92864456e+01 -9.72269002e+03 
 3.16227766e+01  4.08719672e+04  3.16227766e+01 -1.04073545e+04 
 3.41454887e+01  4.04631912e+04  3.41454887e+01 -1.11252129e+04 
 3.68694506e+01  3.99967983e+04  3.68694506e+01 -1.18742675e+04 
 3.98107171e+01  3.94664194e+04  3.98107171e+01 -1.26515209e+04 
 4.29866235e+01  3.88655328e+04  4.29866235e+01 -1.34528116e+04 
 4.64158883e+01  3.81876501e+04  4.64158883e+01 -1.42726563e+04 
 5.01187234e+01  3.74265588e+04  5.01187234e+01 -1.51041130e+04 
 5.41169527e+01  3.65766264e+04  5.41169527e+01 -1.59386837e+04 
 5.84341413e+01  3.56331613e+04  5.84341413e+01 -1.67662779e+04 
 6.30957344e+01  3.45928216e+04  6.30957344e+01 -1.75752625e+04 
 6.81292069e+01  3.34540500e+04  6.81292069e+01 -1.83526210e+04 
 7.35642254e+01  3.22175056e+04  7.35642254e+01 -1.90842415e+04 
 7.94328235e+01  3.08864498e+04  7.94328235e+01 -1.97553454e+04 
 8.57695899e+01  2.94670389e+04  8.57695899e+01 -2.03510501e+04 
 9.26118728e+01  2.79684713e+04  9.26118728e+01 -2.08570465e+04 
 1.00000000e+02  2.64029469e+04  1.00000000e+02 -2.12603449e+04 
 1.07977516e+02  2.47854075e+04  1.07977516e+02 -2.15500295e+04 
 1.16591440e+02  2.31330526e+04  1.16591440e+02 -2.17179460e+04 
 1.25892541e+02  2.14646559e+04  1.25892541e+02 -2.17592461e+04 
 1.35935639e+02  1.97997333e+04  1.35935639e+02 -2.16727235e+04 
 1.46779927e+02  1.81576390e+04  1.46779927e+02 -2.14608991e+04 
 1.58489319e+02  1.65566774e+04  1.58489319e+02 -2.11298437e+04 
 1.71132830e+02  1.50133165e+04  1.71132830e+02 -2.06887620e+04 
 1.84784980e+02  1.35415697e+04  1.84784980e+02 -2.01493888e+04 
 1.99526231e+02  1.21525909e+04  1.99526231e+02 -1.95252690e+04 
 2.15443469e+02  1.08544941e+04  2.15443469e+02 -1.88309981e+04 
 2.32630507e+02  9.65238370e+03  2.32630507e+02 -1.80814939e+04 
 2.51188643e+02  8.54855905e+03  2.51188643e+02 -1.72913566e+04 
 2.71227258e+02  7.54284596e+03  2.71227258e+02 -1.64743513e+04 
 2.92864456e+02  6.63300411e+03  2.92864456e+02 -1.56430300e+04 
 3.16227766e+02  5.81516402e+03  3.16227766e+02 -1.48084910e+04 
 3.41454887e+02  5.08425590e+03  3.41454887e+02 -1.39802608e+04 
 3.68694506e+02  4.43440308e+03  3.68694506e+02 -1.31662780e+04 
 3.98107171e+02  3.85926367e+03  3.98107171e+02 -1.23729538e+04 
 4.29866235e+02  3.35231272e+03  4.29866235e+02 -1.16052857e+04 
 4.64158883e+02  2.90706431e+03  4.64158883e+02 -1.08670039e+04 
 5.01187234e+02  2.51723763e+03  5.01187234e+02 -1.01607326e+04 
 5.41169527e+02  2.17687377e+03  5.41169527e+02 -9.48815371e+03 
 5.84341413e+02  1.88041127e+03  5.84341413e+02 -8.85016459e+03 
 6.30957344e+02  1.62272857e+03  6.30957344e+02 -8.24702280e+03 
 6.81292069e+02  1.39916093e+03  6.81292069e+02 -7.67847591e+03 
 7.35642254e+02  1.20549842e+03  7.35642254e+02 -7.14387446e+03 
 7.94328235e+02  1.03797060e+03  7.94328235e+02 -6.64226848e+03 
 8.57695899e+02  8.93222316e+02  8.57695899e+02 -6.17248825e+03 
 9.26118728e+02  7.68284212e+02  9.26118728e+02 -5.73321098e+03 
 1.00000000e+03  6.60540403e+02  1.00000000e+03 -5.32301489e+03 
 1.07977516e+03  5.67695411e+02  1.07977516e+03 -4.94042242e+03 
 1.16591440e+03  4.87741598e+02  1.16591440e+03 -4.58393426e+03 
 1.25892541e+03  4.18928034e+02  1.25892541e+03 -4.25205572e+03 
 1.35935639e+03  3.59731358e+02  1.35935639e+03 -3.94331665e+03 
 1.46779927e+03  3.08828922e+02  1.46779927e+03 -3.65628627e+03 
 1.58489319e+03  2.65074365e+02  1.58489319e+03 -3.38958376e+03 
 1.71132830e+03  2.27475610e+02  1.71132830e+03 -3.14188554e+03 
 1.84784980e+03  1.95175203e+02  1.84784980e+03 -2.91192989e+03 
 1.99526231e+03  1.67432854e+02  1.99526231e+03 -2.69851956e+03 
 2.15443469e+03  1.43610037e+02  2.15443469e+03 -2.50052275e+03 
 2.32630507e+03  1.23156437e+02  2.32630507e+03 -2.31687286e+03 
 2.51188643e+03  1.05598096e+02  2.51188643e+03 -2.14656744e+03 
 2.71227258e+03  9.05270557e+01  2.71227258e+03 -1.98866638e+03 
 2.92864456e+03  7.75923483e+01  2.92864456e+03 -1.84228966e+03 
 3.16227766e+03  6.64921634e+01  3.16227766e+03 -1.70661488e+03 
 3.41454887e+03  5.69670604e+01  3.41454887e+03 -1.58087442e+03 
 3.68694506e+03  4.87940914e+01  3.68694506e+03 -1.46435268e+03 
 3.98107171e+03  4.17817204e+01  3.98107171e+03 -1.35638317e+03 
 4.29866235e+03  3.57654360e+01  4.29866235e+03 -1.25634565e+03 
 4.64158883e+03  3.06039670e+01  4.64158883e+03 -1.16366331e+03 
 5.01187234e+03  2.61760200e+01  5.01187234e+03 -1.07780008e+03 
 5.41169527e+03  2.23774697e+01  5.41169527e+03 -9.98257978e+02 
 5.84341413e+03  1.91189401e+01  5.84341413e+03 -9.24574630e+02 
 6.30957344e+03  1.63237236e+01  6.30957344e+03 -8.56320862e+02 
 6.81292069e+03  1.39259917e+01  6.81292069e+03 -7.93098456e+02 
 7.35642254e+03  1.18692564e+01  7.35642254e+03 -7.34538013e+02 
 7.94328235e+03  1.01050480e+01  7.94328235e+03 -6.80296948e+02 
 8.57695899e+03  8.59177972e+00  8.57695899e+03 -6.30057607e+02 
 9.26118728e+03  7.29377188e+00  9.26118728e+03 -5.83525502e+02 
 1.00000000e+04  6.18041420e+00  1.00000000e+04 -5.40427666e+02 
 1.07977516e+04  5.22544650e+00  1.07977516e+04 -5.00511104e+02 
 1.16591440e+04  4.40634125e+00  1.16591440e+04 -4.63541365e+02 
 1.25892541e+04  3.70377349e+00  1.25892541e+04 -4.29301198e+02 
 1.35935639e+04  3.10116595e+00  1.35935639e+04 -3.97589307e+02 
 1.46779927e+04  2.58429866e+00  1.46779927e+04 -3.68219193e+02 
 1.58489319e+04  2.14097395e+00  1.58489319e+04 -3.41018073e+02 
 1.71132830e+04  1.76072901e+00  1.71132830e+04 -3.15825886e+02 
 1.84784980e+04  1.43458923e+00  1.84784980e+04 -2.92494354e+02 
 1.99526231e+04  1.15485662e+00  1.99526231e+04 -2.70886126e+02 
 2.15443469e+04  9.14928305e-01  2.15443469e+04 -2.50873974e+02 
 2.32630507e+04  7.09140723e-01  2.32630507e+04 -2.32340051e+02 
 2.51188643e+04  5.32636080e-01  2.51188643e+04 -2.15175201e+02 
 2.71227258e+04  3.81247714e-01  2.71227258e+04 -1.99278321e+02 
 2.92864456e+04  2.51401792e-01  2.92864456e+04 -1.84555768e+02 
 3.16227766e+04  1.40032973e-01  3.16227766e+04 -1.70920809e+02 
 3.41454887e+04  4.45120728e-02  3.41454887e+04 -1.58293114e+02 
 3.68694506e+04 -3.74159918e-02  3.68694506e+04 -1.46598282e+02 
 3.98107171e+04 -1.07685423e-01  3.98107171e+04 -1.35767406e+02 
 4.29866235e+04 -1.67955196e-01  4.29866235e+04 -1.25736665e+02 
 4.64158883e+04 -2.19648222e-01  4.64158883e+04 -1.16446952e+02 
 5.01187234e+04 -2.63984932e-01  5.01187234e+04 -1.07843526e+02 
 5.41169527e+04 -3.02012085e-01  5.41169527e+04 -9.98756861e+01 
 5.84341413e+04 -3.34627484e-01  5.84341413e+04 -9.24964777e+01 
 6.30957344e+04 -3.62601165e-01  6.30957344e+04 -8.56624137e+01 
 6.81292069e+04 -3.86593578e-01  6.81292069e+04 -7.93332188e+01 
 7.35642254e+04 -4.07171179e-01  7.35642254e+04 -7.34715928e+01 
 7.94328235e+04 -4.24819803e-01  7.94328235e+04 -6.80429904e+01 
 8.57695899e+04 -4.39956132e-01  8.57695899e+04 -6.30154180e+01 
 9.26118728e+04 -4.52937534e-01  9.26118728e+04 -5.83592453e+01 
 1.00000000e+05 -4.64070501e-01  1.00000000e+05 -5.40470307e+01 
 1.07977516e+05 -4.73617882e-01  1.07977516e+05 -5.00533594e+01 
 1.16591440e+05 -4.81805093e-01  1.16591440e+05 -4.63546941e+01 
 1.25892541e+05 -4.88825434e-01  1.25892541e+05 -4.29292357e+01 
 1.35935639e+05 -4.94844656e-01  1.35935639e+05 -3.97567956e+01 
 1.46779927e+05 -5.00004876e-01  1.46779927e+05 -3.68186761e+01 
 1.58489319e+05 -5.04427926e-01  1.58489319e+05 -3.40975607e+01 
 1.71132830e+05 -5.08218237e-01  1.71132830e+05 -3.15774116e+01 
 1.84784980e+05 -5.11465297e-01  1.84784980e+05 -2.92433756e+01 
 1.99526231e+05 -5.14245772e-01  1.99526231e+05 -2.70816962e+01 
 2.15443469e+05 -5.16625310e-01  2.15443469e+05 -2.50796330e+01 
 2.32630507e+05 -5.18660093e-01  2.32630507e+05 -2.32253862e+01 
 2.51188643e+05 -5.20398163e-01  2.51188643e+05 -2.15080270e+01 
 2.71227258e+05 -5.21880558e-01  2.71227258e+05 -1.99174337e+01 
 2.92864456e+05 -5.23142280e-01  2.92864456e+05 -1.84442316e+01 
 3.16227766e+05 -5.24213121e-01  3.16227766e+05 -1.70797379e+01 
 3.41454887e+05 -5.25118366e-01  3.41454887e+05 -1.58159105e+01 
 3.68694506e+05 -5.25879393e-01  3.68694506e+05 -1.46453007e+01 
 3.98107171e+05 -5.26514175e-01  3.98107171e+05 -1.35610091e+01 
 4.29866235e+05 -5.27037709e-01  4.29866235e+05 -1.25566453e+01 
 4.64158883e+05 -5.27462366e-01  4.64158883e+05 -1.16262897e+01 
 5.01187234e+05 -5.27798187e-01  5.01187234e+05 -1.07644592e+01 
 5.41169527e+05 -5.28053121e-01  5.41169527e+05 -9.96607463e+00 
 5.84341413e+05 -5.28233214e-01  5.84341413e+05 -9.22643063e+00 
 6.30957344e+05 -5.28342754e-01  6.30957344e+05 -8.54116830e+00 
 6.81292069e+05 -5.28384379e-01  6.81292069e+05 -7.90624934e+00 
 7.35642254e+05 -5.28359139e-01  7.35642254e+05 -7.31793229e+00 
 7.94328235e+05 -5.28266530e-01  7.94328235e+05 -6.77275053e+00 
 8.57695899e+05 -5.28104492e-01  8.57695899e+05 -6.26749192e+00 
 9.26118728e+05 -5.27869368e-01  9.26118728e+05 -5.79917988e+00 
 1.00000000e+06 -5.27555837e-01  1.00000000e+06 -5.36505593e+00 
 1.07977516e+06 -5.27156809e-01  1.07977516e+06 -4.96256355e+00 
 1.16591440e+06 -5.26663286e-01  1.16591440e+06 -4.58933316e+00 
 1.25892541e+06 -5.26064188e-01  1.25892541e+06 -4.24316837e+00 
 1.35935639e+06 -5.25346144e-01  1.35935639e+06 -3.92203311e+00 
 1.46779927e+06 -5.24493249e-01  1.46779927e+06 -3.62403992e+00 
 1.58489319e+06 -5.23486781e-01  1.58489319e+06 -3.34743903e+00 
 1.71132830e+06 -5.22304884e-01  1.71132830e+06 -3.09060838e+00 
 1.84784980e+06 -5.20922226e-01  1.84784980e+06 -2.85204446e+00 
 1.99526231e+06 -5.19309624e-01  1.99526231e+06 -2.63035388e+00 
 2.15443469e+06 -5.17433655e-01  2.15443469e+06 -2.42424578e+00 
 2.32630507e+06 -5.15256262e-01  2.32630507e+06 -2.23252486e+00 
 2.51188643e+06 -5.12734382e-01  2.51188643e+06 -2.05408519e+00 
 2.71227258e+06 -5.09819611e-01  2.71227258e+06 -1.88790465e+00 
 2.92864456e+06 -5.06457952e-01  2.92864456e+06 -1.73304005e+00 
 3.16227766e+06 -5.02589696e-01  3.16227766e+06 -1.58862288e+00 
 3.41454887e+06 -4.98149483e-01  3.41454887e+06 -1.45385568e+00 
 3.68694506e+06 -4.93066638e-01  3.68694506e+06 -1.32800898e+00 
 3.98107171e+06 -4.87265852e-01  3.98107171e+06 -1.21041878e+00 
 4.29866235e+06 -4.80668313e-01  4.29866235e+06 -1.10048449e+00 
 4.64158883e+06 -4.73193392e-01  4.64158883e+06 -9.97667182e-01 
 5.01187234e+06 -4.64760966e-01  5.01187234e+06 -9.01488079e-01 
 5.41169527e+06 -4.55294466e-01  5.41169527e+06 -8.11526975e-01 
 5.84341413e+06 -4.44724676e-01  5.84341413e+06 -7.27420444e-01 
 6.30957344e+06 -4.32994234e-01  6.30957344e+06 -6.48859478e-01 
 6.81292069e+06 -4.20062715e-01  6.81292069e+06 -5.75586255e-01 
 7.35642254e+06 -4.05912030e-01  7.35642254e+06 -5.07389729e-01 
 7.94328235e+06 -3.90551757e-01  7.94328235e+06 -4.44099782e-01 
 8.57695899e+06 -3.74023888e-01  8.57695899e+06 -3.85579820e-01 
 9.26118728e+06 -3.56406381e-01  9.26118728e+06 -3.31717831e-01 
 1.00000000e+07 -3.37814901e-01  1.00000000e+07 -2.82416216e-01 
 1.07977516e+07 -3.18402199e-01  1.07977516e+07 -2.37580902e-01 
 1.16591440e+07 -2.98354779e-01  1.16591440e+07 -1.97110525e-01 
 1.25892541e+07 -2.77886788e-01  1.25892541e+07 -1.60886587e-01 
 1.35935639e+07 -2.57231455e-01  1.35935639e+07 -1.28765524e-01 
 1.46779927e+07 -2.36630731e-01  1.46779927e+07 -1.00573487e-01 
 1.58489319e+07 -2.16324087e-01  1.58489319e+07 -7.61043294e-02 
 1.71132830e+07 -1.96537559e-01  1.71132830e+07 -5.51209186e-02 
 1.84784980e+07 -1.77474076e-01  1.84784980e+07 -3.73594606e-02 
 1.99526231e+07 -1.59305931e-01  1.99526231e+07 -2.25361819e-02 
 2.15443469e+07 -1.42169882e-01  2.15443469e+07 -1.03554750e-02 
 2.32630507e+07 -1.26165055e-01  2.32630507e+07 -5.18550771e-04 
 2.51188643e+07 -1.11353423e-01  2.51188643e+07  7.26828324e-03 
 2.71227258e+07 -9.77624325e-02  2.71227258e+07  1.32864008e-02 
 2.92864456e+07 -8.53891638e-02  2.92864456e+07  1.77991310e-02 
 3.16227766e+07 -7.42054121e-02  3.16227766e+07  2.10477140e-02 
 3.41454887e+07 -6.41631077e-02  3.41454887e+07  2.32489128e-02 
 3.68694506e+07 -5.51996169e-02  3.68694506e+07  2.45941024e-02 
 3.98107171e+07 -4.72425932e-02  3.98107171e+07  2.52495691e-02 
 4.29866235e+07 -4.02141776e-02  4.29866235e+07  2.53577207e-02 
 4.64158883e+07 -3.40344585e-02  4.64158883e+07  2.50389151e-02 
 5.01187234e+07 -2.86241852e-02  5.01187234e+07  2.43936547e-02 
 5.41169527e+07 -2.39067855e-02  5.41169527e+07  2.35049377e-02 
 5.84341413e+07 -1.98097714e-02  5.84341413e+07  2.24406126e-02 
 6.30957344e+07 -1.62656310e-02  6.30957344e+07  2.12556258e-02 
 6.81292069e+07 -1.32123053e-02  6.81292069e+07  1.99940933e-02 
 7.35642254e+07 -1.05933433e-02  7.35642254e+07  1.86911574e-02 
 7.94328235e+07 -8.35781529e-03  7.94328235e+07  1.73746129e-02 
 8.57695899e+07 -6.46005515e-03  8.57695899e+07  1.60663009e-02 
 9.26118728e+07 -4.85928633e-03  9.26118728e+07  1.47832799e-02 
 1.00000000e+08 -3.51917961e-03  1.00000000e+08  1.35387890e-02 
 1.07977516e+08 -2.40737934e-03  1.07977516e+08  1.23430209e-02 
 1.16591440e+08 -1.49502913e-03  1.16591440e+08  1.12037264e-02 
 1.25892541e+08 -7.56321646e-04  1.25892541e+08  1.01266714e-02 
 1.35935639e+08 -1.68092006e-04  1.35935639e+08  9.11597002e-03 
 1.46779927e+08  2.90530975e-04  1.46779927e+08  8.17432046e-03 
 1.58489319e+08  6.38407454e-04  1.58489319e+08  7.30316736e-03 
 1.71132830e+08  8.92601165e-04  1.71132830e+08  6.50281824e-03 
 1.84784980e+08  1.06853059e-03  1.84784980e+08  5.77253710e-03 
 1.99526231e+08  1.18006727e-03  1.99526231e+08  5.11063550e-03 
 2.15443469e+08  1.23959627e-03  2.15443469e+08  4.51457526e-03 
 2.32630507e+08  1.25805587e-03  2.32630507e+08  3.98109043e-03 
 2.51188643e+08  1.24497314e-03  2.51188643e+08  3.50632903e-03 
 2.71227258e+08  1.20850884e-03  2.71227258e+08  3.08600935e-03 
 2.92864456e+08  1.15552074e-03  2.92864456e+08  2.71558183e-03 
 3.16227766e+08  1.09164888e-03  3.16227766e+08  2.39038600e-03 
 3.41454887e+08  1.02142185e-03  3.41454887e+08  2.10579262e-03 
 3.68694506e+08  9.48379135e-04  3.68694506e+08  1.85732359e-03 
 3.98107171e+08  8.75202789e-04  3.98107171e+08  1.64074521e-03 
 4.29866235e+08  8.03851178e-04  4.29866235e+08  1.45213358e-03 
 4.64158883e+08  7.35687970e-04  4.64158883e+08  1.28791369e-03 
 5.01187234e+08  6.71601209e-04  5.01187234e+08  1.14487565e-03 
 5.41169527e+08  6.12108951e-04  5.41169527e+08  1.02017252e-03 
 5.84341413e+08  5.57449674e-04  5.84341413e+08  9.11304534e-04 
 6.30957344e+08  5.07657171e-04  6.30957344e+08  8.16094370e-04 
 6.81292069e+08  4.62620732e-04  6.81292069e+08  7.32657247e-04 
 7.35642254e+08  4.22132169e-04  7.35642254e+08  6.59369071e-04 
 7.94328235e+08  3.85921589e-04  7.94328235e+08  5.94834846e-04 
 8.57695899e+08  3.53683951e-04  8.57695899e+08  5.37858853e-04 
 9.26118728e+08  3.25098315e-04  9.26118728e+08  4.87417459e-04 
 1.00000000e+09  2.99841461e-04  1.00000000e+09  4.42634900e-04 
 1.07977516e+09  2.77597297e-04  1.07977516e+09  4.02762088e-04 
 1.16591440e+09  2.58063142e-04  1.16591440e+09  3.67158241e-04 
 1.25892541e+09  2.40953736e-04  1.25892541e+09  3.35275064e-04 
 1.35935639e+09  2.26003603e-04  1.35935639e+09  3.06643174e-04 
 1.46779927e+09  2.12968219e-04  1.46779927e+09  2.80860454e-04 
 1.58489319e+09  2.01624314e-04  1.58489319e+09  2.57582075e-04 
 1.71132830e+09  1.91769556e-04  1.71132830e+09  2.36511951e-04 
 1.84784980e+09  1.83221792e-04  1.84784980e+09  2.17395425e-04 
 1.99526231e+09  1.75817987e-04  1.99526231e+09  2.00013020e-04 
 2.15443469e+09  1.69412974e-04  2.15443469e+09  1.84175120e-04 
 2.32630507e+09  1.63878087e-04  2.32630507e+09  1.69717437e-04 
 2.51188643e+09  1.59099748e-04  2.51188643e+09  1.56497179e-04 
 2.71227258e+09  1.54978064e-04  2.71227258e+09  1.44389803e-04 
 2.92864456e+09  1.51425458e-04  2.92864456e+09  1.33286283e-04 
 3.16227766e+09  1.48365364e-04  3.16227766e+09  1.23090804e-04 
 3.41454887e+09  1.45731014e-04  3.41454887e+09  1.13718832e-04 
 3.68694506e+09  1.43464308e-04  3.68694506e+09  1.05095490e-04 
 3.98107171e+09  1.41514786e-04  3.98107171e+09  9.71541916e-05 
 4.29866235e+09  1.39838699e-04  4.29866235e+09  8.98355045e-05 
 4.64158883e+09  1.38398166e-04  4.64158883e+09  8.30861845e-05 
 5.01187234e+09  1.37160436e-04  5.01187234e+09  7.68583687e-05 
 5.41169527e+09  1.36097217e-04  5.41169527e+09  7.11088931e-05 
 5.84341413e+09  1.35184100e-04  5.84341413e+09  6.57987153e-05 
 6.30957344e+09  1.34400037e-04  6.30957344e+09  6.08924248e-05 
 6.81292069e+09  1.33726895e-04  6.81292069e+09  5.63578249e-05 
 7.35642254e+09  1.33149061e-04  7.35642254e+09  5.21655757e-05 
 7.94328235e+09  1.32653098e-04  7.94328235e+09  4.82888868e-05 
 8.57695899e+09  1.32227450e-04  8.57695899e+09  4.47032518e-05 
 9.26118728e+09  1.31862180e-04  9.26118728e+09  4.13862179e-05 
 1.00000000e+10  1.31548747e-04  1.00000000e+10  3.83171850e-05 
