 1.00000000e+00  3.26710938e+02  1.00000000e+00 -5.38687839e-03 
 1.07977516e+00  3.26710938e+02  1.07977516e+00 -5.81661749e-03 
 1.16591440e+00  3.26710938e+02  1.16591440e+00 -6.28063910e-03 
 1.25892541e+00  3.26710938e+02  1.25892541e+00 -6.78167810e-03 
 1.35935639e+00  3.26710938e+02  1.35935639e+00 -7.32268757e-03 
 1.46779927e+00  3.26710938e+02  1.46779927e+00 -7.90685616e-03 
 1.58489319e+00  3.26710938e+02  1.58489319e+00 -8.53762689e-03 
 1.71132830e+00  3.26710937e+02  1.71132830e+00 -9.21871746e-03 
 1.84784980e+00  3.26710937e+02  1.84784980e+00 -9.95414214e-03 
 1.99526231e+00  3.26710937e+02  1.99526231e+00 -1.07482354e-02 
 2.15443469e+00  3.26710937e+02  2.15443469e+00 -1.16056777e-02 
 2.32630507e+00  3.26710937e+02  2.32630507e+00 -1.25315225e-02 
 2.51188643e+00  3.26710937e+02  2.51188643e+00 -1.35312267e-02 
 2.71227258e+00  3.26710937e+02  2.71227258e+00 -1.46106825e-02 
 2.92864456e+00  3.26710937e+02  2.92864456e+00 -1.57762521e-02 
 3.16227766e+00  3.26710937e+02  3.16227766e+00 -1.70348052e-02 
 3.41454887e+00  3.26710937e+02  3.41454887e+00 -1.83937595e-02 
 3.68694506e+00  3.26710937e+02  3.68694506e+00 -1.98611246e-02 
 3.98107171e+00  3.26710936e+02  3.98107171e+00 -2.14455491e-02 
 4.29866235e+00  3.26710936e+02  4.29866235e+00 -2.31563712e-02 
 4.64158883e+00  3.26710936e+02  4.64158883e+00 -2.50036745e-02 
 5.01187234e+00  3.26710936e+02  5.01187234e+00 -2.69983466e-02 
 5.41169527e+00  3.26710935e+02  5.41169527e+00 -2.91521441e-02 
 5.84341413e+00  3.26710935e+02  5.84341413e+00 -3.14777611e-02 
 6.30957344e+00  3.26710934e+02  6.30957344e+00 -3.39889045e-02 
 6.81292069e+00  3.26710934e+02  6.81292069e+00 -3.67003748e-02 
 7.35642254e+00  3.26710933e+02  7.35642254e+00 -3.96281531e-02 
 7.94328235e+00  3.26710932e+02  7.94328235e+00 -4.27894953e-02 
 8.57695899e+00  3.26710931e+02  8.57695899e+00 -4.62030341e-02 
 9.26118728e+00  3.26710930e+02  9.26118728e+00 -4.98888885e-02 
 1.00000000e+01  3.26710929e+02  1.00000000e+01 -5.38687825e-02 
 1.07977516e+01  3.26710927e+02  1.07977516e+01 -5.81661731e-02 
 1.16591440e+01  3.26710926e+02  1.16591440e+01 -6.28063887e-02 
 1.25892541e+01  3.26710924e+02  1.25892541e+01 -6.78167781e-02 
 1.35935639e+01  3.26710921e+02  1.35935639e+01 -7.32268721e-02 
 1.46779927e+01  3.26710919e+02  1.46779927e+01 -7.90685570e-02 
 1.58489319e+01  3.26710915e+02  1.58489319e+01 -8.53762631e-02 
 1.71132830e+01  3.26710912e+02  1.71132830e+01 -9.21871674e-02 
 1.84784980e+01  3.26710907e+02  1.84784980e+01 -9.95414123e-02 
 1.99526231e+01  3.26710902e+02  1.99526231e+01 -1.07482343e-01 
 2.15443469e+01  3.26710897e+02  2.15443469e+01 -1.16056762e-01 
 2.32630507e+01  3.26710890e+02  2.32630507e+01 -1.25315207e-01 
 2.51188643e+01  3.26710882e+02  2.51188643e+01 -1.35312244e-01 
 2.71227258e+01  3.26710872e+02  2.71227258e+01 -1.46106796e-01 
 2.92864456e+01  3.26710862e+02  2.92864456e+01 -1.57762485e-01 
 3.16227766e+01  3.26710849e+02  3.16227766e+01 -1.70348006e-01 
 3.41454887e+01  3.26710834e+02  3.41454887e+01 -1.83937537e-01 
 3.68694506e+01  3.26710817e+02  3.68694506e+01 -1.98611174e-01 
 3.98107171e+01  3.26710797e+02  3.98107171e+01 -2.14455399e-01 
 4.29866235e+01  3.26710774e+02  4.29866235e+01 -2.31563597e-01 
 4.64158883e+01  3.26710746e+02  4.64158883e+01 -2.50036600e-01 
 5.01187234e+01  3.26710715e+02  5.01187234e+01 -2.69983284e-01 
 5.41169527e+01  3.26710678e+02  5.41169527e+01 -2.91521211e-01 
 5.84341413e+01  3.26710635e+02  5.84341413e+01 -3.14777322e-01 
 6.30957344e+01  3.26710584e+02  6.30957344e+01 -3.39888681e-01 
 6.81292069e+01  3.26710526e+02  6.81292069e+01 -3.67003290e-01 
 7.35642254e+01  3.26710457e+02  7.35642254e+01 -3.96280954e-01 
 7.94328235e+01  3.26710378e+02  7.94328235e+01 -4.27894227e-01 
 8.57695899e+01  3.26710285e+02  8.57695899e+01 -4.62029428e-01 
 9.26118728e+01  3.26710176e+02  9.26118728e+01 -4.98887735e-01 
 1.00000000e+02  3.26710050e+02  1.00000000e+02 -5.38686377e-01 
 1.07977516e+02  3.26709903e+02  1.07977516e+02 -5.81659908e-01 
 1.16591440e+02  3.26709731e+02  1.16591440e+02 -6.28061591e-01 
 1.25892541e+02  3.26709531e+02  1.25892541e+02 -6.78164891e-01 
 1.35935639e+02  3.26709297e+02  1.35935639e+02 -7.32265083e-01 
 1.46779927e+02  3.26709025e+02  1.46779927e+02 -7.90680990e-01 
 1.58489319e+02  3.26708708e+02  1.58489319e+02 -8.53756866e-01 
 1.71132830e+02  3.26708338e+02  1.71132830e+02 -9.21864415e-01 
 1.84784980e+02  3.26707907e+02  1.84784980e+02 -9.95404985e-01 
 1.99526231e+02  3.26707404e+02  1.99526231e+02 -1.07481193e+00 
 2.15443469e+02  3.26706817e+02  2.15443469e+02 -1.16055314e+00 
 2.32630507e+02  3.26706134e+02  2.32630507e+02 -1.25313383e+00 
 2.51188643e+02  3.26705337e+02  2.51188643e+02 -1.35309949e+00 
 2.71227258e+02  3.26704407e+02  2.71227258e+02 -1.46103907e+00 
 2.92864456e+02  3.26703324e+02  2.92864456e+02 -1.57758847e+00 
 3.16227766e+02  3.26702061e+02  3.16227766e+02 -1.70343426e+00 
 3.41454887e+02  3.26700588e+02  3.41454887e+02 -1.83931772e+00 
 3.68694506e+02  3.26698871e+02  3.68694506e+02 -1.98603915e+00 
 3.98107171e+02  3.26696869e+02  3.98107171e+02 -2.14446261e+00 
 4.29866235e+02  3.26694535e+02  4.29866235e+02 -2.31552093e+00 
 4.64158883e+02  3.26691813e+02  4.64158883e+02 -2.50022117e+00 
 5.01187234e+02  3.26688640e+02  5.01187234e+02 -2.69965052e+00 
 5.41169527e+02  3.26684941e+02  5.41169527e+02 -2.91498259e+00 
 5.84341413e+02  3.26680628e+02  5.84341413e+02 -3.14748426e+00 
 6.30957344e+02  3.26675600e+02  6.30957344e+02 -3.39852305e+00 
 6.81292069e+02  3.26669738e+02  6.81292069e+02 -3.66957496e+00 
 7.35642254e+02  3.26662903e+02  7.35642254e+02 -3.96223304e+00 
 7.94328235e+02  3.26654935e+02  7.94328235e+02 -4.27821652e+00 
 8.57695899e+02  3.26645645e+02  8.57695899e+02 -4.61938063e+00 
 9.26118728e+02  3.26634815e+02  9.26118728e+02 -4.98772717e+00 
 1.00000000e+03  3.26622188e+02  1.00000000e+03 -5.38541584e+00 
 1.07977516e+03  3.26607468e+02  1.07977516e+03 -5.81477633e+00 
 1.16591440e+03  3.26590307e+02  1.16591440e+03 -6.27832133e+00 
 1.25892541e+03  3.26570302e+02  1.25892541e+03 -6.77876038e+00 
 1.35935639e+03  3.26546980e+02  1.35935639e+03 -7.31901464e+00 
 1.46779927e+03  3.26519793e+02  1.46779927e+03 -7.90223260e+00 
 1.58489319e+03  3.26488100e+02  1.58489319e+03 -8.53180674e+00 
 1.71132830e+03  3.26451158e+02  1.71132830e+03 -9.21139116e+00 
 1.84784980e+03  3.26408097e+02  1.84784980e+03 -9.94492009e+00 
 1.99526231e+03  3.26357905e+02  1.99526231e+03 -1.07366274e+01 
 2.15443469e+03  3.26299406e+02  2.15443469e+03 -1.15910666e+01 
 2.32630507e+03  3.26231227e+02  2.32630507e+03 -1.25131320e+01 
 2.51188643e+03  3.26151772e+02  2.51188643e+03 -1.35080802e+01 
 2.71227258e+03  3.26059183e+02  2.71227258e+03 -1.45815510e+01 
 2.92864456e+03  3.25951299e+02  2.92864456e+03 -1.57395898e+01 
 3.16227766e+03  3.25825606e+02  3.16227766e+03 -1.69886678e+01 
 3.41454887e+03  3.25679180e+02  3.41454887e+03 -1.83357021e+01 
 3.68694506e+03  3.25508626e+02  3.68694506e+03 -1.97880730e+01 
 3.98107171e+03  3.25310000e+02  3.98107171e+03 -2.13536386e+01 
 4.29866235e+03  3.25078725e+02  4.29866235e+03 -2.30407450e+01 
 4.64158883e+03  3.24809493e+02  4.64158883e+03 -2.48582302e+01 
 5.01187234e+03  3.24496153e+02  5.01187234e+03 -2.68154197e+01 
 5.41169527e+03  3.24131588e+02  5.41169527e+03 -2.89221113e+01 
 5.84341413e+03  3.23707569e+02  5.84341413e+03 -3.11885456e+01 
 6.30957344e+03  3.23214597e+02  6.30957344e+03 -3.36253580e+01 
 6.81292069e+03  3.22641725e+02  6.81292069e+03 -3.62435077e+01 
 7.35642254e+03  3.21976363e+02  7.35642254e+03 -3.90541769e+01 
 7.94328235e+03  3.21204062e+02  7.94328235e+03 -4.20686345e+01 
 8.57695899e+03  3.20308289e+02  8.57695899e+03 -4.52980536e+01 
 9.26118728e+03  3.19270178e+02  9.26118728e+03 -4.87532760e+01 
 1.00000000e+04  3.18068289e+02  1.00000000e+04 -5.24445101e+01 
 1.07977516e+04  3.16678359e+02  1.07977516e+04 -5.63809516e+01 
 1.16591440e+04  3.15073072e+02  1.16591440e+04 -6.05703145e+01 
 1.25892541e+04  3.13221863e+02  1.25892541e+04 -6.50182584e+01 
 1.35935639e+04  3.11090776e+02  1.35935639e+04 -6.97277020e+01 
 1.46779927e+04  3.08642418e+02  1.46779927e+04 -7.46980138e+01 
 1.58489319e+04  3.05836034e+02  1.58489319e+04 -7.99240772e+01 
 1.71132830e+04  3.02627758e+02  1.71132830e+04 -8.53952354e+01 
 1.84784980e+04  2.98971099e+02  1.84784980e+04 -9.10941347e+01 
 1.99526231e+04  2.94817711e+02  1.99526231e+04 -9.69955036e+01 
 2.15443469e+04  2.90118522e+02  2.15443469e+04 -1.03064925e+02 
 2.32630507e+04  2.84825260e+02  2.32630507e+04 -1.09257691e+02 
 2.51188643e+04  2.78892434e+02  2.51188643e+04 -1.15517855e+02 
 2.71227258e+04  2.72279760e+02  2.71227258e+04 -1.21777632e+02 
 2.92864456e+04  2.64955004e+02  2.92864456e+04 -1.27957324e+02 
 3.16227766e+04  2.56897138e+02  3.16227766e+04 -1.33965939e+02 
 3.41454887e+04  2.48099629e+02  3.41454887e+04 -1.39702700e+02 
 3.68694506e+04  2.38573605e+02  3.68694506e+04 -1.45059553e+02 
 3.98107171e+04  2.28350563e+02  3.98107171e+04 -1.49924726e+02 
 4.29866235e+04  2.17484246e+02  4.29866235e+04 -1.54187271e+02 
 4.64158883e+04  2.06051317e+02  4.64158883e+04 -1.57742364e+02 
 5.01187234e+04  1.94150525e+02  5.01187234e+04 -1.60496988e+02 
 5.41169527e+04  1.81900187e+02  5.41169527e+04 -1.62375496e+02 
 5.84341413e+04  1.69434033e+02  5.84341413e+04 -1.63324479e+02 
 6.30957344e+04  1.56895640e+02  6.30957344e+04 -1.63316391e+02 
 6.81292069e+04  1.44431945e+02  6.81292069e+04 -1.62351467e+02 
 7.35642254e+04  1.32186410e+02  7.35642254e+04 -1.60457711e+02 
 7.94328235e+04  1.20292550e+02  7.94328235e+04 -1.57688937e+02 
 8.57695899e+04  1.08868384e+02  8.57695899e+04 -1.54121128e+02 
 9.26118728e+04  9.80123039e+01  9.26118728e+04 -1.49847545e+02 
 1.00000000e+05  8.78005907e+01  1.00000000e+05 -1.44973164e+02 
 1.07977516e+05  7.82866048e+01  1.07977516e+05 -1.39608986e+02 
 1.16591440e+05  6.95014826e+01  1.16591440e+05 -1.33866755e+02 
 1.25892541e+05  6.14560308e+01  1.25892541e+05 -1.27854431e+02 
 1.35935639e+05  5.41434464e+01  1.35935639e+05 -1.21672645e+02 
 1.46779927e+05  4.75424859e+01  1.46779927e+05 -1.15412205e+02 
 1.58489319e+05  4.16207549e+01  1.58489319e+05 -1.09152616e+02 
 1.71132830e+05  3.63378594e+01  1.71132830e+05 -1.02961459e+02 
 1.84784980e+05  3.16482423e+01  1.84784980e+05 -9.68944857e+01 
 1.99526231e+05  2.75036043e+01  1.99526231e+05 -9.09962232e+01 
 2.15443469e+05  2.38548728e+01  2.15443469e+05 -8.53009244e+01 
 2.32630507e+05  2.06537259e+01  2.32630507e+05 -7.98337176e+01 
 2.51188643e+05  1.78537104e+01  2.51188643e+05 -7.46118334e+01 
 2.71227258e+05  1.54110104e+01  2.71227258e+05 -6.96458262e+01 
 2.92864456e+05  1.32849248e+01  2.92864456e+05 -6.49407285e+01 
 3.16227766e+05  1.14381177e+01  3.16227766e+05 -6.04971045e+01 
 3.41454887e+05  9.83669214e+00  3.41454887e+05 -5.63119828e+01 
 3.68694506e+05  8.45013858e+00  3.68694506e+05 -5.23796635e+01 
 3.98107171e+05  7.25119398e+00  3.98107171e+05 -4.86924030e+01 
 4.29866235e+05  6.21564448e+00  4.29866235e+05 -4.52409846e+01 
 4.64158883e+05  5.32209474e+00  4.64158883e+05 -4.20151858e+01 
 5.01187234e+05  4.55172219e+00  5.01187234e+05 -3.90041566e+01 
 5.41169527e+05  3.88802885e+00  5.41169527e+05 -3.61967198e+01 
 5.84341413e+05  3.31659978e+00  5.84341413e+05 -3.35816062e+01 
 6.30957344e+05  2.82487380e+00  6.30957344e+05 -3.11476357e+01 
 6.81292069e+05  2.40193014e+00  6.81292069e+05 -2.88838531e+01 
 7.35642254e+05  2.03829277e+00  7.35642254e+05 -2.67796284e+01 
 7.94328235e+05  1.72575296e+00  7.94328235e+05 -2.48247275e+01 
 8.57695899e+05  1.45720998e+00  8.57695899e+05 -2.30093594e+01 
 9.26118728e+05  1.22652898e+00  9.26118728e+05 -2.13242058e+01 
 1.00000000e+06  1.02841522e+00  1.00000000e+06 -1.97604361e+01 
 1.07977516e+06  8.58303031e-01  1.07977516e+06 -1.83097114e+01 
 1.16591440e+06  7.12258523e-01  1.16591440e+06 -1.69641806e+01 
 1.25892541e+06  5.86894344e-01  1.25892541e+06 -1.57164701e+01 
 1.35935639e+06  4.79295412e-01  1.35935639e+06 -1.45596693e+01 
 1.46779927e+06  3.86954295e-01  1.46779927e+06 -1.34873128e+01 
 1.58489319e+06  3.07715103e-01  1.58489319e+06 -1.24933609e+01 
 1.71132830e+06  2.39724879e-01  1.71132830e+06 -1.15721785e+01 
 1.84784980e+06  1.81391535e-01  1.84784980e+06 -1.07185138e+01 
 1.99526231e+06  1.31347510e-01  1.99526231e+06 -9.92747660e+00 
 2.15443469e+06  8.84183908e-02  2.15443469e+06 -9.19451675e+00 
 2.32630507e+06  5.15958653e-02  2.32630507e+06 -8.51540350e+00 
 2.51188643e+06  2.00144099e-02  2.51188643e+06 -7.88620518e+00 
 2.71227258e+06 -7.06877916e-03  2.71227258e+06 -7.30326976e+00 
 2.92864456e+06 -3.02910541e-02  2.92864456e+06 -6.76320634e+00 
 3.16227766e+06 -5.01991658e-02  3.16227766e+06 -6.26286752e+00 
 3.41454887e+06 -6.72620274e-02  3.41454887e+06 -5.79933276e+00 
 3.68694506e+06 -8.18816790e-02  3.68694506e+06 -5.36989268e+00 
 3.98107171e+06 -9.44027022e-02  3.98107171e+06 -4.97203427e+00 
 4.29866235e+06 -1.05120299e-01  4.29866235e+06 -4.60342704e+00 
 4.64158883e+06 -1.14287224e-01  4.64158883e+06 -4.26191007e+00 
 5.01187234e+06 -1.22119719e-01  5.01187234e+06 -3.94547987e+00 
 5.41169527e+06 -1.28802606e-01  5.41169527e+06 -3.65227910e+00 
 5.84341413e+06 -1.34493637e-01  5.84341413e+06 -3.38058599e+00 
 6.30957344e+06 -1.39327218e-01  6.30957344e+06 -3.12880454e+00 
 6.81292069e+06 -1.43417581e-01  6.81292069e+06 -2.89545543e+00 
 7.35642254e+06 -1.46861498e-01  7.35642254e+06 -2.67916749e+00 
 7.94328235e+06 -1.49740577e-01  7.94328235e+06 -2.47866985e+00 
 8.57695899e+06 -1.52123217e-01  8.57695899e+06 -2.29278469e+00 
 9.26118728e+06 -1.54066264e-01  9.26118728e+06 -2.12042043e+00 
 1.00000000e+07 -1.55616402e-01  1.00000000e+07 -1.96056557e+00 
 1.07977516e+07 -1.56811325e-01  1.07977516e+07 -1.81228285e+00 
 1.16591440e+07 -1.57680728e-01  1.16591440e+07 -1.67470403e+00 
 1.25892541e+07 -1.58247125e-01  1.25892541e+07 -1.54702499e+00 
 1.35935639e+07 -1.58526554e-01  1.35935639e+07 -1.42850128e+00 
 1.46779927e+07 -1.58529170e-01  1.46779927e+07 -1.31844407e+00 
 1.58489319e+07 -1.58259773e-01  1.58489319e+07 -1.21621650e+00 
 1.71132830e+07 -1.57718281e-01  1.71132830e+07 -1.12123030e+00 
 1.84784980e+07 -1.56900205e-01  1.84784980e+07 -1.03294282e+00 
 1.99526231e+07 -1.55797136e-01  1.99526231e+07 -9.50854386e-01 
 2.15443469e+07 -1.54397294e-01  2.15443469e+07 -8.74505893e-01 
 2.32630507e+07 -1.52686175e-01  2.32630507e+07 -8.03476682e-01 
 2.51188643e+07 -1.50647326e-01  2.51188643e+07 -7.37382630e-01 
 2.71227258e+07 -1.48263300e-01  2.71227258e+07 -6.75874392e-01 
 2.92864456e+07 -1.45516796e-01  2.92864456e+07 -6.18635723e-01 
 3.16227766e+07 -1.42392020e-01  3.16227766e+07 -5.65381809e-01 
 3.41454887e+07 -1.38876226e-01  3.41454887e+07 -5.15857484e-01 
 3.68694506e+07 -1.34961428e-01  3.68694506e+07 -4.69835255e-01 
 3.98107171e+07 -1.30646177e-01  3.98107171e+07 -4.27113011e-01 
 4.29866235e+07 -1.25937294e-01  4.29866235e+07 -3.87511353e-01 
 4.64158883e+07 -1.20851384e-01  4.64158883e+07 -3.50870485e-01 
 5.01187234e+07 -1.15415964e-01  5.01187234e+07 -3.17046701e-01 
 5.41169527e+07 -1.09669990e-01  5.41169527e+07 -2.85908541e-01 
 5.84341413e+07 -1.03663629e-01  5.84341413e+07 -2.57332801e-01 
 6.30957344e+07 -9.74571800e-02  6.30957344e+07 -2.31200626e-01 
 6.81292069e+07 -9.11191260e-02  6.81292069e+07 -2.07393981e-01 
 7.35642254e+07 -8.47234319e-02  7.35642254e+07 -1.85792777e-01 
 7.94328235e+07 -7.83463056e-02  7.94328235e+07 -1.66272898e-01 
 8.57695899e+07 -7.20627236e-02  8.57695899e+07 -1.48705261e-01 
 9.26118728e+07 -6.59430617e-02  9.26118728e+07 -1.32955951e-01 
 1.00000000e+08 -6.00501527e-02  1.00000000e+08 -1.18887289e-01 
 1.07977516e+08 -5.44370251e-02  1.07977516e+08 -1.06359650e-01 
 1.16591440e+08 -4.91454716e-02  1.16591440e+08 -9.52337253e-02 
 1.25892541e+08 -4.42054826e-02  1.25892541e+08 -8.53729403e-02 
 1.35935639e+08 -3.96354725e-02  1.35935639e+08 -7.66457517e-02 
 1.46779927e+08 -3.54431554e-02  1.46779927e+08 -6.89276208e-02 
 1.58489319e+08 -3.16268795e-02  1.58489319e+08 -6.21025292e-02 
 1.71132830e+08 -2.81772290e-02  1.71132830e+08 -5.60639873e-02 
 1.84784980e+08 -2.50787162e-02  1.84784980e+08 -5.07155453e-02 
 1.99526231e+08 -2.23114236e-02  1.99526231e+08 -4.59708668e-02 
 2.15443469e+08 -1.98524998e-02  2.15443469e+08 -4.17534476e-02 
 2.32630507e+08 -1.76774474e-02  2.32630507e+08 -3.79960731e-02 
 2.51188643e+08 -1.57611814e-02  2.51188643e+08 -3.46401026e-02 
 2.71227258e+08 -1.40788553e-02  2.71227258e+08 -3.16346583e-02 
 2.92864456e+08 -1.26064755e-02  2.92864456e+08 -2.89357805e-02 
 3.16227766e+08 -1.13213287e-02  3.16227766e+08 -2.65055946e-02 
 3.41454887e+08 -1.02022552e-02  3.41454887e+08 -2.43115230e-02 
 3.68694506e+08 -9.22979814e-03  3.68694506e+08 -2.23255596e-02 
 3.98107171e+08 -8.38625798e-03  3.98107171e+08 -2.05236178e-02 
 4.29866235e+08 -7.65567770e-03  4.29866235e+08 -1.88849549e-02 
 4.64158883e+08 -7.02377855e-03  4.64158883e+08 -1.73916709e-02 
 5.01187234e+08 -6.47786400e-03  5.01187234e+08 -1.60282769e-02 
 5.41169527e+08 -6.00670436e-03  5.41169527e+08 -1.47813271e-02 
 5.84341413e+08 -5.60041213e-03  5.84341413e+08 -1.36391069e-02 
 6.30957344e+08 -5.25031485e-03  6.30957344e+08 -1.25913698e-02 
 6.81292069e+08 -4.94883055e-03  6.81292069e+08 -1.16291168e-02 
 7.35642254e+08 -4.68934912e-03  7.35642254e+08 -1.07444112e-02 
 7.94328235e+08 -4.46612136e-03  7.94328235e+08 -9.93022434e-03 
 8.57695899e+08 -4.27415704e-03  8.57695899e+08 -9.18030592e-03 
 9.26118728e+08 -4.10913225e-03  9.26118728e+08 -8.48907596e-03 
 1.00000000e+09 -3.96730602e-03  1.00000000e+09 -7.85153416e-03 
 1.07977516e+09 -3.84544590e-03  1.07977516e+09 -7.26318383e-03 
 1.16591440e+09 -3.74076186e-03  1.16591440e+09 -6.71996787e-03 
 1.25892541e+09 -3.65084801e-03  1.25892541e+09 -6.21821468e-03 
 1.35935639e+09 -3.57363136e-03  1.35935639e+09 -5.75459240e-03 
 1.46779927e+09 -3.50732694e-03  1.46779927e+09 -5.32606984e-03 
 1.58489319e+09 -3.45039864e-03  1.58489319e+09 -4.92988324e-03 
 1.71132830e+09 -3.40152511e-03  1.71132830e+09 -4.56350759e-03 
 1.84784980e+09 -3.35957016e-03  1.84784980e+09 -4.22463192e-03 
 1.99526231e+09 -3.32355710e-03  1.99526231e+09 -3.91113793e-03 
 2.15443469e+09 -3.29264656e-03  2.15443469e+09 -3.62108121e-03 
 2.32630507e+09 -3.26611730e-03  2.32630507e+09 -3.35267492e-03 
 2.51188643e+09 -3.24334969e-03  2.51188643e+09 -3.10427530e-03 
 2.71227258e+09 -3.22381147e-03  2.71227258e+09 -2.87436885e-03 
 2.92864456e+09 -3.20704547e-03  2.92864456e+09 -2.66156099e-03 
 3.16227766e+09 -3.19265908e-03  3.16227766e+09 -2.46456581e-03 
 3.41454887e+09 -3.18031511e-03  3.41454887e+09 -2.28219690e-03 
 3.68694506e+09 -3.16972407e-03  3.68694506e+09 -2.11335917e-03 
 3.98107171e+09 -3.16063738e-03  3.98107171e+09 -1.95704131e-03 
 4.29866235e+09 -3.15284165e-03  4.29866235e+09 -1.81230906e-03 
 4.64158883e+09 -3.14615369e-03  4.64158883e+09 -1.67829904e-03 
 5.01187234e+09 -3.14041624e-03  5.01187234e+09 -1.55421316e-03 
 5.41169527e+09 -3.13549435e-03  5.41169527e+09 -1.43931347e-03 
 5.84341413e+09 -3.13127219e-03  5.84341413e+09 -1.33291752e-03 
 6.30957344e+09 -3.12765036e-03  6.30957344e+09 -1.23439401e-03 
 6.81292069e+09 -3.12454355e-03  6.81292069e+09 -1.14315894e-03 
 7.35642254e+09 -3.12187857e-03  7.35642254e+09 -1.05867189e-03 
 7.94328235e+09 -3.11959262e-03  7.94328235e+09 -9.80432798e-04 
 8.57695899e+09 -3.11763182e-03  8.57695899e+09 -9.07978837e-04 
 9.26118728e+09 -3.11594993e-03  9.26118728e+09 -8.40881627e-04 
 1.00000000e+10 -3.11450729e-03  1.00000000e+10 -7.78744635e-04 
