 1.00000000e+00  3.36369259e+02  1.00000000e+00 -4.07508908e-03 
 1.07977516e+00  3.36369259e+02  1.07977516e+00 -4.40017998e-03 
 1.16591440e+00  3.36369259e+02  1.16591440e+00 -4.75120505e-03 
 1.25892541e+00  3.36369259e+02  1.25892541e+00 -5.13023320e-03 
 1.35935639e+00  3.36369259e+02  1.35935639e+00 -5.53949839e-03 
 1.46779927e+00  3.36369259e+02  1.46779927e+00 -5.98141277e-03 
 1.58489319e+00  3.36369259e+02  1.58489319e+00 -6.45858094e-03 
 1.71132830e+00  3.36369259e+02  1.71132830e+00 -6.97381529e-03 
 1.84784980e+00  3.36369259e+02  1.84784980e+00 -7.53015253e-03 
 1.99526231e+00  3.36369259e+02  1.99526231e+00 -8.13087167e-03 
 2.15443469e+00  3.36369259e+02  2.15443469e+00 -8.77951328e-03 
 2.32630507e+00  3.36369259e+02  2.32630507e+00 -9.47990038e-03 
 2.51188643e+00  3.36369258e+02  2.51188643e+00 -1.02361610e-02 
 2.71227258e+00  3.36369258e+02  2.71227258e+00 -1.10527524e-02 
 2.92864456e+00  3.36369258e+02  2.92864456e+00 -1.19344875e-02 
 3.16227766e+00  3.36369258e+02  3.16227766e+00 -1.28865632e-02 
 3.41454887e+00  3.36369258e+02  3.41454887e+00 -1.39145908e-02 
 3.68694506e+00  3.36369258e+02  3.68694506e+00 -1.50246296e-02 
 3.98107171e+00  3.36369258e+02  3.98107171e+00 -1.62232218e-02 
 4.29866235e+00  3.36369258e+02  4.29866235e+00 -1.75174320e-02 
 4.64158883e+00  3.36369258e+02  4.64158883e+00 -1.89148879e-02 
 5.01187234e+00  3.36369258e+02  5.01187234e+00 -2.04238262e-02 
 5.41169527e+00  3.36369257e+02  5.41169527e+00 -2.20531402e-02 
 5.84341413e+00  3.36369257e+02  5.84341413e+00 -2.38124330e-02 
 6.30957344e+00  3.36369257e+02  6.30957344e+00 -2.57120737e-02 
 6.81292069e+00  3.36369257e+02  6.81292069e+00 -2.77632585e-02 
 7.35642254e+00  3.36369256e+02  7.35642254e+00 -2.99780770e-02 
 7.94328235e+00  3.36369256e+02  7.94328235e+00 -3.23695829e-02 
 8.57695899e+00  3.36369255e+02  8.57695899e+00 -3.49518716e-02 
 9.26118728e+00  3.36369255e+02  9.26118728e+00 -3.77401627e-02 
 1.00000000e+01  3.36369254e+02  1.00000000e+01 -4.07508902e-02 
 1.07977516e+01  3.36369253e+02  1.07977516e+01 -4.40017990e-02 
 1.16591440e+01  3.36369252e+02  1.16591440e+01 -4.75120495e-02 
 1.25892541e+01  3.36369251e+02  1.25892541e+01 -5.13023308e-02 
 1.35935639e+01  3.36369250e+02  1.35935639e+01 -5.53949824e-02 
 1.46779927e+01  3.36369248e+02  1.46779927e+01 -5.98141258e-02 
 1.58489319e+01  3.36369246e+02  1.58489319e+01 -6.45858071e-02 
 1.71132830e+01  3.36369244e+02  1.71132830e+01 -6.97381499e-02 
 1.84784980e+01  3.36369242e+02  1.84784980e+01 -7.53015216e-02 
 1.99526231e+01  3.36369239e+02  1.99526231e+01 -8.13087120e-02 
 2.15443469e+01  3.36369236e+02  2.15443469e+01 -8.77951269e-02 
 2.32630507e+01  3.36369232e+02  2.32630507e+01 -9.47989963e-02 
 2.51188643e+01  3.36369228e+02  2.51188643e+01 -1.02361600e-01 
 2.71227258e+01  3.36369223e+02  2.71227258e+01 -1.10527512e-01 
 2.92864456e+01  3.36369216e+02  2.92864456e+01 -1.19344860e-01 
 3.16227766e+01  3.36369209e+02  3.16227766e+01 -1.28865613e-01 
 3.41454887e+01  3.36369201e+02  3.41454887e+01 -1.39145885e-01 
 3.68694506e+01  3.36369192e+02  3.68694506e+01 -1.50246266e-01 
 3.98107171e+01  3.36369181e+02  3.98107171e+01 -1.62232181e-01 
 4.29866235e+01  3.36369168e+02  4.29866235e+01 -1.75174273e-01 
 4.64158883e+01  3.36369153e+02  4.64158883e+01 -1.89148820e-01 
 5.01187234e+01  3.36369135e+02  5.01187234e+01 -2.04238187e-01 
 5.41169527e+01  3.36369114e+02  5.41169527e+01 -2.20531308e-01 
 5.84341413e+01  3.36369090e+02  5.84341413e+01 -2.38124212e-01 
 6.30957344e+01  3.36369062e+02  6.30957344e+01 -2.57120589e-01 
 6.81292069e+01  3.36369030e+02  6.81292069e+01 -2.77632398e-01 
 7.35642254e+01  3.36368992e+02  7.35642254e+01 -2.99780534e-01 
 7.94328235e+01  3.36368948e+02  7.94328235e+01 -3.23695533e-01 
 8.57695899e+01  3.36368896e+02  8.57695899e+01 -3.49518343e-01 
 9.26118728e+01  3.36368836e+02  9.26118728e+01 -3.77401158e-01 
 1.00000000e+02  3.36368766e+02  1.00000000e+02 -4.07508311e-01 
 1.07977516e+02  3.36368684e+02  1.07977516e+02 -4.40017246e-01 
 1.16591440e+02  3.36368588e+02  1.16591440e+02 -4.75119558e-01 
 1.25892541e+02  3.36368477e+02  1.25892541e+02 -5.13022129e-01 
 1.35935639e+02  3.36368347e+02  1.35935639e+02 -5.53948339e-01 
 1.46779927e+02  3.36368196e+02  1.46779927e+02 -5.98139389e-01 
 1.58489319e+02  3.36368020e+02  1.58489319e+02 -6.45855717e-01 
 1.71132830e+02  3.36367814e+02  1.71132830e+02 -6.97378536e-01 
 1.84784980e+02  3.36367574e+02  1.84784980e+02 -7.53011486e-01 
 1.99526231e+02  3.36367295e+02  1.99526231e+02 -8.13082425e-01 
 2.15443469e+02  3.36366969e+02  2.15443469e+02 -8.77945357e-01 
 2.32630507e+02  3.36366589e+02  2.32630507e+02 -9.47982521e-01 
 2.51188643e+02  3.36366146e+02  2.51188643e+02 -1.02360663e+00 
 2.71227258e+02  3.36365630e+02  2.71227258e+02 -1.10526332e+00 
 2.92864456e+02  3.36365028e+02  2.92864456e+02 -1.19343375e+00 
 3.16227766e+02  3.36364326e+02  3.16227766e+02 -1.28863743e+00 
 3.41454887e+02  3.36363508e+02  3.41454887e+02 -1.39143531e+00 
 3.68694506e+02  3.36362553e+02  3.68694506e+02 -1.50243303e+00 
 3.98107171e+02  3.36361441e+02  3.98107171e+02 -1.62228451e+00 
 4.29866235e+02  3.36360144e+02  4.29866235e+02 -1.75169577e+00 
 4.64158883e+02  3.36358632e+02  4.64158883e+02 -1.89142909e+00 
 5.01187234e+02  3.36356868e+02  5.01187234e+02 -2.04230745e+00 
 5.41169527e+02  3.36354813e+02  5.41169527e+02 -2.20521940e+00 
 5.84341413e+02  3.36352416e+02  5.84341413e+02 -2.38112418e+00 
 6.30957344e+02  3.36349622e+02  6.30957344e+02 -2.57105740e+00 
 6.81292069e+02  3.36346364e+02  6.81292069e+02 -2.77613706e+00 
 7.35642254e+02  3.36342566e+02  7.35642254e+02 -2.99757002e+00 
 7.94328235e+02  3.36338137e+02  7.94328235e+02 -3.23665907e+00 
 8.57695899e+02  3.36332974e+02  8.57695899e+02 -3.49481047e+00 
 9.26118728e+02  3.36326955e+02  9.26118728e+02 -3.77354206e+00 
 1.00000000e+03  3.36319937e+02  1.00000000e+03 -4.07449204e+00 
 1.07977516e+03  3.36311755e+02  1.07977516e+03 -4.39942837e+00 
 1.16591440e+03  3.36302216e+02  1.16591440e+03 -4.75025885e+00 
 1.25892541e+03  3.36291096e+02  1.25892541e+03 -5.12904205e+00 
 1.35935639e+03  3.36278131e+02  1.35935639e+03 -5.53799888e+00 
 1.46779927e+03  3.36263016e+02  1.46779927e+03 -5.97952508e+00 
 1.58489319e+03  3.36245396e+02  1.58489319e+03 -6.45620461e+00 
 1.71132830e+03  3.36224854e+02  1.71132830e+03 -6.97082385e+00 
 1.84784980e+03  3.36200907e+02  1.84784980e+03 -7.52638680e+00 
 1.99526231e+03  3.36172991e+02  1.99526231e+03 -8.12613129e+00 
 2.15443469e+03  3.36140449e+02  2.15443469e+03 -8.77354607e+00 
 2.32630507e+03  3.36102517e+02  2.32630507e+03 -9.47238895e+00 
 2.51188643e+03  3.36058301e+02  2.51188643e+03 -1.02267059e+01 
 2.71227258e+03  3.36006765e+02  2.71227258e+03 -1.10408509e+01 
 2.92864456e+03  3.35946697e+02  2.92864456e+03 -1.19195072e+01 
 3.16227766e+03  3.35876690e+02  3.16227766e+03 -1.28677080e+01 
 3.41454887e+03  3.35795106e+02  3.41454887e+03 -1.38908593e+01 
 3.68694506e+03  3.35700035e+02  3.68694506e+03 -1.49947618e+01 
 3.98107171e+03  3.35589258e+02  3.98107171e+03 -1.61856329e+01 
 4.29866235e+03  3.35460194e+02  4.29866235e+03 -1.74701285e+01 
 4.64158883e+03  3.35309842e+02  4.64158883e+03 -1.88553631e+01 
 5.01187234e+03  3.35134714e+02  5.01187234e+03 -2.03489280e+01 
 5.41169527e+03  3.34930761e+02  5.41169527e+03 -2.19589063e+01 
 5.84341413e+03  3.34693281e+02  5.84341413e+03 -2.36938837e+01 
 6.30957344e+03  3.34416825e+02  6.30957344e+03 -2.55629521e+01 
 6.81292069e+03  3.34095077e+02  6.81292069e+03 -2.75757060e+01 
 7.35642254e+03  3.33720726e+02  7.35642254e+03 -2.97422266e+01 
 7.94328235e+03  3.33285321e+02  7.94328235e+03 -3.20730520e+01 
 8.57695899e+03  3.32779108e+02  8.57695899e+03 -3.45791278e+01 
 9.26118728e+03  3.32190844e+02  9.26118728e+03 -3.72717350e+01 
 1.00000000e+04  3.31507596e+02  1.00000000e+04 -4.01623866e+01 
 1.07977516e+04  3.30714526e+02  1.07977516e+04 -4.32626877e+01 
 1.16591440e+04  3.29794647e+02  1.16591440e+04 -4.65841495e+01 
 1.25892541e+04  3.28728582e+02  1.25892541e+04 -5.01379469e+01 
 1.35935639e+04  3.27494304e+02  1.35935639e+04 -5.39346091e+01 
 1.46779927e+04  3.26066883e+02  1.46779927e+04 -5.79836314e+01 
 1.58489319e+04  3.24418252e+02  1.58489319e+04 -6.22929928e+01 
 1.71132830e+04  3.22516998e+02  1.71132830e+04 -6.68685697e+01 
 1.84784980e+04  3.20328221e+02  1.84784980e+04 -7.17134301e+01 
 1.99526231e+04  3.17813479e+02  1.99526231e+04 -7.68270039e+01 
 2.15443469e+04  3.14930865e+02  2.15443469e+04 -8.22041212e+01 
 2.32630507e+04  3.11635262e+02  2.32630507e+04 -8.78339290e+01 
 2.51188643e+04  3.07878836e+02  2.51188643e+04 -9.36987014e+01 
 2.71227258e+04  3.03611825e+02  2.71227258e+04 -9.97725826e+01 
 2.92864456e+04  2.98783690e+02  2.92864456e+04 -1.06020323e+02 
 3.16227766e+04  2.93344686e+02  3.16227766e+04 -1.12396094e+02 
 3.41454887e+04  2.87247883e+02  3.41454887e+04 -1.18842513e+02 
 3.68694506e+04  2.80451665e+02  3.68694506e+04 -1.25290009e+02 
 3.98107171e+04  2.72922641e+02  3.98107171e+04 -1.31656737e+02 
 4.29866235e+04  2.64638900e+02  4.29866235e+04 -1.37849204e+02 
 4.64158883e+04  2.55593392e+02  4.64158883e+04 -1.43763798e+02 
 5.01187234e+04  2.45797192e+02  5.01187234e+04 -1.49289350e+02 
 5.41169527e+04  2.35282311e+02  5.41169527e+04 -1.54310783e+02 
 5.84341413e+04  2.24103638e+02  5.84341413e+04 -1.58713769e+02 
 6.30957344e+04  2.12339672e+02  6.30957344e+04 -1.62390175e+02 
 6.81292069e+04  2.00091685e+02  6.81292069e+04 -1.65243912e+02 
 7.35642254e+04  1.87481174e+02  7.35642254e+04 -1.67196674e+02 
 7.94328235e+04  1.74645603e+02  7.94328235e+04 -1.68192973e+02 
 8.57695899e+04  1.61732705e+02  8.57695899e+04 -1.68203895e+02 
 9.26118728e+04  1.48893801e+02  9.26118728e+04 -1.67229119e+02 
 1.00000000e+05  1.36276778e+02  1.00000000e+05 -1.65296942e+02 
 1.07977516e+05  1.24019395e+02  1.07977516e+05 -1.62462299e+02 
 1.16591440e+05  1.12243551e+02  1.16591440e+05 -1.58803042e+02 
 1.25892541e+05  1.01051003e+02  1.25892541e+05 -1.54414927e+02 
 1.35935639e+05  9.05207643e+01  1.35935639e+05 -1.49405885e+02 
 1.46779927e+05  8.07082475e+01  1.46779927e+05 -1.43890167e+02 
 1.58489319e+05  7.16459488e+01  1.58489319e+05 -1.37982887e+02 
 1.71132830e+05  6.33453803e+01  1.71132830e+05 -1.31795342e+02 
 1.84784980e+05  5.57998584e+01  1.84784980e+05 -1.25431344e+02 
 1.99526231e+05  4.89877620e+01  1.99526231e+05 -1.18984630e+02 
 2.15443469e+05  4.28759209e+01  2.15443469e+05 -1.12537311e+02 
 2.32630507e+05  3.74228657e+01  2.32630507e+05 -1.06159229e+02 
 2.51188643e+05  3.25817566e+01  2.51188643e+05 -9.99080332e+01 
 2.71227258e+05  2.83028859e+01  2.71227258e+05 -9.38297954e+01 
 2.92864456e+05  2.45357142e+01  2.92864456e+05 -8.79599872e+01 
 3.16227766e+05  2.12304491e+01  3.16227766e+05 -8.23246576e+01 
 3.41454887e+05  1.83392038e+01  3.41454887e+05 -7.69416979e+01 
 3.68694506e+05  1.58167952e+01  3.68694506e+05 -7.18220995e+01 
 3.98107171e+05  1.36212412e+01  3.98107171e+05 -6.69711446e+01 
 4.29866235e+05  1.17140219e+01  4.29866235e+05 -6.23894939e+01 
 4.64158883e+05  1.00601592e+01  4.64158883e+05 -5.80741490e+01 
 5.01187234e+05  8.62816561e+00  5.01187234e+05 -5.40192871e+01 
 5.41169527e+05  7.38990053e+00  5.41169527e+05 -5.02169676e+01 
 5.84341413e+05  6.32036800e+00  5.84341413e+05 -4.66577225e+01 
 6.30957344e+05  5.39747962e+00  6.30957344e+05 -4.33310395e+01 
 6.81292069e+05  4.60180154e+00  6.81292069e+05 -4.02257533e+01 
 7.35642254e+05  3.91629895e+00  7.35642254e+05 -3.73303560e+01 
 7.94328235e+05  3.32608697e+00  7.94328235e+05 -3.46332411e+01 
 8.57695899e+05  2.81819435e+00  8.57695899e+05 -3.21228901e+01 
 9.26118728e+05  2.38134339e+00  9.26118728e+05 -2.97880144e+01 
 1.00000000e+06  2.00574801e+00  1.00000000e+06 -2.76176581e+01 
 1.07977516e+06  1.68293070e+00  1.07977516e+06 -2.56012717e+01 
 1.16591440e+06  1.40555807e+00  1.16591440e+06 -2.37287615e+01 
 1.25892541e+06  1.16729421e+00  1.25892541e+06 -2.19905200e+01 
 1.35935639e+06  9.62670780e-01  1.35935639e+06 -2.03774415e+01 
 1.46779927e+06  7.86972474e-01  1.46779927e+06 -1.88809269e+01 
 1.58489319e+06  6.36136460e-01  1.58489319e+06 -1.74928791e+01 
 1.71132830e+06  5.06664447e-01  1.71132830e+06 -1.62056933e+01 
 1.84784980e+06  3.95545980e-01  1.84784980e+06 -1.50122415e+01 
 1.99526231e+06  3.00191711e-01  1.99526231e+06 -1.39058544e+01 
 2.15443469e+06  2.18375482e-01  2.15443469e+06 -1.28803017e+01 
 2.32630507e+06  1.48184130e-01  2.32630507e+06 -1.19297697e+01 
 2.51188643e+06  8.79740637e-02  2.51188643e+06 -1.10488398e+01 
 2.71227258e+06  3.63337490e-02  2.71227258e+06 -1.02324661e+01 
 2.92864456e+06 -7.94867301e-03  2.92864456e+06 -9.47595318e+00 
 3.16227766e+06 -4.59132990e-02  3.16227766e+06 -8.77493485e+00 
 3.41454887e+06 -7.84525076e-02  3.41454887e+06 -8.12535298e+00 
 3.68694506e+06 -1.06331652e-01  3.68694506e+06 -7.52343771e+00 
 3.98107171e+06 -1.30206856e-01  3.98107171e+06 -6.96568825e+00 
 4.29866235e+06 -1.50640302e-01  4.29866235e+06 -6.44885475e+00 
 4.64158883e+06 -1.68113366e-01  4.64158883e+06 -5.96992111e+00 
 5.01187234e+06 -1.83037876e-01  5.01187234e+06 -5.52608882e+00 
 5.41169527e+06 -1.95765769e-01  5.41169527e+06 -5.11476174e+00 
 5.84341413e+06 -2.06597362e-01  5.84341413e+06 -4.73353184e+00 
 6.30957344e+06 -2.15788418e-01  6.30957344e+06 -4.38016589e+00 
 6.81292069e+06 -2.23556189e-01  6.81292069e+06 -4.05259300e+00 
 7.35642254e+06 -2.30084568e-01  7.35642254e+06 -3.74889301e+00 
 7.94328235e+06 -2.35528469e-01  7.94328235e+06 -3.46728578e+00 
 8.57695899e+06 -2.40017558e-01  8.57695899e+06 -3.20612112e+00 
 9.26118728e+06 -2.43659410e-01  9.26118728e+06 -2.96386959e+00 
 1.00000000e+07 -2.46542188e-01  1.00000000e+07 -2.73911396e+00 
 1.07977516e+07 -2.48736909e-01  1.07977516e+07 -2.53054130e+00 
 1.16591440e+07 -2.50299371e-01  1.16591440e+07 -2.33693583e+00 
 1.25892541e+07 -2.51271792e-01  1.25892541e+07 -2.15717228e+00 
 1.35935639e+07 -2.51684238e-01  1.35935639e+07 -1.99020991e+00 
 1.46779927e+07 -2.51555888e-01  1.46779927e+07 -1.83508707e+00 
 1.58489319e+07 -2.50896197e-01  1.58489319e+07 -1.69091633e+00 
 1.71132830e+07 -2.49706024e-01  1.71132830e+07 -1.55688007e+00 
 1.84784980e+07 -2.47978790e-01  1.84784980e+07 -1.43222661e+00 
 1.99526231e+07 -2.45701740e-01  1.99526231e+07 -1.31626667e+00 
 2.15443469e+07 -2.42857354e-01  2.15443469e+07 -1.20837027e+00 
 2.32630507e+07 -2.39425003e-01  2.32630507e+07 -1.10796384e+00 
 2.51188643e+07 -2.35382872e-01  2.51188643e+07 -1.01452755e+00 
 2.71227258e+07 -2.30710197e-01  2.71227258e+07 -9.27592563e-01 
 2.92864456e+07 -2.25389798e-01  2.92864456e+07 -8.46738299e-01 
 3.16227766e+07 -2.19410862e-01  3.16227766e+07 -7.71589306e-01 
 3.41454887e+07 -2.12771874e-01  3.41454887e+07 -7.01811719e-01 
 3.68694506e+07 -2.05483483e-01  3.68694506e+07 -6.37109115e-01 
 3.98107171e+07 -1.97571105e-01  3.98107171e+07 -5.77217685e-01 
 4.29866235e+07 -1.89076924e-01  4.29866235e+07 -5.21900742e-01 
 4.64158883e+07 -1.80061023e-01  4.64158883e+07 -4.70942665e-01 
 5.01187234e+07 -1.70601333e-01  5.01187234e+07 -4.24142527e-01 
 5.41169527e+07 -1.60792246e-01  5.41169527e+07 -3.81307788e-01 
 5.84341413e+07 -1.50741819e-01  5.84341413e+07 -3.42248468e-01 
 6.30957344e+07 -1.40567722e-01  6.30957344e+07 -3.06772294e-01 
 6.81292069e+07 -1.30392227e-01  6.81292069e+07 -2.74681204e-01 
 7.35642254e+07 -1.20336719e-01  7.35642254e+07 -2.45769476e-01 
 7.94328235e+07 -1.10516240e-01  7.94328235e+07 -2.19823570e-01 
 8.57695899e+07 -1.01034623e-01  8.57695899e+07 -1.96623542e-01 
 9.26118728e+07 -9.19806318e-02  9.26118728e+07 -1.75945715e-01 
 1.00000000e+08 -8.34253856e-02  1.00000000e+08 -1.57566179e-01 
 1.07977516e+08 -7.54211746e-02  1.07977516e+08 -1.41264634e-01 
 1.16591440e+08 -6.80015737e-02  1.16591440e+08 -1.26828127e-01 
 1.25892541e+08 -6.11826490e-02  1.25892541e+08 -1.14054337e-01 
 1.35935639e+08 -5.49649658e-02  1.35935639e+08 -1.02754155e-01 
 1.46779927e+08 -4.93360861e-02  1.46779927e+08 -9.27534703e-02 
 1.58489319e+08 -4.42732658e-02  1.58489319e+08 -8.38941470e-02 
 1.71132830e+08 -3.97461158e-02  1.71132830e+08 -7.60342764e-02 
 1.84784980e+08 -3.57190535e-02  1.84784980e+08 -6.90478348e-02 
 1.99526231e+08 -3.21534411e-02  1.99526231e+08 -6.28238905e-02 
 2.15443469e+08 -2.90093566e-02  2.15443469e+08 -5.72655064e-02 
 2.32630507e+08 -2.62469952e-02  2.32630507e+08 -5.22884645e-02 
 2.51188643e+08 -2.38277210e-02  2.51188643e+08 -4.78199187e-02 
 2.71227258e+08 -2.17148114e-02  2.71227258e+08 -4.37970535e-02 
 2.92864456e+08 -1.98739438e-02  2.92864456e+08 -4.01658033e-02 
 3.16227766e+08 -1.82734734e-02  3.16227766e+08 -3.68796692e-02 
 3.41454887e+08 -1.68845509e-02  3.41454887e+08 -3.38986490e-02 
 3.68694506e+08 -1.56811196e-02  3.68694506e+08 -3.11882904e-02 
 3.98107171e+08 -1.46398287e-02  3.98107171e+08 -2.87188629e-02 
 4.29866235e+08 -1.37398892e-02  4.29866235e+08 -2.64646444e-02 
 4.64158883e+08 -1.29628958e-02  4.64158883e+08 -2.44033104e-02 
 5.01187234e+08 -1.22926298e-02  5.01187234e+08 -2.25154160e-02 
 5.41169527e+08 -1.17148564e-02  5.41169527e+08 -2.07839585e-02 
 5.84341413e+08 -1.12171250e-02  5.84341413e+08 -1.91940095e-02 
 6.30957344e+08 -1.07885766e-02  6.30957344e+08 -1.77324069e-02 
 6.81292069e+08 -1.04197636e-02  6.81292069e+08 -1.63874971e-02 
 7.35642254e+08 -1.01024838e-02  7.35642254e+08 -1.51489191e-02 
 7.94328235e+08 -9.82962875e-03  7.94328235e+08 -1.40074241e-02 
 8.57695899e+08 -9.59504662e-03  8.57695899e+08 -1.29547253e-02 
 9.26118728e+08 -9.39342036e-03  9.26118728e+08 -1.19833707e-02 
 1.00000000e+09 -9.22015899e-03  1.00000000e+09 -1.10866372e-02 
 1.07977516e+09 -9.07130184e-03  1.07977516e+09 -1.02584410e-02 
 1.16591440e+09 -8.94343436e-03  1.16591440e+09 -9.49326173e-03 
 1.25892541e+09 -8.83361460e-03  1.25892541e+09 -8.78607800e-03 
 1.35935639e+09 -8.73930896e-03  1.35935639e+09 -8.13231226e-03 
 1.46779927e+09 -8.65833651e-03  1.46779927e+09 -7.52778353e-03 
 1.58489319e+09 -8.58882050e-03  1.58489319e+09 -6.96866642e-03 
 1.71132830e+09 -8.52914652e-03  1.71132830e+09 -6.45145557e-03 
 1.84784980e+09 -8.47792618e-03  1.84784980e+09 -5.97293460e-03 
 1.99526231e+09 -8.43396581e-03  1.99526231e+09 -5.53014880e-03 
 2.15443469e+09 -8.39623940e-03  2.15443469e+09 -5.12038101e-03 
 2.32630507e+09 -8.36386523e-03  2.32630507e+09 -4.74113025e-03 
 2.51188643e+09 -8.33608575e-03  2.51188643e+09 -4.39009270e-03 
 2.71227258e+09 -8.31225020e-03  2.71227258e+09 -4.06514462e-03 
 2.92864456e+09 -8.29179968e-03  2.92864456e+09 -3.76432713e-03 
 3.16227766e+09 -8.27425422e-03  3.16227766e+09 -3.48583241e-03 
 3.41454887e+09 -8.25920175e-03  3.41454887e+09 -3.22799125e-03 
 3.68694506e+09 -8.24628847e-03  3.68694506e+09 -2.98926182e-03 
 3.98107171e+09 -8.23521070e-03  3.98107171e+09 -2.76821946e-03 
 4.29866235e+09 -8.22570778e-03  4.29866235e+09 -2.56354731e-03 
 4.64158883e+09 -8.21755601e-03  4.64158883e+09 -2.37402788e-03 
 5.01187234e+09 -8.21056342e-03  5.01187234e+09 -2.19853527e-03 
 5.41169527e+09 -8.20456527e-03  5.41169527e+09 -2.03602806e-03 
 5.84341413e+09 -8.19942021e-03  5.84341413e+09 -1.88554281e-03 
 6.30957344e+09 -8.19500698e-03  6.30957344e+09 -1.74618811e-03 
 6.81292069e+09 -8.19122151e-03  6.81292069e+09 -1.61713905e-03 
 7.35642254e+09 -8.18797454e-03  7.35642254e+09 -1.49763220e-03 
 7.94328235e+09 -8.18518949e-03  7.94328235e+09 -1.38696095e-03 
 8.57695899e+09 -8.18280066e-03  8.57695899e+09 -1.28447122e-03 
 9.26118728e+09 -8.18075169e-03  9.26118728e+09 -1.18955752e-03 
 1.00000000e+10 -8.17899425e-03  1.00000000e+10 -1.10165932e-03 
