 1.00000000e+00  2.00315743e+02  1.00000000e+00 -2.02390784e-03 
 1.07977516e+00  2.00315743e+02  1.07977516e+00 -2.18536542e-03 
 1.16591440e+00  2.00315743e+02  1.16591440e+00 -2.35970330e-03 
 1.25892541e+00  2.00315743e+02  1.25892541e+00 -2.54794902e-03 
 1.35935639e+00  2.00315743e+02  1.35935639e+00 -2.75121206e-03 
 1.46779927e+00  2.00315743e+02  1.46779927e+00 -2.97069045e-03 
 1.58489319e+00  2.00315743e+02  1.58489319e+00 -3.20767776e-03 
 1.71132830e+00  2.00315743e+02  1.71132830e+00 -3.46357078e-03 
 1.84784980e+00  2.00315743e+02  1.84784980e+00 -3.73987770e-03 
 1.99526231e+00  2.00315743e+02  1.99526231e+00 -4.03822705e-03 
 2.15443469e+00  2.00315743e+02  2.15443469e+00 -4.36037727e-03 
 2.32630507e+00  2.00315743e+02  2.32630507e+00 -4.70822707e-03 
 2.51188643e+00  2.00315743e+02  2.51188643e+00 -5.08382665e-03 
 2.71227258e+00  2.00315743e+02  2.71227258e+00 -5.48938975e-03 
 2.92864456e+00  2.00315743e+02  2.92864456e+00 -5.92730670e-03 
 3.16227766e+00  2.00315742e+02  3.16227766e+00 -6.40015856e-03 
 3.41454887e+00  2.00315742e+02  3.41454887e+00 -6.91073224e-03 
 3.68694506e+00  2.00315742e+02  3.68694506e+00 -7.46203703e-03 
 3.98107171e+00  2.00315742e+02  3.98107171e+00 -8.05732224e-03 
 4.29866235e+00  2.00315742e+02  4.29866235e+00 -8.70009643e-03 
 4.64158883e+00  2.00315742e+02  4.64158883e+00 -9.39414803e-03 
 5.01187234e+00  2.00315742e+02  5.01187234e+00 -1.01435677e-02 
 5.41169527e+00  2.00315742e+02  5.41169527e+00 -1.09527725e-02 
 5.84341413e+00  2.00315742e+02  5.84341413e+00 -1.18265317e-02 
 6.30957344e+00  2.00315742e+02  6.30957344e+00 -1.27699951e-02 
 6.81292069e+00  2.00315742e+02  6.81292069e+00 -1.37887236e-02 
 7.35642254e+00  2.00315742e+02  7.35642254e+00 -1.48887212e-02 
 7.94328235e+00  2.00315741e+02  7.94328235e+00 -1.60764714e-02 
 8.57695899e+00  2.00315741e+02  8.57695899e+00 -1.73589744e-02 
 9.26118728e+00  2.00315741e+02  9.26118728e+00 -1.87437894e-02 
 1.00000000e+01  2.00315741e+02  1.00000000e+01 -2.02390782e-02 
 1.07977516e+01  2.00315740e+02  1.07977516e+01 -2.18536540e-02 
 1.16591440e+01  2.00315740e+02  1.16591440e+01 -2.35970327e-02 
 1.25892541e+01  2.00315739e+02  1.25892541e+01 -2.54794898e-02 
 1.35935639e+01  2.00315739e+02  1.35935639e+01 -2.75121201e-02 
 1.46779927e+01  2.00315738e+02  1.46779927e+01 -2.97069039e-02 
 1.58489319e+01  2.00315738e+02  1.58489319e+01 -3.20767768e-02 
 1.71132830e+01  2.00315737e+02  1.71132830e+01 -3.46357068e-02 
 1.84784980e+01  2.00315736e+02  1.84784980e+01 -3.73987757e-02 
 1.99526231e+01  2.00315735e+02  1.99526231e+01 -4.03822689e-02 
 2.15443469e+01  2.00315733e+02  2.15443469e+01 -4.36037706e-02 
 2.32630507e+01  2.00315732e+02  2.32630507e+01 -4.70822681e-02 
 2.51188643e+01  2.00315730e+02  2.51188643e+01 -5.08382633e-02 
 2.71227258e+01  2.00315728e+02  2.71227258e+01 -5.48938934e-02 
 2.92864456e+01  2.00315725e+02  2.92864456e+01 -5.92730619e-02 
 3.16227766e+01  2.00315722e+02  3.16227766e+01 -6.40015791e-02 
 3.41454887e+01  2.00315719e+02  3.41454887e+01 -6.91073143e-02 
 3.68694506e+01  2.00315715e+02  3.68694506e+01 -7.46203600e-02 
 3.98107171e+01  2.00315710e+02  3.98107171e+01 -8.05732095e-02 
 4.29866235e+01  2.00315705e+02  4.29866235e+01 -8.70009481e-02 
 4.64158883e+01  2.00315699e+02  4.64158883e+01 -9.39414599e-02 
 5.01187234e+01  2.00315691e+02  5.01187234e+01 -1.01435651e-01 
 5.41169527e+01  2.00315683e+02  5.41169527e+01 -1.09527692e-01 
 5.84341413e+01  2.00315673e+02  5.84341413e+01 -1.18265276e-01 
 6.30957344e+01  2.00315661e+02  6.30957344e+01 -1.27699900e-01 
 6.81292069e+01  2.00315648e+02  6.81292069e+01 -1.37887171e-01 
 7.35642254e+01  2.00315632e+02  7.35642254e+01 -1.48887131e-01 
 7.94328235e+01  2.00315614e+02  7.94328235e+01 -1.60764611e-01 
 8.57695899e+01  2.00315592e+02  8.57695899e+01 -1.73589615e-01 
 9.26118728e+01  2.00315567e+02  9.26118728e+01 -1.87437732e-01 
 1.00000000e+02  2.00315538e+02  1.00000000e+02 -2.02390578e-01 
 1.07977516e+02  2.00315504e+02  1.07977516e+02 -2.18536282e-01 
 1.16591440e+02  2.00315465e+02  1.16591440e+02 -2.35970003e-01 
 1.25892541e+02  2.00315419e+02  1.25892541e+02 -2.54794490e-01 
 1.35935639e+02  2.00315365e+02  1.35935639e+02 -2.75120688e-01 
 1.46779927e+02  2.00315302e+02  1.46779927e+02 -2.97068392e-01 
 1.58489319e+02  2.00315229e+02  1.58489319e+02 -3.20766955e-01 
 1.71132830e+02  2.00315144e+02  1.71132830e+02 -3.46356043e-01 
 1.84784980e+02  2.00315045e+02  1.84784980e+02 -3.73986468e-01 
 1.99526231e+02  2.00314929e+02  1.99526231e+02 -4.03821065e-01 
 2.15443469e+02  2.00314794e+02  2.15443469e+02 -4.36035663e-01 
 2.32630507e+02  2.00314637e+02  2.32630507e+02 -4.70820109e-01 
 2.51188643e+02  2.00314453e+02  2.51188643e+02 -5.08379394e-01 
 2.71227258e+02  2.00314239e+02  2.71227258e+02 -5.48934856e-01 
 2.92864456e+02  2.00313990e+02  2.92864456e+02 -5.92725485e-01 
 3.16227766e+02  2.00313699e+02  3.16227766e+02 -6.40009328e-01 
 3.41454887e+02  2.00313360e+02  3.41454887e+02 -6.91065007e-01 
 3.68694506e+02  2.00312964e+02  3.68694506e+02 -7.46193358e-01 
 3.98107171e+02  2.00312503e+02  3.98107171e+02 -8.05719200e-01 
 4.29866235e+02  2.00311966e+02  4.29866235e+02 -8.69993247e-01 
 4.64158883e+02  2.00311339e+02  4.64158883e+02 -9.39394162e-01 
 5.01187234e+02  2.00310608e+02  5.01187234e+02 -1.01433079e+00 
 5.41169527e+02  2.00309757e+02  5.41169527e+02 -1.09524453e+00 
 5.84341413e+02  2.00308763e+02  5.84341413e+02 -1.18261198e+00 
 6.30957344e+02  2.00307606e+02  6.30957344e+02 -1.27694767e+00 
 6.81292069e+02  2.00306256e+02  6.81292069e+02 -1.37880709e+00 
 7.35642254e+02  2.00304682e+02  7.35642254e+02 -1.48878995e+00 
 7.94328235e+02  2.00302847e+02  7.94328235e+02 -1.60754369e+00 
 8.57695899e+02  2.00300707e+02  8.57695899e+02 -1.73576721e+00 
 9.26118728e+02  2.00298213e+02  9.26118728e+02 -1.87421499e+00 
 1.00000000e+03  2.00295304e+02  1.00000000e+03 -2.02370143e+00 
 1.07977516e+03  2.00291914e+02  1.07977516e+03 -2.18510556e+00 
 1.16591440e+03  2.00287961e+02  1.16591440e+03 -2.35937617e+00 
 1.25892541e+03  2.00283352e+02  1.25892541e+03 -2.54753719e+00 
 1.35935639e+03  2.00277979e+02  1.35935639e+03 -2.75069361e+00 
 1.46779927e+03  2.00271715e+02  1.46779927e+03 -2.97003778e+00 
 1.58489319e+03  2.00264412e+02  1.58489319e+03 -3.20685614e+00 
 1.71132830e+03  2.00255898e+02  1.71132830e+03 -3.46253645e+00 
 1.84784980e+03  2.00245972e+02  1.84784980e+03 -3.73857563e+00 
 1.99526231e+03  2.00234401e+02  1.99526231e+03 -4.03658793e+00 
 2.15443469e+03  2.00220912e+02  2.15443469e+03 -4.35831388e+00 
 2.32630507e+03  2.00205187e+02  2.32630507e+03 -4.70562962e+00 
 2.51188643e+03  2.00186856e+02  2.51188643e+03 -5.08055695e+00 
 2.71227258e+03  2.00165487e+02  2.71227258e+03 -5.48527388e+00 
 2.92864456e+03  2.00140580e+02  2.92864456e+03 -5.92212578e+00 
 3.16227766e+03  2.00111547e+02  3.16227766e+03 -6.39363711e+00 
 3.41454887e+03  2.00077708e+02  3.41454887e+03 -6.90252361e+00 
 3.68694506e+03  2.00038270e+02  3.68694506e+03 -7.45170501e+00 
 3.98107171e+03  1.99992307e+02  3.98107171e+03 -8.04431799e+00 
 4.29866235e+03  1.99938746e+02  4.29866235e+03 -8.68372943e+00 
 4.64158883e+03  1.99876334e+02  4.64158883e+03 -9.37354962e+00 
 5.01187234e+03  1.99803616e+02  5.01187234e+03 -1.01176453e+01 
 5.41169527e+03  1.99718899e+02  5.41169527e+03 -1.09201519e+01 
 5.84341413e+03  1.99620218e+02  5.84341413e+03 -1.17854851e+01 
 6.30957344e+03  1.99505287e+02  6.30957344e+03 -1.27183503e+01 
 6.81292069e+03  1.99371455e+02  6.81292069e+03 -1.37237502e+01 
 7.35642254e+03  1.99215644e+02  7.35642254e+03 -1.48069884e+01 
 7.94328235e+03  1.99034289e+02  7.94328235e+03 -1.59736695e+01 
 8.57695899e+03  1.98823260e+02  8.57695899e+03 -1.72296918e+01 
 9.26118728e+03  1.98577783e+02  9.26118728e+03 -1.85812330e+01 
 1.00000000e+04  1.98292342e+02  1.00000000e+04 -2.00347259e+01 
 1.07977516e+04  1.97960577e+02  1.07977516e+04 -2.15968199e+01 
 1.16591440e+04  1.97575165e+02  1.16591440e+04 -2.32743270e+01 
 1.25892541e+04  1.97127697e+02  1.25892541e+04 -2.50741470e+01 
 1.35935639e+04  1.96608539e+02  1.35935639e+04 -2.70031672e+01 
 1.46779927e+04  1.96006687e+02  1.46779927e+04 -2.90681307e+01 
 1.58489319e+04  1.95309612e+02  1.58489319e+04 -3.12754678e+01 
 1.71132830e+04  1.94503114e+02  1.71132830e+04 -3.36310824e+01 
 1.84784980e+04  1.93571173e+02  1.84784980e+04 -3.61400859e+01 
 1.99526231e+04  1.92495818e+02  1.99526231e+04 -3.88064715e+01 
 2.15443469e+04  1.91257029e+02  2.15443469e+04 -4.16327205e+01 
 2.32630507e+04  1.89832681e+02  2.32630507e+04 -4.46193350e+01 
 2.51188643e+04  1.88198557e+02  2.51188643e+04 -4.77642937e+01 
 2.71227258e+04  1.86328464e+02  2.71227258e+04 -5.10624328e+01 
 2.92864456e+04  1.84194464e+02  2.92864456e+04 -5.45047579e+01 
 3.16227766e+04  1.81767283e+02  3.16227766e+04 -5.80777073e+01 
 3.41454887e+04  1.79016907e+02  3.41454887e+04 -6.17623958e+01 
 3.68694506e+04  1.75913430e+02  3.68694506e+04 -6.55338853e+01 
 3.98107171e+04  1.72428157e+02  3.98107171e+04 -6.93605486e+01 
 4.29866235e+04  1.68534986e+02  4.29866235e+04 -7.32036095e+01 
 4.64158883e+04  1.64212065e+02  4.64158883e+04 -7.70169596e+01 
 5.01187234e+04  1.59443659e+02  5.01187234e+04 -8.07473659e+01 
 5.41169527e+04  1.54222156e+02  5.41169527e+04 -8.43351761e+01 
 5.84341413e+04  1.48550052e+02  5.84341413e+04 -8.77156170e+01 
 6.30957344e+04  1.42441751e+02  6.30957344e+04 -9.08207337e+01 
 6.81292069e+04  1.35924933e+02  6.81292069e+04 -9.35819557e+01 
 7.35642254e+04  1.29041271e+02  7.35642254e+04 -9.59331918e+01 
 7.94328235e+04  1.21846291e+02  7.94328235e+04 -9.78142573e+01 
 8.57695899e+04  1.14408224e+02  8.57695899e+04 -9.91743526e+01 
 9.26118728e+04  1.06805828e+02  9.26118728e+04 -9.99752528e+01 
 1.00000000e+05  9.91252802e+01  1.00000000e+05 -1.00193854e+02 
 1.07977516e+05  9.14563689e+01  1.07977516e+05 -9.98237729e+01 
 1.16591440e+05  8.38883421e+01  1.16591440e+05 -9.88757964e+01 
 1.25892541e+05  7.65058043e+01  1.25892541e+05 -9.73771235e+01 
 1.35935639e+05  6.93850627e+01  1.35935639e+05 -9.53694974e+01 
 1.46779927e+05  6.25912390e+01  1.46779927e+05 -9.29064612e+01 
 1.58489319e+05  5.61763542e+01  1.58489319e+05 -9.00500592e+01 
 1.71132830e+05  5.01784496e+01  1.71132830e+05 -8.68673409e+01 
 1.84784980e+05  4.46216816e+01  1.84784980e+05 -8.34269955e+01 
 1.99526231e+05  3.95172307e+01  1.99526231e+05 -7.97963789e+01 
 2.15443469e+05  3.48648037e+01  2.15443469e+05 -7.60391030e+01 
 2.32630507e+05  3.06544992e+01  2.32630507e+05 -7.22132636e+01 
 2.51188643e+05  2.68688164e+01  2.51188643e+05 -6.83703020e+01 
 2.71227258e+05  2.34846355e+01  2.71227258e+05 -6.45544377e+01 
 2.92864456e+05  2.04750389e+01  2.92864456e+05 -6.08025728e+01 
 3.16227766e+05  1.78108970e+01  3.16227766e+05 -5.71445564e+01 
 3.41454887e+05  1.54621809e+01  3.41454887e+05 -5.36036996e+01 
 3.68694506e+05  1.33989984e+01  3.68694506e+05 -5.01974428e+01 
 3.98107171e+05  1.15923700e+01  3.98107171e+05 -4.69380974e+01 
 4.29866235e+05  1.00147770e+01  4.29866235e+05 -4.38336009e+01 
 4.64158883e+05  8.64051805e+00  4.64158883e+05 -4.08882432e+01 
 5.01187234e+05  7.44591063e+00  5.01187234e+05 -3.81033384e+01 
 5.41169527e+05  6.40937408e+00  5.41169527e+05 -3.54778249e+01 
 5.84341413e+05  5.51142397e+00  5.84341413e+05 -3.30087897e+01 
 6.30957344e+05  4.73460394e+00  6.30957344e+05 -3.06919164e+01 
 6.81292069e+05  4.06337599e+00  6.81292069e+05 -2.85218601e+01 
 7.35642254e+05  3.48398530e+00  7.35642254e+05 -2.64925579e+01 
 7.94328235e+05  2.98431201e+00  7.94328235e+05 -2.45974803e+01 
 8.57695899e+05  2.55371887e+00  8.57695899e+05 -2.28298320e+01 
 9.26118728e+05  2.18290112e+00  9.26118728e+05 -2.11827114e+01 
 1.00000000e+06  1.86374274e+00  1.00000000e+06 -1.96492324e+01 
 1.07977516e+06  1.58918177e+00  1.07977516e+06 -1.82226186e+01 
 1.16591440e+06  1.35308616e+00  1.16591440e+06 -1.68962715e+01 
 1.25892541e+06  1.15014076e+00  1.25892541e+06 -1.56638211e+01 
 1.35935639e+06  9.75745444e-01  1.35935639e+06 -1.45191593e+01 
 1.46779927e+06  8.25924078e-01  1.46779927e+06 -1.34564622e+01 
 1.58489319e+06  6.97243702e-01  1.58489319e+06 -1.24702023e+01 
 1.71132830e+06  5.86743124e-01  1.71132830e+06 -1.15551533e+01 
 1.84784980e+06  4.91870167e-01  1.84784980e+06 -1.07063894e+01 
 1.99526231e+06  4.10426706e-01  1.99526231e+06 -9.91928013e+00 
 2.15443469e+06  3.40520681e-01  2.15443469e+06 -9.18948277e+00 
 2.32630507e+06  2.80524313e-01  2.32630507e+06 -8.51293177e+00 
 2.51188643e+06  2.29037811e-01  2.51188643e+06 -7.88582724e+00 
 2.71227258e+06  1.84857889e-01  2.71227258e+06 -7.30462235e+00 
 2.92864456e+06  1.46950526e-01  2.92864456e+06 -6.76601022e+00 
 3.16227766e+06  1.14427400e-01  3.16227766e+06 -6.26691073e+00 
 3.41454887e+06  8.65255499e-02  3.41454887e+06 -5.80445728e+00 
 3.68694506e+06  6.25898266e-02  3.68694506e+06 -5.37598387e+00 
 3.98107171e+06  4.20577653e-02  3.98107171e+06 -4.97901255e+00 
 4.29866235e+06  2.44465593e-02  4.29866235e+06 -4.61124130e+00 
 4.64158883e+06  9.34184540e-03  4.64158883e+06 -4.27053250e+00 
 5.01187234e+06 -3.61194197e-03  5.01187234e+06 -3.95490184e+00 
 5.41169527e+06 -1.47198656e-02  5.41169527e+06 -3.66250799e+00 
 5.84341413e+06 -2.42436142e-02  5.84341413e+06 -3.39164266e+00 
 6.30957344e+06 -3.24076262e-02  6.30957344e+06 -3.14072138e+00 
 6.81292069e+06 -3.94043495e-02  6.81292069e+06 -2.90827479e+00 
 7.35642254e+06 -4.53987560e-02  7.35642254e+06 -2.69294048e+00 
 7.94328235e+06 -5.05322150e-02  7.94328235e+06 -2.49345537e+00 
 8.57695899e+06 -5.49258164e-02  8.57695899e+06 -2.30864858e+00 
 9.26118728e+06 -5.86832186e-02  9.26118728e+06 -2.13743479e+00 
 1.00000000e+07 -6.18930887e-02  1.00000000e+07 -1.97880808e+00 
 1.07977516e+07 -6.46311917e-02  1.07977516e+07 -1.83183611e+00 
 1.16591440e+07 -6.69621771e-02  1.16591440e+07 -1.69565482e+00 
 1.25892541e+07 -6.89411054e-02  1.25892541e+07 -1.56946343e+00 
 1.35935639e+07 -7.06147505e-02  1.35935639e+07 -1.45251979e+00 
 1.46779927e+07 -7.20227087e-02  1.46779927e+07 -1.34413616e+00 
 1.58489319e+07 -7.31983406e-02  1.58489319e+07 -1.24367516e+00 
 1.71132830e+07 -7.41695699e-02  1.71132830e+07 -1.15054614e+00 
 1.84784980e+07 -7.49595571e-02  1.84784980e+07 -1.06420173e+00 
 1.99526231e+07 -7.55872676e-02  1.99526231e+07 -9.84134742e-01 
 2.15443469e+07 -7.60679463e-02  2.15443469e+07 -9.09875207e-01 
 2.32630507e+07 -7.64135150e-02  2.32630507e+07 -8.40987728e-01 
 2.51188643e+07 -7.66329035e-02  2.51188643e+07 -7.77069011e-01 
 2.71227258e+07 -7.67323250e-02  2.71227258e+07 -7.17745608e-01 
 2.92864456e+07 -7.67155092e-02  2.92864456e+07 -6.62671849e-01 
 3.16227766e+07 -7.65839026e-02  3.16227766e+07 -6.11527969e-01 
 3.41454887e+07 -7.63368483e-02  3.41454887e+07 -5.64018405e-01 
 3.68694506e+07 -7.59717585e-02  3.68694506e+07 -5.19870262e-01 
 3.98107171e+07 -7.54842937e-02  3.98107171e+07 -4.78831935e-01 
 4.29866235e+07 -7.48685634e-02  4.29866235e+07 -4.40671884e-01 
 4.64158883e+07 -7.41173654e-02  4.64158883e+07 -4.05177536e-01 
 5.01187234e+07 -7.32224818e-02  5.01187234e+07 -3.72154304e-01 
 5.41169527e+07 -7.21750473e-02  5.41169527e+07 -3.41424705e-01 
 5.84341413e+07 -7.09660063e-02  5.84341413e+07 -3.12827538e-01 
 6.30957344e+07 -6.95866681e-02  6.30957344e+07 -2.86217087e-01 
 6.81292069e+07 -6.80293633e-02  6.81292069e+07 -2.61462318e-01 
 7.35642254e+07 -6.62881909e-02  7.35642254e+07 -2.38446008e-01 
 7.94328235e+07 -6.43598310e-02  7.94328235e+07 -2.17063764e-01 
 8.57695899e+07 -6.22443784e-02  8.57695899e+07 -1.97222881e-01 
 9.26118728e+07 -5.99461321e-02  9.26118728e+07 -1.78841014e-01 
 1.00000000e+08 -5.74742599e-02  1.00000000e+08 -1.61844638e-01 
 1.07977516e+08 -5.48432464e-02  1.07977516e+08 -1.46167328e-01 
 1.16591440e+08 -5.20730353e-02  1.16591440e+08 -1.31747904e-01 
 1.25892541e+08 -4.91887952e-02  1.25892541e+08 -1.18528536e-01 
 1.35935639e+08 -4.62202740e-02  1.35935639e+08 -1.06452934e-01 
 1.46779927e+08 -4.32007552e-02  1.46779927e+08 -9.54647539e-02 
 1.58489319e+08 -4.01656821e-02  1.58489319e+08 -8.55063575e-02 
 1.71132830e+08 -3.71510700e-02  1.71132830e+08 -7.65180240e-02 
 1.84784980e+08 -3.41918560e-02  1.84784980e+08 -6.84376623e-02 
 1.99526231e+08 -3.13203481e-02  1.99526231e+08 -6.12010180e-02 
 2.15443469e+08 -2.85649190e-02  2.15443469e+08 -5.47423029e-02 
 2.32630507e+08 -2.59490500e-02  2.32630507e+08 -4.89951346e-02 
 2.51188643e+08 -2.34907797e-02  2.51188643e+08 -4.38936454e-02 
 2.71227258e+08 -2.12025558e-02  2.71227258e+08 -3.93736221e-02 
 2.92864456e+08 -1.90914461e-02  2.92864456e+08 -3.53735548e-02 
 3.16227766e+08 -1.71596298e-02  3.16227766e+08 -3.18355087e-02 
 3.41454887e+08 -1.54050776e-02  3.41454887e+08 -2.87057687e-02 
 3.68694506e+08 -1.38223322e-02  3.68694506e+08 -2.59352409e-02 
 3.98107171e+08 -1.24033078e-02  3.98107171e+08 -2.34796273e-02 
 4.29866235e+08 -1.11380507e-02  4.29866235e+08 -2.12994027e-02 
 4.64158883e+08 -1.00154196e-02  4.64158883e+08 -1.93596384e-02 
 5.01187234e+08 -9.02366195e-03  5.01187234e+08 -1.76297149e-02 
 5.41169527e+08 -8.15088097e-03  5.41169527e+08 -1.60829649e-02 
 5.84341413e+08 -7.38539469e-03  5.84341413e+08 -1.46962808e-02 
 6.30957344e+08 -6.71599785e-03  6.30957344e+08 -1.34497137e-02 
 6.81292069e+08 -6.13214019e-03  6.81292069e+08 -1.23260842e-02 
 7.35642254e+08 -5.62403607e-03  7.35642254e+08 -1.13106164e-02 
 7.94328235e+08 -5.18271993e-03  7.94328235e+08 -1.03906051e-02 
 8.57695899e+08 -4.80006073e-03  8.57695899e+08 -9.55511677e-03 
 9.26118728e+08 -4.46874664e-03  9.26118728e+08 -8.79472851e-03 
 1.00000000e+09 -4.18224915e-03  1.00000000e+09 -8.10130010e-03 
 1.07977516e+09 -3.93477415e-03  1.07977516e+09 -7.46777912e-03 
 1.16591440e+09 -3.72120532e-03  1.16591440e+09 -6.88803478e-03 
 1.25892541e+09 -3.53704427e-03  1.25892541e+09 -6.35671735e-03 
 1.35935639e+09 -3.37835038e-03  1.35935639e+09 -5.86913980e-03 
 1.46779927e+09 -3.24168226e-03  1.46779927e+09 -5.42117856e-03 
 1.58489319e+09 -3.12404240e-03  1.58489319e+09 -5.00919044e-03 
 1.71132830e+09 -3.02282571e-03  1.71132830e+09 -4.62994315e-03 
 1.84784980e+09 -2.93577238e-03  1.84784980e+09 -4.28055730e-03 
 1.99526231e+09 -2.86092514e-03  1.99526231e+09 -3.95845791e-03 
 2.15443469e+09 -2.79659108e-03  2.15443469e+09 -3.66133376e-03 
 2.32630507e+09 -2.74130750e-03  2.32630507e+09 -3.38710336e-03 
 2.51188643e+09 -2.69381178e-03  2.51188643e+09 -3.13388618e-03 
 2.71227258e+09 -2.65301493e-03  2.71227258e+09 -2.89997844e-03 
 2.92864456e+09 -2.61797828e-03  2.92864456e+09 -2.68383251e-03 
 3.16227766e+09 -2.58789324e-03  3.16227766e+09 -2.48403934e-03 
 3.41454887e+09 -2.56206361e-03  3.41454887e+09 -2.29931336e-03 
 3.68694506e+09 -2.53989022e-03  3.68694506e+09 -2.12847951e-03 
 3.98107171e+09 -2.52085761e-03  3.98107171e+09 -1.97046199e-03 
 4.29866235e+09 -2.50452249e-03  4.29866235e+09 -1.82427442e-03 
 4.64158883e+09 -2.49050373e-03  4.64158883e+09 -1.68901124e-03 
 5.01187234e+09 -2.47847380e-03  5.01187234e+09 -1.56384018e-03 
 5.41169527e+09 -2.46815122e-03  5.41169527e+09 -1.44799553e-03 
 5.84341413e+09 -2.45929420e-03  5.84341413e+09 -1.34077224e-03 
 6.30957344e+09 -2.45169505e-03  6.30957344e+09 -1.24152059e-03 
 6.81292069e+09 -2.44517541e-03  6.81292069e+09 -1.14964143e-03 
 7.35642254e+09 -2.43958216e-03  7.35642254e+09 -1.06458198e-03 
 7.94328235e+09 -2.43478383e-03  7.94328235e+09 -9.85831943e-04 
 8.57695899e+09 -2.43066755e-03  8.57695899e+09 -9.12920024e-04 
 9.26118728e+09 -2.42713648e-03  9.26118728e+09 -8.45410810e-04 
 1.00000000e+10 -2.42410747e-03  1.00000000e+10 -7.82901888e-04 
