 1.00000000e+00  2.85090710e+02  1.00000000e+00 -3.97278702e-03 
 1.07977516e+00  2.85090710e+02  1.07977516e+00 -4.28971674e-03 
 1.16591440e+00  2.85090710e+02  1.16591440e+00 -4.63192959e-03 
 1.25892541e+00  2.85090710e+02  1.25892541e+00 -5.00144253e-03 
 1.35935639e+00  2.85090710e+02  1.35935639e+00 -5.40043342e-03 
 1.46779927e+00  2.85090710e+02  1.46779927e+00 -5.83125387e-03 
 1.58489319e+00  2.85090710e+02  1.58489319e+00 -6.29644309e-03 
 1.71132830e+00  2.85090710e+02  1.71132830e+00 -6.79874286e-03 
 1.84784980e+00  2.85090710e+02  1.84784980e+00 -7.34111368e-03 
 1.99526231e+00  2.85090710e+02  1.99526231e+00 -7.92675221e-03 
 2.15443469e+00  2.85090710e+02  2.15443469e+00 -8.55911016e-03 
 2.32630507e+00  2.85090710e+02  2.32630507e+00 -9.24191456e-03 
 2.51188643e+00  2.85090710e+02  2.51188643e+00 -9.97918979e-03 
 2.71227258e+00  2.85090710e+02  2.71227258e+00 -1.07752813e-02 
 2.92864456e+00  2.85090710e+02  2.92864456e+00 -1.16348811e-02 
 3.16227766e+00  2.85090710e+02  3.16227766e+00 -1.25630556e-02 
 3.41454887e+00  2.85090710e+02  3.41454887e+00 -1.35652754e-02 
 3.68694506e+00  2.85090710e+02  3.68694506e+00 -1.46474474e-02 
 3.98107171e+00  2.85090710e+02  3.98107171e+00 -1.58159499e-02 
 4.29866235e+00  2.85090709e+02  4.29866235e+00 -1.70776699e-02 
 4.64158883e+00  2.85090709e+02  4.64158883e+00 -1.84400438e-02 
 5.01187234e+00  2.85090709e+02  5.01187234e+00 -1.99111012e-02 
 5.41169527e+00  2.85090709e+02  5.41169527e+00 -2.14995126e-02 
 5.84341413e+00  2.85090709e+02  5.84341413e+00 -2.32146396e-02 
 6.30957344e+00  2.85090708e+02  6.30957344e+00 -2.50665913e-02 
 6.81292069e+00  2.85090708e+02  6.81292069e+00 -2.70662826e-02 
 7.35642254e+00  2.85090707e+02  7.35642254e+00 -2.92254997e-02 
 7.94328235e+00  2.85090707e+02  7.94328235e+00 -3.15569686e-02 
 8.57695899e+00  2.85090706e+02  8.57695899e+00 -3.40744308e-02 
 9.26118728e+00  2.85090706e+02  9.26118728e+00 -3.67927240e-02 
 1.00000000e+01  2.85090705e+02  1.00000000e+01 -3.97278694e-02 
 1.07977516e+01  2.85090704e+02  1.07977516e+01 -4.28971665e-02 
 1.16591440e+01  2.85090703e+02  1.16591440e+01 -4.63192947e-02 
 1.25892541e+01  2.85090702e+02  1.25892541e+01 -5.00144238e-02 
 1.35935639e+01  2.85090700e+02  1.35935639e+01 -5.40043323e-02 
 1.46779927e+01  2.85090698e+02  1.46779927e+01 -5.83125363e-02 
 1.58489319e+01  2.85090697e+02  1.58489319e+01 -6.29644279e-02 
 1.71132830e+01  2.85090694e+02  1.71132830e+01 -6.79874248e-02 
 1.84784980e+01  2.85090692e+02  1.84784980e+01 -7.34111320e-02 
 1.99526231e+01  2.85090688e+02  1.99526231e+01 -7.92675161e-02 
 2.15443469e+01  2.85090685e+02  2.15443469e+01 -8.55910939e-02 
 2.32630507e+01  2.85090680e+02  2.32630507e+01 -9.24191360e-02 
 2.51188643e+01  2.85090675e+02  2.51188643e+01 -9.97918858e-02 
 2.71227258e+01  2.85090670e+02  2.71227258e+01 -1.07752797e-01 
 2.92864456e+01  2.85090663e+02  2.92864456e+01 -1.16348792e-01 
 3.16227766e+01  2.85090655e+02  3.16227766e+01 -1.25630532e-01 
 3.41454887e+01  2.85090646e+02  3.41454887e+01 -1.35652724e-01 
 3.68694506e+01  2.85090635e+02  3.68694506e+01 -1.46474436e-01 
 3.98107171e+01  2.85090623e+02  3.98107171e+01 -1.58159451e-01 
 4.29866235e+01  2.85090608e+02  4.29866235e+01 -1.70776638e-01 
 4.64158883e+01  2.85090591e+02  4.64158883e+01 -1.84400361e-01 
 5.01187234e+01  2.85090571e+02  5.01187234e+01 -1.99110916e-01 
 5.41169527e+01  2.85090548e+02  5.41169527e+01 -2.14995005e-01 
 5.84341413e+01  2.85090521e+02  5.84341413e+01 -2.32146244e-01 
 6.30957344e+01  2.85090490e+02  6.30957344e+01 -2.50665721e-01 
 6.81292069e+01  2.85090454e+02  6.81292069e+01 -2.70662585e-01 
 7.35642254e+01  2.85090411e+02  7.35642254e+01 -2.92254693e-01 
 7.94328235e+01  2.85090361e+02  7.94328235e+01 -3.15569303e-01 
 8.57695899e+01  2.85090303e+02  8.57695899e+01 -3.40743827e-01 
 9.26118728e+01  2.85090236e+02  9.26118728e+01 -3.67926634e-01 
 1.00000000e+02  2.85090157e+02  1.00000000e+02 -3.97277931e-01 
 1.07977516e+02  2.85090065e+02  1.07977516e+02 -4.28970704e-01 
 1.16591440e+02  2.85089958e+02  1.16591440e+02 -4.63191738e-01 
 1.25892541e+02  2.85089833e+02  1.25892541e+02 -5.00142715e-01 
 1.35935639e+02  2.85089688e+02  1.35935639e+02 -5.40041406e-01 
 1.46779927e+02  2.85089518e+02  1.46779927e+02 -5.83122950e-01 
 1.58489319e+02  2.85089320e+02  1.58489319e+02 -6.29641241e-01 
 1.71132830e+02  2.85089090e+02  1.71132830e+02 -6.79870423e-01 
 1.84784980e+02  2.85088821e+02  1.84784980e+02 -7.34106505e-01 
 1.99526231e+02  2.85088507e+02  1.99526231e+02 -7.92669099e-01 
 2.15443469e+02  2.85088142e+02  2.15443469e+02 -8.55903308e-01 
 2.32630507e+02  2.85087716e+02  2.32630507e+02 -9.24181752e-01 
 2.51188643e+02  2.85087219e+02  2.51188643e+02 -9.97906763e-01 
 2.71227258e+02  2.85086639e+02  2.71227258e+02 -1.07751275e+00 
 2.92864456e+02  2.85085964e+02  2.92864456e+02 -1.16346875e+00 
 3.16227766e+02  2.85085177e+02  3.16227766e+02 -1.25628119e+00 
 3.41454887e+02  2.85084258e+02  3.41454887e+02 -1.35649686e+00 
 3.68694506e+02  2.85083188e+02  3.68694506e+02 -1.46470611e+00 
 3.98107171e+02  2.85081940e+02  3.98107171e+02 -1.58154636e+00 
 4.29866235e+02  2.85080485e+02  4.29866235e+02 -1.70770577e+00 
 4.64158883e+02  2.85078788e+02  4.64158883e+02 -1.84392730e+00 
 5.01187234e+02  2.85076810e+02  5.01187234e+02 -1.99101309e+00 
 5.41169527e+02  2.85074504e+02  5.41169527e+02 -2.14982910e+00 
 5.84341413e+02  2.85071816e+02  5.84341413e+02 -2.32131018e+00 
 6.30957344e+02  2.85068681e+02  6.30957344e+02 -2.50646553e+00 
 6.81292069e+02  2.85065026e+02  6.81292069e+02 -2.70638454e+00 
 7.35642254e+02  2.85060766e+02  7.35642254e+02 -2.92224315e+00 
 7.94328235e+02  2.85055798e+02  7.94328235e+02 -3.15531060e+00 
 8.57695899e+02  2.85050006e+02  8.57695899e+02 -3.40695682e+00 
 9.26118728e+02  2.85043254e+02  9.26118728e+02 -3.67866025e+00 
 1.00000000e+03  2.85035382e+02  1.00000000e+03 -3.97201631e+00 
 1.07977516e+03  2.85026204e+02  1.07977516e+03 -4.28874652e+00 
 1.16591440e+03  2.85015504e+02  1.16591440e+03 -4.63070820e+00 
 1.25892541e+03  2.85003030e+02  1.25892541e+03 -4.99990495e+00 
 1.35935639e+03  2.84988488e+02  1.35935639e+03 -5.39849782e+00 
 1.46779927e+03  2.84971535e+02  1.46779927e+03 -5.82881724e+00 
 1.58489319e+03  2.84951772e+02  1.58489319e+03 -6.29337577e+00 
 1.71132830e+03  2.84928733e+02  1.71132830e+03 -6.79488164e+00 
 1.84784980e+03  2.84901877e+02  1.84784980e+03 -7.33625314e+00 
 1.99526231e+03  2.84870571e+02  1.99526231e+03 -7.92063383e+00 
 2.15443469e+03  2.84834079e+02  2.15443469e+03 -8.55140856e+00 
 2.32630507e+03  2.84791545e+02  2.32630507e+03 -9.23222026e+00 
 2.51188643e+03  2.84741970e+02  2.51188643e+03 -9.96698752e+00 
 2.71227258e+03  2.84684191e+02  2.71227258e+03 -1.07599226e+01 
 2.92864456e+03  2.84616856e+02  2.92864456e+03 -1.16155503e+01 
 3.16227766e+03  2.84538389e+02  3.16227766e+03 -1.25387263e+01 
 3.41454887e+03  2.84446958e+02  3.41454887e+03 -1.35346564e+01 
 3.68694506e+03  2.84340431e+02  3.68694506e+03 -1.46089149e+01 
 3.98107171e+03  2.84216330e+02  3.98107171e+03 -1.57674615e+01 
 4.29866235e+03  2.84071776e+02  4.29866235e+03 -1.70166576e+01 
 4.64158883e+03  2.83903424e+02  4.64158883e+03 -1.83632793e+01 
 5.01187234e+03  2.83707391e+02  5.01187234e+03 -1.98145272e+01 
 5.41169527e+03  2.83479176e+02  5.41169527e+03 -2.13780308e+01 
 5.84341413e+03  2.83213559e+02  5.84341413e+03 -2.30618464e+01 
 6.30957344e+03  2.82904500e+02  6.30957344e+03 -2.48744458e+01 
 6.81292069e+03  2.82545013e+02  6.81292069e+03 -2.68246931e+01 
 7.35642254e+03  2.82127035e+02  7.35642254e+03 -2.89218062e+01 
 7.94328235e+03  2.81641265e+02  7.94328235e+03 -3.11752992e+01 
 8.57695899e+03  2.81077007e+02  8.57695899e+03 -3.35948998e+01 
 9.26118728e+03  2.80421977e+02  9.26118728e+03 -3.61904365e+01 
 1.00000000e+04  2.79662111e+02  1.00000000e+04 -3.89716882e+01 
 1.07977516e+04  2.78781353e+02  1.07977516e+04 -4.19481876e+01 
 1.16591440e+04  2.77761441e+02  1.16591440e+04 -4.51289701e+01 
 1.25892541e+04  2.76581690e+02  1.25892541e+04 -4.85222560e+01 
 1.35935639e+04  2.75218787e+02  1.35935639e+04 -5.21350573e+01 
 1.46779927e+04  2.73646614e+02  1.46779927e+04 -5.59726960e+01 
 1.58489319e+04  2.71836116e+02  1.58489319e+04 -6.00382246e+01 
 1.71132830e+04  2.69755235e+02  1.71132830e+04 -6.43317410e+01 
 1.84784980e+04  2.67368959e+02  1.84784980e+04 -6.88495933e+01 
 1.99526231e+04  2.64639505e+02  1.99526231e+04 -7.35834783e+01 
 2.15443469e+04  2.61526702e+02  2.15443469e+04 -7.85194475e+01 
 2.32630507e+04  2.57988611e+02  2.32630507e+04 -8.36368489e+01 
 2.51188643e+04  2.53982445e+02  2.51188643e+04 -8.89072522e+01 
 2.71227258e+04  2.49465834e+02  2.71227258e+04 -9.42934281e+01 
 2.92864456e+04  2.44398473e+02  2.92864456e+04 -9.97484803e+01 
 3.16227766e+04  2.38744170e+02  3.16227766e+04 -1.05215253e+02 
 3.41454887e+04  2.32473258e+02  3.41454887e+04 -1.10626166e+02 
 3.68694506e+04  2.25565311e+02  3.68694506e+04 -1.15903627e+02 
 3.98107171e+04  2.18012003e+02  3.98107171e+04 -1.20961192e+02 
 4.29866235e+04  2.09819912e+02  4.29866235e+04 -1.25705579e+02 
 4.64158883e+04  2.01012987e+02  4.64158883e+04 -1.30039604e+02 
 5.01187234e+04  1.91634343e+02  5.01187234e+04 -1.33865989e+02 
 5.41169527e+04  1.81747078e+02  5.41169527e+04 -1.37091880e+02 
 5.84341413e+04  1.71433808e+02  5.84341413e+04 -1.39633777e+02 
 6.30957344e+04  1.60794754e+02  6.30957344e+04 -1.41422440e+02 
 6.81292069e+04  1.49944378e+02  6.81292069e+04 -1.42407298e+02 
 7.35642254e+04  1.39006735e+02  7.35642254e+04 -1.42559843e+02 
 7.94328235e+04  1.28109928e+02  7.94328235e+04 -1.41875619e+02 
 8.57695899e+04  1.17380158e+02  8.57695899e+04 -1.40374531e+02 
 9.26118728e+04  1.06935971e+02  9.26118728e+04 -1.38099451e+02 
 1.00000000e+05  9.68832310e+01  1.00000000e+05 -1.35113297e+02 
 1.07977516e+05  8.73112553e+01  1.07977516e+05 -1.31494935e+02 
 1.16591440e+05  7.82903671e+01  1.16591440e+05 -1.27334396e+02 
 1.25892541e+05  6.98709182e+01  1.25892541e+05 -1.22727902e+02 
 1.35935639e+05  6.20836645e+01  1.35935639e+05 -1.17773154e+02 
 1.46779927e+05  5.49412438e+01  1.46779927e+05 -1.12565240e+02 
 1.58489319e+05  4.84404382e+01  1.58489319e+05 -1.07193373e+02 
 1.71132830e+05  4.25648882e+01  1.71132830e+05 -1.01738541e+02 
 1.84784980e+05  3.72879626e+01  1.84784980e+05 -9.62720481e+01 
 1.99526231e+05  3.25755449e+01  1.99526231e+05 -9.08548509e+01 
 2.15443469e+05  2.83885687e+01  2.15443469e+05 -8.55375267e+01 
 2.32630507e+05  2.46852037e+01  2.32630507e+05 -8.03607318e+01 
 2.51188643e+05  2.14226484e+01  2.51188643e+05 -7.53559839e+01 
 2.71227258e+05  1.85585318e+01  2.71227258e+05 -7.05466405e+01 
 2.92864456e+05  1.60519530e+01  2.92864456e+05 -6.59489635e+01 
 3.16227766e+05  1.38642057e+01  3.16227766e+05 -6.15731898e+01 
 3.41454887e+05  1.19592390e+01  3.41454887e+05 -5.74245533e+01 
 3.68694506e+05  1.03039096e+01  3.68694506e+05 -5.35042220e+01 
 3.98107171e+05  8.86807209e+00  3.98107171e+05 -4.98101327e+01 
 4.29866235e+05  7.62455213e+00  4.29866235e+05 -4.63377161e+01 
 4.64158883e+05  6.54903586e+00  4.64158883e+05 -4.30805141e+01 
 5.01187234e+05  5.61990538e+00  5.01187234e+05 -4.00306957e+01 
 5.41169527e+05  4.81804165e+00  5.41169527e+05 -3.71794813e+01 
 5.84341413e+05  4.12661164e+00  5.84341413e+05 -3.45174865e+01 
 6.30957344e+05  3.53085146e+00  6.30957344e+05 -3.20349962e+01 
 6.81292069e+05  3.01785407e+00  6.81292069e+05 -2.97221802e+01 
 7.35642254e+05  2.57636687e+00  7.35642254e+05 -2.75692589e+01 
 7.94328235e+05  2.19660282e+00  7.94328235e+05 -2.55666294e+01 
 8.57695899e+05  1.87006663e+00  8.57695899e+05 -2.37049577e+01 
 9.26118728e+05  1.58939697e+00  9.26118728e+05 -2.19752454e+01 
 1.00000000e+06  1.34822449e+00  1.00000000e+06 -2.03688742e+01 
 1.07977516e+06  1.14104503e+00  1.07977516e+06 -1.88776346e+01 
 1.16591440e+06  9.63107248e-01  1.16591440e+06 -1.74937406e+01 
 1.25892541e+06  8.10313425e-01  1.25892541e+06 -1.62098355e+01 
 1.35935639e+06  6.79132324e-01  1.35935639e+06 -1.50189892e+01 
 1.46779927e+06  5.66522944e-01  1.46779927e+06 -1.39146904e+01 
 1.58489319e+06  4.69867976e-01  1.58489319e+06 -1.28908342e+01 
 1.71132830e+06  3.86915893e-01  1.71132830e+06 -1.19417077e+01 
 1.84784980e+06  3.15730655e-01  1.84784980e+06 -1.10619724e+01 
 1.99526231e+06  2.54648116e-01  1.99526231e+06 -1.02466468e+01 
 2.15443469e+06  2.02238290e-01  2.15443469e+06 -9.49108716e+00 
 2.32630507e+06  1.57272743e-01  2.32630507e+06 -8.79096887e+00 
 2.51188643e+06  1.18696432e-01  2.51188643e+06 -8.14226781e+00 
 2.71227258e+06  8.56034225e-02  2.71227258e+06 -7.54124189e+00 
 2.92864456e+06  5.72159584e-02  2.92864456e+06 -6.98441334e+00 
 3.16227766e+06  3.28664371e-02  3.16227766e+06 -6.46855165e+00 
 3.41454887e+06  1.19818971e-02  3.41454887e+06 -5.99065719e+00 
 3.68694506e+06 -5.92932644e-03  3.68694506e+06 -5.54794577e+00 
 3.98107171e+06 -2.12890746e-02  3.98107171e+06 -5.13783388e+00 
 4.29866235e+06 -3.44592258e-02  4.29866235e+06 -4.75792488e+00 
 4.64158883e+06 -4.57501660e-02  4.64158883e+06 -4.40599595e+00 
 5.01187234e+06 -5.54280641e-02  5.01187234e+06 -4.07998583e+00 
 5.41169527e+06 -6.37211167e-02  5.41169527e+06 -3.77798340e+00 
 5.84341413e+06 -7.08249074e-02  5.84341413e+06 -3.49821694e+00 
 6.30957344e+06 -7.69070039e-02  6.30957344e+06 -3.23904414e+00 
 6.81292069e+06 -8.21108993e-02  6.81292069e+06 -2.99894277e+00 
 7.35642254e+06 -8.65593902e-02  7.35642254e+06 -2.77650198e+00 
 7.94328235e+06 -9.03574695e-02  7.94328235e+06 -2.57041420e+00 
 8.57695899e+06 -9.35948013e-02  8.57695899e+06 -2.37946766e+00 
 9.26118728e+06 -9.63478370e-02  9.26118728e+06 -2.20253938e+00 
 1.00000000e+07 -9.86816221e-02  1.00000000e+07 -2.03858865e+00 
 1.07977516e+07 -1.00651336e-01  1.07977516e+07 -1.88665106e+00 
 1.16591440e+07 -1.02303602e-01  1.16591440e+07 -1.74583287e+00 
 1.25892541e+07 -1.03677597e-01  1.25892541e+07 -1.61530585e+00 
 1.35935639e+07 -1.04805995e-01  1.35935639e+07 -1.49430250e+00 
 1.46779927e+07 -1.05715758e-01  1.46779927e+07 -1.38211160e+00 
 1.58489319e+07 -1.06428800e-01  1.58489319e+07 -1.27807413e+00 
 1.71132830e+07 -1.06962541e-01  1.71132830e+07 -1.18157946e+00 
 1.84784980e+07 -1.07330376e-01  1.84784980e+07 -1.09206190e+00 
 1.99526231e+07 -1.07542052e-01  1.99526231e+07 -1.00899751e+00 
 2.15443469e+07 -1.07603993e-01  2.15443469e+07 -9.31901136e-01 
 2.32630507e+07 -1.07519566e-01  2.32630507e+07 -8.60323760e-01 
 2.51188643e+07 -1.07289317e-01  2.51188643e+07 -7.93850064e-01 
 2.71227258e+07 -1.06911184e-01  2.71227258e+07 -7.32096223e-01 
 2.92864456e+07 -1.06380704e-01  2.92864456e+07 -6.74707925e-01 
 3.16227766e+07 -1.05691238e-01  3.16227766e+07 -6.21358590e-01 
 3.41454887e+07 -1.04834227e-01  3.41454887e+07 -5.71747786e-01 
 3.68694506e+07 -1.03799508e-01  3.68694506e+07 -5.25599815e-01 
 3.98107171e+07 -1.02575702e-01  3.98107171e+07 -4.82662447e-01 
 4.29866235e+07 -1.01150713e-01  4.29866235e+07 -4.42705774e-01 
 4.64158883e+07 -9.95123418e-02  4.64158883e+07 -4.05521136e-01 
 5.01187234e+07 -9.76490281e-02  5.01187234e+07 -3.70920089e-01 
 5.41169527e+07 -9.55507346e-02  5.41169527e+07 -3.38733329e-01 
 5.84341413e+07 -9.32099423e-02  5.84341413e+07 -3.08809535e-01 
 6.30957344e+07 -9.06227268e-02  6.30957344e+07 -2.81014049e-01 
 6.81292069e+07 -8.77898525e-02  6.81292069e+07 -2.55227341e-01 
 7.35642254e+07 -8.47177935e-02  7.35642254e+07 -2.31343215e-01 
 7.94328235e+07 -8.14195730e-02  7.94328235e+07 -2.09266744e-01 
 8.57695899e+07 -7.79152982e-02  8.57695899e+07 -1.88911972e-01 
 9.26118728e+07 -7.42322767e-02  9.26118728e+07 -1.70199450e-01 
 1.00000000e+08 -7.04046256e-02  1.00000000e+08 -1.53053748e-01 
 1.07977516e+08 -6.64723369e-02  1.07977516e+08 -1.37401095e-01 
 1.16591440e+08 -6.24798247e-02  1.16591440e+08 -1.23167346e-01 
 1.25892541e+08 -5.84740568e-02  1.25892541e+08 -1.10276422e-01 
 1.35935639e+08 -5.45024326e-02  1.35935639e+08 -9.86493769e-02 
 1.46779927e+08 -5.06106108e-02  1.46779927e+08 -8.82041159e-02 
 1.58489319e+08 -4.68405015e-02  1.58489319e+08 -7.88557639e-02 
 1.71132830e+08 -4.32286034e-02  1.71132830e+08 -7.05175704e-02 
 1.84784980e+08 -3.98048211e-02  1.84784980e+08 -6.31021966e-02 
 1.99526231e+08 -3.65918184e-02  1.99526231e+08 -5.65231974e-02 
 2.15443469e+08 -3.36049014e-02  2.15443469e+08 -5.06965177e-02 
 2.32630507e+08 -3.08523587e-02  2.32630507e+08 -4.55418488e-02 
 2.51188643e+08 -2.83361566e-02  2.51188643e+08 -4.09837368e-02 
 2.71227258e+08 -2.60528645e-02  2.71227258e+08 -3.69523850e-02 
 2.92864456e+08 -2.39946948e-02  2.92864456e+08 -3.33841376e-02 
 3.16227766e+08 -2.21505555e-02  3.16227766e+08 -3.02216665e-02 
 3.41454887e+08 -2.05070405e-02  3.41454887e+08 -2.74139062e-02 
 3.68694506e+08 -1.90493074e-02  3.68694506e+08 -2.49157947e-02 
 3.98107171e+08 -1.77618163e-02  3.98107171e+08 -2.26878762e-02 
 4.29866235e+08 -1.66289225e-02  4.29866235e+08 -2.06958190e-02 
 4.64158883e+08 -1.56353282e-02  4.64158883e+08 -1.89098939e-02 
 5.01187234e+08 -1.47664083e-02  5.01187234e+08 -1.73044456e-02 
 5.41169527e+08 -1.40084288e-02  5.41169527e+08 -1.58573829e-02 
 5.84341413e+08 -1.33486771e-02  5.84341413e+08 -1.45497033e-02 
 6.30957344e+08 -1.27755242e-02  6.30957344e+08 -1.33650612e-02 
 6.81292069e+08 -1.22784354e-02  6.81292069e+08 -1.22893834e-02 
 7.35642254e+08 -1.18479445e-02  7.35642254e+08 -1.13105329e-02 
 7.94328235e+08 -1.14756027e-02  7.94328235e+08 -1.04180176e-02 
 8.57695899e+08 -1.11539122e-02  8.57695899e+08 -9.60274111e-03 
 9.26118728e+08 -1.08762509e-02  9.26118728e+08 -8.85679042e-03 
 1.00000000e+09 -1.06367942e-02  1.00000000e+09 -8.17325713e-03 
 1.07977516e+09 -1.04304366e-02  1.07977516e+09 -7.54608635e-03 
 1.16591440e+09 -1.02527164e-02  1.16591440e+09 -6.96995010e-03 
 1.25892541e+09 -1.00997442e-02  1.25892541e+09 -6.44014105e-03 
 1.35935639e+09 -9.96813738e-03  1.35935639e+09 -5.95248359e-03 
 1.46779927e+09 -9.85495916e-03  1.46779927e+09 -5.50325924e-03 
 1.58489319e+09 -9.75766439e-03  1.58489319e+09 -5.08914417e-03 
 1.71132830e+09 -9.67405029e-03  1.71132830e+09 -4.70715665e-03 
 1.84784980e+09 -9.60221279e-03  1.84784980e+09 -4.35461285e-03 
 1.99526231e+09 -9.54050775e-03  1.99526231e+09 -4.02908953e-03 
 2.15443469e+09 -9.48751682e-03  2.15443469e+09 -3.72839238e-03 
 2.32630507e+09 -9.44201738e-03  2.32630507e+09 -3.45052925e-03 
 2.51188643e+09 -9.40295624e-03  2.51188643e+09 -3.19368711e-03 
 2.71227258e+09 -9.36942677e-03  2.71227258e+09 -2.95621248e-03 
 2.92864456e+09 -9.34064883e-03  2.92864456e+09 -2.73659443e-03 
 3.16227766e+09 -9.31595147e-03  3.16227766e+09 -2.53344997e-03 
 3.41454887e+09 -9.29475785e-03  3.41454887e+09 -2.34551126e-03 
 3.68694506e+09 -9.27657222e-03  3.68694506e+09 -2.17161450e-03 
 3.98107171e+09 -9.26096861e-03  3.98107171e+09 -2.01069013e-03 
 4.29866235e+09 -9.24758115e-03  4.29866235e+09 -1.86175416e-03 
 4.64158883e+09 -9.23609559e-03  4.64158883e+09 -1.72390055e-03 
 5.01187234e+09 -9.22624214e-03  5.01187234e+09 -1.59629436e-03 
 5.41169527e+09 -9.21778914e-03  5.41169527e+09 -1.47816564e-03 
 5.84341413e+09 -9.21053778e-03  5.84341413e+09 -1.36880397e-03 
 6.30957344e+09 -9.20431737e-03  6.30957344e+09 -1.26755350e-03 
 6.81292069e+09 -9.19898147e-03  6.81292069e+09 -1.17380851e-03 
 7.35642254e+09 -9.19440438e-03  7.35642254e+09 -1.08700937e-03 
 7.94328235e+09 -9.19047826e-03  7.94328235e+09 -1.00663881e-03 
 8.57695899e+09 -9.18711057e-03  8.57695899e+09 -9.32218662e-04 
 9.26118728e+09 -9.18422191e-03  9.26118728e+09 -8.63306716e-04 
 1.00000000e+10 -9.18174417e-03  1.00000000e+10 -7.99493977e-04 
