 1.00000000e+00  2.85710000e+02  1.00000000e+00 -2.74643014e-03 
 1.07977516e+00  2.85710000e+02  1.07977516e+00 -2.96552705e-03 
 1.16591440e+00  2.85710000e+02  1.16591440e+00 -3.20210245e-03 
 1.25892541e+00  2.85710000e+02  1.25892541e+00 -3.45755070e-03 
 1.35935639e+00  2.85710000e+02  1.35935639e+00 -3.73337736e-03 
 1.46779927e+00  2.85710000e+02  1.46779927e+00 -4.03120815e-03 
 1.58489319e+00  2.85710000e+02  1.58489319e+00 -4.35279843e-03 
 1.71132830e+00  2.85710000e+02  1.71132830e+00 -4.70004363e-03 
 1.84784980e+00  2.85710000e+02  1.84784980e+00 -5.07499038e-03 
 1.99526231e+00  2.85710000e+02  1.99526231e+00 -5.47984856e-03 
 2.15443469e+00  2.85710000e+02  2.15443469e+00 -5.91700437e-03 
 2.32630507e+00  2.85710000e+02  2.32630507e+00 -6.38903435e-03 
 2.51188643e+00  2.85710000e+02  2.51188643e+00 -6.89872060e-03 
 2.71227258e+00  2.85710000e+02  2.71227258e+00 -7.44906716e-03 
 2.92864456e+00  2.85710000e+02  2.92864456e+00 -8.04331770e-03 
 3.16227766e+00  2.85710000e+02  3.16227766e+00 -8.68497467e-03 
 3.41454887e+00  2.85710000e+02  3.41454887e+00 -9.37781993e-03 
 3.68694506e+00  2.85710000e+02  3.68694506e+00 -1.01259370e-02 
 3.98107171e+00  2.85710000e+02  3.98107171e+00 -1.09337353e-02 
 4.29866235e+00  2.85710000e+02  4.29866235e+00 -1.18059758e-02 
 4.64158883e+00  2.85710000e+02  4.64158883e+00 -1.27477994e-02 
 5.01187234e+00  2.85710000e+02  5.01187234e+00 -1.37647572e-02 
 5.41169527e+00  2.85710000e+02  5.41169527e+00 -1.48628430e-02 
 5.84341413e+00  2.85709999e+02  5.84341413e+00 -1.60485287e-02 
 6.30957344e+00  2.85709999e+02  6.30957344e+00 -1.73288026e-02 
 6.81292069e+00  2.85709999e+02  6.81292069e+00 -1.87112107e-02 
 7.35642254e+00  2.85709999e+02  7.35642254e+00 -2.02039005e-02 
 7.94328235e+00  2.85709999e+02  7.94328235e+00 -2.18156699e-02 
 8.57695899e+00  2.85709998e+02  8.57695899e+00 -2.35560185e-02 
 9.26118728e+00  2.85709998e+02  9.26118728e+00 -2.54352037e-02 
 1.00000000e+01  2.85709998e+02  1.00000000e+01 -2.74643012e-02 
 1.07977516e+01  2.85709997e+02  1.07977516e+01 -2.96552702e-02 
 1.16591440e+01  2.85709997e+02  1.16591440e+01 -3.20210241e-02 
 1.25892541e+01  2.85709996e+02  1.25892541e+01 -3.45755065e-02 
 1.35935639e+01  2.85709995e+02  1.35935639e+01 -3.73337730e-02 
 1.46779927e+01  2.85709995e+02  1.46779927e+01 -4.03120807e-02 
 1.58489319e+01  2.85709994e+02  1.58489319e+01 -4.35279833e-02 
 1.71132830e+01  2.85709993e+02  1.71132830e+01 -4.70004351e-02 
 1.84784980e+01  2.85709991e+02  1.84784980e+01 -5.07499022e-02 
 1.99526231e+01  2.85709990e+02  1.99526231e+01 -5.47984836e-02 
 2.15443469e+01  2.85709988e+02  2.15443469e+01 -5.91700412e-02 
 2.32630507e+01  2.85709986e+02  2.32630507e+01 -6.38903403e-02 
 2.51188643e+01  2.85709984e+02  2.51188643e+01 -6.89872020e-02 
 2.71227258e+01  2.85709981e+02  2.71227258e+01 -7.44906666e-02 
 2.92864456e+01  2.85709978e+02  2.92864456e+01 -8.04331707e-02 
 3.16227766e+01  2.85709974e+02  3.16227766e+01 -8.68497388e-02 
 3.41454887e+01  2.85709970e+02  3.41454887e+01 -9.37781894e-02 
 3.68694506e+01  2.85709964e+02  3.68694506e+01 -1.01259358e-01 
 3.98107171e+01  2.85709959e+02  3.98107171e+01 -1.09337337e-01 
 4.29866235e+01  2.85709952e+02  4.29866235e+01 -1.18059738e-01 
 4.64158883e+01  2.85709943e+02  4.64158883e+01 -1.27477969e-01 
 5.01187234e+01  2.85709934e+02  5.01187234e+01 -1.37647541e-01 
 5.41169527e+01  2.85709923e+02  5.41169527e+01 -1.48628390e-01 
 5.84341413e+01  2.85709910e+02  5.84341413e+01 -1.60485236e-01 
 6.30957344e+01  2.85709895e+02  6.30957344e+01 -1.73287963e-01 
 6.81292069e+01  2.85709878e+02  6.81292069e+01 -1.87112027e-01 
 7.35642254e+01  2.85709858e+02  7.35642254e+01 -2.02038905e-01 
 7.94328235e+01  2.85709834e+02  7.94328235e+01 -2.18156573e-01 
 8.57695899e+01  2.85709806e+02  8.57695899e+01 -2.35560027e-01 
 9.26118728e+01  2.85709774e+02  9.26118728e+01 -2.54351837e-01 
 1.00000000e+02  2.85709736e+02  1.00000000e+02 -2.74642761e-01 
 1.07977516e+02  2.85709693e+02  1.07977516e+02 -2.96552386e-01 
 1.16591440e+02  2.85709642e+02  1.16591440e+02 -3.20209843e-01 
 1.25892541e+02  2.85709582e+02  1.25892541e+02 -3.45754564e-01 
 1.35935639e+02  2.85709513e+02  1.35935639e+02 -3.73337099e-01 
 1.46779927e+02  2.85709432e+02  1.46779927e+02 -4.03120013e-01 
 1.58489319e+02  2.85709337e+02  1.58489319e+02 -4.35278834e-01 
 1.71132830e+02  2.85709227e+02  1.71132830e+02 -4.70003093e-01 
 1.84784980e+02  2.85709099e+02  1.84784980e+02 -5.07497438e-01 
 1.99526231e+02  2.85708950e+02  1.99526231e+02 -5.47982842e-01 
 2.15443469e+02  2.85708775e+02  2.15443469e+02 -5.91697901e-01 
 2.32630507e+02  2.85708572e+02  2.32630507e+02 -6.38900243e-01 
 2.51188643e+02  2.85708335e+02  2.51188643e+02 -6.89868042e-01 
 2.71227258e+02  2.85708059e+02  2.71227258e+02 -7.44901657e-01 
 2.92864456e+02  2.85707737e+02  2.92864456e+02 -8.04325401e-01 
 3.16227766e+02  2.85707361e+02  3.16227766e+02 -8.68489449e-01 
 3.41454887e+02  2.85706923e+02  3.41454887e+02 -9.37771899e-01 
 3.68694506e+02  2.85706413e+02  3.68694506e+02 -1.01258100e+00 
 3.98107171e+02  2.85705818e+02  3.98107171e+02 -1.09335753e+00 
 4.29866235e+02  2.85705124e+02  4.29866235e+02 -1.18057744e+00 
 4.64158883e+02  2.85704315e+02  4.64158883e+02 -1.27475459e+00 
 5.01187234e+02  2.85703372e+02  5.01187234e+02 -1.37644380e+00 
 5.41169527e+02  2.85702272e+02  5.41169527e+02 -1.48624411e+00 
 5.84341413e+02  2.85700990e+02  5.84341413e+02 -1.60480228e+00 
 6.30957344e+02  2.85699495e+02  6.30957344e+02 -1.73281657e+00 
 6.81292069e+02  2.85697752e+02  6.81292069e+02 -1.87104089e+00 
 7.35642254e+02  2.85695719e+02  7.35642254e+02 -2.02028911e+00 
 7.94328235e+02  2.85693350e+02  7.94328235e+02 -2.18143992e+00 
 8.57695899e+02  2.85690588e+02  8.57695899e+02 -2.35544188e+00 
 9.26118728e+02  2.85687367e+02  9.26118728e+02 -2.54331898e+00 
 1.00000000e+03  2.85683612e+02  1.00000000e+03 -2.74617658e+00 
 1.07977516e+03  2.85679235e+02  1.07977516e+03 -2.96520784e+00 
 1.16591440e+03  2.85674131e+02  1.16591440e+03 -3.20170060e+00 
 1.25892541e+03  2.85668181e+02  1.25892541e+03 -3.45704480e+00 
 1.35935639e+03  2.85661243e+02  1.35935639e+03 -3.73274050e+00 
 1.46779927e+03  2.85653155e+02  1.46779927e+03 -4.03040640e+00 
 1.58489319e+03  2.85643726e+02  1.58489319e+03 -4.35178913e+00 
 1.71132830e+03  2.85632733e+02  1.71132830e+03 -4.69877305e+00 
 1.84784980e+03  2.85619917e+02  1.84784980e+03 -5.07339087e+00 
 1.99526231e+03  2.85604977e+02  1.99526231e+03 -5.47783501e+00 
 2.15443469e+03  2.85587559e+02  2.15443469e+03 -5.91446961e+00 
 2.32630507e+03  2.85567255e+02  2.32630507e+03 -6.38584351e+00 
 2.51188643e+03  2.85543585e+02  2.51188643e+03 -6.89470390e+00 
 2.71227258e+03  2.85515993e+02  2.71227258e+03 -7.44401092e+00 
 2.92864456e+03  2.85483830e+02  2.92864456e+03 -8.03695299e+00 
 3.16227766e+03  2.85446340e+02  3.16227766e+03 -8.67696303e+00 
 3.41454887e+03  2.85402642e+02  3.41454887e+03 -9.36773541e+00 
 3.68694506e+03  2.85351711e+02  3.68694506e+03 -1.01132436e+01 
 3.98107171e+03  2.85292352e+02  3.98107171e+03 -1.09177586e+01 
 4.29866235e+03  2.85223176e+02  4.29866235e+03 -1.17858672e+01 
 4.64158883e+03  2.85142565e+02  4.64158883e+03 -1.27224914e+01 
 5.01187234e+03  2.85048638e+02  5.01187234e+03 -1.37329067e+01 
 5.41169527e+03  2.84939204e+02  5.41169527e+03 -1.48227609e+01 
 5.84341413e+03  2.84811720e+02  5.84341413e+03 -1.59980909e+01 
 6.30957344e+03  2.84663228e+02  6.30957344e+03 -1.72653384e+01 
 6.81292069e+03  2.84490294e+02  6.81292069e+03 -1.86313624e+01 
 7.35642254e+03  2.84288934e+02  7.35642254e+03 -2.01034487e+01 
 7.94328235e+03  2.84054524e+02  7.94328235e+03 -2.16893128e+01 
 8.57695899e+03  2.83781709e+02  8.57695899e+03 -2.33970970e+01 
 9.26118728e+03  2.83464292e+02  9.26118728e+03 -2.52353571e+01 
 1.00000000e+04  2.83095105e+02  1.00000000e+04 -2.72130368e+01 
 1.07977516e+04  2.82665877e+02  1.07977516e+04 -2.93394265e+01 
 1.16591440e+04  2.82167074e+02  1.16591440e+04 -3.16241018e+01 
 1.25892541e+04  2.81587730e+02  1.25892541e+04 -3.40768365e+01 
 1.35935639e+04  2.80915259e+02  1.35935639e+04 -3.67074834e+01 
 1.46779927e+04  2.80135258e+02  1.46779927e+04 -3.95258171e+01 
 1.58489319e+04  2.79231294e+02  1.58489319e+04 -4.25413291e+01 
 1.71132830e+04  2.78184685e+02  1.71132830e+04 -4.57629648e+01 
 1.84784980e+04  2.76974287e+02  1.84784980e+04 -4.91987952e+01 
 1.99526231e+04  2.75576294e+02  1.99526231e+04 -5.28556079e+01 
 2.15443469e+04  2.73964062e+02  2.15443469e+04 -5.67384096e+01 
 2.32630507e+04  2.72107985e+02  2.32630507e+04 -6.08498290e+01 
 2.51188643e+04  2.69975451e+02  2.51188643e+04 -6.51894116e+01 
 2.71227258e+04  2.67530905e+02  2.71227258e+04 -6.97528059e+01 
 2.92864456e+04  2.64736064e+02  2.92864456e+04 -7.45308433e+01 
 3.16227766e+04  2.61550332e+02  3.16227766e+04 -7.95085289e+01 
 3.41454887e+04  2.57931472e+02  3.41454887e+04 -8.46639750e+01 
 3.68694506e+04  2.53836575e+02  3.68694506e+04 -8.99673268e+01 
 3.98107171e+04  2.49223394e+02  3.98107171e+04 -9.53797575e+01 
 4.29866235e+04  2.44052057e+02  4.29866235e+04 -1.00852633e+02 
 4.64158883e+04  2.38287178e+02  4.64158883e+04 -1.06326979e+02 
 5.01187234e+04  2.31900339e+02  5.01187234e+04 -1.11733396e+02 
 5.41169527e+04  2.24872840e+02  5.41169527e+04 -1.16992586e+02 
 5.84341413e+04  2.17198572e+02  5.84341413e+04 -1.22016647e+02 
 6.30957344e+04  2.08886799e+02  6.30957344e+04 -1.26711237e+02 
 6.81292069e+04  1.99964532e+02  6.81292069e+04 -1.30978667e+02 
 7.35642254e+04  1.90478205e+02  7.35642254e+04 -1.34721845e+02 
 7.94328235e+04  1.80494290e+02  7.94328235e+04 -1.37848898e+02 
 8.57695899e+04  1.70098612e+02  8.57695899e+04 -1.40278135e+02 
 9.26118728e+04  1.59394189e+02  9.26118728e+04 -1.41942922e+02 
 1.00000000e+05  1.48497632e+02  1.00000000e+05 -1.42795966e+02 
 1.07977516e+05  1.37534319e+02  1.07977516e+05 -1.42812514e+02 
 1.16591440e+05  1.26632725e+02  1.16591440e+05 -1.41992082e+02 
 1.25892541e+05  1.15918457e+02  1.25892541e+05 -1.40358490e+02 
 1.35935639e+05  1.05508573e+02  1.35935639e+05 -1.37958195e+02 
 1.46779927e+05  9.55067025e+01  1.46779927e+05 -1.34857145e+02 
 1.58489319e+05  8.59993969e+01  1.58489319e+05 -1.31136528e+02 
 1.71132830e+05  7.70539137e+01  1.71132830e+05 -1.26887911e+02 
 1.84784980e+05  6.87174705e+01  1.84784980e+05 -1.22208271e+02 
 1.99526231e+05  6.10178197e+01  1.99526231e+05 -1.17195355e+02 
 2.15443469e+05  5.39648799e+01  2.15443469e+05 -1.11943698e+02 
 2.32630507e+05  4.75530983e+01  2.32630507e+05 -1.06541505e+02 
 2.51188643e+05  4.17642152e+01  2.51188643e+05 -1.01068441e+02 
 2.71227258e+05  3.65701409e+01  2.71227258e+05 -9.55943109e+01 
 2.92864456e+05  3.19357168e+01  2.92864456e+05 -9.01785006e+01 
 3.16227766e+05  2.78212045e+01  3.16227766e+05 -8.48700437e+01 
 3.41454887e+05  2.41844140e+01  3.41454887e+05 -7.97081387e+01 
 3.68694506e+05  2.09824364e+01  3.68694506e+05 -7.47229754e+01 
 3.98107171e+05  1.81729863e+01  3.98107171e+05 -6.99367350e+01 
 4.29866235e+05  1.57153898e+01  4.29866235e+05 -6.53646630e+01 
 4.64158883e+05  1.35712634e+01  4.64158883e+05 -6.10161379e+01 
 5.01187234e+05  1.17049386e+01  5.01187234e+05 -5.68956827e+01 
 5.41169527e+05  1.00836854e+01  5.41169527e+05 -5.30038889e+01 
 5.84341413e+05  8.67778072e+00  5.84341413e+05 -4.93382352e+01 
 6.30957344e+05  7.46046576e+00  6.30957344e+05 -4.58937964e+01 
 6.81292069e+05  6.40782470e+00  6.81292069e+05 -4.26638446e+01 
 7.35642254e+05  5.49861314e+00  7.35642254e+05 -3.96403511e+01 
 7.94328235e+05  4.71405710e+00  7.94328235e+05 -3.68143980e+01 
 8.57695899e+05  4.03763824e+00  8.57695899e+05 -3.41765097e+01 
 9.26118728e+05  3.45487687e+00  9.26118728e+05 -3.17169184e+01 
 1.00000000e+06  2.95312045e+00  1.00000000e+06 -2.94257707e+01 
 1.07977516e+06  2.52134280e+00  1.07977516e+06 -2.72932871e+01 
 1.16591440e+06  2.14995711e+00  1.16591440e+06 -2.53098822e+01 
 1.25892541e+06  1.83064440e+00  1.25892541e+06 -2.34662526e+01 
 1.35935639e+06  1.55619793e+00  1.35935639e+06 -2.17534398e+01 
 1.46779927e+06  1.32038345e+00  1.46779927e+06 -2.01628718e+01 
 1.58489319e+06  1.11781459e+00  1.58489319e+06 -1.86863895e+01 
 1.71132830e+06  9.43842409e-01  1.71132830e+06 -1.73162599e+01 
 1.84784980e+06  7.94458028e-01  1.84784980e+06 -1.60451800e+01 
 1.99526231e+06  6.66207193e-01  1.99526231e+06 -1.48662736e+01 
 2.15443469e+06  5.56115489e-01  2.15443469e+06 -1.37730824e+01 
 2.32630507e+06  4.61623132e-01  2.32630507e+06 -1.27595532e+01 
 2.51188643e+06  3.80528241e-01  2.51188643e+06 -1.18200229e+01 
 2.71227258e+06  3.10937584e-01  2.71227258e+06 -1.09492008e+01 
 2.92864456e+06  2.51223895e-01  2.92864456e+06 -1.01421509e+01 
 3.16227766e+06  1.99988942e-01  3.16227766e+06 -9.39427262e+00 
 3.41454887e+06  1.56031614e-01  3.41454887e+06 -8.70128229e+00 
 3.68694506e+06  1.18320365e-01  3.68694506e+06 -8.05919424e+00 
 3.98107171e+06  8.59694593e-02  3.98107171e+06 -7.46430255e+00 
 4.29866235e+06  5.82184961e-02  4.29866235e+06 -6.91316338e+00 
 4.64158883e+06  3.44147782e-02  4.64158883e+06 -6.40257797e+00 
 5.01187234e+06  1.39981410e-02  5.01187234e+06 -5.92957639e+00 
 5.41169527e+06 -3.51209899e-03  5.41169527e+06 -5.49140215e+00 
 5.84341413e+06 -1.85283642e-02  5.84341413e+06 -5.08549761e+00 
 6.30957344e+06 -3.14044585e-02  6.30957344e+06 -4.70949019e+00 
 6.81292069e+06 -4.24438510e-02  6.81292069e+06 -4.36117951e+00 
 7.35642254e+06 -5.19067901e-02  7.35642254e+06 -4.03852517e+00 
 7.94328235e+06 -6.00164101e-02  7.94328235e+06 -3.73963548e+00 
 8.57695899e+06 -6.69639728e-02  8.57695899e+06 -3.46275675e+00 
 9.26118728e+06 -7.29133626e-02  9.26118728e+06 -3.20626347e+00 
 1.00000000e+07 -7.80049423e-02  1.00000000e+07 -2.96864897e+00 
 1.07977516e+07 -8.23588567e-02  1.07977516e+07 -2.74851690e+00 
 1.16591440e+07 -8.60778634e-02  1.16591440e+07 -2.54457317e+00 
 1.25892541e+07 -8.92497542e-02  1.25892541e+07 -2.35561848e+00 
 1.35935639e+07 -9.19494273e-02  1.35935639e+07 -2.18054148e+00 
 1.46779927e+07 -9.42406556e-02  1.46779927e+07 -2.01831223e+00 
 1.58489319e+07 -9.61775963e-02  1.58489319e+07 -1.86797634e+00 
 1.71132830e+07 -9.78060741e-02  1.71132830e+07 -1.72864936e+00 
 1.84784980e+07 -9.91646724e-02  1.84784980e+07 -1.59951167e+00 
 1.99526231e+07 -1.00285656e-01  1.99526231e+07 -1.47980378e+00 
 2.15443469e+07 -1.01195750e-01  2.15443469e+07 -1.36882186e+00 
 2.32630507e+07 -1.01916795e-01  2.32630507e+07 -1.26591371e+00 
 2.51188643e+07 -1.02466290e-01  2.51188643e+07 -1.17047503e+00 
 2.71227258e+07 -1.02857854e-01  2.71227258e+07 -1.08194594e+00 
 2.92864456e+07 -1.03101596e-01  2.92864456e+07 -9.99807786e-01 
 3.16227766e+07 -1.03204435e-01  3.16227766e+07 -9.23580255e-01 
 3.41454887e+07 -1.03170354e-01  3.41454887e+07 -8.52818685e-01 
 3.68694506e+07 -1.03000626e-01  3.68694506e+07 -7.87111638e-01 
 3.98107171e+07 -1.02694007e-01  3.98107171e+07 -7.26078696e-01 
 4.29866235e+07 -1.02246927e-01  4.29866235e+07 -6.69368460e-01 
 4.64158883e+07 -1.01653673e-01  4.64158883e+07 -6.16656768e-01 
 5.01187234e+07 -1.00906614e-01  5.01187234e+07 -5.67645091e-01 
 5.41169527e+07 -9.99964496e-02  5.41169527e+07 -5.22059112e-01 
 5.84341413e+07 -9.89125423e-02  5.84341413e+07 -4.79647449e-01 
 6.30957344e+07 -9.76433229e-02  6.30957344e+07 -4.40180520e-01 
 6.81292069e+07 -9.61768094e-02  6.81292069e+07 -4.03449496e-01 
 7.35642254e+07 -9.45012469e-02  7.35642254e+07 -3.69265309e-01 
 7.94328235e+07 -9.26058775e-02  7.94328235e+07 -3.37457666e-01 
 8.57695899e+07 -9.04818343e-02  8.57695899e+07 -3.07874008e-01 
 9.26118728e+07 -8.81231362e-02  9.26118728e+07 -2.80378351e-01 
 1.00000000e+08 -8.55277369e-02  1.00000000e+08 -2.54849945e-01 
 1.07977516e+08 -8.26985559e-02  1.07977516e+08 -2.31181705e-01 
 1.16591440e+08 -7.96443969e-02  1.16591440e+08 -2.09278391e-01 
 1.25892541e+08 -7.63806404e-02  1.25892541e+08 -1.89054519e-01 
 1.35935639e+08 -7.29295947e-02  1.35935639e+08 -1.70432087e-01 
 1.46779927e+08 -6.93204027e-02  1.46779927e+08 -1.53338185e-01 
 1.58489319e+08 -6.55884386e-02  1.58489319e+08 -1.37702641e-01 
 1.71132830e+08 -6.17741838e-02  1.71132830e+08 -1.23455878e-01 
 1.84784980e+08 -5.79216398e-02  1.84784980e+08 -1.10527143e-01 
 1.99526231e+08 -5.40764014e-02  1.99526231e+08 -9.88432629e-02 
 2.15443469e+08 -5.02835685e-02  2.15443469e+08 -8.83280275e-02 
 2.32630507e+08 -4.65857007e-02  2.32630507e+08 -7.89022005e-02 
 2.51188643e+08 -4.30210092e-02  2.51188643e+08 -7.04841207e-02 
 2.71227258e+08 -3.96219465e-02  2.71227258e+08 -6.29907585e-02 
 2.92864456e+08 -3.64142888e-02  2.92864456e+08 -5.63390618e-02 
 3.16227766e+08 -3.34167391e-02  3.16227766e+08 -5.04474139e-02 
 3.41454887e+08 -3.06410165e-02  3.41454887e+08 -4.52370333e-02 
 3.68694506e+08 -2.80923448e-02  3.68694506e+08 -4.06331899e-02 
 3.98107171e+08 -2.57702317e-02  3.98107171e+08 -3.65661511e-02 
 4.29866235e+08 -2.36694197e-02  4.29866235e+08 -3.29718239e-02 
 4.64158883e+08 -2.17809022e-02  4.64158883e+08 -2.97920952e-02 
 5.01187234e+08 -2.00929177e-02  5.01187234e+08 -2.69749038e-02 
 5.41169527e+08 -1.85918597e-02  5.41169527e+08 -2.44740930e-02 
 5.84341413e+08 -1.72630663e-02  5.84341413e+08 -2.22490993e-02 
 6.30957344e+08 -1.60914697e-02  6.30957344e+08 -2.02645322e-02 
 6.81292069e+08 -1.50621073e-02  6.81292069e+08 -1.84896908e-02 
 7.35642254e+08 -1.41605019e-02  7.35642254e+08 -1.68980575e-02 
 7.94328235e+08 -1.33729289e-02  7.94328235e+08 -1.54667961e-02 
 8.57695899e+08 -1.26865870e-02  8.57695899e+08 -1.41762758e-02 
 9.26118728e+08 -1.20896936e-02  9.26118728e+08 -1.30096316e-02 
 1.00000000e+09 -1.15715206e-02  1.00000000e+09 -1.19523693e-02 
 1.07977516e+09 -1.11223879e-02  1.07977516e+09 -1.09920172e-02 
 1.16591440e+09 -1.07336261e-02  1.16591440e+09 -1.01178218e-02 
 1.25892541e+09 -1.03975191e-02  1.25892541e+09 -9.32048702e-03 
 1.35935639e+09 -1.01072359e-02  1.35935639e+09 -8.59195129e-03 
 1.46779927e+09 -9.85675519e-03  1.46779927e+09 -7.92519913e-03 
 1.58489319e+09 -9.64078990e-03  1.58489319e+09 -7.31410216e-03 
 1.71132830e+09 -9.45471204e-03  1.71132830e+09 -6.75328569e-03 
 1.84784980e+09 -9.29448188e-03  1.84784980e+09 -6.23801689e-03 
 1.99526231e+09 -9.15658133e-03  1.99526231e+09 -5.76411122e-03 
 2.15443469e+09 -9.03795286e-03  2.15443469e+09 -5.32785410e-03 
 2.32630507e+09 -8.93594382e-03  2.32630507e+09 -4.92593530e-03 
 2.51188643e+09 -8.84825633e-03  2.51188643e+09 -4.55539395e-03 
 2.71227258e+09 -8.77290248e-03  2.71227258e+09 -4.21357229e-03 
 2.92864456e+09 -8.70816447e-03  2.92864456e+09 -3.89807680e-03 
 3.16227766e+09 -8.65255939e-03  3.16227766e+09 -3.60674523e-03 
 3.41454887e+09 -8.60480822e-03  3.41454887e+09 -3.33761881e-03 
 3.68694506e+09 -8.56380866e-03  3.68694506e+09 -3.08891844e-03 
 3.98107171e+09 -8.52861126e-03  3.98107171e+09 -2.85902452e-03 
 4.29866235e+09 -8.49839878e-03  4.29866235e+09 -2.64645946e-03 
 4.64158883e+09 -8.47246807e-03  4.64158883e+09 -2.44987276e-03 
 5.01187234e+09 -8.45021443e-03  5.01187234e+09 -2.26802796e-03 
 5.41169527e+09 -8.43111799e-03  5.41169527e+09 -2.09979136e-03 
 5.84341413e+09 -8.41473199e-03  5.84341413e+09 -1.94412209e-03 
 6.30957344e+09 -8.40067257e-03  6.30957344e+09 -1.80006345e-03 
 6.81292069e+09 -8.38861003e-03  6.81292069e+09 -1.66673517e-03 
 7.35642254e+09 -8.37826121e-03  7.35642254e+09 -1.54332660e-03 
 7.94328235e+09 -8.36938299e-03  7.94328235e+09 -1.42909067e-03 
 8.57695899e+09 -8.36176664e-03  8.57695899e+09 -1.32333839e-03 
 9.26118728e+09 -8.35523299e-03  9.26118728e+09 -1.22543399e-03 
 1.00000000e+10 -8.34962828e-03  1.00000000e+10 -1.13479052e-03 
