 1.00000000e+00  2.81219502e+02  1.00000000e+00 -3.55093404e-03 
 1.07977516e+00  2.81219502e+02  1.07977516e+00 -3.83421038e-03 
 1.16591440e+00  2.81219502e+02  1.16591440e+00 -4.14008514e-03 
 1.25892541e+00  2.81219502e+02  1.25892541e+00 -4.47036110e-03 
 1.35935639e+00  2.81219502e+02  1.35935639e+00 -4.82698488e-03 
 1.46779927e+00  2.81219502e+02  1.46779927e+00 -5.21205839e-03 
 1.58489319e+00  2.81219502e+02  1.58489319e+00 -5.62785119e-03 
 1.71132830e+00  2.81219502e+02  1.71132830e+00 -6.07681393e-03 
 1.84784980e+00  2.81219502e+02  1.84784980e+00 -6.56159275e-03 
 1.99526231e+00  2.81219502e+02  1.99526231e+00 -7.08504487e-03 
 2.15443469e+00  2.81219502e+02  2.15443469e+00 -7.65025548e-03 
 2.32630507e+00  2.81219502e+02  2.32630507e+00 -8.26055585e-03 
 2.51188643e+00  2.81219502e+02  2.51188643e+00 -8.91954303e-03 
 2.71227258e+00  2.81219502e+02  2.71227258e+00 -9.63110102e-03 
 2.92864456e+00  2.81219502e+02  2.92864456e+00 -1.03994237e-02 
 3.16227766e+00  2.81219502e+02  3.16227766e+00 -1.12290394e-02 
 3.41454887e+00  2.81219502e+02  3.41454887e+00 -1.21248378e-02 
 3.68694506e+00  2.81219502e+02  3.68694506e+00 -1.30920987e-02 
 3.98107171e+00  2.81219502e+02  3.98107171e+00 -1.41365230e-02 
 4.29866235e+00  2.81219501e+02  4.29866235e+00 -1.52642664e-02 
 4.64158883e+00  2.81219501e+02  4.64158883e+00 -1.64819757e-02 
 5.01187234e+00  2.81219501e+02  5.01187234e+00 -1.77968280e-02 
 5.41169527e+00  2.81219501e+02  5.41169527e+00 -1.92165729e-02 
 5.84341413e+00  2.81219501e+02  5.84341413e+00 -2.07495781e-02 
 6.30957344e+00  2.81219500e+02  6.30957344e+00 -2.24048790e-02 
 6.81292069e+00  2.81219500e+02  6.81292069e+00 -2.41922318e-02 
 7.35642254e+00  2.81219500e+02  7.35642254e+00 -2.61221710e-02 
 7.94328235e+00  2.81219499e+02  7.94328235e+00 -2.82060714e-02 
 8.57695899e+00  2.81219499e+02  8.57695899e+00 -3.04562153e-02 
 9.26118728e+00  2.81219498e+02  9.26118728e+00 -3.28858647e-02 
 1.00000000e+01  2.81219498e+02  1.00000000e+01 -3.55093399e-02 
 1.07977516e+01  2.81219497e+02  1.07977516e+01 -3.83421031e-02 
 1.16591440e+01  2.81219496e+02  1.16591440e+01 -4.14008505e-02 
 1.25892541e+01  2.81219495e+02  1.25892541e+01 -4.47036099e-02 
 1.35935639e+01  2.81219494e+02  1.35935639e+01 -4.82698474e-02 
 1.46779927e+01  2.81219493e+02  1.46779927e+01 -5.21205821e-02 
 1.58489319e+01  2.81219491e+02  1.58489319e+01 -5.62785097e-02 
 1.71132830e+01  2.81219489e+02  1.71132830e+01 -6.07681365e-02 
 1.84784980e+01  2.81219487e+02  1.84784980e+01 -6.56159239e-02 
 1.99526231e+01  2.81219484e+02  1.99526231e+01 -7.08504443e-02 
 2.15443469e+01  2.81219481e+02  2.15443469e+01 -7.65025492e-02 
 2.32630507e+01  2.81219478e+02  2.32630507e+01 -8.26055514e-02 
 2.51188643e+01  2.81219474e+02  2.51188643e+01 -8.91954214e-02 
 2.71227258e+01  2.81219469e+02  2.71227258e+01 -9.63109991e-02 
 2.92864456e+01  2.81219464e+02  2.92864456e+01 -1.03994223e-01 
 3.16227766e+01  2.81219457e+02  3.16227766e+01 -1.12290376e-01 
 3.41454887e+01  2.81219450e+02  3.41454887e+01 -1.21248356e-01 
 3.68694506e+01  2.81219441e+02  3.68694506e+01 -1.30920959e-01 
 3.98107171e+01  2.81219431e+02  3.98107171e+01 -1.41365195e-01 
 4.29866235e+01  2.81219419e+02  4.29866235e+01 -1.52642620e-01 
 4.64158883e+01  2.81219406e+02  4.64158883e+01 -1.64819701e-01 
 5.01187234e+01  2.81219390e+02  5.01187234e+01 -1.77968210e-01 
 5.41169527e+01  2.81219371e+02  5.41169527e+01 -1.92165640e-01 
 5.84341413e+01  2.81219349e+02  5.84341413e+01 -2.07495669e-01 
 6.30957344e+01  2.81219324e+02  6.30957344e+01 -2.24048649e-01 
 6.81292069e+01  2.81219294e+02  6.81292069e+01 -2.41922141e-01 
 7.35642254e+01  2.81219260e+02  7.35642254e+01 -2.61221487e-01 
 7.94328235e+01  2.81219219e+02  7.94328235e+01 -2.82060433e-01 
 8.57695899e+01  2.81219173e+02  8.57695899e+01 -3.04561800e-01 
 9.26118728e+01  2.81219118e+02  9.26118728e+01 -3.28858203e-01 
 1.00000000e+02  2.81219054e+02  1.00000000e+02 -3.55092839e-01 
 1.07977516e+02  2.81218980e+02  1.07977516e+02 -3.83420326e-01 
 1.16591440e+02  2.81218893e+02  1.16591440e+02 -4.14007617e-01 
 1.25892541e+02  2.81218792e+02  1.25892541e+02 -4.47034982e-01 
 1.35935639e+02  2.81218674e+02  1.35935639e+02 -4.82697068e-01 
 1.46779927e+02  2.81218537e+02  1.46779927e+02 -5.21204050e-01 
 1.58489319e+02  2.81218376e+02  1.58489319e+02 -5.62782867e-01 
 1.71132830e+02  2.81218190e+02  1.71132830e+02 -6.07678558e-01 
 1.84784980e+02  2.81217972e+02  1.84784980e+02 -6.56155706e-01 
 1.99526231e+02  2.81217718e+02  1.99526231e+02 -7.08499994e-01 
 2.15443469e+02  2.81217422e+02  2.15443469e+02 -7.65019892e-01 
 2.32630507e+02  2.81217077e+02  2.32630507e+02 -8.26048464e-01 
 2.51188643e+02  2.81216674e+02  2.51188643e+02 -8.91945339e-01 
 2.71227258e+02  2.81216205e+02  2.71227258e+02 -9.63098817e-01 
 2.92864456e+02  2.81215658e+02  2.92864456e+02 -1.03992816e+00 
 3.16227766e+02  2.81215020e+02  3.16227766e+02 -1.12288605e+00 
 3.41454887e+02  2.81214277e+02  3.41454887e+02 -1.21246126e+00 
 3.68694506e+02  2.81213410e+02  3.68694506e+02 -1.30918152e+00 
 3.98107171e+02  2.81212399e+02  3.98107171e+02 -1.41361661e+00 
 4.29866235e+02  2.81211221e+02  4.29866235e+02 -1.52638171e+00 
 4.64158883e+02  2.81209847e+02  4.64158883e+02 -1.64814101e+00 
 5.01187234e+02  2.81208245e+02  5.01187234e+02 -1.77961160e+00 
 5.41169527e+02  2.81206377e+02  5.41169527e+02 -1.92156764e+00 
 5.84341413e+02  2.81204200e+02  5.84341413e+02 -2.07484495e+00 
 6.30957344e+02  2.81201661e+02  6.30957344e+02 -2.24034583e+00 
 6.81292069e+02  2.81198701e+02  6.81292069e+02 -2.41904433e+00 
 7.35642254e+02  2.81195250e+02  7.35642254e+02 -2.61199194e+00 
 7.94328235e+02  2.81191226e+02  7.94328235e+02 -2.82032368e+00 
 8.57695899e+02  2.81186536e+02  8.57695899e+02 -3.04526468e+00 
 9.26118728e+02  2.81181067e+02  9.26118728e+02 -3.28813724e+00 
 1.00000000e+03  2.81174691e+02  1.00000000e+03 -3.55036845e+00 
 1.07977516e+03  2.81167257e+02  1.07977516e+03 -3.83349836e+00 
 1.16591440e+03  2.81158591e+02  1.16591440e+03 -4.13918878e+00 
 1.25892541e+03  2.81148487e+02  1.25892541e+03 -4.46923270e+00 
 1.35935639e+03  2.81136709e+02  1.35935639e+03 -4.82556437e+00 
 1.46779927e+03  2.81122977e+02  1.46779927e+03 -5.21027015e+00 
 1.58489319e+03  2.81106968e+02  1.58489319e+03 -5.62560006e+00 
 1.71132830e+03  2.81088306e+02  1.71132830e+03 -6.07398012e+00 
 1.84784980e+03  2.81066550e+02  1.84784980e+03 -6.55802546e+00 
 1.99526231e+03  2.81041189e+02  1.99526231e+03 -7.08055433e+00 
 2.15443469e+03  2.81011626e+02  2.15443469e+03 -7.64460282e+00 
 2.32630507e+03  2.80977166e+02  2.32630507e+03 -8.25344044e+00 
 2.51188643e+03  2.80937000e+02  2.51188643e+03 -8.91058655e+00 
 2.71227258e+03  2.80890183e+02  2.71227258e+03 -9.61982736e+00 
 2.92864456e+03  2.80835619e+02  2.92864456e+03 -1.03852337e+01 
 3.16227766e+03  2.80772029e+02  3.16227766e+03 -1.12111793e+01 
 3.41454887e+03  2.80697924e+02  3.41454887e+03 -1.21023593e+01 
 3.68694506e+03  2.80611574e+02  3.68694506e+03 -1.30638086e+01 
 3.98107171e+03  2.80510964e+02  3.98107171e+03 -1.41009207e+01 
 4.29866235e+03  2.80393752e+02  4.29866235e+03 -1.52194644e+01 
 4.64158883e+03  2.80257217e+02  4.64158883e+03 -1.64256008e+01 
 5.01187234e+03  2.80098196e+02  5.01187234e+03 -1.77258965e+01 
 5.41169527e+03  2.79913019e+02  5.41169527e+03 -1.91273343e+01 
 5.84341413e+03  2.79697428e+02  5.84341413e+03 -2.06373199e+01 
 6.30957344e+03  2.79446485e+02  6.30957344e+03 -2.22636811e+01 
 6.81292069e+03  2.79154476e+02  6.81292069e+03 -2.40146599e+01 
 7.35642254e+03  2.78814786e+02  7.35642254e+03 -2.58988931e+01 
 7.94328235e+03  2.78419780e+02  7.94328235e+03 -2.79253792e+01 
 8.57695899e+03  2.77960646e+02  8.57695899e+03 -3.01034272e+01 
 9.26118728e+03  2.77427243e+02  9.26118728e+03 -3.24425828e+01 
 1.00000000e+04  2.76807919e+02  1.00000000e+04 -3.49525263e+01 
 1.07977516e+04  2.76089321e+02  1.07977516e+04 -3.76429354e+01 
 1.16591440e+04  2.75256192e+02  1.16591440e+04 -4.05233054e+01 
 1.25892541e+04  2.74291158e+02  1.25892541e+04 -4.36027177e+01 
 1.35935639e+04  2.73174517e+02  1.35935639e+04 -4.68895460e+01 
 1.46779927e+04  2.71884029e+02  1.46779927e+04 -5.03910910e+01 
 1.58489319e+04  2.70394735e+02  1.58489319e+04 -5.41131308e+01 
 1.71132830e+04  2.68678807e+02  1.71132830e+04 -5.80593781e+01 
 1.84784980e+04  2.66705466e+02  1.84784980e+04 -6.22308342e+01 
 1.99526231e+04  2.64440994e+02  1.99526231e+04 -6.66250360e+01 
 2.15443469e+04  2.61848867e+02  2.15443469e+04 -7.12351952e+01 
 2.32630507e+04  2.58890081e+02  2.32630507e+04 -7.60492420e+01 
 2.51188643e+04  2.55523683e+02  2.51188643e+04 -8.10487954e+01 
 2.71227258e+04  2.51707592e+02  2.71227258e+04 -8.62081014e+01 
 2.92864456e+04  2.47399748e+02  2.92864456e+04 -9.14930022e+01 
 3.16227766e+04  2.42559623e+02  3.16227766e+04 -9.68600261e+01 
 3.41454887e+04  2.37150134e+02  3.41454887e+04 -1.02255712e+02 
 3.68694506e+04  2.31139923e+02  3.68694506e+04 -1.07616308e+02 
 3.98107171e+04  2.24505960e+02  3.98107171e+04 -1.12868006e+02 
 4.29866235e+04  2.17236346e+02  4.29866235e+04 -1.17927856e+02 
 4.64158883e+04  2.09333117e+02  4.64158883e+04 -1.22705505e+02 
 5.01187234e+04  2.00814803e+02  5.01187234e+04 -1.27105837e+02 
 5.41169527e+04  1.91718422e+02  5.41169527e+04 -1.31032492e+02 
 5.84341413e+04  1.82100594e+02  5.84341413e+04 -1.34392148e+02 
 6.30957344e+04  1.72037458e+02  6.30957344e+04 -1.37099307e+02 
 6.81292069e+04  1.61623212e+02  6.81292069e+04 -1.39081192e+02 
 7.35642254e+04  1.50967182e+02  7.35642254e+04 -1.40282281e+02 
 7.94328235e+04  1.40189575e+02  7.94328235e+04 -1.40667990e+02 
 8.57695899e+04  1.29416210e+02  8.57695899e+04 -1.40227064e+02 
 9.26118728e+04  1.18772707e+02  9.26118728e+04 -1.38972364e+02 
 1.00000000e+05  1.08378699e+02  1.00000000e+05 -1.36939965e+02 
 1.07977516e+05  9.83426221e+01  1.07977516e+05 -1.34186672e+02 
 1.16591440e+05  8.87575371e+01  1.16591440e+05 -1.30786262e+02 
 1.25892541e+05  7.96983083e+01  1.25892541e+05 -1.26824912e+02 
 1.35935639e+05  7.12202297e+01  1.35935639e+05 -1.22396290e+02 
 1.46779927e+05  6.33590365e+01  1.46779927e+05 -1.17596801e+02 
 1.58489319e+05  5.61320835e+01  1.58489319e+05 -1.12521343e+02 
 1.71132830e+05  4.95403898e+01  1.71132830e+05 -1.07259845e+02 
 1.84784980e+05  4.35712217e+01  1.84784980e+05 -1.01894688e+02 
 1.99526231e+05  3.82009066e+01  1.99526231e+05 -9.64990297e+01 
 2.15443469e+05  3.33976249e+01  2.15443469e+05 -9.11359319e+01 
 2.32630507e+05  2.91239941e+01  2.32630507e+05 -8.58581727e+01 
 2.51188643e+05  2.53393302e+01  2.51188643e+05 -8.07085759e+01 
 2.71227258e+05  2.20015275e+01  2.71227258e+05 -7.57207060e+01 
 2.92864456e+05  1.90685496e+01  2.92864456e+05 -7.09197905e+01 
 3.16227766e+05  1.64995521e+01  3.16227766e+05 -6.63237547e+01 
 3.41454887e+05  1.42556806e+01  3.41454887e+05 -6.19442832e+01 
 3.68694506e+05  1.23005941e+01  3.68694506e+05 -5.77878455e+01 
 3.98107171e+05  1.06007670e+01  3.98107171e+05 -5.38566471e+01 
 4.29866235e+05  9.12561926e+00  4.29866235e+05 -5.01494826e+01 
 4.64158883e+05  7.84751887e+00  4.64158883e+05 -4.66624820e+01 
 5.01187234e+05  6.74169302e+00  5.01187234e+05 -4.33897491e+01 
 5.41169527e+05  5.78607865e+00  5.41169527e+05 -4.03238981e+01 
 5.84341413e+05  4.96113522e+00  5.84341413e+05 -3.74564972e+01 
 6.30957344e+05  4.24963782e+00  6.30957344e+05 -3.47784288e+01 
 6.81292069e+05  3.63646336e+00  6.81292069e+05 -3.22801784e+01 
 7.35642254e+05  3.10837923e+00  7.35642254e+05 -2.99520627e+01 
 7.94328235e+05  2.65384043e+00  7.94328235e+05 -2.77844063e+01 
 8.57695899e+05  2.26279922e+00  8.57695899e+05 -2.57676762e+01 
 9.26118728e+05  1.92652931e+00  9.26118728e+05 -2.38925820e+01 
 1.00000000e+06  1.63746569e+00  1.00000000e+06 -2.21501476e+01 
 1.07977516e+06  1.38906019e+00  1.07977516e+06 -2.05317613e+01 
 1.16591440e+06  1.17565223e+00  1.16591440e+06 -1.90292081e+01 
 1.25892541e+06  9.92354009e-01  1.25892541e+06 -1.76346877e+01 
 1.35935639e+06  8.34949075e-01  1.35935639e+06 -1.63408225e+01 
 1.46779927e+06  6.99803110e-01  1.46779927e+06 -1.51406572e+01 
 1.58489319e+06  5.83785771e-01  1.58489319e+06 -1.40276521e+01 
 1.71132830e+06  4.84202437e-01  1.71132830e+06 -1.29956724e+01 
 1.84784980e+06  3.98734763e-01  1.84784980e+06 -1.20389742e+01 
 1.99526231e+06  3.25389029e-01  1.99526231e+06 -1.11521880e+01 
 2.15443469e+06  2.62451340e-01  2.15443469e+06 -1.03303013e+01 
 2.32630507e+06  2.08448840e-01  2.32630507e+06 -9.56864031e+00 
 2.51188643e+06  1.62116175e-01  2.51188643e+06 -8.86285137e+00 
 2.71227258e+06  1.22366531e-01  2.71227258e+06 -8.20888228e+00 
 2.92864456e+06  8.82666397e-02  2.92864456e+06 -7.60296424e+00 
 3.16227766e+06  5.90152465e-02  3.16227766e+06 -7.04159408e+00 
 3.41454887e+06  3.39245525e-02  3.41454887e+06 -6.52151723e+00 
 3.68694506e+06  1.24042449e-02  3.68694506e+06 -6.03971140e+00 
 3.98107171e+06 -6.05224278e-03  3.98107171e+06 -5.59337106e+00 
 4.29866235e+06 -2.18795455e-02  4.29866235e+06 -5.17989270e+00 
 4.64158883e+06 -3.54505215e-02  4.64158883e+06 -4.79686092e+00 
 5.01187234e+06 -4.70849775e-02  5.01187234e+06 -4.44203536e+00 
 5.41169527e+06 -5.70571611e-02  5.41169527e+06 -4.11333839e+00 
 5.84341413e+06 -6.56021941e-02  5.84341413e+06 -3.80884359e+00 
 6.30957344e+06 -7.29215925e-02  6.30957344e+06 -3.52676501e+00 
 6.81292069e+06 -7.91880026e-02  6.81292069e+06 -3.26544705e+00 
 7.35642254e+06 -8.45492612e-02  7.35642254e+06 -3.02335512e+00 
 7.94328235e+06 -8.91318749e-02  7.94328235e+06 -2.79906686e+00 
 8.57695899e+06 -9.30440000e-02  8.57695899e+06 -2.59126403e+00 
 9.26118728e+06 -9.63779924e-02  9.26118728e+06 -2.39872489e+00 
 1.00000000e+07 -9.92125868e-02  1.00000000e+07 -2.22031720e+00 
 1.07977516e+07 -1.01614757e-01  1.07977516e+07 -2.05499166e+00 
 1.16591440e+07 -1.03641303e-01  1.16591440e+07 -1.90177585e+00 
 1.25892541e+07 -1.05340198e-01  1.25892541e+07 -1.75976861e+00 
 1.35935639e+07 -1.06751732e-01  1.35935639e+07 -1.62813480e+00 
 1.46779927e+07 -1.07909481e-01  1.46779927e+07 -1.50610051e+00 
 1.58489319e+07 -1.08841122e-01  1.58489319e+07 -1.39294855e+00 
 1.71132830e+07 -1.09569117e-01  1.71132830e+07 -1.28801438e+00 
 1.84784980e+07 -1.10111280e-01  1.84784980e+07 -1.19068224e+00 
 1.99526231e+07 -1.10481261e-01  1.99526231e+07 -1.10038171e+00 
 2.15443469e+07 -1.10688931e-01  2.15443469e+07 -1.01658444e+00 
 2.32630507e+07 -1.10740720e-01  2.32630507e+07 -9.38801235e-01 
 2.51188643e+07 -1.10639886e-01  2.51188643e+07 -8.66579370e-01 
 2.71227258e+07 -1.10386765e-01  2.71227258e+07 -7.99500130e-01 
 2.92864456e+07 -1.09978986e-01  2.92864456e+07 -7.37176608e-01 
 3.16227766e+07 -1.09411695e-01  3.16227766e+07 -6.79251722e-01 
 3.41454887e+07 -1.08677783e-01  3.41454887e+07 -6.25396434e-01 
 3.68694506e+07 -1.07768165e-01  3.68694506e+07 -5.75308167e-01 
 3.98107171e+07 -1.06672112e-01  3.98107171e+07 -5.28709395e-01 
 4.29866235e+07 -1.05377666e-01  4.29866235e+07 -4.85346382e-01 
 4.64158883e+07 -1.03872170e-01  4.64158883e+07 -4.44988037e-01 
 5.01187234e+07 -1.02142918e-01  5.01187234e+07 -4.07424846e-01 
 5.41169527e+07 -1.00177946e-01  5.41169527e+07 -3.72467817e-01 
 5.84341413e+07 -9.79669633e-02  5.84341413e+07 -3.39947405e-01 
 6.30957344e+07 -9.55023988e-02  6.30957344e+07 -3.09712314e-01 
 6.81292069e+07 -9.27805320e-02  6.81292069e+07 -2.81628134e-01 
 7.35642254e+07 -8.98026306e-02  7.35642254e+07 -2.55575749e-01 
 7.94328235e+07 -8.65760053e-02  7.94328235e+07 -2.31449461e-01 
 8.57695899e+07 -8.31148636e-02  8.57695899e+07 -2.09154842e-01 
 9.26118728e+07 -7.94408356e-02  9.26118728e+07 -1.88606333e-01 
 1.00000000e+08 -7.55830533e-02  1.00000000e+08 -1.69724689e-01 
 1.07977516e+08 -7.15776957e-02  1.07977516e+08 -1.52434405e-01 
 1.16591440e+08 -6.74669647e-02  1.16591440e+08 -1.36661290e-01 
 1.25892541e+08 -6.32975272e-02  1.25892541e+08 -1.22330397e-01 
 1.35935639e+08 -5.91185352e-02  1.35935639e+08 -1.09364465e-01 
 1.46779927e+08 -5.49793976e-02  1.46779927e+08 -9.76830101e-02 
 1.58489319e+08 -5.09275197e-02  1.58489319e+08 -8.72021070e-02 
 1.71132830e+08 -4.70062301e-02  1.71132830e+08 -7.78348379e-02 
 1.84784980e+08 -4.32530843e-02  1.84784980e+08 -6.94922884e-02 
 1.99526231e+08 -3.96986751e-02  1.99526231e+08 -6.20849256e-02 
 2.15443469e+08 -3.63660066e-02  2.15443469e+08 -5.55241632e-02 
 2.32630507e+08 -3.32704148e-02  2.32630507e+08 -4.97239248e-02 
 2.51188643e+08 -3.04199586e-02  2.51188643e+08 -4.46020495e-02 
 2.71227258e+08 -2.78161704e-02  2.71227258e+08 -4.00814316e-02 
 2.92864456e+08 -2.54550360e-02  2.92864456e+08 -3.60908371e-02 
 3.16227766e+08 -2.33280842e-02  3.16227766e+08 -3.25653877e-02 
 3.41454887e+08 -2.14234828e-02  3.41454887e+08 -2.94467386e-02 
 3.68694506e+08 -1.97270637e-02  3.68694506e+08 -2.66829978e-02 
 3.98107171e+08 -1.82232280e-02  3.98107171e+08 -2.42284463e-02 
 4.29866235e+08 -1.68957047e-02  4.29866235e+08 -2.20431205e-02 
 4.64158883e+08 -1.57281574e-02  4.64158883e+08 -2.00923083e-02 
 5.01187234e+08 -1.47046453e-02  5.01187234e+08 -1.83460077e-02 
 5.41169527e+08 -1.38099538e-02  5.41169527e+08 -1.67783791e-02 
 5.84341413e+08 -1.30298147e-02  5.84341413e+08 -1.53672196e-02 
 6.30957344e+08 -1.23510371e-02  6.30957344e+08 -1.40934723e-02 
 6.81292069e+08 -1.17615670e-02  6.81292069e+08 -1.29407823e-02 
 7.35642254e+08 -1.12504956e-02  7.35642254e+08 -1.18951013e-02 
 7.94328235e+08 -1.08080294e-02  7.94328235e+08 -1.09443425e-02 
 8.57695899e+08 -1.04254350e-02  8.57695899e+08 -1.00780816e-02 
 9.26118728e+08 -1.00949682e-02  9.26118728e+08 -9.28730204e-03 
 1.00000000e+09 -9.80979464e-03  1.00000000e+09 -8.56417807e-03 
 1.07977516e+09 -9.56390743e-03  1.07977516e+09 -7.90189212e-03 
 1.16591440e+09 -9.35204470e-03  1.16591440e+09 -7.29448125e-03 
 1.25892541e+09 -9.16961081e-03  1.25892541e+09 -6.73670848e-03 
 1.35935639e+09 -9.01260203e-03  1.35935639e+09 -6.22395529e-03 
 1.46779927e+09 -8.87753774e-03  1.46779927e+09 -5.75213165e-03 
 1.58489319e+09 -8.76139769e-03  1.58489319e+09 -5.31760094e-03 
 1.71132830e+09 -8.66156525e-03  1.71132830e+09 -4.91711706e-03 
 1.84784980e+09 -8.57577661e-03  1.84784980e+09 -4.54777174e-03 
 1.99526231e+09 -8.50207548e-03  1.99526231e+09 -4.20695032e-03 
 2.15443469e+09 -8.43877312e-03  2.15443469e+09 -3.89229447e-03 
 2.32630507e+09 -8.38441296e-03  2.32630507e+09 -3.60167068e-03 
 2.51188643e+09 -8.33773972e-03  2.51188643e+09 -3.33314361e-03 
 2.71227258e+09 -8.29767226e-03  2.71227258e+09 -3.08495324e-03 
 2.92864456e+09 -8.26327997e-03  2.92864456e+09 -2.85549550e-03 
 3.16227766e+09 -8.23376224e-03  3.16227766e+09 -2.64330547e-03 
 3.41454887e+09 -8.20843052e-03  3.41454887e+09 -2.44704293e-03 
 3.68694506e+09 -8.18669295e-03  3.68694506e+09 -2.26547986e-03 
 3.98107171e+09 -8.16804085e-03  3.98107171e+09 -2.09748939e-03 
 4.29866235e+09 -8.15203723e-03  4.29866235e+09 -1.94203630e-03 
 4.64158883e+09 -8.13830672e-03  4.64158883e+09 -1.79816845e-03 
 5.01187234e+09 -8.12652697e-03  5.01187234e+09 -1.66500938e-03 
 5.41169527e+09 -8.11642122e-03  5.41169527e+09 -1.54175155e-03 
 5.84341413e+09 -8.10775184e-03  5.84341413e+09 -1.42765046e-03 
 6.30957344e+09 -8.10031490e-03  6.30957344e+09 -1.32201928e-03 
 6.81292069e+09 -8.09393535e-03  6.81292069e+09 -1.22422403e-03 
 7.35642254e+09 -8.08846295e-03  7.35642254e+09 -1.13367925e-03 
 7.94328235e+09 -8.08376879e-03  7.94328235e+09 -1.04984409e-03 
 8.57695899e+09 -8.07974226e-03  8.57695899e+09 -9.72218701e-04 
 9.26118728e+09 -8.07628845e-03  9.26118728e+09 -9.00341036e-04 
 1.00000000e+10 -8.07332594e-03  1.00000000e+10 -8.33783840e-04 
