 1.00000000e+00  2.31337656e+01  1.00000000e+00 -5.69065651e-04 
 1.07977516e+00  2.31337656e+01  1.07977516e+00 -6.14462955e-04 
 1.16591440e+00  2.31337656e+01  1.16591440e+00 -6.63481837e-04 
 1.25892541e+00  2.31337656e+01  1.25892541e+00 -7.16411208e-04 
 1.35935639e+00  2.31337656e+01  1.35935639e+00 -7.73563029e-04 
 1.46779927e+00  2.31337656e+01  1.46779927e+00 -8.35274145e-04 
 1.58489319e+00  2.31337656e+01  1.58489319e+00 -9.01908275e-04 
 1.71132830e+00  2.31337656e+01  1.71132830e+00 -9.73858154e-04 
 1.84784980e+00  2.31337656e+01  1.84784980e+00 -1.05154785e-03 
 1.99526231e+00  2.31337656e+01  1.99526231e+00 -1.13543525e-03 
 2.15443469e+00  2.31337656e+01  2.15443469e+00 -1.22601478e-03 
 2.32630507e+00  2.31337656e+01  2.32630507e+00 -1.32382030e-03 
 2.51188643e+00  2.31337656e+01  2.51188643e+00 -1.42942828e-03 
 2.71227258e+00  2.31337656e+01  2.71227258e+00 -1.54346115e-03 
 2.92864456e+00  2.31337655e+01  2.92864456e+00 -1.66659102e-03 
 3.16227766e+00  2.31337655e+01  3.16227766e+00 -1.79954358e-03 
 3.41454887e+00  2.31337655e+01  3.41454887e+00 -1.94310246e-03 
 3.68694506e+00  2.31337655e+01  3.68694506e+00 -2.09811378e-03 
 3.98107171e+00  2.31337654e+01  3.98107171e+00 -2.26549114e-03 
 4.29866235e+00  2.31337654e+01  4.29866235e+00 -2.44622106e-03 
 4.64158883e+00  2.31337654e+01  4.64158883e+00 -2.64136874e-03 
 5.01187234e+00  2.31337653e+01  5.01187234e+00 -2.85208435e-03 
 5.41169527e+00  2.31337652e+01  5.41169527e+00 -3.07960983e-03 
 5.84341413e+00  2.31337652e+01  5.84341413e+00 -3.32528620e-03 
 6.30957344e+00  2.31337651e+01  6.30957344e+00 -3.59056143e-03 
 6.81292069e+00  2.31337650e+01  6.81292069e+00 -3.87699904e-03 
 7.35642254e+00  2.31337649e+01  7.35642254e+00 -4.18628725e-03 
 7.94328235e+00  2.31337648e+01  7.94328235e+00 -4.52024897e-03 
 8.57695899e+00  2.31337646e+01  8.57695899e+00 -4.88085253e-03 
 9.26118728e+00  2.31337645e+01  9.26118728e+00 -5.27022330e-03 
 1.00000000e+01  2.31337643e+01  1.00000000e+01 -5.69065617e-03 
 1.07977516e+01  2.31337640e+01  1.07977516e+01 -6.14462913e-03 
 1.16591440e+01  2.31337638e+01  1.16591440e+01 -6.63481783e-03 
 1.25892541e+01  2.31337634e+01  1.25892541e+01 -7.16411141e-03 
 1.35935639e+01  2.31337631e+01  1.35935639e+01 -7.73562943e-03 
 1.46779927e+01  2.31337626e+01  1.46779927e+01 -8.35274037e-03 
 1.58489319e+01  2.31337622e+01  1.58489319e+01 -9.01908140e-03 
 1.71132830e+01  2.31337616e+01  1.71132830e+01 -9.73857984e-03 
 1.84784980e+01  2.31337609e+01  1.84784980e+01 -1.05154763e-02 
 1.99526231e+01  2.31337601e+01  1.99526231e+01 -1.13543498e-02 
 2.15443469e+01  2.31337592e+01  2.15443469e+01 -1.22601444e-02 
 2.32630507e+01  2.31337581e+01  2.32630507e+01 -1.32381988e-02 
 2.51188643e+01  2.31337568e+01  2.51188643e+01 -1.42942774e-02 
 2.71227258e+01  2.31337554e+01  2.71227258e+01 -1.54346048e-02 
 2.92864456e+01  2.31337537e+01  2.92864456e+01 -1.66659017e-02 
 3.16227766e+01  2.31337517e+01  3.16227766e+01 -1.79954251e-02 
 3.41454887e+01  2.31337494e+01  3.41454887e+01 -1.94310111e-02 
 3.68694506e+01  2.31337467e+01  3.68694506e+01 -2.09811208e-02 
 3.98107171e+01  2.31337435e+01  3.98107171e+01 -2.26548900e-02 
 4.29866235e+01  2.31337399e+01  4.29866235e+01 -2.44621837e-02 
 4.64158883e+01  2.31337356e+01  4.64158883e+01 -2.64136535e-02 
 5.01187234e+01  2.31337306e+01  5.01187234e+01 -2.85208008e-02 
 5.41169527e+01  2.31337248e+01  5.41169527e+01 -3.07960446e-02 
 5.84341413e+01  2.31337180e+01  5.84341413e+01 -3.32527944e-02 
 6.30957344e+01  2.31337101e+01  6.30957344e+01 -3.59055292e-02 
 6.81292069e+01  2.31337009e+01  6.81292069e+01 -3.87698832e-02 
 7.35642254e+01  2.31336901e+01  7.35642254e+01 -4.18627375e-02 
 7.94328235e+01  2.31336776e+01  7.94328235e+01 -4.52023198e-02 
 8.57695899e+01  2.31336630e+01  8.57695899e+01 -4.88083114e-02 
 9.26118728e+01  2.31336459e+01  9.26118728e+01 -5.27019637e-02 
 1.00000000e+02  2.31336261e+01  1.00000000e+02 -5.69062227e-02 
 1.07977516e+02  2.31336029e+01  1.07977516e+02 -6.14458645e-02 
 1.16591440e+02  2.31335759e+01  1.16591440e+02 -6.63476411e-02 
 1.25892541e+02  2.31335444e+01  1.25892541e+02 -7.16404377e-02 
 1.35935639e+02  2.31335077e+01  1.35935639e+02 -7.73554428e-02 
 1.46779927e+02  2.31334649e+01  1.46779927e+02 -8.35263317e-02 
 1.58489319e+02  2.31334150e+01  1.58489319e+02 -9.01894644e-02 
 1.71132830e+02  2.31333568e+01  1.71132830e+02 -9.73840994e-02 
 1.84784980e+02  2.31332890e+01  1.84784980e+02 -1.05152624e-01 
 1.99526231e+02  2.31332099e+01  1.99526231e+02 -1.13540805e-01 
 2.15443469e+02  2.31331177e+01  2.15443469e+02 -1.22598054e-01 
 2.32630507e+02  2.31330102e+01  2.32630507e+02 -1.32377720e-01 
 2.51188643e+02  2.31328849e+01  2.51188643e+02 -1.42937402e-01 
 2.71227258e+02  2.31327388e+01  2.71227258e+02 -1.54339284e-01 
 2.92864456e+02  2.31325684e+01  2.92864456e+02 -1.66650502e-01 
 3.16227766e+02  2.31323698e+01  3.16227766e+02 -1.79943532e-01 
 3.41454887e+02  2.31321382e+01  3.41454887e+02 -1.94296616e-01 
 3.68694506e+02  2.31318682e+01  3.68694506e+02 -2.09794219e-01 
 3.98107171e+02  2.31315535e+01  3.98107171e+02 -2.26527512e-01 
 4.29866235e+02  2.31311865e+01  4.29866235e+02 -2.44594912e-01 
 4.64158883e+02  2.31307586e+01  4.64158883e+02 -2.64102639e-01 
 5.01187234e+02  2.31302597e+01  5.01187234e+02 -2.85165337e-01 
 5.41169527e+02  2.31296782e+01  5.41169527e+02 -3.07906727e-01 
 5.84341413e+02  2.31290001e+01  5.84341413e+02 -3.32460317e-01 
 6.30957344e+02  2.31282097e+01  6.30957344e+02 -3.58970159e-01 
 6.81292069e+02  2.31272881e+01  6.81292069e+02 -3.87591660e-01 
 7.35642254e+02  2.31262137e+01  7.35642254e+02 -4.18492460e-01 
 7.94328235e+02  2.31249612e+01  7.94328235e+02 -4.51853359e-01 
 8.57695899e+02  2.31235011e+01  8.57695899e+02 -4.87869313e-01 
 9.26118728e+02  2.31217989e+01  9.26118728e+02 -5.26750497e-01 
 1.00000000e+03  2.31198147e+01  1.00000000e+03 -5.68723429e-01 
 1.07977516e+03  2.31175016e+01  1.07977516e+03 -6.14032167e-01 
 1.16591440e+03  2.31148054e+01  1.16591440e+03 -6.62939570e-01 
 1.25892541e+03  2.31116626e+01  1.25892541e+03 -7.15728627e-01 
 1.35935639e+03  2.31079995e+01  1.35935639e+03 -7.72703845e-01 
 1.46779927e+03  2.31037300e+01  1.46779927e+03 -8.34192696e-01 
 1.58489319e+03  2.30987542e+01  1.58489319e+03 -9.00547104e-01 
 1.71132830e+03  2.30929555e+01  1.71132830e+03 -9.72144970e-01 
 1.84784980e+03  2.30861984e+01  1.84784980e+03 -1.04939170e+00 
 1.99526231e+03  2.30783252e+01  1.99526231e+03 -1.13272175e+00 
 2.15443469e+03  2.30691524e+01  2.15443469e+03 -1.22260004e+00 
 2.32630507e+03  2.30584669e+01  2.32630507e+03 -1.31952339e+00 
 2.51188643e+03  2.30460211e+01  2.51188643e+03 -1.42402170e+00 
 2.71227258e+03  2.30315271e+01  2.71227258e+03 -1.53665894e+00 
 2.92864456e+03  2.30146514e+01  2.92864456e+03 -1.65803379e+00 
 3.16227766e+03  2.29950068e+01  3.16227766e+03 -1.78877985e+00 
 3.41454887e+03  2.29721451e+01  3.41454887e+03 -1.92956516e+00 
 3.68694506e+03  2.29455475e+01  3.68694506e+03 -2.08109099e+00 
 3.98107171e+03  2.29146144e+01  3.98107171e+03 -2.24408953e+00 
 4.29866235e+03  2.28786539e+01  4.29866235e+03 -2.41932020e+00 
 4.64158883e+03  2.28368689e+01  4.64158883e+03 -2.60756423e+00 
 5.01187234e+03  2.27883429e+01  5.01187234e+03 -2.80961718e+00 
 5.41169527e+03  2.27320248e+01  5.41169527e+03 -3.02627858e+00 
 5.84341413e+03  2.26667121e+01  5.84341413e+03 -3.25833849e+00 
 6.30957344e+03  2.25910341e+01  6.30957344e+03 -3.50655985e+00 
 6.81292069e+03  2.25034338e+01  6.81292069e+03 -3.77165621e+00 
 7.35642254e+03  2.24021509e+01  7.35642254e+03 -4.05426365e+00 
 7.94328235e+03  2.22852055e+01  7.94328235e+03 -4.35490626e+00 
 8.57695899e+03  2.21503852e+01  8.57695899e+03 -4.67395404e+00 
 9.26118728e+03  2.19952356e+01  9.26118728e+03 -5.01157263e+00 
 1.00000000e+04  2.18170586e+01  1.00000000e+04 -5.36766430e+00 
 1.07977516e+04  2.16129197e+01  1.07977516e+04 -5.74179991e+00 
 1.16591440e+04  2.13796688e+01  1.16591440e+04 -6.13314262e+00 
 1.25892541e+04  2.11139775e+01  1.25892541e+04 -6.54036476e+00 
 1.35935639e+04  2.08123986e+01  1.35935639e+04 -6.96156067e+00 
 1.46779927e+04  2.04714508e+01  1.46779927e+04 -7.39416016e+00 
 1.58489319e+04  2.00877331e+01  1.58489319e+04 -7.83484906e+00 
 1.71132830e+04  1.96580705e+01  1.71132830e+04 -8.27950567e+00 
 1.84784980e+04  1.91796928e+01  1.84784980e+04 -8.72316404e+00 
 1.99526231e+04  1.86504404e+01  1.99526231e+04 -9.16001652e+00 
 2.15443469e+04  1.80689914e+01  2.15443469e+04 -9.58346876e+00 
 2.32630507e+04  1.74350951e+01  2.32630507e+04 -9.98625882e+00 
 2.51188643e+04  1.67497922e+01  2.51188643e+04 -1.03606489e+01 
 2.71227258e+04  1.60155987e+01  2.71227258e+04 -1.06986914e+01 
 2.92864456e+04  1.52366253e+01  2.92864456e+04 -1.09925626e+01 
 3.16227766e+04  1.44186068e+01  3.16227766e+04 -1.12349459e+01 
 3.41454887e+04  1.35688220e+01  3.41454887e+04 -1.14194365e+01 
 3.68694506e+04  1.26958928e+01  3.68694506e+04 -1.15409304e+01 
 3.98107171e+04  1.18094695e+01  3.98107171e+04 -1.15959566e+01 
 4.29866235e+04  1.09198210e+01  4.29866235e+04 -1.15829140e+01 
 4.64158883e+04  1.00373662e+01  4.64158883e+04 -1.15021837e+01 
 5.01187234e+04  9.17219063e+00  5.01187234e+04 -1.13561017e+01 
 5.41169527e+04  8.33359539e+00  5.41169527e+04 -1.11487971e+01 
 5.84341413e+04  7.52972040e+00  5.84341413e+04 -1.08859141e+01 
 6.30957344e+04  6.76727141e+00  6.30957344e+04 -1.05742536e+01 
 6.81292069e+04  6.05136572e+00  6.81292069e+04 -1.02213733e+01 
 7.35642254e+04  5.38549562e+00  7.35642254e+04 -9.83518745e+00 
 7.94328235e+04  4.77159514e+00  7.94328235e+04 -9.42359922e+00 
 8.57695899e+04  4.21018721e+00  8.57695899e+04 -8.99419198e+00 
 9.26118728e+04  3.70058447e+00  9.26118728e+04 -8.55399104e+00 
 1.00000000e+05  3.24111736e+00  1.00000000e+05 -8.10930038e+00 
 1.07977516e+05  2.82936701e+00  1.07977516e+05 -7.66560927e+00 
 1.16591440e+05  2.46238551e+00  1.16591440e+05 -7.22755882e+00 
 1.25892541e+05  2.13689225e+00  1.25892541e+05 -6.79895599e+00 
 1.35935639e+05  1.84943999e+00  1.35935639e+05 -6.38282197e+00 
 1.46779927e+05  1.59654862e+00  1.46779927e+05 -5.98146297e+00 
 1.58489319e+05  1.37480788e+00  1.58489319e+05 -5.59655331e+00 
 1.71132830e+05  1.18095182e+00  1.71132830e+05 -5.22922283e+00 
 1.84784980e+05  1.01190922e+00  1.84784980e+05 -4.88014298e+00 
 1.99526231e+05  8.64834309e-01  1.99526231e+05 -4.54960756e+00 
 2.15443469e+05  7.37121872e-01  2.15443469e+05 -4.23760600e+00 
 2.32630507e+05  6.26410694e-01  2.32630507e+05 -3.94388795e+00 
 2.51188643e+05  5.30578518e-01  2.51188643e+05 -3.66801893e+00 
 2.71227258e+05  4.47731182e-01  2.71227258e+05 -3.40942739e+00 
 2.92864456e+05  3.76188062e-01  2.92864456e+05 -3.16744377e+00 
 3.16227766e+05  3.14465427e-01  3.16227766e+05 -2.94133253e+00 
 3.41454887e+05  2.61258905e-01  3.41454887e+05 -2.73031783e+00 
 3.68694506e+05  2.15425921e-01  3.68694506e+05 -2.53360398e+00 
 3.98107171e+05  1.75968681e-01  3.98107171e+05 -2.35039136e+00 
 4.29866235e+05  1.42018100e-01  4.29866235e+05 -2.17988864e+00 
 4.64158883e+05  1.12818879e-01  4.64158883e+05 -2.02132192e+00 
 5.01187234e+05  8.77158544e-02  5.01187234e+05 -1.87394143e+00 
 5.41169527e+05  6.61416433e-02  5.41169527e+05 -1.73702617e+00 
 5.84341413e+05  4.76055667e-02  5.84341413e+05 -1.60988710e+00 
 6.30957344e+05  3.16837825e-02  6.30957344e+05 -1.49186891e+00 
 6.81292069e+05  1.80105557e-02  6.81292069e+05 -1.38235102e+00 
 7.35642254e+05  6.27056775e-03  7.35642254e+05 -1.28074772e+00 
 7.94328235e+05 -3.80782870e-03  7.94328235e+05 -1.18650778e+00 
 8.57695899e+05 -1.24585064e-02  8.57695899e+05 -1.09911365e+00 
 9.26118728e+05 -1.98827031e-02  9.26118728e+05 -1.01808042e+00 
 1.00000000e+06 -2.62534911e-02  1.00000000e+06 -9.42954494e-01 
 1.07977516e+06 -3.17196550e-02  1.07977516e+06 -8.73312195e-01 
 1.16591440e+06 -3.64090509e-02  1.16591440e+06 -8.08758250e-01 
 1.25892541e+06 -4.04315125e-02  1.25892541e+06 -7.48924269e-01 
 1.35935639e+06 -4.38813600e-02  1.35935639e+06 -6.93467206e-01 
 1.46779927e+06 -4.68395663e-02  1.46779927e+06 -6.42067845e-01 
 1.58489319e+06 -4.93756228e-02  1.58489319e+06 -5.94429321e-01 
 1.71132830e+06 -5.15491474e-02  1.71132830e+06 -5.50275694e-01 
 1.84784980e+06 -5.34112672e-02  1.84784980e+06 -5.09350573e-01 
 1.99526231e+06 -5.50058076e-02  1.99526231e+06 -4.71415814e-01 
 2.15443469e+06 -5.63703140e-02  2.15443469e+06 -4.36250277e-01 
 2.32630507e+06 -5.75369282e-02  2.32630507e+06 -4.03648651e-01 
 2.51188643e+06 -5.85331407e-02  2.51188643e+06 -3.73420350e-01 
 2.71227258e+06 -5.93824341e-02  2.71227258e+06 -3.45388467e-01 
 2.92864456e+06 -6.01048344e-02  2.92864456e+06 -3.19388808e-01 
 3.16227766e+06 -6.07173812e-02  3.16227766e+06 -2.95268968e-01 
 3.41454887e+06 -6.12345282e-02  3.41454887e+06 -2.72887484e-01 
 3.68694506e+06 -6.16684839e-02  3.68694506e+06 -2.52113034e-01 
 3.98107171e+06 -6.20294997e-02  3.98107171e+06 -2.32823700e-01 
 4.29866235e+06 -6.23261121e-02  4.29866235e+06 -2.14906269e-01 
 4.64158883e+06 -6.25653460e-02  4.64158883e+06 -1.98255598e-01 
 5.01187234e+06 -6.27528822e-02  5.01187234e+06 -1.82774015e-01 
 5.41169527e+06 -6.28931943e-02  5.41169527e+06 -1.68370769e-01 
 5.84341413e+06 -6.29896594e-02  5.84341413e+06 -1.54961518e-01 
 6.30957344e+06 -6.30446428e-02  6.30957344e+06 -1.42467864e-01 
 6.81292069e+06 -6.30595626e-02  6.81292069e+06 -1.30816921e-01 
 7.35642254e+06 -6.30349338e-02  7.35642254e+06 -1.19940920e-01 
 7.94328235e+06 -6.29703955e-02  7.94328235e+06 -1.09776861e-01 
 8.57695899e+06 -6.28647218e-02  8.57695899e+06 -1.00266188e-01 
 9.26118728e+06 -6.27158200e-02  9.26118728e+06 -9.13545117e-02 
 1.00000000e+07 -6.25207166e-02  1.00000000e+07 -8.29913674e-02 
 1.07977516e+07 -6.22755343e-02  1.07977516e+07 -7.51300092e-02 
 1.16591440e+07 -6.19754635e-02  1.16591440e+07 -6.77272482e-02 
 1.25892541e+07 -6.16147318e-02  1.25892541e+07 -6.07433329e-02 
 1.35935639e+07 -6.11865767e-02  1.35935639e+07 -5.41418744e-02 
 1.46779927e+07 -6.06832289e-02  1.46779927e+07 -4.78898191e-02 
 1.58489319e+07 -6.00959141e-02  1.58489319e+07 -4.19574710e-02 
 1.71132830e+07 -5.94148846e-02  1.71132830e+07 -3.63185632e-02 
 1.84784980e+07 -5.86294940e-02  1.84784980e+07 -3.09503788e-02 
 1.99526231e+07 -5.77283311e-02  1.99526231e+07 -2.58339154e-02 
 2.15443469e+07 -5.66994304e-02  2.15443469e+07 -2.09540851e-02 
 2.32630507e+07 -5.55305796e-02  2.32630507e+07 -1.62999345e-02 
 2.51188643e+07 -5.42097419e-02  2.51188643e+07 -1.18648624e-02 
 2.71227258e+07 -5.27256103e-02  2.71227258e+07 -7.64680082e-03 
 2.92864456e+07 -5.10683033e-02  2.92864456e+07 -3.64831867e-03 
 3.16227766e+07 -4.92301979e-02  3.16227766e+07  1.23407788e-04 
 3.41454887e+07 -4.72068820e-02  3.41454887e+07  3.65681727e-03 
 3.68694506e+07 -4.49981800e-02  3.68694506e+07  6.93644281e-03 
 3.98107171e+07 -4.26091800e-02  3.98107171e+07  9.94370487e-03 
 4.29866235e+07 -4.00511593e-02  4.29866235e+07  1.26580556e-02 
 4.64158883e+07 -3.73422790e-02  4.64158883e+07  1.50584779e-02 
 5.01187234e+07 -3.45079058e-02  5.01187234e+07  1.71252914e-02 
 5.41169527e+07 -3.15804228e-02  5.41169527e+07  1.88421601e-02 
 5.84341413e+07 -2.85984290e-02  5.84341413e+07  2.01981302e-02 
 6.30957344e+07 -2.56052879e-02  6.30957344e+07  2.11894801e-02 
 6.81292069e+07 -2.26470791e-02  6.81292069e+07  2.18211400e-02 
 7.35642254e+07 -1.97701044e-02  7.35642254e+07  2.21074588e-02 
 7.94328235e+07 -1.70181937e-02  7.94328235e+07  2.20721635e-02 
 8.57695899e+07 -1.44301126e-02  8.57695899e+07  2.17474580e-02 
 9.26118728e+07 -1.20373792e-02  9.26118728e+07  2.11723410e-02 
 1.00000000e+08 -9.86274653e-03  1.00000000e+08  2.03903397e-02 
 1.07977516e+08 -7.91950390e-03  1.07977516e+08  1.94469403e-02 
 1.16591440e+08 -6.21162429e-03  1.16591440e+08  1.83870334e-02 
 1.25892541e+08 -4.73465987e-03  1.25892541e+08  1.72526580e-02 
 1.35935639e+08 -3.47719282e-03  1.35935639e+08  1.60812575e-02 
 1.46779927e+08 -2.42260072e-03  1.46779927e+08  1.49045561e-02 
 1.58489319e+08 -1.55089558e-03  1.58489319e+08  1.37480629e-02 
 1.71132830e+08 -8.40435829e-04  1.71132830e+08  1.26311257e-02 
 1.84784980e+08 -2.69372123e-04  1.84784980e+08  1.15674071e-02 
 1.99526231e+08  1.83243930e-04  1.99526231e+08  1.05656329e-02 
 2.15443469e+08  5.36700367e-04  2.15443469e+08  9.63047518e-03 
 2.32630507e+08  8.08183662e-04  2.32630507e+08  8.76345399e-03 
 2.51188643e+08  1.01259964e-03  2.51188643e+08  7.96377695e-03 
 2.71227258e+08  1.16259108e-03  2.71227258e+08  7.22906764e-03 
 2.92864456e+08  1.26868862e-03  2.92864456e+08  6.55596094e-03 
 3.16227766e+08  1.33954051e-03  3.16227766e+08  5.94056335e-03 
 3.41454887e+08  1.38217847e-03  3.41454887e+08  5.37878930e-03 
 3.68694506e+08  1.40228831e-03  3.68694506e+08  4.86659062e-03 
 3.98107171e+08  1.40446483e-03  3.98107171e+08  4.40009951e-03 
 4.29866235e+08  1.39243819e-03  4.29866235e+08  3.97570442e-03 
 4.64158883e+08  1.36926532e-03  4.64158883e+08  3.59007700e-03 
 5.01187234e+08  1.33748452e-03  5.01187234e+08  3.24016578e-03 
 5.41169527e+08  1.29923427e-03  5.41169527e+08  2.92316965e-03 
 5.84341413e+08  1.25633987e-03  5.84341413e+08  2.63650187e-03 
 6.30957344e+08  1.21037262e-03  6.30957344e+08  2.37775281e-03 
 6.81292069e+08  1.16268757e-03  6.81292069e+08  2.14465706e-03 
 7.35642254e+08  1.11444581e-03  7.35642254e+08  1.93506853e-03 
 7.94328235e+08  1.06662733e-03  7.94328235e+08  1.74694475e-03 
 8.57695899e+08  1.02003918e-03  8.57695899e+08  1.57833994e-03 
 9.26118728e+08  9.75323066e-04  9.26118728e+08  1.42740520e-03 
 1.00000000e+09  9.32964587e-04  1.00000000e+09  1.29239348e-03 
 1.07977516e+09  8.93305451e-04  1.07977516e+09  1.17166665e-03 
 1.16591440e+09  8.56558626e-04  1.16591440e+09  1.06370263e-03 
 1.25892541e+09  8.22825815e-04  1.25892541e+09  9.67100795e-04 
 1.35935639e+09  7.92116172e-04  1.35935639e+09  8.80584692e-04 
 1.46779927e+09  7.64365108e-04  1.46779927e+09  8.03001663e-04 
 1.58489319e+09  7.39452166e-04  1.58489319e+09  7.33319548e-04 
 1.71132830e+09  7.17217192e-04  1.71132830e+09  6.70620881e-04 
 1.84784980e+09  6.97474335e-04  1.84784980e+09  6.14095208e-04 
 1.99526231e+09  6.80023654e-04  1.99526231e+09  5.63030187e-04 
 2.15443469e+09  6.64660373e-04  2.15443469e+09  5.16802094e-04 
 2.32630507e+09  6.51181918e-04  2.32630507e+09  4.74866233e-04 
 2.51188643e+09  6.39393042e-04  2.51188643e+09  4.36747642e-04 
 2.71227258e+09  6.29109305e-04  2.71227258e+09  4.02032370e-04 
 2.92864456e+09  6.20159241e-04  2.92864456e+09  3.70359480e-04 
 3.16227766e+09  6.12385500e-04  3.16227766e+09  3.41413868e-04 
 3.41454887e+09  6.05645204e-04  3.41454887e+09  3.14919914e-04 
 3.68694506e+09  5.99809757e-04  3.68694506e+09  2.90635931e-04 
 3.98107171e+09  5.94764256e-04  3.98107171e+09  2.68349368e-04 
 4.29866235e+09  5.90406665e-04  4.29866235e+09  2.47872692e-04 
 4.64158883e+09  5.86646841e-04  4.64158883e+09  2.29039872e-04 
 5.01187234e+09  5.83405493e-04  5.01187234e+09  2.11703394e-04 
 5.41169527e+09  5.80613135e-04  5.41169527e+09  1.95731727e-04 
 5.84341413e+09  5.78209064e-04  5.84341413e+09  1.81007185e-04 
 6.30957344e+09  5.76140390e-04  6.30957344e+09  1.67424111e-04 
 6.81292069e+09  5.74361139e-04  6.81292069e+09  1.54887343e-04 
 7.35642254e+09  5.72831422e-04  7.35642254e+09  1.43310918e-04 
 7.94328235e+09  5.71516687e-04  7.94328235e+09  1.32616960e-04 
 8.57695899e+09  5.70387052e-04  8.57695899e+09  1.22734743e-04 
 9.26118728e+09  5.69416698e-04  9.26118728e+09  1.13599884e-04 
 1.00000000e+10  5.68583347e-04  1.00000000e+10  1.05153649e-04 
