 1.00000000e+00  2.79635591e+02  1.00000000e+00 -3.06659527e-03 
 1.07977516e+00  2.79635591e+02  1.07977516e+00 -3.31123341e-03 
 1.16591440e+00  2.79635591e+02  1.16591440e+00 -3.57538759e-03 
 1.25892541e+00  2.79635591e+02  1.25892541e+00 -3.86061472e-03 
 1.35935639e+00  2.79635591e+02  1.35935639e+00 -4.16859588e-03 
 1.46779927e+00  2.79635591e+02  1.46779927e+00 -4.50114630e-03 
 1.58489319e+00  2.79635591e+02  1.58489319e+00 -4.86022597e-03 
 1.71132830e+00  2.79635591e+02  1.71132830e+00 -5.24795129e-03 
 1.84784980e+00  2.79635591e+02  1.84784980e+00 -5.66660746e-03 
 1.99526231e+00  2.79635591e+02  1.99526231e+00 -6.11866199e-03 
 2.15443469e+00  2.79635591e+02  2.15443469e+00 -6.60677924e-03 
 2.32630507e+00  2.79635591e+02  2.32630507e+00 -7.13383612e-03 
 2.51188643e+00  2.79635591e+02  2.51188643e+00 -7.70293906e-03 
 2.71227258e+00  2.79635591e+02  2.71227258e+00 -8.31744227e-03 
 2.92864456e+00  2.79635591e+02  2.92864456e+00 -8.98096758e-03 
 3.16227766e+00  2.79635591e+02  3.16227766e+00 -9.69742572e-03 
 3.41454887e+00  2.79635591e+02  3.41454887e+00 -1.04710394e-02 
 3.68694506e+00  2.79635591e+02  3.68694506e+00 -1.13063683e-02 
 3.98107171e+00  2.79635591e+02  3.98107171e+00 -1.22083357e-02 
 4.29866235e+00  2.79635591e+02  4.29866235e+00 -1.31822576e-02 
 4.64158883e+00  2.79635591e+02  4.64158883e+00 -1.42338744e-02 
 5.01187234e+00  2.79635591e+02  5.01187234e+00 -1.53693840e-02 
 5.41169527e+00  2.79635590e+02  5.41169527e+00 -1.65954791e-02 
 5.84341413e+00  2.79635590e+02  5.84341413e+00 -1.79193861e-02 
 6.30957344e+00  2.79635590e+02  6.30957344e+00 -1.93489080e-02 
 6.81292069e+00  2.79635590e+02  6.81292069e+00 -2.08924703e-02 
 7.35642254e+00  2.79635590e+02  7.35642254e+00 -2.25591705e-02 
 7.94328235e+00  2.79635589e+02  7.94328235e+00 -2.43588319e-02 
 8.57695899e+00  2.79635589e+02  8.57695899e+00 -2.63020617e-02 
 9.26118728e+00  2.79635589e+02  9.26118728e+00 -2.84003129e-02 
 1.00000000e+01  2.79635588e+02  1.00000000e+01 -3.06659524e-02 
 1.07977516e+01  2.79635588e+02  1.07977516e+01 -3.31123336e-02 
 1.16591440e+01  2.79635587e+02  1.16591440e+01 -3.57538754e-02 
 1.25892541e+01  2.79635586e+02  1.25892541e+01 -3.86061465e-02 
 1.35935639e+01  2.79635585e+02  1.35935639e+01 -4.16859579e-02 
 1.46779927e+01  2.79635584e+02  1.46779927e+01 -4.50114618e-02 
 1.58489319e+01  2.79635583e+02  1.58489319e+01 -4.86022583e-02 
 1.71132830e+01  2.79635582e+02  1.71132830e+01 -5.24795111e-02 
 1.84784980e+01  2.79635580e+02  1.84784980e+01 -5.66660723e-02 
 1.99526231e+01  2.79635578e+02  1.99526231e+01 -6.11866170e-02 
 2.15443469e+01  2.79635576e+02  2.15443469e+01 -6.60677887e-02 
 2.32630507e+01  2.79635573e+02  2.32630507e+01 -7.13383566e-02 
 2.51188643e+01  2.79635570e+02  2.51188643e+01 -7.70293848e-02 
 2.71227258e+01  2.79635567e+02  2.71227258e+01 -8.31744154e-02 
 2.92864456e+01  2.79635563e+02  2.92864456e+01 -8.98096666e-02 
 3.16227766e+01  2.79635558e+02  3.16227766e+01 -9.69742457e-02 
 3.41454887e+01  2.79635552e+02  3.41454887e+01 -1.04710380e-01 
 3.68694506e+01  2.79635546e+02  3.68694506e+01 -1.13063665e-01 
 3.98107171e+01  2.79635538e+02  3.98107171e+01 -1.22083334e-01 
 4.29866235e+01  2.79635529e+02  4.29866235e+01 -1.31822547e-01 
 4.64158883e+01  2.79635519e+02  4.64158883e+01 -1.42338707e-01 
 5.01187234e+01  2.79635507e+02  5.01187234e+01 -1.53693794e-01 
 5.41169527e+01  2.79635493e+02  5.41169527e+01 -1.65954733e-01 
 5.84341413e+01  2.79635477e+02  5.84341413e+01 -1.79193788e-01 
 6.30957344e+01  2.79635458e+02  6.30957344e+01 -1.93488989e-01 
 6.81292069e+01  2.79635435e+02  6.81292069e+01 -2.08924587e-01 
 7.35642254e+01  2.79635410e+02  7.35642254e+01 -2.25591559e-01 
 7.94328235e+01  2.79635379e+02  7.94328235e+01 -2.43588136e-01 
 8.57695899e+01  2.79635344e+02  8.57695899e+01 -2.63020386e-01 
 9.26118728e+01  2.79635303e+02  9.26118728e+01 -2.84002839e-01 
 1.00000000e+02  2.79635255e+02  1.00000000e+02 -3.06659159e-01 
 1.07977516e+02  2.79635199e+02  1.07977516e+02 -3.31122877e-01 
 1.16591440e+02  2.79635134e+02  1.16591440e+02 -3.57538175e-01 
 1.25892541e+02  2.79635059e+02  1.25892541e+02 -3.86060737e-01 
 1.35935639e+02  2.79634970e+02  1.35935639e+02 -4.16858663e-01 
 1.46779927e+02  2.79634867e+02  1.46779927e+02 -4.50113464e-01 
 1.58489319e+02  2.79634747e+02  1.58489319e+02 -4.86021130e-01 
 1.71132830e+02  2.79634607e+02  1.71132830e+02 -5.24793282e-01 
 1.84784980e+02  2.79634444e+02  1.84784980e+02 -5.66658420e-01 
 1.99526231e+02  2.79634253e+02  1.99526231e+02 -6.11863271e-01 
 2.15443469e+02  2.79634031e+02  2.15443469e+02 -6.60674238e-01 
 2.32630507e+02  2.79633772e+02  2.32630507e+02 -7.13378973e-01 
 2.51188643e+02  2.79633470e+02  2.51188643e+02 -7.70288065e-01 
 2.71227258e+02  2.79633118e+02  2.71227258e+02 -8.31736874e-01 
 2.92864456e+02  2.79632708e+02  2.92864456e+02 -8.98087501e-01 
 3.16227766e+02  2.79632230e+02  3.16227766e+02 -9.69730918e-01 
 3.41454887e+02  2.79631672e+02  3.41454887e+02 -1.04708927e+00 
 3.68694506e+02  2.79631021e+02  3.68694506e+02 -1.13061836e+00 
 3.98107171e+02  2.79630263e+02  3.98107171e+02 -1.22081031e+00 
 4.29866235e+02  2.79629379e+02  4.29866235e+02 -1.31819649e+00 
 4.64158883e+02  2.79628349e+02  4.64158883e+02 -1.42335058e+00 
 5.01187234e+02  2.79627147e+02  5.01187234e+02 -1.53689200e+00 
 5.41169527e+02  2.79625746e+02  5.41169527e+02 -1.65948950e+00 
 5.84341413e+02  2.79624113e+02  5.84341413e+02 -1.79186508e+00 
 6.30957344e+02  2.79622208e+02  6.30957344e+02 -1.93479824e+00 
 6.81292069e+02  2.79619988e+02  6.81292069e+02 -2.08913050e+00 
 7.35642254e+02  2.79617399e+02  7.35642254e+02 -2.25577034e+00 
 7.94328235e+02  2.79614381e+02  7.94328235e+02 -2.43569850e+00 
 8.57695899e+02  2.79610862e+02  8.57695899e+02 -2.62997366e+00 
 9.26118728e+02  2.79606759e+02  9.26118728e+02 -2.83973858e+00 
 1.00000000e+03  2.79601976e+02  1.00000000e+03 -3.06622675e+00 
 1.07977516e+03  2.79596400e+02  1.07977516e+03 -3.31076948e+00 
 1.16591440e+03  2.79589899e+02  1.16591440e+03 -3.57480355e+00 
 1.25892541e+03  2.79582319e+02  1.25892541e+03 -3.85987947e+00 
 1.35935639e+03  2.79573482e+02  1.35935639e+03 -4.16767029e+00 
 1.46779927e+03  2.79563180e+02  1.46779927e+03 -4.49998109e+00 
 1.58489319e+03  2.79551169e+02  1.58489319e+03 -4.85875913e+00 
 1.71132830e+03  2.79537168e+02  1.71132830e+03 -5.24610473e+00 
 1.84784980e+03  2.79520844e+02  1.84784980e+03 -5.66428291e+00 
 1.99526231e+03  2.79501815e+02  1.99526231e+03 -6.11573575e+00 
 2.15443469e+03  2.79479632e+02  2.15443469e+03 -6.60309562e+00 
 2.32630507e+03  2.79453773e+02  2.32630507e+03 -7.12919916e+00 
 2.51188643e+03  2.79423630e+02  2.51188643e+03 -7.69710209e+00 
 2.71227258e+03  2.79388493e+02  2.71227258e+03 -8.31009489e+00 
 2.92864456e+03  2.79347538e+02  2.92864456e+03 -8.97171913e+00 
 3.16227766e+03  2.79299804e+02  3.16227766e+03 -9.68578460e+00 
 3.41454887e+03  2.79244170e+02  3.41454887e+03 -1.04563870e+01 
 3.68694506e+03  2.79179333e+02  3.68694506e+03 -1.12879263e+01 
 3.98107171e+03  2.79103777e+02  3.98107171e+03 -1.21851249e+01 
 4.29866235e+03  2.79015737e+02  4.29866235e+03 -1.31530462e+01 
 4.64158883e+03  2.78913160e+02  4.64158883e+03 -1.41971128e+01 
 5.01187234e+03  2.78793659e+02  5.01187234e+03 -1.53231238e+01 
 5.41169527e+03  2.78654460e+02  5.41169527e+03 -1.65372700e+01 
 5.84341413e+03  2.78492341e+02  5.84341413e+03 -1.78461479e+01 
 6.30957344e+03  2.78303563e+02  6.30957344e+03 -1.92567691e+01 
 6.81292069e+03  2.78083786e+02  6.81292069e+03 -2.07765658e+01 
 7.35642254e+03  2.77827983e+02  7.35642254e+03 -2.24133895e+01 
 7.94328235e+03  2.77530332e+02  7.94328235e+03 -2.41755012e+01 
 8.57695899e+03  2.77184100e+02  8.57695899e+03 -2.60715497e+01 
 9.26118728e+03  2.76781512e+02  9.26118728e+03 -2.81105369e+01 
 1.00000000e+04  2.76313603e+02  1.00000000e+04 -3.03017626e+01 
 1.07977516e+04  2.75770054e+02  1.07977516e+04 -3.26547475e+01 
 1.16591440e+04  2.75139016e+02  1.16591440e+04 -3.51791263e+01 
 1.25892541e+04  2.74406914e+02  1.25892541e+04 -3.78845050e+01 
 1.35935639e+04  2.73558250e+02  1.35935639e+04 -4.07802739e+01 
 1.46779927e+04  2.72575381e+02  1.46779927e+04 -4.38753685e+01 
 1.58489319e+04  2.71438318e+02  1.58489319e+04 -4.71779661e+01 
 1.71132830e+04  2.70124517e+02  1.71132830e+04 -5.06951094e+01 
 1.84784980e+04  2.68608700e+02  1.84784980e+04 -5.44322456e+01 
 1.99526231e+04  2.66862720e+02  1.99526231e+04 -5.83926697e+01 
 2.15443469e+04  2.64855493e+02  2.15443469e+04 -6.25768651e+01 
 2.32630507e+04  2.62553019e+02  2.32630507e+04 -6.69817373e+01 
 2.51188643e+04  2.59918554e+02  2.51188643e+04 -7.15997412e+01 
 2.71227258e+04  2.56912955e+02  2.71227258e+04 -7.64179163e+01 
 2.92864456e+04  2.53495254e+02  2.92864456e+04 -8.14168543e+01 
 3.16227766e+04  2.49623530e+02  3.16227766e+04 -8.65696435e+01 
 3.41454887e+04  2.45256099e+02  3.41454887e+04 -9.18408571e+01 
 3.68694506e+04  2.40353090e+02  3.68694506e+04 -9.71856779e+01 
 3.98107171e+04  2.34878402e+02  3.98107171e+04 -1.02549278e+02 
 4.29866235e+04  2.28802034e+02  4.29866235e+04 -1.07866594e+02 
 4.64158883e+04  2.22102714e+02  4.64158883e+04 -1.13062666e+02 
 5.01187234e+04  2.14770701e+02  5.01187234e+04 -1.18053666e+02 
 5.41169527e+04  2.06810553e+02  5.41169527e+04 -1.22748778e+02 
 5.84341413e+04  1.98243597e+02  5.84341413e+04 -1.27052965e+02 
 6.30957344e+04  1.89109798e+02  6.30957344e+04 -1.30870608e+02 
 6.81292069e+04  1.79468680e+02  6.81292069e+04 -1.34109864e+02 
 7.35642254e+04  1.69399039e+02  7.35642254e+04 -1.36687476e+02 
 7.94328235e+04  1.58997241e+02  7.94328235e+04 -1.38533611e+02 
 8.57695899e+04  1.48374085e+02  8.57695899e+04 -1.39596267e+02 
 9.26118728e+04  1.37650387e+02  9.26118728e+04 -1.39844751e+02 
 1.00000000e+05  1.26951614e+02  1.00000000e+05 -1.39271804e+02 
 1.07977516e+05  1.16402073e+02  1.07977516e+05 -1.37894116e+02 
 1.16591440e+05  1.06119213e+02  1.16591440e+05 -1.35751151e+02 
 1.25892541e+05  9.62085850e+01  1.25892541e+05 -1.32902446e+02 
 1.35935639e+05  8.67598963e+01  1.35935639e+05 -1.29423712e+02 
 1.46779927e+05  7.78444369e+01  1.46779927e+05 -1.25402189e+02 
 1.58489319e+05  6.95139510e+01  1.58489319e+05 -1.20931772e+02 
 1.71132830e+05  6.18008561e+01  1.71132830e+05 -1.16108337e+02 
 1.84784980e+05  5.47195787e+01  1.84784980e+05 -1.11025639e+02 
 1.99526231e+05  4.82686979e+01  1.99526231e+05 -1.05772008e+02 
 2.15443469e+05  4.24335703e+01  2.15443469e+05 -1.00427936e+02 
 2.32630507e+05  3.71891401e+01  2.32630507e+05 -9.50645506e+01 
 2.51188643e+05  3.25026918e+01  2.51188643e+05 -8.97428665e+01 
 2.71227258e+05  2.83363734e+01  2.71227258e+05 -8.45136978e+01 
 2.92864456e+05  2.46493837e+01  2.92864456e+05 -7.94180538e+01 
 3.16227766e+05  2.13997787e+01  3.16227766e+05 -7.44878759e+01 
 3.41454887e+05  1.85458904e+01  3.41454887e+05 -6.97469808e+01 
 3.68694506e+05  1.60473878e+01  3.68694506e+05 -6.52120985e+01 
 3.98107171e+05  1.38660213e+01  3.98107171e+05 -6.08939254e+01 
 4.29866235e+05  1.19661032e+01  4.29866235e+05 -5.67981345e+01 
 4.64158883e+05  1.03147770e+01  4.64158883e+05 -5.29263053e+01 
 5.01187234e+05  8.88212291e+00  5.01187234e+05 -4.92767559e+01 
 5.41169527e+05  7.64114285e+00  5.41169527e+05 -4.58452664e+01 
 5.84341413e+05  6.56766078e+00  5.84341413e+05 -4.26256969e+01 
 6.30957344e+05  5.64016619e+00  6.30957344e+05 -3.96105053e+01 
 6.81292069e+05  4.83962375e+00  6.81292069e+05 -3.67911734e+01 
 7.35642254e+05  4.14926569e+00  7.35642254e+05 -3.41585532e+01 
 7.94328235e+05  3.55437907e+00  7.94328235e+05 -3.17031433e+01 
 8.57695899e+05  3.04209671e+00  8.57695899e+05 -2.94153066e+01 
 9.26118728e+05  2.60119731e+00  9.26118728e+05 -2.72854384e+01 
 1.00000000e+06  2.22191843e+00  1.00000000e+06 -2.53040943e+01 
 1.07977516e+06  1.89578426e+00  1.07977516e+06 -2.34620843e+01 
 1.16591440e+06  1.61544889e+00  1.16591440e+06 -2.17505409e+01 
 1.25892541e+06  1.37455529e+00  1.25892541e+06 -2.01609649e+01 
 1.35935639e+06  1.16760915e+00  1.35935639e+06 -1.86852556e+01 
 1.46779927e+06  9.89867080e-01  1.46779927e+06 -1.73157266e+01 
 1.58489319e+06  8.37237760e-01  1.58489319e+06 -1.60451120e+01 
 1.71132830e+06  7.06195169e-01  1.71132830e+06 -1.48665651e+01 
 1.84784980e+06  5.93702556e-01  1.84784980e+06 -1.37736512e+01 
 1.99526231e+06  4.97146094e-01  1.99526231e+06 -1.27603360e+01 
 2.15443469e+06  4.14277113e-01  2.15443469e+06 -1.18209709e+01 
 2.32630507e+06  3.43161930e-01  2.32630507e+06 -1.09502774e+01 
 2.51188643e+06  2.82138344e-01  2.51188643e+06 -1.01433287e+01 
 2.71227258e+06  2.29777975e-01  2.71227258e+06 -9.39553186e+00 
 2.92864456e+06  1.84853714e-01  2.92864456e+06 -8.70260906e+00 
 3.16227766e+06  1.46311610e-01  3.16227766e+06 -8.06057941e+00 
 3.41454887e+06  1.13246621e-01  3.41454887e+06 -7.46574080e+00 
 3.68694506e+06  8.48817161e-02  3.68694506e+06 -6.91465246e+00 
 3.98107171e+06  6.05498729e-02  3.98107171e+06 -6.40411811e+00 
 4.29866235e+06  3.96785818e-02  4.29866235e+06 -5.93116987e+00 
 4.64158883e+06  2.17765170e-02  4.64158883e+06 -5.49305293e+00 
 5.01187234e+06  6.42207359e-03  5.01187234e+06 -5.08721107e+00 
 5.41169527e+06 -6.74648602e-03  5.41169527e+06 -4.71127295e+00 
 5.84341413e+06 -1.80394978e-02  5.84341413e+06 -4.36303925e+00 
 6.30957344e+06 -2.77231686e-02  6.30957344e+06 -4.04047057e+00 
 6.81292069e+06 -3.60258211e-02  6.81292069e+06 -3.74167610e+00 
 7.35642254e+06 -4.31432552e-02  7.35642254e+06 -3.46490303e+00 
 7.94328235e+06 -4.92433489e-02  7.94328235e+06 -3.20852667e+00 
 8.57695899e+06 -5.44700063e-02  8.57695899e+06 -2.97104120e+00 
 9.26118728e+06 -5.89465438e-02  9.26118728e+06 -2.75105110e+00 
 1.00000000e+07 -6.27785933e-02  1.00000000e+07 -2.54726311e+00 
 1.07977516e+07 -6.60565906e-02  1.07977516e+07 -2.35847885e+00 
 1.16591440e+07 -6.88579065e-02  1.16591440e+07 -2.18358781e+00 
 1.25892541e+07 -7.12486716e-02  1.25892541e+07 -2.02156102e+00 
 1.35935639e+07 -7.32853368e-02  1.35935639e+07 -1.87144499e+00 
 1.46779927e+07 -7.50160060e-02  1.46779927e+07 -1.73235625e+00 
 1.58489319e+07 -7.64815739e-02  1.58489319e+07 -1.60347614e+00 
 1.71132830e+07 -7.77166945e-02  1.71132830e+07 -1.48404611e+00 
 1.84784980e+07 -7.87506039e-02  1.84784980e+07 -1.37336323e+00 
 1.99526231e+07 -7.96078175e-02  1.99526231e+07 -1.27077617e+00 
 2.15443469e+07 -8.03087182e-02  2.15443469e+07 -1.17568138e+00 
 2.32630507e+07 -8.08700508e-02  2.32630507e+07 -1.08751956e+00 
 2.51188643e+07 -8.13053349e-02  2.51188643e+07 -1.00577249e+00 
 2.71227258e+07 -8.16252076e-02  2.71227258e+07 -9.29959976e-01 
 2.92864456e+07 -8.18377067e-02  2.92864456e+07 -8.59637129e-01 
 3.16227766e+07 -8.19485024e-02  3.16227766e+07 -7.94391828e-01 
 3.41454887e+07 -8.19610870e-02  3.41454887e+07 -7.33842394e-01 
 3.68694506e+07 -8.18769314e-02  3.68694506e+07 -6.77635460e-01 
 3.98107171e+07 -8.16956162e-02  3.98107171e+07 -6.25444037e-01 
 4.29866235e+07 -8.14149479e-02  4.29866235e+07 -5.76965748e-01 
 4.64158883e+07 -8.10310707e-02  4.64158883e+07 -5.31921248e-01 
 5.01187234e+07 -8.05385849e-02  5.01187234e+07 -4.90052784e-01 
 5.41169527e+07 -7.99306864e-02  5.41169527e+07 -4.51122929e-01 
 5.84341413e+07 -7.91993411e-02  5.84341413e+07 -4.14913442e-01 
 6.30957344e+07 -7.83355123e-02  6.30957344e+07 -3.81224253e-01 
 6.81292069e+07 -7.73294555e-02  6.81292069e+07 -3.49872565e-01 
 7.35642254e+07 -7.61710990e-02  7.35642254e+07 -3.20692023e-01 
 7.94328235e+07 -7.48505222e-02  7.94328235e+07 -2.93531938e-01 
 8.57695899e+07 -7.33585383e-02  8.57695899e+07 -2.68256527e-01 
 9.26118728e+07 -7.16873806e-02  9.26118728e+07 -2.44744104e-01 
 1.00000000e+08 -6.98314744e-02  1.00000000e+08 -2.22886196e-01 
 1.07977516e+08 -6.77882632e-02  1.07977516e+08 -2.02586522e-01 
 1.16591440e+08 -6.55590328e-02  1.16591440e+08 -1.83759792e-01 
 1.25892541e+08 -6.31496635e-02  1.25892541e+08 -1.66330303e-01 
 1.35935639e+08 -6.05712212e-02  1.35935639e+08 -1.50230328e-01 
 1.46779927e+08 -5.78402925e-02  1.46779927e+08 -1.35398335e-01 
 1.58489319e+08 -5.49789822e-02  1.58489319e+08 -1.21777097e-01 
 1.71132830e+08 -5.20145098e-02  1.71132830e+08 -1.09311815e-01 
 1.84784980e+08 -4.89783893e-02  1.84784980e+08 -9.79483640e-02 
 1.99526231e+08 -4.59052264e-02  1.99526231e+08 -8.76318262e-02 
 2.15443469e+08 -4.28312220e-02  2.15443469e+08 -7.83054162e-02 
 2.32630507e+08 -3.97925171e-02  2.32630507e+08 -6.99098917e-02 
 2.51188643e+08 -3.68235399e-02  2.51188643e+08 -6.23834765e-02 
 2.71227258e+08 -3.39555148e-02  2.71227258e+08 -5.56622595e-02 
 2.92864456e+08 -3.12152660e-02  2.92864456e+08 -4.96809822e-02 
 3.16227766e+08 -2.86244049e-02  3.16227766e+08 -4.43740842e-02 
 3.41454887e+08 -2.61989334e-02  3.41454887e+08 -3.96768648e-02 
 3.68694506e+08 -2.39492422e-02  3.68694506e+08 -3.55266220e-02 
 3.98107171e+08 -2.18804457e-02  3.98107171e+08 -3.18636619e-02 
 4.29866235e+08 -1.99929646e-02  4.29866235e+08 -2.86321028e-02 
 4.64158883e+08 -1.82832646e-02  4.64158883e+08 -2.57804382e-02 
 5.01187234e+08 -1.67446627e-02  5.01187234e+08 -2.32618578e-02 
 5.41169527e+08 -1.53681277e-02  5.41169527e+08 -2.10343468e-02 
 5.84341413e+08 -1.41430217e-02  5.84341413e+08 -1.90606017e-02 
 6.30957344e+08 -1.30577505e-02  6.30957344e+08 -1.73078072e-02 
 6.81292069e+08 -1.21003033e-02  6.81292069e+08 -1.57473175e-02 
 7.35642254e+08 -1.12586823e-02  7.35642254e+08 -1.43542801e-02 
 7.94328235e+08 -1.05212255e-02  7.94328235e+08 -1.31072360e-02 
 8.57695899e+08 -9.87683695e-03  8.57695899e+08 -1.19877191e-02 
 9.26118728e+08 -9.31513687e-03  9.26118728e+08 -1.09798731e-02 
 1.00000000e+09 -8.82654913e-03  1.00000000e+09 -1.00700959e-02 
 1.07977516e+09 -8.40233839e-03  1.07977516e+09 -9.24671911e-03 
 1.16591440e+09 -8.03461080e-03  1.16591440e+09 -8.49972269e-03 
 1.25892541e+09 -7.71628843e-03  1.25892541e+09 -7.82048714e-03 
 1.35935639e+09 -7.44106626e-03  1.35935639e+09 -7.20157919e-03 
 1.46779927e+09 -7.20335849e-03  1.46779927e+09 -6.63656904e-03 
 1.58489319e+09 -6.99823931e-03  1.58489319e+09 -6.11987551e-03 
 1.71132830e+09 -6.82138181e-03  1.71132830e+09 -5.64663559e-03 
 1.84784980e+09 -6.66899776e-03  1.84784980e+09 -5.21259496e-03 
 1.99526231e+09 -6.53777984e-03  1.99526231e+09 -4.81401637e-03 
 2.15443469e+09 -6.42484753e-03  2.15443469e+09 -4.44760309e-03 
 2.32630507e+09 -6.32769726e-03  2.32630507e+09 -4.11043499e-03 
 2.51188643e+09 -6.24415688e-03  2.51188643e+09 -3.79991507e-03 
 2.71227258e+09 -6.17234473e-03  2.71227258e+09 -3.51372478e-03 
 2.92864456e+09 -6.11063293e-03  2.92864456e+09 -3.24978653e-03 
 3.16227766e+09 -6.05761479e-03  3.16227766e+09 -3.00623224e-03 
 3.41454887e+09 -6.01207596e-03  3.41454887e+09 -2.78137679e-03 
 3.68694506e+09 -5.97296906e-03  3.68694506e+09 -2.57369559e-03 
 3.98107171e+09 -5.93939137e-03  3.98107171e+09 -2.38180556e-03 
 4.29866235e+09 -5.91056541e-03  4.29866235e+09 -2.20444892e-03 
 4.64158883e+09 -5.88582189e-03  4.64158883e+09 -2.04047926e-03 
 5.01187234e+09 -5.86458500e-03  5.01187234e+09 -1.88884962e-03 
 5.41169527e+09 -5.84635951e-03  5.41169527e+09 -1.74860217e-03 
 5.84341413e+09 -5.83071969e-03  5.84341413e+09 -1.61885925e-03 
 6.30957344e+09 -5.81729967e-03  6.30957344e+09 -1.49881554e-03 
 6.81292069e+09 -5.80578507e-03  6.81292069e+09 -1.38773116e-03 
 7.35642254e+09 -5.79590589e-03  7.35642254e+09 -1.28492567e-03 
 7.94328235e+09 -5.78743022e-03  7.94328235e+09 -1.18977269e-03 
 8.57695899e+09 -5.78015896e-03  8.57695899e+09 -1.10169513e-03 
 9.26118728e+09 -5.77392116e-03  9.26118728e+09 -1.02016092e-03 
 1.00000000e+10 -5.76857010e-03  1.00000000e+10 -9.44679245e-04 
