 1.00000000e+00  2.44816297e+02  1.00000000e+00 -6.63474082e-03 
 1.07977516e+00  2.44816296e+02  1.07977516e+00 -7.16402835e-03 
 1.16591440e+00  2.44816296e+02  1.16591440e+00 -7.73553987e-03 
 1.25892541e+00  2.44816296e+02  1.25892541e+00 -8.35264382e-03 
 1.35935639e+00  2.44816296e+02  1.35935639e+00 -9.01897733e-03 
 1.46779927e+00  2.44816296e+02  1.46779927e+00 -9.73846771e-03 
 1.58489319e+00  2.44816296e+02  1.58489319e+00 -1.05153556e-02 
 1.71132830e+00  2.44816296e+02  1.71132830e+00 -1.13542197e-02 
 1.84784980e+00  2.44816296e+02  1.84784980e+00 -1.22600045e-02 
 1.99526231e+00  2.44816296e+02  1.99526231e+00 -1.32380483e-02 
 2.15443469e+00  2.44816296e+02  2.15443469e+00 -1.42941157e-02 
 2.32630507e+00  2.44816296e+02  2.32630507e+00 -1.54344311e-02 
 2.51188643e+00  2.44816296e+02  2.51188643e+00 -1.66657154e-02 
 2.71227258e+00  2.44816295e+02  2.71227258e+00 -1.79952255e-02 
 2.92864456e+00  2.44816295e+02  2.92864456e+00 -1.94307975e-02 
 3.16227766e+00  2.44816295e+02  3.16227766e+00 -2.09808925e-02 
 3.41454887e+00  2.44816295e+02  3.41454887e+00 -2.26546466e-02 
 3.68694506e+00  2.44816294e+02  3.68694506e+00 -2.44619247e-02 
 3.98107171e+00  2.44816294e+02  3.98107171e+00 -2.64133787e-02 
 4.29866235e+00  2.44816293e+02  4.29866235e+00 -2.85205102e-02 
 4.64158883e+00  2.44816293e+02  4.64158883e+00 -3.07957384e-02 
 5.01187234e+00  2.44816292e+02  5.01187234e+00 -3.32524734e-02 
 5.41169527e+00  2.44816291e+02  5.41169527e+00 -3.59051947e-02 
 5.84341413e+00  2.44816291e+02  5.84341413e+00 -3.87695373e-02 
 6.30957344e+00  2.44816290e+02  6.30957344e+00 -4.18623833e-02 
 6.81292069e+00  2.44816288e+02  6.81292069e+00 -4.52019615e-02 
 7.35642254e+00  2.44816287e+02  7.35642254e+00 -4.88079551e-02 
 7.94328235e+00  2.44816285e+02  7.94328235e+00 -5.27016172e-02 
 8.57695899e+00  2.44816283e+02  8.57695899e+00 -5.69058969e-02 
 9.26118728e+00  2.44816281e+02  9.26118728e+00 -6.14455735e-02 
 1.00000000e+01  2.44816279e+02  1.00000000e+01 -6.63474034e-02 
 1.07977516e+01  2.44816276e+02  1.07977516e+01 -7.16402774e-02 
 1.16591440e+01  2.44816272e+02  1.16591440e+01 -7.73553911e-02 
 1.25892541e+01  2.44816268e+02  1.25892541e+01 -8.35264286e-02 
 1.35935639e+01  2.44816263e+02  1.35935639e+01 -9.01897612e-02 
 1.46779927e+01  2.44816258e+02  1.46779927e+01 -9.73846619e-02 
 1.58489319e+01  2.44816252e+02  1.58489319e+01 -1.05153536e-01 
 1.71132830e+01  2.44816244e+02  1.71132830e+01 -1.13542173e-01 
 1.84784980e+01  2.44816235e+02  1.84784980e+01 -1.22600014e-01 
 1.99526231e+01  2.44816225e+02  1.99526231e+01 -1.32380445e-01 
 2.15443469e+01  2.44816213e+02  2.15443469e+01 -1.42941109e-01 
 2.32630507e+01  2.44816199e+02  2.32630507e+01 -1.54344251e-01 
 2.51188643e+01  2.44816183e+02  2.51188643e+01 -1.66657077e-01 
 2.71227258e+01  2.44816164e+02  2.71227258e+01 -1.79952159e-01 
 2.92864456e+01  2.44816143e+02  2.92864456e+01 -1.94307854e-01 
 3.16227766e+01  2.44816117e+02  3.16227766e+01 -2.09808773e-01 
 3.41454887e+01  2.44816087e+02  3.41454887e+01 -2.26546274e-01 
 3.68694506e+01  2.44816052e+02  3.68694506e+01 -2.44619005e-01 
 3.98107171e+01  2.44816012e+02  3.98107171e+01 -2.64133483e-01 
 4.29866235e+01  2.44815965e+02  4.29866235e+01 -2.85204719e-01 
 4.64158883e+01  2.44815909e+02  4.64158883e+01 -3.07956902e-01 
 5.01187234e+01  2.44815845e+02  5.01187234e+01 -3.32524127e-01 
 5.41169527e+01  2.44815770e+02  5.41169527e+01 -3.59051183e-01 
 5.84341413e+01  2.44815683e+02  5.84341413e+01 -3.87694412e-01 
 6.30957344e+01  2.44815581e+02  6.30957344e+01 -4.18622622e-01 
 6.81292069e+01  2.44815462e+02  6.81292069e+01 -4.52018091e-01 
 7.35642254e+01  2.44815324e+02  7.35642254e+01 -4.88077632e-01 
 7.94328235e+01  2.44815163e+02  7.94328235e+01 -5.27013757e-01 
 8.57695899e+01  2.44814974e+02  8.57695899e+01 -5.69055927e-01 
 9.26118728e+01  2.44814755e+02  9.26118728e+01 -6.14451906e-01 
 1.00000000e+02  2.44814499e+02  1.00000000e+02 -6.63469214e-01 
 1.07977516e+02  2.44814201e+02  1.07977516e+02 -7.16396705e-01 
 1.16591440e+02  2.44813853e+02  1.16591440e+02 -7.73546271e-01 
 1.25892541e+02  2.44813448e+02  1.25892541e+02 -8.35254668e-01 
 1.35935639e+02  2.44812975e+02  1.35935639e+02 -9.01885504e-01 
 1.46779927e+02  2.44812424e+02  1.46779927e+02 -9.73831375e-01 
 1.58489319e+02  2.44811782e+02  1.58489319e+02 -1.05151617e+00 
 1.71132830e+02  2.44811033e+02  1.71132830e+02 -1.13539757e+00 
 1.84784980e+02  2.44810160e+02  1.84784980e+02 -1.22596973e+00 
 1.99526231e+02  2.44809141e+02  1.99526231e+02 -1.32376616e+00 
 2.15443469e+02  2.44807954e+02  2.15443469e+02 -1.42936289e+00 
 2.32630507e+02  2.44806570e+02  2.32630507e+02 -1.54338182e+00 
 2.51188643e+02  2.44804956e+02  2.51188643e+02 -1.66649438e+00 
 2.71227258e+02  2.44803075e+02  2.71227258e+02 -1.79942541e+00 
 2.92864456e+02  2.44800882e+02  2.92864456e+02 -1.94295746e+00 
 3.16227766e+02  2.44798324e+02  3.16227766e+02 -2.09793530e+00 
 3.41454887e+02  2.44795343e+02  3.41454887e+02 -2.26527085e+00 
 3.68694506e+02  2.44791866e+02  3.68694506e+02 -2.44594848e+00 
 3.98107171e+02  2.44787813e+02  3.98107171e+02 -2.64103071e+00 
 4.29866235e+02  2.44783088e+02  4.29866235e+02 -2.85166434e+00 
 4.64158883e+02  2.44777579e+02  4.64158883e+02 -3.07908705e+00 
 5.01187234e+02  2.44771157e+02  5.01187234e+02 -3.32463452e+00 
 5.41169527e+02  2.44763669e+02  5.41169527e+02 -3.58974800e+00 
 5.84341413e+02  2.44754940e+02  5.84341413e+02 -3.87598254e+00 
 6.30957344e+02  2.44744762e+02  6.30957344e+02 -4.18501572e+00 
 6.81292069e+02  2.44732898e+02  6.81292069e+02 -4.51865705e+00 
 7.35642254e+02  2.44719066e+02  7.35642254e+02 -4.87885801e+00 
 7.94328235e+02  2.44702942e+02  7.94328235e+02 -5.26772272e+00 
 8.57695899e+02  2.44684145e+02  8.57695899e+02 -5.68751940e+00 
 9.26118728e+02  2.44662233e+02  9.26118728e+02 -6.14069243e+00 
 1.00000000e+03  2.44636690e+02  1.00000000e+03 -6.62987520e+00 
 1.07977516e+03  2.44606916e+02  1.07977516e+03 -7.15790363e+00 
 1.16591440e+03  2.44572212e+02  1.16591440e+03 -7.72783041e+00 
 1.25892541e+03  2.44531761e+02  1.25892541e+03 -8.34293978e+00 
 1.35935639e+03  2.44484617e+02  1.35935639e+03 -9.00676303e+00 
 1.46779927e+03  2.44429673e+02  1.46779927e+03 -9.72309427e+00 
 1.58489319e+03  2.44365645e+02  1.58489319e+03 -1.04960066e+01 
 1.71132830e+03  2.44291036e+02  1.71132830e+03 -1.13298683e+01 
 1.84784980e+03  2.44204105e+02  1.84784980e+03 -1.22293587e+01 
 1.99526231e+03  2.44102830e+02  1.99526231e+03 -1.31994836e+01 
 2.15443469e+03  2.43984857e+02  2.15443469e+03 -1.42455891e+01 
 2.32630507e+03  2.43847455e+02  2.32630507e+03 -1.53733741e+01 
 2.51188643e+03  2.43687451e+02  2.51188643e+03 -1.65888995e+01 
 2.71227258e+03  2.43501165e+02  2.71227258e+03 -1.78985940e+01 
 2.92864456e+03  2.43284331e+02  2.92864456e+03 -1.93092539e+01 
 3.16227766e+03  2.43032007e+02  3.16227766e+03 -2.08280369e+01 
 3.41454887e+03  2.42738480e+02  3.41454887e+03 -2.24624450e+01 
 3.68694506e+03  2.42397145e+02  3.68694506e+03 -2.42202974e+01 
 3.98107171e+03  2.42000388e+02  3.98107171e+03 -2.61096856e+01 
 4.29866235e+03  2.41539439e+02  4.29866235e+03 -2.81389112e+01 
 4.64158883e+03  2.41004224e+02  4.64158883e+03 -3.03163979e+01 
 5.01187234e+03  2.40383195e+02  5.01187234e+03 -3.26505737e+01 
 5.41169527e+03  2.39663155e+02  5.41169527e+03 -3.51497168e+01 
 5.84341413e+03  2.38829076e+02  5.84341413e+03 -3.78217557e+01 
 6.30957344e+03  2.37863909e+02  6.30957344e+03 -4.06740170e+01 
 6.81292069e+03  2.36748407e+02  6.81292069e+03 -4.37129102e+01 
 7.35642254e+03  2.35460960e+02  7.35642254e+03 -4.69435407e+01 
 7.94328235e+03  2.33977469e+02  7.94328235e+03 -5.03692407e+01 
 8.57695899e+03  2.32271266e+02  8.57695899e+03 -5.39910121e+01 
 9.26118728e+03  2.30313122e+02  9.26118728e+03 -5.78068749e+01 
 1.00000000e+04  2.28071358e+02  1.00000000e+04 -6.18111230e+01 
 1.07977516e+04  2.25512116e+02  1.07977516e+04 -6.59934951e+01 
 1.16591440e+04  2.22599812e+02  1.16591440e+04 -7.03382804e+01 
 1.25892541e+04  2.19297844e+02  1.25892541e+04 -7.48233952e+01 
 1.35935639e+04  2.15569567e+02  1.35935639e+04 -7.94194823e+01 
 1.46779927e+04  2.11379601e+02  1.46779927e+04 -8.40891114e+01 
 1.58489319e+04  2.06695472e+02  1.58489319e+04 -8.87861784e+01 
 1.71132830e+04  2.01489587e+02  1.71132830e+04 -9.34556248e+01 
 1.84784980e+04  1.95741489e+02  1.84784980e+04 -9.80336132e+01 
 1.99526231e+04  1.89440285e+02  1.99526231e+04 -1.02448295e+02 
 2.15443469e+04  1.82587101e+02  2.15443469e+04 -1.06621285e+02 
 2.32630507e+04  1.75197317e+02  2.32630507e+04 -1.10469919e+02 
 2.51188643e+04  1.67302342e+02  2.51188643e+04 -1.13910284e+02 
 2.71227258e+04  1.58950620e+02  2.71227258e+04 -1.16860919e+02 
 2.92864456e+04  1.50207621e+02  2.92864456e+04 -1.19246962e+02 
 3.16227766e+04  1.41154624e+02  3.16227766e+04 -1.21004418e+02 
 3.41454887e+04  1.31886233e+02  3.41454887e+04 -1.22084138e+02 
 3.68694506e+04  1.22506729e+02  3.68694506e+04 -1.22455065e+02 
 3.98107171e+04  1.13125515e+02  3.98107171e+04 -1.22106377e+02 
 4.29866235e+04  1.03852077e+02  4.29866235e+04 -1.21048248e+02 
 4.64158883e+04  9.47909231e+01  4.64158883e+04 -1.19311135e+02 
 5.01187234e+04  8.60370197e+01  5.01187234e+04 -1.16943670e+02 
 5.41169527e+04  7.76721022e+01  5.41169527e+04 -1.14009445e+02 
 5.84341413e+04  6.97621553e+01  5.84341413e+04 -1.10583047e+02 
 6.30957344e+04  6.23561571e+01  6.30957344e+04 -1.06745798e+02 
 6.81292069e+04  5.54860329e+01  6.81292069e+04 -1.02581594e+02 
 7.35642254e+04  4.91676376e+01  7.35642254e+04 -9.81731859e+01 
 7.94328235e+04  4.34025051e+01  7.94328235e+04 -9.35991299e+01 
 8.57695899e+04  3.81800803e+01  8.57695899e+04 -8.89315033e+01 
 9.26118728e+04  3.34801645e+01  9.26118728e+04 -8.42344065e+01 
 1.00000000e+05  2.92753509e+01  1.00000000e+05 -7.95631752e+01 
 1.07977516e+05  2.55332861e+01  1.07977516e+05 -7.49641890e+01 
 1.16591440e+05  2.22186533e+01  1.16591440e+05 -7.04751391e+01 
 1.25892541e+05  1.92948264e+01  1.25892541e+05 -6.61256215e+01 
 1.35935639e+05  1.67251833e+01  1.35935639e+05 -6.19379322e+01 
 1.46779927e+05  1.44740991e+01  1.46779927e+05 -5.79279652e+01 
 1.58489319e+05  1.25076529e+01  1.58489319e+05 -5.41061371e+01 
 1.71132830e+05  1.07940944e+01  1.71132830e+05 -5.04782822e+01 
 1.84784980e+05  9.30411492e+00  1.84784980e+05 -4.70464842e+01 
 1.99526231e+05  8.01096758e+00  1.99526231e+05 -4.38098232e+01 
 2.15443469e+05  6.89047359e+00  2.15443469e+05 -4.07650302e+01 
 2.32630507e+05  5.92094847e+00  2.32630507e+05 -3.79070471e+01 
 2.51188643e+05  5.08307391e+00  2.51188643e+05 -3.52294986e+01 
 2.71227258e+05  4.35973598e+00  2.71227258e+05 -3.27250810e+01 
 2.92864456e+05  3.73584561e+00  2.92864456e+05 -3.03858803e+01 
 3.16227766e+05  3.19815254e+00  3.16227766e+05 -2.82036257e+01 
 3.41454887e+05  2.73506104e+00  3.41454887e+05 -2.61698912e+01 
 3.68694506e+05  2.33645298e+00  3.68694506e+05 -2.42762506e+01 
 3.98107171e+05  1.99352138e+00  3.98107171e+05 -2.25143969e+01 
 4.29866235e+05  1.69861684e+00  4.29866235e+05 -2.08762306e+01 
 4.64158883e+05  1.44510738e+00  4.64158883e+05 -1.93539233e+01 
 5.01187234e+05  1.22725205e+00  5.01187234e+05 -1.79399621e+01 
 5.41169527e+05  1.04008776e+00  5.41169527e+05 -1.66271781e+01 
 5.84341413e+05  8.79328782e-01  5.84341413e+05 -1.54087632e+01 
 6.30957344e+05  7.41277863e-01  6.30957344e+05 -1.42782769e+01 
 6.81292069e+05  6.22748089e-01  6.81292069e+05 -1.32296465e+01 
 7.35642254e+05  5.20994392e-01  7.35642254e+05 -1.22571616e+01 
 7.94328235e+05  4.33653731e-01  7.94328235e+05 -1.13554648e+01 
 8.57695899e+05  3.58692993e-01  8.57695899e+05 -1.05195394e+01 
 9.26118728e+05  2.94363714e-01  9.26118728e+05 -9.74469550e+00 
 1.00000000e+06  2.39162807e-01  1.00000000e+06 -9.02655489e+00 
 1.07977516e+06  1.91798558e-01  1.07977516e+06 -8.36103482e+00 
 1.16591440e+06  1.51161220e-01  1.16591440e+06 -7.74433202e+00 
 1.25892541e+06  1.16297619e-01  1.25892541e+06 -7.17290651e+00 
 1.35935639e+06  8.63892400e-02  1.35935639e+06 -6.64346575e+00 
 1.46779927e+06  6.07333427e-02  1.46779927e+06 -6.15294915e+00 
 1.58489319e+06  3.87266891e-02  1.58489319e+06 -5.69851331e+00 
 1.71132830e+06  1.98515389e-02  1.71132830e+06 -5.27751766e+00 
 1.84784980e+06  3.66360009e-03  1.84784980e+06 -4.88751099e+00 
 1.99526231e+06 -1.02183323e-02  1.99526231e+06 -4.52621857e+00 
 2.15443469e+06 -2.21212824e-02  2.15443469e+06 -4.19152999e+00 
 2.32630507e+06 -3.23257450e-02  2.32630507e+06 -3.88148776e+00 
 2.51188643e+06 -4.10722570e-02  2.51188643e+06 -3.59427658e+00 
 2.71227258e+06 -4.85670395e-02  2.71227258e+06 -3.32821323e+00 
 2.92864456e+06 -5.49868394e-02  2.92864456e+06 -3.08173722e+00 
 3.16227766e+06 -6.04830828e-02  3.16227766e+06 -2.85340198e+00 
 3.41454887e+06 -6.51854361e-02  3.41454887e+06 -2.64186663e+00 
 3.68694506e+06 -6.92048580e-02  3.68694506e+06 -2.44588839e+00 
 3.98107171e+06 -7.26362129e-02  3.98107171e+06 -2.26431542e+00 
 4.29866235e+06 -7.55605076e-02  4.29866235e+06 -2.09608022e+00 
 4.64158883e+06 -7.80468023e-02  4.64158883e+06 -1.94019349e+00 
 5.01187234e+06 -8.01538433e-02  5.01187234e+06 -1.79573840e+00 
 5.41169527e+06 -8.19314537e-02  5.41169527e+06 -1.66186532e+00 
 5.84341413e+06 -8.34217168e-02  5.84341413e+06 -1.53778686e+00 
 6.30957344e+06 -8.46599794e-02  6.30957344e+06 -1.42277335e+00 
 6.81292069e+06 -8.56757016e-02  6.81292069e+06 -1.31614860e+00 
 7.35642254e+06 -8.64931723e-02  7.35642254e+06 -1.21728602e+00 
 7.94328235e+06 -8.71321094e-02  7.94328235e+06 -1.12560501e+00 
 8.57695899e+06 -8.76081629e-02  8.57695899e+06 -1.04056761e+00 
 9.26118728e+06 -8.79333329e-02  9.26118728e+06 -9.61675490e-01 
 1.00000000e+07 -8.81163179e-02  1.00000000e+07 -8.88467101e-01 
 1.07977516e+07 -8.81628063e-02  1.07977516e+07 -8.20515119e-01 
 1.16591440e+07 -8.80757233e-02  1.16591440e+07 -7.57424094e-01 
 1.25892541e+07 -8.78554468e-02  1.25892541e+07 -6.98828320e-01 
 1.35935639e+07 -8.75000069e-02  1.35935639e+07 -6.44389903e-01 
 1.46779927e+07 -8.70052832e-02  1.46779927e+07 -5.93797029e-01 
 1.58489319e+07 -8.63652190e-02  1.58489319e+07 -5.46762405e-01 
 1.71132830e+07 -8.55720685e-02  1.71132830e+07 -5.03021881e-01 
 1.84784980e+07 -8.46166996e-02  1.84784980e+07 -4.62333203e-01 
 1.99526231e+07 -8.34889698e-02  1.99526231e+07 -4.24474913e-01 
 2.15443469e+07 -8.21781980e-02  2.15443469e+07 -3.89245329e-01 
 2.32630507e+07 -8.06737449e-02  2.32630507e+07 -3.56461598e-01 
 2.51188643e+07 -7.89657124e-02  2.51188643e+07 -3.25958757e-01 
 2.71227258e+07 -7.70457590e-02  2.71227258e+07 -2.97588755e-01 
 2.92864456e+07 -7.49080129e-02  2.92864456e+07 -2.71219382e-01 
 3.16227766e+07 -7.25500433e-02  3.16227766e+07 -2.46733040e-01 
 3.41454887e+07 -6.99738287e-02  3.41454887e+07 -2.24025309e-01 
 3.68694506e+07 -6.71866364e-02  3.68694506e+07 -2.03003286e-01 
 3.98107171e+07 -6.42017124e-02  3.98107171e+07 -1.83583674e-01 
 4.29866235e+07 -6.10386726e-02  4.29866235e+07 -1.65690689e-01 
 4.64158883e+07 -5.77234976e-02  4.64158883e+07 -1.49253838e-01 
 5.01187234e+07 -5.42880621e-02  5.01187234e+07 -1.34205711e-01 
 5.41169527e+07 -5.07691794e-02  5.41169527e+07 -1.20479936e-01 
 5.84341413e+07 -4.72072024e-02  5.84341413e+07 -1.08009458e-01 
 6.30957344e+07 -4.36442852e-02  6.30957344e+07 -9.67252778e-02 
 6.81292069e+07 -4.01224638e-02  6.81292069e+07 -8.65557657e-02 
 7.35642254e+07 -3.66817416e-02  7.35642254e+07 -7.74265602e-02 
 7.94328235e+07 -3.33583650e-02  7.94328235e+07 -6.92610265e-02 
 8.57695899e+07 -3.01834438e-02  8.57695899e+07 -6.19811619e-02 
 9.26118728e+07 -2.71820170e-02  9.26118728e+07 -5.55087998e-02 
 1.00000000e+08 -2.43726013e-02  1.00000000e+08 -4.97669451e-02 
 1.07977516e+08 -2.17671978e-02  1.07977516e+08 -4.46810850e-02 
 1.16591440e+08 -1.93716860e-02  1.16591440e+08 -4.01803450e-02 
 1.25892541e+08 -1.71865055e-02  1.25892541e+08 -3.61984085e-02 
 1.35935639e+08 -1.52075150e-02  1.35935639e+08 -3.26741572e-02 
 1.46779927e+08 -1.34269290e-02  1.46779927e+08 -2.95520298e-02 
 1.58489319e+08 -1.18342460e-02  1.58489319e+08 -2.67821263e-02 
 1.71132830e+08 -1.04171083e-02  1.71132830e+08 -2.43201007e-02 
 1.84784980e+08 -9.16205420e-03  1.84784980e+08 -2.21268938e-02 
 1.99526231e+08 -8.05514276e-03  1.99526231e+08 -2.01683557e-02 
 2.15443469e+08 -7.08245034e-03  2.15443469e+08 -1.84148041e-02 
 2.32630507e+08 -6.23044408e-03  2.32630507e+08 -1.68405557e-02 
 2.51188643e+08 -5.48624755e-03  2.51188643e+08 -1.54234568e-02 
 2.71227258e+08 -4.83781524e-03  2.71227258e+08 -1.41444358e-02 
 2.92864456e+08 -4.27403332e-03  2.92864456e+08 -1.29870869e-02 
 3.16227766e+08 -3.78476339e-03  3.16227766e+08 -1.19372952e-02 
 3.41454887e+08 -3.36084358e-03  3.41454887e+08 -1.09829029e-02 
 3.68694506e+08 -2.99405955e-03  3.68694506e+08 -1.01134181e-02 
 3.98107171e+08 -2.67709502e-03  3.98107171e+08 -9.31976328e-03 
 4.29866235e+08 -2.40346989e-03  4.29866235e+08 -8.59406038e-03 
 4.64158883e+08 -2.16747178e-03  4.64158883e+08 -7.92944779e-03 
 5.01187234e+08 -1.96408516e-03  5.01187234e+08 -7.31992631e-03 
 5.41169527e+08 -1.78892135e-03  5.41169527e+08 -6.76022949e-03 
 5.84341413e+08 -1.63815130e-03  5.84341413e+08 -6.24571486e-03 
 6.30957344e+08 -1.50844246e-03  6.30957344e+08 -5.77227307e-03 
 6.81292069e+08 -1.39690052e-03  6.81292069e+08 -5.33625168e-03 
 7.35642254e+08 -1.30101631e-03  7.35642254e+08 -4.93439161e-03 
 7.94328235e+08 -1.21861788e-03  7.94328235e+08 -4.56377376e-03 
 8.57695899e+08 -1.14782767e-03  8.57695899e+08 -4.22177428e-03 
 9.26118728e+08 -1.08702443e-03  9.26118728e+08 -3.90602694e-03 
 1.00000000e+09 -1.03480956e-03  1.00000000e+09 -3.61439135e-03 
 1.07977516e+09 -9.89977545e-04  1.07977516e+09 -3.34492602e-03 
 1.16591440e+09 -9.51490048e-04  1.16591440e+09 -3.09586547e-03 
 1.25892541e+09 -9.18453241e-04  1.25892541e+09 -2.86560065e-03 
 1.35935639e+09 -8.90098112e-04  1.35935639e+09 -2.65266209e-03 
 1.46779927e+09 -8.65763326e-04  1.46779927e+09 -2.45570544e-03 
 1.58489319e+09 -8.44880371e-04  1.58489319e+09 -2.27349880e-03 
 1.71132830e+09 -8.26960693e-04  1.71132830e+09 -2.10491177e-03 
 1.84784980e+09 -8.11584567e-04  1.84784980e+09 -1.94890580e-03 
 1.99526231e+09 -7.98391496e-04  1.99526231e+09 -1.80452572e-03 
 2.15443469e+09 -7.87071915e-04  2.15443469e+09 -1.67089217e-03 
 2.32630507e+09 -7.77360043e-04  2.32630507e+09 -1.54719499e-03 
 2.51188643e+09 -7.69027730e-04  2.51188643e+09 -1.43268716e-03 
 2.71227258e+09 -7.61879149e-04  2.71227258e+09 -1.32667953e-03 
 2.92864456e+09 -7.55746236e-04  2.92864456e+09 -1.22853593e-03 
 3.16227766e+09 -7.50484766e-04  3.16227766e+09 -1.13766888e-03 
 3.41454887e+09 -7.45970977e-04  3.41454887e+09 -1.05353561e-03 
 3.68694506e+09 -7.42098674e-04  3.68694506e+09 -9.75634514e-04 
 3.98107171e+09 -7.38776738e-04  3.98107171e+09 -9.03501864e-04 
 4.29866235e+09 -7.35926983e-04  4.29866235e+09 -8.36708864e-04 
 4.64158883e+09 -7.33482329e-04  4.64158883e+09 -7.74858921e-04 
 5.01187234e+09 -7.31385218e-04  5.01187234e+09 -7.17585165e-04 
 5.41169527e+09 -7.29586265e-04  5.41169527e+09 -6.64548168e-04 
 5.84341413e+09 -7.28043102e-04  5.84341413e+09 -6.15433845e-04 
 6.30957344e+09 -7.26719375e-04  6.30957344e+09 -5.69951529e-04 
 6.81292069e+09 -7.25583894e-04  6.81292069e+09 -5.27832202e-04 
 7.35642254e+09 -7.24609900e-04  7.35642254e+09 -4.88826857e-04 
 7.94328235e+09 -7.23774437e-04  7.94328235e+09 -4.52704993e-04 
 8.57695899e+09 -7.23057807e-04  8.57695899e+09 -4.19253226e-04 
 9.26118728e+09 -7.22443114e-04  9.26118728e+09 -3.88274009e-04 
 1.00000000e+10 -7.21915863e-04  1.00000000e+10 -3.59584446e-04 
