 1.00000000e+00  3.33961401e+02  1.00000000e+00 -4.59253746e-03 
 1.07977516e+00  3.33961401e+02  1.07977516e+00 -4.95890788e-03 
 1.16591440e+00  3.33961401e+02  1.16591440e+00 -5.35450556e-03 
 1.25892541e+00  3.33961401e+02  1.25892541e+00 -5.78166212e-03 
 1.35935639e+00  3.33961401e+02  1.35935639e+00 -6.24289515e-03 
 1.46779927e+00  3.33961401e+02  1.46779927e+00 -6.74092312e-03 
 1.58489319e+00  3.33961401e+02  1.58489319e+00 -7.27868136e-03 
 1.71132830e+00  3.33961401e+02  1.71132830e+00 -7.85933934e-03 
 1.84784980e+00  3.33961401e+02  1.84784980e+00 -8.48631942e-03 
 1.99526231e+00  3.33961401e+02  1.99526231e+00 -9.16331692e-03 
 2.15443469e+00  3.33961401e+02  2.15443469e+00 -9.89432202e-03 
 2.32630507e+00  3.33961400e+02  2.32630507e+00 -1.06836432e-02 
 2.51188643e+00  3.33961400e+02  2.51188643e+00 -1.15359325e-02 
 2.71227258e+00  3.33961400e+02  2.71227258e+00 -1.24562134e-02 
 2.92864456e+00  3.33961400e+02  2.92864456e+00 -1.34499099e-02 
 3.16227766e+00  3.33961400e+02  3.16227766e+00 -1.45228786e-02 
 3.41454887e+00  3.33961400e+02  3.41454887e+00 -1.56814436e-02 
 3.68694506e+00  3.33961400e+02  3.68694506e+00 -1.69324333e-02 
 3.98107171e+00  3.33961400e+02  3.98107171e+00 -1.82832209e-02 
 4.29866235e+00  3.33961400e+02  4.29866235e+00 -1.97417678e-02 
 4.64158883e+00  3.33961399e+02  4.64158883e+00 -2.13166705e-02 
 5.01187234e+00  3.33961399e+02  5.01187234e+00 -2.30172114e-02 
 5.41169527e+00  3.33961399e+02  5.41169527e+00 -2.48534131e-02 
 5.84341413e+00  3.33961399e+02  5.84341413e+00 -2.68360981e-02 
 6.30957344e+00  3.33961398e+02  6.30957344e+00 -2.89769522e-02 
 6.81292069e+00  3.33961398e+02  6.81292069e+00 -3.12885932e-02 
 7.35642254e+00  3.33961397e+02  7.35642254e+00 -3.37846458e-02 
 7.94328235e+00  3.33961397e+02  7.94328235e+00 -3.64798213e-02 
 8.57695899e+00  3.33961396e+02  8.57695899e+00 -3.93900049e-02 
 9.26118728e+00  3.33961395e+02  9.26118728e+00 -4.25323489e-02 
 1.00000000e+01  3.33961395e+02  1.00000000e+01 -4.59253738e-02 
 1.07977516e+01  3.33961393e+02  1.07977516e+01 -4.95890778e-02 
 1.16591440e+01  3.33961392e+02  1.16591440e+01 -5.35450543e-02 
 1.25892541e+01  3.33961391e+02  1.25892541e+01 -5.78166194e-02 
 1.35935639e+01  3.33961389e+02  1.35935639e+01 -6.24289493e-02 
 1.46779927e+01  3.33961387e+02  1.46779927e+01 -6.74092285e-02 
 1.58489319e+01  3.33961385e+02  1.58489319e+01 -7.27868102e-02 
 1.71132830e+01  3.33961382e+02  1.71132830e+01 -7.85933891e-02 
 1.84784980e+01  3.33961379e+02  1.84784980e+01 -8.48631887e-02 
 1.99526231e+01  3.33961376e+02  1.99526231e+01 -9.16331624e-02 
 2.15443469e+01  3.33961372e+02  2.15443469e+01 -9.89432116e-02 
 2.32630507e+01  3.33961367e+02  2.32630507e+01 -1.06836421e-01 
 2.51188643e+01  3.33961361e+02  2.51188643e+01 -1.15359312e-01 
 2.71227258e+01  3.33961354e+02  2.71227258e+01 -1.24562117e-01 
 2.92864456e+01  3.33961347e+02  2.92864456e+01 -1.34499077e-01 
 3.16227766e+01  3.33961338e+02  3.16227766e+01 -1.45228759e-01 
 3.41454887e+01  3.33961327e+02  3.41454887e+01 -1.56814402e-01 
 3.68694506e+01  3.33961315e+02  3.68694506e+01 -1.69324290e-01 
 3.98107171e+01  3.33961301e+02  3.98107171e+01 -1.82832155e-01 
 4.29866235e+01  3.33961284e+02  4.29866235e+01 -1.97417610e-01 
 4.64158883e+01  3.33961265e+02  4.64158883e+01 -2.13166619e-01 
 5.01187234e+01  3.33961242e+02  5.01187234e+01 -2.30172006e-01 
 5.41169527e+01  3.33961216e+02  5.41169527e+01 -2.48533995e-01 
 5.84341413e+01  3.33961185e+02  5.84341413e+01 -2.68360810e-01 
 6.30957344e+01  3.33961150e+02  6.30957344e+01 -2.89769306e-01 
 6.81292069e+01  3.33961108e+02  6.81292069e+01 -3.12885661e-01 
 7.35642254e+01  3.33961059e+02  7.35642254e+01 -3.37846116e-01 
 7.94328235e+01  3.33961003e+02  7.94328235e+01 -3.64797783e-01 
 8.57695899e+01  3.33960937e+02  8.57695899e+01 -3.93899508e-01 
 9.26118728e+01  3.33960860e+02  9.26118728e+01 -4.25322807e-01 
 1.00000000e+02  3.33960770e+02  1.00000000e+02 -4.59252879e-01 
 1.07977516e+02  3.33960665e+02  1.07977516e+02 -4.95889697e-01 
 1.16591440e+02  3.33960543e+02  1.16591440e+02 -5.35449183e-01 
 1.25892541e+02  3.33960401e+02  1.25892541e+02 -5.78164482e-01 
 1.35935639e+02  3.33960235e+02  1.35935639e+02 -6.24287337e-01 
 1.46779927e+02  3.33960041e+02  1.46779927e+02 -6.74089571e-01 
 1.58489319e+02  3.33959816e+02  1.58489319e+02 -7.27864685e-01 
 1.71132830e+02  3.33959553e+02  1.71132830e+02 -7.85929590e-01 
 1.84784980e+02  3.33959246e+02  1.84784980e+02 -8.48626472e-01 
 1.99526231e+02  3.33958889e+02  1.99526231e+02 -9.16324806e-01 
 2.15443469e+02  3.33958472e+02  2.15443469e+02 -9.89423533e-01 
 2.32630507e+02  3.33957986e+02  2.32630507e+02 -1.06835340e+00 
 2.51188643e+02  3.33957420e+02  2.51188643e+02 -1.15357951e+00 
 2.71227258e+02  3.33956759e+02  2.71227258e+02 -1.24560404e+00 
 2.92864456e+02  3.33955989e+02  2.92864456e+02 -1.34496921e+00 
 3.16227766e+02  3.33955091e+02  3.16227766e+02 -1.45226045e+00 
 3.41454887e+02  3.33954044e+02  3.41454887e+02 -1.56810985e+00 
 3.68694506e+02  3.33952823e+02  3.68694506e+02 -1.69319988e+00 
 3.98107171e+02  3.33951400e+02  3.98107171e+02 -1.82826739e+00 
 4.29866235e+02  3.33949741e+02  4.29866235e+02 -1.97410792e+00 
 4.64158883e+02  3.33947807e+02  4.64158883e+02 -2.13158037e+00 
 5.01187234e+02  3.33945551e+02  5.01187234e+02 -2.30161200e+00 
 5.41169527e+02  3.33942922e+02  5.41169527e+02 -2.48520392e+00 
 5.84341413e+02  3.33939856e+02  5.84341413e+02 -2.68343686e+00 
 6.30957344e+02  3.33936282e+02  6.30957344e+02 -2.89747748e+00 
 6.81292069e+02  3.33932115e+02  6.81292069e+02 -3.12858521e+00 
 7.35642254e+02  3.33927256e+02  7.35642254e+02 -3.37811950e+00 
 7.94328235e+02  3.33921592e+02  7.94328235e+02 -3.64754771e+00 
 8.57695899e+02  3.33914988e+02  8.57695899e+02 -3.93845359e+00 
 9.26118728e+02  3.33907289e+02  9.26118728e+02 -4.25254639e+00 
 1.00000000e+03  3.33898312e+02  1.00000000e+03 -4.59167064e+00 
 1.07977516e+03  3.33887847e+02  1.07977516e+03 -4.95781665e+00 
 1.16591440e+03  3.33875647e+02  1.16591440e+03 -5.35313184e+00 
 1.25892541e+03  3.33861423e+02  1.25892541e+03 -5.77993277e+00 
 1.35935639e+03  3.33844841e+02  1.35935639e+03 -6.24071814e+00 
 1.46779927e+03  3.33825510e+02  1.46779927e+03 -6.73818259e+00 
 1.58489319e+03  3.33802975e+02  1.58489319e+03 -7.27523146e+00 
 1.71132830e+03  3.33776704e+02  1.71132830e+03 -7.85499653e+00 
 1.84784980e+03  3.33746080e+02  1.84784980e+03 -8.48085263e+00 
 1.99526231e+03  3.33710382e+02  1.99526231e+03 -9.15643539e+00 
 2.15443469e+03  3.33668771e+02  2.15443469e+03 -9.88565976e+00 
 2.32630507e+03  3.33620269e+02  2.32630507e+03 -1.06727396e+01 
 2.51188643e+03  3.33563737e+02  2.51188643e+03 -1.15222081e+01 
 2.71227258e+03  3.33497851e+02  2.71227258e+03 -1.24389388e+01 
 2.92864456e+03  3.33421066e+02  2.92864456e+03 -1.34281674e+01 
 3.16227766e+03  3.33331585e+02  3.16227766e+03 -1.44955138e+01 
 3.41454887e+03  3.33227319e+02  3.41454887e+03 -1.56470041e+01 
 3.68694506e+03  3.33105836e+02  3.68694506e+03 -1.68890923e+01 
 3.98107171e+03  3.32964309e+02  3.98107171e+03 -1.82286810e+01 
 4.29866235e+03  3.32799452e+02  4.29866235e+03 -1.96731401e+01 
 4.64158883e+03  3.32607449e+02  4.64158883e+03 -2.12303232e+01 
 5.01187234e+03  3.32383869e+02  5.01187234e+03 -2.29085795e+01 
 5.41169527e+03  3.32123573e+02  5.41169527e+03 -2.47167607e+01 
 5.84341413e+03  3.31820604e+02  5.84341413e+03 -2.66642198e+01 
 6.30957344e+03  3.31468064e+02  6.30957344e+03 -2.87607999e+01 
 6.81292069e+03  3.31057977e+02  6.81292069e+03 -3.10168099e+01 
 7.35642254e+03  3.30581129e+02  7.35642254e+03 -3.34429833e+01 
 7.94328235e+03  3.30026895e+02  7.94328235e+03 -3.60504142e+01 
 8.57695899e+03  3.29383045e+02  8.57695899e+03 -3.88504671e+01 
 9.26118728e+03  3.28635533e+02  9.26118728e+03 -4.18546512e+01 
 1.00000000e+04  3.27768268e+02  1.00000000e+04 -4.50744524e+01 
 1.07977516e+04  3.26762867e+02  1.07977516e+04 -4.85211143e+01 
 1.16591440e+04  3.25598409e+02  1.16591440e+04 -5.22053550e+01 
 1.25892541e+04  3.24251177e+02  1.25892541e+04 -5.61370103e+01 
 1.35935639e+04  3.22694417e+02  1.35935639e+04 -6.03245896e+01 
 1.46779927e+04  3.20898120e+02  1.46779927e+04 -6.47747304e+01 
 1.58489319e+04  3.18828858e+02  1.58489319e+04 -6.94915410e+01 
 1.71132830e+04  3.16449689e+02  1.71132830e+04 -7.44758199e+01 
 1.84784980e+04  3.13720188e+02  1.84784980e+04 -7.97241468e+01 
 1.99526231e+04  3.10596631e+02  1.99526231e+04 -8.52278477e+01 
 2.15443469e+04  3.07032394e+02  2.15443469e+04 -9.09718477e+01 
 2.32630507e+04  3.02978627e+02  2.32630507e+04 -9.69334405e+01 
 2.51188643e+04  2.98385267e+02  2.51188643e+04 -1.03081027e+02 
 2.71227258e+04  2.93202442e+02  2.71227258e+04 -1.09372901e+02 
 2.92864456e+04  2.87382320e+02  2.92864456e+04 -1.15756189e+02 
 3.16227766e+04  2.80881426e+02  3.16227766e+04 -1.22166087e+02 
 3.41454887e+04  2.73663401e+02  3.41454887e+04 -1.28525562e+02 
 3.68694506e+04  2.65702125e+02  3.68694506e+04 -1.34745704e+02 
 3.98107171e+04  2.56985059e+02  3.98107171e+04 -1.40726916e+02 
 4.29866235e+04  2.47516560e+02  4.29866235e+04 -1.46361084e+02 
 4.64158883e+04  2.37320874e+02  4.64158883e+04 -1.51534830e+02 
 5.01187234e+04  2.26444407e+02  5.01187234e+04 -1.56133796e+02 
 5.41169527e+04  2.14956916e+02  5.41169527e+04 -1.60047820e+02 
 5.84341413e+04  2.02951247e+02  5.84341413e+04 -1.63176650e+02 
 6.30957344e+04  1.90541409e+02  6.30957344e+04 -1.65435747e+02 
 6.81292069e+04  1.77858928e+02  6.81292069e+04 -1.66761599e+02 
 7.35642254e+04  1.65047636e+02  7.35642254e+04 -1.67115950e+02 
 7.94328235e+04  1.52257324e+02  7.94328235e+04 -1.66488450e+02 
 8.57695899e+04  1.39636806e+02  8.57695899e+04 -1.64897388e+02 
 9.26118728e+04  1.27327082e+02  9.26118728e+04 -1.62388402e+02 
 1.00000000e+05  1.15455255e+02  1.00000000e+05 -1.59031347e+02 
 1.07977516e+05  1.04129732e+02  1.07977516e+05 -1.54915709e+02 
 1.16591440e+05  9.34370402e+01  1.16591440e+05 -1.50145090e+02 
 1.25892541e+05  8.34403864e+01  1.25892541e+05 -1.44831382e+02 
 1.35935639e+05  7.41798261e+01  1.35935639e+05 -1.39089155e+02 
 1.46779927e+05  6.56737935e+01  1.46779927e+05 -1.33030709e+02 
 1.58489319e+05  5.79216161e+01  1.58489319e+05 -1.26762061e+02 
 1.71132830e+05  5.09066285e+01  1.71132830e+05 -1.20380005e+02 
 1.84784980e+05  4.45995264e+01  1.84784980e+05 -1.13970218e+02 
 1.99526231e+05  3.89616659e+01  1.99526231e+05 -1.07606328e+02 
 2.15443469e+05  3.39480985e+01  2.15443469e+05 -1.01349759e+02 
 2.32630507e+05  2.95102118e+01  2.32630507e+05 -9.52501798e+01 
 2.51188643e+05  2.55979134e+01  2.51188643e+05 -8.93463618e+01 
 2.71227258e+05  2.21613547e+01  2.71227258e+05 -8.36672990e+01 
 2.92864456e+05  1.91522209e+01  2.92864456e+05 -7.82334429e+01 
 3.16227766e+05  1.65246418e+01  3.16227766e+05 -7.30579625e+01 
 3.41454887e+05  1.42357824e+01  3.41454887e+05 -6.81479555e+01 
 3.68694506e+05  1.22461779e+01  3.68694506e+05 -6.35055664e+01 
 3.98107171e+05  1.05198700e+01  3.98107171e+05 -5.91289875e+01 
 4.29866235e+05  9.02439566e+00  4.29866235e+05 -5.50133314e+01 
 4.64158883e+05  7.73067322e+00  4.64158883e+05 -5.11513765e+01 
 5.01187234e+05  6.61281849e+00  5.01187234e+05 -4.75341924e+01 
 5.41169527e+05  5.64791905e+00  5.41169527e+05 -4.41516554e+01 
 5.84341413e+05  4.81578687e+00  5.84341413e+05 -4.09928671e+01 
 6.30957344e+05  4.09870423e+00  6.30957344e+05 -3.80464896e+01 
 6.81292069e+05  3.48117332e+00  6.81292069e+05 -3.53010091e+01 
 7.35642254e+05  2.94967670e+00  7.35642254e+05 -3.27449404e+01 
 7.94328235e+05  2.49245285e+00  7.94328235e+05 -3.03669815e+01 
 8.57695899e+05  2.09928919e+00  8.57695899e+05 -2.81561292e+01 
 9.26118728e+05  1.76133388e+00  9.26118728e+05 -2.61017610e+01 
 1.00000000e+06  1.47092605e+00  1.00000000e+06 -2.41936922e+01 
 1.07977516e+06  1.22144418e+00  1.07977516e+06 -2.24222122e+01 
 1.16591440e+06  1.00717146e+00  1.16591440e+06 -2.07781046e+01 
 1.25892541e+06  8.23176840e-01  1.25892541e+06 -1.92526553e+01 
 1.35935639e+06  6.65210556e-01  1.35935639e+06 -1.78376511e+01 
 1.46779927e+06  5.29612559e-01  1.46779927e+06 -1.65253716e+01 
 1.58489319e+06  4.13232619e-01  1.58489319e+06 -1.53085755e+01 
 1.71132830e+06  3.13360749e-01  1.71132830e+06 -1.41804836e+01 
 1.84784980e+06  2.27666769e-01  1.84784980e+06 -1.31347592e+01 
 1.99526231e+06  1.54147908e-01  1.99526231e+06 -1.21654876e+01 
 2.15443469e+06  9.10834451e-02  2.15443469e+06 -1.12671535e+01 
 2.32630507e+06  3.69955056e-02  2.32630507e+06 -1.04346196e+01 
 2.51188643e+06 -9.38478346e-03  2.51188643e+06 -9.66310396e+00 
 2.71227258e+06 -4.91464820e-02  2.71227258e+06 -8.94815903e+00 
 2.92864456e+06 -8.32239826e-02  2.92864456e+06 -8.28565024e+00 
 3.16227766e+06 -1.12418657e-01  3.16227766e+06 -7.67173604e+00 
 3.41454887e+06 -1.37417471e-01  3.41454887e+06 -7.10284850e+00 
 3.68694506e+06 -1.58808986e-01  3.68694506e+06 -6.57567503e+00 
 3.98107171e+06 -1.77097095e-01  3.98107171e+06 -6.08714095e+00 
 4.29866235e+06 -1.92712808e-01  4.29866235e+06 -5.63439311e+00 
 4.64158883e+06 -2.06024357e-01  4.64158883e+06 -5.21478441e+00 
 5.01187234e+06 -2.17345843e-01  5.01187234e+06 -4.82585942e+00 
 5.41169527e+06 -2.26944635e-01  5.41169527e+06 -4.46534075e+00 
 5.84341413e+06 -2.35047684e-01  5.84341413e+06 -4.13111645e+00 
 6.30957344e+06 -2.41846913e-01  6.30957344e+06 -3.82122827e+00 
 6.81292069e+06 -2.47503799e-01  6.81292069e+06 -3.53386063e+00 
 7.35642254e+06 -2.52153269e-01  7.35642254e+06 -3.26733054e+00 
 7.94328235e+06 -2.55907004e-01  7.94328235e+06 -3.02007820e+00 
 8.57695899e+06 -2.58856238e-01  8.57695899e+06 -2.79065829e+00 
 9.26118728e+06 -2.61074138e-01  9.26118728e+06 -2.57773207e+00 
 1.00000000e+07 -2.62617817e-01  1.00000000e+07 -2.38006000e+00 
 1.07977516e+07 -2.63530078e-01  1.07977516e+07 -2.19649514e+00 
 1.16591440e+07 -2.63840921e-01  1.16591440e+07 -2.02597708e+00 
 1.25892541e+07 -2.63568906e-01  1.25892541e+07 -1.86752645e+00 
 1.35935639e+07 -2.62722426e-01  1.35935639e+07 -1.72024005e+00 
 1.46779927e+07 -2.61300955e-01  1.46779927e+07 -1.58328642e+00 
 1.58489319e+07 -2.59296359e-01  1.58489319e+07 -1.45590195e+00 
 1.71132830e+07 -2.56694326e-01  1.71132830e+07 -1.33738735e+00 
 1.84784980e+07 -2.53475997e-01  1.84784980e+07 -1.22710451e+00 
 1.99526231e+07 -2.49619858e-01  1.99526231e+07 -1.12447357e+00 
 2.15443469e+07 -2.45103930e-01  2.15443469e+07 -1.02897006e+00 
 2.32630507e+07 -2.39908298e-01  2.32630507e+07 -9.40122112e-01 
 2.51188643e+07 -2.34017926e-01  2.51188643e+07 -8.57507365e-01 
 2.71227258e+07 -2.27425696e-01  2.71227258e+07 -7.80749530e-01 
 2.92864456e+07 -2.20135524e-01  2.92864456e+07 -7.09514406e-01 
 3.16227766e+07 -2.12165319e-01  3.16227766e+07 -6.43505212e-01 
 3.41454887e+07 -2.03549518e-01  3.41454887e+07 -5.82457190e-01 
 3.68694506e+07 -1.94340866e-01  3.68694506e+07 -5.26131535e-01 
 3.98107171e+07 -1.84611131e-01  3.98107171e+07 -4.74308822e-01 
 4.29866235e+07 -1.74450480e-01  4.29866235e+07 -4.26782254e-01 
 4.64158883e+07 -1.63965391e-01  4.64158883e+07 -3.83351147e-01 
 5.01187234e+07 -1.53275120e-01  5.01187234e+07 -3.43815157e-01 
 5.41169527e+07 -1.42506947e-01  5.41169527e+07 -3.07969696e-01 
 5.84341413e+07 -1.31790604e-01  5.84341413e+07 -2.75602948e-01 
 6.30957344e+07 -1.21252416e-01  6.30957344e+07 -2.46494648e-01 
 6.81292069e+07 -1.11009736e-01  6.81292069e+07 -2.20416644e-01 
 7.35642254e+07 -1.01166193e-01  7.35642254e+07 -1.97135002e-01 
 7.94328235e+07 -9.18081605e-02  7.94328235e+07 -1.76413262e-01 
 8.57695899e+07 -8.30026471e-02  8.57695899e+07 -1.58016351e-01 
 9.26118728e+07 -7.47966371e-02  9.26118728e+07 -1.41714660e-01 
 1.00000000e+08 -6.72177291e-02  1.00000000e+08 -1.27287837e-01 
 1.07977516e+08 -6.02758065e-02  1.07977516e+08 -1.14527973e-01 
 1.16591440e+08 -5.39654173e-02  1.16591440e+08 -1.03241987e-01 
 1.25892541e+08 -4.82685380e-02  1.25892541e+08 -9.32531586e-02 
 1.35935639e+08 -4.31574368e-02  1.35935639e+08 -8.44018245e-02 
 1.46779927e+08 -3.85974133e-02  1.46779927e+08 -7.65453690e-02 
 1.58489319e+08 -3.45492624e-02  1.58489319e+08 -6.95576453e-02 
 1.71132830e+08 -3.09713767e-02  1.71132830e+08 -6.33279861e-02 
 1.84784980e+08 -2.78214550e-02  1.84784980e+08 -5.77599517e-02 
 1.99526231e+08 -2.50578252e-02  1.99526231e+08 -5.27699392e-02 
 2.15443469e+08 -2.26404148e-02  2.15443469e+08 -4.82857534e-02 
 2.32630507e+08 -2.05314179e-02  2.32630507e+08 -4.42452109e-02 
 2.51188643e+08 -1.86957110e-02  2.51188643e+08 -4.05948273e-02 
 2.71227258e+08 -1.71010704e-02  2.71227258e+08 -3.72886152e-02 
 2.92864456e+08 -1.57182381e-02  2.92864456e+08 -3.42870088e-02 
 3.16227766e+08 -1.45208784e-02  3.16227766e+08 -3.15559165e-02 
 3.41454887e+08 -1.34854565e-02  3.41454887e+08 -2.90658983e-02 
 3.68694506e+08 -1.25910699e-02  3.68694506e+08 -2.67914594e-02 
 3.98107171e+08 -1.18192486e-02  3.98107171e+08 -2.47104479e-02 
 4.29866235e+08 -1.11537443e-02  4.29866235e+08 -2.28035452e-02 
 4.64158883e+08 -1.05803158e-02  4.64158883e+08 -2.10538364e-02 
 5.01187234e+08 -1.00865208e-02  5.01187234e+08 -1.94464504e-02 
 5.41169527e+08 -9.66151838e-03  5.41169527e+08 -1.79682576e-02 
 5.84341413e+08 -9.29588426e-03  5.84341413e+08 -1.66076178e-02 
 6.30957344e+08 -8.98144223e-03  6.30957344e+08 -1.53541691e-02 
 6.81292069e+08 -8.71111058e-03  6.81292069e+08 -1.41986512e-02 
 7.35642254e+08 -8.47876443e-03  7.35642254e+08 -1.31327572e-02 
 7.94328235e+08 -8.27911277e-03  7.94328235e+08 -1.21490098e-02 
 8.57695899e+08 -8.10758961e-03  8.57695899e+08 -1.12406567e-02 
 9.26118728e+08 -7.96025789e-03  9.26118728e+08 -1.04015819e-02 
 1.00000000e+09 -7.83372532e-03  1.00000000e+09 -9.62623134e-03 
 1.07977516e+09 -7.72507059e-03  1.07977516e+09 -8.90954891e-03 
 1.16591440e+09 -7.63177929e-03  1.16591440e+09 -8.24692205e-03 
 1.25892541e+09 -7.55168799e-03  1.25892541e+09 -7.63413479e-03 
 1.35935639e+09 -7.48293596e-03  1.35935639e+09 -7.06732725e-03 
 1.46779927e+09 -7.42392321e-03  1.46779927e+09 -6.54296032e-03 
 1.58489319e+09 -7.37327433e-03  1.58489319e+09 -6.05778483e-03 
 1.71132830e+09 -7.32980721e-03  1.71132830e+09 -5.60881444e-03 
 1.84784980e+09 -7.29250607e-03  1.84784980e+09 -5.19330167e-03 
 1.99526231e+09 -7.26049825e-03  1.99526231e+09 -4.80871658e-03 
 2.15443469e+09 -7.23303410e-03  2.15443469e+09 -4.45272783e-03 
 2.32630507e+09 -7.20946982e-03  2.32630507e+09 -4.12318565e-03 
 2.51188643e+09 -7.18925253e-03  2.51188643e+09 -3.81810655e-03 
 2.71227258e+09 -7.17190752e-03  2.71227258e+09 -3.53565957e-03 
 2.92864456e+09 -7.15702726e-03  2.92864456e+09 -3.27415380e-03 
 3.16227766e+09 -7.14426188e-03  3.16227766e+09 -3.03202707e-03 
 3.41454887e+09 -7.13331112e-03  3.41454887e+09 -2.80783565e-03 
 3.68694506e+09 -7.12391724e-03  3.68694506e+09 -2.60024494e-03 
 3.98107171e+09 -7.11585907e-03  3.98107171e+09 -2.40802085e-03 
 4.29866235e+09 -7.10894680e-03  4.29866235e+09 -2.23002203e-03 
 4.64158883e+09 -7.10301759e-03  4.64158883e+09 -2.06519270e-03 
 5.01187234e+09 -7.09793169e-03  5.01187234e+09 -1.91255603e-03 
 5.41169527e+09 -7.09356921e-03  5.41169527e+09 -1.77120818e-03 
 5.84341413e+09 -7.08982729e-03  5.84341413e+09 -1.64031269e-03 
 6.30957344e+09 -7.08661768e-03  6.30957344e+09 -1.51909539e-03 
 6.81292069e+09 -7.08386469e-03  6.81292069e+09 -1.40683972e-03 
 7.35642254e+09 -7.08150336e-03  7.35642254e+09 -1.30288236e-03 
 7.94328235e+09 -7.07947798e-03  7.94328235e+09 -1.20660926e-03 
 8.57695899e+09 -7.07774077e-03  8.57695899e+09 -1.11745191e-03 
 9.26118728e+09 -7.07625074e-03  9.26118728e+09 -1.03488399e-03 
 1.00000000e+10 -7.07497271e-03  1.00000000e+10 -9.58418169e-04 
