 1.00000000e+00  9.94554397e+04  1.00000000e+00 -1.43453056e+03 
 1.07977516e+00  9.94520075e+04  1.07977516e+00 -1.54891701e+03 
 1.16591440e+00  9.94480062e+04  1.16591440e+00 -1.67241483e+03 
 1.25892541e+00  9.94433414e+04  1.25892541e+00 -1.80574729e+03 
 1.35935639e+00  9.94379032e+04  1.35935639e+00 -1.94969444e+03 
 1.46779927e+00  9.94315634e+04  1.46779927e+00 -2.10509741e+03 
 1.58489319e+00  9.94241729e+04  1.58489319e+00 -2.27286295e+03 
 1.71132830e+00  9.94155575e+04  1.71132830e+00 -2.45396830e+03 
 1.84784980e+00  9.94055146e+04  1.84784980e+00 -2.64946635e+03 
 1.99526231e+00  9.93938080e+04  1.99526231e+00 -2.86049105e+03 
 2.15443469e+00  9.93801626e+04  2.15443469e+00 -3.08826315e+03 
 2.32630507e+00  9.93642579e+04  2.32630507e+00 -3.33409617e+03 
 2.51188643e+00  9.93457209e+04  2.51188643e+00 -3.59940262e+03 
 2.71227258e+00  9.93241170e+04  2.71227258e+00 -3.88570037e+03 
 2.92864456e+00  9.92989406e+04  2.92864456e+00 -4.19461924e+03 
 3.16227766e+00  9.92696032e+04  3.16227766e+00 -4.52790753e+03 
 3.41454887e+00  9.92354201e+04  3.41454887e+00 -4.88743853e+03 
 3.68694506e+00  9.91955953e+04  3.68694506e+00 -5.27521686e+03 
 3.98107171e+00  9.91492033e+04  3.98107171e+00 -5.69338420e+03 
 4.29866235e+00  9.90951690e+04  4.29866235e+00 -6.14422454e+03 
 4.64158883e+00  9.90322440e+04  4.64158883e+00 -6.63016825e+03 
 5.01187234e+00  9.89589796e+04  5.01187234e+00 -7.15379467e+03 
 5.41169527e+00  9.88736963e+04  5.41169527e+00 -7.71783280e+03 
 5.84341413e+00  9.87744487e+04  5.84341413e+00 -8.32515913e+03 
 6.30957344e+00  9.86589859e+04  6.30957344e+00 -8.97879196e+03 
 6.81292069e+00  9.85247064e+04  6.81292069e+00 -9.68188109e+03 
 7.35642254e+00  9.83686088e+04  7.35642254e+00 -1.04376915e+04 
 7.94328235e+00  9.81872358e+04  7.94328235e+00 -1.12495797e+04 
 8.57695899e+00  9.79766130e+04  8.57695899e+00 -1.21209600e+04 
 9.26118728e+00  9.77321830e+04  9.26118728e+00 -1.30552601e+04 
 1.00000000e+01  9.74487340e+04  1.00000000e+01 -1.40558613e+04 
 1.07977516e+01  9.71203256e+04  1.07977516e+01 -1.51260219e+04 
 1.16591440e+01  9.67402136e+04  1.16591440e+01 -1.62687793e+04 
 1.25892541e+01  9.63007752e+04  1.25892541e+01 -1.74868282e+04 
 1.35935639e+01  9.57934418e+04  1.35935639e+01 -1.87823691e+04 
 1.46779927e+01  9.52086428e+04  1.46779927e+01 -2.01569259e+04 
 1.58489319e+01  9.45357689e+04  1.58489319e+01 -2.16111271e+04 
 1.71132830e+01  9.37631661e+04  1.71132830e+01 -2.31444494e+04 
 1.84784980e+01  9.28781720e+04  1.84784980e+01 -2.47549230e+04 
 1.99526231e+01  9.18672088e+04  1.99526231e+01 -2.64388022e+04 
 2.15443469e+01  9.07159525e+04  2.15443469e+01 -2.81902061e+04 
 2.32630507e+01  8.94095943e+04  2.32630507e+01 -3.00007451e+04 
 2.51188643e+01  8.79332141e+04  2.51188643e+01 -3.18591508e+04 
 2.71227258e+01  8.62722814e+04  2.71227258e+01 -3.37509391e+04 
 2.92864456e+01  8.44132934e+04  2.92864456e+01 -3.56581456e+04 
 3.16227766e+01  8.23445490e+04  3.16227766e+01 -3.75591794e+04 
 3.41454887e+01  8.00570433e+04  3.41454887e+01 -3.94288504e+04 
 3.68694506e+01  7.75454444e+04  3.68694506e+01 -4.12386260e+04 
 3.98107171e+01  7.48090936e+04  3.98107171e+01 -4.29571656e+04 
 4.29866235e+01  7.18529420e+04  4.29866235e+01 -4.45511693e+04 
 4.64158883e+01  6.86883198e+04  4.64158883e+01 -4.59865439e+04 
 5.01187234e+01  6.53334216e+04  5.01187234e+01 -4.72298543e+04 
 5.41169527e+01  6.18133968e+04  5.41169527e+01 -4.82499798e+04 
 5.84341413e+01  5.81599642e+04  5.84341413e+01 -4.90198501e+04 
 6.30957344e+01  5.44105111e+04  6.30957344e+01 -4.95181001e+04 
 6.81292069e+01  5.06067039e+04  6.81292069e+01 -4.97304670e+04 
 7.35642254e+01  4.67927058e+04  7.35642254e+01 -4.96507668e+04 
 7.94328235e+01  4.30131537e+04  7.94328235e+01 -4.92813275e+04 
 8.57695899e+01  3.93110900e+04  8.57695899e+01 -4.86328260e+04 
 9.26118728e+01  3.57260485e+04  9.26118728e+01 -4.77235463e+04 
 1.00000000e+02  3.22924700e+04  1.00000000e+02 -4.65781558e+04 
 1.07977516e+02  2.90385726e+04  1.07977516e+02 -4.52261463e+04 
 1.16591440e+02  2.59857321e+04  1.16591440e+02 -4.37001131e+04 
 1.25892541e+02  2.31483637e+04  1.25892541e+02 -4.20340447e+04 
 1.35935639e+02  2.05342410e+04  1.35935639e+02 -4.02617650e+04 
 1.46779927e+02  1.81451496e+04  1.46779927e+02 -3.84156308e+04 
 1.58489319e+02  1.59777621e+04  1.58489319e+02 -3.65255374e+04 
 1.71132830e+02  1.40246210e+04  1.71132830e+02 -3.46182437e+04 
 1.84784980e+02  1.22751352e+04  1.84784980e+02 -3.27169945e+04 
 1.99526231e+02  1.07165183e+04  1.99526231e+02 -3.08413956e+04 
 2.15443469e+02  9.33461984e+03  2.15443469e+02 -2.90074882e+04 
 2.32630507e+02  8.11462694e+03  2.32630507e+02 -2.72279658e+04 
 2.51188643e+02  7.04162646e+03  2.51188643e+02 -2.55124837e+04 
 2.71227258e+02  6.10103492e+03  2.71227258e+02 -2.38680177e+04 
 2.92864456e+02  5.27890892e+03  2.92864456e+02 -2.22992395e+04 
 3.16227766e+02  4.56215376e+03  3.16227766e+02 -2.08088843e+04 
 3.41454887e+02  3.93864889e+03  3.41454887e+02 -1.93980950e+04 
 3.68694506e+02  3.39730817e+03  3.68694506e+02 -1.80667331e+04 
 3.98107171e+02  2.92809122e+03  3.98107171e+02 -1.68136531e+04 
 4.29866235e+02  2.52197928e+03  4.29866235e+02 -1.56369375e+04 
 4.64158883e+02  2.17092708e+03  4.64158883e+02 -1.45340960e+04 
 5.01187234e+02  1.86779945e+03  5.01187234e+02 -1.35022303e+04 
 5.41169527e+02  1.60629950e+03  5.41169527e+02 -1.25381693e+04 
 5.84341413e+02  1.38089323e+03  5.84341413e+02 -1.16385769e+04 
 6.30957344e+02  1.18673439e+03  6.30957344e+02 -1.08000382e+04 
 6.81292069e+02  1.01959180e+03  6.81292069e+02 -1.00191264e+04 
 7.35642254e+02  8.75780758e+02  7.35642254e+02 -9.29245389e+03 
 7.94328235e+02  7.52099498e+02  7.94328235e+02 -8.61671058e+03 
 8.57695899e+02  6.45771130e+02  8.57695899e+02 -7.98869182e+03 
 9.26118728e+02  5.54391089e+02  9.26118728e+02 -7.40531786e+03 
 1.00000000e+03  4.75880073e+02  1.00000000e+03 -6.86364670e+03 
 1.07977516e+03  4.08442145e+02  1.07977516e+03 -6.36088177e+03 
 1.16591440e+03  3.50527673e+02  1.16591440e+03 -5.89437555e+03 
 1.25892541e+03  3.00800696e+02  1.25892541e+03 -5.46163008e+03 
 1.35935639e+03  2.58110307e+02  1.35935639e+03 -5.06029519e+03 
 1.46779927e+03  2.21465646e+02  1.46779927e+03 -4.68816502e+03 
 1.58489319e+03  1.90014099e+02  1.58489319e+03 -4.34317325e+03 
 1.71132830e+03  1.63022352e+02  1.71132830e+03 -4.02338758e+03 
 1.84784980e+03  1.39859947e+02  1.84784980e+03 -3.72700363e+03 
 1.99526231e+03  1.19985038e+02  1.99526231e+03 -3.45233847e+03 
 2.15443469e+03  1.02932073e+02  2.15443469e+03 -3.19782408e+03 
 2.32630507e+03  8.83011506e+01  2.32630507e+03 -2.96200082e+03 
 2.51188643e+03  7.57488358e+01  2.51188643e+03 -2.74351089e+03 
 2.71227258e+03  6.49802407e+01  2.71227258e+03 -2.54109209e+03 
 2.92864456e+03  5.57422019e+01  2.92864456e+03 -2.35357168e+03 
 3.16227766e+03  4.78174059e+01  3.16227766e+03 -2.17986057e+03 
 3.41454887e+03  4.10193344e+01  3.41454887e+03 -2.01894774e+03 
 3.68694506e+03  3.51879157e+01  3.68694506e+03 -1.86989498e+03 
 3.98107171e+03  3.01857869e+01  3.98107171e+03 -1.73183189e+03 
 4.29866235e+03  2.58950805e+01  4.29866235e+03 -1.60395117e+03 
 4.64158883e+03  2.22146643e+01  4.64158883e+03 -1.48550421e+03 
 5.01187234e+03  1.90577694e+01  5.01187234e+03 -1.37579696e+03 
 5.41169527e+03  1.63499539e+01  5.41169527e+03 -1.27418604e+03 
 5.84341413e+03  1.40273542e+01  5.84341413e+03 -1.18007514e+03 
 6.30957344e+03  1.20351836e+01  6.30957344e+03 -1.09291160e+03 
 6.81292069e+03  1.03264434e+01  6.81292069e+03 -1.01218332e+03 
 7.35642254e+03  8.86081713e+00  7.35642254e+03 -9.37415774e+02 
 7.94328235e+03  7.60372110e+00  7.94328235e+03 -8.68169310e+02 
 8.57695899e+03  6.52548966e+00  8.57695899e+03 -8.04036610e+02 
 9.26118728e+03  5.60067635e+00  9.26118728e+03 -7.44640325e+02 
 1.00000000e+04  4.80745405e+00  1.00000000e+04 -6.89630892e+02 
 1.07977516e+04  4.12710045e+00  1.07977516e+04 -6.38684499e+02 
 1.16591440e+04  3.54355652e+00  1.16591440e+04 -5.91501196e+02 
 1.25892541e+04  3.04304781e+00  1.25892541e+04 -5.47803145e+02 
 1.35935639e+04  2.61375951e+00  1.35935639e+04 -5.07332999e+02 
 1.46779927e+04  2.24555772e+00  1.46779927e+04 -4.69852393e+02 
 1.58489319e+04  1.92975034e+00  1.58489319e+04 -4.35140550e+02 
 1.71132830e+04  1.65888202e+00  1.71132830e+04 -4.02992983e+02 
 1.84784980e+04  1.42655816e+00  1.84784980e+04 -3.73220299e+02 
 1.99526231e+04  1.22729401e+00  1.99526231e+04 -3.45647086e+02 
 2.15443469e+04  1.05638528e+00  2.15443469e+04 -3.20110881e+02 
 2.32630507e+04  9.09797031e-01  2.32630507e+04 -2.96461218e+02 
 2.51188643e+04  7.84068465e-01  2.51188643e+04 -2.74558740e+02 
 2.71227258e+04  6.76231245e-01  2.71227258e+04 -2.54274382e+02 
 2.92864456e+04  5.83739410e-01  2.92864456e+04 -2.35488611e+02 
 3.16227766e+04  5.04409281e-01  3.16227766e+04 -2.18090721e+02 
 3.41454887e+04  4.36367908e-01  3.41454887e+04 -2.01978184e+02 
 3.68694506e+04  3.78008858e-01  3.68694506e+04 -1.87056046e+02 
 3.98107171e+04  3.27954288e-01  3.98107171e+04 -1.73236364e+02 
 4.29866235e+04  2.85022418e-01  4.29866235e+04 -1.60437693e+02 
 4.64158883e+04  2.48199631e-01  4.64158883e+04 -1.48584604e+02 
 5.01187234e+04  2.16616543e-01  5.01187234e+04 -1.37607242e+02 
 5.41169527e+04  1.89527477e-01  5.41169527e+04 -1.27440908e+02 
 5.84341413e+04  1.66292858e-01  5.84341413e+04 -1.18025688e+02 
 6.30957344e+04  1.46364116e-01  6.30957344e+04 -1.09306090e+02 
 6.81292069e+04  1.29270730e-01  6.81292069e+04 -1.01230724e+02 
 7.35642254e+04  1.14609124e-01  7.35642254e+04 -9.37519963e+01 
 7.94328235e+04  1.02033134e-01  7.94328235e+04 -8.68258283e+01 
 8.57695899e+04  9.12458395e-02  8.57695899e+04 -8.04113991e+01 
 9.26118728e+04  8.19925498e-02  9.26118728e+04 -7.44709033e+01 
 1.00000000e+05  7.40547930e-02  1.00000000e+05 -6.89693289e+01 
 1.07977516e+05  6.72451569e-02  1.07977516e+05 -6.38742506e+01 
 1.16591440e+05  6.14028644e-02  1.16591440e+05 -5.91556389e+01 
 1.25892541e+05  5.63899776e-02  1.25892541e+05 -5.47856830e+01 
 1.35935639e+05  5.20881412e-02  1.35935639e+05 -5.07386271e+01 
 1.46779927e+05  4.83957879e-02  1.46779927e+05 -4.69906185e+01 
 1.58489319e+05  4.52257403e-02  1.58489319e+05 -4.35195668e+01 
 1.71132830e+05  4.25031531e-02  1.71132830e+05 -4.03050143e+01 
 1.84784980e+05  4.01637457e-02  1.84784980e+05 -3.73280148e+01 
 1.99526231e+05  3.81522846e-02  1.99526231e+05 -3.45710221e+01 
 2.15443469e+05  3.64212792e-02  2.15443469e+05 -3.20177869e+01 
 2.32630507e+05  3.49298611e-02  2.32630507e+05 -2.96532608e+01 
 2.51188643e+05  3.36428189e-02  2.51188643e+05 -2.74635075e+01 
 2.71227258e+05  3.25297667e-02  2.71227258e+05 -2.54356207e+01 
 2.92864456e+05  3.15644278e-02  2.92864456e+05 -2.35576483e+01 
 3.16227766e+05  3.07240134e-02  3.16227766e+05 -2.18185218e+01 
 3.41454887e+05  2.99886858e-02  3.41454887e+05 -2.02079907e+01 
 3.68694506e+05  2.93410899e-02  3.68694506e+05 -1.87165627e+01 
 3.98107171e+05  2.87659441e-02  3.98107171e+05 -1.73354474e+01 
 4.29866235e+05  2.82496806e-02  4.29866235e+05 -1.60565044e+01 
 4.64158883e+05  2.77801258e-02  4.64158883e+05 -1.48721955e+01 
 5.01187234e+05  2.73462145e-02  5.01187234e+05 -1.37755403e+01 
 5.41169527e+05  2.69377307e-02  5.41169527e+05 -1.27600749e+01 
 5.84341413e+05  2.65450690e-02  5.84341413e+05 -1.18198138e+01 
 6.30957344e+05  2.61590116e-02  6.30957344e+05 -1.09492147e+01 
 6.81292069e+05  2.57705154e-02  6.81292069e+05 -1.01431455e+01 
 7.35642254e+05  2.53705055e-02  7.35642254e+05 -9.39685456e+00 
 7.94328235e+05  2.49496700e-02  7.94328235e+05 -8.70594218e+00 
 8.57695899e+05  2.44982526e-02  8.57695899e+05 -8.06633480e+00 
 9.26118728e+05  2.40058387e-02  9.26118728e+05 -7.47426087e+00 
 1.00000000e+06  2.34611323e-02  1.00000000e+06 -6.92622857e+00 
 1.07977516e+06  2.28517201e-02  1.07977516e+06 -6.41900510e+00 
 1.16591440e+06  2.21638191e-02  1.16591440e+06 -5.94959746e+00 
 1.25892541e+06  2.13820070e-02  1.25892541e+06 -5.51523468e+00 
 1.35935639e+06  2.04889324e-02  1.35935639e+06 -5.11335125e+00 
 1.46779927e+06  1.94650055e-02  1.46779927e+06 -4.74157174e+00 
 1.58489319e+06  1.82880696e-02  1.58489319e+06 -4.39769648e+00 
 1.71132830e+06  1.69330571e-02  1.71132830e+06 -4.07968821e+00 
 1.84784980e+06  1.53716365e-02  1.84784980e+06 -3.78565954e+00 
 1.99526231e+06  1.35718608e-02  1.99526231e+06 -3.51386131e+00 
 2.15443469e+06  1.14978327e-02  2.15443469e+06 -3.26267155e+00 
 2.32630507e+06  9.10940969e-03  2.32630507e+06 -3.03058505e+00 
 2.51188643e+06  6.36198016e-03  2.51188643e+06 -2.81620355e+00 
 2.71227258e+06  3.20635267e-03  2.71227258e+06 -2.61822634e+00 
 2.92864456e+06 -4.11187309e-04  2.92864456e+06 -2.43544123e+00 
 3.16227766e+06 -4.54858449e-03  3.16227766e+06 -2.26671597e+00 
 3.41454887e+06 -9.26740114e-03  3.41454887e+06 -2.11098991e+00 
 3.68694506e+06 -1.46317869e-02  3.68694506e+06 -1.96726600e+00 
 3.98107171e+06 -2.07069221e-02  3.98107171e+06 -1.83460318e+00 
 4.29866235e+06 -2.75568219e-02  4.29866235e+06 -1.71210913e+00 
 4.64158883e+06 -3.52413940e-02  4.64158883e+06 -1.59893356e+00 
 5.01187234e+06 -4.38126700e-02  5.01187234e+06 -1.49426228e+00 
 5.41169527e+06 -5.33101760e-02  5.41169527e+06 -1.39731216e+00 
 5.84341413e+06 -6.37554901e-02  5.84341413e+06 -1.30732742e+00 
 6.30957344e+06 -7.51461398e-02  6.30957344e+06 -1.22357749e+00 
 6.81292069e+06 -8.74491379e-02  6.81292069e+06 -1.14535682e+00 
 7.35642254e+06 -1.00594611e-01  7.35642254e+06 -1.07198697e+00 
 7.94328235e+06 -1.14470130e-01  7.94328235e+06 -1.00282096e+00 
 8.57695899e+06 -1.28916482e-01  8.57695899e+06 -9.37250179e-01 
 9.26118728e+06 -1.43725660e-01  9.26118728e+06 -8.74713136e-01 
 1.00000000e+07 -1.58641811e-01  1.00000000e+07 -8.14705834e-01 
 1.07977516e+07 -1.73365677e-01  1.07977516e+07 -7.56792625e-01 
 1.16591440e+07 -1.87562781e-01  1.16591440e+07 -7.00616554e-01 
 1.25892541e+07 -2.00875195e-01  1.25892541e+07 -6.45907962e-01 
 1.35935639e+07 -2.12936336e-01  1.35935639e+07 -5.92490231e-01 
 1.46779927e+07 -2.23387840e-01  1.46779927e+07 -5.40281793e-01 
 1.58489319e+07 -2.31897368e-01  1.58489319e+07 -4.89293851e-01 
 1.71132830e+07 -2.38176091e-01  1.71132830e+07 -4.39623704e-01 
 1.84784980e+07 -2.41994666e-01  1.84784980e+07 -3.91443896e-01 
 1.99526231e+07 -2.43196705e-01  1.99526231e+07 -3.44987715e-01 
 2.15443469e+07 -2.41708926e-01  2.15443469e+07 -3.00531740e-01 
 2.32630507e+07 -2.37547377e-01  2.32630507e+07 -2.58376242e-01 
 2.51188643e+07 -2.30819252e-01  2.51188643e+07 -2.18824328e-01 
 2.71227258e+07 -2.21719984e-01  2.71227258e+07 -1.82160796e-01 
 2.92864456e+07 -2.10525418e-01  2.92864456e+07 -1.48631833e-01 
 3.16227766e+07 -1.97579177e-01  3.16227766e+07 -1.18426812e-01 
 3.41454887e+07 -1.83275655e-01  3.41454887e+07 -9.16635406e-02 
 3.68694506e+07 -1.68039582e-01  3.68694506e+07 -6.83782634e-02 
 3.98107171e+07 -1.52303573e-01  3.98107171e+07 -4.85214461e-02 
 4.29866235e+07 -1.36485484e-01  4.29866235e+07 -3.19598767e-02 
 4.64158883e+07 -1.20967574e-01  4.64158883e+07 -1.84849372e-02 
 5.01187234e+07 -1.06079339e-01  5.01187234e+07 -7.82617220e-03 
 5.41169527e+07 -9.20854757e-02  5.41169527e+07  3.31369788e-04 
 5.84341413e+07 -7.91797423e-02  5.84341413e+07  6.32795492e-03 
 6.30957344e+07 -6.74847354e-02  6.30957344e+07  1.05101755e-02 
 6.81292069e+07 -5.70568616e-02  6.81292069e+07  1.32139629e-02 
 7.35642254e+07 -4.78952585e-02  7.35642254e+07  1.47509344e-02 
 7.94328235e+07 -3.99531401e-02  7.94328235e+07  1.53987974e-02 
 8.57695899e+07 -3.31500364e-02  8.57695899e+07  1.53959192e-02 
 9.26118728e+07 -2.73836162e-02  9.26118728e+07  1.49396652e-02 
 1.00000000e+08 -2.25401333e-02  1.00000000e+08  1.41877703e-02 
 1.07977516e+08 -1.85029372e-02  1.07977516e+08  1.32618569e-02 
 1.16591440e+08 -1.51588507e-02  1.16591440e+08  1.22522224e-02 
 1.25892541e+08 -1.24025015e-02  1.25892541e+08  1.12231408e-02 
 1.35935639e+08 -1.01388807e-02  1.35935639e+08  1.02181017e-02 
 1.46779927e+08 -8.28448710e-03  1.46779927e+08  9.26460539e-03 
 1.58489319e+08 -6.76743426e-03  1.58489319e+08  8.37829961e-03 
 1.71132830e+08 -5.52686300e-03  1.71132830e+08  7.56638322e-03 
 1.84784980e+08 -4.51194144e-03  1.84784980e+08  6.83029223e-03 
 1.99526231e+08 -3.68066798e-03  1.99526231e+08  6.16774181e-03 
 2.15443469e+08 -2.99862814e-03  2.15443469e+08  5.57422387e-03 
 2.32630507e+08 -2.43780280e-03  2.32630507e+08  5.04406576e-03 
 2.51188643e+08 -1.97548343e-03  2.51188643e+08  4.57114964e-03 
 2.71227258e+08 -1.59332029e-03  2.71227258e+08  4.14937817e-03 
 2.92864456e+08 -1.27650944e-03  2.92864456e+08  3.77295714e-03 
 3.16227766e+08 -1.01311241e-03  3.16227766e+08  3.43655029e-03 
 3.41454887e+08 -7.93495575e-04  3.41454887e+08  3.13534805e-03 
 3.68694506e+08 -6.09873755e-04  3.68694506e+08  2.86508094e-03 
 3.98107171e+08 -4.55941840e-04  3.98107171e+08  2.62199906e-03 
 4.29866235e+08 -3.26579507e-04  4.29866235e+08  2.40283298e-03 
 4.64158883e+08 -2.17615540e-04  4.64158883e+08  2.20474567e-03 
 5.01187234e+08 -1.25640291e-04  5.01187234e+08  2.02528204e-03 
 5.41169527e+08 -4.78566411e-05  5.41169527e+08  1.86231986e-03 
 5.84341413e+08  1.80384134e-05  5.84341413e+08  1.71402416e-03 
 6.30957344e+08  7.39479308e-05  6.30957344e+08  1.57880632e-03 
 6.81292069e+08  1.21450045e-04  6.81292069e+08  1.45528803e-03 
 7.35642254e+08  1.61857883e-04  7.35642254e+08  1.34227002e-03 
 7.94328235e+08  1.96267574e-04  7.94328235e+08  1.23870534e-03 
 8.57695899e+08  2.25596846e-04  8.57695899e+08  1.14367661e-03 
 9.26118728e+08  2.50616188e-04  9.26118728e+08  1.05637686e-03 
 1.00000000e+09  2.71974105e-04  1.00000000e+09  9.76093312e-04 
 1.07977516e+09  2.90217684e-04  1.07977516e+09  9.02193880e-04 
 1.16591440e+09  3.05809400e-04  1.16591440e+09  8.34115772e-04 
 1.25892541e+09  3.19140918e-04  1.25892541e+09  7.71355968e-04 
 1.35935639e+09  3.30544478e-04  1.35935639e+09  7.13463231e-04 
 1.46779927e+09  3.40302306e-04  1.46779927e+09  6.60031379e-04 
 1.58489319e+09  3.48654448e-04  1.58489319e+09  6.10693628e-04 
 1.71132830e+09  3.55805292e-04  1.71132830e+09  5.65117799e-04 
 1.84784980e+09  3.61929032e-04  1.84784980e+09  5.23002257e-04 
 1.99526231e+09  3.67174247e-04  1.99526231e+09  4.84072444e-04 
 2.15443469e+09  3.71667759e-04  2.15443469e+09  4.48077918e-04 
 2.32630507e+09  3.75517886e-04  2.32630507e+09  4.14789793e-04 
 2.51188643e+09  3.78817190e-04  2.51188643e+09  3.83998532e-04 
 2.71227258e+09  3.81644804e-04  2.71227258e+09  3.55512023e-04 
 2.92864456e+09  3.84068413e-04  2.92864456e+09  3.29153902e-04 
 3.16227766e+09  3.86145925e-04  3.16227766e+09  3.04762071e-04 
 3.41454887e+09  3.87926902e-04  3.41454887e+09  2.82187393e-04 
 3.68694506e+09  3.89453774e-04  3.68694506e+09  2.61292539e-04 
 3.98107171e+09  3.90762873e-04  3.98107171e+09  2.41950952e-04 
 4.29866235e+09  3.91885317e-04  4.29866235e+09  2.24045925e-04 
 4.64158883e+09  3.92847762e-04  4.64158883e+09  2.07469771e-04 
 5.01187234e+09  3.93673048e-04  5.01187234e+09  1.92123077e-04 
 5.41169527e+09  3.94380744e-04  5.41169527e+09  1.77914027e-04 
 5.84341413e+09  3.94987623e-04  5.84341413e+09  1.64757788e-04 
 6.30957344e+09  3.95508060e-04  6.30957344e+09  1.52575956e-04 
 6.81292069e+09  3.95954378e-04  6.81292069e+09  1.41296047e-04 
 7.35642254e+09  3.96337139e-04  7.35642254e+09  1.30851033e-04 
 7.94328235e+09  3.96665399e-04  7.94328235e+09  1.21178919e-04 
 8.57695899e+09  3.96946922e-04  8.57695899e+09  1.12222353e-04 
 9.26118728e+09  3.97188366e-04  9.26118728e+09  1.03928272e-04 
 1.00000000e+10  3.97395439e-04  1.00000000e+10  9.62475757e-05 
