 1.00000000e+00  6.60519619e+04  1.00000000e+00 -1.99407585e+02 
 1.07977516e+00  6.60518620e+04  1.07977516e+00 -2.15315032e+02 
 1.16591440e+00  6.60517455e+04  1.16591440e+00 -2.32491414e+02 
 1.25892541e+00  6.60516098e+04  1.25892541e+00 -2.51037938e+02 
 1.35935639e+00  6.60514515e+04  1.35935639e+00 -2.71063881e+02 
 1.46779927e+00  6.60512669e+04  1.46779927e+00 -2.92687228e+02 
 1.58489319e+00  6.60510517e+04  1.58489319e+00 -3.16035369e+02 
 1.71132830e+00  6.60508008e+04  1.71132830e+00 -3.41245846e+02 
 1.84784980e+00  6.60505083e+04  1.84784980e+00 -3.68467157e+02 
 1.99526231e+00  6.60501673e+04  1.99526231e+00 -3.97859630e+02 
 2.15443469e+00  6.60497697e+04  2.15443469e+00 -4.29596361e+02 
 2.32630507e+00  6.60493061e+04  2.32630507e+00 -4.63864225e+02 
 2.51188643e+00  6.60487657e+04  2.51188643e+00 -5.00864970e+02 
 2.71227258e+00  6.60481355e+04  2.71227258e+00 -5.40816395e+02 
 2.92864456e+00  6.60474009e+04  2.92864456e+00 -5.83953615e+02 
 3.16227766e+00  6.60465443e+04  3.16227766e+00 -6.30530432e+02 
 3.41454887e+00  6.60455457e+04  3.41454887e+00 -6.80820805e+02 
 3.68694506e+00  6.60443814e+04  3.68694506e+00 -7.35120437e+02 
 3.98107171e+00  6.60430241e+04  3.98107171e+00 -7.93748475e+02 
 4.29866235e+00  6.60414415e+04  4.29866235e+00 -8.57049351e+02 
 4.64158883e+00  6.60395966e+04  4.64158883e+00 -9.25394749e+02 
 5.01187234e+00  6.60374456e+04  5.01187234e+00 -9.99185720e+02 
 5.41169527e+00  6.60349379e+04  5.41169527e+00 -1.07885495e+03 
 5.84341413e+00  6.60320144e+04  5.84341413e+00 -1.16486921e+03 
 6.30957344e+00  6.60286062e+04  6.30957344e+00 -1.25773192e+03 
 6.81292069e+00  6.60246330e+04  6.81292069e+00 -1.35798597e+03 
 7.35642254e+00  6.60200011e+04  7.35642254e+00 -1.46621665e+03 
 7.94328235e+00  6.60146016e+04  7.94328235e+00 -1.58305484e+03 
 8.57695899e+00  6.60083073e+04  8.57695899e+00 -1.70918031e+03 
 9.26118728e+00  6.60009703e+04  9.26118728e+00 -1.84532531e+03 
 1.00000000e+01  6.59924180e+04  1.00000000e+01 -1.99227825e+03 
 1.07977516e+01  6.59824495e+04  1.07977516e+01 -2.15088762e+03 
 1.16591440e+01  6.59708309e+04  1.16591440e+01 -2.32206607e+03 
 1.25892541e+01  6.59572898e+04  1.25892541e+01 -2.50679462e+03 
 1.35935639e+01  6.59415090e+04  1.35935639e+01 -2.70612696e+03 
 1.46779927e+01  6.59231195e+04  1.46779927e+01 -2.92119380e+03 
 1.58489319e+01  6.59016919e+04  1.58489319e+01 -3.15320725e+03 
 1.71132830e+01  6.58767267e+04  1.71132830e+01 -3.40346507e+03 
 1.84784980e+01  6.58476433e+04  1.84784980e+01 -3.67335461e+03 
 1.99526231e+01  6.58137669e+04  1.99526231e+01 -3.96435650e+03 
 2.15443469e+01  6.57743140e+04  2.15443469e+01 -4.27804761e+03 
 2.32630507e+01  6.57283749e+04  2.32630507e+01 -4.61610325e+03 
 2.51188643e+01  6.56748949e+04  2.51188643e+01 -4.98029810e+03 
 2.71227258e+01  6.56126515e+04  2.71227258e+01 -5.37250557e+03 
 2.92864456e+01  6.55402298e+04  2.92864456e+01 -5.79469496e+03 
 3.16227766e+01  6.54559939e+04  3.16227766e+01 -6.24892589e+03 
 3.41454887e+01  6.53580551e+04  3.41454887e+01 -6.73733909e+03 
 3.68694506e+01  6.52442362e+04  3.68694506e+01 -7.26214256e+03 
 3.98107171e+01  6.51120327e+04  3.98107171e+01 -7.82559207e+03 
 4.29866235e+01  6.49585695e+04  4.29866235e+01 -8.42996435e+03 
 4.64158883e+01  6.47805555e+04  4.64158883e+01 -9.07752151e+03 
 5.01187234e+01  6.45742345e+04  5.01187234e+01 -9.77046466e+03 
 5.41169527e+01  6.43353350e+04  5.41169527e+01 -1.05108745e+04 
 5.84341413e+01  6.40590210e+04  5.84341413e+01 -1.13006368e+04 
 6.30957344e+01  6.37398444e+04  6.30957344e+01 -1.21413492e+04 
 6.81292069e+01  6.33717047e+04  6.81292069e+01 -1.30342088e+04 
 7.35642254e+01  6.29478187e+04  7.35642254e+01 -1.39798755e+04 
 7.94328235e+01  6.24607084e+04  7.94328235e+01 -1.49783114e+04 
 8.57695899e+01  6.19022132e+04  8.57695899e+01 -1.60285952e+04 
 9.26118728e+01  6.12635363e+04  9.26118728e+01 -1.71287108e+04 
 1.00000000e+02  6.05353362e+04  1.00000000e+02 -1.82753165e+04 
 1.07977516e+02  5.97078764e+04  1.07977516e+02 -1.94634985e+04 
 1.16591440e+02  5.87712433e+04  1.16591440e+02 -2.06865226e+04 
 1.25892541e+02  5.77156463e+04  1.25892541e+02 -2.19355996e+04 
 1.35935639e+02  5.65318070e+04  1.35935639e+02 -2.31996881e+04 
 1.46779927e+02  5.52114392e+04  1.46779927e+02 -2.44653638e+04 
 1.58489319e+02  5.37478151e+04  1.58489319e+02 -2.57167899e+04 
 1.71132830e+02  5.21363972e+04  1.71132830e+02 -2.69358256e+04 
 1.84784980e+02  5.03755025e+04  1.84784980e+02 -2.81023085e+04 
 1.99526231e+02  4.84669473e+04  1.99526231e+02 -2.91945378e+04 
 2.15443469e+02  4.64166096e+04  2.15443469e+02 -3.01899702e+04 
 2.32630507e+02  4.42348306e+04  2.32630507e+02 -3.10661165e+04 
 2.51188643e+02  4.19365818e+04  2.51188643e+02 -3.18015990e+04 
 2.71227258e+02  3.95413330e+04  2.71227258e+02 -3.23772951e+04 
 2.92864456e+02  3.70725830e+04  2.92864456e+02 -3.27774703e+04 
 3.16227766e+02  3.45570549e+04  3.16227766e+02 -3.29907840e+04 
 3.41454887e+02  3.20236001e+04  3.41454887e+02 -3.30110544e+04 
 3.68694506e+02  2.95019020e+04  3.68694506e+02 -3.28376889e+04 
 3.98107171e+02  2.70210974e+04  3.98107171e+02 -3.24757264e+04 
 4.29866235e+02  2.46084520e+04  4.29866235e+02 -3.19354845e+04 
 4.64158883e+02  2.22882145e+04  4.64158883e+02 -3.12318576e+04 
 5.01187234e+02  2.00807455e+04  5.01187234e+02 -3.03833522e+04 
 5.41169527e+02  1.80019768e+04  5.41169527e+02 -2.94109715e+04 
 5.84341413e+02  1.60632110e+04  5.84341413e+02 -2.83370642e+04 
 6.30957344e+02  1.42712309e+04  6.30957344e+02 -2.71842423e+04 
 6.81292069e+02  1.26286579e+04  6.81292069e+02 -2.59744470e+04 
 7.35642254e+02  1.11344877e+04  7.35642254e+02 -2.47282085e+04 
 7.94328235e+02  9.78472317e+03  7.94328235e+02 -2.34641191e+04 
 8.57695899e+02  8.57303964e+03  8.57695899e+02 -2.21985106e+04 
 9.26118728e+02  7.49142692e+03  9.26118728e+02 -2.09453123e+04 
 1.00000000e+03  6.53077078e+03  1.00000000e+03 -1.97160546e+04 
 1.07977516e+03  5.68135234e+03  1.07977516e+03 -1.85199822e+04 
 1.16591440e+03  4.93325615e+03  1.16591440e+03 -1.73642395e+04 
 1.25892541e+03  4.27668802e+03  1.25892541e+03 -1.62540997e+04 
 1.35935639e+03  3.70220973e+03  1.35935639e+03 -1.51932120e+04 
 1.46779927e+03  3.20090152e+03  1.46779927e+03 -1.41838493e+04 
 1.58489319e+03  2.76446480e+03  1.58489319e+03 -1.32271433e+04 
 1.71132830e+03  2.38527715e+03  1.71132830e+03 -1.23232999e+04 
 1.84784980e+03  2.05641088e+03  1.84784980e+03 -1.14717906e+04 
 1.99526231e+03  1.77162495e+03  1.99526231e+03 -1.06715185e+04 
 2.15443469e+03  1.52533823e+03  2.15443469e+03 -9.92095934e+03 
 2.32630507e+03  1.31259065e+03  2.32630507e+03 -9.21827924e+03 
 2.51188643e+03  1.12899713e+03  2.51188643e+03 -8.56143143e+03 
 2.71227258e+03  9.70698133e+02  2.71227258e+03 -7.94823454e+03 
 2.92864456e+03  8.34309465e+02  2.92864456e+03 -7.37643497e+03 
 3.16227766e+03  7.16873232e+02  3.16227766e+03 -6.84375575e+03 
 3.41454887e+03  6.15811202e+02  3.41454887e+03 -6.34793429e+03 
 3.68694506e+03  5.28881306e+02  3.68694506e+03 -5.88675078e+03 
 3.98107171e+03  4.54137678e+02  3.98107171e+03 -5.45804914e+03 
 4.29866235e+03  3.89894392e+02  4.29866235e+03 -5.05975194e+03 
 4.64158883e+03  3.34692859e+02  4.64158883e+03 -4.68987045e+03 
 5.01187234e+03  2.87272734e+02  5.01187234e+03 -4.34651095e+03 
 5.41169527e+03  2.46546135e+02  5.41169527e+03 -4.02787804e+03 
 5.84341413e+03  2.11574891e+02  5.84341413e+03 -3.73227571e+03 
 6.30957344e+03  1.81550573e+02  6.30957344e+03 -3.45810670e+03 
 6.81292069e+03  1.55777015e+02  6.81292069e+03 -3.20387053e+03 
 7.35642254e+03  1.33655067e+02  7.35642254e+03 -2.96816065e+03 
 7.94328235e+03  1.14669327e+02  7.94328235e+03 -2.74966094e+03 
 8.57695899e+03  9.83766199e+01  8.57695899e+03 -2.54714178e+03 
 9.26118728e+03  8.43960163e+01  9.26118728e+03 -2.35945581e+03 
 1.00000000e+04  7.24001872e+01  1.00000000e+04 -2.18553363e+03 
 1.07977516e+04  6.21079376e+01  1.07977516e+04 -2.02437944e+03 
 1.16591440e+04  5.32777589e+01  1.16591440e+04 -1.87506667e+03 
 1.25892541e+04  4.57022679e+01  1.25892541e+04 -1.73673377e+03 
 1.35935639e+04  3.92034148e+01  1.35935639e+04 -1.60858013e+03 
 1.46779927e+04  3.36283555e+01  1.46779927e+04 -1.48986210e+03 
 1.58489319e+04  2.88458997e+01  1.58489319e+04 -1.37988926e+03 
 1.71132830e+04  2.47434549e+01  1.71132830e+04 -1.27802082e+03 
 1.84784980e+04  2.12243986e+01  1.84784980e+04 -1.18366223e+03 
 1.99526231e+04  1.82058196e+01  1.99526231e+04 -1.09626201e+03 
 2.15443469e+04  1.56165767e+01  2.15443469e+04 -1.01530874e+03 
 2.32630507e+04  1.33956319e+01  2.32630507e+04 -9.40328234e+02 
 2.51188643e+04  1.14906176e+01  2.51188643e+04 -8.70880890e+02 
 2.71227258e+04  9.85660694e+00  2.71227258e+04 -8.06559253e+02 
 2.92864456e+04  8.45505816e+00  2.92864456e+04 -7.46985692e+02 
 3.16227766e+04  7.25290799e+00  3.16227766e+04 -6.91810259e+02 
 3.41454887e+04  6.22179368e+00  3.41454887e+04 -6.40708685e+02 
 3.68694506e+04  5.33738533e+00  3.68694506e+04 -5.93380524e+02 
 3.98107171e+04  4.57881282e+00  3.98107171e+04 -5.49547414e+02 
 4.29866235e+04  3.92817415e+00  4.29866235e+04 -5.08951475e+02 
 4.64158883e+04  3.37011351e+00  4.64158883e+04 -4.71353809e+02 
 5.01187234e+04  2.89145932e+00  5.01187234e+04 -4.36533114e+02 
 5.41169527e+04  2.48091364e+00  5.41169527e+04 -4.04284394e+02 
 5.84341413e+04  2.12878575e+00  5.84341413e+04 -3.74417765e+02 
 6.30957344e+04  1.82676355e+00  6.30957344e+04 -3.46757344e+02 
 6.81292069e+04  1.56771749e+00  6.81292069e+04 -3.21140220e+02 
 7.35642254e+04  1.34553236e+00  7.35642254e+04 -2.97415501e+02 
 7.94328235e+04  1.15496300e+00  7.94328235e+04 -2.75443432e+02 
 8.57695899e+04  9.91510532e-01  8.57695899e+04 -2.55094569e+02 
 9.26118728e+04  8.51316161e-01  9.26118728e+04 -2.36249025e+02 
 1.00000000e+05  7.31070136e-01  1.00000000e+05 -2.18795764e+02 
 1.07977516e+05  6.27933616e-01  1.07977516e+05 -2.02631948e+02 
 1.16591440e+05  5.39471667e-01  1.16591440e+05 -1.87662332e+02 
 1.25892541e+05  4.63595787e-01  1.25892541e+05 -1.73798705e+02 
 1.35935639e+05  3.98514604e-01  1.35935639e+05 -1.60959372e+02 
 1.46779927e+05  3.42691592e-01  1.46779927e+05 -1.49068670e+02 
 1.58489319e+05  2.94808798e-01  1.58489319e+05 -1.38056527e+02 
 1.71132830e+05  2.53735725e-01  1.71132830e+05 -1.27858045e+02 
 1.84784980e+05  2.18502652e-01  1.84784980e+05 -1.18413122e+02 
 1.99526231e+05  1.88277731e-01  1.99526231e+05 -1.09666095e+02 
 2.15443469e+05  1.62347357e-01  2.15443469e+05 -1.01565413e+02 
 2.32630507e+05  1.40099315e-01  2.32630507e+05 -9.40633352e+01 
 2.51188643e+05  1.21008331e-01  2.51188643e+05 -8.71156473e+01 
 2.71227258e+05  1.04623665e-01  2.71227258e+05 -8.06814022e+01 
 2.92864456e+05  9.05584753e-02  2.92864456e+05 -7.47226785e+01 
 3.16227766e+05  7.84806829e-02  3.16227766e+05 -6.92043574e+01 
 3.41454887e+05  6.81051308e-02  3.41454887e+05 -6.40939153e+01 
 3.68694506e+05  5.91868526e-02  3.68694506e+05 -5.93612325e+01 
 3.98107171e+05  5.15152889e-02  3.98107171e+05 -5.49784156e+01 
 4.29866235e+05  4.49093164e-02  4.29866235e+05 -5.09196330e+01 
 4.64158883e+05  3.92129718e-02  4.64158883e+05 -4.71609631e+01 
 5.01187234e+05  3.42917700e-02  5.01187234e+05 -4.36802526e+01 
 5.41169527e+05  3.00295297e-02  5.41169527e+05 -4.04569867e+01 
 5.84341413e+05  2.63256312e-02  5.84341413e+05 -3.74721678e+01 
 6.30957344e+05  2.30926418e-02  6.30957344e+05 -3.47082032e+01 
 6.81292069e+05  2.02542536e-02  6.81292069e+05 -3.21488023e+01 
 7.35642254e+05  1.77434835e-02  7.35642254e+05 -2.97788797e+01 
 7.94328235e+05  1.55010951e-02  7.94328235e+05 -2.75844667e+01 
 8.57695899e+05  1.34742043e-02  8.57695899e+05 -2.55526287e+01 
 9.26118728e+05  1.16150364e-02  9.26118728e+05 -2.36713892e+01 
 1.00000000e+06  9.87980517e-03  1.00000000e+06 -2.19296590e+01 
 1.07977516e+06  8.22769022e-03  1.07977516e+06 -2.03171706e+01 
 1.16591440e+06  6.61988672e-03  1.16591440e+06 -1.88244178e+01 
 1.25892541e+06  5.01870853e-03  1.25892541e+06 -1.74425998e+01 
 1.35935639e+06  3.38672432e-03  1.35935639e+06 -1.61635685e+01 
 1.46779927e+06  1.68590901e-03  1.46779927e+06 -1.49797807e+01 
 1.58489319e+06 -1.23206307e-04  1.58489319e+06 -1.38842537e+01 
 1.71132830e+06 -2.08240145e-03  1.71132830e+06 -1.28705230e+01 
 1.84784980e+06 -4.23666586e-03  1.84784980e+06 -1.19326049e+01 
 1.99526231e+06 -6.63514186e-03  1.99526231e+06 -1.10649596e+01 
 2.15443469e+06 -9.33212394e-03  2.15443469e+06 -1.02624590e+01 
 2.32630507e+06 -1.23881227e-02  2.32630507e+06 -9.52035516e+00 
 2.51188643e+06 -1.58709988e-02  2.51188643e+06 -8.83425139e+00 
 2.71227258e+06 -1.98571673e-02  2.71227258e+06 -8.20007551e+00 
 2.92864456e+06 -2.44328643e-02  2.92864456e+06 -7.61405425e+00 
 3.16227766e+06 -2.96954592e-02  3.16227766e+06 -7.07268934e+00 
 3.41454887e+06 -3.57547791e-02  3.41454887e+06 -6.57273475e+00 
 3.68694506e+06 -4.27343938e-02  3.68694506e+06 -6.11117502e+00 
 3.98107171e+06 -5.07727792e-02  3.98107171e+06 -5.68520434e+00 
 4.29866235e+06 -6.00242437e-02  4.29866235e+06 -5.29220620e+00 
 4.64158883e+06 -7.06594492e-02  4.64158883e+06 -4.92973350e+00 
 5.01187234e+06 -8.28652991e-02  5.01187234e+06 -4.59548877e+00 
 5.41169527e+06 -9.68438818e-02  5.41169527e+06 -4.28730444e+00 
 5.84341413e+06 -1.12810065e-01  5.84341413e+06 -4.00312296e+00 
 6.30957344e+06 -1.30987218e-01  6.30957344e+06 -3.74097679e+00 
 6.81292069e+06 -1.51600417e-01  6.81292069e+06 -3.49896833e+00 
 7.35642254e+06 -1.74866363e-01  7.35642254e+06 -3.27525015e+00 
 7.94328235e+06 -2.00979138e-01  7.94328235e+06 -3.06800603e+00 
 8.57695899e+06 -2.30090921e-01  8.57695899e+06 -2.87543408e+00 
 9.26118728e+06 -2.62286858e-01  9.26118728e+06 -2.69573335e+00 
 1.00000000e+07 -2.97553680e-01  1.00000000e+07 -2.52709637e+00 
 1.07977516e+07 -3.35742329e-01  1.07977516e+07 -2.36771069e+00 
 1.16591440e+07 -3.76526106e-01  1.16591440e+07 -2.21577308e+00 
 1.25892541e+07 -4.19357673e-01  1.25892541e+07 -2.06952038e+00 
 1.35935639e+07 -4.63430647e-01  1.35935639e+07 -1.92728064e+00 
 1.46779927e+07 -5.07654297e-01  1.46779927e+07 -1.78754613e+00 
 1.58489319e+07 -5.50652230e-01  1.58489319e+07 -1.64906647e+00 
 1.71132830e+07 -5.90796866e-01  1.71132830e+07 -1.51095436e+00 
 1.84784980e+07 -6.26289416e-01  1.84784980e+07 -1.37278966e+00 
 1.99526231e+07 -6.55288703e-01  1.99526231e+07 -1.23470083e+00 
 2.15443469e+07 -6.76081384e-01  2.15443469e+07 -1.09739943e+00 
 2.32630507e+07 -6.87272710e-01  2.32630507e+07 -9.62146420e-01 
 2.51188643e+07 -6.87965383e-01  2.51188643e+07 -8.30640182e-01 
 2.71227258e+07 -6.77889534e-01  2.71227258e+07 -7.04833848e-01 
 2.92864456e+07 -6.57453372e-01  2.92864456e+07 -5.86708969e-01 
 3.16227766e+07 -6.27701183e-01  3.16227766e+07 -4.78045693e-01 
 3.41454887e+07 -5.90187472e-01  3.41454887e+07 -3.80231241e-01 
 3.68694506e+07 -5.46795217e-01  3.68694506e+07 -2.94137561e-01 
 3.98107171e+07 -4.99535603e-01  3.98107171e+07 -2.20080275e-01 
 4.29866235e+07 -4.50364404e-01  4.29866235e+07 -1.57851827e-01 
 4.64158883e+07 -4.01039453e-01  4.64158883e+07 -1.06808389e-01 
 5.01187234e+07 -3.53029652e-01  5.01187234e+07 -6.59851225e-02 
 5.41169527e+07 -3.07473859e-01  5.41169527e+07 -3.42167132e-02 
 5.84341413e+07 -2.65180289e-01  5.84341413e+07 -1.02466020e-02 
 6.30957344e+07 -2.26654051e-01  6.30957344e+07  7.18427931e-03 
 6.81292069e+07 -1.92140892e-01  6.81292069e+07  1.92722051e-02 
 7.35642254e+07 -1.61677607e-01  7.35642254e+07  2.71075645e-02 
 7.94328235e+07 -1.35142394e-01  7.94328235e+07  3.16505673e-02 
 8.57695899e+07 -1.12301060e-01  8.57695899e+07  3.37216137e-02 
 9.26118728e+07 -9.28469511e-02  9.26118728e+07  3.40023500e-02 
 1.00000000e+08 -7.64338064e-02  1.00000000e+08  3.30439932e-02 
 1.07977516e+08 -6.27015942e-02  1.07977516e+08  3.12801760e-02 
 1.16591440e+08 -5.12958300e-02  1.16591440e+08  2.90421836e-02 
 1.25892541e+08 -4.18811479e-02  1.25892541e+08  2.65749883e-02 
 1.35935639e+08 -3.41500058e-02  1.35935639e+08  2.40529228e-02 
 1.46779927e+08 -2.78274436e-02  1.46779927e+08  2.15942007e-02 
 1.58489319e+08 -2.26727843e-02  1.58489319e+08  1.92737923e-02 
 1.71132830e+08 -1.84791046e-02  1.71132830e+08  1.71344124e-02 
 1.84784980e+08 -1.50711934e-02  1.84784980e+08  1.51955730e-02 
 1.99526231e+08 -1.23025989e-02  1.99526231e+08  1.34607954e-02 
 2.15443469e+08 -1.00522314e-02  2.15443469e+08  1.19231686e-02 
 2.32630507e+08 -8.22086881e-03  2.32630507e+08  1.05694931e-02 
 2.51188643e+08 -6.72779664e-03  2.51188643e+08  9.38326027e-03 
 2.71227258e+08 -5.50772859e-03  2.71227258e+08  8.34671127e-03 
 2.92864456e+08 -4.50807995e-03  2.92864456e+08  7.44219182e-03 
 3.16227766e+08 -3.68661804e-03  3.16227766e+08  6.65298621e-03 
 3.41454887e+08 -3.00948006e-03  3.41454887e+08  5.96378006e-03 
 3.68694506e+08 -2.44952886e-03  3.68694506e+08  5.36086803e-03 
 3.98107171e+08 -1.98500732e-03  3.98107171e+08  4.83219382e-03 
 4.29866235e+08 -1.59844886e-03  4.29866235e+08  4.36728642e-03 
 4.64158883e+08 -1.27580266e-03  4.64158883e+08  3.95713751e-03 
 5.01187234e+08 -1.00573563e-03  5.01187234e+08  3.59405059e-03 
 5.41169527e+08 -7.79078135e-04  5.41169527e+08  3.27148184e-03 
 5.84341413e+08 -5.88385067e-04  5.84341413e+08  2.98388498e-03 
 6.30957344e+08 -4.27588944e-04  6.30957344e+08  2.72656722e-03 
 6.81292069e+08 -2.91725864e-04  6.81292069e+08  2.49555981e-03 
 7.35642254e+08 -1.76718905e-04  7.35642254e+08  2.28750431e-03 
 7.94328235e+08 -7.92066757e-05  7.94328235e+08  2.09955433e-03 
 8.57695899e+08  3.59268612e-06  8.57695899e+08  1.92929188e-03 
 9.26118728e+08  7.39897140e-05  9.26118728e+08  1.77465662e-03 
 1.00000000e+09  1.33909992e-04  1.00000000e+09  1.63388667e-03 
 1.07977516e+09  1.84963376e-04  1.07977516e+09  1.50546923e-03 
 1.16591440e+09  2.28499704e-04  1.16591440e+09  1.38809958e-03 
 1.25892541e+09  2.65653819e-04  1.25892541e+09  1.28064727e-03 
 1.35935639e+09  2.97382127e-04  1.35935639e+09  1.18212803e-03 
 1.46779927e+09  3.24492407e-04  1.46779927e+09  1.09168074e-03 
 1.58489319e+09  3.47668239e-04  1.58489319e+09  1.00854834e-03 
 1.71132830e+09  3.67489093e-04  1.71132830e+09  9.32062106e-04 
 1.84784980e+09  3.84446929e-04  1.84784980e+09  8.61628634e-04 
 1.99526231e+09  3.98959964e-04  1.99526231e+09  7.96719092e-04 
 2.15443469e+09  4.11384142e-04  2.15443469e+09  7.36860264e-04 
 2.32630507e+09  4.22022702e-04  2.32630507e+09  6.81627098e-04 
 2.51188643e+09  4.31134213e-04  2.51188643e+09  6.30636481e-04 
 2.71227258e+09  4.38939313e-04  2.71227258e+09  5.83542006e-04 
 2.92864456e+09  4.45626402e-04  2.92864456e+09  5.40029557e-04 
 3.16227766e+09  4.51356437e-04  3.16227766e+09  4.99813564e-04 
 3.41454887e+09  4.56267001e-04  3.41454887e+09  4.62633814e-04 
 3.68694506e+09  4.60475747e-04  3.68694506e+09  4.28252707e-04 
 3.98107171e+09  4.64083321e-04  3.98107171e+09  3.96452905e-04 
 4.29866235e+09  4.67175850e-04  4.29866235e+09  3.67035280e-04 
 4.64158883e+09  4.69827058e-04  4.64158883e+09  3.39817132e-04 
 5.01187234e+09  4.72100068e-04  5.01187234e+09  3.14630627e-04 
 5.41169527e+09  4.74048936e-04  5.41169527e+09  2.91321420e-04 
 5.84341413e+09  4.75719967e-04  5.84341413e+09  2.69747437e-04 
 6.30957344e+09  4.77152829e-04  6.30957344e+09  2.49777790e-04 
 6.81292069e+09  4.78381513e-04  6.81292069e+09  2.31291813e-04 
 7.35642254e+09  4.79435145e-04  7.35642254e+09  2.14178190e-04 
 7.94328235e+09  4.80338690e-04  7.94328235e+09  1.98334178e-04 
 8.57695899e+09  4.81113546e-04  8.57695899e+09  1.83664902e-04 
 9.26118728e+09  4.81778054e-04  9.26118728e+09  1.70082718e-04 
 1.00000000e+10  4.82347939e-04  1.00000000e+10  1.57506631e-04 
