 1.00000000e+00  7.43718440e+04  1.00000000e+00 -9.75392264e+02 
 1.07977516e+00  7.43697220e+04  1.07977516e+00 -1.05317429e+03 
 1.16591440e+00  7.43672481e+04  1.16591440e+00 -1.13715361e+03 
 1.25892541e+00  7.43643639e+04  1.25892541e+00 -1.22782261e+03 
 1.35935639e+00  7.43610015e+04  1.35935639e+00 -1.32571241e+03 
 1.46779927e+00  7.43570816e+04  1.46779927e+00 -1.43139587e+03 
 1.58489319e+00  7.43525119e+04  1.58489319e+00 -1.54549072e+03 
 1.71132830e+00  7.43471846e+04  1.71132830e+00 -1.66866293e+03 
 1.84784980e+00  7.43409745e+04  1.84784980e+00 -1.80163029e+03 
 1.99526231e+00  7.43337353e+04  1.99526231e+00 -1.94516620e+03 
 2.15443469e+00  7.43252968e+04  2.15443469e+00 -2.10010372e+03 
 2.32630507e+00  7.43154607e+04  2.32630507e+00 -2.26733973e+03 
 2.51188643e+00  7.43039959e+04  2.51188643e+00 -2.44783944e+03 
 2.71227258e+00  7.42906334e+04  2.71227258e+00 -2.64264090e+03 
 2.92864456e+00  7.42750600e+04  2.92864456e+00 -2.85285984e+03 
 3.16227766e+00  7.42569109e+04  3.16227766e+00 -3.07969449e+03 
 3.41454887e+00  7.42357618e+04  3.41454887e+00 -3.32443052e+03 
 3.68694506e+00  7.42111190e+04  3.68694506e+00 -3.58844592e+03 
 3.98107171e+00  7.41824082e+04  3.98107171e+00 -3.87321573e+03 
 4.29866235e+00  7.41489619e+04  4.29866235e+00 -4.18031654e+03 
 4.64158883e+00  7.41100045e+04  4.64158883e+00 -4.51143045e+03 
 5.01187234e+00  7.40646352e+04  5.01187234e+00 -4.86834837e+03 
 5.41169527e+00  7.40118085e+04  5.41169527e+00 -5.25297230e+03 
 5.84341413e+00  7.39503121e+04  5.84341413e+00 -5.66731614e+03 
 6.30957344e+00  7.38787416e+04  6.30957344e+00 -6.11350472e+03 
 6.81292069e+00  7.37954711e+04  6.81292069e+00 -6.59377018e+03 
 7.35642254e+00  7.36986217e+04  7.35642254e+00 -7.11044525e+03 
 7.94328235e+00  7.35860239e+04  7.94328235e+00 -7.66595213e+03 
 8.57695899e+00  7.34551783e+04  8.57695899e+00 -8.26278623e+03 
 9.26118728e+00  7.33032097e+04  9.26118728e+00 -8.90349311e+03 
 1.00000000e+01  7.31268195e+04  1.00000000e+01 -9.59063704e+03 
 1.07977516e+01  7.29222324e+04  1.07977516e+01 -1.03267595e+04 
 1.16591440e+01  7.26851420e+04  1.16591440e+01 -1.11143248e+04 
 1.25892541e+01  7.24106542e+04  1.25892541e+01 -1.19556516e+04 
 1.35935639e+01  7.20932311e+04  1.35935639e+01 -1.28528253e+04 
 1.46779927e+01  7.17266389e+04  1.46779927e+01 -1.38075916e+04 
 1.58489319e+01  7.13039034e+04  1.58489319e+01 -1.48212249e+04 
 1.71132830e+01  7.08172786e+04  1.71132830e+01 -1.58943717e+04 
 1.84784980e+01  7.02582362e+04  1.84784980e+01 -1.70268658e+04 
 1.99526231e+01  6.96174833e+04  1.99526231e+01 -1.82175148e+04 
 2.15443469e+01  6.88850218e+04  2.15443469e+01 -1.94638592e+04 
 2.32630507e+01  6.80502593e+04  2.32630507e+01 -2.07619089e+04 
 2.51188643e+01  6.71021869e+04  2.51188643e+01 -2.21058652e+04 
 2.71227258e+01  6.60296374e+04  2.71227258e+01 -2.34878412e+04 
 2.92864456e+01  6.48216362e+04  2.92864456e+01 -2.48976025e+04 
 3.16227766e+01  6.34678536e+04  3.16227766e+01 -2.63223527e+04 
 3.41454887e+01  6.19591595e+04  3.41454887e+01 -2.77465996e+04 
 3.68694506e+01  6.02882731e+04  3.68694506e+01 -2.91521408e+04 
 3.98107171e+01  5.84504816e+04  3.98107171e+01 -3.05182107e+04 
 4.29866235e+01  5.64443893e+04  4.29866235e+01 -3.18218278e+04 
 4.64158883e+01  5.42726361e+04  4.64158883e+01 -3.30383716e+04 
 5.01187234e+01  5.19425103e+04  5.01187234e+01 -3.41423990e+04 
 5.41169527e+01  4.94663698e+04  5.41169527e+01 -3.51086822e+04 
 5.84341413e+01  4.68617881e+04  5.84341413e+01 -3.59134183e+04 
 6.30957344e+01  4.41513544e+04  6.30957344e+01 -3.65355231e+04 
 6.81292069e+01  4.13620926e+04  6.81292069e+01 -3.69578948e+04 
 7.35642254e+01  3.85245057e+04  7.35642254e+01 -3.71685172e+04 
 7.94328235e+01  3.56713035e+04  7.94328235e+01 -3.71612741e+04 
 8.57695899e+01  3.28359213e+04  8.57695899e+01 -3.69363774e+04 
 9.26118728e+01  3.00509671e+04  9.26118728e+01 -3.65003514e+04 
 1.00000000e+02  2.73467498e+04  1.00000000e+02 -3.58655781e+04 
 1.07977516e+02  2.47500253e+04  1.07977516e+02 -3.50494595e+04 
 1.16591440e+02  2.22830646e+04  1.16591440e+02 -3.40732997e+04 
 1.25892541e+02  1.99630978e+04  1.25892541e+02 -3.29610358e+04 
 1.35935639e+02  1.78021396e+04  1.35935639e+02 -3.17379454e+04 
 1.46779927e+02  1.58071548e+04  1.46779927e+02 -3.04294473e+04 
 1.58489319e+02  1.39804956e+04  1.58489319e+02 -2.90600760e+04 
 1.71132830e+02  1.23205238e+04  1.71132830e+02 -2.76526815e+04 
 1.84784980e+02  1.08223336e+04  1.84784980e+02 -2.62278681e+04 
 1.99526231e+02  9.47849999e+03  1.99526231e+02 -2.48036613e+04 
 2.15443469e+02  8.27979454e+03  2.15443469e+02 -2.33953729e+04 
 2.32630507e+02  7.21582868e+03  2.32630507e+02 -2.20156244e+04 
 2.51188643e+02  6.27560220e+03  2.51188643e+02 -2.06744877e+04 
 2.71227258e+02  5.44794864e+03  2.71227258e+02 -1.93797029e+04 
 2.92864456e+02  4.72187971e+03  2.92864456e+02 -1.81369403e+04 
 3.16227766e+02  4.08683764e+03  3.16227766e+02 -1.69500803e+04 
 3.41454887e+02  3.53286812e+03  3.41454887e+02 -1.58214905e+04 
 3.68694506e+02  3.05072775e+03  3.68694506e+02 -1.47522882e+04 
 3.98107171e+02  2.63193961e+03  3.98107171e+02 -1.37425797e+04 
 4.29866235e+02  2.26880950e+03  4.29866235e+02 -1.27916712e+04 
 4.64158883e+02  1.95441337e+03  4.64158883e+02 -1.18982528e+04 
 5.01187234e+02  1.68256500e+03  5.01187234e+02 -1.10605524e+04 
 5.41169527e+02  1.44777082e+03  5.41169527e+02 -1.02764662e+04 
 5.84341413e+02  1.24517727e+03  5.84341413e+02 -9.54366337e+03 
 6.30957344e+02  1.07051484e+03  6.30957344e+02 -8.85967253e+03 
 6.81292069e+02  9.20041633e+02  6.81292069e+02 -8.22194919e+03 
 7.35642254e+02  7.90488430e+02  7.35642254e+02 -7.62792913e+03 
 7.94328235e+02  6.79006608e+02  7.94328235e+02 -7.07506926e+03 
 8.57695899e+02  5.83119681e+02  8.57695899e+02 -6.56087839e+03 
 9.26118728e+02  5.00678876e+02  9.26118728e+02 -6.08293979e+03 
 1.00000000e+03  4.29822863e+02  1.00000000e+03 -5.63892711e+03 
 1.07977516e+03  3.68941591e+02  1.07977516e+03 -5.22661513e+03 
 1.16591440e+03  3.16644061e+02  1.16591440e+03 -4.84388630e+03 
 1.25892541e+03  2.71729771e+02  1.25892541e+03 -4.48873410e+03 
 1.35935639e+03  2.33163551e+02  1.35935639e+03 -4.15926395e+03 
 1.46779927e+03  2.00053471e+02  1.46779927e+03 -3.85369222e+03 
 1.58489319e+03  1.71631527e+02  1.58489319e+03 -3.57034390e+03 
 1.71132830e+03  1.47236785e+02  1.71132830e+03 -3.30764926e+03 
 1.84784980e+03  1.26300735e+02  1.84784980e+03 -3.06413981e+03 
 1.99526231e+03  1.08334561e+02  1.99526231e+03 -2.83844383e+03 
 2.15443469e+03  9.29181202e+01  2.15443469e+03 -2.62928160e+03 
 2.32630507e+03  7.96904027e+01  2.32630507e+03 -2.43546048e+03 
 2.51188643e+03  6.83412905e+01  2.51188643e+03 -2.25587007e+03 
 2.71227258e+03  5.86044412e+01  2.71227258e+03 -2.08947724e+03 
 2.92864456e+03  5.02511526e+01  2.92864456e+03 -1.93532148e+03 
 3.16227766e+03  4.30850753e+01  3.16227766e+03 -1.79251025e+03 
 3.41454887e+03  3.69376593e+01  3.41454887e+03 -1.66021458e+03 
 3.68694506e+03  3.16642358e+01  3.68694506e+03 -1.53766487e+03 
 3.98107171e+03  2.71406461e+01  3.98107171e+03 -1.42414687e+03 
 4.29866235e+03  2.32603433e+01  4.29866235e+03 -1.31899791e+03 
 4.64158883e+03  1.99319008e+01  4.64158883e+03 -1.22160334e+03 
 5.01187234e+03  1.70768719e+01  5.01187234e+03 -1.13139316e+03 
 5.41169527e+03  1.46279507e+01  5.41169527e+03 -1.04783889e+03 
 5.84341413e+03  1.25273926e+01  5.84341413e+03 -9.70450625e+02 
 6.30957344e+03  1.07256579e+01  6.30957344e+03 -8.98774264e+02 
 6.81292069e+03  9.18024794e+00  6.81292069e+03 -8.32388967e+02 
 7.35642254e+03  7.85470498e+00  7.35642254e+03 -7.70904742e+02 
 7.94328235e+03  6.71775458e+00  7.94328235e+03 -7.13960223e+02 
 8.57695899e+03  5.74256920e+00  8.57695899e+03 -6.61220594e+02 
 9.26118728e+03  4.90613632e+00  9.26118728e+03 -6.12375651e+02 
 1.00000000e+04  4.18871629e+00  1.00000000e+04 -5.67138018e+02 
 1.07977516e+04  3.57337705e+00  1.07977516e+04 -5.25241472e+02 
 1.16591440e+04  3.04559501e+00  1.16591440e+04 -4.86439403e+02 
 1.25892541e+04  2.59291254e+00  1.25892541e+04 -4.50503368e+02 
 1.35935639e+04  2.20464427e+00  1.35935639e+04 -4.17221769e+02 
 1.46779927e+04  1.87162494e+00  1.46779927e+04 -3.86398607e+02 
 1.58489319e+04  1.58599326e+00  1.58489319e+04 -3.57852342e+02 
 1.71132830e+04  1.34100640e+00  1.71132830e+04 -3.31414828e+02 
 1.84784980e+04  1.13088089e+00  1.84784980e+04 -3.06930325e+02 
 1.99526231e+04  9.50656178e-01  1.99526231e+04 -2.84254588e+02 
 2.15443469e+04  7.96077496e-01  2.15443469e+04 -2.63254020e+02 
 2.32630507e+04  6.63495498e-01  2.32630507e+04 -2.43804886e+02 
 2.51188643e+04  5.49780104e-01  2.51188643e+04 -2.25792587e+02 
 2.71227258e+04  4.52246621e-01  2.71227258e+04 -2.09110986e+02 
 2.92864456e+04  3.68592373e-01  2.92864456e+04 -1.93661785e+02 
 3.16227766e+04  2.96842347e-01  3.16227766e+04 -1.79353943e+02 
 3.41454887e+04  2.35302567e-01  3.41454887e+04 -1.66103143e+02 
 3.68694506e+04  1.82520108e-01  3.68694506e+04 -1.53831299e+02 
 3.98107171e+04  1.37248794e-01  3.98107171e+04 -1.42466088e+02 
 4.29866235e+04  9.84197840e-02  4.29866235e+04 -1.31940532e+02 
 4.64158883e+04  6.51163304e-02  4.64158883e+04 -1.22192599e+02 
 5.01187234e+04  3.65521430e-02  5.01187234e+04 -1.13164840e+02 
 5.41169527e+04  1.20528231e-02  5.41169527e+04 -1.04804050e+02 
 5.84341413e+04 -8.96005809e-03  5.84341413e+04 -9.70609538e+01 
 6.30957344e+04 -2.69826155e-02  6.30957344e+04 -8.98899164e+01 
 6.81292069e+04 -4.24403631e-02  6.81292069e+04 -8.32486741e+01 
 7.35642254e+04 -5.56982598e-02  7.35642254e+04 -7.70980855e+01 
 7.94328235e+04 -6.70693265e-02  7.94328235e+04 -7.14019005e+01 
 8.57695899e+04 -7.68220357e-02  8.57695899e+04 -6.61265475e+01 
 9.26118728e+04 -8.51866507e-02  9.26118728e+04 -6.12409346e+01 
 1.00000000e+05 -9.23606618e-02  1.00000000e+05 -5.67162671e+01 
 1.07977516e+05 -9.85134487e-02  1.07977516e+05 -5.25258775e+01 
 1.16591440e+05 -1.03790280e-01  1.16591440e+05 -4.86450685e+01 
 1.25892541e+05 -1.08315744e-01  1.25892541e+05 -4.50509671e+01 
 1.35935639e+05 -1.12196686e-01  1.35935639e+05 -4.17223905e+01 
 1.46779927e+05 -1.15524738e-01  1.46779927e+05 -3.86397204e+01 
 1.58489319e+05 -1.18378475e-01  1.58489319e+05 -3.57847882e+01 
 1.71132830e+05 -1.20825276e-01  1.71132830e+05 -3.31407672e+01 
 1.84784980e+05 -1.22922909e-01  1.84784980e+05 -3.06920739e+01 
 1.99526231e+05 -1.24720901e-01  1.99526231e+05 -2.84242761e+01 
 2.15443469e+05 -1.26261703e-01  2.15443469e+05 -2.63240078e+01 
 2.32630507e+05 -1.27581693e-01  2.32630507e+05 -2.43788901e+01 
 2.51188643e+05 -1.28712039e-01  2.51188643e+05 -2.25774589e+01 
 2.71227258e+05 -1.29679428e-01  2.71227258e+05 -2.09090967e+01 
 2.92864456e+05 -1.30506701e-01  2.92864456e+05 -1.93639704e+01 
 3.16227766e+05 -1.31213392e-01  3.16227766e+05 -1.79329733e+01 
 3.41454887e+05 -1.31816187e-01  3.41454887e+05 -1.66076712e+01 
 3.68694506e+05 -1.32329320e-01  3.68694506e+05 -1.53802530e+01 
 3.98107171e+05 -1.32764909e-01  3.98107171e+05 -1.42434845e+01 
 4.29866235e+05 -1.33133243e-01  4.29866235e+05 -1.31906657e+01 
 4.64158883e+05 -1.33443022e-01  4.64158883e+05 -1.22155915e+01 
 5.01187234e+05 -1.33701567e-01  5.01187234e+05 -1.13125150e+01 
 5.41169527e+05 -1.33914991e-01  5.41169527e+05 -1.04761137e+01 
 5.84341413e+05 -1.34088346e-01  5.84341413e+05 -9.70145803e+00 
 6.30957344e+05 -1.34225741e-01  6.30957344e+05 -8.98398238e+00 
 6.81292069e+05 -1.34330443e-01  6.81292069e+05 -8.31945822e+00 
 7.35642254e+05 -1.34404955e-01  7.35642254e+05 -7.70396915e+00 
 7.94328235e+05 -1.34451076e-01  7.94328235e+05 -7.13388785e+00 
 8.57695899e+05 -1.34469952e-01  8.57695899e+05 -6.60585467e+00 
 9.26118728e+05 -1.34462105e-01  9.26118728e+05 -6.11675789e+00 
 1.00000000e+06 -1.34427451e-01  1.00000000e+06 -5.66371540e+00 
 1.07977516e+06 -1.34365312e-01  1.07977516e+06 -5.24405773e+00 
 1.16591440e+06 -1.34274409e-01  1.16591440e+06 -4.85531234e+00 
 1.25892541e+06 -1.34152848e-01  1.25892541e+06 -4.49518911e+00 
 1.35935639e+06 -1.33998101e-01  1.35935639e+06 -4.16156689e+00 
 1.46779927e+06 -1.33806972e-01  1.46779927e+06 -3.85248105e+00 
 1.58489319e+06 -1.33575569e-01  1.58489319e+06 -3.56611200e+00 
 1.71132830e+06 -1.33299255e-01  1.71132830e+06 -3.30077453e+00 
 1.84784980e+06 -1.32972615e-01  1.84784980e+06 -3.05490800e+00 
 1.99526231e+06 -1.32589419e-01  1.99526231e+06 -2.82706731e+00 
 2.15443469e+06 -1.32142590e-01  2.15443469e+06 -2.61591447e+00 
 2.32630507e+06 -1.31624194e-01  2.32630507e+06 -2.42021093e+00 
 2.51188643e+06 -1.31025453e-01  2.51188643e+06 -2.23881051e+00 
 2.71227258e+06 -1.30336781e-01  2.71227258e+06 -2.07065282e+00 
 2.92864456e+06 -1.29547881e-01  2.92864456e+06 -1.91475727e+00 
 3.16227766e+06 -1.28647893e-01  3.16227766e+06 -1.77021758e+00 
 3.41454887e+06 -1.27625612e-01  3.41454887e+06 -1.63619665e+00 
 3.68694506e+06 -1.26469801e-01  3.68694506e+06 -1.51192187e+00 
 3.98107171e+06 -1.25169595e-01  3.98107171e+06 -1.39668080e+00 
 4.29866235e+06 -1.23715015e-01  4.29866235e+06 -1.28981699e+00 
 4.64158883e+06 -1.22097573e-01  4.64158883e+06 -1.19072621e+00 
 5.01187234e+06 -1.20310965e-01  5.01187234e+06 -1.09885263e+00 
 5.41169527e+06 -1.18351818e-01  5.41169527e+06 -1.01368526e+00 
 5.84341413e+06 -1.16220426e-01  5.84341413e+06 -9.34754259e-01 
 6.30957344e+06 -1.13921426e-01  6.30957344e+06 -8.61627392e-01 
 6.81292069e+06 -1.11464314e-01  6.81292069e+06 -7.93906339e-01 
 7.35642254e+06 -1.08863722e-01  7.35642254e+06 -7.31223077e-01 
 7.94328235e+06 -1.06139377e-01  7.94328235e+06 -6.73236280e-01 
 8.57695899e+06 -1.03315683e-01  8.57695899e+06 -6.19627881e-01 
 9.26118728e+06 -1.00420911e-01  9.26118728e+06 -5.70099880e-01 
 1.00000000e+07 -9.74860395e-02  1.00000000e+07 -5.24371538e-01 
 1.07977516e+07 -9.45433140e-02  1.07977516e+07 -4.82177056e-01 
 1.16591440e+07 -9.16246717e-02  1.16591440e+07 -4.43263803e-01 
 1.25892541e+07 -8.87601654e-02  1.25892541e+07 -4.07391126e-01 
 1.35935639e+07 -8.59765435e-02  1.35935639e+07 -3.74329679e-01 
 1.46779927e+07 -8.32961054e-02  1.46779927e+07 -3.43861208e-01 
 1.58489319e+07 -8.07359136e-02  1.58489319e+07 -3.15778635e-01 
 1.71132830e+07 -7.83073894e-02  1.71132830e+07 -2.89886333e-01 
 1.84784980e+07 -7.60162732e-02  1.84784980e+07 -2.66000442e-01 
 1.99526231e+07 -7.38628907e-02  1.99526231e+07 -2.43949129e-01 
 2.15443469e+07 -7.18426473e-02  2.15443469e+07 -2.23572729e-01 
 2.32630507e+07 -6.99466632e-02  2.32630507e+07 -2.04723721e-01 
 2.51188643e+07 -6.81624713e-02  2.51188643e+07 -1.87266551e-01 
 2.71227258e+07 -6.64747153e-02  2.71227258e+07 -1.71077316e-01 
 2.92864456e+07 -6.48658034e-02  2.92864456e+07 -1.56043343e-01 
 3.16227766e+07 -6.33164953e-02  3.16227766e+07 -1.42062706e-01 
 3.41454887e+07 -6.18064159e-02  3.41454887e+07 -1.29043726e-01 
 3.68694506e+07 -6.03145065e-02  3.68694506e+07 -1.16904476e-01 
 3.98107171e+07 -5.88194314e-02  3.98107171e+07 -1.05572320e-01 
 4.29866235e+07 -5.72999689e-02  4.29866235e+07 -9.49835095e-02 
 4.64158883e+07 -5.57354153e-02  4.64158883e+07 -8.50828138e-02 
 5.01187234e+07 -5.41060330e-02  5.01187234e+07 -7.58231991e-02 
 5.41169527e+07 -5.23935696e-02  5.41169527e+07 -6.71655128e-02 
 5.84341413e+07 -5.05818666e-02  5.84341413e+07 -5.90781435e-02 
 6.30957344e+07 -4.86575633e-02  6.30957344e+07 -5.15366070e-02 
 6.81292069e+07 -4.66108851e-02  6.81292069e+07 -4.45230008e-02 
 7.35642254e+07 -4.44364802e-02  7.35642254e+07 -3.80252711e-02 
 7.94328235e+07 -4.21342446e-02  7.94328235e+07 -3.20362372e-02 
 8.57695899e+07 -3.97100443e-02  8.57695899e+07 -2.65523435e-02 
 9.26118728e+07 -3.71762259e-02  9.26118728e+07 -2.15721349e-02 
 1.00000000e+08 -3.45517905e-02  1.00000000e+08 -1.70945014e-02 
 1.07977516e+08 -3.18621185e-02  1.07977516e+08 -1.31167882e-02 
 1.16591440e+08 -2.91381647e-02  1.16591440e+08 -9.63292311e-03 
 1.25892541e+08 -2.64151020e-02  1.25892541e+08 -6.63175384e-03 
 1.35935639e+08 -2.37304752e-02  1.35935639e+08 -4.09579937e-03 
 1.46779927e+08 -2.11220112e-02  1.46779927e+08 -2.00059792e-03 
 1.58489319e+08 -1.86253072e-02  1.58489319e+08 -3.14767406e-04 
 1.71132830e+08 -1.62716610e-02  1.71132830e+08  9.99202020e-04 
 1.84784980e+08 -1.40862982e-02  1.84784980e+08  1.98351454e-03 
 1.99526231e+08 -1.20871956e-02  1.99526231e+08  2.68318294e-03 
 2.15443469e+08 -1.02846067e-02  2.15443469e+08  3.14394175e-03 
 2.32630507e+08 -8.68128142e-03  2.32630507e+08  3.41022269e-03 
 2.51188643e+08 -7.27327444e-03  2.51188643e+08  3.52341925e-03 
 2.71227258e+08 -6.05116736e-03  2.71227258e+08  3.52059436e-03 
 2.92864456e+08 -5.00150096e-03  2.92864456e+08  3.43369702e-03 
 3.16227766e+08 -4.10822796e-03  3.16227766e+08  3.28927174e-03 
 3.41454887e+08 -3.35403593e-03  3.41454887e+08  3.10858393e-03 
 3.68694506e+08 -2.72144488e-03  3.68694506e+08  2.90805058e-03 
 3.98107171e+08 -2.19363720e-03  3.98107171e+08  2.69985896e-03 
 4.29866235e+08 -1.75502140e-03  4.29866235e+08  2.49266798e-03 
 4.64158883e+08 -1.39156049e-03  4.64158883e+08  2.29231008e-03 
 5.01187234e+08 -1.09091121e-03  5.01187234e+08  2.10243822e-03 
 5.41169527e+08 -8.42423987e-04  5.41169527e+08  1.92508643e-03 
 5.84341413e+08 -6.37049967e-04  5.84341413e+08  1.76113232e-03 
 6.30957344e+08 -4.67193402e-04  6.30957344e+08  1.61066261e-03 
 6.81292069e+08 -3.26538633e-04  6.81292069e+08  1.47325157e-03 
 7.35642254e+08 -2.09872105e-04  7.35642254e+08  1.34816562e-03 
 7.94328235e+08 -1.12912500e-04  7.94328235e+08  1.23450835e-03 
 8.57695899e+08 -3.21564026e-05  8.57695899e+08  1.13131956e-03 
 9.26118728e+08  3.52571626e-05  9.26118728e+08  1.03763982e-03 
 1.00000000e+09  9.16626463e-05  1.00000000e+09  9.52550151e-04 
 1.07977516e+09  1.38965304e-04  1.07977516e+09  8.75194286e-04 
 1.16591440e+09  1.78721769e-04  1.16591440e+09  8.04789106e-04 
 1.25892541e+09  2.12206055e-04  1.25892541e+09  7.40627445e-04 
 1.35935639e+09  2.40463214e-04  1.35935639e+09  6.82076157e-04 
 1.46779927e+09  2.64352717e-04  1.46779927e+09  6.28571472e-04 
 1.58489319e+09  2.84583432e-04  1.58489319e+09  5.79613002e-04 
 1.71132830e+09  3.01741750e-04  1.71132830e+09  5.34757270e-04 
 1.84784980e+09  3.16314214e-04  1.84784980e+09  4.93611292e-04 
 1.99526231e+09  3.28705726e-04  1.99526231e+09  4.55826536e-04 
 2.15443469e+09  3.39254224e-04  2.15443469e+09  4.21093393e-04 
 2.32630507e+09  3.48242536e-04  2.32630507e+09  3.89136247e-04 
 2.51188643e+09  3.55907982e-04  2.51188643e+09  3.59709135e-04 
 2.71227258e+09  3.62450183e-04  2.71227258e+09  3.32591955e-04 
 2.92864456e+09  3.68037417e-04  2.92864456e+09  3.07587200e-04 
 3.16227766e+09  3.72811835e-04  3.16227766e+09  2.84517137e-04 
 3.41454887e+09  3.76893738e-04  3.41454887e+09  2.63221386e-04 
 3.68694506e+09  3.80385099e-04  3.68694506e+09  2.43554840e-04 
 3.98107171e+09  3.83372489e-04  3.98107171e+09  2.25385888e-04 
 4.29866235e+09  3.85929497e-04  4.29866235e+09  2.08594876e-04 
 4.64158883e+09  3.88118752e-04  4.64158883e+09  1.93072794e-04 
 5.01187234e+09  3.89993605e-04  5.01187234e+09  1.78720130e-04 
 5.41169527e+09  3.91599551e-04  5.41169527e+09  1.65445885e-04 
 5.84341413e+09  3.92975411e-04  5.84341413e+09  1.53166713e-04 
 6.30957344e+09  3.94154336e-04  6.30957344e+09  1.41806169e-04 
 6.81292069e+09  3.95164653e-04  6.81292069e+09  1.31294051e-04 
 7.35642254e+09  3.96030577e-04  7.35642254e+09  1.21565816e-04 
 7.94328235e+09  3.96772819e-04  7.94328235e+09  1.12562070e-04 
 8.57695899e+09  3.97409101e-04  8.57695899e+09  1.04228110e-04 
 9.26118728e+09  3.97954590e-04  9.26118728e+09  9.65135119e-05 
 1.00000000e+10  3.98422272e-04  1.00000000e+10  8.93717714e-05 
