 1.00000000e+00  7.43718442e+04  1.00000000e+00 -9.75392268e+02 
 1.07977516e+00  7.43697222e+04  1.07977516e+00 -1.05317429e+03 
 1.16591440e+00  7.43672483e+04  1.16591440e+00 -1.13715362e+03 
 1.25892541e+00  7.43643641e+04  1.25892541e+00 -1.22782261e+03 
 1.35935639e+00  7.43610018e+04  1.35935639e+00 -1.32571242e+03 
 1.46779927e+00  7.43570819e+04  1.46779927e+00 -1.43139588e+03 
 1.58489319e+00  7.43525122e+04  1.58489319e+00 -1.54549073e+03 
 1.71132830e+00  7.43471850e+04  1.71132830e+00 -1.66866295e+03 
 1.84784980e+00  7.43409749e+04  1.84784980e+00 -1.80163031e+03 
 1.99526231e+00  7.43337358e+04  1.99526231e+00 -1.94516623e+03 
 2.15443469e+00  7.43252974e+04  2.15443469e+00 -2.10010375e+03 
 2.32630507e+00  7.43154614e+04  2.32630507e+00 -2.26733977e+03 
 2.51188643e+00  7.43039967e+04  2.51188643e+00 -2.44783949e+03 
 2.71227258e+00  7.42906343e+04  2.71227258e+00 -2.64264097e+03 
 2.92864456e+00  7.42750610e+04  2.92864456e+00 -2.85285992e+03 
 3.16227766e+00  7.42569121e+04  3.16227766e+00 -3.07969460e+03 
 3.41454887e+00  7.42357632e+04  3.41454887e+00 -3.32443065e+03 
 3.68694506e+00  7.42111206e+04  3.68694506e+00 -3.58844608e+03 
 3.98107171e+00  7.41824101e+04  3.98107171e+00 -3.87321593e+03 
 4.29866235e+00  7.41489642e+04  4.29866235e+00 -4.18031679e+03 
 4.64158883e+00  7.41100071e+04  4.64158883e+00 -4.51143077e+03 
 5.01187234e+00  7.40646382e+04  5.01187234e+00 -4.86834877e+03 
 5.41169527e+00  7.40118120e+04  5.41169527e+00 -5.25297280e+03 
 5.84341413e+00  7.39503162e+04  5.84341413e+00 -5.66731677e+03 
 6.30957344e+00  7.38787463e+04  6.30957344e+00 -6.11350551e+03 
 6.81292069e+00  7.37954767e+04  6.81292069e+00 -6.59377118e+03 
 7.35642254e+00  7.36986281e+04  7.35642254e+00 -7.11044650e+03 
 7.94328235e+00  7.35860314e+04  7.94328235e+00 -7.66595370e+03 
 8.57695899e+00  7.34551869e+04  8.57695899e+00 -8.26278821e+03 
 9.26118728e+00  7.33032198e+04  9.26118728e+00 -8.90349558e+03 
 1.00000000e+01  7.31268311e+04  1.00000000e+01 -9.59064014e+03 
 1.07977516e+01  7.29222458e+04  1.07977516e+01 -1.03267633e+04 
 1.16591440e+01  7.26851575e+04  1.16591440e+01 -1.11143297e+04 
 1.25892541e+01  7.24106721e+04  1.25892541e+01 -1.19556576e+04 
 1.35935639e+01  7.20932517e+04  1.35935639e+01 -1.28528329e+04 
 1.46779927e+01  7.17266625e+04  1.46779927e+01 -1.38076010e+04 
 1.58489319e+01  7.13039303e+04  1.58489319e+01 -1.48212366e+04 
 1.71132830e+01  7.08173094e+04  1.71132830e+01 -1.58943862e+04 
 1.84784980e+01  7.02582712e+04  1.84784980e+01 -1.70268838e+04 
 1.99526231e+01  6.96175230e+04  1.99526231e+01 -1.82175371e+04 
 2.15443469e+01  6.88850666e+04  2.15443469e+01 -1.94638867e+04 
 2.32630507e+01  6.80503095e+04  2.32630507e+01 -2.07619427e+04 
 2.51188643e+01  6.71022428e+04  2.51188643e+01 -2.21059065e+04 
 2.71227258e+01  6.60296993e+04  2.71227258e+01 -2.34878916e+04 
 2.92864456e+01  6.48217041e+04  2.92864456e+01 -2.48976637e+04 
 3.16227766e+01  6.34679272e+04  3.16227766e+01 -2.63224265e+04 
 3.41454887e+01  6.19592385e+04  3.41454887e+01 -2.77466881e+04 
 3.68694506e+01  6.02883567e+04  3.68694506e+01 -2.91522463e+04 
 3.98107171e+01  5.84505686e+04  3.98107171e+01 -3.05183355e+04 
 4.29866235e+01  5.64444780e+04  4.29866235e+01 -3.18219743e+04 
 4.64158883e+01  5.42727243e+04  4.64158883e+01 -3.30385422e+04 
 5.01187234e+01  5.19425953e+04  5.01187234e+01 -3.41425957e+04 
 5.41169527e+01  4.94664483e+04  5.41169527e+01 -3.51089069e+04 
 5.84341413e+01  4.68618564e+04  5.84341413e+01 -3.59136721e+04 
 6.30957344e+01  4.41514084e+04  6.30957344e+01 -3.65358067e+04 
 6.81292069e+01  4.13621280e+04  6.81292069e+01 -3.69582082e+04 
 7.35642254e+01  3.85245180e+04  7.35642254e+01 -3.71688595e+04 
 7.94328235e+01  3.56712884e+04  7.94328235e+01 -3.71616436e+04 
 8.57695899e+01  3.28358749e+04  8.57695899e+01 -3.69367714e+04 
 9.26118728e+01  3.00508858e+04  9.26118728e+01 -3.65007669e+04 
 1.00000000e+02  2.73466309e+04  1.00000000e+02 -3.58660113e+04 
 1.07977516e+02  2.47498667e+04  1.07977516e+02 -3.50499062e+04 
 1.16591440e+02  2.22828651e+04  1.16591440e+02 -3.40737556e+04 
 1.25892541e+02  1.99628571e+04  1.25892541e+02 -3.29614963e+04 
 1.35935639e+02  1.78018579e+04  1.35935639e+02 -3.17384065e+04 
 1.46779927e+02  1.58068331e+04  1.46779927e+02 -3.04299050e+04 
 1.58489319e+02  1.39801356e+04  1.58489319e+02 -2.90605267e+04 
 1.71132830e+02  1.23201274e+04  1.71132830e+02 -2.76531222e+04 
 1.84784980e+02  1.08219032e+04  1.84784980e+02 -2.62282962e+04 
 1.99526231e+02  9.47803810e+03  1.99526231e+02 -2.48040747e+04 
 2.15443469e+02  8.27930378e+03  2.15443469e+02 -2.33957700e+04 
 2.32630507e+02  7.21531166e+03  2.32630507e+02 -2.20160041e+04 
 2.51188643e+02  6.27506150e+03  2.51188643e+02 -2.06748492e+04 
 2.71227258e+02  5.44738672e+03  2.71227258e+02 -1.93800459e+04 
 2.92864456e+02  4.72129889e+03  2.92864456e+02 -1.81372647e+04 
 3.16227766e+02  4.08624006e+03  3.16227766e+02 -1.69503863e+04 
 3.41454887e+02  3.53225575e+03  3.41454887e+02 -1.58217783e+04 
 3.68694506e+02  3.05010238e+03  3.68694506e+02 -1.47525584e+04 
 3.98107171e+02  2.63130286e+03  3.98107171e+02 -1.37428328e+04 
 4.29866235e+02  2.26816280e+03  4.29866235e+02 -1.27919081e+04 
 4.64158883e+02  1.95375800e+03  4.64158883e+02 -1.18984740e+04 
 5.01187234e+02  1.68190210e+03  5.01187234e+02 -1.10607589e+04 
 5.41169527e+02  1.44710138e+03  5.41169527e+02 -1.02766586e+04 
 5.84341413e+02  1.24450216e+03  5.84341413e+02 -9.54384256e+03 
 6.30957344e+02  1.06983483e+03  6.30957344e+02 -8.85983926e+03 
 6.81292069e+02  9.19357390e+02  6.81292069e+02 -8.22210423e+03 
 7.35642254e+02  7.89800532e+02  7.35642254e+02 -7.62807322e+03 
 7.94328235e+02  6.78315558e+02  7.94328235e+02 -7.07520310e+03 
 8.57695899e+02  5.82425915e+02  8.57695899e+02 -6.56100266e+03 
 9.26118728e+02  4.99982771e+02  9.26118728e+02 -6.08305511e+03 
 1.00000000e+03  4.29124745e+02  1.00000000e+03 -5.63903411e+03 
 1.07977516e+03  3.68241741e+02  1.07977516e+03 -5.22671437e+03 
 1.16591440e+03  3.15942722e+02  1.16591440e+03 -4.84397833e+03 
 1.25892541e+03  2.71027152e+02  1.25892541e+03 -4.48881942e+03 
 1.35935639e+03  2.32459832e+02  1.35935639e+03 -4.15934303e+03 
 1.46779927e+03  1.99348807e+02  1.46779927e+03 -3.85376551e+03 
 1.58489319e+03  1.70926051e+02  1.58489319e+03 -3.57041181e+03 
 1.71132830e+03  1.46530613e+02  1.71132830e+03 -3.30771217e+03 
 1.84784980e+03  1.25593964e+02  1.84784980e+03 -3.06419809e+03 
 1.99526231e+03  1.07627277e+02  1.99526231e+03 -2.83849781e+03 
 2.15443469e+03  9.22103946e+01  2.15443469e+03 -2.62933158e+03 
 2.32630507e+03  7.89822988e+01  2.32630507e+03 -2.43550676e+03 
 2.51188643e+03  6.76328618e+01  2.51188643e+03 -2.25591291e+03 
 2.71227258e+03  5.78957339e+01  2.71227258e+03 -2.08951690e+03 
 2.92864456e+03  4.95422062e+01  2.92864456e+03 -1.93535818e+03 
 3.16227766e+03  4.23759237e+01  3.16227766e+03 -1.79254421e+03 
 3.41454887e+03  3.62283318e+01  3.41454887e+03 -1.66024600e+03 
 3.68694506e+03  3.09547573e+01  3.68694506e+03 -1.53769393e+03 
 3.98107171e+03  2.64310381e+01  3.98107171e+03 -1.42417374e+03 
 4.29866235e+03  2.25506242e+01  4.29866235e+03 -1.31902275e+03 
 4.64158883e+03  1.92220864e+01  4.64158883e+03 -1.22162629e+03 
 5.01187234e+03  1.63669758e+01  5.01187234e+03 -1.13141436e+03 
 5.41169527e+03  1.39179845e+01  5.41169527e+03 -1.04785846e+03 
 5.84341413e+03  1.18173662e+01  5.84341413e+03 -9.70468683e+02 
 6.30957344e+03  1.00155800e+01  6.30957344e+03 -8.98790916e+02 
 6.81292069e+03  8.47012579e+00  6.81292069e+03 -8.32404310e+02 
 7.35642254e+03  7.14454493e+00  7.35642254e+03 -7.70918867e+02 
 7.94328235e+03  6.00756204e+00  7.94328235e+03 -7.13973214e+02 
 8.57695899e+03  5.03234881e+00  8.57695899e+03 -6.61232525e+02 
 9.26118728e+03  4.19589208e+00  9.26118728e+03 -6.12386594e+02 
 1.00000000e+04  3.47845161e+00  1.00000000e+04 -5.67148037e+02 
 1.07977516e+04  2.86309489e+00  1.07977516e+04 -5.25250627e+02 
 1.16591440e+04  2.33529788e+00  1.16591440e+04 -4.86447746e+02 
 1.25892541e+04  1.88260265e+00  1.25892541e+04 -4.50510950e+02 
 1.35935639e+04  1.49432347e+00  1.35935639e+04 -4.17228633e+02 
 1.46779927e+04  1.16129486e+00  1.46779927e+04 -3.86404794e+02 
 1.58489319e+04  8.75655304e-01  1.58489319e+04 -3.57857889e+02 
 1.71132830e+04  6.30661781e-01  1.71132830e+04 -3.31419767e+02 
 1.84784980e+04  4.20530674e-01  1.84784980e+04 -3.06934686e+02 
 1.99526231e+04  2.40301279e-01  1.99526231e+04 -2.84258396e+02 
 2.15443469e+04  8.57187330e-02  2.15443469e+04 -2.63257297e+02 
 2.32630507e+04 -4.68664050e-02  2.32630507e+04 -2.43807652e+02 
 2.51188643e+04 -1.60584290e-01  2.51188643e+04 -2.25794859e+02 
 2.71227258e+04 -2.58119672e-01  2.71227258e+04 -2.09112777e+02 
 2.92864456e+04 -3.41775273e-01  2.92864456e+04 -1.93663105e+02 
 3.16227766e+04 -4.13526139e-01  3.16227766e+04 -1.79354799e+02 
 3.41454887e+04 -4.75066264e-01  3.41454887e+04 -1.66103542e+02 
 3.68694506e+04 -5.27848582e-01  3.68694506e+04 -1.53831242e+02 
 3.98107171e+04 -5.73119264e-01  3.98107171e+04 -1.42465574e+02 
 4.29866235e+04 -6.11947139e-01  4.29866235e+04 -1.31939559e+02 
 4.64158883e+04 -6.45248926e-01  4.64158883e+04 -1.22191161e+02 
 5.01187234e+04 -6.73810876e-01  5.01187234e+04 -1.13162930e+02 
 5.41169527e+04 -6.98307335e-01  5.41169527e+04 -1.04801655e+02 
 5.84341413e+04 -7.19316665e-01  5.84341413e+04 -9.70580603e+01 
 6.30957344e+04 -7.37334896e-01  6.30957344e+04 -8.98865072e+01 
 6.81292069e+04 -7.52787441e-01  6.81292069e+04 -8.32447292e+01 
 7.35642254e+04 -7.66039135e-01  7.35642254e+04 -7.70935815e+01 
 7.94328235e+04 -7.77402852e-01  7.94328235e+04 -7.13968111e+01 
 8.57695899e+04 -7.87146893e-01  8.57695899e+04 -6.61208425e+01 
 9.26118728e+04 -7.95501316e-01  9.26118728e+04 -6.12345806e+01 
 1.00000000e+05 -8.02663370e-01  1.00000000e+05 -5.67092266e+01 
 1.07977516e+05 -8.08802153e-01  1.07977516e+05 -5.25181090e+01 
 1.16591440e+05 -8.14062603e-01  1.16591440e+05 -4.86365263e+01 
 1.25892541e+05 -8.18568922e-01  1.25892541e+05 -4.50416010e+01 
 1.35935639e+05 -8.22427505e-01  1.35935639e+05 -4.17121452e+01 
 1.46779927e+05 -8.25729455e-01  1.46779927e+05 -3.86285358e+01 
 1.58489319e+05 -8.28552732e-01  1.58489319e+05 -3.57725984e+01 
 1.71132830e+05 -8.30963996e-01  1.71132830e+05 -3.31275005e+01 
 1.84784980e+05 -8.33020180e-01  1.84784980e+05 -3.06776525e+01 
 1.99526231e+05 -8.34769832e-01  1.99526231e+05 -2.84086152e+01 
 2.15443469e+05 -8.36254266e-01  2.15443469e+05 -2.63070153e+01 
 2.32630507e+05 -8.37508533e-01  2.32630507e+05 -2.43604664e+01 
 2.51188643e+05 -8.38562252e-01  2.51188643e+05 -2.25574959e+01 
 2.71227258e+05 -8.39440310e-01  2.71227258e+05 -2.08874774e+01 
 2.92864456e+05 -8.40163449e-01  2.92864456e+05 -1.93405682e+01 
 3.16227766e+05 -8.40748755e-01  3.16227766e+05 -1.79076513e+01 
 3.41454887e+05 -8.41210067e-01  3.41454887e+05 -1.65802816e+01 
 3.68694506e+05 -8.41558303e-01  3.68694506e+05 -1.53506360e+01 
 3.98107171e+05 -8.41801719e-01  3.98107171e+05 -1.42114676e+01 
 4.29866235e+05 -8.41946110e-01  4.29866235e+05 -1.31560630e+01 
 4.64158883e+05 -8.41994950e-01  4.64158883e+05 -1.21782023e+01 
 5.01187234e+05 -8.41949480e-01  5.01187234e+05 -1.12721231e+01 
 5.41169527e+05 -8.41808745e-01  5.41169527e+05 -1.04324864e+01 
 5.84341413e+05 -8.41569584e-01  5.84341413e+05 -9.65434476e+00 
 6.30957344e+05 -8.41226569e-01  6.30957344e+05 -8.93311384e+00 
 6.81292069e+05 -8.40771900e-01  6.81292069e+05 -8.26454509e+00 
 7.35642254e+05 -8.40195244e-01  7.35642254e+05 -7.64470097e+00 
 7.94328235e+05 -8.39483532e-01  7.94328235e+05 -7.06993184e+00 
 8.57695899e+05 -8.38620700e-01  8.57695899e+05 -6.53685466e+00 
 9.26118728e+05 -8.37587379e-01  9.26118728e+05 -6.04233327e+00 
 1.00000000e+06 -8.36360525e-01  1.00000000e+06 -5.58346021e+00 
 1.07977516e+06 -8.34913002e-01  1.07977516e+06 -5.15753991e+00 
 1.16591440e+06 -8.33213107e-01  1.16591440e+06 -4.76207325e+00 
 1.25892541e+06 -8.31224037e-01  1.25892541e+06 -4.39474336e+00 
 1.35935639e+06 -8.28903322e-01  1.35935639e+06 -4.05340266e+00 
 1.46779927e+06 -8.26202210e-01  1.46779927e+06 -3.73606091e+00 
 1.58489319e+06 -8.23065039e-01  1.58489319e+06 -3.44087455e+00 
 1.71132830e+06 -8.19428612e-01  1.71132830e+06 -3.16613690e+00 
 1.84784980e+06 -8.15221608e-01  1.84784980e+06 -2.91026954e+00 
 1.99526231e+06 -8.10364081e-01  1.99526231e+06 -2.67181463e+00 
 2.15443469e+06 -8.04767116e-01  2.15443469e+06 -2.44942816e+00 
 2.32630507e+06 -7.98332707e-01  2.32630507e+06 -2.24187429e+00 
 2.51188643e+06 -7.90953979e-01  2.51188643e+06 -2.04802044e+00 
 2.71227258e+06 -7.82515874e-01  2.71227258e+06 -1.86683336e+00 
 2.92864456e+06 -7.72896437e-01  2.92864456e+06 -1.69737589e+00 
 3.16227766e+06 -7.61968873e-01  3.16227766e+06 -1.53880437e+00 
 3.41454887e+06 -7.49604527e-01  3.41454887e+06 -1.39036654e+00 
 3.68694506e+06 -7.35676934e-01  3.68694506e+06 -1.25139949e+00 
 3.98107171e+06 -7.20067038e-01  3.98107171e+06 -1.12132760e+00 
 4.29866235e+06 -7.02669598e-01  4.29866235e+06 -9.99659808e-01 
 4.64158883e+06 -6.83400678e-01  4.64158883e+06 -8.85985793e-01 
 5.01187234e+06 -6.62205947e-01  5.01187234e+06 -7.79970676e-01 
 5.41169527e+06 -6.39069316e-01  5.41169527e+06 -6.81347611e-01 
 5.84341413e+06 -6.14021239e-01  5.84341413e+06 -5.89907999e-01 
 6.30957344e+06 -5.87145784e-01  6.30957344e+06 -5.05489177e-01 
 6.81292069e+06 -5.58585508e-01  6.81292069e+06 -4.27959756e-01 
 7.35642254e+06 -5.28543141e-01  7.35642254e+06 -3.57203176e-01 
 7.94328235e+06 -4.97279296e-01  7.94328235e+06 -2.93100480e-01 
 8.57695899e+06 -4.65105783e-01  8.57695899e+06 -2.35513588e-01 
 9.26118728e+06 -4.32374582e-01  9.26118728e+06 -1.84270592e-01 
 1.00000000e+07 -3.99463187e-01  1.00000000e+07 -1.39154517e-01 
 1.07977516e+07 -3.66757517e-01  1.07977516e+07 -9.98966765e-02 
 1.16591440e+07 -3.34634000e-01  1.16591440e+07 -6.61752666e-02 
 1.25892541e+07 -3.03442598e-01  1.25892541e+07 -3.76191524e-02 
 1.35935639e+07 -2.73492340e-01  1.35935639e+07 -1.38161754e-02 
 1.46779927e+07 -2.45040559e-01  1.46779927e+07  5.67520813e-03 
 1.58489319e+07 -2.18286479e-01  1.58489319e+07  2.13124378e-02 
 1.71132830e+07 -1.93369197e-01  1.71132830e+07  3.35550169e-02 
 1.84784980e+07 -1.70369592e-01  1.84784980e+07  4.28516573e-02 
 1.99526231e+07 -1.49315373e-01  1.99526231e+07  4.96293734e-02 
 2.15443469e+07 -1.30188260e-01  2.15443469e+07  5.42850959e-02 
 2.32630507e+07 -1.12932331e-01  2.32630507e+07  5.71799869e-02 
 2.51188643e+07 -9.74626666e-02  2.51188643e+07  5.86363300e-02 
 2.71227258e+07 -8.36736156e-02  2.71227258e+07  5.89366554e-02 
 2.92864456e+07 -7.14462304e-02  2.92864456e+07  5.83246495e-02 
 3.16227766e+07 -6.06546044e-02  3.16227766e+07  5.70073690e-02 
 3.41454887e+07 -5.11710201e-02  3.41454887e+07  5.51583128e-02 
 3.68694506e+07 -4.28699293e-02  3.68694506e+07  5.29209664e-02 
 3.98107171e+07 -3.56308680e-02  3.98107171e+07  5.04125171e-02 
 4.29866235e+07 -2.93404494e-02  4.29866235e+07  4.77275170e-02 
 4.64158883e+07 -2.38935944e-02  4.64158883e+07  4.49413436e-02 
 5.01187234e+07 -1.91941550e-02  5.01187234e+07  4.21133645e-02 
 5.41169527e+07 -1.51550721e-02  5.41169527e+07  3.92897621e-02 
 5.84341413e+07 -1.16981891e-02  5.84341413e+07  3.65060022e-02 
 6.30957344e+07 -8.75382109e-03  6.30957344e+07  3.37889539e-02 
 6.81292069e+07 -6.26016063e-03  6.81292069e+07  3.11586819e-02 
 7.35642254e+07 -4.16258127e-03  7.35642254e+07  2.86299354e-02 
 7.94328235e+07 -2.41288845e-03  7.94328235e+07  2.62133639e-02 
 8.57695899e+07 -9.68554729e-04  8.57695899e+07  2.39164876e-02 
 9.26118728e+07  2.08030253e-04  9.26118728e+07  2.17444482e-02 
 1.00000000e+08  1.15027040e-03  1.00000000e+08  1.97005675e-02 
 1.07977516e+08  1.88801287e-03  1.07977516e+08  1.77867384e-02 
 1.16591440e+08  2.44811899e-03  1.16591440e+08  1.60036749e-02 
 1.25892541e+08  2.85494166e-03  1.25892541e+08  1.43510507e-02 
 1.35935639e+08  3.13070035e-03  1.35935639e+08  1.28275553e-02 
 1.46779927e+08  3.29575082e-03  1.46779927e+08  1.14309020e-02 
 1.58489319e+08  3.36875543e-03  1.58489319e+08  1.01578189e-02 
 1.71132830e+08  3.36676799e-03  1.71132830e+08  9.00405028e-03 
 1.84784980e+08  3.30525448e-03  1.84784980e+08  7.96439250e-03 
 1.99526231e+08  3.19807577e-03  1.99526231e+08  7.03277531e-03 
 2.15443469e+08  3.05745902e-03  2.15443469e+08  6.20239269e-03 
 2.32630507e+08  2.89398178e-03  2.32630507e+08  5.46587595e-03 
 2.51188643e+08  2.71658645e-03  2.51188643e+08  4.81549533e-03 
 2.71227258e+08  2.53263472e-03  2.71227258e+08  4.24337235e-03 
 2.92864456e+08  2.34800358e-03  2.92864456e+08  3.74168468e-03 
 3.16227766e+08  2.16721753e-03  3.16227766e+08  3.30284831e-03 
 3.41454887e+08  1.99360721e-03  3.41454887e+08  2.91966605e-03 
 3.68694506e+08  1.82948240e-03  3.68694506e+08  2.58543706e-03 
 3.98107171e+08  1.67630775e-03  3.98107171e+08  2.29402670e-03 
 4.29866235e+08  1.53487091e-03  4.29866235e+08  2.03990010e-03 
 4.64158883e+08  1.40543594e-03  4.64158883e+08  1.81812518e-03 
 5.01187234e+08  1.28787701e-03  5.01187234e+08  1.62435231e-03 
 5.41169527e+08  1.18179071e-03  5.41169527e+08  1.45477754e-03 
 5.84341413e+08  1.08658692e-03  5.84341413e+08  1.30609594e-03 
 6.30957344e+08  1.00155992e-03  6.30957344e+08  1.17545038e-03 
 6.81292069e+08  9.25942288e-04  6.81292069e+08  1.06037965e-03 
 7.35642254e+08  8.58944398e-04  7.35642254e+08  9.58768900e-04 
 7.94328235e+08  7.99782508e-04  7.94328235e+08  8.68803741e-04 
 8.57695899e+08  7.47697966e-04  8.57695899e+08  7.88929097e-04 
 9.26118728e+08  7.01969799e-04  9.26118728e+08  7.17812832e-04 
 1.00000000e+09  6.61922421e-04  1.00000000e+09  6.54314020e-04 
 1.07977516e+09  6.26929832e-04  1.07977516e+09  5.97455453e-04 
 1.16591440e+09  5.96417310e-04  1.16591440e+09  5.46399917e-04 
 1.25892541e+09  5.69861333e-04  1.25892541e+09  5.00429754e-04 
 1.35935639e+09  5.46788253e-04  1.35935639e+09  4.58929284e-04 
 1.46779927e+09  5.26772116e-04  1.46779927e+09  4.21369696e-04 
 1.58489319e+09  5.09431919e-04  1.58489319e+09  3.87296092e-04 
 1.71132830e+09  4.94428504e-04  1.71132830e+09  3.56316391e-04 
 1.84784980e+09  4.81461278e-04  1.84784980e+09  3.28091853e-04 
 1.99526231e+09  4.70264865e-04  1.99526231e+09  3.02329014e-04 
 2.15443469e+09  4.60605806e-04  2.15443469e+09  2.78772843e-04 
 2.32630507e+09  4.52279360e-04  2.32630507e+09  2.57200943e-04 
 2.51188643e+09  4.45106476e-04  2.51188643e+09  2.37418663e-04 
 2.71227258e+09  4.38930958e-04  2.71227258e+09  2.19254982e-04 
 2.92864456e+09  4.33616845e-04  2.92864456e+09  2.02559046e-04 
 3.16227766e+09  4.29046022e-04  3.16227766e+09  1.87197263e-04 
 3.41454887e+09  4.25116046e-04  3.41454887e+09  1.73050864e-04 
 3.68694506e+09  4.21738205e-04  3.68694506e+09  1.60013857e-04 
 3.98107171e+09  4.18835775e-04  3.98107171e+09  1.47991303e-04 
 4.29866235e+09  4.16342472e-04  4.29866235e+09  1.36897875e-04 
 4.64158883e+09  4.14201093e-04  4.64158883e+09  1.26656632e-04 
 5.01187234e+09  4.12362311e-04  5.01187234e+09  1.17197987e-04 
 5.41169527e+09  4.10783623e-04  5.41169527e+09  1.08458836e-04 
 5.84341413e+09  4.09428427e-04  5.84341413e+09  1.00381804e-04 
 6.30957344e+09  4.08265225e-04  6.30957344e+09  9.29146137e-05 
 6.81292069e+09  4.07266920e-04  6.81292069e+09  8.60095313e-05 
 7.35642254e+09  4.06410213e-04  7.35642254e+09  7.96228958e-05 
 7.94328235e+09  4.05675075e-04  7.94328235e+09  7.37147065e-05 
 8.57695899e+09  4.05044298e-04  8.57695899e+09  6.82482647e-05 
 9.26118728e+09  4.04503097e-04  9.26118728e+09  6.31898588e-05 
 1.00000000e+10  4.04038774e-04  1.00000000e+10  5.85084878e-05 
