 1.00000000e+00  7.43825690e+04  1.00000000e+00 -3.92149598e+02 
 1.07977516e+00  7.43822260e+04  1.07977516e+00 -4.23431443e+02 
 1.16591440e+00  7.43818261e+04  1.16591440e+00 -4.57208297e+02 
 1.25892541e+00  7.43813598e+04  1.25892541e+00 -4.93679069e+02 
 1.35935639e+00  7.43808162e+04  1.35935639e+00 -5.33058501e+02 
 1.46779927e+00  7.43801825e+04  1.46779927e+00 -5.75578425e+02 
 1.58489319e+00  7.43794435e+04  1.58489319e+00 -6.21489113e+02 
 1.71132830e+00  7.43785821e+04  1.71132830e+00 -6.71060736e+02 
 1.84784980e+00  7.43775777e+04  1.84784980e+00 -7.24584931e+02 
 1.99526231e+00  7.43764066e+04  1.99526231e+00 -7.82376493e+02 
 2.15443469e+00  7.43750414e+04  2.15443469e+00 -8.44775198e+02 
 2.32630507e+00  7.43734497e+04  2.32630507e+00 -9.12147756e+02 
 2.51188643e+00  7.43715940e+04  2.51188643e+00 -9.84889917e+02 
 2.71227258e+00  7.43694305e+04  2.71227258e+00 -1.06342873e+03 
 2.92864456e+00  7.43669082e+04  2.92864456e+00 -1.14822499e+03 
 3.16227766e+00  7.43639677e+04  3.16227766e+00 -1.23977580e+03 
 3.41454887e+00  7.43605396e+04  3.41454887e+00 -1.33861741e+03 
 3.68694506e+00  7.43565431e+04  3.68694506e+00 -1.44532815e+03 
 3.98107171e+00  7.43518840e+04  3.98107171e+00 -1.56053165e+03 
 4.29866235e+00  7.43464527e+04  4.29866235e+00 -1.68490023e+03 
 4.64158883e+00  7.43401213e+04  4.64158883e+00 -1.81915849e+03 
 5.01187234e+00  7.43327408e+04  5.01187234e+00 -1.96408715e+03 
 5.41169527e+00  7.43241375e+04  5.41169527e+00 -2.12052707e+03 
 5.84341413e+00  7.43141094e+04  5.84341413e+00 -2.28938353e+03 
 6.30957344e+00  7.43024209e+04  6.30957344e+00 -2.47163067e+03 
 6.81292069e+00  7.42887978e+04  6.81292069e+00 -2.66831610e+03 
 7.35642254e+00  7.42729206e+04  7.35642254e+00 -2.88056570e+03 
 7.94328235e+00  7.42544178e+04  7.94328235e+00 -3.10958846e+03 
 8.57695899e+00  7.42328568e+04  8.57695899e+00 -3.35668146e+03 
 9.26118728e+00  7.42077343e+04  9.26118728e+00 -3.62323468e+03 
 1.00000000e+01  7.41784650e+04  1.00000000e+01 -3.91073575e+03 
 1.07977516e+01  7.41443687e+04  1.07977516e+01 -4.22077440e+03 
 1.16591440e+01  7.41046549e+04  1.16591440e+01 -4.55504631e+03 
 1.25892541e+01  7.40584057e+04  1.25892541e+01 -4.91535632e+03 
 1.35935639e+01  7.40045558e+04  1.35935639e+01 -5.30362055e+03 
 1.46779927e+01  7.39418704e+04  1.46779927e+01 -5.72186705e+03 
 1.58489319e+01  7.38689184e+04  1.58489319e+01 -6.17223446e+03 
 1.71132830e+01  7.37840442e+04  1.71132830e+01 -6.65696811e+03 
 1.84784980e+01  7.36853341e+04  1.84784980e+01 -7.17841274e+03 
 1.99526231e+01  7.35705795e+04  1.99526231e+01 -7.73900088e+03 
 2.15443469e+01  7.34372360e+04  2.15443469e+01 -8.34123572e+03 
 2.32630507e+01  7.32823778e+04  2.32630507e+01 -8.98766716e+03 
 2.51188643e+01  7.31026490e+04  2.51188643e+01 -9.68085919e+03 
 2.71227258e+01  7.28942106e+04  2.71227258e+01 -1.04233469e+04 
 2.92864456e+01  7.26526850e+04  2.92864456e+01 -1.12175804e+04 
 3.16227766e+01  7.23730999e+04  3.16227766e+01 -1.20658542e+04 
 3.41454887e+01  7.20498324e+04  3.41454887e+01 -1.29702174e+04 
 3.68694506e+01  7.16765575e+04  3.68694506e+01 -1.39323640e+04 
 3.98107171e+01  7.12462049e+04  3.98107171e+01 -1.49534984e+04 
 4.29866235e+01  7.07509302e+04  4.29866235e+01 -1.60341758e+04 
 4.64158883e+01  7.01821065e+04  4.64158883e+01 -1.71741128e+04 
 5.01187234e+01  6.95303478e+04  5.01187234e+01 -1.83719711e+04 
 5.41169527e+01  6.87855735e+04  5.41169527e+01 -1.96251133e+04 
 5.84341413e+01  6.79371272e+04  5.84341413e+01 -2.09293368e+04 
 6.30957344e+01  6.69739637e+04  6.30957344e+01 -2.22785947e+04 
 6.81292069e+01  6.58849186e+04  6.81292069e+01 -2.36647181e+04 
 7.35642254e+01  6.46590712e+04  7.35642254e+01 -2.50771598e+04 
 7.94328235e+01  6.32862099e+04  7.94328235e+01 -2.65027888e+04 
 8.57695899e+01  6.17574001e+04  8.57695899e+01 -2.79257688e+04 
 9.26118728e+01  6.00656436e+04  9.26118728e+01 -2.93275624e+04 
 1.00000000e+02  5.82066043e+04  1.00000000e+02 -3.06871005e+04 
 1.07977516e+02  5.61793568e+04  1.07977516e+02 -3.19811580e+04 
 1.16591440e+02  5.39870960e+04  1.16591440e+02 -3.31849602e+04 
 1.25892541e+02  5.16377308e+04  1.25892541e+02 -3.42730292e+04 
 1.35935639e+02  4.91442752e+04  1.35935639e+02 -3.52202469e+04 
 1.46779927e+02  4.65249538e+04  1.46779927e+02 -3.60030806e+04 
 1.58489319e+02  4.38029550e+04  1.58489319e+02 -3.66008798e+04 
 1.71132830e+02  4.10058017e+04  1.71132830e+02 -3.69971272e+04 
 1.84784980e+02  3.81643511e+04  1.84784980e+02 -3.71805119e+04 
 1.99526231e+02  3.53114897e+04  1.99526231e+02 -3.71457004e+04 
 2.15443469e+02  3.24806348e+04  2.15443469e+02 -3.68937100e+04 
 2.32630507e+02  2.97041829e+04  2.32630507e+02 -3.64318370e+04 
 2.51188643e+02  2.70120594e+04  2.51188643e+02 -3.57731493e+04 
 2.71227258e+02  2.44304995e+04  2.71227258e+02 -3.49356068e+04 
 2.92864456e+02  2.19811621e+04  2.92864456e+02 -3.39409176e+04 
 3.16227766e+02  1.96806227e+04  3.16227766e+02 -3.28132583e+04 
 3.41454887e+02  1.75402443e+04  3.41454887e+02 -3.15779881e+04 
 3.68694506e+02  1.55663821e+04  3.68694506e+02 -3.02604671e+04 
 3.98107171e+02  1.37608484e+04  3.98107171e+02 -2.88850573e+04 
 4.29866235e+02  1.21215522e+04  4.29866235e+02 -2.74743521e+04 
 4.64158883e+02  1.06432291e+04  4.64158883e+02 -2.60486454e+04 
 5.01187234e+02  9.31818863e+03  5.01187234e+02 -2.46256250e+04 
 5.41169527e+02  8.13702224e+03  5.41169527e+02 -2.32202597e+04 
 5.84341413e+02  7.08923599e+03  5.84341413e+02 -2.18448405e+04 
 6.30957344e+02  6.16378609e+03  6.30957344e+02 -2.05091325e+04 
 6.81292069e+02  5.34951131e+03  6.81292069e+02 -1.92206002e+04 
 7.35642254e+02  4.63546524e+03  7.35642254e+02 -1.79846730e+04 
 7.94328235e+02  4.01115785e+03  7.94328235e+02 -1.68050257e+04 
 8.57695899e+02  3.46671948e+03  8.57695899e+02 -1.56838542e+04 
 9.26118728e+02  2.99300095e+03  9.26118728e+02 -1.46221362e+04 
 1.00000000e+03  2.58162357e+03  1.00000000e+03 -1.36198657e+04 
 1.07977516e+03  2.22499117e+03  1.07977516e+03 -1.26762622e+04 
 1.16591440e+03  1.91627463e+03  1.16591440e+03 -1.17899492e+04 
 1.25892541e+03  1.64937754e+03  1.25892541e+03 -1.09591064e+04 
 1.35935639e+03  1.41888984e+03  1.35935639e+03 -1.01815958e+04 
 1.46779927e+03  1.22003456e+03  1.46779927e+03 -9.45506456e+03 
 1.58489319e+03  1.04861168e+03  1.58489319e+03 -8.77702861e+03 
 1.71132830e+03  9.00941748e+02  1.71132830e+03 -8.14493827e+03 
 1.84784980e+03  7.73811252e+02  1.84784980e+03 -7.55622990e+03 
 1.99526231e+03  6.64420984e+02  1.99526231e+03 -7.00836538e+03 
 2.15443469e+03  5.70338055e+02  2.15443469e+03 -6.49886176e+03 
 2.32630507e+03  4.89451991e+02  2.32630507e+03 -6.02531286e+03 
 2.51188643e+03  4.19934986e+02  2.51188643e+03 -5.58540455e+03 
 2.71227258e+03  3.60206251e+02  2.71227258e+03 -5.17692483e+03 
 2.92864456e+03  3.08900255e+02  2.92864456e+03 -4.79776996e+03 
 3.16227766e+03  2.64838621e+02  3.16227766e+03 -4.44594749e+03 
 3.41454887e+03  2.27005357e+02  3.41454887e+03 -4.11957683e+03 
 3.68694506e+03  1.94525138e+02  3.68694506e+03 -3.81688817e+03 
 3.98107171e+03  1.66644313e+02  3.98107171e+03 -3.53621993e+03 
 4.29866235e+03  1.42714343e+02  4.29866235e+03 -3.27601532e+03 
 4.64158883e+03  1.22177410e+02  4.64158883e+03 -3.03481827e+03 
 5.01187234e+03  1.04553912e+02  5.01187234e+03 -2.81126889e+03 
 5.41169527e+03  8.94316451e+01  5.41169527e+03 -2.60409866e+03 
 5.84341413e+03  7.64564327e+01  5.84341413e+03 -2.41212556e+03 
 6.30957344e+03  6.53240352e+01  6.30957344e+03 -2.23424915e+03 
 6.81292069e+03  5.57731658e+01  6.81292069e+03 -2.06944569e+03 
 7.35642254e+03  4.75794685e+01  7.35642254e+03 -1.91676348e+03 
 7.94328235e+03  4.05503287e+01  7.94328235e+03 -1.77531818e+03 
 8.57695899e+03  3.45204052e+01  8.57695899e+03 -1.64428852e+03 
 9.26118728e+03  2.93477853e+01  9.26118728e+03 -1.52291207e+03 
 1.00000000e+04  2.49106772e+01  1.00000000e+04 -1.41048127e+03 
 1.07977516e+04  2.11045659e+01  1.07977516e+04 -1.30633967e+03 
 1.16591440e+04  1.78397695e+01  1.16591440e+04 -1.20987842e+03 
 1.25892541e+04  1.50393388e+01  1.25892541e+04 -1.12053289e+03 
 1.35935639e+04  1.26372530e+01  1.35935639e+04 -1.03777963e+03 
 1.46779927e+04  1.05768704e+01  1.46779927e+04 -9.61133352e+02 
 1.58489319e+04  8.80959796e+00  1.58489319e+04 -8.90144294e+02 
 1.71132830e+04  7.29374896e+00  1.71132830e+04 -8.24395612e+02 
 1.84784980e+04  5.99356255e+00  1.84784980e+04 -7.63501032e+02 
 1.99526231e+04  4.87836211e+00  1.99526231e+04 -7.07102634e+02 
 2.15443469e+04  3.92183300e+00  2.15443469e+04 -6.54868795e+02 
 2.32630507e+04  3.10140276e+00  2.32630507e+04 -6.06492278e+02 
 2.51188643e+04  2.39770921e+00  2.51188643e+04 -5.61688450e+02 
 2.71227258e+04  1.79414413e+00  2.71227258e+04 -5.20193636e+02 
 2.92864456e+04  1.27646174e+00  2.92864456e+04 -4.81763581e+02 
 3.16227766e+04  8.32442764e-01  3.16227766e+04 -4.46172030e+02 
 3.41454887e+04  4.51606246e-01  3.41454887e+04 -4.13209409e+02 
 3.68694506e+04  1.24962339e-01  3.68694506e+04 -3.82681595e+02 
 3.98107171e+04 -1.55199779e-01  3.98107171e+04 -3.54408784e+02 
 4.29866235e+04 -3.95493839e-01  4.29866235e+04 -3.28224439e+02 
 4.64158883e+04 -6.01592529e-01  4.64158883e+04 -3.03974310e+02 
 5.01187234e+04 -7.78361372e-01  5.01187234e+04 -2.81515532e+02 
 5.41169527e+04 -9.29973539e-01  5.41169527e+04 -2.60715785e+02 
 5.84341413e+04 -1.06000835e+00  5.84341413e+04 -2.41452516e+02 
 6.30957344e+04 -1.17153576e+00  6.30957344e+04 -2.23612222e+02 
 6.81292069e+04 -1.26718880e+00  6.81292069e+04 -2.07089778e+02 
 7.35642254e+04 -1.34922577e+00  7.35642254e+04 -1.91787822e+02 
 7.94328235e+04 -1.41958348e+00  7.94328235e+04 -1.77616183e+02 
 8.57695899e+04 -1.47992304e+00  8.57695899e+04 -1.64491346e+02 
 9.26118728e+04 -1.53166905e+00  9.26118728e+04 -1.52335964e+02 
 1.00000000e+05 -1.57604322e+00  1.00000000e+05 -1.41078404e+02 
 1.07977516e+05 -1.61409319e+00  1.07977516e+05 -1.30652321e+02 
 1.16591440e+05 -1.64671733e+00  1.16591440e+05 -1.20996269e+02 
 1.25892541e+05 -1.67468590e+00  1.25892541e+05 -1.12053341e+02 
 1.35935639e+05 -1.69865922e+00  1.35935639e+05 -1.03770832e+02 
 1.46779927e+05 -1.71920331e+00  1.46779927e+05 -9.60999268e+01 
 1.58489319e+05 -1.73680323e+00  1.58489319e+05 -8.89954170e+01 
 1.71132830e+05 -1.75187450e+00  1.71132830e+05 -8.24154308e+01 
 1.84784980e+05 -1.76477296e+00  1.84784980e+05 -7.63211879e+01 
 1.99526231e+05 -1.77580316e+00  1.99526231e+05 -7.06767707e+01 
 2.15443469e+05 -1.78522553e+00  2.15443469e+05 -6.54489124e+01 
 2.32630507e+05 -1.79326255e+00  2.32630507e+05 -6.06068016e+01 
 2.51188643e+05 -1.80010397e+00  2.51188643e+05 -5.61219001e+01 
 2.71227258e+05 -1.80591136e+00  2.71227258e+05 -5.19677753e+01 
 2.92864456e+05 -1.81082185e+00  2.92864456e+05 -4.81199438e+01 
 3.16227766e+05 -1.81495141e+00  3.16227766e+05 -4.45557279e+01 
 3.41454887e+05 -1.81839759e+00  3.41454887e+05 -4.12541214e+01 
 3.68694506e+05 -1.82124182e+00  3.68694506e+05 -3.81956660e+01 
 3.98107171e+05 -1.82355135e+00  3.98107171e+05 -3.53623368e+01 
 4.29866235e+05 -1.82538082e+00  4.29866235e+05 -3.27374360e+01 
 4.64158883e+05 -1.82677360e+00  4.64158883e+05 -3.03054946e+01 
 5.01187234e+05 -1.82776279e+00  5.01187234e+05 -2.80521815e+01 
 5.41169527e+05 -1.82837206e+00  5.41169527e+05 -2.59642187e+01 
 5.84341413e+05 -1.82861619e+00  5.84341413e+05 -2.40293037e+01 
 6.30957344e+05 -1.82850151e+00  6.30957344e+05 -2.22360368e+01 
 6.81292069e+05 -1.82802607e+00  6.81292069e+05 -2.05738545e+01 
 7.35642254e+05 -1.82717969e+00  7.35642254e+05 -1.90329672e+01 
 7.94328235e+05 -1.82594375e+00  7.94328235e+05 -1.76043021e+01 
 8.57695899e+05 -1.82429098e+00  8.57695899e+05 -1.62794499e+01 
 9.26118728e+05 -1.82218490e+00  9.26118728e+05 -1.50506161e+01 
 1.00000000e+06 -1.81957923e+00  1.00000000e+06 -1.39105759e+01 
 1.07977516e+06 -1.81641712e+00  1.07977516e+06 -1.28526316e+01 
 1.16591440e+06 -1.81263020e+00  1.16591440e+06 -1.18705754e+01 
 1.25892541e+06 -1.80813754e+00  1.25892541e+06 -1.09586532e+01 
 1.35935639e+06 -1.80284447e+00  1.35935639e+06 -1.01115325e+01 
 1.46779927e+06 -1.79664137e+00  1.46779927e+06 -9.32427310e+00 
 1.58489319e+06 -1.78940235e+00  1.58489319e+06 -8.59230004e+00 
 1.71132830e+06 -1.78098404e+00  1.71132830e+06 -7.91137952e+00 
 1.84784980e+06 -1.77122446e+00  1.84784980e+06 -7.27759717e+00 
 1.99526231e+06 -1.75994214e+00  1.99526231e+06 -6.68733884e+00 
 2.15443469e+06 -1.74693568e+00  2.15443469e+06 -6.13727370e+00 
 2.32630507e+06 -1.73198387e+00  2.32630507e+06 -5.62433968e+00 
 2.51188643e+06 -1.71484676e+00  2.51188643e+06 -5.14573101e+00 
 2.71227258e+06 -1.69526778e+00  2.71227258e+06 -4.69888775e+00 
 2.92864456e+06 -1.67297744e+00  2.92864456e+06 -4.28148707e+00 
 3.16227766e+06 -1.64769883e+00  3.16227766e+06 -3.89143580e+00 
 3.41454887e+06 -1.61915532e+00  3.41454887e+06 -3.52686391e+00 
 3.68694506e+06 -1.58708069e+00  3.68694506e+06 -3.18611810e+00 
 3.98107171e+06 -1.55123181e+00  3.98107171e+06 -2.86775475e+00 
 4.29866235e+06 -1.51140389e+00  4.29866235e+06 -2.57053117e+00 
 4.64158883e+06 -1.46744773e+00  4.64158883e+06 -2.29339413e+00 
 5.01187234e+06 -1.41928825e+00  5.01187234e+06 -2.03546452e+00 
 5.41169527e+06 -1.36694302e+00  5.41169527e+06 -1.79601718e+00 
 5.84341413e+06 -1.31053909e+00  5.84341413e+06 -1.57445554e+00 
 6.30957344e+06 -1.25032600e+00  6.30957344e+06 -1.37028086e+00 
 6.81292069e+06 -1.18668285e+00  6.81292069e+06 -1.18305714e+00 
 7.35642254e+06 -1.12011753e+00  7.35642254e+06 -1.01237319e+00 
 7.94328235e+06 -1.05125664e+00  7.94328235e+06 -8.57804635e-01 
 8.57695899e+06 -9.80825881e-01  8.57695899e+06 -7.18878733e-01 
 9.26118728e+06 -9.09621640e-01  9.26118728e+06 -5.95045396e-01 
 1.00000000e+07 -8.38476045e-01  1.00000000e+07 -4.85657219e-01 
 1.07977516e+07 -7.68218518e-01  1.07977516e+07 -3.89960428e-01 
 1.16591440e+07 -6.99637601e-01  1.16591440e+07 -3.07097345e-01 
 1.25892541e+07 -6.33446735e-01  1.25892541e+07 -2.36119529e-01 
 1.35935639e+07 -5.70256994e-01  1.35935639e+07 -1.76009478e-01 
 1.46779927e+07 -5.10558764e-01  1.46779927e+07 -1.25707895e-01 
 1.58489319e+07 -4.54713031e-01  1.58489319e+07 -8.41432230e-02 
 1.71132830e+07 -4.02951773e-01  1.71132830e+07 -5.02603390e-02 
 1.84784980e+07 -3.55385999e-01  1.84784980e+07 -2.30459238e-02 
 1.99526231e+07 -3.12019431e-01  1.99526231e+07 -1.54886953e-03 
 2.15443469e+07 -2.72765669e-01  2.15443469e+07  1.51050489e-02 
 2.32630507e+07 -2.37466813e-01  2.32630507e+07  2.77042492e-02 
 2.51188643e+07 -2.05911884e-01  2.51188643e+07  3.69476123e-02 
 2.71227258e+07 -1.77853848e-01  2.71227258e+07  4.34450608e-02 
 2.92864456e+07 -1.53024472e-01  2.92864456e+07  4.77214179e-02 
 3.16227766e+07 -1.31146665e-01  3.16227766e+07  5.02225317e-02 
 3.41454887e+07 -1.11944242e-01  3.41454887e+07  5.13227673e-02 
 3.68694506e+07 -9.51492674e-02  3.68694506e+07  5.13331267e-02 
 3.98107171e+07 -8.05072518e-02  3.98107171e+07  5.05094388e-02 
 4.29866235e+07 -6.77805506e-02  4.29866235e+07  4.90602253e-02 
 4.64158883e+07 -5.67502980e-02  4.64158883e+07  4.71539889e-02 
 5.01187234e+07 -4.72172095e-02  5.01187234e+07  4.49257859e-02 
 5.41169527e+07 -3.90015352e-02  5.41169527e+07  4.24830252e-02 
 5.84341413e+07 -3.19424051e-02  5.84341413e+07  3.99104953e-02 
 6.30957344e+07 -2.58967598e-02  6.30957344e+07  3.72746553e-02 
 6.81292069e+07 -2.07380182e-02  6.81292069e+07  3.46272506e-02 
 7.35642254e+07 -1.63545992e-02  7.35642254e+07  3.20083180e-02 
 7.94328235e+07 -1.26483834e-02  7.94328235e+07  2.94486504e-02 
 8.57695899e+07 -9.53318111e-03  8.57695899e+07  2.69717863e-02 
 9.26118728e+07 -6.93325265e-03  9.26118728e+07  2.45955861e-02 
 1.00000000e+08 -4.78192120e-03  1.00000000e+08  2.23334504e-02 
 1.07977516e+08 -3.02030460e-03  1.07977516e+08  2.01952329e-02 
 1.16591440e+08 -1.59618980e-03  1.16591440e+08  1.81878996e-02 
 1.25892541e+08 -4.63065978e-04  1.25892541e+08  1.63159820e-02 
 1.35935639e+08  4.20674916e-04  1.35935639e+08  1.45818768e-02 
 1.46779927e+08  1.09236994e-03  1.46779927e+08  1.29860400e-02 
 1.58489319e+08  1.58555944e-03  1.58489319e+08  1.15271242e-02 
 1.71132830e+08  1.93032437e-03  1.71132830e+08  1.02020996e-02 
 1.84784980e+08  2.15351576e-03  1.84784980e+08  9.00639166e-03 
 1.99526231e+08  2.27891131e-03  1.99526231e+08  7.93405638e-03 
 2.15443469e+08  2.32733470e-03  2.15443469e+08  6.97799983e-03 
 2.32630507e+08  2.31676960e-03  2.32630507e+08  6.13023730e-03 
 2.51188643e+08  2.26249242e-03  2.51188643e+08  5.38217753e-03 
 2.71227258e+08  2.17723805e-03  2.71227258e+08  4.72491253e-03 
 2.92864456e+08  2.07140249e-03  2.92864456e+08  4.14949231e-03 
 3.16227766e+08  1.95327794e-03  3.16227766e+08  3.64716725e-03 
 3.41454887e+08  1.82930988e-03  3.41454887e+08  3.20958561e-03 
 3.68694506e+08  1.70436314e-03  3.68694506e+08  2.82894045e-03 
 3.98107171e+08  1.58198366e-03  3.98107171e+08  2.49806557e-03 
 4.29866235e+08  1.46464472e-03  4.29866235e+08  2.21048509e-03 
 4.64158883e+08  1.35396945e-03  4.64158883e+08  1.96042397e-03 
 5.01187234e+08  1.25092443e-03  5.01187234e+08  1.74278840e-03 
 5.41169527e+08  1.15598283e-03  5.41169527e+08  1.55312499e-03 
 5.84341413e+08  1.06925746e-03  5.84341413e+08  1.38756692e-03 
 6.30957344e+08  9.90606386e-04  6.30957344e+08  1.24277377e-03 
 6.81292069e+08  9.19714506e-04  6.81292069e+08  1.11587024e-03 
 7.35642254e+08  8.56155105e-04  7.35642254e+08  1.00438724e-03 
 7.94328235e+08  7.99435324e-04  7.94328235e+08  9.06207567e-04 
 8.57695899e+08  7.49029134e-04  8.57695899e+08  8.19517295e-04 
 9.26118728e+08  7.04400837e-04  9.26118728e+08  7.42762991e-04 
 1.00000000e+09  6.65021544e-04  1.00000000e+09  6.74614628e-04 
 1.07977516e+09  6.30380512e-04  1.07977516e+09  6.13933599e-04 
 1.16591440e+09  5.99992708e-04  1.16591440e+09  5.59745219e-04 
 1.25892541e+09  5.73403602e-04  1.25892541e+09  5.11215090e-04 
 1.35935639e+09  5.50191920e-04  1.35935639e+09  4.67628759e-04 
 1.46779927e+09  5.29970855e-04  1.46779927e+09  4.28374204e-04 
 1.58489319e+09  5.12388133e-04  1.58489319e+09  3.92926738e-04 
 1.71132830e+09  4.97125232e-04  1.71132830e+09  3.60836032e-04 
 1.84784980e+09  4.83895978e-04  1.84784980e+09  3.31714958e-04 
 1.99526231e+09  4.72444719e-04  1.99526231e+09  3.05230039e-04 
 2.15443469e+09  4.62544215e-04  2.15443469e+09  2.81093297e-04 
 2.32630507e+09  4.53993390e-04  2.32630507e+09  2.59055320e-04 
 2.51188643e+09  4.46615027e-04  2.51188643e+09  2.38899391e-04 
 2.71227258e+09  4.40253480e-04  2.71227258e+09  2.20436518e-04 
 2.92864456e+09  4.34772478e-04  2.92864456e+09  2.03501267e-04 
 3.16227766e+09  4.30053034e-04  3.16227766e+09  1.87948239e-04 
 3.41454887e+09  4.25991500e-04  3.41454887e+09  1.73649135e-04 
 3.68694506e+09  4.22497781e-04  3.68694506e+09  1.60490282e-04 
 3.98107171e+09  4.19493702e-04  3.98107171e+09  1.48370565e-04 
 4.29866235e+09  4.16911538e-04  4.29866235e+09  1.37199699e-04 
 4.64158883e+09  4.14692700e-04  4.64158883e+09  1.26896766e-04 
 5.01187234e+09  4.12786561e-04  5.01187234e+09  1.17388997e-04 
 5.41169527e+09  4.11149420e-04  5.41169527e+09  1.08610741e-04 
 5.84341413e+09  4.09743586e-04  5.84341413e+09  1.00502591e-04 
 6.30957344e+09  4.08536581e-04  6.30957344e+09  9.30106424e-05 
 6.81292069e+09  4.07500431e-04  6.81292069e+09  8.60858673e-05 
 7.35642254e+09  4.06611061e-04  7.35642254e+09  7.96835711e-05 
 7.94328235e+09  4.05847761e-04  7.94328235e+09  7.37629295e-05 
 8.57695899e+09  4.05192718e-04  8.57695899e+09  6.82865879e-05 
 9.26118728e+09  4.04630623e-04  9.26118728e+09  6.32203125e-05 
 1.00000000e+10  4.04148319e-04  1.00000000e+10  5.85326867e-05 
