 1.00000000e+00  5.85952006e+03  1.00000000e+00 -9.14886626e+00 
 1.07977516e+00  5.85951769e+03  1.07977516e+00 -9.87871456e+00 
 1.16591440e+00  5.85951493e+03  1.16591440e+00 -1.06667856e+01 
 1.25892541e+00  5.85951171e+03  1.25892541e+00 -1.15177238e+01 
 1.35935639e+00  5.85950795e+03  1.35935639e+00 -1.24365441e+01 
 1.46779927e+00  5.85950358e+03  1.46779927e+00 -1.34286614e+01 
 1.58489319e+00  5.85949847e+03  1.58489319e+00 -1.44999224e+01 
 1.71132830e+00  5.85949252e+03  1.71132830e+00 -1.56566402e+01 
 1.84784980e+00  5.85948558e+03  1.84784980e+00 -1.69056312e+01 
 1.99526231e+00  5.85947748e+03  1.99526231e+00 -1.82542554e+01 
 2.15443469e+00  5.85946805e+03  2.15443469e+00 -1.97104599e+01 
 2.32630507e+00  5.85945705e+03  2.32630507e+00 -2.12828251e+01 
 2.51188643e+00  5.85944422e+03  2.51188643e+00 -2.29806156e+01 
 2.71227258e+00  5.85942927e+03  2.71227258e+00 -2.48138346e+01 
 2.92864456e+00  5.85941184e+03  2.92864456e+00 -2.67932826e+01 
 3.16227766e+00  5.85939151e+03  3.16227766e+00 -2.89306207e+01 
 3.41454887e+00  5.85936782e+03  3.41454887e+00 -3.12384394e+01 
 3.68694506e+00  5.85934019e+03  3.68694506e+00 -3.37303319e+01 
 3.98107171e+00  5.85930797e+03  3.98107171e+00 -3.64209744e+01 
 4.29866235e+00  5.85927042e+03  4.29866235e+00 -3.93262114e+01 
 4.64158883e+00  5.85922663e+03  4.64158883e+00 -4.24631490e+01 
 5.01187234e+00  5.85917558e+03  5.01187234e+00 -4.58502541e+01 
 5.41169527e+00  5.85911605e+03  5.41169527e+00 -4.95074627e+01 
 5.84341413e+00  5.85904666e+03  5.84341413e+00 -5.34562955e+01 
 6.30957344e+00  5.85896575e+03  6.30957344e+00 -5.77199831e+01 
 6.81292069e+00  5.85887142e+03  6.81292069e+00 -6.23236008e+01 
 7.35642254e+00  5.85876145e+03  7.35642254e+00 -6.72942131e+01 
 7.94328235e+00  5.85863323e+03  7.94328235e+00 -7.26610297e+01 
 8.57695899e+00  5.85848375e+03  8.57695899e+00 -7.84555735e+01 
 9.26118728e+00  5.85830948e+03  9.26118728e+00 -8.47118597e+01 
 1.00000000e+01  5.85810631e+03  1.00000000e+01 -9.14665900e+01 
 1.07977516e+01  5.85786944e+03  1.07977516e+01 -9.87593589e+01 
 1.16591440e+01  5.85759330e+03  1.16591440e+01 -1.06632876e+02 
 1.25892541e+01  5.85727138e+03  1.25892541e+01 -1.15133204e+02 
 1.35935639e+01  5.85689609e+03  1.35935639e+01 -1.24310009e+02 
 1.46779927e+01  5.85645859e+03  1.46779927e+01 -1.34216834e+02 
 1.58489319e+01  5.85594859e+03  1.58489319e+01 -1.44911384e+02 
 1.71132830e+01  5.85535408e+03  1.71132830e+01 -1.56455829e+02 
 1.84784980e+01  5.85466109e+03  1.84784980e+01 -1.68917126e+02 
 1.99526231e+01  5.85385334e+03  1.99526231e+01 -1.82367354e+02 
 2.15443469e+01  5.85291184e+03  2.15443469e+01 -1.96884070e+02 
 2.32630507e+01  5.85181452e+03  2.32630507e+01 -2.12550674e+02 
 2.51188643e+01  5.85053565e+03  2.51188643e+01 -2.29456785e+02 
 2.71227258e+01  5.84904531e+03  2.71227258e+01 -2.47698627e+02 
 2.92864456e+01  5.84730866e+03  2.92864456e+01 -2.67379419e+02 
 3.16227766e+01  5.84528517e+03  3.16227766e+01 -2.88609752e+02 
 3.41454887e+01  5.84292773e+03  3.41454887e+01 -3.11507966e+02 
 3.68694506e+01  5.84018155e+03  3.68694506e+01 -3.36200485e+02 
 3.98107171e+01  5.83698300e+03  3.98107171e+01 -3.62822127e+02 
 4.29866235e+01  5.83325819e+03  4.29866235e+01 -3.91516334e+02 
 4.64158883e+01  5.82892137e+03  4.64158883e+01 -4.22435333e+02 
 5.01187234e+01  5.82387314e+03  5.01187234e+01 -4.55740162e+02 
 5.41169527e+01  5.81799837e+03  5.41169527e+01 -4.91600540e+02 
 5.84341413e+01  5.81116384e+03  5.84341413e+01 -5.30194528e+02 
 6.30957344e+01  5.80321561e+03  6.30957344e+01 -5.71707905e+02 
 6.81292069e+01  5.79397606e+03  6.81292069e+01 -6.16333201e+02 
 7.35642254e+01  5.78324061e+03  7.35642254e+01 -6.64268275e+02 
 7.94328235e+01  5.77077411e+03  7.94328235e+01 -7.15714336e+02 
 8.57695899e+01  5.75630694e+03  8.57695899e+01 -7.70873267e+02 
 9.26118728e+01  5.73953076e+03  9.26118728e+01 -8.29944100e+02 
 1.00000000e+02  5.72009422e+03  1.00000000e+02 -8.93118452e+02 
 1.07977516e+02  5.69759842e+03  1.07977516e+02 -9.60574727e+02 
 1.16591440e+02  5.67159263e+03  1.16591440e+02 -1.03247087e+03 
 1.25892541e+02  5.64157024e+03  1.25892541e+02 -1.10893543e+03 
 1.35935639e+02  5.60696555e+03  1.35935639e+02 -1.19005669e+03 
 1.46779927e+02  5.56715161e+03  1.46779927e+02 -1.27586975e+03 
 1.58489319e+02  5.52143998e+03  1.58489319e+02 -1.36634135e+03 
 1.71132830e+02  5.46908291e+03  1.71132830e+02 -1.46135243e+03 
 1.84784980e+02  5.40927900e+03  1.84784980e+02 -1.56067865e+03 
 1.99526231e+02  5.34118327e+03  1.99526231e+02 -1.66396921e+03 
 2.15443469e+02  5.26392277e+03  2.15443469e+02 -1.77072482e+03 
 2.32630507e+02  5.17661884e+03  2.32630507e+02 -1.88027593e+03 
 2.51188643e+02  5.07841683e+03  2.51188643e+02 -1.99176298e+03 
 2.71227258e+02  4.96852396e+03  2.71227258e+02 -2.10412099e+03 
 2.92864456e+02  4.84625518e+03  2.92864456e+02 -2.21607126e+03 
 3.16227766e+02  4.71108603e+03  3.16227766e+02 -2.32612330e+03 
 3.41454887e+02  4.56271030e+03  3.41454887e+02 -2.43259045e+03 
 3.68694506e+02  4.40109892e+03  3.68694506e+02 -2.53362196e+03 
 3.98107171e+02  4.22655491e+03  3.98107171e+02 -2.62725357e+03 
 4.29866235e+02  4.03975829e+03  4.29866235e+02 -2.71147678e+03 
 4.64158883e+02  3.84179397e+03  4.64158883e+02 -2.78432479e+03 
 5.01187234e+02  3.63415632e+03  5.01187234e+02 -2.84397039e+03 
 5.41169527e+02  3.41872546e+03  5.41169527e+02 -2.88882823e+03 
 5.84341413e+02  3.19771321e+03  5.84341413e+02 -2.91765191e+03 
 6.30957344e+02  2.97358049e+03  6.30957344e+02 -2.92961573e+03 
 6.81292069e+02  2.74893159e+03  6.81292069e+02 -2.92437118e+03 
 7.35642254e+02  2.52639484e+03  7.35642254e+02 -2.90207144e+03 
 7.94328235e+02  2.30850083e+03  7.94328235e+02 -2.86336060e+03 
 8.57695899e+02  2.09757014e+03  8.57695899e+02 -2.80932899e+03 
 9.26118728e+02  1.89562076e+03  9.26118728e+02 -2.74144026e+03 
 1.00000000e+03  1.70430248e+03  1.00000000e+03 -2.66143912e+03 
 1.07977516e+03  1.52486136e+03  1.07977516e+03 -2.57124985e+03 
 1.16591440e+03  1.35813369e+03  1.16591440e+03 -2.47287564e+03 
 1.25892541e+03  1.20456542e+03  1.25892541e+03 -2.36830733e+03 
 1.35935639e+03  1.06425130e+03  1.35935639e+03 -2.25944714e+03 
 1.46779927e+03  9.36986624e+02  1.46779927e+03 -2.14805076e+03 
 1.58489319e+03  8.22325306e+02  1.58489319e+03 -2.03568813e+03 
 1.71132830e+03  7.19638499e+02  1.71132830e+03 -1.92372175e+03 
 1.84784980e+03  6.28169695e+02  1.84784980e+03 -1.81329972e+03 
 1.99526231e+03  5.47083496e+02  1.99526231e+03 -1.70536047e+03 
 2.15443469e+03  4.75506649e+02  2.15443469e+03 -1.60064572e+03 
 2.32630507e+03  4.12560925e+02  2.32630507e+03 -1.49971886e+03 
 2.51188643e+03  3.57388204e+02  2.51188643e+03 -1.40298614e+03 
 2.71227258e+03  3.09168551e+02  2.71227258e+03 -1.31071881e+03 
 2.92864456e+03  2.67132329e+02  2.92864456e+03 -1.22307467e+03 
 3.16227766e+03  2.30567453e+02  3.16227766e+03 -1.14011838e+03 
 3.41454887e+03  1.98822838e+02  3.41454887e+03 -1.06183965e+03 
 3.68694506e+03  1.71308979e+02  3.68694506e+03 -9.88169331e+02 
 3.98107171e+03  1.47496484e+02  3.98107171e+03 -9.18993235e+02 
 4.29866235e+03  1.26913200e+02  4.29866235e+03 -8.54163755e+02 
 4.64158883e+03  1.09140454e+02  4.64158883e+03 -7.93509537e+02 
 5.01187234e+03  9.38088153e+01  5.01187234e+03 -7.36843368e+02 
 5.41169527e+03  8.05936512e+01  5.41169527e+03 -6.83968512e+02 
 5.84341413e+03  6.92107029e+01  5.84341413e+03 -6.34683728e+02 
 6.30957344e+03  5.94118096e+01  6.30957344e+03 -5.88787182e+02 
 6.81292069e+03  5.09808789e+01  6.81292069e+03 -5.46079433e+02 
 7.35642254e+03  4.37301536e+01  7.35642254e+03 -5.06365668e+02 
 7.94328235e+03  3.74967994e+01  7.94328235e+03 -4.69457328e+02 
 8.57695899e+03  3.21398225e+01  8.57695899e+03 -4.35173242e+02 
 9.26118728e+03  2.75373054e+01  9.26118728e+03 -4.03340371e+02 
 1.00000000e+04  2.35839496e+01  1.00000000e+04 -3.73794255e+02 
 1.07977516e+04  2.01889001e+01  1.07977516e+04 -3.46379215e+02 
 1.16591440e+04  1.72738315e+01  1.16591440e+04 -3.20948384e+02 
 1.25892541e+04  1.47712695e+01  1.25892541e+04 -2.97363594e+02 
 1.35935639e+04  1.26231237e+01  1.35935639e+04 -2.75495169e+02 
 1.46779927e+04  1.07794094e+01  1.46779927e+04 -2.55221645e+02 
 1.58489319e+04  9.19713671e+00  1.58489319e+04 -2.36429442e+02 
 1.71132830e+04  7.83934571e+00  1.71132830e+04 -2.19012501e+02 
 1.84784980e+04  6.67427174e+00  1.84784980e+04 -2.02871907e+02 
 1.99526231e+04  5.67462293e+00  1.99526231e+04 -1.87915502e+02 
 2.15443469e+04  4.81695618e+00  2.15443469e+04 -1.74057498e+02 
 2.32630507e+04  4.08113869e+00  2.32630507e+04 -1.61218098e+02 
 2.51188643e+04  3.44988371e+00  2.51188643e+04 -1.49323120e+02 
 2.71227258e+04  2.90835048e+00  2.71227258e+04 -1.38303644e+02 
 2.92864456e+04  2.44379988e+00  2.92864456e+04 -1.28095666e+02 
 3.16227766e+04  2.04529805e+00  3.16227766e+04 -1.18639771e+02 
 3.41454887e+04  1.70346150e+00  3.41454887e+04 -1.09880823e+02 
 3.68694506e+04  1.41023795e+00  3.68694506e+04 -1.01767670e+02 
 3.98107171e+04  1.15871797e+00  3.98107171e+04 -9.42528716e+01 
 4.29866235e+04  9.42973168e-01  4.29866235e+04 -8.72924341e+01 
 4.64158883e+04  7.57917141e-01  4.64158883e+04 -8.08455712e+01 
 5.01187234e+04  5.99186110e-01  5.01187234e+04 -7.48744744e+01 
 5.41169527e+04  4.63036393e-01  5.41169527e+04 -6.93441007e+01 
 5.84341413e+04  3.46256403e-01  5.84341413e+04 -6.42219735e+01 
 6.30957344e+04  2.46091099e-01  6.30957344e+04 -5.94779983e+01 
 6.81292069e+04  1.60177143e-01  6.81292069e+04 -5.50842897e+01 
 7.35642254e+04  8.64872543e-02  7.35642254e+04 -5.10150113e+01 
 7.94328235e+04  2.32824571e-02  7.94328235e+04 -4.72462266e+01 
 8.57695899e+04 -3.09288978e-02  8.57695899e+04 -4.37557606e+01 
 9.26118728e+04 -7.74262895e-02  9.26118728e+04 -4.05230707e+01 
 1.00000000e+05 -1.17307191e-01  1.00000000e+05 -3.75291275e+01 
 1.07977516e+05 -1.51512950e-01  1.07977516e+05 -3.47563039e+01 
 1.16591440e+05 -1.80850989e-01  1.16591440e+05 -3.21882723e+01 
 1.25892541e+05 -2.06013850e-01  1.25892541e+05 -2.98099089e+01 
 1.35935639e+05 -2.27595535e-01  1.35935639e+05 -2.76072052e+01 
 1.46779927e+05 -2.46105520e-01  1.46779927e+05 -2.55671864e+01 
 1.58489319e+05 -2.61980777e-01  1.58489319e+05 -2.36778346e+01 
 1.71132830e+05 -2.75596086e-01  1.71132830e+05 -2.19280192e+01 
 1.84784980e+05 -2.87272877e-01  1.84784980e+05 -2.03074305e+01 
 1.99526231e+05 -2.97286823e-01  1.99526231e+05 -1.88065200e+01 
 2.15443469e+05 -3.05874338e-01  2.15443469e+05 -1.74164439e+01 
 2.32630507e+05 -3.13238165e-01  2.32630507e+05 -1.61290111e+01 
 2.51188643e+05 -3.19552157e-01  2.51188643e+05 -1.49366352e+01 
 2.71227258e+05 -3.24965382e-01  2.71227258e+05 -1.38322895e+01 
 2.92864456e+05 -3.29605642e-01  2.92864456e+05 -1.28094661e+01 
 3.16227766e+05 -3.33582491e-01  3.16227766e+05 -1.18621375e+01 
 3.41454887e+05 -3.36989819e-01  3.41454887e+05 -1.09847206e+01 
 3.68694506e+05 -3.39908070e-01  3.68694506e+05 -1.01720446e+01 
 3.98107171e+05 -3.42406141e-01  3.98107171e+05 -9.41932004e+00 
 4.29866235e+05 -3.44543007e-01  4.29866235e+05 -8.72211071e+00 
 4.64158883e+05 -3.46369115e-01  4.64158883e+05 -8.07630758e+00 
 5.01187234e+05 -3.47927571e-01  5.01187234e+05 -7.47810452e+00 
 5.41169527e+05 -3.49255161e-01  5.41169527e+05 -6.92397593e+00 
 5.84341413e+05 -3.50383217e-01  5.84341413e+05 -6.41065592e+00 
 6.30957344e+05 -3.51338354e-01  6.30957344e+05 -5.93511912e+00 
 6.81292069e+05 -3.52143100e-01  6.81292069e+05 -5.49456280e+00 
 7.35642254e+05 -3.52816422e-01  7.35642254e+05 -5.08639039e+00 
 7.94328235e+05 -3.53374174e-01  7.94328235e+05 -4.70819618e+00 
 8.57695899e+05 -3.53829466e-01  8.57695899e+05 -4.35775111e+00 
 9.26118728e+05 -3.54192966e-01  9.26118728e+05 -4.03298964e+00 
 1.00000000e+06 -3.54473150e-01  1.00000000e+06 -3.73199762e+00 
 1.07977516e+06 -3.54676488e-01  1.07977516e+06 -3.45300096e+00 
 1.16591440e+06 -3.54807588e-01  1.16591440e+06 -3.19435518e+00 
 1.25892541e+06 -3.54869283e-01  1.25892541e+06 -2.95453575e+00 
 1.35935639e+06 -3.54862683e-01  1.35935639e+06 -2.73212908e+00 
 1.46779927e+06 -3.54787166e-01  1.46779927e+06 -2.52582421e+00 
 1.58489319e+06 -3.54640332e-01  1.58489319e+06 -2.33440509e+00 
 1.71132830e+06 -3.54417898e-01  1.71132830e+06 -2.15674344e+00 
 1.84784980e+06 -3.54113531e-01  1.84784980e+06 -1.99179217e+00 
 1.99526231e+06 -3.53718634e-01  1.99526231e+06 -1.83857922e+00 
 2.15443469e+06 -3.53222042e-01  2.15443469e+06 -1.69620195e+00 
 2.32630507e+06 -3.52609648e-01  2.32630507e+06 -1.56382197e+00 
 2.51188643e+06 -3.51863944e-01  2.51188643e+06 -1.44066040e+00 
 2.71227258e+06 -3.50963463e-01  2.71227258e+06 -1.32599356e+00 
 2.92864456e+06 -3.49882116e-01  2.92864456e+06 -1.21914915e+00 
 3.16227766e+06 -3.48588447e-01  3.16227766e+06 -1.11950287e+00 
 3.41454887e+06 -3.47044785e-01  3.41454887e+06 -1.02647553e+00 
 3.68694506e+06 -3.45206358e-01  3.68694506e+06 -9.39530767e-01 
 3.98107171e+06 -3.43020395e-01  3.98107171e+06 -8.58173281e-01 
 4.29866235e+06 -3.40425324e-01  4.29866235e+06 -7.81947792e-01 
 4.64158883e+06 -3.37350173e-01  4.64158883e+06 -7.10438676e-01 
 5.01187234e+06 -3.33714381e-01  5.01187234e+06 -6.43270340e-01 
 5.41169527e+06 -3.29428217e-01  5.41169527e+06 -5.80108312e-01 
 5.84341413e+06 -3.24394096e-01  5.84341413e+06 -5.20660947e-01 
 6.30957344e+06 -3.18509091e-01  6.30957344e+06 -4.64681528e-01 
 6.81292069e+06 -3.11668888e-01  6.81292069e+06 -4.11970439e-01 
 7.35642254e+06 -3.03773409e-01  7.35642254e+06 -3.62376886e-01 
 7.94328235e+06 -2.94734114e-01  7.94328235e+06 -3.15799532e-01 
 8.57695899e+06 -2.84482778e-01  8.57695899e+06 -2.72185294e-01 
 9.26118728e+06 -2.72981225e-01  9.26118728e+06 -2.31525562e-01 
 1.00000000e+07 -2.60231132e-01  1.00000000e+07 -1.93849242e-01 
 1.07977516e+07 -2.46282708e-01  1.07977516e+07 -1.59212304e-01 
 1.16591440e+07 -2.31240864e-01  1.16591440e+07 -1.27684036e-01 
 1.25892541e+07 -2.15267459e-01  1.25892541e+07 -9.93307762e-02 
 1.35935639e+07 -1.98578539e-01  1.35935639e+07 -7.41984967e-02 
 1.46779927e+07 -1.81436009e-01  1.46779927e+07 -5.22961448e-02 
 1.58489319e+07 -1.64134026e-01  1.58489319e+07 -3.35818341e-02 
 1.71132830e+07 -1.46981249e-01  1.71132830e+07 -1.79538520e-02 
 1.84784980e+07 -1.30280919e-01  1.84784980e+07 -5.24787617e-03 
 1.99526231e+07 -1.14311181e-01  1.99526231e+07  4.75910493e-03 
 2.15443469e+07 -9.93081084e-02  2.15443469e+07  1.23387204e-02 
 2.32630507e+07 -8.54534493e-02  2.32630507e+07  1.77965068e-02 
 2.51188643e+07 -7.28682510e-02  2.51188643e+07  2.14547195e-02 
 2.71227258e+07 -6.16125552e-02  2.71227258e+07  2.36350158e-02 
 2.92864456e+07 -5.16904005e-02  2.92864456e+07  2.46430985e-02 
 3.16227766e+07 -4.30587182e-02  3.16227766e+07  2.47567962e-02 
 3.41454887e+07 -3.56384071e-02  3.41454887e+07  2.42182959e-02 
 3.68694506e+07 -2.93259374e-02  3.68694506e+07  2.32305111e-02 
 3.98107171e+07 -2.40041555e-02  3.98107171e+07  2.19570185e-02 
 4.29866235e+07 -1.95514141e-02  4.29866235e+07  2.05246789e-02 
 4.64158883e+07 -1.58486097e-02  4.64158883e+07  1.90279756e-02 
 5.01187234e+07 -1.27840858e-02  5.01187234e+07  1.75341856e-02 
 5.41169527e+07 -1.02566211e-02  5.41169527e+07  1.60886859e-02 
 5.84341413e+07 -8.17685871e-03  5.84341413e+07  1.47199153e-02 
 6.30957344e+07 -6.46757528e-03  6.30957344e+07  1.34437111e-02 
 6.81292069e+07 -5.06316235e-03  6.81292069e+07  1.22669065e-02 
 7.35642254e+07 -3.90863309e-03  7.35642254e+07  1.11901831e-02 
 7.94328235e+07 -2.95839410e-03  7.94328235e+07  1.02102477e-02 
 8.57695899e+07 -2.17495102e-03  8.57695899e+07  9.32143175e-03 
 9.26118728e+07 -1.52765785e-03  9.26118728e+07  8.51682504e-03 
 1.00000000e+08 -9.91572743e-04  1.00000000e+08  7.78904783e-03 
 1.07977516e+08 -5.46450545e-04  1.07977516e+08  7.13075239e-03 
 1.16591440e+08 -1.75879801e-04  1.16591440e+08  6.53492912e-03 
 1.25892541e+08  1.33441377e-04  1.25892541e+08  5.99507589e-03 
 1.35935639e+08  3.92303539e-04  1.35935639e+08  5.50527522e-03 
 1.46779927e+08  6.09474367e-04  1.46779927e+08  5.06021164e-03 
 1.58489319e+08  7.92094089e-04  1.58489319e+08  4.65515255e-03 
 1.71132830e+08  9.45993570e-04  1.71132830e+08  4.28590839e-03 
 1.84784980e+08  1.07594914e-03  1.84784980e+08  3.94878278e-03 
 1.99526231e+08  1.18588622e-03  1.99526231e+08  3.64051955e-03 
 2.15443469e+08  1.27904192e-03  2.15443469e+08  3.35825066e-03 
 2.32630507e+08  1.35809479e-03  2.32630507e+08  3.09944761e-03 
 2.51188643e+08  1.42526862e-03  2.51188643e+08  2.86187729e-03 
 2.71227258e+08  1.48241556e-03  2.71227258e+08  2.64356289e-03 
 2.92864456e+08  1.53108291e-03  2.92864456e+08  2.44274961e-03 
 3.16227766e+08  1.57256694e-03  3.16227766e+08  2.25787510e-03 
 3.41454887e+08  1.60795648e-03  3.41454887e+08  2.08754396e-03 
 3.68694506e+08  1.63816828e-03  3.68694506e+08  1.93050602e-03 
 3.98107171e+08  1.66397587e-03  3.98107171e+08  1.78563769e-03 
 4.29866235e+08  1.68603326e-03  4.29866235e+08  1.65192621e-03 
 4.64158883e+08  1.70489431e-03  4.64158883e+08  1.52845607e-03 
 5.01187234e+08  1.72102884e-03  5.01187234e+08  1.41439755e-03 
 5.41169527e+08  1.73483595e-03  5.41169527e+08  1.30899679e-03 
 5.84341413e+08  1.74665503e-03  5.84341413e+08  1.21156735e-03 
 6.30957344e+08  1.75677507e-03  6.30957344e+08  1.12148291e-03 
 6.81292069e+08  1.76544233e-03  6.81292069e+08  1.03817097e-03 
 7.35642254e+08  1.77286687e-03  7.35642254e+08  9.61107357e-04 
 7.94328235e+08  1.77922798e-03  7.94328235e+08  8.89811438e-04 
 8.57695899e+08  1.78467879e-03  8.57695899e+08  8.23841956e-04 
 9.26118728e+08  1.78935020e-03  9.26118728e+08  7.62793328e-04 
 1.00000000e+09  1.79335408e-03  1.00000000e+09  7.06292395e-04 
 1.07977516e+09  1.79678616e-03  1.07977516e+09  6.53995523e-04 
 1.16591440e+09  1.79972834e-03  1.16591440e+09  6.05586026e-04 
 1.25892541e+09  1.80225074e-03  1.25892541e+09  5.60771861e-04 
 1.35935639e+09  1.80441338e-03  1.35935639e+09  5.19283551e-04 
 1.46779927e+09  1.80626766e-03  1.46779927e+09  4.80872314e-04 
 1.58489319e+09  1.80785764e-03  1.58489319e+09  4.45308378e-04 
 1.71132830e+09  1.80922103e-03  1.71132830e+09  4.12379445e-04 
 1.84784980e+09  1.81039016e-03  1.84784980e+09  3.81889299e-04 
 1.99526231e+09  1.81139275e-03  1.99526231e+09  3.53656537e-04 
 2.15443469e+09  1.81225253e-03  2.15443469e+09  3.27513407e-04 
 2.32630507e+09  1.81298987e-03  2.32630507e+09  3.03304752e-04 
 2.51188643e+09  1.81362222e-03  2.51188643e+09  2.80887038e-04 
 2.71227258e+09  1.81416452e-03  2.71227258e+09  2.60127458e-04 
 2.92864456e+09  1.81462962e-03  2.92864456e+09  2.40903121e-04 
 3.16227766e+09  1.81502850e-03  3.16227766e+09  2.23100293e-04 
 3.41454887e+09  1.81537060e-03  3.41454887e+09  2.06613706e-04 
 3.68694506e+09  1.81566400e-03  3.68694506e+09  1.91345921e-04 
 3.98107171e+09  1.81591564e-03  3.98107171e+09  1.77206735e-04 
 4.29866235e+09  1.81613147e-03  4.29866235e+09  1.64112645e-04 
 4.64158883e+09  1.81631657e-03  4.64158883e+09  1.51986339e-04 
 5.01187234e+09  1.81647533e-03  5.01187234e+09  1.40756240e-04 
 5.41169527e+09  1.81661149e-03  5.41169527e+09  1.30356072e-04 
 5.84341413e+09  1.81672827e-03  5.84341413e+09  1.20724470e-04 
 6.30957344e+09  1.81682844e-03  6.30957344e+09  1.11804614e-04 
 6.81292069e+09  1.81691435e-03  6.81292069e+09  1.03543886e-04 
 7.35642254e+09  1.81698803e-03  7.35642254e+09  9.58935670e-05 
 7.94328235e+09  1.81705122e-03  7.94328235e+09  8.88085380e-05 
 8.57695899e+09  1.81710543e-03  8.57695899e+09  8.22470196e-05 
 9.26118728e+09  1.81715192e-03  9.26118728e+09  7.61703220e-05 
 1.00000000e+10  1.81719179e-03  1.00000000e+10  7.05426163e-05 
