 1.00000000e+00  5.85953064e+03  1.00000000e+00 -4.65956695e+00 
 1.07977516e+00  5.85953003e+03  1.07977516e+00 -5.03128413e+00 
 1.16591440e+00  5.85952931e+03  1.16591440e+00 -5.43265498e+00 
 1.25892541e+00  5.85952848e+03  1.25892541e+00 -5.86604507e+00 
 1.35935639e+00  5.85952750e+03  1.35935639e+00 -6.33400872e+00 
 1.46779927e+00  5.85952637e+03  1.46779927e+00 -6.83930397e+00 
 1.58489319e+00  5.85952504e+03  1.58489319e+00 -7.38490888e+00 
 1.71132830e+00  5.85952350e+03  1.71132830e+00 -7.97403909e+00 
 1.84784980e+00  5.85952170e+03  1.84784980e+00 -8.61016670e+00 
 1.99526231e+00  5.85951960e+03  1.99526231e+00 -9.29704082e+00 
 2.15443469e+00  5.85951715e+03  2.15443469e+00 -1.00387096e+01 
 2.32630507e+00  5.85951430e+03  2.32630507e+00 -1.08395440e+01 
 2.51188643e+00  5.85951098e+03  2.51188643e+00 -1.17042637e+01 
 2.71227258e+00  5.85950710e+03  2.71227258e+00 -1.26379649e+01 
 2.92864456e+00  5.85950258e+03  2.92864456e+00 -1.36461501e+01 
 3.16227766e+00  5.85949730e+03  3.16227766e+00 -1.47347607e+01 
 3.41454887e+00  5.85949116e+03  3.41454887e+00 -1.59102119e+01 
 3.68694506e+00  5.85948399e+03  3.68694506e+00 -1.71794306e+01 
 3.98107171e+00  5.85947564e+03  3.98107171e+00 -1.85498961e+01 
 4.29866235e+00  5.85946590e+03  4.29866235e+00 -2.00296837e+01 
 4.64158883e+00  5.85945454e+03  4.64158883e+00 -2.16275131e+01 
 5.01187234e+00  5.85944130e+03  5.01187234e+00 -2.33527987e+01 
 5.41169527e+00  5.85942586e+03  5.41169527e+00 -2.52157056e+01 
 5.84341413e+00  5.85940786e+03  5.84341413e+00 -2.72272090e+01 
 6.30957344e+00  5.85938688e+03  6.30957344e+00 -2.93991587e+01 
 6.81292069e+00  5.85936241e+03  6.81292069e+00 -3.17443489e+01 
 7.35642254e+00  5.85933388e+03  7.35642254e+00 -3.42765926e+01 
 7.94328235e+00  5.85930063e+03  7.94328235e+00 -3.70108033e+01 
 8.57695899e+00  5.85926185e+03  8.57695899e+00 -3.99630818e+01 
 9.26118728e+00  5.85921664e+03  9.26118728e+00 -4.31508102e+01 
 1.00000000e+01  5.85916393e+03  1.00000000e+01 -4.65927541e+01 
 1.07977516e+01  5.85910248e+03  1.07977516e+01 -5.03091711e+01 
 1.16591440e+01  5.85903083e+03  1.16591440e+01 -5.43219293e+01 
 1.25892541e+01  5.85894730e+03  1.25892541e+01 -5.86546339e+01 
 1.35935639e+01  5.85884991e+03  1.35935639e+01 -6.33327644e+01 
 1.46779927e+01  5.85873637e+03  1.46779927e+01 -6.83838210e+01 
 1.58489319e+01  5.85860399e+03  1.58489319e+01 -7.38374835e+01 
 1.71132830e+01  5.85844966e+03  1.71132830e+01 -7.97257810e+01 
 1.84784980e+01  5.85826973e+03  1.84784980e+01 -8.60832749e+01 
 1.99526231e+01  5.85805997e+03  1.99526231e+01 -9.29472548e+01 
 2.15443469e+01  5.85781542e+03  2.15443469e+01 -1.00357948e+02 
 2.32630507e+01  5.85753032e+03  2.32630507e+01 -1.08358747e+02 
 2.51188643e+01  5.85719796e+03  2.51188643e+01 -1.16996447e+02 
 2.71227258e+01  5.85681050e+03  2.71227258e+01 -1.26321503e+02 
 2.92864456e+01  5.85635882e+03  2.92864456e+01 -1.36388305e+02 
 3.16227766e+01  5.85583228e+03  3.16227766e+01 -1.47255466e+02 
 3.41454887e+01  5.85521851e+03  3.41454887e+01 -1.58986134e+02 
 3.68694506e+01  5.85450307e+03  3.68694506e+01 -1.71648307e+02 
 3.98107171e+01  5.85366914e+03  3.98107171e+01 -1.85315185e+02 
 4.29866235e+01  5.85269715e+03  4.29866235e+01 -2.00065517e+02 
 4.64158883e+01  5.85156430e+03  4.64158883e+01 -2.15983973e+02 
 5.01187234e+01  5.85024405e+03  5.01187234e+01 -2.33161524e+02 
 5.41169527e+01  5.84870551e+03  5.41169527e+01 -2.51695829e+02 
 5.84341413e+01  5.84691272e+03  5.84341413e+01 -2.71691619e+02 
 6.30957344e+01  5.84482386e+03  6.30957344e+01 -2.93261081e+02 
 6.81292069e+01  5.84239032e+03  6.81292069e+01 -3.16524223e+02 
 7.35642254e+01  5.83955557e+03  7.35642254e+01 -3.41609206e+02 
 7.94328235e+01  5.83625397e+03  7.94328235e+01 -3.68652640e+02 
 8.57695899e+01  5.83240930e+03  8.57695899e+01 -3.97799805e+02 
 9.26118728e+01  5.82793313e+03  9.26118728e+01 -4.29204780e+02 
 1.00000000e+02  5.82272296e+03  1.00000000e+02 -4.63030448e+02 
 1.07977516e+02  5.81666010e+03  1.07977516e+02 -4.99448321e+02 
 1.16591440e+02  5.80960724e+03  1.16591440e+02 -5.38638153e+02 
 1.25892541e+02  5.80140577e+03  1.25892541e+02 -5.80787248e+02 
 1.35935639e+02  5.79187274e+03  1.35935639e+02 -6.26089409e+02 
 1.46779927e+02  5.78079752e+03  1.46779927e+02 -6.74743409e+02 
 1.58489319e+02  5.76793810e+03  1.58489319e+02 -7.26950879e+02 
 1.71132830e+02  5.75301716e+03  1.71132830e+02 -7.82913475e+02 
 1.84784980e+02  5.73571777e+03  1.84784980e+02 -8.42829141e+02 
 1.99526231e+02  5.71567903e+03  1.99526231e+02 -9.06887321e+02 
 2.15443469e+02  5.69249160e+03  2.15443469e+02 -9.75262869e+02 
 2.32630507e+02  5.66569341e+03  2.32630507e+02 -1.04810847e+03 
 2.51188643e+02  5.63476577e+03  2.51188643e+02 -1.12554532e+03 
 2.71227258e+02  5.59913032e+03  2.71227258e+02 -1.20765187e+03 
 2.92864456e+02  5.55814723e+03  2.92864456e+02 -1.29445039e+03 
 3.16227766e+02  5.51111537e+03  3.16227766e+02 -1.38589137e+03 
 3.41454887e+02  5.45727516e+03  3.41454887e+02 -1.48183562e+03 
 3.68694506e+02  5.39581503e+03  3.68694506e+02 -1.58203436e+03 
 3.98107171e+02  5.32588258e+03  3.98107171e+02 -1.68610784e+03 
 4.29866235e+02  5.24660144e+03  4.29866235e+02 -1.79352320e+03 
 4.64158883e+02  5.15709504e+03  4.64158883e+02 -1.90357297e+03 
 5.01187234e+02  5.05651801e+03  5.01187234e+02 -2.01535600e+03 
 5.41169527e+02  4.94409567e+03  5.41169527e+02 -2.12776331e+03 
 5.84341413e+02  4.81917152e+03  5.84341413e+02 -2.23947155e+03 
 6.30957344e+02  4.68126131e+03  6.30957344e+02 -2.34894760e+03 
 6.81292069e+02  4.53011132e+03  6.81292069e+02 -2.45446730e+03 
 7.35642254e+02  4.36575689e+03  7.35642254e+02 -2.55415130e+03 
 7.94328235e+02  4.18857587e+03  7.94328235e+02 -2.64601952e+03 
 8.57695899e+02  3.99933054e+03  8.57695899e+02 -2.72806416e+03 
 9.26118728e+02  3.79919123e+03  9.26118728e+02 -2.79833862e+03 
 1.00000000e+03  3.58973533e+03  1.00000000e+03 -2.85505700e+03 
 1.07977516e+03  3.37291735e+03  1.07977516e+03 -2.89669614e+03 
 1.16591440e+03  3.15100874e+03  1.16591440e+03 -2.92209044e+03 
 1.25892541e+03  2.92650981e+03  1.25892541e+03 -2.93050906e+03 
 1.35935639e+03  2.70204037e+03  1.35935639e+03 -2.92170635e+03 
 1.46779927e+03  2.48021891e+03  1.46779927e+03 -2.89593914e+03 
 1.58489319e+03  2.26354173e+03  1.58489319e+03 -2.85394862e+03 
 1.71132830e+03  2.05427406e+03  1.71132830e+03 -2.79690934e+03 
 1.84784980e+03  1.85436253e+03  1.84784980e+03 -2.72635140e+03 
 1.99526231e+03  1.66537565e+03  1.99526231e+03 -2.64406543e+03 
 2.15443469e+03  1.48847452e+03  2.15443469e+03 -2.55200045e+03 
 2.32630507e+03  1.32441252e+03  2.32630507e+03 -2.45216455e+03 
 2.51188643e+03  1.17355930e+03  2.51188643e+03 -2.34653631e+03 
 2.71227258e+03  1.03594314e+03  2.71227258e+03 -2.23699212e+03 
 2.92864456e+03  9.11304504e+02  2.92864456e+03 -2.12525219e+03 
 3.16227766e+03  7.99154675e+02  3.16227766e+03 -2.01284511e+03 
 3.41454887e+03  6.98833935e+02  3.41454887e+03 -1.90108943e+03 
 3.68694506e+03  6.09565548e+02  3.68694506e+03 -1.79108939e+03 
 3.98107171e+03  5.30503030e+02  3.98107171e+03 -1.68374162e+03 
 4.29866235e+03  4.60769498e+02  4.29866235e+03 -1.57974946e+03 
 4.64158883e+03  3.99488902e+02  4.64158883e+03 -1.47964212e+03 
 5.01187234e+03  3.45809584e+02  5.01187234e+03 -1.38379619e+03 
 5.41169527e+03  2.98921039e+02  5.41169527e+03 -1.29245773e+03 
 5.84341413e+03  2.58064933e+02  5.84341413e+03 -1.20576375e+03 
 6.30957344e+03  2.22541486e+02  6.30957344e+03 -1.12376196e+03 
 6.81292069e+03  1.91712256e+02  6.81292069e+03 -1.04642866e+03 
 7.35642254e+03  1.65000237e+02  7.35642254e+03 -9.73684321e+02 
 7.94328235e+03  1.41888046e+02  7.94328235e+03 -9.05406914e+02 
 8.57695899e+03  1.21914830e+02  8.57695899e+03 -8.41443166e+02 
 9.26118728e+03  1.04672380e+02  9.26118728e+03 -7.81617819e+02 
 1.00000000e+04  8.98008281e+01  1.00000000e+04 -7.25741178e+02 
 1.07977516e+04  7.69841899e+01  1.07977516e+04 -6.73615165e+02 
 1.16591440e+04  6.59459626e+01  1.16591440e+04 -6.25038088e+02 
 1.25892541e+04  5.64448927e+01  1.25892541e+04 -5.79808351e+02 
 1.35935639e+04  4.82710034e+01  1.35935639e+04 -5.37727268e+02 
 1.46779927e+04  4.12419256e+01  1.46779927e+04 -4.98601167e+02 
 1.58489319e+04  3.51995540e+01  1.58489319e+04 -4.62242900e+02 
 1.71132830e+04  3.00070297e+01  1.71132830e+04 -4.28472891e+02 
 1.84784980e+04  2.55460419e+01  1.84784980e+04 -3.97119814e+02 
 1.99526231e+04  2.17144286e+01  1.99526231e+04 -3.68020981e+02 
 2.15443469e+04  1.84240583e+01  2.15443469e+04 -3.41022508e+02 
 2.32630507e+04  1.55989656e+01  2.32630507e+04 -3.15979308e+02 
 2.51188643e+04  1.31737180e+01  2.51188643e+04 -2.92754962e+02 
 2.71227258e+04  1.10919898e+01  2.71227258e+04 -2.71221489e+02 
 2.92864456e+04  9.30531976e+00  2.92864456e+04 -2.51259058e+02 
 3.16227766e+04  7.77203165e+00  3.16227766e+04 -2.32755651e+02 
 3.41454887e+04  6.45629783e+00  3.41454887e+04 -2.15606695e+02 
 3.68694506e+04  5.32732869e+00  3.68694506e+04 -1.99714682e+02 
 3.98107171e+04  4.35867158e+00  3.98107171e+04 -1.84988782e+02 
 4.29866235e+04  3.52760540e+00  4.29866235e+04 -1.71344457e+02 
 4.64158883e+04  2.81461824e+00  4.64158883e+04 -1.58703081e+02 
 5.01187234e+04  2.20295710e+00  5.01187234e+04 -1.46991572e+02 
 5.41169527e+04  1.67823996e+00  5.41169527e+04 -1.36142035e+02 
 5.84341413e+04  1.22812188e+00  5.84341413e+04 -1.26091424e+02 
 6.30957344e+04  8.42007636e-01  6.30957344e+04 -1.16781218e+02 
 6.81292069e+04  5.10804678e-01  6.81292069e+04 -1.08157112e+02 
 7.35642254e+04  2.26710644e-01  7.35642254e+04 -1.00168726e+02 
 7.94328235e+04 -1.69691767e-02  7.94328235e+04 -9.27693374e+01 
 8.57695899e+04 -2.25978694e-01  8.57695899e+04 -8.59156200e+01 
 9.26118728e+04 -4.05245738e-01  9.26118728e+04 -7.95674051e+01 
 1.00000000e+05 -5.58997745e-01  1.00000000e+05 -7.36874569e+01 
 1.07977516e+05 -6.90861088e-01  1.07977516e+05 -6.82412626e+01 
 1.16591440e+05 -8.03946333e-01  1.16591440e+05 -6.31968365e+01 
 1.25892541e+05 -9.00921424e-01  1.25892541e+05 -5.85245376e+01 
 1.35935639e+05 -9.84074479e-01  1.35935639e+05 -5.41968996e+01 
 1.46779927e+05 -1.05536767e+00  1.46779927e+05 -5.01884730e+01 
 1.58489319e+05 -1.11648344e+00  1.58489319e+05 -4.64756779e+01 
 1.71132830e+05 -1.16886417e+00  1.71132830e+05 -4.30366676e+01 
 1.84784980e+05 -1.21374617e+00  1.84784980e+05 -3.98512018e+01 
 1.99526231e+05 -1.25218879e+00  1.99526231e+05 -3.69005286e+01 
 2.15443469e+05 -1.28509946e+00  2.15443469e+05 -3.41672755e+01 
 2.32630507e+05 -1.31325509e+00  2.32630507e+05 -3.16353479e+01 
 2.51188643e+05 -1.33732033e+00  2.51188643e+05 -2.92898348e+01 
 2.71227258e+05 -1.35786336e+00  2.71227258e+05 -2.71169219e+01 
 2.92864456e+05 -1.37536919e+00  2.92864456e+05 -2.51038105e+01 
 3.16227766e+05 -1.39025121e+00  3.16227766e+05 -2.32386424e+01 
 3.41454887e+05 -1.40286089e+00  3.41454887e+05 -2.15104307e+01 
 3.68694506e+05 -1.41349613e+00  3.68694506e+05 -1.99089952e+01 
 3.98107171e+05 -1.42240827e+00  3.98107171e+05 -1.84249025e+01 
 4.29866235e+05 -1.42980809e+00  4.29866235e+05 -1.70494111e+01 
 4.64158883e+05 -1.43587078e+00  4.64158883e+05 -1.57744197e+01 
 5.01187234e+05 -1.44074015e+00  5.01187234e+05 -1.45924202e+01 
 5.41169527e+05 -1.44453209e+00  5.41169527e+05 -1.34964534e+01 
 5.84341413e+05 -1.44733734e+00  5.84341413e+05 -1.24800686e+01 
 6.30957344e+05 -1.44922382e+00  6.30957344e+05 -1.15372861e+01 
 6.81292069e+05 -1.45023834e+00  6.81292069e+05 -1.06625622e+01 
 7.35642254e+05 -1.45040791e+00  7.35642254e+05 -9.85075729e+00 
 7.94328235e+05 -1.44974068e+00  7.94328235e+05 -9.09710645e+00 
 8.57695899e+05 -1.44822650e+00  8.57695899e+05 -8.39719223e+00 
 9.26118728e+05 -1.44583714e+00  9.26118728e+05 -7.74691979e+00 
 1.00000000e+06 -1.44252635e+00  1.00000000e+06 -7.14249412e+00 
 1.07977516e+06 -1.43822959e+00  1.07977516e+06 -6.58039947e+00 
 1.16591440e+06 -1.43286369e+00  1.16591440e+06 -6.05738056e+00 
 1.25892541e+06 -1.42632646e+00  1.25892541e+06 -5.57042592e+00 
 1.35935639e+06 -1.41849623e+00  1.35935639e+06 -5.11675301e+00 
 1.46779927e+06 -1.40923163e+00  1.46779927e+06 -4.69379517e+00 
 1.58489319e+06 -1.39837166e+00  1.58489319e+06 -4.29919045e+00 
 1.71132830e+06 -1.38573621e+00  1.71132830e+06 -3.93077208e+00 
 1.84784980e+06 -1.37112736e+00  1.84784980e+06 -3.58656064e+00 
 1.99526231e+06 -1.35433168e+00  1.99526231e+06 -3.26475772e+00 
 2.15443469e+06 -1.33512375e+00  2.15443469e+06 -2.96374086e+00 
 2.32630507e+06 -1.31327141e+00  2.32630507e+06 -2.68205945e+00 
 2.51188643e+06 -1.28854281e+00  2.51188643e+06 -2.41843117e+00 
 2.71227258e+06 -1.26071568e+00  2.71227258e+06 -2.17173838e+00 
 2.92864456e+06 -1.22958887e+00  2.92864456e+06 -1.94102370e+00 
 3.16227766e+06 -1.19499595e+00  3.16227766e+06 -1.72548394e+00 
 3.41454887e+06 -1.15682078e+00  3.41454887e+06 -1.52446133e+00 
 3.68694506e+06 -1.11501404e+00  3.68694506e+06 -1.33743126e+00 
 3.98107171e+06 -1.06960968e+00  3.98107171e+06 -1.16398558e+00 
 4.29866235e+06 -1.02073985e+00  4.29866235e+06 -1.00381102e+00 
 4.64158883e+06 -9.68646306e-01  4.64158883e+06 -8.56662862e-01 
 5.01187234e+06 -9.13686519e-01  5.01187234e+06 -7.22334575e-01 
 5.41169527e+06 -8.56332678e-01  5.41169527e+06 -6.00624955e-01 
 5.84341413e+06 -7.97162411e-01  5.84341413e+06 -4.91305045e-01 
 6.30957344e+06 -7.36840933e-01  6.30957344e+06 -3.94087610e-01 
 6.81292069e+06 -6.76095371e-01  6.81292069e+06 -3.08602050e-01 
 7.35642254e+06 -6.15683159e-01  7.35642254e+06 -2.34377290e-01 
 7.94328235e+06 -5.56357274e-01  7.94328235e+06 -1.70834340e-01 
 8.57695899e+06 -4.98831613e-01  8.57695899e+06 -1.17289108e-01 
 9.26118728e+06 -4.43749725e-01  9.26118728e+06 -7.29647295e-02 
 1.00000000e+07 -3.91659603e-01  1.00000000e+07 -3.70116312e-02 
 1.07977516e+07 -3.42996292e-01  1.07977516e+07 -8.53274264e-03 
 1.16591440e+07 -2.98072992e-01  1.16591440e+07  1.33889818e-02 
 1.25892541e+07 -2.57080298e-01  1.25892541e+07  2.96634182e-02 
 1.35935639e+07 -2.20092460e-01  1.35935639e+07  4.11686844e-02 
 1.46779927e+07 -1.87079040e-01  1.46779927e+07  4.87306034e-02 
 1.58489319e+07 -1.57920226e-01  1.58489319e+07  5.31070204e-02 
 1.71132830e+07 -1.32424111e-01  1.71132830e+07  5.49771684e-02 
 1.84784980e+07 -1.10344525e-01  1.84784980e+07  5.49358375e-02 
 1.99526231e+07 -9.13982922e-02  1.99526231e+07  5.34918140e-02 
 2.15443469e+07 -7.52810602e-02  2.15443469e+07  5.10699027e-02 
 2.32630507e+07 -6.16811694e-02  2.32630507e+07  4.80157852e-02 
 2.51188643e+07 -5.02912013e-02  2.51188643e+07  4.46029612e-02 
 2.71227258e+07 -4.08170693e-02  2.71227258e+07  4.10410508e-02 
 2.92864456e+07 -3.29846670e-02  2.92864456e+07  3.74847937e-02 
 3.16227766e+07 -2.65442272e-02  3.16227766e+07  3.40431634e-02 
 3.41454887e+07 -2.12726553e-02  3.41454887e+07  3.07881148e-02 
 3.68694506e+07 -1.69741735e-02  3.68694506e+07  2.77626081e-02 
 3.98107171e+07 -1.34796492e-02  3.98107171e+07  2.49876724e-02 
 4.29866235e+07 -1.06449790e-02  4.29866235e+07  2.24683935e-02 
 4.64158883e+07 -8.34886924e-03  4.64158883e+07  2.01988094e-02 
 5.01187234e+07 -6.49030133e-03  5.01187234e+07  1.81657768e-02 
 5.41169527e+07 -4.98590698e-03  5.41169527e+07  1.63519175e-02 
 5.84341413e+07 -3.76741687e-03  5.84341413e+07  1.47377844e-02 
 6.30957344e+07 -2.77928892e-03  6.30957344e+07  1.33033882e-02 
 6.81292069e+07 -1.97657658e-03  6.81292069e+07  1.20292230e-02 
 7.35642254e+07 -1.32306230e-03  7.35642254e+07  1.08969092e-02 
 7.94328235e+07 -7.89656924e-04  7.94328235e+07  9.88955579e-03 
 8.57695899e+07 -3.53050302e-04  8.57695899e+07  8.99192350e-03 
 9.26118728e+07  5.41072400e-06  9.26118728e+07  8.19045270e-03 
 1.00000000e+08  3.00644472e-04  1.00000000e+08  7.47320358e-03 
 1.07977516e+08  5.44585115e-04  1.07977516e+08  6.82974415e-03 
 1.16591440e+08  7.46788923e-04  1.16591440e+08  6.25101098e-03 
 1.25892541e+08  9.14920654e-04  1.25892541e+08  5.72915977e-03 
 1.35935639e+08  1.05514170e-03  1.35935639e+08  5.25741705e-03 
 1.46779927e+08  1.17241858e-03  1.46779927e+08  4.82993986e-03 
 1.58489319e+08  1.27076729e-03  1.58489319e+08  4.44168729e-03 
 1.71132830e+08  1.35344661e-03  1.71132830e+08  4.08830566e-03 
 1.84784980e+08  1.42311061e-03  1.84784980e+08  3.76602767e-03 
 1.99526231e+08  1.48192922e-03  1.99526231e+08  3.47158497e-03 
 2.15443469e+08  1.53168339e-03  2.15443469e+08  3.20213325e-03 
 2.32630507e+08  1.57384044e-03  2.32630507e+08  2.95518846e-03 
 2.51188643e+08  1.60961377e-03  2.51188643e+08  2.72857293e-03 
 2.71227258e+08  1.64001041e-03  2.71227258e+08  2.52036989e-03 
 2.92864456e+08  1.66586892e-03  2.92864456e+08  2.32888543e-03 
 3.16227766e+08  1.68788975e-03  3.16227766e+08  2.15261650e-03 
 3.41454887e+08  1.70665966e-03  3.41454887e+08  1.99022415e-03 
 3.68694506e+08  1.72267151e-03  3.68694506e+08  1.84051109e-03 
 3.98107171e+08  1.73634026e-03  3.98107171e+08  1.70240286e-03 
 4.29866235e+08  1.74801603e-03  4.29866235e+08  1.57493198e-03 
 4.64158883e+08  1.75799484e-03  4.64158883e+08  1.45722457e-03 
 5.01187234e+08  1.76652737e-03  5.01187234e+08  1.34848905e-03 
 5.41169527e+08  1.77382626e-03  5.41169527e+08  1.24800652e-03 
 5.84341413e+08  1.78007211e-03  5.84341413e+08  1.15512252e-03 
 6.30957344e+08  1.78541853e-03  6.30957344e+08  1.06924002e-03 
 6.81292069e+08  1.78999628e-03  6.81292069e+08  9.89813337e-04 
 7.35642254e+08  1.79391680e-03  7.35642254e+08  9.16342885e-04 
 7.94328235e+08  1.79727513e-03  7.94328235e+08  8.48370594e-04 
 8.57695899e+08  1.80015241e-03  8.57695899e+08  7.85475910e-04 
 9.26118728e+08  1.80261790e-03  9.26118728e+08  7.27272281e-04 
 1.00000000e+09  1.80473083e-03  1.00000000e+09  6.73404044e-04 
 1.07977516e+09  1.80654182e-03  1.07977516e+09  6.23543671e-04 
 1.16591440e+09  1.80809416e-03  1.16591440e+09  5.77389312e-04 
 1.25892541e+09  1.80942490e-03  1.25892541e+09  5.34662592e-04 
 1.35935639e+09  1.81056578e-03  1.35935639e+09  4.95106642e-04 
 1.46779927e+09  1.81154392e-03  1.46779927e+09  4.58484312e-04 
 1.58489319e+09  1.81238260e-03  1.58489319e+09  4.24576569e-04 
 1.71132830e+09  1.81310173e-03  1.71132830e+09  3.93181030e-04 
 1.84784980e+09  1.81371838e-03  1.84784980e+09  3.64110641e-04 
 1.99526231e+09  1.81424716e-03  1.99526231e+09  3.37192465e-04 
 2.15443469e+09  1.81470062e-03  2.15443469e+09  3.12266577e-04 
 2.32630507e+09  1.81508948e-03  2.32630507e+09  2.89185058e-04 
 2.51188643e+09  1.81542297e-03  2.51188643e+09  2.67811066e-04 
 2.71227258e+09  1.81570897e-03  2.71227258e+09  2.48017986e-04 
 2.92864456e+09  1.81595424e-03  2.92864456e+09  2.29688654e-04 
 3.16227766e+09  1.81616460e-03  3.16227766e+09  2.12714637e-04 
 3.41454887e+09  1.81634501e-03  3.41454887e+09  1.96995571e-04 
 3.68694506e+09  1.81649973e-03  3.68694506e+09  1.82438557e-04 
 3.98107171e+09  1.81663243e-03  3.98107171e+09  1.68957596e-04 
 4.29866235e+09  1.81674624e-03  4.29866235e+09  1.56473070e-04 
 4.64158883e+09  1.81684385e-03  4.64158883e+09  1.44911272e-04 
 5.01187234e+09  1.81692757e-03  5.01187234e+09  1.34203956e-04 
 5.41169527e+09  1.81699938e-03  5.41169527e+09  1.24287933e-04 
 5.84341413e+09  1.81706096e-03  5.84341413e+09  1.15104697e-04 
 6.30957344e+09  1.81711378e-03  6.30957344e+09  1.06600070e-04 
 6.81292069e+09  1.81715908e-03  6.81292069e+09  9.87238888e-05 
 7.35642254e+09  1.81719793e-03  7.35642254e+09  9.14296985e-05 
 7.94328235e+09  1.81723126e-03  7.94328235e+09  8.46744829e-05 
 8.57695899e+09  1.81725984e-03  8.57695899e+09  7.84184075e-05 
 9.26118728e+09  1.81728436e-03  9.26118728e+09  7.26245835e-05 
 1.00000000e+10  1.81730538e-03  1.00000000e+10  6.72588500e-05 
