 1.00000000e+00  4.43163136e+02  1.00000000e+00 -5.85004101e-02 
 1.07977516e+00  4.43163134e+02  1.07977516e+00 -6.31672896e-02 
 1.16591440e+00  4.43163133e+02  1.16591440e+00 -6.82064702e-02 
 1.25892541e+00  4.43163131e+02  1.25892541e+00 -7.36476521e-02 
 1.35935639e+00  4.43163129e+02  1.35935639e+00 -7.95229052e-02 
 1.46779927e+00  4.43163127e+02  1.46779927e+00 -8.58668574e-02 
 1.58489319e+00  4.43163124e+02  1.58489319e+00 -9.27168993e-02 
 1.71132830e+00  4.43163121e+02  1.71132830e+00 -1.00113404e-01 
 1.84784980e+00  4.43163117e+02  1.84784980e+00 -1.08099966e-01 
 1.99526231e+00  4.43163113e+02  1.99526231e+00 -1.16723658e-01 
 2.15443469e+00  4.43163107e+02  2.15443469e+00 -1.26035305e-01 
 2.32630507e+00  4.43163102e+02  2.32630507e+00 -1.36089790e-01 
 2.51188643e+00  4.43163095e+02  2.51188643e+00 -1.46946373e-01 
 2.71227258e+00  4.43163087e+02  2.71227258e+00 -1.58669041e-01 
 2.92864456e+00  4.43163077e+02  2.92864456e+00 -1.71326886e-01 
 3.16227766e+00  4.43163066e+02  3.16227766e+00 -1.84994511e-01 
 3.41454887e+00  4.43163053e+02  3.41454887e+00 -1.99752472e-01 
 3.68694506e+00  4.43163038e+02  3.68694506e+00 -2.15687751e-01 
 3.98107171e+00  4.43163021e+02  3.98107171e+00 -2.32894267e-01 
 4.29866235e+00  4.43163001e+02  4.29866235e+00 -2.51473434e-01 
 4.64158883e+00  4.43162977e+02  4.64158883e+00 -2.71534753e-01 
 5.01187234e+00  4.43162950e+02  5.01187234e+00 -2.93196464e-01 
 5.41169527e+00  4.43162917e+02  5.41169527e+00 -3.16586237e-01 
 5.84341413e+00  4.43162880e+02  5.84341413e+00 -3.41841926e-01 
 6.30957344e+00  4.43162836e+02  6.30957344e+00 -3.69112385e-01 
 6.81292069e+00  4.43162785e+02  6.81292069e+00 -3.98558340e-01 
 7.35642254e+00  4.43162726e+02  7.35642254e+00 -4.30353339e-01 
 7.94328235e+00  4.43162657e+02  7.94328235e+00 -4.64684774e-01 
 8.57695899e+00  4.43162576e+02  8.57695899e+00 -5.01754986e-01 
 9.26118728e+00  4.43162482e+02  9.26118728e+00 -5.41782456e-01 
 1.00000000e+01  4.43162372e+02  1.00000000e+01 -5.85003095e-01 
 1.07977516e+01  4.43162244e+02  1.07977516e+01 -6.31671630e-01 
 1.16591440e+01  4.43162095e+02  1.16591440e+01 -6.82063108e-01 
 1.25892541e+01  4.43161921e+02  1.25892541e+01 -7.36474514e-01 
 1.35935639e+01  4.43161719e+02  1.35935639e+01 -7.95226525e-01 
 1.46779927e+01  4.43161482e+02  1.46779927e+01 -8.58665393e-01 
 1.58489319e+01  4.43161207e+02  1.58489319e+01 -9.27164988e-01 
 1.71132830e+01  4.43160885e+02  1.71132830e+01 -1.00112900e+00 
 1.84784980e+01  4.43160511e+02  1.84784980e+01 -1.08099332e+00 
 1.99526231e+01  4.43160074e+02  1.99526231e+01 -1.16722859e+00 
 2.15443469e+01  4.43159565e+02  2.15443469e+01 -1.26034299e+00 
 2.32630507e+01  4.43158971e+02  2.32630507e+01 -1.36088524e+00 
 2.51188643e+01  4.43158279e+02  2.51188643e+01 -1.46944779e+00 
 2.71227258e+01  4.43157472e+02  2.71227258e+01 -1.58667034e+00 
 2.92864456e+01  4.43156531e+02  2.92864456e+01 -1.71324359e+00 
 3.16227766e+01  4.43155434e+02  3.16227766e+01 -1.84991330e+00 
 3.41454887e+01  4.43154155e+02  3.41454887e+01 -1.99748468e+00 
 3.68694506e+01  4.43152663e+02  3.68694506e+01 -2.15682710e+00 
 3.98107171e+01  4.43150925e+02  3.98107171e+01 -2.32887921e+00 
 4.29866235e+01  4.43148897e+02  4.29866235e+01 -2.51465444e+00 
 4.64158883e+01  4.43146534e+02  4.64158883e+01 -2.71524695e+00 
 5.01187234e+01  4.43143778e+02  5.01187234e+01 -2.93183801e+00 
 5.41169527e+01  4.43140565e+02  5.41169527e+01 -3.16570295e+00 
 5.84341413e+01  4.43136820e+02  5.84341413e+01 -3.41821858e+00 
 6.30957344e+01  4.43132453e+02  6.30957344e+01 -3.69087120e+00 
 6.81292069e+01  4.43127361e+02  6.81292069e+01 -3.98526534e+00 
 7.35642254e+01  4.43121425e+02  7.35642254e+01 -4.30313297e+00 
 7.94328235e+01  4.43114504e+02  7.94328235e+01 -4.64634366e+00 
 8.57695899e+01  4.43106435e+02  8.57695899e+01 -5.01691527e+00 
 9.26118728e+01  4.43097027e+02  9.26118728e+01 -5.41702568e+00 
 1.00000000e+02  4.43086060e+02  1.00000000e+02 -5.84902524e+00 
 1.07977516e+02  4.43073273e+02  1.07977516e+02 -6.31545022e+00 
 1.16591440e+02  4.43058366e+02  1.16591440e+02 -6.81903724e+00 
 1.25892541e+02  4.43040987e+02  1.25892541e+02 -7.36273870e+00 
 1.35935639e+02  4.43020726e+02  1.35935639e+02 -7.94973940e+00 
 1.46779927e+02  4.42997105e+02  1.46779927e+02 -8.58347424e+00 
 1.58489319e+02  4.42969569e+02  1.58489319e+02 -9.26764715e+00 
 1.71132830e+02  4.42937469e+02  1.71132830e+02 -1.00062512e+01 
 1.84784980e+02  4.42900048e+02  1.84784980e+02 -1.08035903e+01 
 1.99526231e+02  4.42856427e+02  1.99526231e+02 -1.16643014e+01 
 2.15443469e+02  4.42805580e+02  2.15443469e+02 -1.25933792e+01 
 2.32630507e+02  4.42746311e+02  2.32630507e+02 -1.35962010e+01 
 2.51188643e+02  4.42677228e+02  2.51188643e+02 -1.46785533e+01 
 2.71227258e+02  4.42596710e+02  2.71227258e+02 -1.58466592e+01 
 2.92864456e+02  4.42502871e+02  2.92864456e+02 -1.71072072e+01 
 3.16227766e+02  4.42393512e+02  3.16227766e+02 -1.84673798e+01 
 3.41454887e+02  4.42266077e+02  3.41454887e+02 -1.99348835e+01 
 3.68694506e+02  4.42117591e+02  3.68694506e+02 -2.15179772e+01 
 3.98107171e+02  4.41944595e+02  3.98107171e+02 -2.32255010e+01 
 4.29866235e+02  4.41743067e+02  4.29866235e+02 -2.50669023e+01 
 4.64158883e+02  4.41508335e+02  4.64158883e+02 -2.70522597e+01 
 5.01187234e+02  4.41234971e+02  5.01187234e+02 -2.91923023e+01 
 5.41169527e+02  4.40916678e+02  5.41169527e+02 -3.14984223e+01 
 5.84341413e+02  4.40546154e+02  5.84341413e+02 -3.39826803e+01 
 6.30957344e+02  4.40114940e+02  6.30957344e+02 -3.66577975e+01 
 6.81292069e+02  4.39613244e+02  6.81292069e+02 -3.95371337e+01 
 7.35642254e+02  4.39029748e+02  7.35642254e+02 -4.26346457e+01 
 7.94328235e+02  4.38351392e+02  7.94328235e+02 -4.59648191e+01 
 8.57695899e+02  4.37563125e+02  8.57695899e+02 -4.95425688e+01 
 9.26118728e+02  4.36647639e+02  9.26118728e+02 -5.33830987e+01 
 1.00000000e+03  4.35585078e+02  1.00000000e+03 -5.75017110e+01 
 1.07977516e+03  4.34352723e+02  1.07977516e+03 -6.19135530e+01 
 1.16591440e+03  4.32924663e+02  1.16591440e+03 -6.66332899e+01 
 1.25892541e+03  4.31271459e+02  1.25892541e+03 -7.16746856e+01 
 1.35935639e+03  4.29359809e+02  1.35935639e+03 -7.70500786e+01 
 1.46779927e+03  4.27152241e+02  1.46779927e+03 -8.27697319e+01 
 1.58489319e+03  4.24606849e+02  1.58489319e+03 -8.88410439e+01 
 1.71132830e+03  4.21677114e+02  1.71132830e+03 -9.52676006e+01 
 1.84784980e+03  4.18311848e+02  1.84784980e+03 -1.02048063e+02 
 1.99526231e+03  4.14455315e+02  1.99526231e+03 -1.09174880e+02 
 2.15443469e+03  4.10047604e+02  2.15443469e+03 -1.16632846e+02 
 2.32630507e+03  4.05025311e+02  2.32630507e+03 -1.24397516e+02 
 2.51188643e+03  3.99322627e+02  2.51188643e+03 -1.32433548e+02 
 2.71227258e+03  3.92872917e+02  2.71227258e+03 -1.40693034e+02 
 2.92864456e+03  3.85610846e+02  2.92864456e+03 -1.49113968e+02 
 3.16227766e+03  3.77475116e+02  3.16227766e+03 -1.57618984e+02 
 3.41454887e+03  3.68411823e+02  3.41454887e+03 -1.66114605e+02 
 3.68694506e+03  3.58378355e+02  3.68694506e+03 -1.74491201e+02 
 3.98107171e+03  3.47347707e+02  3.98107171e+03 -1.82623941e+02 
 4.29866235e+03  3.35312949e+02  4.29866235e+03 -1.90374945e+02 
 4.64158883e+03  3.22291489e+02  4.64158883e+03 -1.97596819e+02 
 5.01187234e+03  3.08328673e+02  5.01187234e+03 -2.04137613e+02 
 5.41169527e+03  2.93500211e+02  5.41169527e+03 -2.09847095e+02 
 5.84341413e+03  2.77912922e+02  5.84341413e+03 -2.14584012e+02 
 6.30957344e+03  2.61703411e+02  6.30957344e+03 -2.18223827e+02 
 6.81292069e+03  2.45034448e+02  6.81292069e+03 -2.20666222e+02 
 7.35642254e+03  2.28089136e+02  7.35642254e+03 -2.21841590e+02 
 7.94328235e+03  2.11063218e+02  7.94328235e+03 -2.21715772e+02 
 8.57695899e+03  1.94156184e+02  8.57695899e+03 -2.20292442e+02 
 9.26118728e+03  1.77562008e+02  9.26118728e+03 -2.17612851e+02 
 1.00000000e+04  1.61460425e+02  1.00000000e+04 -2.13752953e+02 
 1.07977516e+04  1.46009555e+02  1.07977516e+04 -2.08818277e+02 
 1.16591440e+04  1.31340473e+02  1.16591440e+04 -2.02937179e+02 
 1.25892541e+04  1.17554042e+02  1.25892541e+04 -1.96253237e+02 
 1.35935639e+04  1.04720009e+02  1.35935639e+04 -1.88917553e+02 
 1.46779927e+04  9.28781039e+01  1.46779927e+04 -1.81081650e+02 
 1.58489319e+04  8.20407410e+01  1.58489319e+04 -1.72891430e+02 
 1.71132830e+04  7.21967800e+01  1.71132830e+04 -1.64482490e+02 
 1.84784980e+04  6.33158631e+01  1.84784980e+04 -1.55976858e+02 
 1.99526231e+04  5.53528781e+01  1.99526231e+04 -1.47481092e+02 
 2.15443469e+04  4.82522077e+01  2.15443469e+04 -1.39085538e+02 
 2.32630507e+04  4.19515358e+01  2.32630507e+04 -1.30864523e+02 
 2.51188643e+04  3.63850829e+01  2.51188643e+04 -1.22877229e+02 
 2.71227258e+04  3.14862247e+01  2.71227258e+04 -1.15169015e+02 
 2.92864456e+04  2.71895108e+01  2.92864456e+04 -1.07772994e+02 
 3.16227766e+04  2.34321382e+01  3.16227766e+04 -1.00711702e+02 
 3.41454887e+04  2.01549568e+01  3.41454887e+04 -9.39987490e+01 
 3.68694506e+04  1.73030878e+01  3.68694506e+04 -8.76403799e+01 
 3.98107171e+04  1.48262390e+01  3.98107171e+04 -8.16368893e+01 
 4.29866235e+04  1.26787888e+01  4.29866235e+04 -7.59838733e+01 
 4.64158883e+04  1.08197025e+01  4.64158883e+04 -7.06733113e+01 
 5.01187234e+04  9.21233313e+00  5.01187234e+04 -6.56944816e+01 
 5.41169527e+04  7.82414846e+00  5.41169527e+04 -6.10347223e+01 
 5.84341413e+04  6.62641487e+00  5.84341413e+04 -5.66800560e+01 
 6.30957344e+04  5.59386282e+00  6.30957344e+04 -5.26156927e+01 
 6.81292069e+04  4.70435022e+00  6.81292069e+04 -4.88264290e+01 
 7.35642254e+04  3.93853555e+00  7.35642254e+04 -4.52969613e+01 
 7.94328235e+04  3.27956834e+00  7.94328235e+04 -4.20121245e+01 
 8.57695899e+04  2.71280145e+00  8.57695899e+04 -3.89570734e+01 
 9.26118728e+04  2.22552749e+00  9.26118728e+04 -3.61174135e+01 
 1.00000000e+05  1.80674013e+00  1.00000000e+05 -3.34792945e+01 
 1.07977516e+05  1.44691981e+00  1.07977516e+05 -3.10294722e+01 
 1.16591440e+05  1.13784285e+00  1.16591440e+05 -2.87553467e+01 
 1.25892541e+05  8.72412382e-01  1.25892541e+05 -2.66449806e+01 
 1.35935639e+05  6.44509442e-01  1.35935639e+05 -2.46871043e+01 
 1.46779927e+05  4.48862234e-01  1.46779927e+05 -2.28711090e+01 
 1.58489319e+05  2.80931851e-01  1.58489319e+05 -2.11870327e+01 
 1.71132830e+05  1.36812638e-01  1.71132830e+05 -1.96255397e+01 
 1.84784980e+05  1.31455309e-02  1.84784980e+05 -1.81778962e+01 
 1.99526231e+05 -9.29571530e-02  1.99526231e+05 -1.68359434e+01 
 2.15443469e+05 -1.83976868e-01  2.15443469e+05 -1.55920694e+01 
 2.32630507e+05 -2.62045200e-01  2.32630507e+05 -1.44391792e+01 
 2.51188643e+05 -3.28992549e-01  2.51188643e+05 -1.33706658e+01 
 2.71227258e+05 -3.86390135e-01  2.71227258e+05 -1.23803811e+01 
 2.92864456e+05 -4.35586206e-01  2.92864456e+05 -1.14626076e+01 
 3.16227766e+05 -4.77737213e-01  3.16227766e+05 -1.06120307e+01 
 3.41454887e+05 -5.13834635e-01  3.41454887e+05 -9.82371288e+00 
 3.68694506e+05 -5.44728035e-01  3.68694506e+05 -9.09306806e+00 
 3.98107171e+05 -5.71144862e-01  3.98107171e+05 -8.41583819e+00 
 4.29866235e+05 -5.93707440e-01  4.29866235e+05 -7.78807050e+00 
 4.64158883e+05 -6.12947532e-01  4.64158883e+05 -7.20609631e+00 
 5.01187234e+05 -6.29318804e-01  5.01187234e+05 -6.66651107e+00 
 5.41169527e+05 -6.43207479e-01  5.41169527e+05 -6.16615565e+00 
 5.84341413e+05 -6.54941426e-01  5.84341413e+05 -5.70209882e+00 
 6.30957344e+05 -6.64797896e-01  6.30957344e+05 -5.27162093e+00 
 6.81292069e+05 -6.73010085e-01  6.81292069e+05 -4.87219871e+00 
 7.35642254e+05 -6.79772688e-01  7.35642254e+05 -4.50149107e+00 
 7.94328235e+05 -6.85246564e-01  7.94328235e+05 -4.15732603e+00 
 8.57695899e+05 -6.89562642e-01  8.57695899e+05 -3.83768857e+00 
 9.26118728e+05 -6.92825165e-01  9.26118728e+05 -3.54070941e+00 
 1.00000000e+06 -6.95114362e-01  1.00000000e+06 -3.26465470e+00 
 1.07977516e+06 -6.96488621e-01  1.07977516e+06 -3.00791664e+00 
 1.16591440e+06 -6.96986248e-01  1.16591440e+06 -2.76900486e+00 
 1.25892541e+06 -6.96626877e-01  1.25892541e+06 -2.54653866e+00 
 1.35935639e+06 -6.95412601e-01  1.35935639e+06 -2.33924012e+00 
 1.46779927e+06 -6.93328900e-01  1.46779927e+06 -2.14592793e+00 
 1.58489319e+06 -6.90345448e-01  1.58489319e+06 -1.96551201e+00 
 1.71132830e+06 -6.86416894e-01  1.71132830e+06 -1.79698904e+00 
 1.84784980e+06 -6.81483715e-01  1.84784980e+06 -1.63943860e+00 
 1.99526231e+06 -6.75473272e-01  1.99526231e+06 -1.49202014e+00 
 2.15443469e+06 -6.68301208e-01  2.15443469e+06 -1.35397065e+00 
 2.32630507e+06 -6.59873334e-01  2.32630507e+06 -1.22460288e+00 
 2.51188643e+06 -6.50088189e-01  2.51188643e+06 -1.10330415e+00 
 2.71227258e+06 -6.38840420e-01  2.71227258e+06 -9.89535375e-01 
 2.92864456e+06 -6.26025137e-01  2.92864456e+06 -8.82830219e-01 
 3.16227766e+06 -6.11543344e-01  3.16227766e+06 -7.82793952e-01 
 3.41454887e+06 -5.95308467e-01  3.41454887e+06 -6.89101661e-01 
 3.68694506e+06 -5.77253867e-01  3.68694506e+06 -6.01495333e-01 
 3.98107171e+06 -5.57341079e-01  3.98107171e+06 -5.19779334e-01 
 4.29866235e+06 -5.35568323e-01  4.29866235e+06 -4.43813832e-01 
 4.64158883e+06 -5.11978606e-01  4.64158883e+06 -3.73505853e-01 
 5.01187234e+06 -4.86666585e-01  5.01187234e+06 -3.08797841e-01 
 5.41169527e+06 -4.59783230e-01  5.41169527e+06 -2.49653922e-01 
 5.84341413e+06 -4.31537367e-01  5.84341413e+06 -1.96044457e-01 
 6.30957344e+06 -4.02193345e-01  6.30957344e+06 -1.47929828e-01 
 6.81292069e+06 -3.72064443e-01  6.81292069e+06 -1.05244740e-01 
 7.35642254e+06 -3.41502118e-01  7.35642254e+06 -6.78844751e-02 
 7.94328235e+06 -3.10881765e-01  7.94328235e+06 -3.56944788e-02 
 8.57695899e+06 -2.80586181e-01  8.57695899e+06 -8.46435742e-03 
 9.26118728e+06 -2.50988256e-01  9.26118728e+06  1.40731466e-02 
 1.00000000e+07 -2.22434566e-01  1.00000000e+07  3.22382512e-02 
 1.07977516e+07 -1.95231347e-01  1.07977516e+07  4.63959628e-02 
 1.16591440e+07 -1.69633949e-01  1.16591440e+07  5.69447672e-02 
 1.25892541e+07 -1.45840357e-01  1.25892541e+07  6.43035687e-02 
 1.35935639e+07 -1.23988783e-01  1.35935639e+07  6.88982696e-02 
 1.46779927e+07 -1.04158918e-01  1.46779927e+07  7.11491890e-02 
 1.58489319e+07 -8.63760671e-02  1.58489319e+07  7.14601802e-02 
 1.71132830e+07 -7.06173245e-02  1.71132830e+07  7.02099372e-02 
 1.84784980e+07 -5.68189072e-02  1.84784980e+07  6.77456283e-02 
 1.99526231e+07 -4.48839462e-02  1.99526231e+07  6.43787397e-02 
 2.15443469e+07 -3.46901913e-02  2.15443469e+07  6.03828476e-02 
 2.32630507e+07 -2.60972836e-02  2.32630507e+07  5.59929822e-02 
 2.51188643e+07 -1.89533996e-02  2.51188643e+07  5.14062502e-02 
 2.71227258e+07 -1.31011772e-02  2.71227258e+07  4.67834385e-02 
 2.92864456e+07 -8.38288698e-03  2.92864456e+07  4.22513773e-02 
 3.16227766e+07 -4.64483219e-03  3.16227766e+07  3.79058897e-02 
 3.41454887e+07 -1.74096132e-03  3.41454887e+07  3.38151835e-02 
 3.68694506e+07  4.64323762e-04  3.68694506e+07  3.00235391e-02 
 3.98107171e+07  2.09416932e-03  3.98107171e+07  2.65551483e-02 
 4.29866235e+07  3.25806184e-03  4.29866235e+07  2.34179435e-02 
 4.64158883e+07  4.05135668e-03  4.64158883e+07  2.06072657e-02 
 5.01187234e+07  4.55545201e-03  5.01187234e+07  1.81092317e-02 
 5.41169527e+07  4.83848652e-03  5.41169527e+07  1.59036970e-02 
 5.84341413e+07  4.95642237e-03  5.84341413e+07  1.39667474e-02 
 6.30957344e+07  4.95437241e-03  6.30957344e+07  1.22726975e-02 
 6.81292069e+07  4.86804257e-03  6.81292069e+07  1.07956111e-02 
 7.35642254e+07  4.72518201e-03  7.35642254e+07  9.51038879e-03 
 7.94328235e+07  4.54695969e-03  7.94328235e+07  8.39348411e-03 
 8.57695899e+07  4.34921364e-03  8.57695899e+07  7.42332111e-03 
 9.26118728e+07  4.14354310e-03  9.26118728e+07  6.58048309e-03 
 1.00000000e+08  3.93823386e-03  1.00000000e+08  5.84773754e-03 
 1.07977516e+08  3.73902152e-03  1.07977516e+08  5.20995189e-03 
 1.16591440e+08  3.54970698e-03  1.16591440e+08  4.65394354e-03 
 1.25892541e+08  3.37264336e-03  1.25892541e+08  4.16829694e-03 
 1.35935639e+08  3.20911550e-03  1.35935639e+08  3.74316993e-03 
 1.46779927e+08  3.05963223e-03  1.46779927e+08  3.37010424e-03 
 1.58489319e+08  2.92414951e-03  1.58489319e+08  3.04184830e-03 
 1.71132830e+08  2.80223990e-03  1.71132830e+08  2.75219635e-03 
 1.84784980e+08  2.69322039e-03  1.84784980e+08  2.49584511e-03 
 1.99526231e+08  2.59624849e-03  1.99526231e+08  2.26826750e-03 
 2.15443469e+08  2.51039383e-03  2.15443469e+08  2.06560214e-03 
 2.32630507e+08  2.43469088e-03  2.32630507e+08  1.88455713e-03 
 2.51188643e+08  2.36817707e-03  2.51188643e+08  1.72232650e-03 
 2.71227258e+08  2.30991960e-03  2.71227258e+08  1.57651788e-03 
 2.92864456e+08  2.25903341e-03  2.92864456e+08  1.44509009e-03 
 3.16227766e+08  2.21469253e-03  3.16227766e+08  1.32629953e-03 
 3.41454887e+08  2.17613622e-03  3.41454887e+08  1.21865421e-03 
 3.68694506e+08  2.14267138e-03  3.68694506e+08  1.12087464e-03 
 3.98107171e+08  2.11367217e-03  3.98107171e+08  1.03186058e-03 
 4.29866235e+08  2.08857771e-03  4.29866235e+08  9.50662918e-04 
 4.64158883e+08  2.06688856e-03  4.64158883e+08  8.76460067e-04 
 5.01187234e+08  2.04816233e-03  5.01187234e+08  8.08538047e-04 
 5.41169527e+08  2.03200902e-03  5.41169527e+08  7.46273875e-04 
 5.84341413e+08  2.01808611e-03  5.84341413e+08  6.89121664e-04 
 6.30957344e+08  2.00609384e-03  6.30957344e+08  6.36601026e-04 
 6.81292069e+08  1.99577058e-03  6.81292069e+08  5.88287399e-04 
 7.35642254e+08  1.98688857e-03  7.35642254e+08  5.43803986e-04 
 7.94328235e+08  1.97924995e-03  7.94328235e+08  5.02815015e-04 
 8.57695899e+08  1.97268315e-03  8.57695899e+08  4.65020119e-04 
 9.26118728e+08  1.96703961e-03  9.26118728e+08  4.30149621e-04 
 1.00000000e+09  1.96219089e-03  1.00000000e+09  3.97960572e-04 
 1.07977516e+09  1.95802605e-03  1.07977516e+09  3.68233417e-04 
 1.16591440e+09  1.95444937e-03  1.16591440e+09  3.40769177e-04 
 1.25892541e+09  1.95137835e-03  1.25892541e+09  3.15387047e-04 
 1.35935639e+09  1.94874189e-03  1.35935639e+09  2.91922353e-04 
 1.46779927e+09  1.94647881e-03  1.46779927e+09  2.70224799e-04 
 1.58489319e+09  1.94453645e-03  1.58489319e+09  2.50156958e-04 
 1.71132830e+09  1.94286951e-03  1.71132830e+09  2.31592957e-04 
 1.84784980e+09  1.94143906e-03  1.84784980e+09  2.14417343e-04 
 1.99526231e+09  1.94021164e-03  1.99526231e+09  1.98524083e-04 
 2.15443469e+09  1.93915850e-03  2.15443469e+09  1.83815684e-04 
 2.32630507e+09  1.93825493e-03  2.32630507e+09  1.70202423e-04 
 2.51188643e+09  1.93747974e-03  2.51188643e+09  1.57601652e-04 
 2.71227258e+09  1.93681470e-03  2.71227258e+09  1.45937185e-04 
 2.92864456e+09  1.93624419e-03  2.92864456e+09  1.35138749e-04 
 3.16227766e+09  1.93575477e-03  3.16227766e+09  1.25141489e-04 
 3.41454887e+09  1.93533494e-03  3.41454887e+09  1.15885519e-04 
 3.68694506e+09  1.93497481e-03  3.68694506e+09  1.07315522e-04 
 3.98107171e+09  1.93466589e-03  3.98107171e+09  9.93803780e-05 
 4.29866235e+09  1.93440091e-03  4.29866235e+09  9.20328368e-05 
 4.64158883e+09  1.93417362e-03  4.64158883e+09  8.52292090e-05 
 5.01187234e+09  1.93397866e-03  5.01187234e+09  7.89290900e-05 
 5.41169527e+09  1.93381143e-03  5.41169527e+09  7.30951056e-05 
 5.84341413e+09  1.93366800e-03  5.84341413e+09  6.76926786e-05 
 6.30957344e+09  1.93354497e-03  6.30957344e+09  6.26898150e-05 
 6.81292069e+09  1.93343944e-03  6.81292069e+09  5.80569071e-05 
 7.35642254e+09  1.93334893e-03  7.35642254e+09  5.37665526e-05 
 7.94328235e+09  1.93327129e-03  7.94328235e+09  4.97933881e-05 
 8.57695899e+09  1.93320470e-03  8.57695899e+09  4.61139353e-05 
 9.26118728e+09  1.93314759e-03  9.26118728e+09  4.27064597e-05 
 1.00000000e+10  1.93309860e-03  1.00000000e+10  3.95508395e-05 
