 1.00000000e+00  5.85952621e+03  1.00000000e+00 -6.90421965e+00 
 1.07977516e+00  5.85952486e+03  1.07977516e+00 -7.45500317e+00 
 1.16591440e+00  5.85952329e+03  1.16591440e+00 -8.04972510e+00 
 1.25892541e+00  5.85952146e+03  1.25892541e+00 -8.69189050e+00 
 1.35935639e+00  5.85951932e+03  1.35935639e+00 -9.38528406e+00 
 1.46779927e+00  5.85951682e+03  1.46779927e+00 -1.01339923e+01 
 1.58489319e+00  5.85951392e+03  1.58489319e+00 -1.09424278e+01 
 1.71132830e+00  5.85951053e+03  1.71132830e+00 -1.18153549e+01 
 1.84784980e+00  5.85950657e+03  1.84784980e+00 -1.27579181e+01 
 1.99526231e+00  5.85950197e+03  1.99526231e+00 -1.37756723e+01 
 2.15443469e+00  5.85949659e+03  2.15443469e+00 -1.48746151e+01 
 2.32630507e+00  5.85949033e+03  2.32630507e+00 -1.60612228e+01 
 2.51188643e+00  5.85948303e+03  2.51188643e+00 -1.73424878e+01 
 2.71227258e+00  5.85947451e+03  2.71227258e+00 -1.87259604e+01 
 2.92864456e+00  5.85946458e+03  2.92864456e+00 -2.02197927e+01 
 3.16227766e+00  5.85945301e+03  3.16227766e+00 -2.18327868e+01 
 3.41454887e+00  5.85943951e+03  3.41454887e+00 -2.35744466e+01 
 3.68694506e+00  5.85942378e+03  3.68694506e+00 -2.54550336e+01 
 3.98107171e+00  5.85940543e+03  3.98107171e+00 -2.74856270e+01 
 4.29866235e+00  5.85938404e+03  4.29866235e+00 -2.96781890e+01 
 4.64158883e+00  5.85935911e+03  4.64158883e+00 -3.20456350e+01 
 5.01187234e+00  5.85933003e+03  5.01187234e+00 -3.46019090e+01 
 5.41169527e+00  5.85929613e+03  5.41169527e+00 -3.73620658e+01 
 5.84341413e+00  5.85925661e+03  5.84341413e+00 -4.03423586e+01 
 6.30957344e+00  5.85921053e+03  6.30957344e+00 -4.35603343e+01 
 6.81292069e+00  5.85915681e+03  6.81292069e+00 -4.70349358e+01 
 7.35642254e+00  5.85909418e+03  7.35642254e+00 -5.07866126e+01 
 7.94328235e+00  5.85902115e+03  7.94328235e+00 -5.48374394e+01 
 8.57695899e+00  5.85893602e+03  8.57695899e+00 -5.92112448e+01 
 9.26118728e+00  5.85883676e+03  9.26118728e+00 -6.39337484e+01 
 1.00000000e+01  5.85872103e+03  1.00000000e+01 -6.90327101e+01 
 1.07977516e+01  5.85858611e+03  1.07977516e+01 -7.45380894e+01 
 1.16591440e+01  5.85842882e+03  1.16591440e+01 -8.04822169e+01 
 1.25892541e+01  5.85824543e+03  1.25892541e+01 -8.68999788e+01 
 1.35935639e+01  5.85803164e+03  1.35935639e+01 -9.38290147e+01 
 1.46779927e+01  5.85778239e+03  1.46779927e+01 -1.01309929e+02 
 1.58489319e+01  5.85749182e+03  1.58489319e+01 -1.09386520e+02 
 1.71132830e+01  5.85715307e+03  1.71132830e+01 -1.18106017e+02 
 1.84784980e+01  5.85675817e+03  1.84784980e+01 -1.27519346e+02 
 1.99526231e+01  5.85629781e+03  1.99526231e+01 -1.37681401e+02 
 2.15443469e+01  5.85576117e+03  2.15443469e+01 -1.48651336e+02 
 2.32630507e+01  5.85513562e+03  2.32630507e+01 -1.60492875e+02 
 2.51188643e+01  5.85440644e+03  2.51188643e+01 -1.73274641e+02 
 2.71227258e+01  5.85355651e+03  2.71227258e+01 -1.87070495e+02 
 2.92864456e+01  5.85256589e+03  2.92864456e+01 -2.01959893e+02 
 3.16227766e+01  5.85141132e+03  3.16227766e+01 -2.18028261e+02 
 3.41454887e+01  5.85006577e+03  3.41454887e+01 -2.35367371e+02 
 3.68694506e+01  5.84849775e+03  3.68694506e+01 -2.54075729e+02 
 3.98107171e+01  5.84667064e+03  3.98107171e+01 -2.74258964e+02 
 4.29866235e+01  5.84454183e+03  4.29866235e+01 -2.96030203e+02 
 4.64158883e+01  5.84206177e+03  4.64158883e+01 -3.19510437e+02 
 5.01187234e+01  5.83917289e+03  5.01187234e+01 -3.44828852e+02 
 5.41169527e+01  5.83580831e+03  5.41169527e+01 -3.72123108e+02 
 5.84341413e+01  5.83189039e+03  5.84341413e+01 -4.01539561e+02 
 6.30957344e+01  5.82732907e+03  6.30957344e+01 -4.33233369e+02 
 6.81292069e+01  5.82201995e+03  6.81292069e+01 -4.67368483e+02 
 7.35642254e+01  5.81584218e+03  7.35642254e+01 -5.04117448e+02 
 7.94328235e+01  5.80865596e+03  7.94328235e+01 -5.43660979e+02 
 8.57695899e+01  5.80029983e+03  8.57695899e+01 -5.86187230e+02 
 9.26118728e+01  5.79058759e+03  9.26118728e+01 -6.31890692e+02 
 1.00000000e+02  5.77930494e+03  1.00000000e+02 -6.80970595e+02 
 1.07977516e+02  5.76620572e+03  1.07977516e+02 -7.33628717e+02 
 1.16591440e+02  5.75100792e+03  1.16591440e+02 -7.90066441e+02 
 1.25892541e+02  5.73338942e+03  1.25892541e+02 -8.50480911e+02 
 1.35935639e+02  5.71298356e+03  1.35935639e+02 -9.15060077e+02 
 1.46779927e+02  5.68937470e+03  1.46779927e+02 -9.83976448e+02 
 1.58489319e+02  5.66209395e+03  1.58489319e+02 -1.05737930e+03 
 1.71132830e+02  5.63061540e+03  1.71132830e+02 -1.13538513e+03 
 1.84784980e+02  5.59435314e+03  1.84784980e+02 -1.21806612e+03 
 1.99526231e+02  5.55265973e+03  1.99526231e+02 -1.30543649e+03 
 2.15443469e+02  5.50482663e+03  2.15443469e+02 -1.39743655e+03 
 2.32630507e+02  5.45008740e+03  2.32630507e+02 -1.49391454e+03 
 2.51188643e+02  5.38762480e+03  2.51188643e+02 -1.59460657e+03 
 2.71227258e+02  5.31658249e+03  2.71227258e+02 -1.69911501e+03 
 2.92864456e+02  5.23608277e+03  2.92864456e+02 -1.80688640e+03 
 3.16227766e+02  5.14525120e+03  3.16227766e+02 -1.91719015e+03 
 3.41454887e+02  5.04324904e+03  3.41454887e+02 -2.02909992e+03 
 3.68694506e+02  4.92931375e+03  3.68694506e+02 -2.14148025e+03 
 3.98107171e+02  4.80280737e+03  3.98107171e+02 -2.25298127e+03 
 4.29866235e+02  4.66327130e+03  4.29866235e+02 -2.36204486e+03 
 4.64158883e+02  4.51048482e+03  4.64158883e+02 -2.46692538e+03 
 5.01187234e+02  4.34452332e+03  5.01187234e+02 -2.56572780e+03 
 5.41169527e+02  4.16581064e+03  5.41169527e+02 -2.65646451e+03 
 5.84341413e+02  3.97515911e+03  5.84341413e+02 -2.73713051e+03 
 6.30957344e+02  3.77379037e+03  6.30957344e+02 -2.80579400e+03 
 6.81292069e+02  3.56333096e+03  6.81292069e+02 -2.86069663e+03 
 7.35642254e+02  3.34577862e+03  7.35642254e+02 -2.90035521e+03 
 7.94328235e+02  3.12343838e+03  7.94328235e+02 -2.92365491e+03 
 8.57695899e+02  2.89883145e+03  8.57695899e+02 -2.92992348e+03 
 9.26118728e+02  2.67458382e+03  9.26118728e+02 -2.91897789e+03 
 1.00000000e+03  2.45330478e+03  1.00000000e+03 -2.89113716e+03 
 1.07977516e+03  2.23746702e+03  1.07977516e+03 -2.84719994e+03 
 1.16591440e+03  2.02929986e+03  1.16591440e+03 -2.78838973e+03 
 1.25892541e+03  1.83070505e+03  1.25892541e+03 -2.71627443e+03 
 1.35935639e+03  1.64320092e+03  1.35935639e+03 -2.63266979e+03 
 1.46779927e+03  1.46789695e+03  1.46779927e+03 -2.53953722e+03 
 1.58489319e+03  1.30549668e+03  1.58489319e+03 -2.43888539e+03 
 1.71132830e+03  1.15632445e+03  1.71132830e+03 -2.33268340e+03 
 1.84784980e+03  1.02036947e+03  1.84784980e+03 -2.22279044e+03 
 1.99526231e+03  8.97340375e+02  1.99526231e+03 -2.11090409e+03 
 2.15443469e+03  7.86724014e+02  2.15443469e+03 -1.99852715e+03 
 2.32630507e+03  6.87843315e+02  2.32630507e+03 -1.88695117e+03 
 2.51188643e+03  5.99910510e+02  2.51188643e+03 -1.77725374e+03 
 2.71227258e+03  5.22073456e+02  2.71227258e+03 -1.67030630e+03 
 2.92864456e+03  4.53453957e+02  2.92864456e+03 -1.56678921e+03 
 3.16227766e+03  3.93178001e+02  3.16227766e+03 -1.46721132e+03 
 3.41454887e+03  3.40398409e+02  3.41454887e+03 -1.37193166e+03 
 3.68694506e+03  2.94310814e+02  3.68694506e+03 -1.28118149e+03 
 3.98107171e+03  2.54164046e+02  3.98107171e+03 -1.19508558e+03 
 4.29866235e+03  2.19266003e+02  4.29866235e+03 -1.11368179e+03 
 4.64158883e+03  1.88986053e+02  4.64158883e+03 -1.03693863e+03 
 5.01187234e+03  1.62754855e+02  5.01187234e+03 -9.64770589e+02 
 5.41169527e+03  1.40062354e+02  5.41169527e+03 -8.97051191e+02 
 5.84341413e+03  1.20454570e+02  5.84341413e+03 -8.33623964e+02 
 6.30957344e+03  1.03529632e+02  6.30957344e+03 -7.74311492e+02 
 6.81292069e+03  8.89334531e+01  6.81292069e+03 -7.18922759e+02 
 7.35642254e+03  7.63552671e+01  7.35642254e+03 -6.67259028e+02 
 7.94328235e+03  6.55232427e+01  7.94328235e+03 -6.19118466e+02 
 8.57695899e+03  5.62002812e+01  8.57695899e+03 -5.74299732e+02 
 9.26118728e+03  4.81800802e+01  9.26118728e+03 -5.32604697e+02 
 1.00000000e+04  4.12835053e+01  1.00000000e+04 -4.93840460e+02 
 1.07977516e+04  3.53552875e+01  1.07977516e+04 -4.57820801e+02 
 1.16591440e+04  3.02610468e+01  1.16591440e+04 -4.24367169e+02 
 1.25892541e+04  2.58846326e+01  1.25892541e+04 -3.93309330e+02 
 1.35935639e+04  2.21257615e+01  1.35935639e+04 -3.64485716e+02 
 1.46779927e+04  1.88979321e+01  1.46779927e+04 -3.37743569e+02 
 1.58489319e+04  1.61265910e+01  1.58489319e+04 -3.12938918e+02 
 1.71132830e+04  1.37475270e+01  1.71132830e+04 -2.89936433e+02 
 1.84784980e+04  1.17054698e+01  1.84784980e+04 -2.68609190e+02 
 1.99526231e+04  9.95286893e+00  1.99526231e+04 -2.48838375e+02 
 2.15443469e+04  8.44883332e+00  2.15443469e+04 -2.30512938e+02 
 2.32630507e+04  7.15821198e+00  2.32630507e+04 -2.13529227e+02 
 2.51188643e+04  6.05079782e+00  2.51188643e+04 -1.97790607e+02 
 2.71227258e+04  5.10063947e+00  2.71227258e+04 -1.83207073e+02 
 2.92864456e+04  4.28544699e+00  2.92864456e+04 -1.69694861e+02 
 3.16227766e+04  3.58607910e+00  3.16227766e+04 -1.57176072e+02 
 3.41454887e+04  2.98610131e+00  3.41454887e+04 -1.45578307e+02 
 3.68694506e+04  2.47140519e+00  3.68694506e+04 -1.34834310e+02 
 3.98107171e+04  2.02988075e+00  3.98107171e+04 -1.24881631e+02 
 4.29866235e+04  1.65113447e+00  4.29866235e+04 -1.15662304e+02 
 4.64158883e+04  1.32624684e+00  4.64158883e+04 -1.07122544e+02 
 5.01187234e+04  1.04756396e+00  5.01187234e+04 -9.92124578e+01 
 5.41169527e+04  8.08518382e-01  5.41169527e+04 -9.18857717e+01 
 5.84341413e+04  6.03475267e-01  5.84341413e+04 -8.50995804e+01 
 6.30957344e+04  4.27600167e-01  6.30957344e+04 -7.88141066e+01 
 6.81292069e+04  2.76745539e-01  6.81292069e+04 -7.29924793e+01 
 7.35642254e+04  1.47353279e-01  7.35642254e+04 -6.76005253e+01 
 7.94328235e+04  3.63710580e-02  7.94328235e+04 -6.26065753e+01 
 8.57695899e+04 -5.88194870e-02  8.57695899e+04 -5.79812830e+01 
 9.26118728e+04 -1.40464393e-01  9.26118728e+04 -5.36974573e+01 
 1.00000000e+05 -2.10490260e-01  1.00000000e+05 -4.97299049e+01 
 1.07977516e+05 -2.70549640e-01  1.07977516e+05 -4.60552855e+01 
 1.16591440e+05 -3.22059979e-01  1.16591440e+05 -4.26519761e+01 
 1.25892541e+05 -3.66237031e-01  1.25892541e+05 -3.94999458e+01 
 1.35935639e+05 -4.04123518e-01  1.35935639e+05 -3.65806389e+01 
 1.46779927e+05 -4.36613723e-01  1.46779927e+05 -3.38768668e+01 
 1.58489319e+05 -4.64474583e-01  1.58489319e+05 -3.13727077e+01 
 1.71132830e+05 -4.88363778e-01  1.71132830e+05 -2.90534133e+01 
 1.84784980e+05 -5.08845250e-01  1.84784980e+05 -2.69053230e+01 
 1.99526231e+05 -5.26402506e-01  1.99526231e+05 -2.49157829e+01 
 2.15443469e+05 -5.41450033e-01  2.15443469e+05 -2.30730727e+01 
 2.32630507e+05 -5.54343073e-01  2.32630507e+05 -2.13663359e+01 
 2.51188643e+05 -5.65386012e-01  2.51188643e+05 -1.97855170e+01 
 2.71227258e+05 -5.74839563e-01  2.71227258e+05 -1.83213015e+01 
 2.92864456e+05 -5.82926921e-01  2.92864456e+05 -1.69650618e+01 
 3.16227766e+05 -5.89839030e-01  3.16227766e+05 -1.57088065e+01 
 3.41454887e+05 -5.95739094e-01  3.41454887e+05 -1.45451328e+01 
 3.68694506e+05 -6.00766428e-01  3.68694506e+05 -1.34671835e+01 
 3.98107171e+05 -6.05039750e-01  3.98107171e+05 -1.24686066e+01 
 4.29866235e+05 -6.08659987e-01  4.29866235e+05 -1.15435176e+01 
 4.64158883e+05 -6.11712658e-01  4.64158883e+05 -1.06864653e+01 
 5.01187234e+05 -6.14269901e-01  5.01187234e+05 -9.89239934e+00 
 5.41169527e+05 -6.16392179e-01  5.41169527e+05 -9.15664080e+00 
 5.84341413e+05 -6.18129718e-01  5.84341413e+05 -8.47485450e+00 
 6.30957344e+05 -6.19523702e-01  6.30957344e+05 -7.84302361e+00 
 6.81292069e+05 -6.20607260e-01  6.81292069e+05 -7.25742598e+00 
 7.35642254e+05 -6.21406271e-01  7.35642254e+05 -6.71461237e+00 
 7.94328235e+05 -6.21940000e-01  7.94328235e+05 -6.21138618e+00 
 8.57695899e+05 -6.22221590e-01  8.57695899e+05 -5.74478475e+00 
 9.26118728e+05 -6.22258422e-01  9.26118728e+05 -5.31206210e+00 
 1.00000000e+06 -6.22052357e-01  1.00000000e+06 -4.91067290e+00 
 1.07977516e+06 -6.21599867e-01  1.07977516e+06 -4.53825776e+00 
 1.16591440e+06 -6.20892075e-01  1.16591440e+06 -4.19262959e+00 
 1.25892541e+06 -6.19914700e-01  1.25892541e+06 -3.87176113e+00 
 1.35935639e+06 -6.18647938e-01  1.35935639e+06 -3.57377341e+00 
 1.46779927e+06 -6.17066276e-01  1.46779927e+06 -3.29692522e+00 
 1.58489319e+06 -6.15138261e-01  1.58489319e+06 -3.03960357e+00 
 1.71132830e+06 -6.12826249e-01  1.71132830e+06 -2.80031491e+00 
 1.84784980e+06 -6.10086164e-01  1.84784980e+06 -2.57767731e+00 
 1.99526231e+06 -6.06867290e-01  1.99526231e+06 -2.37041337e+00 
 2.15443469e+06 -6.03112157e-01  2.15443469e+06 -2.17734401e+00 
 2.32630507e+06 -5.98756567e-01  2.32630507e+06 -1.99738290e+00 
 2.51188643e+06 -5.93729834e-01  2.51188643e+06 -1.82953176e+00 
 2.71227258e+06 -5.87955311e-01  2.71227258e+06 -1.67287614e+00 
 2.92864456e+06 -5.81351303e-01  2.92864456e+06 -1.52658189e+00 
 3.16227766e+06 -5.73832440e-01  3.16227766e+06 -1.38989215e+00 
 3.41454887e+06 -5.65311614e-01  3.41454887e+06 -1.26212453e+00 
 3.68694506e+06 -5.55702542e-01  3.68694506e+06 -1.14266866e+00 
 3.98107171e+06 -5.44922975e-01  3.98107171e+06 -1.03098353e+00 
 4.29866235e+06 -5.32898550e-01  4.29866235e+06 -9.26594669e-01 
 4.64158883e+06 -5.19567183e-01  4.64158883e+06 -8.29090713e-01 
 5.01187234e+06 -5.04883802e-01  5.01187234e+06 -7.38119203e-01 
 5.41169527e+06 -4.88825160e-01  5.41169527e+06 -6.53381392e-01 
 5.84341413e+06 -4.71394346e-01  5.84341413e+06 -5.74625941e-01 
 6.30957344e+06 -4.52624585e-01  6.30957344e+06 -5.01641532e-01 
 6.81292069e+06 -4.32581917e-01  6.81292069e+06 -4.34248568e-01 
 7.35642254e+06 -4.11366417e-01  7.35642254e+06 -3.72290285e-01 
 7.94328235e+06 -3.89111752e-01  7.94328235e+06 -3.15623728e-01 
 8.57695899e+06 -3.65983066e-01  8.57695899e+06 -2.64111080e-01 
 9.26118728e+06 -3.42173361e-01  9.26118728e+06 -2.17611785e-01 
 1.00000000e+07 -3.17898694e-01  1.00000000e+07 -1.75975789e-01 
 1.07977516e+07 -2.93392553e-01  1.07977516e+07 -1.39038056e-01 
 1.16591440e+07 -2.68899746e-01  1.16591440e+07 -1.06614323e-01 
 1.25892541e+07 -2.44669992e-01  1.25892541e+07 -7.84979906e-02 
 1.35935639e+07 -2.20951272e-01  1.35935639e+07 -5.44580607e-02 
 1.46779927e+07 -1.97982899e-01  1.46779927e+07 -3.42381114e-02 
 1.58489319e+07 -1.75988284e-01  1.58489319e+07 -1.75565108e-02 
 1.71132830e+07 -1.55167530e-01  1.71132830e+07 -4.10816632e-03 
 1.84784980e+07 -1.35690213e-01  1.84784980e+07  6.43186637e-03 
 1.99526231e+07 -1.17688978e-01  1.99526231e+07  1.44027417e-02 
 2.15443469e+07 -1.01254682e-01  2.15443469e+07  2.01502789e-02 
 2.32630507e+07 -8.64338334e-02  2.32630507e+07  2.40180100e-02 
 2.51188643e+07 -7.32287974e-02  2.51188643e+07  2.63376475e-02 
 2.71227258e+07 -6.16008701e-02  2.71227258e+07  2.74199770e-02 
 2.92864456e+07 -5.14758985e-02  2.92864456e+07  2.75471515e-02 
 3.16227766e+07 -4.27517462e-02  3.16227766e+07  2.69671367e-02 
 3.41454887e+07 -3.53066977e-02  3.41454887e+07  2.58906938e-02 
 3.68694506e+07 -2.90078774e-02  3.68694506e+07  2.44908971e-02 
 3.98107171e+07 -2.37188940e-02  3.98107171e+07  2.29048511e-02 
 4.29866235e+07 -1.93061752e-02  4.29866235e+07  2.12370563e-02 
 4.64158883e+07 -1.56437265e-02  4.64158883e+07  1.95637949e-02 
 5.01187234e+07 -1.26162980e-02  5.01187234e+07  1.79379450e-02 
 5.41169527e+07 -1.01211219e-02  5.41169527e+07  1.63937403e-02 
 5.84341413e+07 -8.06848757e-03  5.84341413e+07  1.49511380e-02 
 6.30957344e+07 -6.38145304e-03  6.30957344e+07  1.36195992e-02 
 6.81292069e+07 -4.99498320e-03  6.81292069e+07  1.24012041e-02 
 7.35642254e+07 -3.85475605e-03  7.35642254e+07  1.12931114e-02 
 7.94328235e+07 -2.91582643e-03  7.94328235e+07  1.02894239e-02 
 8.57695899e+07 -2.14128051e-03  8.57695899e+07  9.38255016e-03 
 9.26118728e+07 -1.50096654e-03  9.26118728e+07  8.56415836e-03 
 1.00000000e+08 -9.70350025e-04  1.00000000e+08  7.82581553e-03 
 1.07977516e+08 -5.29514184e-04  1.07977516e+08  7.15939101e-03 
 1.16591440e+08 -1.62308208e-04  1.16591440e+08  6.55729083e-03 
 1.25892541e+08  1.44365126e-04  1.25892541e+08  6.01257480e-03 
 1.35935639e+08  4.01136855e-04  1.35935639e+08  5.51899547e-03 
 1.46779927e+08  6.16650953e-04  1.46779927e+08  5.07098766e-03 
 1.58489319e+08  7.97951987e-04  1.58489319e+08  4.66362890e-03 
 1.71132830e+08  9.50796959e-04  1.71132830e+08  4.29258462e-03 
 1.84784980e+08  1.07990517e-03  1.84784980e+08  3.95404723e-03 
 1.99526231e+08  1.18915796e-03  1.99526231e+08  3.64467491e-03 
 2.15443469e+08  1.28175831e-03  2.15443469e+08  3.36153344e-03 
 2.32630507e+08  1.36035826e-03  2.32630507e+08  3.10204298e-03 
 2.51188643e+08  1.42716097e-03  2.51188643e+08  2.86393054e-03 
 2.71227258e+08  1.48400243e-03  2.71227258e+08  2.64518817e-03 
 2.92864456e+08  1.53241726e-03  2.92864456e+08  2.44403675e-03 
 3.16227766e+08  1.57369171e-03  3.16227766e+08  2.25889487e-03 
 3.41454887e+08  1.60890667e-03  3.41454887e+08  2.08835220e-03 
 3.68694506e+08  1.63897254e-03  3.68694506e+08  1.93114679e-03 
 3.98107171e+08  1.66465780e-03  3.98107171e+08  1.78614584e-03 
 4.29866235e+08  1.68661234e-03  4.29866235e+08  1.65232928e-03 
 4.64158883e+08  1.70538670e-03  4.64158883e+08  1.52877586e-03 
 5.01187234e+08  1.72144802e-03  5.01187234e+08  1.41465130e-03 
 5.41169527e+08  1.73519315e-03  5.41169527e+08  1.30919817e-03 
 5.84341413e+08  1.74695969e-03  5.84341413e+08  1.21172719e-03 
 6.30957344e+08  1.75703512e-03  6.30957344e+08  1.12160979e-03 
 6.81292069e+08  1.76566445e-03  6.81292069e+08  1.03827170e-03 
 7.35642254e+08  1.77305670e-03  7.35642254e+08  9.61187330e-04 
 7.94328235e+08  1.77939029e-03  7.94328235e+08  8.89874936e-04 
 8.57695899e+08  1.78481764e-03  8.57695899e+08  8.23892376e-04 
 9.26118728e+08  1.78946901e-03  9.26118728e+08  7.62833366e-04 
 1.00000000e+09  1.79345579e-03  1.00000000e+09  7.06324190e-04 
 1.07977516e+09  1.79687325e-03  1.07977516e+09  6.54020772e-04 
 1.16591440e+09  1.79980293e-03  1.16591440e+09  6.05606079e-04 
 1.25892541e+09  1.80231463e-03  1.25892541e+09  5.60787787e-04 
 1.35935639e+09  1.80446812e-03  1.35935639e+09  5.19296199e-04 
 1.46779927e+09  1.80631457e-03  1.46779927e+09  4.80882360e-04 
 1.58489319e+09  1.80789784e-03  1.58489319e+09  4.45316357e-04 
 1.71132830e+09  1.80925548e-03  1.71132830e+09  4.12385782e-04 
 1.84784980e+09  1.81041970e-03  1.84784980e+09  3.81894333e-04 
 1.99526231e+09  1.81141807e-03  1.99526231e+09  3.53660535e-04 
 2.15443469e+09  1.81227424e-03  2.15443469e+09  3.27516582e-04 
 2.32630507e+09  1.81300849e-03  2.32630507e+09  3.03307275e-04 
 2.51188643e+09  1.81363818e-03  2.51188643e+09  2.80889041e-04 
 2.71227258e+09  1.81417821e-03  2.71227258e+09  2.60129050e-04 
 2.92864456e+09  1.81464135e-03  2.92864456e+09  2.40904385e-04 
 3.16227766e+09  1.81503856e-03  3.16227766e+09  2.23101297e-04 
 3.41454887e+09  1.81537923e-03  3.41454887e+09  2.06614504e-04 
 3.68694506e+09  1.81567140e-03  3.68694506e+09  1.91346554e-04 
 3.98107171e+09  1.81592199e-03  3.98107171e+09  1.77207239e-04 
 4.29866235e+09  1.81613691e-03  4.29866235e+09  1.64113045e-04 
 4.64158883e+09  1.81632124e-03  4.64158883e+09  1.51986657e-04 
 5.01187234e+09  1.81647933e-03  5.01187234e+09  1.40756492e-04 
 5.41169527e+09  1.81661492e-03  5.41169527e+09  1.30356272e-04 
 5.84341413e+09  1.81673122e-03  5.84341413e+09  1.20724629e-04 
 6.30957344e+09  1.81683096e-03  6.30957344e+09  1.11804740e-04 
 6.81292069e+09  1.81691651e-03  6.81292069e+09  1.03543987e-04 
 7.35642254e+09  1.81698989e-03  7.35642254e+09  9.58936467e-05 
 7.94328235e+09  1.81705282e-03  7.94328235e+09  8.88086013e-05 
 8.57695899e+09  1.81710679e-03  8.57695899e+09  8.22470699e-05 
 9.26118728e+09  1.81715309e-03  9.26118728e+09  7.61703620e-05 
 1.00000000e+10  1.81719279e-03  1.00000000e+10  7.05426480e-05 
