 1.00000000e+00  4.28947630e+02  1.00000000e+00 -8.65197941e-02 
 1.07977516e+00  4.28947627e+02  1.07977516e+00 -9.34219241e-02 
 1.16591440e+00  4.28947624e+02  1.16591440e+00 -1.00874673e-01 
 1.25892541e+00  4.28947620e+02  1.25892541e+00 -1.08921965e-01 
 1.35935639e+00  4.28947615e+02  1.35935639e+00 -1.17611231e-01 
 1.46779927e+00  4.28947610e+02  1.46779927e+00 -1.26993685e-01 
 1.58489319e+00  4.28947603e+02  1.58489319e+00 -1.37124624e-01 
 1.71132830e+00  4.28947596e+02  1.71132830e+00 -1.48063761e-01 
 1.84784980e+00  4.28947588e+02  1.84784980e+00 -1.59875568e-01 
 1.99526231e+00  4.28947578e+02  1.99526231e+00 -1.72629664e-01 
 2.15443469e+00  4.28947566e+02  2.15443469e+00 -1.86401218e-01 
 2.32630507e+00  4.28947553e+02  2.32630507e+00 -2.01271399e-01 
 2.51188643e+00  4.28947537e+02  2.51188643e+00 -2.17327850e-01 
 2.71227258e+00  4.28947519e+02  2.71227258e+00 -2.34665205e-01 
 2.92864456e+00  4.28947498e+02  2.92864456e+00 -2.53385647e-01 
 3.16227766e+00  4.28947473e+02  3.16227766e+00 -2.73599512e-01 
 3.41454887e+00  4.28947444e+02  3.41454887e+00 -2.95425938e-01 
 3.68694506e+00  4.28947410e+02  3.68694506e+00 -3.18993565e-01 
 3.98107171e+00  4.28947371e+02  3.98107171e+00 -3.44441297e-01 
 4.29866235e+00  4.28947325e+02  4.29866235e+00 -3.71919117e-01 
 4.64158883e+00  4.28947272e+02  4.64158883e+00 -4.01588975e-01 
 5.01187234e+00  4.28947209e+02  5.01187234e+00 -4.33625738e-01 
 5.41169527e+00  4.28947136e+02  5.41169527e+00 -4.68218222e-01 
 5.84341413e+00  4.28947052e+02  5.84341413e+00 -5.05570307e-01 
 6.30957344e+00  4.28946953e+02  6.30957344e+00 -5.45902135e-01 
 6.81292069e+00  4.28946838e+02  6.81292069e+00 -5.89451408e-01 
 7.35642254e+00  4.28946703e+02  7.35642254e+00 -6.36474790e-01 
 7.94328235e+00  4.28946547e+02  7.94328235e+00 -6.87249419e-01 
 8.57695899e+00  4.28946364e+02  8.57695899e+00 -7.42074538e-01 
 9.26118728e+00  4.28946151e+02  9.26118728e+00 -8.01273257e-01 
 1.00000000e+01  4.28945903e+02  1.00000000e+01 -8.65194461e-01 
 1.07977516e+01  4.28945614e+02  1.07977516e+01 -9.34214860e-01 
 1.16591440e+01  4.28945276e+02  1.16591440e+01 -1.00874121e+00 
 1.25892541e+01  4.28944883e+02  1.25892541e+01 -1.08921270e+00 
 1.35935639e+01  4.28944424e+02  1.35935639e+01 -1.17610357e+00 
 1.46779927e+01  4.28943890e+02  1.46779927e+01 -1.26992584e+00 
 1.58489319e+01  4.28943266e+02  1.58489319e+01 -1.37123239e+00 
 1.71132830e+01  4.28942540e+02  1.71132830e+01 -1.48062017e+00 
 1.84784980e+01  4.28941692e+02  1.84784980e+01 -1.59873372e+00 
 1.99526231e+01  4.28940704e+02  1.99526231e+01 -1.72626899e+00 
 2.15443469e+01  4.28939552e+02  2.15443469e+01 -1.86397738e+00 
 2.32630507e+01  4.28938209e+02  2.32630507e+01 -2.01267018e+00 
 2.51188643e+01  4.28936643e+02  2.51188643e+01 -2.17322334e+00 
 2.71227258e+01  4.28934817e+02  2.71227258e+01 -2.34658260e+00 
 2.92864456e+01  4.28932689e+02  2.92864456e+01 -2.53376904e+00 
 3.16227766e+01  4.28930207e+02  3.16227766e+01 -2.73588506e+00 
 3.41454887e+01  4.28927314e+02  3.41454887e+01 -2.95412082e+00 
 3.68694506e+01  4.28923940e+02  3.68694506e+01 -3.18976122e+00 
 3.98107171e+01  4.28920007e+02  3.98107171e+01 -3.44419337e+00 
 4.29866235e+01  4.28915422e+02  4.29866235e+01 -3.71891472e+00 
 4.64158883e+01  4.28910076e+02  4.64158883e+01 -4.01554172e+00 
 5.01187234e+01  4.28903842e+02  5.01187234e+01 -4.33581924e+00 
 5.41169527e+01  4.28896575e+02  5.41169527e+01 -4.68163065e+00 
 5.84341413e+01  4.28888103e+02  5.84341413e+01 -5.05500870e+00 
 6.30957344e+01  4.28878225e+02  6.30957344e+01 -5.45814721e+00 
 6.81292069e+01  4.28866710e+02  6.81292069e+01 -5.89341363e+00 
 7.35642254e+01  4.28853284e+02  7.35642254e+01 -6.36336257e+00 
 7.94328235e+01  4.28837632e+02  7.94328235e+01 -6.87075022e+00 
 8.57695899e+01  4.28819384e+02  8.57695899e+01 -7.41854994e+00 
 9.26118728e+01  4.28798110e+02  9.26118728e+01 -8.00996882e+00 
 1.00000000e+02  4.28773310e+02  1.00000000e+02 -8.64846545e+00 
 1.07977516e+02  4.28744399e+02  1.07977516e+02 -9.33776890e+00 
 1.16591440e+02  4.28710696e+02  1.16591440e+02 -1.00818988e+01 
 1.25892541e+02  4.28671407e+02  1.25892541e+02 -1.08851869e+01 
 1.35935639e+02  4.28625609e+02  1.35935639e+02 -1.17522995e+01 
 1.46779927e+02  4.28572226e+02  1.46779927e+02 -1.26882615e+01 
 1.58489319e+02  4.28510001e+02  1.58489319e+02 -1.36984817e+01 
 1.71132830e+02  4.28437476e+02  1.71132830e+02 -1.47887784e+01 
 1.84784980e+02  4.28352948e+02  1.84784980e+02 -1.59654070e+01 
 1.99526231e+02  4.28254438e+02  1.99526231e+02 -1.72350878e+01 
 2.15443469e+02  4.28139642e+02  2.15443469e+02 -1.86050341e+01 
 2.32630507e+02  4.28005876e+02  2.32630507e+02 -2.00829810e+01 
 2.51188643e+02  4.27850022e+02  2.51188643e+02 -2.16772124e+01 
 2.71227258e+02  4.27668453e+02  2.71227258e+02 -2.33965883e+01 
 2.92864456e+02  4.27456953e+02  2.92864456e+02 -2.52505689e+01 
 3.16227766e+02  4.27210627e+02  3.16227766e+02 -2.72492348e+01 
 3.41454887e+02  4.26923789e+02  3.41454887e+02 -2.94033036e+01 
 3.68694506e+02  4.26589846e+02  3.68694506e+02 -3.17241377e+01 
 3.98107171e+02  4.26201157e+02  3.98107171e+02 -3.42237432e+01 
 4.29866235e+02  4.25748870e+02  4.29866235e+02 -3.69147559e+01 
 4.64158883e+02  4.25222753e+02  4.64158883e+02 -3.98104099e+01 
 5.01187234e+02  4.24610984e+02  5.01187234e+02 -4.29244848e+01 
 5.41169527e+02  4.23899931e+02  5.41169527e+02 -4.62712239e+01 
 5.84341413e+02  4.23073903e+02  5.84341413e+02 -4.98652185e+01 
 6.30957344e+02  4.22114879e+02  6.30957344e+02 -5.37212468e+01 
 6.81292069e+02  4.21002210e+02  6.81292069e+02 -5.78540587e+01 
 7.35642254e+02  4.19712313e+02  7.35642254e+02 -6.22780945e+01 
 7.94328235e+02  4.18218342e+02  7.94328235e+02 -6.70071222e+01 
 8.57695899e+02  4.16489865e+02  8.57695899e+02 -7.20537802e+01 
 9.26118728e+02  4.14492551e+02  9.26118728e+02 -7.74290070e+01 
 1.00000000e+03  4.12187892e+02  1.00000000e+03 -8.31413422e+01 
 1.07977516e+03  4.09532989e+02  1.07977516e+03 -8.91960830e+01 
 1.16591440e+03  4.06480433e+02  1.16591440e+03 -9.55942830e+01 
 1.25892541e+03  4.02978342e+02  1.25892541e+03 -1.02331586e+02 
 1.35935639e+03  3.98970592e+02  1.35935639e+03 -1.09396897e+02 
 1.46779927e+03  3.94397335e+02  1.46779927e+03 -1.16770912e+02 
 1.58489319e+03  3.89195859e+02  1.58489319e+03 -1.24424536e+02 
 1.71132830e+03  3.83301882e+02  1.71132830e+03 -1.32317267e+02 
 1.84784980e+03  3.76651355e+02  1.84784980e+03 -1.40395629e+02 
 1.99526231e+03  3.69182838e+02  1.99526231e+03 -1.48591817e+02 
 2.15443469e+03  3.60840462e+02  2.15443469e+03 -1.56822709e+02 
 2.32630507e+03  3.51577473e+02  2.32630507e+03 -1.64989481e+02 
 2.51188643e+03  3.41360243e+02  2.51188643e+03 -1.72978052e+02 
 2.71227258e+03  3.30172554e+02  2.71227258e+03 -1.80660605e+02 
 2.92864456e+03  3.18019864e+02  2.92864456e+03 -1.87898367e+02 
 3.16227766e+03  3.04933145e+02  3.16227766e+03 -1.94545776e+02 
 3.41454887e+03  2.90971815e+02  3.41454887e+03 -2.00455979e+02 
 3.68694506e+03  2.76225269e+02  3.68694506e+03 -2.05487464e+02 
 3.98107171e+03  2.60812559e+02  3.98107171e+03 -2.09511404e+02 
 4.29866235e+03  2.44879937e+02  4.29866235e+03 -2.12419106e+02 
 4.64158883e+03  2.28596174e+02  4.64158883e+03 -2.14128839e+02 
 5.01187234e+03  2.12145894e+02  5.01187234e+03 -2.14591278e+02 
 5.41169527e+03  1.95721420e+02  5.41169527e+03 -2.13792917e+02 
 5.84341413e+03  1.79513873e+02  5.84341413e+03 -2.11757027e+02 
 6.30957344e+03  1.63704394e+02  6.30957344e+03 -2.08542014e+02 
 6.81292069e+03  1.48456317e+02  6.81292069e+03 -2.04237413e+02 
 7.35642254e+03  1.33908997e+02  7.35642254e+03 -1.98958001e+02 
 7.94328235e+03  1.20173718e+02  7.94328235e+03 -1.92836728e+02 
 8.57695899e+03  1.07331816e+02  8.57695899e+03 -1.86017230e+02 
 9.26118728e+03  9.54348976e+01  9.26118728e+03 -1.78646625e+02 
 1.00000000e+04  8.45067874e+01  1.00000000e+04 -1.70869147e+02 
 1.07977516e+04  7.45467547e+01  1.07977516e+04 -1.62820992e+02 
 1.16591440e+04  6.55335081e+01  1.16591440e+04 -1.54626527e+02 
 1.25892541e+04  5.74295011e+01  1.25892541e+04 -1.46395859e+02 
 1.35935639e+04  5.01851703e+01  1.35935639e+04 -1.38223623e+02 
 1.46779927e+04  4.37428358e+01  1.46779927e+04 -1.30188786e+02 
 1.58489319e+04  3.80400938e+01  1.58489319e+04 -1.22355209e+02 
 1.71132830e+04  3.30126263e+01  1.71132830e+04 -1.14772760e+02 
 1.84784980e+04  2.85964164e+01  1.84784980e+04 -1.07478737e+02 
 1.99526231e+04  2.47294088e+01  1.99526231e+04 -1.00499463e+02 
 2.15443469e+04  2.13526814e+01  2.15443469e+04 -9.38518977e+01 
 2.32630507e+04  1.84112066e+01  2.32630507e+04 -8.75451981e+01 
 2.51188643e+04  1.58542822e+01  2.51188643e+04 -8.15821519e+01 
 2.71227258e+04  1.36357083e+01  2.71227258e+04 -7.59604652e+01 
 2.92864456e+04  1.17137739e+01  2.92864456e+04 -7.06738833e+01 
 3.16227766e+04  1.00511108e+01  3.16227766e+04 -6.57131495e+01 
 3.41454887e+04  8.61445845e+00  3.41454887e+04 -6.10668084e+01 
 3.68694506e+04  7.37437390e+00  3.68694506e+04 -5.67218687e+01 
 3.98107171e+04  6.30491444e+00  3.98107171e+04 -5.26643420e+01 
 4.29866235e+04  5.38331132e+00  4.29866235e+04 -4.88796733e+01 
 4.64158883e+04  4.58964820e+00  4.64158883e+04 -4.53530800e+01 
 5.01187234e+04  3.90655337e+00  5.01187234e+04 -4.20698149e+01 
 5.41169527e+04  3.31891143e+00  5.41169527e+04 -3.90153655e+01 
 5.84341413e+04  2.81359747e+00  5.84341413e+04 -3.61756021e+01 
 6.30957344e+04  2.37923510e+00  6.30957344e+04 -3.35368837e+01 
 6.81292069e+04  2.00597842e+00  6.81292069e+04 -3.10861311e+01 
 7.35642254e+04  1.68531716e+00  7.35642254e+04 -2.88108738e+01 
 7.94328235e+04  1.40990362e+00  7.94328235e+04 -2.66992763e+01 
 8.57695899e+04  1.17339988e+00  8.57695899e+04 -2.47401479e+01 
 9.26118728e+04  9.70343427e-01  9.26118728e+04 -2.29229418e+01 
 1.00000000e+05  7.96029568e-01  1.00000000e+05 -2.12377439e+01 
 1.07977516e+05  6.46408664e-01  1.07977516e+05 -1.96752557e+01 
 1.16591440e+05  5.17996726e-01  1.16591440e+05 -1.82267727e+01 
 1.25892541e+05  4.07797711e-01  1.25892541e+05 -1.68841591e+01 
 1.35935639e+05  3.13236153e-01  1.35935639e+05 -1.56398210e+01 
 1.46779927e+05  2.32098842e-01  1.46779927e+05 -1.44866784e+01 
 1.58489319e+05  1.62484396e-01  1.58489319e+05 -1.34181366e+01 
 1.71132830e+05  1.02759720e-01  1.71132830e+05 -1.24280584e+01 
 1.84784980e+05  5.15224441e-02  1.84784980e+05 -1.15107359e+01 
 1.99526231e+05  7.56854038e-03  1.99526231e+05 -1.06608640e+01 
 2.15443469e+05 -3.01355594e-02  2.15443469e+05 -9.87351426e+00 
 2.32630507e+05 -6.24769728e-02  2.32630507e+05 -9.14411023e+00 
 2.51188643e+05 -9.02170179e-02  2.51188643e+05 -8.46840379e+00 
 2.71227258e+05 -1.14008974e-01  2.71227258e+05 -7.84245285e+00 
 2.92864456e+05 -1.34413346e-01  2.92864456e+05 -7.26260030e+00 
 3.16227766e+05 -1.51910982e-01  3.16227766e+05 -6.72545410e+00 
 3.41454887e+05 -1.66914343e-01  3.41454887e+05 -6.22786870e+00 
 3.68694506e+05 -1.79777172e-01  3.68694506e+05 -5.76692752e+00 
 3.98107171e+05 -1.90802806e-01  3.98107171e+05 -5.33992667e+00 
 4.29866235e+05 -2.00251301e-01  4.29866235e+05 -4.94435968e+00 
 4.64158883e+05 -2.08345546e-01  4.64158883e+05 -4.57790327e+00 
 5.01187234e+05 -2.15276509e-01  5.01187234e+05 -4.23840407e+00 
 5.41169527e+05 -2.21207731e-01  5.41169527e+05 -3.92386631e+00 
 5.84341413e+05 -2.26279181e-01  5.84341413e+05 -3.63244030e+00 
 6.30957344e+05 -2.30610549e-01  6.30957344e+05 -3.36241179e+00 
 6.81292069e+05 -2.34304072e-01  6.81292069e+05 -3.11219199e+00 
 7.35642254e+05 -2.37446943e-01  7.35642254e+05 -2.88030840e+00 
 7.94328235e+05 -2.40113367e-01  7.94328235e+05 -2.66539624e+00 
 8.57695899e+05 -2.42366318e-01  8.57695899e+05 -2.46619049e+00 
 9.26118728e+05 -2.44259021e-01  9.26118728e+05 -2.28151852e+00 
 1.00000000e+06 -2.45836217e-01  1.00000000e+06 -2.11029331e+00 
 1.07977516e+06 -2.47135223e-01  1.07977516e+06 -1.95150703e+00 
 1.16591440e+06 -2.48186817e-01  1.16591440e+06 -1.80422526e+00 
 1.25892541e+06 -2.49015982e-01  1.25892541e+06 -1.66758149e+00 
 1.35935639e+06 -2.49642501e-01  1.35935639e+06 -1.54077212e+00 
 1.46779927e+06 -2.50081453e-01  1.46779927e+06 -1.42305184e+00 
 1.58489319e+06 -2.50343586e-01  1.58489319e+06 -1.31372928e+00 
 1.71132830e+06 -2.50435613e-01  1.71132830e+06 -1.21216313e+00 
 1.84784980e+06 -2.50360416e-01  1.84784980e+06 -1.11775845e+00 
 1.99526231e+06 -2.50117177e-01  1.99526231e+06 -1.02996338e+00 
 2.15443469e+06 -2.49701447e-01  2.15443469e+06 -9.48266103e-01 
 2.32630507e+06 -2.49105156e-01  2.32630507e+06 -8.72192077e-01 
 2.51188643e+06 -2.48316573e-01  2.51188643e+06 -8.01301579e-01 
 2.71227258e+06 -2.47320240e-01  2.71227258e+06 -7.35187497e-01 
 2.92864456e+06 -2.46096874e-01  2.92864456e+06 -6.73473402e-01 
 3.16227766e+06 -2.44623270e-01  3.16227766e+06 -6.15811885e-01 
 3.41454887e+06 -2.42872224e-01  3.41454887e+06 -5.61883180e-01 
 3.68694506e+06 -2.40812508e-01  3.68694506e+06 -5.11394048e-01 
 3.98107171e+06 -2.38408919e-01  3.98107171e+06 -4.64076944e-01 
 4.29866235e+06 -2.35622481e-01  4.29866235e+06 -4.19689452e-01 
 4.64158883e+06 -2.32410819e-01  4.64158883e+06 -3.78013971e-01 
 5.01187234e+06 -2.28728800e-01  5.01187234e+06 -3.38857632e-01 
 5.41169527e+06 -2.24529505e-01  5.41169527e+06 -3.02052392e-01 
 5.84341413e+06 -2.19765606e-01  5.84341413e+06 -2.67455233e-01 
 6.30957344e+06 -2.14391228e-01  6.30957344e+06 -2.34948357e-01 
 6.81292069e+06 -2.08364354e-01  6.81292069e+06 -2.04439220e-01 
 7.35642254e+06 -2.01649794e-01  7.35642254e+06 -1.75860234e-01 
 7.94328235e+06 -1.94222677e-01  7.94328235e+06 -1.49167874e-01 
 8.57695899e+06 -1.86072369e-01  8.57695899e+06 -1.24340961e-01 
 9.26118728e+06 -1.77206583e-01  9.26118728e+06 -1.01377857e-01 
 1.00000000e+07 -1.67655343e-01  1.00000000e+07 -8.02923472e-02 
 1.07977516e+07 -1.57474335e-01  1.07977516e+07 -6.11081300e-02 
 1.16591440e+07 -1.46747096e-01  1.16591440e+07 -4.38519440e-02 
 1.25892541e+07 -1.35585445e-01  1.25892541e+07 -2.85456421e-02 
 1.35935639e+07 -1.24127643e-01  1.35935639e+07 -1.51977498e-02 
 1.46779927e+07 -1.12533971e-01  1.46779927e+07 -3.79530972e-03 
 1.58489319e+07 -1.00979717e-01  1.58489319e+07  5.70302569e-03 
 1.71132830e+07 -8.96460024e-02  1.71132830e+07  1.33716695e-02 
 1.84784980e+07 -7.87092633e-02  1.84784980e+07  1.93197382e-02 
 1.99526231e+07 -6.83305667e-02  1.99526231e+07  2.36892191e-02 
 2.15443469e+07 -5.86460421e-02  2.15443469e+07  2.66497441e-02 
 2.32630507e+07 -4.97596191e-02  2.32630507e+07  2.83905872e-02 
 2.51188643e+07 -4.17388942e-02  2.51188643e+07  2.91109416e-02 
 2.71227258e+07 -3.46144433e-02  2.71227258e+07  2.90097587e-02 
 2.92864456e+07 -2.83823452e-02  2.92864456e+07  2.82764025e-02 
 3.16227766e+07 -2.30092306e-02  3.16227766e+07  2.70831100e-02 
 3.41454887e+07 -1.84389050e-02  3.41454887e+07  2.55798384e-02 
 3.68694506e+07 -1.45995409e-02  3.68694506e+07  2.38916379e-02 
 3.98107171e+07 -1.14105677e-02  3.98107171e+07  2.21183149e-02 
 4.29866235e+07 -8.78863427e-03  4.29866235e+07  2.03358986e-02 
 4.64158883e+07 -6.65229682e-03  4.64158883e+07  1.85993237e-02 
 5.01187234e+07 -4.92534350e-03  5.01187234e+07  1.69457549e-02 
 5.41169527e+07 -3.53885141e-03  5.41169527e+07  1.53980776e-02 
 5.84341413e+07 -2.43218598e-03  5.84341413e+07  1.39682097e-02 
 6.30957344e+07 -1.55319735e-03  6.30957344e+07  1.26600246e-02 
 6.81292069e+07 -8.57863101e-04  6.81292069e+07  1.14717887e-02 
 7.35642254e+07 -3.09592720e-04  7.35642254e+07  1.03980965e-02 
 7.94328235e+07  1.21638129e-04  7.94328235e+07  9.43134496e-03 
 8.57695899e+07  4.60203249e-04  8.57695899e+07  8.56280850e-03 
 9.26118728e+07  7.25713050e-04  9.26118728e+07  7.78339283e-03 
 1.00000000e+08  9.33827622e-04  1.00000000e+08  7.08413737e-03 
 1.07977516e+08  1.09697397e-03  1.07977516e+08  6.45653032e-03 
 1.16591440e+08  1.22496133e-03  1.16591440e+08  5.89268834e-03 
 1.25892541e+08  1.32549829e-03  1.25892541e+08  5.38544161e-03 
 1.35935639e+08  1.40462022e-03  1.35935639e+08  4.92835538e-03 
 1.46779927e+08  1.46703829e-03  1.46779927e+08  4.51571064e-03 
 1.58489319e+08  1.51642135e-03  1.58489319e+08  4.14246030e-03 
 1.71132830e+08  1.55562163e-03  1.71132830e+08  3.80417218e-03 
 1.84784980e+08  1.58685416e-03  1.84784980e+08  3.49696658e-03 
 1.99526231e+08  1.61183831e-03  1.99526231e+08  3.21745342e-03 
 2.15443469e+08  1.63190901e-03  2.15443469e+08  2.96267215e-03 
 2.32630507e+08  1.64810356e-03  2.32630507e+08  2.73003616e-03 
 2.51188643e+08  1.66122912e-03  2.51188643e+08  2.51728266e-03 
 2.71227258e+08  1.67191508e-03  2.71227258e+08  2.32242826e-03 
 2.92864456e+08  1.68065342e-03  2.92864456e+08  2.14373008e-03 
 3.16227766e+08  1.68782993e-03  3.16227766e+08  1.97965213e-03 
 3.41454887e+08  1.69374821e-03  3.41454887e+08  1.82883642e-03 
 3.68694506e+08  1.69864807e-03  3.68694506e+08  1.69007832e-03 
 3.98107171e+08  1.70271978e-03  3.98107171e+08  1.56230548e-03 
 4.29866235e+08  1.70611495e-03  4.29866235e+08  1.44456010e-03 
 4.64158883e+08  1.70895499e-03  4.64158883e+08  1.33598378e-03 
 5.01187234e+08  1.71133757e-03  5.01187234e+08  1.23580473e-03 
 5.41169527e+08  1.71334165e-03  5.41169527e+08  1.14332687e-03 
 5.84341413e+08  1.71503136e-03  5.84341413e+08  1.05792066e-03 
 6.30957344e+08  1.71645905e-03  6.30957344e+08  9.79015164e-04 
 6.81292069e+08  1.71766765e-03  6.81292069e+08  9.06091388e-04 
 7.35642254e+08  1.71869251e-03  7.35642254e+08  8.38676472e-04 
 7.94328235e+08  1.71956284e-03  7.94328235e+08  7.76338739e-04 
 8.57695899e+08  1.72030292e-03  8.57695899e+08  7.18683408e-04 
 9.26118728e+08  1.72093297e-03  9.26118728e+08  6.65348853e-04 
 1.00000000e+09  1.72146987e-03  1.00000000e+09  6.16003358e-04 
 1.07977516e+09  1.72192781e-03  1.07977516e+09  5.70342258e-04 
 1.16591440e+09  1.72231870e-03  1.16591440e+09  5.28085426e-04 
 1.25892541e+09  1.72265257e-03  1.25892541e+09  4.88975048e-04 
 1.35935639e+09  1.72293790e-03  1.35935639e+09  4.52773644e-04 
 1.46779927e+09  1.72318187e-03  1.46779927e+09  4.19262309e-04 
 1.58489319e+09  1.72339057e-03  1.58489319e+09  3.88239124e-04 
 1.71132830e+09  1.72356916e-03  1.71132830e+09  3.59517740e-04 
 1.84784980e+09  1.72372204e-03  1.84784980e+09  3.32926091e-04 
 1.99526231e+09  1.72385294e-03  1.99526231e+09  3.08305236e-04 
 2.15443469e+09  1.72396505e-03  2.15443469e+09  2.85508302e-04 
 2.32630507e+09  1.72406108e-03  2.32630507e+09  2.64399531e-04 
 2.51188643e+09  1.72414337e-03  2.51188643e+09  2.44853396e-04 
 2.71227258e+09  1.72421387e-03  2.71227258e+09  2.26753814e-04 
 2.92864456e+09  1.72427430e-03  2.92864456e+09  2.09993405e-04 
 3.16227766e+09  1.72432609e-03  3.16227766e+09  1.94472829e-04 
 3.41454887e+09  1.72437049e-03  3.41454887e+09  1.80100165e-04 
 3.68694506e+09  1.72440854e-03  3.68694506e+09  1.66790352e-04 
 3.98107171e+09  1.72444117e-03  3.98107171e+09  1.54464663e-04 
 4.29866235e+09  1.72446915e-03  4.29866235e+09  1.43050229e-04 
 4.64158883e+09  1.72449314e-03  4.64158883e+09  1.32479599e-04 
 5.01187234e+09  1.72451370e-03  5.01187234e+09  1.22690331e-04 
 5.41169527e+09  1.72453134e-03  5.41169527e+09  1.13624617e-04 
 5.84341413e+09  1.72454646e-03  5.84341413e+09  1.05228935e-04 
 6.30957344e+09  1.72455943e-03  6.30957344e+09  9.74537320e-05 
 6.81292069e+09  1.72457056e-03  6.81292069e+09  9.02531264e-05 
 7.35642254e+09  1.72458009e-03  7.35642254e+09  8.35846341e-05 
 7.94328235e+09  1.72458827e-03  7.94328235e+09  7.74089165e-05 
 8.57695899e+09  1.72459529e-03  8.57695899e+09  7.16895466e-05 
 9.26118728e+09  1.72460131e-03  9.26118728e+09  6.63927929e-05 
 1.00000000e+10  1.72460647e-03  1.00000000e+10  6.14874192e-05 
