 1.00000000e+00  2.82856792e+02  1.00000000e+00 -1.09766749e-02 
 1.07977516e+00  2.82856792e+02  1.07977516e+00 -1.18523409e-02 
 1.16591440e+00  2.82856792e+02  1.16591440e+00 -1.27978633e-02 
 1.25892541e+00  2.82856792e+02  1.25892541e+00 -1.38188150e-02 
 1.35935639e+00  2.82856792e+02  1.35935639e+00 -1.49212132e-02 
 1.46779927e+00  2.82856792e+02  1.46779927e+00 -1.61115554e-02 
 1.58489319e+00  2.82856792e+02  1.58489319e+00 -1.73968573e-02 
 1.71132830e+00  2.82856791e+02  1.71132830e+00 -1.87846944e-02 
 1.84784980e+00  2.82856791e+02  1.84784980e+00 -2.02832464e-02 
 1.99526231e+00  2.82856791e+02  1.99526231e+00 -2.19013457e-02 
 2.15443469e+00  2.82856791e+02  2.15443469e+00 -2.36485291e-02 
 2.32630507e+00  2.82856790e+02  2.32630507e+00 -2.55350943e-02 
 2.51188643e+00  2.82856790e+02  2.51188643e+00 -2.75721605e-02 
 2.71227258e+00  2.82856790e+02  2.71227258e+00 -2.97717341e-02 
 2.92864456e+00  2.82856789e+02  2.92864456e+00 -3.21467789e-02 
 3.16227766e+00  2.82856788e+02  3.16227766e+00 -3.47112934e-02 
 3.41454887e+00  2.82856788e+02  3.41454887e+00 -3.74803923e-02 
 3.68694506e+00  2.82856787e+02  3.68694506e+00 -4.04703966e-02 
 3.98107171e+00  2.82856786e+02  3.98107171e+00 -4.36989289e-02 
 4.29866235e+00  2.82856785e+02  4.29866235e+00 -4.71850179e-02 
 4.64158883e+00  2.82856783e+02  4.64158883e+00 -5.09492101e-02 
 5.01187234e+00  2.82856782e+02  5.01187234e+00 -5.50136913e-02 
 5.41169527e+00  2.82856780e+02  5.41169527e+00 -5.94024171e-02 
 5.84341413e+00  2.82856778e+02  5.84341413e+00 -6.41412541e-02 
 6.30957344e+00  2.82856776e+02  6.30957344e+00 -6.92581325e-02 
 6.81292069e+00  2.82856773e+02  6.81292069e+00 -7.47832105e-02 
 7.35642254e+00  2.82856770e+02  7.35642254e+00 -8.07490523e-02 
 7.94328235e+00  2.82856766e+02  7.94328235e+00 -8.71908199e-02 
 8.57695899e+00  2.82856761e+02  8.57695899e+00 -9.41464802e-02 
 9.26118728e+00  2.82856756e+02  9.26118728e+00 -1.01657029e-01 
 1.00000000e+01  2.82856750e+02  1.00000000e+01 -1.09766733e-01 
 1.07977516e+01  2.82856743e+02  1.07977516e+01 -1.18523389e-01 
 1.16591440e+01  2.82856735e+02  1.16591440e+01 -1.27978608e-01 
 1.25892541e+01  2.82856725e+02  1.25892541e+01 -1.38188117e-01 
 1.35935639e+01  2.82856714e+02  1.35935639e+01 -1.49212091e-01 
 1.46779927e+01  2.82856701e+02  1.46779927e+01 -1.61115502e-01 
 1.58489319e+01  2.82856686e+02  1.58489319e+01 -1.73968508e-01 
 1.71132830e+01  2.82856668e+02  1.71132830e+01 -1.87846862e-01 
 1.84784980e+01  2.82856648e+02  1.84784980e+01 -2.02832362e-01 
 1.99526231e+01  2.82856624e+02  1.99526231e+01 -2.19013328e-01 
 2.15443469e+01  2.82856596e+02  2.15443469e+01 -2.36485128e-01 
 2.32630507e+01  2.82856563e+02  2.32630507e+01 -2.55350738e-01 
 2.51188643e+01  2.82856525e+02  2.51188643e+01 -2.75721348e-01 
 2.71227258e+01  2.82856480e+02  2.71227258e+01 -2.97717016e-01 
 2.92864456e+01  2.82856428e+02  2.92864456e+01 -3.21467381e-01 
 3.16227766e+01  2.82856368e+02  3.16227766e+01 -3.47112419e-01 
 3.41454887e+01  2.82856298e+02  3.41454887e+01 -3.74803276e-01 
 3.68694506e+01  2.82856215e+02  3.68694506e+01 -4.04703151e-01 
 3.98107171e+01  2.82856120e+02  3.98107171e+01 -4.36988263e-01 
 4.29866235e+01  2.82856008e+02  4.29866235e+01 -4.71848887e-01 
 4.64158883e+01  2.82855878e+02  4.64158883e+01 -5.09490474e-01 
 5.01187234e+01  2.82855726e+02  5.01187234e+01 -5.50134865e-01 
 5.41169527e+01  2.82855549e+02  5.41169527e+01 -5.94021593e-01 
 5.84341413e+01  2.82855343e+02  5.84341413e+01 -6.41409296e-01 
 6.30957344e+01  2.82855102e+02  6.30957344e+01 -6.92577239e-01 
 6.81292069e+01  2.82854822e+02  6.81292069e+01 -7.47826962e-01 
 7.35642254e+01  2.82854495e+02  7.35642254e+01 -8.07484048e-01 
 7.94328235e+01  2.82854113e+02  7.94328235e+01 -8.71900047e-01 
 8.57695899e+01  2.82853669e+02  8.57695899e+01 -9.41454540e-01 
 9.26118728e+01  2.82853150e+02  9.26118728e+01 -1.01655737e+00 
 1.00000000e+02  2.82852546e+02  1.00000000e+02 -1.09765106e+00 
 1.07977516e+02  2.82851842e+02  1.07977516e+02 -1.18521341e+00 
 1.16591440e+02  2.82851020e+02  1.16591440e+02 -1.27976030e+00 
 1.25892541e+02  2.82850062e+02  1.25892541e+02 -1.38184872e+00 
 1.35935639e+02  2.82848946e+02  1.35935639e+02 -1.49208005e+00 
 1.46779927e+02  2.82847644e+02  1.46779927e+02 -1.61110359e+00 
 1.58489319e+02  2.82846126e+02  1.58489319e+02 -1.73962034e+00 
 1.71132830e+02  2.82844357e+02  1.71132830e+02 -1.87838711e+00 
 1.84784980e+02  2.82842293e+02  1.84784980e+02 -2.02822100e+00 
 1.99526231e+02  2.82839888e+02  1.99526231e+02 -2.19000409e+00 
 2.15443469e+02  2.82837083e+02  2.15443469e+02 -2.36468865e+00 
 2.32630507e+02  2.82833814e+02  2.32630507e+02 -2.55330264e+00 
 2.51188643e+02  2.82830001e+02  2.51188643e+02 -2.75695573e+00 
 2.71227258e+02  2.82825557e+02  2.71227258e+02 -2.97684568e+00 
 2.92864456e+02  2.82820375e+02  2.92864456e+02 -3.21426532e+00 
 3.16227766e+02  2.82814334e+02  3.16227766e+02 -3.47060995e+00 
 3.41454887e+02  2.82807290e+02  3.41454887e+02 -3.74738538e+00 
 3.68694506e+02  2.82799079e+02  3.68694506e+02 -4.04621654e+00 
 3.98107171e+02  2.82789505e+02  3.98107171e+02 -4.36885668e+00 
 4.29866235e+02  2.82778345e+02  4.29866235e+02 -4.71719732e+00 
 4.64158883e+02  2.82765333e+02  4.64158883e+02 -5.09327886e+00 
 5.01187234e+02  2.82750164e+02  5.01187234e+02 -5.49930190e+00 
 5.41169527e+02  2.82732481e+02  5.41169527e+02 -5.93763938e+00 
 5.84341413e+02  2.82711867e+02  5.84341413e+02 -6.41084951e+00 
 6.30957344e+02  2.82687836e+02  6.30957344e+02 -6.92168948e+00 
 6.81292069e+02  2.82659823e+02  6.81292069e+02 -7.47313004e+00 
 7.35642254e+02  2.82627169e+02  7.35642254e+02 -8.06837090e+00 
 7.94328235e+02  2.82589107e+02  7.94328235e+02 -8.71085685e+00 
 8.57695899e+02  2.82544743e+02  8.57695899e+02 -9.40429481e+00 
 9.26118728e+02  2.82493036e+02  9.26118728e+02 -1.01526714e+01 
 1.00000000e+03  2.82432773e+02  1.00000000e+03 -1.09602710e+01 
 1.07977516e+03  2.82362545e+02  1.07977516e+03 -1.18316948e+01 
 1.16591440e+03  2.82280709e+02  1.16591440e+03 -1.27718789e+01 
 1.25892541e+03  2.82185354e+02  1.25892541e+03 -1.37861135e+01 
 1.35935639e+03  2.82074260e+02  1.35935639e+03 -1.48800606e+01 
 1.46779927e+03  2.81944844e+02  1.46779927e+03 -1.60597711e+01 
 1.58489319e+03  2.81794105e+02  1.58489319e+03 -1.73316995e+01 
 1.71132830e+03  2.81618560e+02  1.71132830e+03 -1.87027165e+01 
 1.84784980e+03  2.81414164e+02  1.84784980e+03 -2.01801171e+01 
 1.99526231e+03  2.81176228e+02  1.99526231e+03 -2.17716230e+01 
 2.15443469e+03  2.80899322e+02  2.15443469e+03 -2.34853782e+01 
 2.32630507e+03  2.80577159e+02  2.32630507e+03 -2.53299343e+01 
 2.51188643e+03  2.80202473e+02  2.51188643e+03 -2.73142233e+01 
 2.71227258e+03  2.79766879e+02  2.71227258e+03 -2.94475136e+01 
 2.92864456e+03  2.79260716e+02  2.92864456e+03 -3.17393457e+01 
 3.16227766e+03  2.78672873e+02  3.16227766e+03 -3.41994416e+01 
 3.41454887e+03  2.77990606e+02  3.41454887e+03 -3.68375819e+01 
 3.68694506e+03  2.77199333e+02  3.68694506e+03 -3.96634423e+01 
 3.98107171e+03  2.76282429e+02  3.98107171e+03 -4.26863834e+01 
 4.29866235e+03  2.75221002e+02  4.29866235e+03 -4.59151803e+01 
 4.64158883e+03  2.73993689e+02  4.64158883e+03 -4.93576856e+01 
 5.01187234e+03  2.72576452e+02  5.01187234e+03 -5.30204113e+01 
 5.41169527e+03  2.70942418e+02  5.41169527e+03 -5.69080212e+01 
 5.84341413e+03  2.69061761e+02  5.84341413e+03 -6.10227224e+01 
 6.30957344e+03  2.66901671e+02  6.30957344e+03 -6.53635500e+01 
 6.81292069e+03  2.64426438e+02  6.81292069e+03 -6.99255427e+01 
 7.35642254e+03  2.61597690e+02  7.35642254e+03 -7.46988154e+01 
 7.94328235e+03  2.58374841e+02  7.94328235e+03 -7.96675470e+01 
 8.57695899e+03  2.54715796e+02  8.57695899e+03 -8.48089163e+01 
 9.26118728e+03  2.50577963e+02  9.26118728e+03 -9.00920404e+01 
 1.00000000e+04  2.45919633e+02  1.00000000e+04 -9.54769952e+01 
 1.07977516e+04  2.40701736e+02  1.07977516e+04 -1.00914021e+02 
 1.16591440e+04  2.34889998e+02  1.16591440e+04 -1.06343050e+02 
 1.25892541e+04  2.28457445e+02  1.25892541e+04 -1.11693698e+02 
 1.35935639e+04  2.21387166e+02  1.35935639e+04 -1.16885894e+02 
 1.46779927e+04  2.13675166e+02  1.46779927e+04 -1.21831284e+02 
 1.58489319e+04  2.05333088e+02  1.58489319e+04 -1.26435513e+02 
 1.71132830e+04  1.96390490e+02  1.71132830e+04 -1.30601428e+02 
 1.84784980e+04  1.86896370e+02  1.84784980e+04 -1.34233103e+02 
 1.99526231e+04  1.76919610e+02  1.99526231e+04 -1.37240505e+02 
 2.15443469e+04  1.66548075e+02  2.15443469e+04 -1.39544434e+02 
 2.32630507e+04  1.55886268e+02  2.32630507e+04 -1.41081309e+02 
 2.51188643e+04  1.45051550e+02  2.51188643e+04 -1.41807293e+02 
 2.71227258e+04  1.34169197e+02  2.71227258e+04 -1.41701273e+02 
 2.92864456e+04  1.23366702e+02  2.92864456e+04 -1.40766344e+02 
 3.16227766e+04  1.12767852e+02  3.16227766e+04 -1.39029583e+02 
 3.41454887e+04  1.02487174e+02  3.41454887e+04 -1.36540170e+02 
 3.68694506e+04  9.26252520e+01  3.68694506e+04 -1.33366073e+02 
 3.98107171e+04  8.32653027e+01  3.98107171e+04 -1.29589703e+02 
 4.29866235e+04  7.44711905e+01  4.29866235e+04 -1.25303053e+02 
 4.64158883e+04  6.62868933e+01  4.64158883e+04 -1.20602776e+02 
 5.01187234e+04  5.87372448e+01  5.01187234e+04 -1.15585667e+02 
 5.41169527e+04  5.18296812e+01  5.41169527e+04 -1.10344823e+02 
 5.84341413e+04  4.55566648e+01  5.84341413e+04 -1.04966674e+02 
 6.30957344e+04  3.98984616e+01  6.30957344e+04 -9.95289317e+01 
 6.81292069e+04  3.48259921e+01  6.81292069e+04 -9.40993918e+01 
 7.35642254e+04  3.03035413e+01  7.35642254e+04 -8.87354834e+01 
 7.94328235e+04  2.62911815e+01  7.94328235e+04 -8.34844082e+01 
 8.57695899e+04  2.27468279e+01  8.57695899e+04 -7.83837091e+01 
 9.26118728e+04  1.96279007e+01  9.26118728e+04 -7.34621232e+01 
 1.00000000e+05  1.68926043e+01  1.00000000e+05 -6.87405909e+01 
 1.07977516e+05  1.45008592e+01  1.07977516e+05 -6.42333245e+01 
 1.16591440e+05  1.24149359e+01  1.16591440e+05 -5.99488632e+01 
 1.25892541e+05  1.05998441e+01  1.25892541e+05 -5.58910665e+01 
 1.35935639e+05  9.02352910e+00  1.35935639e+05 -5.20600165e+01 
 1.46779927e+05  7.65692098e+00  1.46779927e+05 -4.84528148e+01 
 1.58489319e+05  6.47387905e+00  1.58489319e+05 -4.50642702e+01 
 1.71132830e+05  5.45106261e+00  1.71132830e+05 -4.18874807e+01 
 1.84784980e+05  4.56775515e+00  1.84784980e+05 -3.89143178e+01 
 1.99526231e+05  3.80566191e+00  1.99526231e+05 -3.61358224e+01 
 2.15443469e+05  3.14869587e+00  2.15443469e+05 -3.35425243e+01 
 2.32630507e+05  2.58276264e+00  2.32630507e+05 -3.11246958e+01 
 2.51188643e+05  2.09555190e+00  2.51188643e+05 -2.88725497e+01 
 2.71227258e+05  1.67633987e+00  2.71227258e+05 -2.67763915e+01 
 2.92864456e+05  1.31580598e+00  2.92864456e+05 -2.48267330e+01 
 3.16227766e+05  1.00586488e+00  3.16227766e+05 -2.30143761e+01 
 3.41454887e+05  7.39514358e-01  3.41454887e+05 -2.13304716e+01 
 3.68694506e+05  5.10698925e-01  3.68694506e+05 -1.97665579e+01 
 3.98107171e+05  3.14188281e-01  3.98107171e+05 -1.83145850e+01 
 4.29866235e+05  1.45469730e-01  4.29866235e+05 -1.69669263e+01 
 4.64158883e+05  6.53418822e-04  4.64158883e+05 -1.57163809e+01 
 5.01187234e+05 -1.23610787e-01  5.01187234e+05 -1.45561697e+01 
 5.41169527e+05 -2.30205956e-01  5.41169527e+05 -1.34799256e+01 
 5.84341413e+05 -3.21611402e-01  5.84341413e+05 -1.24816807e+01 
 6.30957344e+05 -3.99957709e-01  6.30957344e+05 -1.15558506e+01 
 6.81292069e+05 -4.67074451e-01  6.81292069e+05 -1.06972170e+01 
 7.35642254e+05 -5.24531486e-01  7.35642254e+05 -9.90090935e+00 
 7.94328235e+05 -5.73674626e-01  7.94328235e+05 -9.16238655e+00 
 8.57695899e+05 -6.15656397e-01  8.57695899e+05 -8.47741774e+00 
 9.26118728e+05 -6.51462518e-01  9.26118728e+05 -7.84206401e+00 
 1.00000000e+06 -6.81934654e-01  1.00000000e+06 -7.25266030e+00 
 1.07977516e+06 -7.07789931e-01  1.07977516e+06 -6.70579802e+00 
 1.16591440e+06 -7.29637651e-01  1.16591440e+06 -6.19830840e+00 
 1.25892541e+06 -7.47993556e-01  1.25892541e+06 -5.72724662e+00 
 1.35935639e+06 -7.63291999e-01  1.35935639e+06 -5.28987694e+00 
 1.46779927e+06 -7.75896269e-01  1.46779927e+06 -4.88365864e+00 
 1.58489319e+06 -7.86107358e-01  1.58489319e+06 -4.50623293e+00 
 1.71132830e+06 -7.94171353e-01  1.71132830e+06 -4.15541084e+00 
 1.84784980e+06 -8.00285685e-01  1.84784980e+06 -3.82916203e+00 
 1.99526231e+06 -8.04604380e-01  1.99526231e+06 -3.52560457e+00 
 2.15443469e+06 -8.07242512e-01  2.15443469e+06 -3.24299570e+00 
 2.32630507e+06 -8.08279990e-01  2.32630507e+06 -2.97972352e+00 
 2.51188643e+06 -8.07764863e-01  2.51188643e+06 -2.73429968e+00 
 2.71227258e+06 -8.05716287e-01  2.71227258e+06 -2.50535299e+00 
 2.92864456e+06 -8.02127343e-01  2.92864456e+06 -2.29162397e+00 
 3.16227766e+06 -7.96967884e-01  3.16227766e+06 -2.09196031e+00 
 3.41454887e+06 -7.90187603e-01  3.41454887e+06 -1.90531308e+00 
 3.68694506e+06 -7.81719541e-01  3.68694506e+06 -1.73073379e+00 
 3.98107171e+06 -7.71484240e-01  3.98107171e+06 -1.56737184e+00 
 4.29866235e+06 -7.59394730e-01  4.29866235e+06 -1.41447238e+00 
 4.64158883e+06 -7.45362522e-01  4.64158883e+06 -1.27137413e+00 
 5.01187234e+06 -7.29304687e-01  5.01187234e+06 -1.13750682e+00 
 5.41169527e+06 -7.11151991e-01  5.41169527e+06 -1.01238772e+00 
 5.84341413e+06 -6.90857931e-01  5.84341413e+06 -8.95616803e-01 
 6.30957344e+06 -6.68408265e-01  6.30957344e+06 -7.86869979e-01 
 6.81292069e+06 -6.43830448e-01  6.81292069e+06 -6.85889964e-01 
 7.35642254e+06 -6.17202168e-01  7.35642254e+06 -5.92474558e-01 
 7.94328235e+06 -5.88657973e-01  7.94328235e+06 -5.06462332e-01 
 8.57695899e+06 -5.58392989e-01  8.57695899e+06 -4.27716135e-01 
 9.26118728e+06 -5.26662766e-01  9.26118728e+06 -3.56105274e-01 
 1.00000000e+07 -4.93778640e-01  1.00000000e+07 -2.91487565e-01 
 1.07977516e+07 -4.60098424e-01  1.07977516e+07 -2.33692782e-01 
 1.16591440e+07 -4.26012881e-01  1.16591440e+07 -1.82509057e-01 
 1.25892541e+07 -3.91928989e-01  1.25892541e+07 -1.37673613e-01 
 1.35935639e+07 -3.58251536e-01  1.35935639e+07 -9.88687337e-02 
 1.46779927e+07 -3.25364850e-01  1.46779927e+07 -6.57232695e-02 
 1.58489319e+07 -2.93616420e-01  1.58489319e+07 -3.78192637e-02 
 1.71132830e+07 -2.63303874e-01  1.71132830e+07 -1.47026679e-02 
 1.84784980e+07 -2.34666271e-01  1.84784980e+07  4.10328746e-03 
 1.99526231e+07 -2.07880002e-01  1.99526231e+07  1.90836640e-02 
 2.15443469e+07 -1.83059081e-01  2.15443469e+07  3.07178202e-02 
 2.32630507e+07 -1.60259100e-01  2.32630507e+07  3.94670442e-02 
 2.51188643e+07 -1.39483891e-01  2.51188643e+07  4.57646006e-02 
 2.71227258e+07 -1.20693851e-01  2.71227258e+07  5.00085614e-02 
 2.92864456e+07 -1.03814950e-01  2.92864456e+07  5.25574197e-02 
 3.16227766e+07 -8.87476397e-02  3.16227766e+07  5.37282220e-02 
 3.41454887e+07 -7.53750608e-02  3.41454887e+07  5.37967865e-02 
 3.68694506e+07 -6.35702031e-02  3.68694506e+07  5.29995122e-02 
 3.98107171e+07 -5.32018350e-02  3.98107171e+07  5.15362886e-02 
 4.29866235e+07 -4.41391759e-02  4.29866235e+07  4.95740707e-02 
 4.64158883e+07 -3.62553862e-02  4.64158883e+07  4.72507606e-02 
 5.01187234e+07 -2.94300045e-02  5.01187234e+07  4.46791235e-02 
 5.41169527e+07 -2.35504961e-02  5.41169527e+07  4.19505414e-02 
 5.84341413e+07 -1.85130777e-02  5.84341413e+07  3.91384776e-02 
 6.30957344e+07 -1.42229766e-02  6.30957344e+07  3.63015752e-02 
 6.81292069e+07 -1.05942687e-02  6.81292069e+07  3.34863547e-02 
 7.35642254e+07 -7.54941679e-03  7.35642254e+07  3.07295016e-02 
 7.94328235e+07 -5.01861725e-03  7.94328235e+07  2.80597555e-02 
 8.57695899e+07 -2.93904327e-03  8.57695899e+07  2.54994270e-02 
 9.26118728e+07 -1.25406029e-03  9.26118728e+07  2.30655768e-02 
 1.00000000e+08  8.75256036e-05  1.00000000e+08  2.07709015e-02 
 1.07977516e+08  1.13213891e-03  1.07977516e+08  1.86243767e-02 
 1.16591440e+08  1.92199272e-03  1.16591440e+08  1.66317146e-02 
 1.25892541e+08  2.49551717e-03  1.25892541e+08  1.47956916e-02 
 1.35935639e+08  2.88765824e-03  1.35935639e+08  1.31164062e-02 
 1.46779927e+08  3.13006283e-03  1.46779927e+08  1.15915128e-02 
 1.58489319e+08  3.25117863e-03  1.58489319e+08  1.02164719e-02 
 1.71132830e+08  3.27630469e-03  1.71132830e+08  8.98483796e-03 
 1.84784980e+08  3.22763026e-03  1.84784980e+08  7.88859274e-03 
 1.99526231e+08  3.12429415e-03  1.99526231e+08  6.91851424e-03 
 2.15443469e+08  2.98248789e-03  2.15443469e+08  6.06456452e-03 
 2.32630507e+08  2.81561373e-03  2.32630507e+08  5.31627153e-03 
 2.51188643e+08  2.63449725e-03  2.51188643e+08  4.66308186e-03 
 2.71227258e+08  2.44764474e-03  2.71227258e+08  4.09466507e-03 
 2.92864456e+08  2.26153027e-03  2.92864456e+08  3.60115741e-03 
 3.16227766e+08  2.08089459e-03  3.16227766e+08  3.17334036e-03 
 3.41454887e+08  1.90903962e-03  3.41454887e+08  2.80275585e-03 
 3.68694506e+08  1.74810482e-03  3.68694506e+08  2.48176540e-03 
 3.98107171e+08  1.59931620e-03  3.98107171e+08  2.20356303e-03 
 4.29866235e+08  1.46320258e-03  4.29866235e+08  1.96215314e-03 
 4.64158883e+08  1.33977753e-03  4.64158883e+08  1.75230385e-03 
 5.01187234e+08  1.22868798e-03  5.01187234e+08  1.56948533e-03 
 5.41169527e+08  1.12933257e-03  5.41169527e+08  1.40980041e-03 
 5.84341413e+08  1.04095347e-03  5.84341413e+08  1.26991327e-03 
 6.30957344e+08  9.62705954e-04  6.30957344e+08  1.14697992e-03 
 6.81292069e+08  8.93709874e-04  6.81292069e+08  1.03858303e-03 
 7.35642254e+08  8.33086579e-04  7.35642254e+08  9.42672463e-04 
 7.94328235e+08  7.79984564e-04  7.94328235e+08  8.57511995e-04 
 8.57695899e+08  7.33596413e-04  8.57695899e+08  7.81632373e-04 
 9.26118728e+08  6.93169191e-04  9.26118728e+08  7.13790407e-04 
 1.00000000e+09  6.58009966e-04  1.00000000e+09  6.52933652e-04 
 1.07977516e+09  6.27487802e-04  1.07977516e+09  5.98170156e-04 
 1.16591440e+09  6.01033235e-04  1.16591440e+09  5.48742710e-04 
 1.25892541e+09  5.78136042e-04  1.25892541e+09  5.04007051e-04 
 1.35935639e+09  5.58341903e-04  1.35935639e+09  4.63413505e-04 
 1.46779927e+09  5.41248391e-04  1.46779927e+09  4.26491588e-04 
 1.58489319e+09  5.26500644e-04  1.58489319e+09  3.92837127e-04 
 1.71132830e+09  5.13786948e-04  1.71132830e+09  3.62101531e-04 
 1.84784980e+09  5.02834387e-04  1.84784980e+09  3.33982869e-04 
 1.99526231e+09  4.93404703e-04  1.99526231e+09  3.08218457e-04 
 2.15443469e+09  4.85290396e-04  2.15443469e+09  2.84578718e-04 
 2.32630507e+09  4.78311143e-04  2.32630507e+09  2.62862083e-04 
 2.51188643e+09  4.72310518e-04  2.51188643e+09  2.42890775e-04 
 2.71227258e+09  4.67153043e-04  2.71227258e+09  2.24507299e-04 
 2.92864456e+09  4.62721540e-04  2.92864456e+09  2.07571538e-04 
 3.16227766e+09  4.58914779e-04  3.16227766e+09  1.91958322e-04 
 3.41454887e+09  4.55645395e-04  3.41454887e+09  1.77555415e-04 
 3.68694506e+09  4.52838053e-04  3.68694506e+09  1.64261813e-04 
 3.98107171e+09  4.50427845e-04  3.98107171e+09  1.51986329e-04 
 4.29866235e+09  4.48358876e-04  4.29866235e+09  1.40646390e-04 
 4.64158883e+09  4.46583045e-04  4.64158883e+09  1.30167022e-04 
 5.01187234e+09  4.45058976e-04  5.01187234e+09  1.20479985e-04 
 5.41169527e+09  4.43751090e-04  5.41169527e+09  1.11523032e-04 
 5.84341413e+09  4.42628808e-04  5.84341413e+09  1.03239272e-04 
 6.30957344e+09  4.41665853e-04  6.30957344e+09  9.55766230e-05 
 6.81292069e+09  4.40839651e-04  6.81292069e+09  8.84873301e-05 
 7.35642254e+09  4.40130817e-04  7.35642254e+09  8.19275492e-05 
 7.94328235e+09  4.39522701e-04  7.94328235e+09  7.58569795e-05 
 8.57695899e+09  4.39001012e-04  8.57695899e+09  7.02385399e-05 
 9.26118728e+09  4.38553479e-04  9.26118728e+09  6.50380811e-05 
 1.00000000e+10  4.38169572e-04  1.00000000e+10  6.02241298e-05 
