 1.00000000e+00  3.16984127e+02  1.00000000e+00 -4.45627572e-03 
 1.07977516e+00  3.16984127e+02  1.07977516e+00 -4.81177583e-03 
 1.16591440e+00  3.16984127e+02  1.16591440e+00 -5.19563603e-03 
 1.25892541e+00  3.16984127e+02  1.25892541e+00 -5.61011874e-03 
 1.35935639e+00  3.16984127e+02  1.35935639e+00 -6.05766687e-03 
 1.46779927e+00  3.16984127e+02  1.46779927e+00 -6.54091823e-03 
 1.58489319e+00  3.16984127e+02  1.58489319e+00 -7.06272104e-03 
 1.71132830e+00  3.16984127e+02  1.71132830e+00 -7.62615076e-03 
 1.84784980e+00  3.16984127e+02  1.84784980e+00 -8.23452818e-03 
 1.99526231e+00  3.16984127e+02  1.99526231e+00 -8.89143900e-03 
 2.15443469e+00  3.16984127e+02  2.15443469e+00 -9.60075498e-03 
 2.32630507e+00  3.16984127e+02  2.32630507e+00 -1.03666568e-02 
 2.51188643e+00  3.16984127e+02  2.51188643e+00 -1.11936585e-02 
 2.71227258e+00  3.16984127e+02  2.71227258e+00 -1.20866344e-02 
 2.92864456e+00  3.16984127e+02  2.92864456e+00 -1.30508476e-02 
 3.16227766e+00  3.16984127e+02  3.16227766e+00 -1.40919811e-02 
 3.41454887e+00  3.16984127e+02  3.41454887e+00 -1.52161712e-02 
 3.68694506e+00  3.16984127e+02  3.68694506e+00 -1.64300437e-02 
 3.98107171e+00  3.16984126e+02  3.98107171e+00 -1.77407531e-02 
 4.29866235e+00  3.16984126e+02  4.29866235e+00 -1.91560246e-02 
 4.64158883e+00  3.16984126e+02  4.64158883e+00 -2.06841995e-02 
 5.01187234e+00  3.16984126e+02  5.01187234e+00 -2.23342849e-02 
 5.41169527e+00  3.16984126e+02  5.41169527e+00 -2.41160061e-02 
 5.84341413e+00  3.16984125e+02  5.84341413e+00 -2.60398643e-02 
 6.30957344e+00  3.16984125e+02  6.30957344e+00 -2.81171987e-02 
 6.81292069e+00  3.16984125e+02  6.81292069e+00 -3.03602528e-02 
 7.35642254e+00  3.16984124e+02  7.35642254e+00 -3.27822468e-02 
 7.94328235e+00  3.16984124e+02  7.94328235e+00 -3.53974558e-02 
 8.57695899e+00  3.16984123e+02  8.57695899e+00 -3.82212935e-02 
 9.26118728e+00  3.16984122e+02  9.26118728e+00 -4.12704033e-02 
 1.00000000e+01  3.16984121e+02  1.00000000e+01 -4.45627563e-02 
 1.07977516e+01  3.16984120e+02  1.07977516e+01 -4.81177572e-02 
 1.16591440e+01  3.16984119e+02  1.16591440e+01 -5.19563589e-02 
 1.25892541e+01  3.16984118e+02  1.25892541e+01 -5.61011857e-02 
 1.35935639e+01  3.16984116e+02  1.35935639e+01 -6.05766665e-02 
 1.46779927e+01  3.16984114e+02  1.46779927e+01 -6.54091796e-02 
 1.58489319e+01  3.16984112e+02  1.58489319e+01 -7.06272070e-02 
 1.71132830e+01  3.16984109e+02  1.71132830e+01 -7.62615032e-02 
 1.84784980e+01  3.16984106e+02  1.84784980e+01 -8.23452763e-02 
 1.99526231e+01  3.16984103e+02  1.99526231e+01 -8.89143830e-02 
 2.15443469e+01  3.16984098e+02  2.15443469e+01 -9.60075411e-02 
 2.32630507e+01  3.16984094e+02  2.32630507e+01 -1.03666557e-01 
 2.51188643e+01  3.16984088e+02  2.51188643e+01 -1.11936571e-01 
 2.71227258e+01  3.16984081e+02  2.71227258e+01 -1.20866327e-01 
 2.92864456e+01  3.16984074e+02  2.92864456e+01 -1.30508454e-01 
 3.16227766e+01  3.16984065e+02  3.16227766e+01 -1.40919784e-01 
 3.41454887e+01  3.16984054e+02  3.41454887e+01 -1.52161677e-01 
 3.68694506e+01  3.16984042e+02  3.68694506e+01 -1.64300394e-01 
 3.98107171e+01  3.16984028e+02  3.98107171e+01 -1.77407476e-01 
 4.29866235e+01  3.16984012e+02  4.29866235e+01 -1.91560176e-01 
 4.64158883e+01  3.16983993e+02  4.64158883e+01 -2.06841908e-01 
 5.01187234e+01  3.16983970e+02  5.01187234e+01 -2.23342739e-01 
 5.41169527e+01  3.16983944e+02  5.41169527e+01 -2.41159923e-01 
 5.84341413e+01  3.16983914e+02  5.84341413e+01 -2.60398470e-01 
 6.30957344e+01  3.16983878e+02  6.30957344e+01 -2.81171768e-01 
 6.81292069e+01  3.16983837e+02  6.81292069e+01 -3.03602252e-01 
 7.35642254e+01  3.16983789e+02  7.35642254e+01 -3.27822121e-01 
 7.94328235e+01  3.16983732e+02  7.94328235e+01 -3.53974121e-01 
 8.57695899e+01  3.16983667e+02  8.57695899e+01 -3.82212385e-01 
 9.26118728e+01  3.16983590e+02  9.26118728e+01 -4.12703341e-01 
 1.00000000e+02  3.16983501e+02  1.00000000e+02 -4.45626692e-01 
 1.07977516e+02  3.16983397e+02  1.07977516e+02 -4.81176476e-01 
 1.16591440e+02  3.16983276e+02  1.16591440e+02 -5.19562209e-01 
 1.25892541e+02  3.16983135e+02  1.25892541e+02 -5.61010119e-01 
 1.35935639e+02  3.16982970e+02  1.35935639e+02 -6.05764477e-01 
 1.46779927e+02  3.16982778e+02  1.46779927e+02 -6.54089041e-01 
 1.58489319e+02  3.16982555e+02  1.58489319e+02 -7.06268602e-01 
 1.71132830e+02  3.16982294e+02  1.71132830e+02 -7.62610667e-01 
 1.84784980e+02  3.16981989e+02  1.84784980e+02 -8.23447267e-01 
 1.99526231e+02  3.16981635e+02  1.99526231e+02 -8.89136911e-01 
 2.15443469e+02  3.16981221e+02  2.15443469e+02 -9.60066701e-01 
 2.32630507e+02  3.16980739e+02  2.32630507e+02 -1.03665460e+00 
 2.51188643e+02  3.16980177e+02  2.51188643e+02 -1.11935191e+00 
 2.71227258e+02  3.16979521e+02  2.71227258e+02 -1.20864589e+00 
 2.92864456e+02  3.16978757e+02  2.92864456e+02 -1.30506266e+00 
 3.16227766e+02  3.16977866e+02  3.16227766e+02 -1.40917029e+00 
 3.41454887e+02  3.16976827e+02  3.41454887e+02 -1.52158210e+00 
 3.68694506e+02  3.16975616e+02  3.68694506e+02 -1.64296028e+00 
 3.98107171e+02  3.16974204e+02  3.98107171e+02 -1.77401980e+00 
 4.29866235e+02  3.16972557e+02  4.29866235e+02 -1.91553258e+00 
 4.64158883e+02  3.16970638e+02  4.64158883e+02 -2.06833198e+00 
 5.01187234e+02  3.16968400e+02  5.01187234e+02 -2.23331774e+00 
 5.41169527e+02  3.16965790e+02  5.41169527e+02 -2.41146118e+00 
 5.84341413e+02  3.16962748e+02  5.84341413e+02 -2.60381091e+00 
 6.30957344e+02  3.16959201e+02  6.30957344e+02 -2.81149890e+00 
 6.81292069e+02  3.16955066e+02  6.81292069e+02 -3.03574709e+00 
 7.35642254e+02  3.16950245e+02  7.35642254e+02 -3.27787447e+00 
 7.94328235e+02  3.16944624e+02  7.94328235e+02 -3.53930470e+00 
 8.57695899e+02  3.16938070e+02  8.57695899e+02 -3.82157433e+00 
 9.26118728e+02  3.16930430e+02  9.26118728e+02 -4.12634162e+00 
 1.00000000e+03  3.16921523e+02  1.00000000e+03 -4.45539603e+00 
 1.07977516e+03  3.16911138e+02  1.07977516e+03 -4.81066841e+00 
 1.16591440e+03  3.16899031e+02  1.16591440e+03 -5.19424192e+00 
 1.25892541e+03  3.16884917e+02  1.25892541e+03 -5.60836374e+00 
 1.35935639e+03  3.16868463e+02  1.35935639e+03 -6.05545757e+00 
 1.46779927e+03  3.16849280e+02  1.46779927e+03 -6.53813705e+00 
 1.58489319e+03  3.16826918e+02  1.58489319e+03 -7.05921999e+00 
 1.71132830e+03  3.16800850e+02  1.71132830e+03 -7.62174356e+00 
 1.84784980e+03  3.16770462e+02  1.84784980e+03 -8.22898037e+00 
 1.99526231e+03  3.16735040e+02  1.99526231e+03 -8.88445551e+00 
 2.15443469e+03  3.16693751e+02  2.15443469e+03 -9.59196444e+00 
 2.32630507e+03  3.16645624e+02  2.32630507e+03 -1.03555918e+01 
 2.51188643e+03  3.16589532e+02  2.51188643e+03 -1.11797310e+01 
 2.71227258e+03  3.16524158e+02  2.71227258e+03 -1.20691044e+01 
 2.92864456e+03  3.16447971e+02  2.92864456e+03 -1.30287839e+01 
 3.16227766e+03  3.16359190e+02  3.16227766e+03 -1.40642123e+01 
 3.41454887e+03  3.16255742e+02  3.41454887e+03 -1.51812238e+01 
 3.68694506e+03  3.16135216e+02  3.68694506e+03 -1.63860643e+01 
 3.98107171e+03  3.15994809e+02  3.98107171e+03 -1.76854109e+01 
 4.29866235e+03  3.15831263e+02  4.29866235e+03 -1.90863889e+01 
 4.64158883e+03  3.15640797e+02  4.64158883e+03 -2.05965862e+01 
 5.01187234e+03  3.15419019e+02  5.01187234e+03 -2.22240637e+01 
 5.41169527e+03  3.15160837e+02  5.41169527e+03 -2.39773594e+01 
 5.84341413e+03  3.14860353e+02  5.84341413e+03 -2.58654848e+01 
 6.30957344e+03  3.14510737e+02  6.30957344e+03 -2.78979115e+01 
 6.81292069e+03  3.14104092e+02  6.81292069e+03 -3.00845433e+01 
 7.35642254e+03  3.13631304e+02  7.35642254e+03 -3.24356714e+01 
 7.94328235e+03  3.13081868e+02  7.94328235e+03 -3.49619072e+01 
 8.57695899e+03  3.12443696e+02  8.57695899e+03 -3.76740874e+01 
 9.26118728e+03  3.11702918e+02  9.26118728e+03 -4.05831441e+01 
 1.00000000e+04  3.10843654e+02  1.00000000e+04 -4.36999321e+01 
 1.07977516e+04  3.09847787e+02  1.07977516e+04 -4.70350043e+01 
 1.16591440e+04  3.08694713e+02  1.16591440e+04 -5.05983238e+01 
 1.25892541e+04  3.07361111e+02  1.25892541e+04 -5.43989030e+01 
 1.35935639e+04  3.05820715e+02  1.35935639e+04 -5.84443545e+01 
 1.46779927e+04  3.04044117e+02  1.46779927e+04 -6.27403443e+01 
 1.58489319e+04  3.01998629e+02  1.58489319e+04 -6.72899348e+01 
 1.71132830e+04  2.99648229e+02  1.71132830e+04 -7.20928081e+01 
 1.84784980e+04  2.96953619e+02  1.84784980e+04 -7.71443693e+01 
 1.99526231e+04  2.93872459e+02  1.99526231e+04 -8.24347302e+01 
 2.15443469e+04  2.90359816e+02  2.15443469e+04 -8.79475949e+01 
 2.32630507e+04  2.86368891e+02  2.32630507e+04 -9.36590771e+01 
 2.51188643e+04  2.81852078e+02  2.51188643e+04 -9.95365078e+01 
 2.71227258e+04  2.76762424e+02  2.71227258e+04 -1.05537314e+02 
 2.92864456e+04  2.71055508e+02  2.92864456e+04 -1.11608078e+02 
 3.16227766e+04  2.64691766e+02  3.16227766e+04 -1.17683929e+02 
 3.41454887e+04  2.57639218e+02  3.41454887e+04 -1.23688418e+02 
 3.68694506e+04  2.49876517e+02  3.68694506e+04 -1.29534067e+02 
 3.98107171e+04  2.41396132e+02  3.98107171e+04 -1.35123758e+02 
 4.29866235e+04  2.32207443e+02  4.29866235e+04 -1.40353089e+02 
 4.64158883e+04  2.22339413e+02  4.64158883e+04 -1.45113750e+02 
 5.01187234e+04  2.11842489e+02  5.01187234e+04 -1.49297865e+02 
 5.41169527e+04  2.00789349e+02  5.41169527e+04 -1.52803084e+02 
 5.84341413e+04  1.89274220e+02  5.84341413e+04 -1.55538087e+02 
 6.30957344e+04  1.77410558e+02  6.30957344e+04 -1.57428006e+02 
 6.81292069e+04  1.65327137e+02  6.81292069e+04 -1.58419227e+02 
 7.35642254e+04  1.53162738e+02  7.35642254e+04 -1.58483008e+02 
 7.94328235e+04  1.41059900e+02  7.94328235e+04 -1.57617484e+02 
 8.57695899e+04  1.29158302e+02  8.57695899e+04 -1.55847801e+02 
 9.26118728e+04  1.17588426e+02  9.26118728e+04 -1.53224352e+02 
 1.00000000e+05  1.06466088e+02  1.00000000e+05 -1.49819361e+02 
 1.07977516e+05  9.58883179e+01  1.07977516e+05 -1.45722210e+02 
 1.16591440e+05  8.59308174e+01  1.16591440e+05 -1.41034070e+02 
 1.25892541e+05  7.66470570e+01  1.25892541e+05 -1.35862376e+02 
 1.35935639e+05  6.80688481e+01  1.35935639e+05 -1.30315652e+02 
 1.46779927e+05  6.02081041e+01  1.46779927e+05 -1.24499058e+02 
 1.58489319e+05  5.30594306e+01  1.58489319e+05 -1.18510869e+02 
 1.71132830e+05  4.66031795e+01  1.71132830e+05 -1.12439984e+02 
 1.84784980e+05  4.08086412e+01  1.84784980e+05 -1.06364409e+02 
 1.99526231e+05  3.56371190e+01  1.99526231e+05 -1.00350605e+02 
 2.15443469e+05  3.10447094e+01  2.15443469e+05 -9.44535282e+01 
 2.32630507e+05  2.69846834e+01  2.32630507e+05 -8.87171840e+01 
 2.51188643e+05  2.34094307e+01  2.51188643e+05 -8.31755327e+01 
 2.71227258e+05  2.02719705e+01  2.71227258e+05 -7.78535914e+01 
 2.92864456e+05  1.75270643e+01  2.92864456e+05 -7.27686233e+01 
 3.16227766e+05  1.51319858e+01  3.16227766e+05 -6.79313245e+01 
 3.41454887e+05  1.30470041e+01  3.41454887e+05 -6.33469515e+01 
 3.68694506e+05  1.12356405e+01  3.68694506e+05 -5.90163508e+01 
 3.98107171e+05  9.66475291e+00  3.98107171e+05 -5.49368736e+01 
 4.29866235e+05  8.30449243e+00  4.29866235e+05 -5.11031682e+01 
 4.64158883e+05  7.12817301e+00  4.64158883e+05 -4.75078533e+01 
 5.01187234e+05  6.11208290e+00  5.01187234e+05 -4.41420789e+01 
 5.41169527e+05  5.23526280e+00  5.41169527e+05 -4.09959886e+01 
 5.84341413e+05  4.47926799e+00  5.84341413e+05 -3.80590910e+01 
 6.30957344e+05  3.82792745e+00  6.30957344e+05 -3.53205578e+01 
 6.81292069e+05  3.26710872e+00  6.81292069e+05 -3.27694558e+01 
 7.35642254e+05  2.78449441e+00  7.35642254e+05 -3.03949261e+01 
 7.94328235e+05  2.36937399e+00  7.94328235e+05 -2.81863197e+01 
 8.57695899e+05  2.01245251e+00  8.57695899e+05 -2.61332966e+01 
 9.26118728e+05  1.70567719e+00  9.26118728e+05 -2.42258961e+01 
 1.00000000e+06  1.44208143e+00  1.00000000e+06 -2.24545852e+01 
 1.07977516e+06  1.21564580e+00  1.07977516e+06 -2.08102875e+01 
 1.16591440e+06  1.02117471e+00  1.16591440e+06 -1.92843991e+01 
 1.25892541e+06  8.54187761e-01  1.25892541e+06 -1.78687931e+01 
 1.35935639e+06  7.10824276e-01  1.35935639e+06 -1.65558166e+01 
 1.46779927e+06  5.87759788e-01  1.46779927e+06 -1.53382809e+01 
 1.58489319e+06  4.82133211e-01  1.58489319e+06 -1.42094474e+01 
 1.71132830e+06  3.91483455e-01  1.71132830e+06 -1.31630113e+01 
 1.84784980e+06  3.13694402e-01  1.84784980e+06 -1.21930820e+01 
 1.99526231e+06  2.46947211e-01  1.99526231e+06 -1.12941633e+01 
 2.15443469e+06  1.89679056e-01  2.15443469e+06 -1.04611323e+01 
 2.32630507e+06  1.40547459e-01  2.32630507e+06 -9.68921849e+00 
 2.51188643e+06  9.83995030e-02  2.51188643e+06 -8.97398323e+00 
 2.71227258e+06  6.22452853e-02  2.71227258e+06 -8.31129902e+00 
 2.92864456e+06  3.12350366e-02  2.92864456e+06 -7.69733011e+00 
 3.16227766e+06  4.63942219e-03  3.16227766e+06 -7.12851351e+00 
 3.41454887e+06 -1.81674098e-02  3.41454887e+06 -6.60154094e+00 
 3.68694506e+06 -3.77224084e-02  3.68694506e+06 -6.11334167e+00 
 3.98107171e+06 -5.44861526e-02  3.98107171e+06 -5.66106632e+00 
 4.29866235e+06 -6.88536195e-02  4.29866235e+06 -5.24207153e+00 
 4.64158883e+06 -8.11634320e-02  4.64158883e+06 -4.85390554e+00 
 5.01187234e+06 -9.17057974e-02  5.01187234e+06 -4.49429474e+00 
 5.41169527e+06 -1.00729318e-01  5.41169527e+06 -4.16113097e+00 
 5.84341413e+06 -1.08446831e-01  5.84341413e+06 -3.85245973e+00 
 6.30957344e+06 -1.15040417e-01  6.30957344e+06 -3.56646912e+00 
 6.81292069e+06 -1.20665680e-01  6.81292069e+06 -3.30147958e+00 
 7.35642254e+06 -1.25455420e-01  7.35642254e+06 -3.05593430e+00 
 7.94328235e+06 -1.29522765e-01  7.94328235e+06 -2.82839029e+00 
 8.57695899e+06 -1.32963845e-01  8.57695899e+06 -2.61751013e+00 
 9.26118728e+06 -1.35860071e-01  9.26118728e+06 -2.42205426e+00 
 1.00000000e+07 -1.38280072e-01  1.00000000e+07 -2.24087385e+00 
 1.07977516e+07 -1.40281338e-01  1.07977516e+07 -2.07290422e+00 
 1.16591440e+07 -1.41911608e-01  1.16591440e+07 -1.91715867e+00 
 1.25892541e+07 -1.43210041e-01  1.25892541e+07 -1.77272286e+00 
 1.35935639e+07 -1.44208202e-01  1.35935639e+07 -1.63874962e+00 
 1.46779927e+07 -1.44930880e-01  1.46779927e+07 -1.51445409e+00 
 1.58489319e+07 -1.45396783e-01  1.58489319e+07 -1.39910935e+00 
 1.71132830e+07 -1.45619116e-01  1.71132830e+07 -1.29204236e+00 
 1.84784980e+07 -1.45606074e-01  1.84784980e+07 -1.19263031e+00 
 1.99526231e+07 -1.45361274e-01  1.99526231e+07 -1.10029721e+00 
 2.15443469e+07 -1.44884142e-01  2.15443469e+07 -1.01451092e+00 
 2.32630507e+07 -1.44170300e-01  2.32630507e+07 -9.34780406e-01 
 2.51188643e+07 -1.43211958e-01  2.51188643e+07 -8.60653284e-01 
 2.71227258e+07 -1.41998358e-01  2.71227258e+07 -7.91713682e-01 
 2.92864456e+07 -1.40516304e-01  2.92864456e+07 -7.27580280e-01 
 3.16227766e+07 -1.38750801e-01  3.16227766e+07 -6.67904579e-01 
 3.41454887e+07 -1.36685842e-01  3.41454887e+07 -6.12369308e-01 
 3.68694506e+07 -1.34305367e-01  3.68694506e+07 -5.60686937e-01 
 3.98107171e+07 -1.31594409e-01  3.98107171e+07 -5.12598196e-01 
 4.29866235e+07 -1.28540418e-01  4.29866235e+07 -4.67870530e-01 
 4.64158883e+07 -1.25134745e-01  4.64158883e+07 -4.26296401e-01 
 5.01187234e+07 -1.21374206e-01  5.01187234e+07 -3.87691334e-01 
 5.41169527e+07 -1.17262639e-01  5.41169527e+07 -3.51891628e-01 
 5.84341413e+07 -1.12812310e-01  5.84341413e+07 -3.18751703e-01 
 6.30957344e+07 -1.08045016e-01  6.30957344e+07 -2.88141058e-01 
 6.81292069e+07 -1.02992694e-01  6.81292069e+07 -2.59940920e-01 
 7.35642254e+07 -9.76974032e-02  7.35642254e+07 -2.34040708e-01 
 7.94328235e+07 -9.22105458e-02  7.94328235e+07 -2.10334525e-01 
 8.57695899e+07 -8.65913265e-02  8.57695899e+07 -1.88717907e-01 
 9.26118728e+07 -8.09044987e-02  9.26118728e+07 -1.69085101e-01 
 1.00000000e+08 -7.52175773e-02  1.00000000e+08 -1.51327097e-01 
 1.07977516e+08 -6.95977707e-02  1.07977516e+08 -1.35330557e-01 
 1.16591440e+08 -6.41089298e-02  1.16591440e+08 -1.20977700e-01 
 1.25892541e+08 -5.88088090e-02  1.25892541e+08 -1.08147062e-01 
 1.35935639e+08 -5.37468852e-02  1.35935639e+08 -9.67149720e-02 
 1.46779927e+08 -4.89628909e-02  1.46779927e+08 -8.65574883e-02 
 1.58489319e+08 -4.44861188e-02  1.58489319e+08 -7.75525442e-02 
 1.71132830e+08 -4.03354556e-02  1.71132830e+08 -6.95820389e-02 
 1.84784980e+08 -3.65200302e-02  1.84784980e+08 -6.25336812e-02 
 1.99526231e+08 -3.30403149e-02  1.99526231e+08 -5.63024482e-02 
 2.15443469e+08 -2.98895056e-02  2.15443469e+08 -5.07915981e-02 
 2.32630507e+08 -2.70550201e-02  2.32630507e+08 -4.59132333e-02 
 2.51188643e+08 -2.45199803e-02  2.51188643e+08 -4.15884590e-02 
 2.71227258e+08 -2.22645809e-02  2.71227258e+08 -3.77472047e-02 
 2.92864456e+08 -2.02672857e-02  2.92864456e+08 -3.43277937e-02 
 3.16227766e+08 -1.85058204e-02  3.16227766e+08 -3.12763388e-02 
 3.41454887e+08 -1.69579595e-02  3.41454887e+08 -2.85460369e-02 
 3.68694506e+08 -1.56021176e-02  3.68694506e+08 -2.60964206e-02 
 3.98107171e+08 -1.44177691e-02  3.98107171e+08 -2.38926130e-02 
 4.29866235e+08 -1.33857238e-02  4.29866235e+08 -2.19046136e-02 
 4.64158883e+08 -1.24882843e-02  4.64158883e+08 -2.01066385e-02 
 5.01187234e+08 -1.17093140e-02  5.01187234e+08 -1.84765236e-02 
 5.41169527e+08 -1.10342369e-02  5.41169527e+08 -1.69951949e-02 
 5.84341413e+08 -1.04499901e-02  5.84341413e+08 -1.56462065e-02 
 6.30957344e+08 -9.94494368e-03  6.30957344e+08 -1.44153416e-02 
 6.81292069e+08 -9.50880100e-03  6.81292069e+08 -1.32902712e-02 
 7.35642254e+08 -9.13248847e-03  7.35642254e+08 -1.22602649e-02 
 7.94328235e+08 -8.80804189e-03  7.94328235e+08 -1.13159467e-02 
 8.57695899e+08 -8.52849410e-03  8.57695899e+08 -1.04490904e-02 
 9.26118728e+08 -8.28776726e-03  9.26118728e+08 -9.65244773e-03 
 1.00000000e+09 -8.08057183e-03  1.00000000e+09 -8.91960548e-03 
 1.07977516e+09 -7.90231348e-03  1.07977516e+09 -8.24486564e-03 
 1.16591440e+09 -7.74900842e-03  1.16591440e+09 -7.62314565e-03 
 1.25892541e+09 -7.61720713e-03  1.25892541e+09 -7.04989484e-03 
 1.35935639e+09 -7.50392632e-03  1.35935639e+09 -6.52102446e-03 
 1.46779927e+09 -7.40658855e-03  1.46779927e+09 -6.03284877e-03 
 1.58489319e+09 -7.32296902e-03  1.58489319e+09 -5.58203536e-03 
 1.71132830e+09 -7.25114878e-03  1.71132830e+09 -5.16556301e-03 
 1.84784980e+09 -7.18947380e-03  1.84784980e+09 -4.78068590e-03 
 1.99526231e+09 -7.13651925e-03  1.99526231e+09 -4.42490284e-03 
 2.15443469e+09 -7.09105838e-03  2.15443469e+09 -4.09593094e-03 
 2.32630507e+09 -7.05203547e-03  2.32630507e+09 -3.79168282e-03 
 2.51188643e+09 -7.01854235e-03  2.51188643e+09 -3.51024677e-03 
 2.71227258e+09 -6.98979810e-03  2.71227258e+09 -3.24986951e-03 
 2.92864456e+09 -6.96513138e-03  2.92864456e+09 -3.00894104e-03 
 3.16227766e+09 -6.94396527e-03  3.16227766e+09 -2.78598128e-03 
 3.41454887e+09 -6.92580410e-03  3.41454887e+09 -2.57962826e-03 
 3.68694506e+09 -6.91022209e-03  3.68694506e+09 -2.38862764e-03 
 3.98107171e+09 -6.89685357e-03  3.98107171e+09 -2.21182334e-03 
 4.29866235e+09 -6.88538458e-03  4.29866235e+09 -2.04814912e-03 
 4.64158883e+09 -6.87554556e-03  4.64158883e+09 -1.89662110e-03 
 5.01187234e+09 -6.86710510e-03  5.01187234e+09 -1.75633087e-03 
 5.41169527e+09 -6.85986459e-03  5.41169527e+09 -1.62643944e-03 
 5.84341413e+09 -6.85365359e-03  5.84341413e+09 -1.50617154e-03 
 6.30957344e+09 -6.84832581e-03  6.30957344e+09 -1.39481065e-03 
 6.81292069e+09 -6.84375573e-03  6.81292069e+09 -1.29169429e-03 
 7.35642254e+09 -6.83983565e-03  7.35642254e+09 -1.19620986e-03 
 7.94328235e+09 -6.83647316e-03  7.94328235e+09 -1.10779071e-03 
 8.57695899e+09 -6.83358898e-03  8.57695899e+09 -1.02591264e-03 
 9.26118728e+09 -6.83111510e-03  9.26118728e+09 -9.50090623e-04 
 1.00000000e+10 -6.82899315e-03  1.00000000e+10 -8.79875837e-04 
