 1.00000000e+00  4.98808259e+03  1.00000000e+00 -4.49009829e+00 
 1.07977516e+00  4.98808192e+03  1.07977516e+00 -4.84829596e+00 
 1.16591440e+00  4.98808113e+03  1.16591440e+00 -5.23506873e+00 
 1.25892541e+00  4.98808022e+03  1.25892541e+00 -5.65269616e+00 
 1.35935639e+00  4.98807916e+03  1.35935639e+00 -6.10363961e+00 
 1.46779927e+00  4.98807792e+03  1.46779927e+00 -6.59055682e+00 
 1.58489319e+00  4.98807648e+03  1.58489319e+00 -7.11631750e+00 
 1.71132830e+00  4.98807479e+03  1.71132830e+00 -7.68402028e+00 
 1.84784980e+00  4.98807283e+03  1.84784980e+00 -8.29701098e+00 
 1.99526231e+00  4.98807054e+03  1.99526231e+00 -8.95890227e+00 
 2.15443469e+00  4.98806787e+03  2.15443469e+00 -9.67359498e+00 
 2.32630507e+00  4.98806476e+03  2.32630507e+00 -1.04453011e+01 
 2.51188643e+00  4.98806113e+03  2.51188643e+00 -1.12785685e+01 
 2.71227258e+00  4.98805690e+03  2.71227258e+00 -1.21783078e+01 
 2.92864456e+00  4.98805196e+03  2.92864456e+00 -1.31498212e+01 
 3.16227766e+00  4.98804621e+03  3.16227766e+00 -1.41988340e+01 
 3.41454887e+00  4.98803951e+03  3.41454887e+00 -1.53315277e+01 
 3.68694506e+00  4.98803169e+03  3.68694506e+00 -1.65545768e+01 
 3.98107171e+00  4.98802258e+03  3.98107171e+00 -1.78751882e+01 
 4.29866235e+00  4.98801195e+03  4.29866235e+00 -1.93011431e+01 
 4.64158883e+00  4.98799956e+03  4.64158883e+00 -2.08408432e+01 
 5.01187234e+00  4.98798511e+03  5.01187234e+00 -2.25033597e+01 
 5.41169527e+00  4.98796827e+03  5.41169527e+00 -2.42984868e+01 
 5.84341413e+00  4.98794863e+03  5.84341413e+00 -2.62367993e+01 
 6.30957344e+00  4.98792574e+03  6.30957344e+00 -2.83297142e+01 
 6.81292069e+00  4.98789905e+03  6.81292069e+00 -3.05895581e+01 
 7.35642254e+00  4.98786793e+03  7.35642254e+00 -3.30296389e+01 
 7.94328235e+00  4.98783164e+03  7.94328235e+00 -3.56643243e+01 
 8.57695899e+00  4.98778934e+03  8.57695899e+00 -3.85091250e+01 
 9.26118728e+00  4.98774002e+03  9.26118728e+00 -4.15807856e+01 
 1.00000000e+01  4.98768252e+03  1.00000000e+01 -4.48973820e+01 
 1.07977516e+01  4.98761548e+03  1.07977516e+01 -4.84784263e+01 
 1.16591440e+01  4.98753731e+03  1.16591440e+01 -5.23449804e+01 
 1.25892541e+01  4.98744619e+03  1.25892541e+01 -5.65197771e+01 
 1.35935639e+01  4.98733994e+03  1.35935639e+01 -6.10273516e+01 
 1.46779927e+01  4.98721608e+03  1.46779927e+01 -6.58941821e+01 
 1.58489319e+01  4.98707167e+03  1.58489319e+01 -7.11488412e+01 
 1.71132830e+01  4.98690332e+03  1.71132830e+01 -7.68221583e+01 
 1.84784980e+01  4.98670704e+03  1.84784980e+01 -8.29473940e+01 
 1.99526231e+01  4.98647822e+03  1.99526231e+01 -8.95604265e+01 
 2.15443469e+01  4.98621146e+03  2.15443469e+01 -9.66999512e+01 
 2.32630507e+01  4.98590048e+03  2.32630507e+01 -1.04407694e+02 
 2.51188643e+01  4.98553796e+03  2.51188643e+01 -1.12728638e+02 
 2.71227258e+01  4.98511535e+03  2.71227258e+01 -1.21711267e+02 
 2.92864456e+01  4.98462271e+03  2.92864456e+01 -1.31407817e+02 
 3.16227766e+01  4.98404846e+03  3.16227766e+01 -1.41874552e+02 
 3.41454887e+01  4.98337911e+03  3.41454887e+01 -1.53172046e+02 
 3.68694506e+01  4.98259892e+03  3.68694506e+01 -1.65365480e+02 
 3.98107171e+01  4.98168960e+03  3.98107171e+01 -1.78524955e+02 
 4.29866235e+01  4.98062983e+03  4.29866235e+01 -1.92725808e+02 
 4.64158883e+01  4.97939479e+03  4.64158883e+01 -2.08048943e+02 
 5.01187234e+01  4.97795562e+03  5.01187234e+01 -2.24581160e+02 
 5.41169527e+01  4.97627872e+03  5.41169527e+01 -2.42415477e+02 
 5.84341413e+01  4.97432502e+03  5.84341413e+01 -2.61651456e+02 
 6.30957344e+01  4.97204911e+03  6.30957344e+01 -2.82395492e+02 
 6.81292069e+01  4.96939822e+03  6.81292069e+01 -3.04761082e+02 
 7.35642254e+01  4.96631108e+03  7.35642254e+01 -3.28869037e+02 
 7.94328235e+01  4.96271658e+03  7.94328235e+01 -3.54847627e+02 
 8.57695899e+01  4.95853226e+03  8.57695899e+01 -3.82832628e+02 
 9.26118728e+01  4.95366260e+03  9.26118728e+01 -4.12967239e+02 
 1.00000000e+02  4.94799706e+03  1.00000000e+02 -4.45401825e+02 
 1.07977516e+02  4.94140786e+03  1.07977516e+02 -4.80293437e+02 
 1.16591440e+02  4.93374754e+03  1.16591440e+02 -5.17805041e+02 
 1.25892541e+02  4.92484620e+03  1.25892541e+02 -5.58104385e+02 
 1.35935639e+02  4.91450846e+03  1.35935639e+02 -6.01362405e+02 
 1.46779927e+02  4.90251020e+03  1.46779927e+02 -6.47751060e+02 
 1.58489319e+02  4.88859500e+03  1.58489319e+02 -6.97440469e+02 
 1.71132830e+02  4.87247048e+03  1.71132830e+02 -7.50595194e+02 
 1.84784980e+02  4.85380445e+03  1.84784980e+02 -8.07369501e+02 
 1.99526231e+02  4.83222121e+03  1.99526231e+02 -8.67901425e+02 
 2.15443469e+02  4.80729808e+03  2.15443469e+02 -9.32305419e+02 
 2.32630507e+02  4.77856249e+03  2.32630507e+02 -1.00066343e+03 
 2.51188643e+02  4.74548996e+03  2.51188643e+02 -1.07301418e+03 
 2.71227258e+02  4.70750356e+03  2.71227258e+02 -1.14934062e+03 
 2.92864456e+02  4.66397535e+03  2.92864456e+02 -1.22955540e+03 
 3.16227766e+02  4.61423063e+03  3.16227766e+02 -1.31348459e+03 
 3.41454887e+02  4.55755576e+03  3.41454887e+02 -1.40084984e+03 
 3.68694506e+02  4.49321060e+03  3.68694506e+02 -1.49124971e+03 
 3.98107171e+02  4.42044634e+03  3.98107171e+02 -1.58414101e+03 
 4.29866235e+02  4.33852967e+03  4.29866235e+02 -1.67882154e+03 
 4.64158883e+02  4.24677378e+03  4.64158883e+02 -1.77441616e+03 
 5.01187234e+02  4.14457623e+03  5.01187234e+02 -1.86986849e+03 
 5.41169527e+02  4.03146301e+03  5.41169527e+02 -1.96394079e+03 
 5.84341413e+02  3.90713709e+03  5.84341413e+02 -2.05522503e+03 
 6.30957344e+02  3.77152864e+03  6.30957344e+02 -2.14216757e+03 
 6.81292069e+02  3.62484279e+03  6.81292069e+02 -2.22310939e+03 
 7.35642254e+02  3.46759977e+03  7.35642254e+02 -2.29634232e+03 
 7.94328235e+02  3.30066159e+03  7.94328235e+02 -2.36017993e+03 
 8.57695899e+02  3.12523983e+03  8.57695899e+02 -2.41303950e+03 
 9.26118728e+02  2.94287984e+03  9.26118728e+02 -2.45352892e+03 
 1.00000000e+03  2.75541936e+03  1.00000000e+03 -2.48053083e+03 
 1.07977516e+03  2.56492209e+03  1.07977516e+03 -2.49327507e+03 
 1.16591440e+03  2.37359078e+03  1.16591440e+03 -2.49139112e+03 
 1.25892541e+03  2.18366694e+03  1.25892541e+03 -2.47493404e+03 
 1.35935639e+03  1.99732682e+03  1.35935639e+03 -2.44438057e+03 
 1.46779927e+03  1.81658367e+03  1.46779927e+03 -2.40059597e+03 
 1.58489319e+03  1.64320554e+03  1.58489319e+03 -2.34477568e+03 
 1.71132830e+03  1.47865500e+03  1.71132830e+03 -2.27836903e+03 
 1.84784980e+03  1.32405437e+03  1.84784980e+03 -2.20299361e+03 
 1.99526231e+03  1.18017634e+03  1.99526231e+03 -2.12034887e+03 
 2.15443469e+03  1.04745701e+03  2.15443469e+03 -2.03213659e+03 
 2.32630507e+03  9.26026693e+02  2.32630507e+03 -1.93999347e+03 
 2.51188643e+03  8.15752492e+02  2.51188643e+03 -1.84543897e+03 
 2.71227258e+03  7.16287150e+02  2.71227258e+03 -1.74983914e+03 
 2.92864456e+03  6.27119179e+02  2.92864456e+03 -1.65438573e+03 
 3.16227766e+03  5.47620499e+02  3.16227766e+03 -1.56008821e+03 
 3.41454887e+03  4.77089018e+02  3.41454887e+03 -1.46777624e+03 
 3.68694506e+03  4.14784773e+02  3.68694506e+03 -1.37810968e+03 
 3.98107171e+03  3.59959135e+02  3.98107171e+03 -1.29159361e+03 
 4.29866235e+03  3.11877292e+02  4.29866235e+03 -1.20859607e+03 
 4.64158883e+03  2.69834626e+02  4.64158883e+03 -1.12936681e+03 
 5.01187234e+03  2.33167848e+02  5.01187234e+03 -1.05405591e+03 
 5.41169527e+03  2.01261839e+02  5.41169527e+03 -9.82731162e+02 
 5.84341413e+03  1.73553090e+02  5.84341413e+03 -9.15394004e+02 
 6.30957344e+03  1.49530573e+02  6.30957344e+03 -8.51993481e+02 
 6.81292069e+03  1.28734757e+02  6.81292069e+03 -7.92438355e+02 
 7.35642254e+03  1.10755333e+02  7.35642254e+03 -7.36607332e+02 
 7.94328235e+03  9.52281230e+01  7.94328235e+03 -6.84357568e+02 
 8.57695899e+03  8.18315219e+01  8.57695899e+03 -6.35531639e+02 
 9.26118728e+03  7.02827313e+01  9.26118728e+03 -5.89963146e+02 
 1.00000000e+04  6.03339790e+01  1.00000000e+04 -5.47481181e+02 
 1.07977516e+04  5.17688511e+01  1.07977516e+04 -5.07913805e+02 
 1.16591440e+04  4.43988200e+01  1.16591440e+04 -4.71090718e+02 
 1.25892541e+04  3.80600197e+01  1.25892541e+04 -4.36845268e+02 
 1.35935639e+04  3.26102923e+01  1.35935639e+04 -4.05015914e+02 
 1.46779927e+04  2.79265146e+01  1.46779927e+04 -3.75447263e+02 
 1.58489319e+04  2.39021984e+01  1.58489319e+04 -3.47990753e+02 
 1.71132830e+04  2.04453530e+01  1.71132830e+04 -3.22505073e+02 
 1.84784980e+04  1.74765931e+01  1.84784980e+04 -2.98856373e+02 
 1.99526231e+04  1.49274717e+01  1.99526231e+04 -2.76918306e+02 
 2.15443469e+04  1.27390169e+01  2.15443469e+04 -2.56571956e+02 
 2.32630507e+04  1.08604532e+01  2.32630507e+04 -2.37705672e+02 
 2.51188643e+04  9.24808641e+00  2.51188643e+04 -2.20214839e+02 
 2.71227258e+04  7.86433366e+00  2.71227258e+04 -2.04001606e+02 
 2.92864456e+04  6.67688181e+00  2.92864456e+04 -1.88974579e+02 
 3.16227766e+04  5.65795815e+00  3.16227766e+04 -1.75048505e+02 
 3.41454887e+04  4.78369953e+00  3.41454887e+04 -1.62143940e+02 
 3.68694506e+04  4.03360722e+00  3.68694506e+04 -1.50186921e+02 
 3.98107171e+04  3.39007642e+00  3.98107171e+04 -1.39108640e+02 
 4.29866235e+04  2.83799054e+00  4.29866235e+04 -1.28845128e+02 
 4.64158883e+04  2.36437161e+00  4.64158883e+04 -1.19336943e+02 
 5.01187234e+04  1.95807923e+00  5.01187234e+04 -1.10528883e+02 
 5.41169527e+04  1.60955157e+00  5.41169527e+04 -1.02369699e+02 
 5.84341413e+04  1.31058248e+00  5.84341413e+04 -9.48118283e+01 
 6.30957344e+04  1.05412990e+00  6.30957344e+04 -8.78111462e+01 
 6.81292069e+04  8.34151189e-01  6.81292069e+04 -8.13267248e+01 
 7.35642254e+04  6.45461636e-01  7.35642254e+04 -7.53206104e+01 
 7.94328235e+04  4.83612869e-01  7.94328235e+04 -6.97576142e+01 
 8.57695899e+04  3.44788487e-01  8.57695899e+04 -6.46051156e+01 
 9.26118728e+04  2.25714402e-01  9.26118728e+04 -5.98328792e+01 
 1.00000000e+05  1.23581890e-01  1.00000000e+05 -5.54128836e+01 
 1.07977516e+05  3.59815199e-02  1.07977516e+05 -5.13191616e+01 
 1.16591440e+05 -3.91535454e-02  1.16591440e+05 -4.75276518e+01 
 1.25892541e+05 -1.03596213e-01  1.25892541e+05 -4.40160605e+01 
 1.35935639e+05 -1.58867217e-01  1.35935639e+05 -4.07637327e+01 
 1.46779927e+05 -2.06270952e-01  1.46779927e+05 -3.77515329e+01 
 1.58489319e+05 -2.46926214e-01  1.58489319e+05 -3.49617341e+01 
 1.71132830e+05 -2.81792579e-01  1.71132830e+05 -3.23779147e+01 
 1.84784980e+05 -3.11693024e-01  1.84784980e+05 -2.99848625e+01 
 1.99526231e+05 -3.37333341e-01  1.99526231e+05 -2.77684866e+01 
 2.15443469e+05 -3.59318784e-01  2.15443469e+05 -2.57157345e+01 
 2.32630507e+05 -3.78168346e-01  2.32630507e+05 -2.38145158e+01 
 2.51188643e+05 -3.94327006e-01  2.51188643e+05 -2.20536318e+01 
 2.71227258e+05 -4.08176228e-01  2.71227258e+05 -2.04227092e+01 
 2.92864456e+05 -4.20042962e-01  2.92864456e+05 -1.89121399e+01 
 3.16227766e+05 -4.30207364e-01  3.16227766e+05 -1.75130241e+01 
 3.41454887e+05 -4.38909403e-01  3.41454887e+05 -1.62171185e+01 
 3.68694506e+05 -4.46354530e-01  3.68694506e+05 -1.50167871e+01 
 3.98107171e+05 -4.52718525e-01  3.98107171e+05 -1.39049574e+01 
 4.29866235e+05 -4.58151650e-01  4.29866235e+05 -1.28750778e+01 
 4.64158883e+05 -4.62782193e-01  4.64158883e+05 -1.19210796e+01 
 5.01187234e+05 -4.66719503e-01  5.01187234e+05 -1.10373411e+01 
 5.41169527e+05 -4.70056569e-01  5.41169527e+05 -1.02186548e+01 
 5.84341413e+05 -4.72872223e-01  5.84341413e+05 -9.46019648e+00 
 6.30957344e+05 -4.75233001e-01  6.30957344e+05 -8.75749683e+00 
 6.81292069e+05 -4.77194719e-01  6.81292069e+05 -8.10641533e+00 
 7.35642254e+05 -4.78803803e-01  7.35642254e+05 -7.50311580e+00 
 7.94328235e+05 -4.80098393e-01  7.94328235e+05 -6.94404386e+00 
 8.57695899e+05 -4.81109252e-01  8.57695899e+05 -6.42590608e+00 
 9.26118728e+05 -4.81860520e-01  9.26118728e+05 -5.94565062e+00 
 1.00000000e+06 -4.82370303e-01  1.00000000e+06 -5.50044939e+00 
 1.07977516e+06 -4.82651136e-01  1.07977516e+06 -5.08768147e+00 
 1.16591440e+06 -4.82710325e-01  1.16591440e+06 -4.70491782e+00 
 1.25892541e+06 -4.82550179e-01  1.25892541e+06 -4.34990716e+00 
 1.35935639e+06 -4.82168151e-01  1.35935639e+06 -4.02056294e+00 
 1.46779927e+06 -4.81556886e-01  1.46779927e+06 -3.71495129e+00 
 1.58489319e+06 -4.80704195e-01  1.58489319e+06 -3.43127999e+00 
 1.71132830e+06 -4.79592965e-01  1.71132830e+06 -3.16788834e+00 
 1.84784980e+06 -4.78201018e-01  1.84784980e+06 -2.92323784e+00 
 1.99526231e+06 -4.76500934e-01  1.99526231e+06 -2.69590374e+00 
 2.15443469e+06 -4.74459859e-01  2.15443469e+06 -2.48456741e+00 
 2.32630507e+06 -4.72039331e-01  2.32630507e+06 -2.28800938e+00 
 2.51188643e+06 -4.69195151e-01  2.51188643e+06 -2.10510320e+00 
 2.71227258e+06 -4.65877355e-01  2.71227258e+06 -1.93480996e+00 
 2.92864456e+06 -4.62030324e-01  2.92864456e+06 -1.77617350e+00 
 3.16227766e+06 -4.57593126e-01  3.16227766e+06 -1.62831623e+00 
 3.41454887e+06 -4.52500148e-01  3.41454887e+06 -1.49043560e+00 
 3.68694506e+06 -4.46682114e-01  3.68694506e+06 -1.36180099e+00 
 3.98107171e+06 -4.40067587e-01  3.98107171e+06 -1.24175109e+00 
 4.29866235e+06 -4.32585035e-01  4.29866235e+06 -1.12969151e+00 
 4.64158883e+06 -4.24165541e-01  4.64158883e+06 -1.02509250e+00 
 5.01187234e+06 -4.14746187e-01  5.01187234e+06 -9.27486480e-01 
 5.41169527e+06 -4.04274082e-01  5.41169527e+06 -8.36465265e-01 
 5.84341413e+06 -3.92710936e-01  5.84341413e+06 -7.51676502e-01 
 6.30957344e+06 -3.80037958e-01  6.30957344e+06 -6.72819176e-01 
 6.81292069e+06 -3.66260740e-01  6.81292069e+06 -5.99637877e-01 
 7.35642254e+06 -3.51413677e-01  7.35642254e+06 -5.31915692e-01 
 7.94328235e+06 -3.35563382e-01  7.94328235e+06 -4.69465750e-01 
 8.57695899e+06 -3.18810522e-01  8.57695899e+06 -4.12121627e-01 
 9.26118728e+06 -3.01289571e-01  9.26118728e+06 -3.59727063e-01 
 1.00000000e+07 -2.83166126e-01  1.00000000e+07 -3.12125678e-01 
 1.07977516e+07 -2.64631698e-01  1.07977516e+07 -2.69151479e-01 
 1.16591440e+07 -2.45896208e-01  1.16591440e+07 -2.30621030e-01 
 1.25892541e+07 -2.27178761e-01  1.25892541e+07 -1.96328019e-01 
 1.35935639e+07 -2.08697530e-01  1.35935639e+07 -1.66040725e-01 
 1.46779927e+07 -1.90659717e-01  1.46779927e+07 -1.39502529e-01 
 1.58489319e+07 -1.73252579e-01  1.58489319e+07 -1.16435241e-01 
 1.71132830e+07 -1.56636292e-01  1.71132830e+07 -9.65446778e-02 
 1.84784980e+07 -1.40939176e-01  1.84784980e+07 -7.95277082e-02 
 1.99526231e+07 -1.26255444e-01  1.99526231e+07 -6.50798839e-02 
 2.15443469e+07 -1.12645347e-01  2.15443469e+07 -5.29028497e-02 
 2.32630507e+07 -1.00137316e-01  2.32630507e+07 -4.27108792e-02 
 2.51188643e+07 -8.87315857e-02  2.51188643e+07 -3.42361077e-02 
 2.71227258e+07 -7.84047116e-02  2.71227258e+07 -2.72322633e-02 
 2.92864456e+07 -6.91144730e-02  2.92864456e+07 -2.14768969e-02 
 3.16227766e+07 -6.08047095e-02  3.16227766e+07 -1.67722562e-02 
 3.41454887e+07 -5.34097855e-02  3.41454887e+07 -1.29450402e-02 
 3.68694506e+07 -4.68584831e-02  3.68694506e+07 -9.84530312e-03 
 3.98107171e+07 -4.10772318e-02  3.98107171e+07 -7.34477444e-03 
 4.29866235e+07 -3.59926606e-02  4.29866235e+07 -5.33483149e-03 
 4.64158883e+07 -3.15335168e-02  4.64158883e+07 -3.72431719e-03 
 5.01187234e+07 -2.76320235e-02  5.01187234e+07 -2.43734926e-03 
 5.41169527e+07 -2.42247677e-02  5.41169527e+07 -1.41122376e-03 
 5.84341413e+07 -2.12532104e-02  5.84341413e+07 -5.94478056e-04 
 6.30957344e+07 -1.86639053e-02  6.30957344e+07  5.48511639e-05 
 6.81292069e+07 -1.64085030e-02  6.81292069e+07  5.70761236e-04 
 7.35642254e+07 -1.44436051e-02  7.35642254e+07  9.80610585e-04 
 7.94328235e+07 -1.27305200e-02  7.94328235e+07  1.30625180e-03 
 8.57695899e+07 -1.12349618e-02  8.57695899e+07  1.56498930e-03 
 9.26118728e+07 -9.92672308e-03  9.26118728e+07  1.77038331e-03 
 1.00000000e+08 -8.77934268e-03  1.00000000e+08  1.93292289e-03 
 1.07977516e+08 -7.76978385e-03  1.07977516e+08  2.06059042e-03 
 1.16591440e+08 -6.87813061e-03  1.16591440e+08  2.15933834e-03 
 1.25892541e+08 -6.08730532e-03  1.25892541e+08  2.23349690e-03 
 1.35935639e+08 -5.38280652e-03  1.35935639e+08  2.28612836e-03 
 1.46779927e+08 -4.75246264e-03  1.46779927e+08  2.31933962e-03 
 1.58489319e+08 -4.18619530e-03  1.58489319e+08  2.33456137e-03 
 1.71132830e+08 -3.67578576e-03  1.71132830e+08  2.33279700e-03 
 1.84784980e+08 -3.21463861e-03  1.84784980e+08  2.31484107e-03 
 1.99526231e+08 -2.79753979e-03  1.99526231e+08  2.28146351e-03 
 2.15443469e+08 -2.42040943e-03  2.15443469e+08  2.23355406e-03 
 2.32630507e+08 -2.08005425e-03  2.32630507e+08  2.17222161e-03 
 2.51188643e+08 -1.77392784e-03  2.51188643e+08  2.09884492e-03 
 2.71227258e+08 -1.49990973e-03  2.71227258e+08  2.01507537e-03 
 2.92864456e+08 -1.25611447e-03  2.92864456e+08  1.92279649e-03 
 3.16227766e+08 -1.04073996e-03  3.16227766e+08  1.82404977e-03 
 3.41454887e+08 -8.51961083e-04  3.41454887e+08  1.72093961e-03 
 3.68694506e+08 -6.87869218e-04  3.68694506e+08  1.61553122e-03 
 3.98107171e+08 -5.46454018e-04  3.98107171e+08  1.50975510e-03 
 4.29866235e+08 -4.25619236e-04  4.29866235e+08  1.40532853e-03 
 4.64158883e+08 -3.23222273e-04  4.64158883e+08  1.30370078e-03 
 5.01187234e+08 -2.37126338e-04  5.01187234e+08  1.20602470e-03 
 5.41169527e+08 -1.65255147e-04  5.41169527e+08  1.11315310e-03 
 5.84341413e+08 -1.05642292e-04  5.84341413e+08  1.02565569e-03 
 6.30957344e+08 -5.64701758e-05  6.30957344e+08  9.43851000e-04 
 6.81292069e+08 -1.60961248e-05  6.81292069e+08  8.67846829e-04 
 7.35642254e+08  1.69344050e-05  7.35642254e+08  7.97583966e-04 
 7.94328235e+08  4.38860160e-05  7.94328235e+08  7.32878605e-04 
 8.57695899e+08  6.58405541e-05  8.57695899e+08  6.73460576e-04 
 9.26118728e+08  8.37106009e-05  9.26118728e+08  6.19005701e-04 
 1.00000000e+09  9.82567495e-05  1.00000000e+09  5.69161691e-04 
 1.07977516e+09  1.10106543e-04  1.07977516e+09  5.23567807e-04 
 1.16591440e+09  1.19773478e-04  1.16591440e+09  4.81868967e-04 
 1.25892541e+09  1.27674971e-04  1.25892541e+09  4.43725203e-04 
 1.35935639e+09  1.34148648e-04  1.35935639e+09  4.08817464e-04 
 1.46779927e+09  1.39466628e-04  1.46779927e+09  3.76850648e-04 
 1.58489319e+09  1.43847742e-04  1.58489319e+09  3.47554662e-04 
 1.71132830e+09  1.47467789e-04  1.71132830e+09  3.20684133e-04 
 1.84784980e+09  1.50467995e-04  1.84784980e+09  2.96017268e-04 
 1.99526231e+09  1.52961912e-04  1.99526231e+09  2.73354229e-04 
 2.15443469e+09  1.55040993e-04  2.15443469e+09  2.52515266e-04 
 2.32630507e+09  1.56779060e-04  2.32630507e+09  2.33338792e-04 
 2.51188643e+09  1.58235863e-04  2.51188643e+09  2.15679511e-04 
 2.71227258e+09  1.59459919e-04  2.71227258e+09  1.99406658e-04 
 2.92864456e+09  1.60490752e-04  2.92864456e+09  1.84402380e-04 
 3.16227766e+09  1.61360676e-04  3.16227766e+09  1.70560293e-04 
 3.41454887e+09  1.62096202e-04  3.41454887e+09  1.57784181e-04 
 3.68694506e+09  1.62719165e-04  3.68694506e+09  1.45986863e-04 
 3.98107171e+09  1.63247607e-04  3.98107171e+09  1.35089184e-04 
 4.29866235e+09  1.63696489e-04  4.29866235e+09  1.25019146e-04 
 4.64158883e+09  1.64078257e-04  4.64158883e+09  1.15711134e-04 
 5.01187234e+09  1.64403301e-04  5.01187234e+09  1.07105251e-04 
 5.41169527e+09  1.64680314e-04  5.41169527e+09  9.91467315e-05 
 5.84341413e+09  1.64916593e-04  5.84341413e+09  9.17854254e-05 
 6.30957344e+09  1.65118278e-04  6.30957344e+09  8.49753492e-05 
 6.81292069e+09  1.65290544e-04  6.81292069e+09  7.86742878e-05 
 7.35642254e+09  1.65437766e-04  7.35642254e+09  7.28434434e-05 
 7.94328235e+09  1.65563647e-04  7.94328235e+09  6.74471241e-05 
 8.57695899e+09  1.65671326e-04  8.57695899e+09  6.24524666e-05 
 9.26118728e+09  1.65763468e-04  9.26118728e+09  5.78291897e-05 
 1.00000000e+10  1.65842342e-04  1.00000000e+10  5.35493720e-05 
