 1.00000000e+00  2.99196018e+02  1.00000000e+00 -4.96750151e-03 
 1.07977516e+00  2.99196018e+02  1.07977516e+00 -5.36378475e-03 
 1.16591440e+00  2.99196018e+02  1.16591440e+00 -5.79168154e-03 
 1.25892541e+00  2.99196018e+02  1.25892541e+00 -6.25371388e-03 
 1.35935639e+00  2.99196018e+02  1.35935639e+00 -6.75260492e-03 
 1.46779927e+00  2.99196018e+02  1.46779927e+00 -7.29129507e-03 
 1.58489319e+00  2.99196018e+02  1.58489319e+00 -7.87295932e-03 
 1.71132830e+00  2.99196018e+02  1.71132830e+00 -8.50102593e-03 
 1.84784980e+00  2.99196018e+02  1.84784980e+00 -9.17919665e-03 
 1.99526231e+00  2.99196018e+02  1.99526231e+00 -9.91146855e-03 
 2.15443469e+00  2.99196018e+02  2.15443469e+00 -1.07021576e-02 
 2.32630507e+00  2.99196018e+02  2.32630507e+00 -1.15559239e-02 
 2.51188643e+00  2.99196018e+02  2.51188643e+00 -1.24777996e-02 
 2.71227258e+00  2.99196017e+02  2.71227258e+00 -1.34732181e-02 
 2.92864456e+00  2.99196017e+02  2.92864456e+00 -1.45480463e-02 
 3.16227766e+00  2.99196017e+02  3.16227766e+00 -1.57086190e-02 
 3.41454887e+00  2.99196017e+02  3.41454887e+00 -1.69617766e-02 
 3.68694506e+00  2.99196017e+02  3.68694506e+00 -1.83149051e-02 
 3.98107171e+00  2.99196017e+02  3.98107171e+00 -1.97759796e-02 
 4.29866235e+00  2.99196017e+02  4.29866235e+00 -2.13536116e-02 
 4.64158883e+00  2.99196016e+02  4.64158883e+00 -2.30570994e-02 
 5.01187234e+00  2.99196016e+02  5.01187234e+00 -2.48964832e-02 
 5.41169527e+00  2.99196016e+02  5.41169527e+00 -2.68826042e-02 
 5.84341413e+00  2.99196015e+02  5.84341413e+00 -2.90271683e-02 
 6.30957344e+00  2.99196015e+02  6.30957344e+00 -3.13428153e-02 
 6.81292069e+00  2.99196014e+02  6.81292069e+00 -3.38431934e-02 
 7.35642254e+00  2.99196014e+02  7.35642254e+00 -3.65430395e-02 
 7.94328235e+00  2.99196013e+02  7.94328235e+00 -3.94582664e-02 
 8.57695899e+00  2.99196012e+02  8.57695899e+00 -4.26060558e-02 
 9.26118728e+00  2.99196011e+02  9.26118728e+00 -4.60049607e-02 
 1.00000000e+01  2.99196010e+02  1.00000000e+01 -4.96750137e-02 
 1.07977516e+01  2.99196008e+02  1.07977516e+01 -5.36378458e-02 
 1.16591440e+01  2.99196007e+02  1.16591440e+01 -5.79168133e-02 
 1.25892541e+01  2.99196005e+02  1.25892541e+01 -6.25371361e-02 
 1.35935639e+01  2.99196003e+02  1.35935639e+01 -6.75260458e-02 
 1.46779927e+01  2.99196000e+02  1.46779927e+01 -7.29129464e-02 
 1.58489319e+01  2.99195997e+02  1.58489319e+01 -7.87295878e-02 
 1.71132830e+01  2.99195994e+02  1.71132830e+01 -8.50102525e-02 
 1.84784980e+01  2.99195990e+02  1.84784980e+01 -9.17919579e-02 
 1.99526231e+01  2.99195985e+02  1.99526231e+01 -9.91146747e-02 
 2.15443469e+01  2.99195980e+02  2.15443469e+01 -1.07021562e-01 
 2.32630507e+01  2.99195973e+02  2.32630507e+01 -1.15559222e-01 
 2.51188643e+01  2.99195966e+02  2.51188643e+01 -1.24777975e-01 
 2.71227258e+01  2.99195957e+02  2.71227258e+01 -1.34732154e-01 
 2.92864456e+01  2.99195947e+02  2.92864456e+01 -1.45480429e-01 
 3.16227766e+01  2.99195936e+02  3.16227766e+01 -1.57086147e-01 
 3.41454887e+01  2.99195922e+02  3.41454887e+01 -1.69617712e-01 
 3.68694506e+01  2.99195906e+02  3.68694506e+01 -1.83148983e-01 
 3.98107171e+01  2.99195887e+02  3.98107171e+01 -1.97759711e-01 
 4.29866235e+01  2.99195866e+02  4.29866235e+01 -2.13536008e-01 
 4.64158883e+01  2.99195840e+02  4.64158883e+01 -2.30570859e-01 
 5.01187234e+01  2.99195811e+02  5.01187234e+01 -2.48964662e-01 
 5.41169527e+01  2.99195777e+02  5.41169527e+01 -2.68825827e-01 
 5.84341413e+01  2.99195737e+02  5.84341413e+01 -2.90271412e-01 
 6.30957344e+01  2.99195690e+02  6.30957344e+01 -3.13427812e-01 
 6.81292069e+01  2.99195635e+02  6.81292069e+01 -3.38431505e-01 
 7.35642254e+01  2.99195572e+02  7.35642254e+01 -3.65429856e-01 
 7.94328235e+01  2.99195498e+02  7.94328235e+01 -3.94581985e-01 
 8.57695899e+01  2.99195412e+02  8.57695899e+01 -4.26059704e-01 
 9.26118728e+01  2.99195311e+02  9.26118728e+01 -4.60048531e-01 
 1.00000000e+02  2.99195194e+02  1.00000000e+02 -4.96748783e-01 
 1.07977516e+02  2.99195057e+02  1.07977516e+02 -5.36376752e-01 
 1.16591440e+02  2.99194897e+02  1.16591440e+02 -5.79165986e-01 
 1.25892541e+02  2.99194711e+02  1.25892541e+02 -6.25368658e-01 
 1.35935639e+02  2.99194495e+02  1.35935639e+02 -6.75257056e-01 
 1.46779927e+02  2.99194242e+02  1.46779927e+02 -7.29125181e-01 
 1.58489319e+02  2.99193947e+02  1.58489319e+02 -7.87290486e-01 
 1.71132830e+02  2.99193604e+02  1.71132830e+02 -8.50095736e-01 
 1.84784980e+02  2.99193203e+02  1.84784980e+02 -9.17911033e-01 
 1.99526231e+02  2.99192736e+02  1.99526231e+02 -9.91135988e-01 
 2.15443469e+02  2.99192192e+02  2.15443469e+02 -1.07020208e+00 
 2.32630507e+02  2.99191557e+02  2.32630507e+02 -1.15557517e+00 
 2.51188643e+02  2.99190816e+02  2.51188643e+02 -1.24775828e+00 
 2.71227258e+02  2.99189953e+02  2.71227258e+02 -1.34729451e+00 
 2.92864456e+02  2.99188947e+02  2.92864456e+02 -1.45477026e+00 
 3.16227766e+02  2.99187774e+02  3.16227766e+02 -1.57081864e+00 
 3.41454887e+02  2.99186406e+02  3.41454887e+02 -1.69612320e+00 
 3.68694506e+02  2.99184812e+02  3.68694506e+02 -1.83142195e+00 
 3.98107171e+02  2.99182953e+02  3.98107171e+02 -1.97751165e+00 
 4.29866235e+02  2.99180785e+02  4.29866235e+02 -2.13525250e+00 
 4.64158883e+02  2.99178258e+02  4.64158883e+02 -2.30557314e+00 
 5.01187234e+02  2.99175311e+02  5.01187234e+02 -2.48947611e+00 
 5.41169527e+02  2.99171876e+02  5.41169527e+02 -2.68804361e+00 
 5.84341413e+02  2.99167871e+02  5.84341413e+02 -2.90244389e+00 
 6.30957344e+02  2.99163201e+02  6.30957344e+02 -3.13393792e+00 
 6.81292069e+02  2.99157757e+02  6.81292069e+02 -3.38388678e+00 
 7.35642254e+02  2.99151410e+02  7.35642254e+02 -3.65375940e+00 
 7.94328235e+02  2.99144011e+02  7.94328235e+02 -3.94514111e+00 
 8.57695899e+02  2.99135383e+02  8.57695899e+02 -4.25974258e+00 
 9.26118728e+02  2.99125326e+02  9.26118728e+02 -4.59940965e+00 
 1.00000000e+03  2.99113600e+02  1.00000000e+03 -4.96613370e+00 
 1.07977516e+03  2.99099930e+02  1.07977516e+03 -5.36206285e+00 
 1.16591440e+03  2.99083994e+02  1.16591440e+03 -5.78951393e+00 
 1.25892541e+03  2.99065415e+02  1.25892541e+03 -6.25098518e+00 
 1.35935639e+03  2.99043757e+02  1.35935639e+03 -6.74916994e+00 
 1.46779927e+03  2.99018510e+02  1.46779927e+03 -7.28697105e+00 
 1.58489319e+03  2.98989079e+02  1.58489319e+03 -7.86751624e+00 
 1.71132830e+03  2.98954773e+02  1.71132830e+03 -8.49417428e+00 
 1.84784980e+03  2.98914785e+02  1.84784980e+03 -9.17057209e+00 
 1.99526231e+03  2.98868175e+02  1.99526231e+03 -9.90061256e+00 
 2.15443469e+03  2.98813851e+02  2.15443469e+03 -1.06884932e+01 
 2.32630507e+03  2.98750538e+02  2.32630507e+03 -1.15387251e+01 
 2.51188643e+03  2.98676755e+02  2.51188643e+03 -1.24561529e+01 
 2.71227258e+03  2.98590775e+02  2.71227258e+03 -1.34459744e+01 
 2.92864456e+03  2.98490594e+02  2.92864456e+03 -1.45137600e+01 
 3.16227766e+03  2.98373875e+02  3.16227766e+03 -1.56654720e+01 
 3.41454887e+03  2.98237906e+02  3.41454887e+03 -1.69074825e+01 
 3.68694506e+03  2.98079535e+02  3.68694506e+03 -1.82465891e+01 
 3.98107171e+03  2.97895099e+02  3.98107171e+03 -1.96900281e+01 
 4.29866235e+03  2.97680351e+02  4.29866235e+03 -2.12454830e+01 
 4.64158883e+03  2.97430363e+02  4.64158883e+03 -2.29210878e+01 
 5.01187234e+03  2.97139428e+02  5.01187234e+03 -2.47254222e+01 
 5.41169527e+03  2.96800941e+02  5.41169527e+03 -2.66674964e+01 
 5.84341413e+03  2.96407266e+02  5.84341413e+03 -2.87567226e+01 
 6.30957344e+03  2.95949590e+02  6.30957344e+03 -3.10028699e+01 
 6.81292069e+03  2.95417760e+02  6.81292069e+03 -3.34159962e+01 
 7.35642254e+03  2.94800099e+02  7.35642254e+03 -3.60063542e+01 
 7.94328235e+03  2.94083210e+02  7.94328235e+03 -3.87842618e+01 
 8.57695899e+03  2.93251768e+02  8.57695899e+03 -4.17599324e+01 
 9.26118728e+03  2.92288292e+02  9.26118728e+03 -4.49432527e+01 
 1.00000000e+04  2.91172922e+02  1.00000000e+04 -4.83435008e+01 
 1.07977516e+04  2.89883191e+02  1.07977516e+04 -5.19689922e+01 
 1.16591440e+04  2.88393821e+02  1.16591440e+04 -5.58266409e+01 
 1.25892541e+04  2.86676544e+02  1.25892541e+04 -5.99214272e+01 
 1.35935639e+04  2.84699981e+02  1.35935639e+04 -6.42557579e+01 
 1.46779927e+04  2.82429601e+02  1.46779927e+04 -6.88287158e+01 
 1.58489319e+04  2.79827814e+02  1.58489319e+04 -7.36351920e+01 
 1.71132830e+04  2.76854210e+02  1.71132830e+04 -7.86649113e+01 
 1.84784980e+04  2.73466028e+02  1.84784980e+04 -8.39013655e+01 
 1.99526231e+04  2.69618890e+02  1.99526231e+04 -8.93206922e+01 
 2.15443469e+04  2.65267863e+02  2.15443469e+04 -9.48905541e+01 
 2.32630507e+04  2.60368899e+02  2.32630507e+04 -1.00569101e+02 
 2.51188643e+04  2.54880680e+02  2.51188643e+04 -1.06304127e+02 
 2.71227258e+04  2.48766883e+02  2.71227258e+04 -1.12032558e+02 
 2.92864456e+04  2.41998807e+02  2.92864456e+04 -1.17680429e+02 
 3.16227766e+04  2.34558290e+02  3.16227766e+04 -1.23163532e+02 
 3.41454887e+04  2.26440717e+02  3.41454887e+04 -1.28388864e+02 
 3.68694506e+04  2.17657893e+02  3.68694506e+04 -1.33257020e+02 
 3.98107171e+04  2.08240469e+02  3.98107171e+04 -1.37665536e+02 
 4.29866235e+04  1.98239578e+02  4.29866235e+04 -1.41513125e+02 
 4.64158883e+04  1.87727326e+02  4.64158883e+04 -1.44704572e+02 
 5.01187234e+04  1.76795898e+02  5.01187234e+04 -1.47155958e+02 
 5.41169527e+04  1.65555110e+02  5.41169527e+04 -1.48799707e+02 
 5.84341413e+04  1.54128470e+02  5.84341413e+04 -1.49588972e+02 
 6.30957344e+04  1.42647991e+02  6.30957344e+04 -1.49500814e+02 
 6.81292069e+04  1.31248184e+02  6.81292069e+04 -1.48537808e+02 
 7.35642254e+04  1.20059820e+02  7.35642254e+04 -1.46727865e+02 
 7.94328235e+04  1.09204046e+02  7.94328235e+04 -1.44122283e+02 
 8.57695899e+04  9.87874198e+01  8.57695899e+04 -1.40792288e+02 
 9.26118728e+04  8.88982498e+01  9.26118728e+04 -1.36824480e+02 
 1.00000000e+05  7.96044685e+01  1.00000000e+05 -1.32315702e+02 
 1.07977516e+05  7.09530251e+01  1.07977516e+05 -1.27367854e+02 
 1.16591440e+05  6.29706370e+01  1.16591440e+05 -1.22083097e+02 
 1.25892541e+05  5.56656085e+01  1.25892541e+05 -1.16559795e+02 
 1.35935639e+05  4.90303727e+01  1.35935639e+05 -1.10889347e+02 
 1.46779927e+05  4.30444160e+01  1.46779927e+05 -1.05154001e+02 
 1.58489319e+05  3.76772870e+01  1.58489319e+05 -9.94255673e+01 
 1.71132830e+05  3.28914612e+01  1.71132830e+05 -9.37649245e+01 
 1.84784980e+05  2.86449063e+01  1.84784980e+05 -8.82221513e+01 
 1.99526231e+05  2.48932621e+01  1.99526231e+05 -8.28371172e+01 
 2.15443469e+05  2.15916046e+01  2.15443469e+05 -7.76403753e+01 
 2.32630507e+05  1.86958058e+01  2.32630507e+05 -7.26542248e+01 
 2.51188643e+05  1.61635264e+01  2.51188643e+05 -6.78938367e+01 
 2.71227258e+05  1.39548916e+01  2.71227258e+05 -6.33683691e+01 
 2.92864456e+05  1.20329084e+01  2.92864456e+05 -5.90820165e+01 
 3.16227766e+05  1.03636769e+01  3.16227766e+05 -5.50349646e+01 
 3.41454887e+05  8.91644637e+00  3.41454887e+05 -5.12242346e+01 
 3.68694506e+05  7.66355873e+00  3.68694506e+05 -4.76444114e+01 
 3.98107171e+05  6.58031401e+00  3.98107171e+05 -4.42882604e+01 
 4.29866235e+05  5.64478586e+00  4.29866235e+05 -4.11472411e+01 
 4.64158883e+05  4.83760854e+00  4.64158883e+05 -3.82119273e+01 
 5.01187234e+05  4.14175124e+00  5.01187234e+05 -3.54723460e+01 
 5.41169527e+05  3.54229109e+00  5.41169527e+05 -3.29182469e+01 
 5.84341413e+05  3.02619282e+00  5.84341413e+05 -3.05393124e+01 
 6.30957344e+05  2.58210006e+00  6.30957344e+05 -2.83253195e+01 
 6.81292069e+05  2.20014141e+00  6.81292069e+05 -2.62662610e+01 
 7.35642254e+05  1.87175277e+00  7.35642254e+05 -2.43524344e+01 
 7.94328235e+05  1.58951644e+00  7.94328235e+05 -2.25745044e+01 
 8.57695899e+05  1.34701667e+00  8.57695899e+05 -2.09235447e+01 
 9.26118728e+05  1.13871103e+00  9.26118728e+05 -1.93910636e+01 
 1.00000000e+06  9.59816426e-01  1.00000000e+06 -1.79690166e+01 
 1.07977516e+06  8.06208731e-01  1.07977516e+06 -1.66498097e+01 
 1.16591440e+06  6.74334676e-01  1.16591440e+06 -1.54262946e+01 
 1.25892541e+06  5.61134817e-01  1.25892541e+06 -1.42917594e+01 
 1.35935639e+06  4.63976365e-01  1.35935639e+06 -1.32399146e+01 
 1.46779927e+06  3.80594771e-01  1.46779927e+06 -1.22648772e+01 
 1.58489319e+06  3.09043016e-01  1.58489319e+06 -1.13611520e+01 
 1.71132830e+06  2.47647685e-01  1.71132830e+06 -1.05236125e+01 
 1.84784980e+06  1.94970951e-01  1.84784980e+06 -9.74748170e+00 
 1.99526231e+06  1.49777742e-01  1.99526231e+06 -9.02831157e+00 
 2.15443469e+06  1.11007394e-01  2.15443469e+06 -8.36196403e+00 
 2.32630507e+06  7.77492089e-02  2.32630507e+06 -7.74459168e+00 
 2.51188643e+06  4.92213958e-02  2.51188643e+06 -7.17261936e+00 
 2.71227258e+06  2.47529392e-02  2.71227258e+06 -6.64272647e+00 
 2.92864456e+06  3.76799627e-03  2.92864456e+06 -6.15183003e+00 
 3.16227766e+06 -1.42275229e-02  3.16227766e+06 -5.69706869e+00 
 3.41454887e+06 -2.96574908e-02  3.41454887e+06 -5.27578753e+00 
 3.68694506e+06 -4.28854745e-02  3.68694506e+06 -4.88552377e+00 
 3.98107171e+06 -5.42232496e-02  3.98107171e+06 -4.52399331e+00 
 4.29866235e+06 -6.39381106e-02  4.29866235e+06 -4.18907813e+00 
 4.64158883e+06 -7.22591432e-02  4.64158883e+06 -3.87881451e+00 
 5.01187234e+06 -7.93826075e-02  5.01187234e+06 -3.59138197e+00 
 5.41169527e+06 -8.54765512e-02  5.41169527e+06 -3.32509298e+00 
 5.84341413e+06 -9.06847651e-02  5.84341413e+06 -3.07838337e+00 
 6.30957344e+06 -9.51301687e-02  6.30957344e+06 -2.84980340e+00 
 6.81292069e+06 -9.89177084e-02  6.81292069e+06 -2.63800942e+00 
 7.35642254e+06 -1.02136834e-01  7.35642254e+06 -2.44175617e+00 
 7.94328235e+06 -1.04863611e-01  7.94328235e+06 -2.25988959e+00 
 8.57695899e+06 -1.07162528e-01  8.57695899e+06 -2.09134014e+00 
 9.26118728e+06 -1.09088019e-01  9.26118728e+06 -1.93511664e+00 
 1.00000000e+07 -1.10685773e-01  1.00000000e+07 -1.79030053e+00 
 1.07977516e+07 -1.11993828e-01  1.07977516e+07 -1.65604060e+00 
 1.16591440e+07 -1.13043497e-01  1.16591440e+07 -1.53154803e+00 
 1.25892541e+07 -1.13860147e-01  1.25892541e+07 -1.41609190e+00 
 1.35935639e+07 -1.14463848e-01  1.35935639e+07 -1.30899503e+00 
 1.46779927e+07 -1.14869916e-01  1.46779927e+07 -1.20963011e+00 
 1.58489319e+07 -1.15089366e-01  1.58489319e+07 -1.11741618e+00 
 1.71132830e+07 -1.15129287e-01  1.71132830e+07 -1.03181543e+00 
 1.84784980e+07 -1.14993172e-01  1.84784980e+07 -9.52330223e-01 
 1.99526231e+07 -1.14681199e-01  1.99526231e+07 -8.78500466e-01 
 2.15443469e+07 -1.14190501e-01  2.15443469e+07 -8.09901182e-01 
 2.32630507e+07 -1.13515434e-01  2.32630507e+07 -7.46140352e-01 
 2.51188643e+07 -1.12647871e-01  2.51188643e+07 -6.86856980e-01 
 2.71227258e+07 -1.11577550e-01  2.71227258e+07 -6.31719368e-01 
 2.92864456e+07 -1.10292487e-01  2.92864456e+07 -5.80423582e-01 
 3.16227766e+07 -1.08779504e-01  3.16227766e+07 -5.32692062e-01 
 3.41454887e+07 -1.07024877e-01  3.41454887e+07 -4.88272355e-01 
 3.68694506e+07 -1.05015132e-01  3.68694506e+07 -4.46935904e-01 
 3.98107171e+07 -1.02737993e-01  3.98107171e+07 -4.08476843e-01 
 4.29866235e+07 -1.00183476e-01  4.29866235e+07 -3.72710716e-01 
 4.64158883e+07 -9.73451002e-02  4.64158883e+07 -3.39473058e-01 
 5.01187234e+07 -9.42211580e-02  5.01187234e+07 -3.08617744e-01 
 5.41169527e+07 -9.08159485e-02  5.41169527e+07 -2.80015076e-01 
 5.84341413e+07 -8.71408704e-02  5.84341413e+07 -2.53549549e-01 
 6.30957344e+07 -8.32152293e-02  6.30957344e+07 -2.29117318e-01 
 6.81292069e+07 -7.90666235e-02  6.81292069e+07 -2.06623442e-01 
 7.35642254e+07 -7.47307889e-02  7.35642254e+07 -1.85978997e-01 
 7.94328235e+07 -7.02508278e-02  7.94328235e+07 -1.67098260e-01 
 8.57695899e+07 -6.56758148e-02  8.57695899e+07 -1.49896157e-01 
 9.26118728e+07 -6.10588564e-02  9.26118728e+07 -1.34286172e-01 
 1.00000000e+08 -5.64547588e-02  1.00000000e+08 -1.20178911e-01 
 1.07977516e+08 -5.19175200e-02  1.07977516e+08 -1.07481406e-01 
 1.16591440e+08 -4.74978934e-02  1.16591440e+08 -9.60971913e-02 
 1.25892541e+08 -4.32412542e-02  1.25892541e+08 -8.59270599e-02 
 1.35935639e+08 -3.91859529e-02  1.35935639e+08 -7.68703648e-02 
 1.46779927e+08 -3.53622666e-02  1.46779927e+08 -6.88266438e-02 
 1.58489319e+08 -3.17919736e-02  1.58489319e+08 -6.16973629e-02 
 1.71132830e+08 -2.84885033e-02  1.71132830e+08 -5.53875775e-02 
 1.84784980e+08 -2.54575559e-02  1.84784980e+08 -4.98073614e-02 
 1.99526231e+08 -2.26980580e-02  1.99526231e+08 -4.48729094e-02 
 2.15443469e+08 -2.02033133e-02  2.15443469e+08 -4.05072728e-02 
 2.32630507e+08 -1.79622214e-02  2.32630507e+08 -3.66407365e-02 
 2.51188643e+08 -1.59604643e-02  2.51188643e+08 -3.32108791e-02 
 2.71227258e+08 -1.41815862e-02  2.71227258e+08 -3.01623756e-02 
 2.92864456e+08 -1.26079270e-02  2.92864456e+08 -2.74466100e-02 
 3.16227766e+08 -1.12213881e-02  3.16227766e+08 -2.50211618e-02 
 3.41454887e+08 -1.00040325e-02  3.41454887e+08 -2.28492221e-02 
 3.68694506e+08 -8.93853069e-03  3.68694506e+08 -2.08989844e-02 
 3.98107171e+08 -8.00847151e-03  3.98107171e+08 -1.91430443e-02 
 4.29866235e+08 -7.19856165e-03  4.29866235e+08 -1.75578294e-02 
 4.64158883e+08 -6.49473493e-03  4.64158883e+08 -1.61230756e-02 
 5.01187234e+08 -5.88419302e-03  5.01187234e+08 -1.48213553e-02 
 5.41169527e+08 -5.35539537e-03  5.41169527e+08 -1.36376611e-02 
 5.84341413e+08 -4.89801370e-03  5.84341413e+08 -1.25590435e-02 
 6.30957344e+08 -4.50286301e-03  6.30957344e+08 -1.15742980e-02 
 6.81292069e+08 -4.16181857e-03  6.81292069e+08 -1.06736992e-02 
 7.35642254e+08 -3.86772602e-03  7.35642254e+08 -9.84877444e-03 
 7.94328235e+08 -3.61430965e-03  7.94328235e+08 -9.09211407e-03 
 8.57695899e+08 -3.39608246e-03  8.57695899e+08 -8.39721104e-03 
 9.26118728e+08 -3.20826042e-03  9.26118728e+08 -7.75832729e-03 
 1.00000000e+09 -3.04668231e-03  1.00000000e+09 -7.17038165e-03 
 1.07977516e+09 -2.90773601e-03  1.07977516e+09 -6.62885625e-03 
 1.16591440e+09 -2.78829150e-03  1.16591440e+09 -6.12971822e-03 
 1.25892541e+09 -2.68564059e-03  1.25892541e+09 -5.66935404e-03 
 1.35935639e+09 -2.59744306e-03  1.35935639e+09 -5.24451450e-03 
 1.46779927e+09 -2.52167893e-03  1.46779927e+09 -4.85226839e-03 
 1.58489319e+09 -2.45660626e-03  1.58489319e+09 -4.48996332e-03 
 1.71132830e+09 -2.40072408e-03  1.71132830e+09 -4.15519258e-03 
 1.84784980e+09 -2.35274001e-03  1.84784980e+09 -3.84576691e-03 
 1.99526231e+09 -2.31154184e-03  1.99526231e+09 -3.55969033e-03 
 2.15443469e+09 -2.27617294e-03  2.15443469e+09 -3.29513947e-03 
 2.32630507e+09 -2.24581079e-03  2.32630507e+09 -3.05044562e-03 
 2.51188643e+09 -2.21974838e-03  2.51188643e+09 -2.82407923e-03 
 2.71227258e+09 -2.19737818e-03  2.71227258e+09 -2.61463639e-03 
 2.92864456e+09 -2.17817824e-03  2.92864456e+09 -2.42082692e-03 
 3.16227766e+09 -2.16170016e-03  3.16227766e+09 -2.24146398e-03 
 3.41454887e+09 -2.14755883e-03  3.41454887e+09 -2.07545476e-03 
 3.68694506e+09 -2.13542347e-03  3.68694506e+09 -1.92179229e-03 
 3.98107171e+09 -2.12501004e-03  3.98107171e+09 -1.77954803e-03 
 4.29866235e+09 -2.11607462e-03  4.29866235e+09 -1.64786533e-03 
 4.64158883e+09 -2.10840775e-03  4.64158883e+09 -1.52595338e-03 
 5.01187234e+09 -2.10182961e-03  5.01187234e+09 -1.41308192e-03 
 5.41169527e+09 -2.09618581e-03  5.41169527e+09 -1.30857630e-03 
 5.84341413e+09 -2.09134381e-03  5.84341413e+09 -1.21181306e-03 
 6.30957344e+09 -2.08718982e-03  6.30957344e+09 -1.12221586e-03 
 6.81292069e+09 -2.08362620e-03  6.81292069e+09 -1.03925183e-03 
 7.35642254e+09 -2.08056912e-03  7.35642254e+09 -9.62428150e-04 
 7.94328235e+09 -2.07794663e-03  7.94328235e+09 -8.91288952e-04 
 8.57695899e+09 -2.07569702e-03  8.57695899e+09 -8.25412505e-04 
 9.26118728e+09 -2.07376728e-03  9.26118728e+09 -7.64408587e-04 
 1.00000000e+10 -2.07211198e-03  1.00000000e+10 -7.07916091e-04 
