 1.00000000e+00  3.37468197e+02  1.00000000e+00 -4.10187832e-03 
 1.07977516e+00  3.37468197e+02  1.07977516e+00 -4.42910633e-03 
 1.16591440e+00  3.37468197e+02  1.16591440e+00 -4.78243901e-03 
 1.25892541e+00  3.37468197e+02  1.25892541e+00 -5.16395885e-03 
 1.35935639e+00  3.37468197e+02  1.35935639e+00 -5.57591451e-03 
 1.46779927e+00  3.37468197e+02  1.46779927e+00 -6.02073400e-03 
 1.58489319e+00  3.37468197e+02  1.58489319e+00 -6.50103903e-03 
 1.71132830e+00  3.37468197e+02  1.71132830e+00 -7.01966047e-03 
 1.84784980e+00  3.37468197e+02  1.84784980e+00 -7.57965502e-03 
 1.99526231e+00  3.37468197e+02  1.99526231e+00 -8.18432323e-03 
 2.15443469e+00  3.37468197e+02  2.15443469e+00 -8.83722895e-03 
 2.32630507e+00  3.37468197e+02  2.32630507e+00 -9.54222032e-03 
 2.51188643e+00  3.37468197e+02  2.51188643e+00 -1.03034525e-02 
 2.71227258e+00  3.37468197e+02  2.71227258e+00 -1.11254121e-02 
 2.92864456e+00  3.37468197e+02  2.92864456e+00 -1.20129436e-02 
 3.16227766e+00  3.37468197e+02  3.16227766e+00 -1.29712782e-02 
 3.41454887e+00  3.37468197e+02  3.41454887e+00 -1.40060640e-02 
 3.68694506e+00  3.37468197e+02  3.68694506e+00 -1.51234000e-02 
 3.98107171e+00  3.37468197e+02  3.98107171e+00 -1.63298717e-02 
 4.29866235e+00  3.37468196e+02  4.29866235e+00 -1.76325898e-02 
 4.64158883e+00  3.37468196e+02  4.64158883e+00 -1.90392326e-02 
 5.01187234e+00  3.37468196e+02  5.01187234e+00 -2.05580904e-02 
 5.41169527e+00  3.37468196e+02  5.41169527e+00 -2.21981154e-02 
 5.84341413e+00  3.37468196e+02  5.84341413e+00 -2.39689736e-02 
 6.30957344e+00  3.37468195e+02  6.30957344e+00 -2.58811024e-02 
 6.81292069e+00  3.37468195e+02  6.81292069e+00 -2.79457715e-02 
 7.35642254e+00  3.37468195e+02  7.35642254e+00 -3.01751499e-02 
 7.94328235e+00  3.37468194e+02  7.94328235e+00 -3.25823774e-02 
 8.57695899e+00  3.37468194e+02  8.57695899e+00 -3.51816418e-02 
 9.26118728e+00  3.37468193e+02  9.26118728e+00 -3.79882629e-02 
 1.00000000e+01  3.37468192e+02  1.00000000e+01 -4.10187826e-02 
 1.07977516e+01  3.37468192e+02  1.07977516e+01 -4.42910625e-02 
 1.16591440e+01  3.37468191e+02  1.16591440e+01 -4.78243891e-02 
 1.25892541e+01  3.37468189e+02  1.25892541e+01 -5.16395874e-02 
 1.35935639e+01  3.37468188e+02  1.35935639e+01 -5.57591436e-02 
 1.46779927e+01  3.37468187e+02  1.46779927e+01 -6.02073381e-02 
 1.58489319e+01  3.37468185e+02  1.58489319e+01 -6.50103879e-02 
 1.71132830e+01  3.37468183e+02  1.71132830e+01 -7.01966017e-02 
 1.84784980e+01  3.37468180e+02  1.84784980e+01 -7.57965464e-02 
 1.99526231e+01  3.37468177e+02  1.99526231e+01 -8.18432276e-02 
 2.15443469e+01  3.37468174e+02  2.15443469e+01 -8.83722835e-02 
 2.32630507e+01  3.37468170e+02  2.32630507e+01 -9.54221956e-02 
 2.51188643e+01  3.37468166e+02  2.51188643e+01 -1.03034515e-01 
 2.71227258e+01  3.37468161e+02  2.71227258e+01 -1.11254109e-01 
 2.92864456e+01  3.37468155e+02  2.92864456e+01 -1.20129421e-01 
 3.16227766e+01  3.37468147e+02  3.16227766e+01 -1.29712763e-01 
 3.41454887e+01  3.37468139e+02  3.41454887e+01 -1.40060616e-01 
 3.68694506e+01  3.37468130e+02  3.68694506e+01 -1.51233970e-01 
 3.98107171e+01  3.37468118e+02  3.98107171e+01 -1.63298679e-01 
 4.29866235e+01  3.37468105e+02  4.29866235e+01 -1.76325851e-01 
 4.64158883e+01  3.37468090e+02  4.64158883e+01 -1.90392266e-01 
 5.01187234e+01  3.37468072e+02  5.01187234e+01 -2.05580829e-01 
 5.41169527e+01  3.37468051e+02  5.41169527e+01 -2.21981059e-01 
 5.84341413e+01  3.37468027e+02  5.84341413e+01 -2.39689617e-01 
 6.30957344e+01  3.37467999e+02  6.30957344e+01 -2.58810873e-01 
 6.81292069e+01  3.37467966e+02  6.81292069e+01 -2.79457526e-01 
 7.35642254e+01  3.37467928e+02  7.35642254e+01 -3.01751261e-01 
 7.94328235e+01  3.37467883e+02  7.94328235e+01 -3.25823473e-01 
 8.57695899e+01  3.37467831e+02  8.57695899e+01 -3.51816040e-01 
 9.26118728e+01  3.37467770e+02  9.26118728e+01 -3.79882153e-01 
 1.00000000e+02  3.37467699e+02  1.00000000e+02 -4.10187227e-01 
 1.07977516e+02  3.37467616e+02  1.07977516e+02 -4.42909871e-01 
 1.16591440e+02  3.37467520e+02  1.16591440e+02 -4.78242942e-01 
 1.25892541e+02  3.37467408e+02  1.25892541e+02 -5.16394678e-01 
 1.35935639e+02  3.37467277e+02  1.35935639e+02 -5.57589931e-01 
 1.46779927e+02  3.37467124e+02  1.46779927e+02 -6.02071486e-01 
 1.58489319e+02  3.37466946e+02  1.58489319e+02 -6.50101494e-01 
 1.71132830e+02  3.37466738e+02  1.71132830e+02 -7.01963014e-01 
 1.84784980e+02  3.37466496e+02  1.84784980e+02 -7.57961684e-01 
 1.99526231e+02  3.37466214e+02  1.99526231e+02 -8.18427517e-01 
 2.15443469e+02  3.37465885e+02  2.15443469e+02 -8.83716844e-01 
 2.32630507e+02  3.37465501e+02  2.32630507e+02 -9.54214414e-01 
 2.51188643e+02  3.37465054e+02  2.51188643e+02 -1.03033566e+00 
 2.71227258e+02  3.37464532e+02  2.71227258e+02 -1.11252914e+00 
 2.92864456e+02  3.37463924e+02  2.92864456e+02 -1.20127916e+00 
 3.16227766e+02  3.37463215e+02  3.16227766e+02 -1.29710868e+00 
 3.41454887e+02  3.37462389e+02  3.41454887e+02 -1.40058231e+00 
 3.68694506e+02  3.37461425e+02  3.68694506e+02 -1.51230967e+00 
 3.98107171e+02  3.37460301e+02  3.98107171e+02 -1.63294899e+00 
 4.29866235e+02  3.37458991e+02  4.29866235e+02 -1.76321092e+00 
 4.64158883e+02  3.37457464e+02  4.64158883e+02 -1.90386275e+00 
 5.01187234e+02  3.37455683e+02  5.01187234e+02 -2.05573287e+00 
 5.41169527e+02  3.37453607e+02  5.41169527e+02 -2.21971564e+00 
 5.84341413e+02  3.37451186e+02  5.84341413e+02 -2.39677664e+00 
 6.30957344e+02  3.37448364e+02  6.30957344e+02 -2.58795826e+00 
 6.81292069e+02  3.37445074e+02  6.81292069e+02 -2.79438582e+00 
 7.35642254e+02  3.37441237e+02  7.35642254e+02 -3.01727412e+00 
 7.94328235e+02  3.37436765e+02  7.94328235e+02 -3.25793450e+00 
 8.57695899e+02  3.37431550e+02  8.57695899e+02 -3.51778243e+00 
 9.26118728e+02  3.37425470e+02  9.26118728e+02 -3.79834571e+00 
 1.00000000e+03  3.37418383e+02  1.00000000e+03 -4.10127326e+00 
 1.07977516e+03  3.37410119e+02  1.07977516e+03 -4.42834463e+00 
 1.16591440e+03  3.37400485e+02  1.16591440e+03 -4.78148010e+00 
 1.25892541e+03  3.37389253e+02  1.25892541e+03 -5.16275171e+00 
 1.35935639e+03  3.37376159e+02  1.35935639e+03 -5.57439486e+00 
 1.46779927e+03  3.37360893e+02  1.46779927e+03 -6.01882096e+00 
 1.58489319e+03  3.37343096e+02  1.58489319e+03 -6.49863078e+00 
 1.71132830e+03  3.37322349e+02  1.71132830e+03 -7.01662886e+00 
 1.84784980e+03  3.37298163e+02  1.84784980e+03 -7.57583872e+00 
 1.99526231e+03  3.37269968e+02  1.99526231e+03 -8.17951920e+00 
 2.15443469e+03  3.37237102e+02  2.15443469e+03 -8.83118161e+00 
 2.32630507e+03  3.37198790e+02  2.32630507e+03 -9.53460804e+00 
 2.51188643e+03  3.37154133e+02  2.51188643e+03 -1.02938705e+01 
 2.71227258e+03  3.37102082e+02  2.71227258e+03 -1.11133509e+01 
 2.92864456e+03  3.37041415e+02  2.92864456e+03 -1.19977622e+01 
 3.16227766e+03  3.36970710e+02  3.16227766e+03 -1.29521699e+01 
 3.41454887e+03  3.36888311e+02  3.41454887e+03 -1.39820140e+01 
 3.68694506e+03  3.36792292e+02  3.68694506e+03 -1.50931315e+01 
 3.98107171e+03  3.36680412e+02  3.98107171e+03 -1.62917785e+01 
 4.29866235e+03  3.36550062e+02  4.29866235e+03 -1.75846520e+01 
 4.64158883e+03  3.36398213e+02  4.64158883e+03 -1.89789095e+01 
 5.01187234e+03  3.36221342e+02  5.01187234e+03 -2.04821881e+01 
 5.41169527e+03  3.36015361e+02  5.41169527e+03 -2.21026186e+01 
 5.84341413e+03  3.35775523e+02  5.84341413e+03 -2.38488360e+01 
 6.30957344e+03  3.35496323e+02  6.30957344e+03 -2.57299837e+01 
 6.81292069e+03  3.35171386e+02  6.81292069e+03 -2.77557085e+01 
 7.35642254e+03  3.34793330e+02  7.35642254e+03 -2.99361445e+01 
 7.94328235e+03  3.34353624e+02  7.94328235e+03 -3.22818823e+01 
 8.57695899e+03  3.33842420e+02  8.57695899e+03 -3.48039188e+01 
 9.26118728e+03  3.33248368e+02  9.26118728e+03 -3.75135834e+01 
 1.00000000e+04  3.32558416e+02  1.00000000e+04 -4.04224330e+01 
 1.07977516e+04  3.31757588e+02  1.07977516e+04 -4.35421094e+01 
 1.16591440e+04  3.30828743e+02  1.16591440e+04 -4.68841509e+01 
 1.25892541e+04  3.29752331e+02  1.25892541e+04 -5.04597461e+01 
 1.35935639e+04  3.28506130e+02  1.35935639e+04 -5.42794207e+01 
 1.46779927e+04  3.27064999e+02  1.46779927e+04 -5.83526435e+01 
 1.58489319e+04  3.25400636e+02  1.58489319e+04 -6.26873390e+01 
 1.71132830e+04  3.23481378e+02  1.71132830e+04 -6.72892930e+01 
 1.84784980e+04  3.21272057e+02  1.84784980e+04 -7.21614407e+01 
 1.99526231e+04  3.18733953e+02  1.99526231e+04 -7.73030272e+01 
 2.15443469e+04  3.15824877e+02  2.15443469e+04 -8.27086381e+01 
 2.32630507e+04  3.12499437e+02  2.32630507e+04 -8.83671068e+01 
 2.51188643e+04  3.08709541e+02  2.51188643e+04 -9.42603177e+01 
 2.71227258e+04  3.04405210e+02  2.71227258e+04 -1.00361943e+02 
 2.92864456e+04  2.99535744e+02  2.92864456e+04 -1.06636176e+02 
 3.16227766e+04  2.94051318e+02  3.16227766e+04 -1.13036551e+02 
 3.41454887e+04  2.87905035e+02  3.41454887e+04 -1.19504969e+02 
 3.68694506e+04  2.81055444e+02  3.68694506e+04 -1.25971096e+02 
 3.98107171e+04  2.73469491e+02  3.98107171e+04 -1.32352291e+02 
 4.29866235e+04  2.65125781e+02  4.29866235e+04 -1.38554275e+02 
 4.64158883e+04  2.56017978e+02  4.64158883e+04 -1.44472712e+02 
 5.01187234e+04  2.46158071e+02  5.01187234e+04 -1.49995823e+02 
 5.41169527e+04  2.35579148e+02  5.41169527e+04 -1.55008094e+02 
 5.84341413e+04  2.24337318e+02  5.84341413e+04 -1.59394990e+02 
 6.30957344e+04  2.12512367e+02  6.30957344e+04 -1.63048447e+02 
 6.81292069e+04  2.00206853e+02  6.81292069e+04 -1.65872742e+02 
 7.35642254e+04  1.87543467e+02  7.35642254e+04 -1.67790234e+02 
 7.94328235e+04  1.74660694e+02  7.94328235e+04 -1.68746370e+02 
 8.57695899e+04  1.61707040e+02  8.57695899e+04 -1.68713386e+02 
 9.26118728e+04  1.48834301e+02  9.26118728e+04 -1.67692244e+02 
 1.00000000e+05  1.36190519e+02  1.00000000e+05 -1.65712569e+02 
 1.07977516e+05  1.23913296e+02  1.07977516e+05 -1.62830577e+02 
 1.16591440e+05  1.12124104e+02  1.16591440e+05 -1.59125274e+02 
 1.25892541e+05  1.00924051e+02  1.25892541e+05 -1.54693384e+02 
 1.35935639e+05  9.03913635e+01  1.35935639e+05 -1.49643582e+02 
 1.46779927e+05  8.05805840e+01  1.46779927e+05 -1.44090631e+02 
 1.58489319e+05  7.15233326e+01  1.58489319e+05 -1.38149931e+02 
 1.71132830e+05  6.32302864e+01  1.71132830e+05 -1.31932870e+02 
 1.84784980e+05  5.56940065e+01  1.84784980e+05 -1.25543186e+02 
 1.99526231e+05  4.88922194e+01  1.99526231e+05 -1.19074424e+02 
 2.15443469e+05  4.27912146e+01  2.15443469e+05 -1.12608417e+02 
 2.32630507e+05  3.73490941e+01  2.32630507e+05 -1.06214682e+02 
 2.51188643e+05  3.25186929e+01  2.51188643e+05 -9.99505189e+01 
 2.71227258e+05  2.82500696e+01  2.71227258e+05 -9.38616532e+01 
 2.92864456e+05  2.44925281e+01  2.92864456e+05 -8.79832241e+01 
 3.16227766e+05  2.11961810e+01  3.16227766e+05 -8.23409744e+01 
 3.41454887e+05  1.83130960e+01  3.41454887e+05 -7.69525195e+01 
 3.68694506e+05  1.57980804e+01  3.68694506e+05 -7.18286076e+01 
 3.98107171e+05  1.36091689e+01  3.98107171e+05 -6.69743108e+01 
 4.29866235e+05  1.17078764e+01  4.29866235e+05 -6.23901100e+01 
 4.64158883e+05  1.00592712e+01  4.64158883e+05 -5.80728556e+01 
 5.01187234e+05  8.63191806e+00  5.01187234e+05 -5.40165983e+01 
 5.41169527e+05  7.39773170e+00  5.41169527e+05 -5.02132935e+01 
 5.84341413e+05  6.33177128e+00  5.84341413e+05 -4.66533873e+01 
 6.30957344e+05  5.41200175e+00  6.30957344e+05 -4.33262980e+01 
 6.81292069e+05  4.61903964e+00  6.81292069e+05 -4.02208040e+01 
 7.35642254e+05  3.93589683e+00  7.35642254e+05 -3.73253522e+01 
 7.94328235e+05  3.34773117e+00  7.94328235e+05 -3.46283000e+01 
 8.57695899e+05  2.84161003e+00  8.57695899e+05 -3.21181005e+01 
 9.26118728e+05  2.40629031e+00  9.26118728e+05 -2.97834424e+01 
 1.00000000e+06  2.03201674e+00  1.00000000e+06 -2.76133523e+01 
 1.07977516e+06  1.71033904e+00  1.07977516e+06 -2.55972672e+01 
 1.16591440e+06  1.43394780e+00  1.16591440e+06 -2.37250830e+01 
 1.25892541e+06  1.19652810e+00  1.25892541e+06 -2.19871843e+01 
 1.35935639e+06  9.92629917e-01  1.35935639e+06 -2.03744597e+01 
 1.46779927e+06  8.17553878e-01  1.46779927e+06 -1.88783058e+01 
 1.58489319e+06  6.67250969e-01  1.58489319e+06 -1.74906228e+01 
 1.71132830e+06  5.38234837e-01  1.71132830e+06 -1.62038040e+01 
 1.84784980e+06  4.27505314e-01  1.84784980e+06 -1.50107203e+01 
 1.99526231e+06  3.32481886e-01  1.99526231e+06 -1.39047021e+01 
 2.15443469e+06  2.50945946e-01  2.15443469e+06 -1.28795191e+01 
 2.32630507e+06  1.80990762e-01  2.32630507e+06 -1.19293583e+01 
 2.51188643e+06  1.20978183e-01  2.51188643e+06 -1.10488018e+01 
 2.71227258e+06  6.95012390e-02  2.71227258e+06 -1.02328050e+01 
 2.92864456e+06  2.53518606e-02  2.92864456e+06 -9.47667362e+00 
 3.16227766e+06 -1.25069525e-02  3.16227766e+06 -8.77604303e+00 
 3.41454887e+06 -4.49651062e-02  3.41454887e+06 -8.12685677e+00 
 3.68694506e+06 -7.27860494e-02  3.68694506e+06 -7.52534670e+00 
 3.98107171e+06 -9.66245243e-02  3.98107171e+06 -6.96801389e+00 
 4.29866235e+06 -1.17041825e-01  4.29866235e+06 -6.45161041e+00 
 4.64158883e+06 -1.34518903e-01  4.64158883e+06 -5.97312216e+00 
 5.01187234e+06 -1.49467618e-01  5.01187234e+06 -5.52975266e+00 
 5.41169527e+06 -1.62240389e-01  5.41169527e+06 -5.11890785e+00 
 5.84341413e+06 -1.73138463e-01  5.84341413e+06 -4.73818177e+00 
 6.30957344e+06 -1.82418999e-01  6.30957344e+06 -4.38534325e+00 
 6.81292069e+06 -1.90301121e-01  6.81292069e+06 -4.05832340e+00 
 7.35642254e+06 -1.96971098e-01  7.35642254e+06 -3.75520400e+00 
 7.94328235e+06 -2.02586751e-01  7.94328235e+06 -3.47420665e+00 
 8.57695899e+06 -2.07281209e-01  8.57695899e+06 -3.21368276e+00 
 9.26118728e+06 -2.11166105e-01  9.26118728e+06 -2.97210418e+00 
 1.00000000e+07 -2.14334279e-01  1.00000000e+07 -2.74805455e+00 
 1.07977516e+07 -2.16862066e-01  1.07977516e+07 -2.54022138e+00 
 1.16591440e+07 -2.18811232e-01  1.16591440e+07 -2.34738861e+00 
 1.25892541e+07 -2.20230611e-01  1.25892541e+07 -2.16842992e+00 
 1.35935639e+07 -2.21157489e-01  1.35935639e+07 -2.00230250e+00 
 1.46779927e+07 -2.21618796e-01  1.46779927e+07 -1.84804139e+00 
 1.58489319e+07 -2.21632141e-01  1.58489319e+07 -1.70475438e+00 
 1.71132830e+07 -2.21206751e-01  1.71132830e+07 -1.57161734e+00 
 1.84784980e+07 -2.20344349e-01  1.84784980e+07 -1.44787008e+00 
 1.99526231e+07 -2.19040044e-01  1.99526231e+07 -1.33281258e+00 
 2.15443469e+07 -2.17283267e-01  2.15443469e+07 -1.22580172e+00 
 2.32630507e+07 -2.15058829e-01  2.32630507e+07 -1.12624825e+00 
 2.51188643e+07 -2.12348145e-01  2.51188643e+07 -1.03361415e+00 
 2.71227258e+07 -2.09130682e-01  2.71227258e+07 -9.47410124e-01 
 2.92864456e+07 -2.05385666e-01  2.92864456e+07 -8.67193290e-01 
 3.16227766e+07 -2.01094066e-01  3.16227766e+07 -7.92564783e-01 
 3.41454887e+07 -1.96240845e-01  3.41454887e+07 -7.23167256e-01 
 3.68694506e+07 -1.90817402e-01  3.68694506e+07 -6.58682071e-01 
 3.98107171e+07 -1.84824114e-01  3.98107171e+07 -5.98826065e-01 
 4.29866235e+07 -1.78272782e-01  4.29866235e+07 -5.43347759e-01 
 4.64158883e+07 -1.71188763e-01  4.64158883e+07 -4.92022981e-01 
 5.01187234e+07 -1.63612532e-01  5.01187234e+07 -4.44649903e-01 
 5.41169527e+07 -1.55600387e-01  5.41169527e+07 -4.01043649e-01 
 5.84341413e+07 -1.47224093e-01  5.84341413e+07 -3.61030703e-01 
 6.30957344e+07 -1.38569321e-01  6.30957344e+07 -3.24443463e-01 
 6.81292069e+07 -1.29732873e-01  6.81292069e+07 -2.91115344e-01 
 7.35642254e+07 -1.20818879e-01  7.35642254e+07 -2.60876819e-01 
 7.94328235e+07 -1.11934248e-01  7.94328235e+07 -2.33552733e-01 
 8.57695899e+07 -1.03183824e-01  8.57695899e+07 -2.08961079e-01 
 9.26118728e+07 -9.46657117e-02  9.26118728e+07 -1.86913243e-01 
 1.00000000e+08 -8.64672256e-02  1.00000000e+08 -1.67215578e-01 
 1.07977516e+08 -7.86617973e-02  1.07977516e+08 -1.49671966e-01 
 1.16591440e+08 -7.13070549e-02  1.16591440e+08 -1.34087006e-01 
 1.25892541e+08 -6.44441038e-02  1.25892541e+08 -1.20269382e-01 
 1.35935639e+08 -5.80979062e-02  1.35935639e+08 -1.08035044e-01 
 1.46779927e+08 -5.22785520e-02  1.46779927e+08 -9.72099275e-02 
 1.58489319e+08 -4.69831547e-02  1.58489319e+08 -8.76320274e-02 
 1.71132830e+08 -4.21981042e-02  1.71132830e+08 -7.91527574e-02 
 1.84784980e+08 -3.79014329e-02  1.84784980e+08 -7.16376240e-02 
 1.99526231e+08 -3.40651030e-02  1.99526231e+08 -6.49662927e-02 
 2.15443469e+08 -3.06570810e-02  2.15443469e+08 -5.90321674e-02 
 2.32630507e+08 -2.76431210e-02  2.32630507e+08 -5.37416128e-02 
 2.51188643e+08 -2.49882237e-02  2.51188643e+08 -4.90129410e-02 
 2.71227258e+08 -2.26577745e-02  2.71227258e+08 -4.47752721e-02 
 2.92864456e+08 -2.06183854e-02  2.92864456e+08 -4.09673505e-02 
 3.16227766e+08 -1.88384797e-02  3.16227766e+08 -3.75363832e-02 
 3.41454887e+08 -1.72886627e-02  3.41454887e+08 -3.44369406e-02 
 3.68694506e+08 -1.59419228e-02  3.68694506e+08 -3.16299473e-02 
 3.98107171e+08 -1.47737020e-02  3.98107171e+08 -2.90817761e-02 
 4.29866235e+08 -1.37618702e-02  4.29866235e+08 -2.67634481e-02 
 4.64158883e+08 -1.28866339e-02  4.64158883e+08 -2.46499368e-02 
 5.01187234e+08 -1.21303998e-02  5.01187234e+08 -2.27195694e-02 
 5.41169527e+08 -1.14776136e-02  5.41169527e+08 -2.09535155e-02 
 5.84341413e+08 -1.09145853e-02  5.84341413e+08 -1.93353545e-02 
 6.30957344e+08 -1.04293121e-02  6.30957344e+08 -1.78507100e-02 
 6.81292069e+08 -1.00113044e-02  6.81292069e+08 -1.64869431e-02 
 7.35642254e+08 -9.65142079e-03  7.35642254e+08 -1.52328960e-02 
 7.94328235e+08 -9.34171312e-03  7.94328235e+08 -1.40786765e-02 
 8.57695899e+08 -9.07528474e-03  8.57695899e+08 -1.30154784e-02 
 9.26118728e+08 -8.84616119e-03  9.26118728e+08 -1.20354315e-02 
 1.00000000e+09 -8.64917418e-03  1.00000000e+09 -1.11314755e-02 
 1.07977516e+09 -8.47985789e-03  1.07977516e+09 -1.02972550e-02 
 1.16591440e+09 -8.33435717e-03  1.16591440e+09 -9.52703029e-03 
 1.25892541e+09 -8.20934667e-03  1.25892541e+09 -8.81560278e-03 
 1.35935639e+09 -8.10195983e-03  1.35935639e+09 -8.15825162e-03 
 1.46779927e+09 -8.00972695e-03  1.46779927e+09 -7.55067963e-03 
 1.58489319e+09 -7.93052120e-03  1.58489319e+09 -6.98896703e-03 
 1.71132830e+09 -7.86251170e-03  1.71132830e+09 -6.46953169e-03 
 1.84784980e+09 -7.80412294e-03  1.84784980e+09 -5.98909465e-03 
 1.99526231e+09 -7.75399952e-03  1.99526231e+09 -5.54465006e-03 
 2.15443469e+09 -7.71097579e-03  2.15443469e+09 -5.13343895e-03 
 2.32630507e+09 -7.67404948e-03  2.32630507e+09 -4.75292605e-03 
 2.51188643e+09 -7.64235906e-03  2.51188643e+09 -4.40077935e-03 
 2.71227258e+09 -7.61516411e-03  2.71227258e+09 -4.07485195e-03 
 2.92864456e+09 -7.59182846e-03  2.92864456e+09 -3.77316581e-03 
 3.16227766e+09 -7.57180560e-03  3.16227766e+09 -3.49389725e-03 
 3.41454887e+09 -7.55462612e-03  3.41454887e+09 -3.23536392e-03 
 3.68694506e+09 -7.53988691e-03  3.68694506e+09 -2.99601303e-03 
 3.98107171e+09 -7.52724185e-03  3.98107171e+09 -2.77441073e-03 
 4.29866235e+09 -7.51639377e-03  4.29866235e+09 -2.56923247e-03 
 4.64158883e+09 -7.50708760e-03  4.64158883e+09 -2.37925425e-03 
 5.01187234e+09 -7.49910438e-03  5.01187234e+09 -2.20334466e-03 
 5.41169527e+09 -7.49225621e-03  5.41169527e+09 -2.04045757e-03 
 5.84341413e+09 -7.48638182e-03  5.84341413e+09 -1.88962555e-03 
 6.30957344e+09 -7.48134284e-03  6.30957344e+09 -1.74995368e-03 
 6.81292069e+09 -7.47702051e-03  6.81292069e+09 -1.62061407e-03 
 7.35642254e+09 -7.47331298e-03  7.35642254e+09 -1.50084067e-03 
 7.94328235e+09 -7.47013282e-03  7.94328235e+09 -1.38992456e-03 
 8.57695899e+09 -7.46740505e-03  8.57695899e+09 -1.28720967e-03 
 9.26118728e+09 -7.46506533e-03  9.26118728e+09 -1.19208873e-03 
 1.00000000e+10 -7.46305847e-03  1.00000000e+10 -1.10399960e-03 
