 1.00000000e+00  3.33048718e+02  1.00000000e+00 -4.18230101e-03 
 1.07977516e+00  3.33048718e+02  1.07977516e+00 -4.51594475e-03 
 1.16591440e+00  3.33048718e+02  1.16591440e+00 -4.87620497e-03 
 1.25892541e+00  3.33048718e+02  1.25892541e+00 -5.26520502e-03 
 1.35935639e+00  3.33048718e+02  1.35935639e+00 -5.68523760e-03 
 1.46779927e+00  3.33048718e+02  1.46779927e+00 -6.13877835e-03 
 1.58489319e+00  3.33048718e+02  1.58489319e+00 -6.62850039e-03 
 1.71132830e+00  3.33048718e+02  1.71132830e+00 -7.15729009e-03 
 1.84784980e+00  3.33048717e+02  1.84784980e+00 -7.72826407e-03 
 1.99526231e+00  3.33048717e+02  1.99526231e+00 -8.34478759e-03 
 2.15443469e+00  3.33048717e+02  2.15443469e+00 -9.01049437e-03 
 2.32630507e+00  3.33048717e+02  2.32630507e+00 -9.72930802e-03 
 2.51188643e+00  3.33048717e+02  2.51188643e+00 -1.05054651e-02 
 2.71227258e+00  3.33048717e+02  2.71227258e+00 -1.13435403e-02 
 2.92864456e+00  3.33048717e+02  2.92864456e+00 -1.22484731e-02 
 3.16227766e+00  3.33048717e+02  3.16227766e+00 -1.32255970e-02 
 3.41454887e+00  3.33048717e+02  3.41454887e+00 -1.42806712e-02 
 3.68694506e+00  3.33048717e+02  3.68694506e+00 -1.54199140e-02 
 3.98107171e+00  3.33048717e+02  3.98107171e+00 -1.66500402e-02 
 4.29866235e+00  3.33048717e+02  4.29866235e+00 -1.79782998e-02 
 4.64158883e+00  3.33048717e+02  4.64158883e+00 -1.94125216e-02 
 5.01187234e+00  3.33048716e+02  5.01187234e+00 -2.09611586e-02 
 5.41169527e+00  3.33048716e+02  5.41169527e+00 -2.26333385e-02 
 5.84341413e+00  3.33048716e+02  5.84341413e+00 -2.44389167e-02 
 6.30957344e+00  3.33048716e+02  6.30957344e+00 -2.63885352e-02 
 6.81292069e+00  3.33048715e+02  6.81292069e+00 -2.84936849e-02 
 7.35642254e+00  3.33048715e+02  7.35642254e+00 -3.07667732e-02 
 7.94328235e+00  3.33048714e+02  7.94328235e+00 -3.32211974e-02 
 8.57695899e+00  3.33048714e+02  8.57695899e+00 -3.58714238e-02 
 9.26118728e+00  3.33048713e+02  9.26118728e+00 -3.87330724e-02 
 1.00000000e+01  3.33048712e+02  1.00000000e+01 -4.18230094e-02 
 1.07977516e+01  3.33048712e+02  1.07977516e+01 -4.51594467e-02 
 1.16591440e+01  3.33048711e+02  1.16591440e+01 -4.87620487e-02 
 1.25892541e+01  3.33048709e+02  1.25892541e+01 -5.26520489e-02 
 1.35935639e+01  3.33048708e+02  1.35935639e+01 -5.68523744e-02 
 1.46779927e+01  3.33048706e+02  1.46779927e+01 -6.13877815e-02 
 1.58489319e+01  3.33048704e+02  1.58489319e+01 -6.62850013e-02 
 1.71132830e+01  3.33048702e+02  1.71132830e+01 -7.15728976e-02 
 1.84784980e+01  3.33048700e+02  1.84784980e+01 -7.72826365e-02 
 1.99526231e+01  3.33048697e+02  1.99526231e+01 -8.34478707e-02 
 2.15443469e+01  3.33048693e+02  2.15443469e+01 -9.01049372e-02 
 2.32630507e+01  3.33048689e+02  2.32630507e+01 -9.72930720e-02 
 2.51188643e+01  3.33048685e+02  2.51188643e+01 -1.05054641e-01 
 2.71227258e+01  3.33048679e+02  2.71227258e+01 -1.13435390e-01 
 2.92864456e+01  3.33048673e+02  2.92864456e+01 -1.22484715e-01 
 3.16227766e+01  3.33048665e+02  3.16227766e+01 -1.32255950e-01 
 3.41454887e+01  3.33048656e+02  3.41454887e+01 -1.42806686e-01 
 3.68694506e+01  3.33048646e+02  3.68694506e+01 -1.54199108e-01 
 3.98107171e+01  3.33048634e+02  3.98107171e+01 -1.66500361e-01 
 4.29866235e+01  3.33048621e+02  4.29866235e+01 -1.79782946e-01 
 4.64158883e+01  3.33048605e+02  4.64158883e+01 -1.94125151e-01 
 5.01187234e+01  3.33048586e+02  5.01187234e+01 -2.09611504e-01 
 5.41169527e+01  3.33048564e+02  5.41169527e+01 -2.26333281e-01 
 5.84341413e+01  3.33048538e+02  5.84341413e+01 -2.44389037e-01 
 6.30957344e+01  3.33048509e+02  6.30957344e+01 -2.63885188e-01 
 6.81292069e+01  3.33048474e+02  6.81292069e+01 -2.84936642e-01 
 7.35642254e+01  3.33048434e+02  7.35642254e+01 -3.07667472e-01 
 7.94328235e+01  3.33048387e+02  7.94328235e+01 -3.32211648e-01 
 8.57695899e+01  3.33048332e+02  8.57695899e+01 -3.58713827e-01 
 9.26118728e+01  3.33048268e+02  9.26118728e+01 -3.87330206e-01 
 1.00000000e+02  3.33048193e+02  1.00000000e+02 -4.18229442e-01 
 1.07977516e+02  3.33048106e+02  1.07977516e+02 -4.51593646e-01 
 1.16591440e+02  3.33048004e+02  1.16591440e+02 -4.87619454e-01 
 1.25892541e+02  3.33047886e+02  1.25892541e+02 -5.26519188e-01 
 1.35935639e+02  3.33047748e+02  1.35935639e+02 -5.68522106e-01 
 1.46779927e+02  3.33047587e+02  1.46779927e+02 -6.13875753e-01 
 1.58489319e+02  3.33047399e+02  1.58489319e+02 -6.62847418e-01 
 1.71132830e+02  3.33047181e+02  1.71132830e+02 -7.15725709e-01 
 1.84784980e+02  3.33046926e+02  1.84784980e+02 -7.72822252e-01 
 1.99526231e+02  3.33046629e+02  1.99526231e+02 -8.34473529e-01 
 2.15443469e+02  3.33046282e+02  2.15443469e+02 -9.01042853e-01 
 2.32630507e+02  3.33045878e+02  2.32630507e+02 -9.72922513e-01 
 2.51188643e+02  3.33045407e+02  2.51188643e+02 -1.05053608e+00 
 2.71227258e+02  3.33044857e+02  2.71227258e+02 -1.13434090e+00 
 2.92864456e+02  3.33044217e+02  2.92864456e+02 -1.22483077e+00 
 3.16227766e+02  3.33043470e+02  3.16227766e+02 -1.32253888e+00 
 3.41454887e+02  3.33042599e+02  3.41454887e+02 -1.42804091e+00 
 3.68694506e+02  3.33041584e+02  3.68694506e+02 -1.54195841e+00 
 3.98107171e+02  3.33040401e+02  3.98107171e+02 -1.66496248e+00 
 4.29866235e+02  3.33039021e+02  4.29866235e+02 -1.79777768e+00 
 4.64158883e+02  3.33037412e+02  4.64158883e+02 -1.94118632e+00 
 5.01187234e+02  3.33035536e+02  5.01187234e+02 -2.09603298e+00 
 5.41169527e+02  3.33033350e+02  5.41169527e+02 -2.26322950e+00 
 5.84341413e+02  3.33030800e+02  5.84341413e+02 -2.44376031e+00 
 6.30957344e+02  3.33027827e+02  6.30957344e+02 -2.63868815e+00 
 6.81292069e+02  3.33024362e+02  6.81292069e+02 -2.84916030e+00 
 7.35642254e+02  3.33020321e+02  7.35642254e+02 -3.07641523e+00 
 7.94328235e+02  3.33015610e+02  7.94328235e+02 -3.32178980e+00 
 8.57695899e+02  3.33010117e+02  8.57695899e+02 -3.58672701e+00 
 9.26118728e+02  3.33003714e+02  9.26118728e+02 -3.87278433e+00 
 1.00000000e+03  3.32996248e+02  1.00000000e+03 -4.18164265e+00 
 1.07977516e+03  3.32987545e+02  1.07977516e+03 -4.51511595e+00 
 1.16591440e+03  3.32977397e+02  1.16591440e+03 -4.87516161e+00 
 1.25892541e+03  3.32965567e+02  1.25892541e+03 -5.26389154e+00 
 1.35935639e+03  3.32951775e+02  1.35935639e+03 -5.68358410e+00 
 1.46779927e+03  3.32935697e+02  1.46779927e+03 -6.13669682e+00 
 1.58489319e+03  3.32916952e+02  1.58489319e+03 -6.62588005e+00 
 1.71132830e+03  3.32895101e+02  1.71132830e+03 -7.15399149e+00 
 1.84784980e+03  3.32869627e+02  1.84784980e+03 -7.72411169e+00 
 1.99526231e+03  3.32839932e+02  1.99526231e+03 -8.33956052e+00 
 2.15443469e+03  3.32805317e+02  2.15443469e+03 -9.00391457e+00 
 2.32630507e+03  3.32764967e+02  2.32630507e+03 -9.72102555e+00 
 2.51188643e+03  3.32717936e+02  2.51188643e+03 -1.04950396e+01 
 2.71227258e+03  3.32663118e+02  2.71227258e+03 -1.13304175e+01 
 2.92864456e+03  3.32599227e+02  2.92864456e+03 -1.22319556e+01 
 3.16227766e+03  3.32524768e+02  3.16227766e+03 -1.32048074e+01 
 3.41454887e+03  3.32437996e+02  3.41454887e+03 -1.42545054e+01 
 3.68694506e+03  3.32336885e+02  3.68694506e+03 -1.53869833e+01 
 3.98107171e+03  3.32219076e+02  3.98107171e+03 -1.66085975e+01 
 4.29866235e+03  3.32081825e+02  4.29866235e+03 -1.79261481e+01 
 4.64158883e+03  3.31921946e+02  4.64158883e+03 -1.93468981e+01 
 5.01187234e+03  3.31735735e+02  5.01187234e+03 -2.08785899e+01 
 5.41169527e+03  3.31518892e+02  5.41169527e+03 -2.25294584e+01 
 5.84341413e+03  3.31266430e+02  5.84341413e+03 -2.43082390e+01 
 6.30957344e+03  3.30972564e+02  6.30957344e+03 -2.62241676e+01 
 6.81292069e+03  3.30630599e+02  6.81292069e+03 -2.82869719e+01 
 7.35642254e+03  3.30232788e+02  7.35642254e+03 -3.05068498e+01 
 7.94328235e+03  3.29770180e+02  7.94328235e+03 -3.28944313e+01 
 8.57695899e+03  3.29232452e+02  8.57695899e+03 -3.54607199e+01 
 9.26118728e+03  3.28607714e+02  9.26118728e+03 -3.82170071e+01 
 1.00000000e+04  3.27882309e+02  1.00000000e+04 -4.11747548e+01 
 1.07977516e+04  3.27040578e+02  1.07977516e+04 -4.43454358e+01 
 1.16591440e+04  3.26064628e+02  1.16591440e+04 -4.77403253e+01 
 1.25892541e+04  3.24934077e+02  1.25892541e+04 -5.13702315e+01 
 1.35935639e+04  3.23625802e+02  1.35935639e+04 -5.52451538e+01 
 1.46779927e+04  3.22113695e+02  1.46779927e+04 -5.93738568e+01 
 1.58489319e+04  3.20368437e+02  1.58489319e+04 -6.37633460e+01 
 1.71132830e+04  3.18357325e+02  1.71132830e+04 -6.84182333e+01 
 1.84784980e+04  3.16044164e+02  1.84784980e+04 -7.33399817e+01 
 1.99526231e+04  3.13389267e+02  1.99526231e+04 -7.85260224e+01 
 2.15443469e+04  3.10349610e+02  2.15443469e+04 -8.39687450e+01 
 2.32630507e+04  3.06879187e+02  2.32630507e+04 -8.96543723e+01 
 2.51188643e+04  3.02929626e+02  2.51188643e+04 -9.55617456e+01 
 2.71227258e+04  2.98451132e+02  2.71227258e+04 -1.01661067e+02 
 2.92864456e+04  2.93393812e+02  2.92864456e+04 -1.07912673e+02 
 3.16227766e+04  2.87709438e+02  3.16227766e+04 -1.14265939e+02 
 3.41454887e+04  2.81353672e+02  3.41454887e+04 -1.20658454e+02 
 3.68694506e+04  2.74288735e+02  3.68694506e+04 -1.27015624e+02 
 3.98107171e+04  2.66486470e+02  3.98107171e+04 -1.33250889e+02 
 4.29866235e+04  2.57931648e+02  4.29866235e+04 -1.39266745e+02 
 4.64158883e+04  2.48625300e+02  4.64158883e+04 -1.44956723e+02 
 5.01187234e+04  2.38587785e+02  5.01187234e+04 -1.50208429e+02 
 5.41169527e+04  2.27861219e+02  5.41169527e+04 -1.54907642e+02 
 5.84341413e+04  2.16510881e+02  5.84341413e+04 -1.58943327e+02 
 6.30957344e+04  2.04625245e+02  6.30957344e+04 -1.62213271e+02 
 6.81292069e+04  1.92314371e+02  6.81292069e+04 -1.64629893e+02 
 7.35642254e+04  1.79706570e+02  7.35642254e+04 -1.66125672e+02 
 7.94328235e+04  1.66943477e+02  7.94328235e+04 -1.66657609e+02 
 8.57695899e+04  1.54173887e+02  8.57695899e+04 -1.66210188e+02 
 9.26118728e+04  1.41546896e+02  9.26118728e+04 -1.64796467e+02 
 1.00000000e+05  1.29205018e+02  1.00000000e+05 -1.62457157e+02 
 1.07977516e+05  1.17277933e+02  1.07977516e+05 -1.59257813e+02 
 1.16591440e+05  1.05877437e+02  1.16591440e+05 -1.55284485e+02 
 1.25892541e+05  9.50939583e+01  1.25892541e+05 -1.50638348e+02 
 1.35935639e+05  8.49948077e+01  1.35935639e+05 -1.45429902e+02 
 1.46779927e+05  7.56240671e+01  1.46779927e+05 -1.39773300e+02 
 1.58489319e+05  6.70038940e+01  1.58489319e+05 -1.33781271e+02 
 1.71132830e+05  5.91368789e+01  1.71132830e+05 -1.27560933e+02 
 1.84784980e+05  5.20090691e+01  1.84784980e+05 -1.21210657e+02 
 1.99526231e+05  4.55932941e+01  1.99526231e+05 -1.14818004e+02 
 2.15443469e+05  3.98524831e+01  2.15443469e+05 -1.08458622e+02 
 2.32630507e+05  3.47427525e+01  2.32630507e+05 -1.02195968e+02 
 2.51188643e+05  3.02161166e+01  2.51188643e+05 -9.60816594e+01 
 2.71227258e+05  2.62227512e+01  2.71227258e+05 -9.01562666e+01 
 2.92864456e+05  2.27127942e+01  2.92864456e+05 -8.44503936e+01 
 3.16227766e+05  1.96377086e+01  3.16227766e+05 -7.89858968e+01 
 3.41454887e+05  1.69512542e+01  3.41454887e+05 -7.37771426e+01 
 3.68694506e+05  1.46101314e+01  3.68694506e+05 -6.88322285e+01 
 3.98107171e+05  1.25743567e+01  3.98107171e+05 -6.41541173e+01 
 4.29866235e+05  1.08074304e+01  4.29866235e+05 -5.97416576e+01 
 4.64158883e+05  9.27634961e+00  4.64158883e+05 -5.55904774e+01 
 5.01187234e+05  7.95151003e+00  5.01187234e+05 -5.16937509e+01 
 5.41169527e+05  6.80653324e+00  5.41169527e+05 -4.80428426e+01 
 5.84341413e+05  5.81804753e+00  5.84341413e+05 -4.46278407e+01 
 6.30957344e+05  4.96544387e+00  6.30957344e+05 -4.14379913e+01 
 6.81292069e+05  4.23062292e+00  6.81292069e+05 -3.84620470e+01 
 7.35642254e+05  3.59774402e+00  7.35642254e+05 -3.56885416e+01 
 7.94328235e+05  3.05298394e+00  7.94328235e+05 -3.31060040e+01 
 8.57695899e+05  2.58431007e+00  8.57695899e+05 -3.07031212e+01 
 9.26118728e+05  2.18127076e+00  9.26118728e+05 -2.84688595e+01 
 1.00000000e+06  1.83480417e+00  1.00000000e+06 -2.63925522e+01 
 1.07977516e+06  1.53706564e+00  1.07977516e+06 -2.44639603e+01 
 1.16591440e+06  1.28127328e+00  1.16591440e+06 -2.26733125e+01 
 1.25892541e+06  1.06157067e+00  1.25892541e+06 -2.10113273e+01 
 1.35935639e+06  8.72905509e-01  1.35935639e+06 -1.94692240e+01 
 1.46779927e+06  7.10922886e-01  1.46779927e+06 -1.80387218e+01 
 1.58489319e+06  5.71871705e-01  1.58489319e+06 -1.67120335e+01 
 1.71132830e+06  4.52522996e-01  1.71132830e+06 -1.54818524e+01 
 1.84784980e+06  3.50098738e-01  1.84784980e+06 -1.43413359e+01 
 1.99526231e+06  2.62210008e-01  1.99526231e+06 -1.32840866e+01 
 2.15443469e+06  1.86803336e-01  2.15443469e+06 -1.23041316e+01 
 2.32630507e+06  1.22114255e-01  2.32630507e+06 -1.13959005e+01 
 2.51188643e+06  6.66271459e-02  2.51188643e+06 -1.05542038e+01 
 2.71227258e+06  1.90405544e-02  2.71227258e+06 -9.77421058e+00 
 2.92864456e+06 -2.17627220e-02  2.92864456e+06 -9.05142714e+00 
 3.16227766e+06 -5.67414126e-02  3.16227766e+06 -8.38167576e+00 
 3.41454887e+06 -8.67179700e-02  3.41454887e+06 -7.76107456e+00 
 3.68694506e+06 -1.12397666e-01  3.68694506e+06 -7.18601803e+00 
 3.98107171e+06 -1.34385007e-01  3.98107171e+06 -6.65315859e+00 
 4.29866235e+06 -1.53197839e-01  4.29866235e+06 -6.15938903e+00 
 4.64158883e+06 -1.69279448e-01  4.64158883e+06 -5.70182599e+00 
 5.01187234e+06 -1.83008947e-01  5.01187234e+06 -5.27779440e+00 
 5.41169527e+06 -1.94710164e-01  5.41169527e+06 -4.88481284e+00 
 5.84341413e+06 -2.04659265e-01  5.84341413e+06 -4.52057987e+00 
 6.30957344e+06 -2.13091257e-01  6.30957344e+06 -4.18296122e+00 
 6.81292069e+06 -2.20205545e-01  6.81292069e+06 -3.86997793e+00 
 7.35642254e+06 -2.26170674e-01  7.35642254e+06 -3.57979517e+00 
 7.94328235e+06 -2.31128351e-01  7.94328235e+06 -3.31071199e+00 
 8.57695899e+06 -2.35196873e-01  8.57695899e+06 -3.06115175e+00 
 9.26118728e+06 -2.38474026e-01  9.26118728e+06 -2.82965330e+00 
 1.00000000e+07 -2.41039542e-01  1.00000000e+07 -2.61486277e+00 
 1.07977516e+07 -2.42957183e-01  1.07977516e+07 -2.41552616e+00 
 1.16591440e+07 -2.44276508e-01  1.16591440e+07 -2.23048241e+00 
 1.25892541e+07 -2.45034397e-01  1.25892541e+07 -2.05865716e+00 
 1.35935639e+07 -2.45256374e-01  1.35935639e+07 -1.89905703e+00 
 1.46779927e+07 -2.44957797e-01  1.46779927e+07 -1.75076451e+00 
 1.58489319e+07 -2.44144976e-01  1.58489319e+07 -1.61293329e+00 
 1.71132830e+07 -2.42816272e-01  1.71132830e+07 -1.48478412e+00 
 1.84784980e+07 -2.40963255e-01  1.84784980e+07 -1.36560116e+00 
 1.99526231e+07 -2.38571970e-01  1.99526231e+07 -1.25472860e+00 
 2.15443469e+07 -2.35624393e-01  2.15443469e+07 -1.15156771e+00 
 2.32630507e+07 -2.32100123e-01  2.32630507e+07 -1.05557406e+00 
 2.51188643e+07 -2.27978353e-01  2.51188643e+07 -9.66254892e-01 
 2.71227258e+07 -2.23240143e-01  2.71227258e+07 -8.83166424e-01 
 2.92864456e+07 -2.17870972e-01  2.92864456e+07 -8.05911033e-01 
 3.16227766e+07 -2.11863492e-01  3.16227766e+07 -7.34134060e-01 
 3.41454887e+07 -2.05220363e-01  3.41454887e+07 -6.67520141e-01 
 3.68694506e+07 -1.97956960e-01  3.68694506e+07 -6.05788929e-01 
 3.98107171e+07 -1.90103706e-01  3.98107171e+07 -5.48690146e-01 
 4.29866235e+07 -1.81707733e-01  4.29866235e+07 -4.95998025e-01 
 4.64158883e+07 -1.72833573e-01  4.64158883e+07 -4.47505281e-01 
 5.01187234e+07 -1.63562651e-01  5.01187234e+07 -4.03016906e-01 
 5.41169527e+07 -1.53991437e-01  5.41169527e+07 -3.62344169e-01 
 5.84341413e+07 -1.44228271e-01  5.84341413e+07 -3.25299261e-01 
 6.30957344e+07 -1.34389064e-01  6.30957344e+07 -2.91691030e-01 
 6.81292069e+07 -1.24592231e-01  6.81292069e+07 -2.61322147e-01 
 7.35642254e+07 -1.14953339e-01  7.35642254e+07 -2.33987890e-01 
 7.94328235e+07 -1.05579995e-01  7.94328235e+07 -2.09476565e-01 
 8.57695899e+07 -9.65674615e-02  8.57695899e+07 -1.87571345e-01 
 9.26118728e+07 -8.79953702e-02  9.26118728e+07 -1.68053186e-01 
 1.00000000e+08 -7.99257324e-02  1.00000000e+08 -1.50704365e-01 
 1.07977516e+08 -7.24022753e-02  1.07977516e+08 -1.35312191e-01 
 1.16591440e+08 -6.54509731e-02  1.16591440e+08 -1.21672469e-01 
 1.25892541e+08 -5.90815349e-02  1.25892541e+08 -1.09592434e-01 
 1.35935639e+08 -5.32895533e-02  1.35935639e+08 -9.88929482e-02 
 1.46779927e+08 -4.80590193e-02  1.46779927e+08 -8.94099250e-02 
 1.58489319e+08 -4.33649370e-02  1.58489319e+08 -8.09949886e-02 
 1.71132830e+08 -3.91758352e-02  1.71132830e+08 -7.35154826e-02 
 1.84784980e+08 -3.54560315e-02  1.84784980e+08 -6.68539523e-02 
 1.99526231e+08 -3.21675691e-02  1.99526231e+08 -6.09072467e-02 
 2.15443469e+08 -2.92717945e-02  2.15443469e+08 -5.55853751e-02 
 2.32630507e+08 -2.67305818e-02  2.32630507e+08 -5.08102327e-02 
 2.51188643e+08 -2.45072333e-02  2.51188643e+08 -4.65142883e-02 
 2.71227258e+08 -2.25671015e-02  2.71227258e+08 -4.26392993e-02 
 2.92864456e+08 -2.08779785e-02  2.92864456e+08 -3.91351023e-02 
 3.16227766e+08 -1.94103022e-02  3.16227766e+08 -3.59585038e-02 
 3.41454887e+08 -1.81372232e-02  3.41454887e+08 -3.30722864e-02 
 3.68694506e+08 -1.70345680e-02  3.68694506e+08 -3.04443323e-02 
 3.98107171e+08 -1.60807321e-02  3.98107171e+08 -2.80468620e-02 
 4.29866235e+08 -1.52565264e-02  4.29866235e+08 -2.58557784e-02 
 4.64158883e+08 -1.45449957e-02  4.64158883e+08 -2.38501081e-02 
 5.01187234e+08 -1.39312255e-02  5.01187234e+08 -2.20115281e-02 
 5.41169527e+08 -1.34021450e-02  5.41169527e+08 -2.03239659e-02 
 5.84341413e+08 -1.29463357e-02  5.84341413e+08 -1.87732650e-02 
 6.30957344e+08 -1.25538487e-02  6.30957344e+08 -1.73469036e-02 
 6.81292069e+08 -1.22160354e-02  6.81292069e+08 -1.60337601e-02 
 7.35642254e+08 -1.19253912e-02  7.35642254e+08 -1.48239168e-02 
 7.94328235e+08 -1.16754142e-02  7.94328235e+08 -1.37084959e-02 
 8.57695899e+08 -1.14604787e-02  8.57695899e+08 -1.26795219e-02 
 9.26118728e+08 -1.12757221e-02  9.26118728e+08 -1.17298060e-02 
 1.00000000e+09 -1.11169453e-02  1.00000000e+09 -1.08528495e-02 
 1.07977516e+09 -1.09805246e-02  1.07977516e+09 -1.00427606e-02 
 1.16591440e+09 -1.08633354e-02  1.16591440e+09 -9.29418505e-03 
 1.25892541e+09 -1.07626842e-02  1.25892541e+09 -8.60224616e-03 
 1.35935639e+09 -1.06762512e-02  1.35935639e+09 -7.96249323e-03 
 1.46779927e+09 -1.06020384e-02  1.46779927e+09 -7.37085725e-03 
 1.58489319e+09 -1.05383264e-02  1.58489319e+09 -6.82361226e-03 
 1.71132830e+09 -1.04836358e-02  1.71132830e+09 -6.31734166e-03 
 1.84784980e+09 -1.04366939e-02  1.84784980e+09 -5.84890860e-03 
 1.99526231e+09 -1.03964067e-02  1.99526231e+09 -5.41542993e-03 
 2.15443469e+09 -1.03618335e-02  2.15443469e+09 -5.01425312e-03 
 2.32630507e+09 -1.03321660e-02  2.32630507e+09 -4.64293568e-03 
 2.51188643e+09 -1.03067098e-02  2.51188643e+09 -4.29922688e-03 
 2.71227258e+09 -1.02848682e-02  2.71227258e+09 -3.98105129e-03 
 2.92864456e+09 -1.02661290e-02  2.92864456e+09 -3.68649405e-03 
 3.16227766e+09 -1.02500521e-02  3.16227766e+09 -3.41378753e-03 
 3.41454887e+09 -1.02362598e-02  3.41454887e+09 -3.16129931e-03 
 3.68694506e+09 -1.02244278e-02  3.68694506e+09 -2.92752124e-03 
 3.98107171e+09 -1.02142778e-02  3.98107171e+09 -2.71105954e-03 
 4.29866235e+09 -1.02055709e-02  4.29866235e+09 -2.51062574e-03 
 4.64158883e+09 -1.01981021e-02  4.64158883e+09 -2.32502841e-03 
 5.01187234e+09 -1.01916954e-02  5.01187234e+09 -2.15316564e-03 
 5.41169527e+09 -1.01861999e-02  5.41169527e+09 -1.99401812e-03 
 5.84341413e+09 -1.01814860e-02  5.84341413e+09 -1.84664277e-03 
 6.30957344e+09 -1.01774427e-02  6.30957344e+09 -1.71016695e-03 
 6.81292069e+09 -1.01739745e-02  6.81292069e+09 -1.58378307e-03 
 7.35642254e+09 -1.01709997e-02  7.35642254e+09 -1.46674370e-03 
 7.94328235e+09 -1.01684481e-02  7.94328235e+09 -1.35835699e-03 
 8.57695899e+09 -1.01662596e-02  8.57695899e+09 -1.25798251e-03 
 9.26118728e+09 -1.01643824e-02  9.26118728e+09 -1.16502739e-03 
 1.00000000e+10 -1.01627723e-02  1.00000000e+10 -1.07894274e-03 
