 1.00000000e+00  3.29027205e+02  1.00000000e+00 -3.88646471e-03 
 1.07977516e+00  3.29027205e+02  1.07977516e+00 -4.19650806e-03 
 1.16591440e+00  3.29027205e+02  1.16591440e+00 -4.53128517e-03 
 1.25892541e+00  3.29027205e+02  1.25892541e+00 -4.89276918e-03 
 1.35935639e+00  3.29027205e+02  1.35935639e+00 -5.28309064e-03 
 1.46779927e+00  3.29027205e+02  1.46779927e+00 -5.70455005e-03 
 1.58489319e+00  3.29027205e+02  1.58489319e+00 -6.15963146e-03 
 1.71132830e+00  3.29027205e+02  1.71132830e+00 -6.65101706e-03 
 1.84784980e+00  3.29027205e+02  1.84784980e+00 -7.18160302e-03 
 1.99526231e+00  3.29027205e+02  1.99526231e+00 -7.75451657e-03 
 2.15443469e+00  3.29027205e+02  2.15443469e+00 -8.37313439e-03 
 2.32630507e+00  3.29027205e+02  2.32630507e+00 -9.04110254e-03 
 2.51188643e+00  3.29027205e+02  2.51188643e+00 -9.76235796e-03 
 2.71227258e+00  3.29027205e+02  2.71227258e+00 -1.05411517e-02 
 2.92864456e+00  3.29027205e+02  2.92864456e+00 -1.13820737e-02 
 3.16227766e+00  3.29027204e+02  3.16227766e+00 -1.22900805e-02 
 3.41454887e+00  3.29027204e+02  3.41454887e+00 -1.32705237e-02 
 3.68694506e+00  3.29027204e+02  3.68694506e+00 -1.43291819e-02 
 3.98107171e+00  3.29027204e+02  3.98107171e+00 -1.54722947e-02 
 4.29866235e+00  3.29027204e+02  4.29866235e+00 -1.67065995e-02 
 4.64158883e+00  3.29027204e+02  4.64158883e+00 -1.80393711e-02 
 5.01187234e+00  3.29027204e+02  5.01187234e+00 -1.94784649e-02 
 5.41169527e+00  3.29027204e+02  5.41169527e+00 -2.10323626e-02 
 5.84341413e+00  3.29027203e+02  5.84341413e+00 -2.27102227e-02 
 6.30957344e+00  3.29027203e+02  6.30957344e+00 -2.45219344e-02 
 6.81292069e+00  3.29027203e+02  6.81292069e+00 -2.64781757e-02 
 7.35642254e+00  3.29027202e+02  7.35642254e+00 -2.85904764e-02 
 7.94328235e+00  3.29027202e+02  7.94328235e+00 -3.08712863e-02 
 8.57695899e+00  3.29027202e+02  8.57695899e+00 -3.33340481e-02 
 9.26118728e+00  3.29027201e+02  9.26118728e+00 -3.59932771e-02 
 1.00000000e+01  3.29027200e+02  1.00000000e+01 -3.88646466e-02 
 1.07977516e+01  3.29027200e+02  1.07977516e+01 -4.19650799e-02 
 1.16591440e+01  3.29027199e+02  1.16591440e+01 -4.53128509e-02 
 1.25892541e+01  3.29027198e+02  1.25892541e+01 -4.89276908e-02 
 1.35935639e+01  3.29027196e+02  1.35935639e+01 -5.28309051e-02 
 1.46779927e+01  3.29027195e+02  1.46779927e+01 -5.70454988e-02 
 1.58489319e+01  3.29027193e+02  1.58489319e+01 -6.15963125e-02 
 1.71132830e+01  3.29027191e+02  1.71132830e+01 -6.65101679e-02 
 1.84784980e+01  3.29027189e+02  1.84784980e+01 -7.18160269e-02 
 1.99526231e+01  3.29027187e+02  1.99526231e+01 -7.75451614e-02 
 2.15443469e+01  3.29027184e+02  2.15443469e+01 -8.37313385e-02 
 2.32630507e+01  3.29027180e+02  2.32630507e+01 -9.04110187e-02 
 2.51188643e+01  3.29027176e+02  2.51188643e+01 -9.76235711e-02 
 2.71227258e+01  3.29027171e+02  2.71227258e+01 -1.05411506e-01 
 2.92864456e+01  3.29027166e+02  2.92864456e+01 -1.13820724e-01 
 3.16227766e+01  3.29027159e+02  3.16227766e+01 -1.22900788e-01 
 3.41454887e+01  3.29027151e+02  3.41454887e+01 -1.32705215e-01 
 3.68694506e+01  3.29027143e+02  3.68694506e+01 -1.43291792e-01 
 3.98107171e+01  3.29027132e+02  3.98107171e+01 -1.54722913e-01 
 4.29866235e+01  3.29027120e+02  4.29866235e+01 -1.67065952e-01 
 4.64158883e+01  3.29027106e+02  4.64158883e+01 -1.80393658e-01 
 5.01187234e+01  3.29027090e+02  5.01187234e+01 -1.94784582e-01 
 5.41169527e+01  3.29027071e+02  5.41169527e+01 -2.10323541e-01 
 5.84341413e+01  3.29027048e+02  5.84341413e+01 -2.27102120e-01 
 6.30957344e+01  3.29027022e+02  6.30957344e+01 -2.45219209e-01 
 6.81292069e+01  3.29026992e+02  6.81292069e+01 -2.64781587e-01 
 7.35642254e+01  3.29026957e+02  7.35642254e+01 -2.85904551e-01 
 7.94328235e+01  3.29026916e+02  7.94328235e+01 -3.08712594e-01 
 8.57695899e+01  3.29026868e+02  8.57695899e+01 -3.33340143e-01 
 9.26118728e+01  3.29026812e+02  9.26118728e+01 -3.59932346e-01 
 1.00000000e+02  3.29026746e+02  1.00000000e+02 -3.88645930e-01 
 1.07977516e+02  3.29026670e+02  1.07977516e+02 -4.19650125e-01 
 1.16591440e+02  3.29026582e+02  1.16591440e+02 -4.53127660e-01 
 1.25892541e+02  3.29026478e+02  1.25892541e+02 -4.89275839e-01 
 1.35935639e+02  3.29026357e+02  1.35935639e+02 -5.28307705e-01 
 1.46779927e+02  3.29026217e+02  1.46779927e+02 -5.70453294e-01 
 1.58489319e+02  3.29026053e+02  1.58489319e+02 -6.15960992e-01 
 1.71132830e+02  3.29025862e+02  1.71132830e+02 -6.65098994e-01 
 1.84784980e+02  3.29025639e+02  1.84784980e+02 -7.18156888e-01 
 1.99526231e+02  3.29025379e+02  1.99526231e+02 -7.75447359e-01 
 2.15443469e+02  3.29025076e+02  2.15443469e+02 -8.37308028e-01 
 2.32630507e+02  3.29024723e+02  2.32630507e+02 -9.04103442e-01 
 2.51188643e+02  3.29024311e+02  2.51188643e+02 -9.76227220e-01 
 2.71227258e+02  3.29023831e+02  2.71227258e+02 -1.05410437e+00 
 2.92864456e+02  3.29023272e+02  2.92864456e+02 -1.13819378e+00 
 3.16227766e+02  3.29022619e+02  3.16227766e+02 -1.22899094e+00 
 3.41454887e+02  3.29021858e+02  3.41454887e+02 -1.32703083e+00 
 3.68694506e+02  3.29020971e+02  3.68694506e+02 -1.43289107e+00 
 3.98107171e+02  3.29019937e+02  3.98107171e+02 -1.54719533e+00 
 4.29866235e+02  3.29018731e+02  4.29866235e+02 -1.67061697e+00 
 4.64158883e+02  3.29017325e+02  4.64158883e+02 -1.80388301e+00 
 5.01187234e+02  3.29015686e+02  5.01187234e+02 -1.94777837e+00 
 5.41169527e+02  3.29013775e+02  5.41169527e+02 -2.10315050e+00 
 5.84341413e+02  3.29011546e+02  5.84341413e+02 -2.27091431e+00 
 6.30957344e+02  3.29008948e+02  6.30957344e+02 -2.45205753e+00 
 6.81292069e+02  3.29005920e+02  6.81292069e+02 -2.64764647e+00 
 7.35642254e+02  3.29002388e+02  7.35642254e+02 -2.85883224e+00 
 7.94328235e+02  3.28998271e+02  7.94328235e+02 -3.08685745e+00 
 8.57695899e+02  3.28993471e+02  8.57695899e+02 -3.33306343e+00 
 9.26118728e+02  3.28987875e+02  9.26118728e+02 -3.59889795e+00 
 1.00000000e+03  3.28981351e+02  1.00000000e+03 -3.88592363e+00 
 1.07977516e+03  3.28973744e+02  1.07977516e+03 -4.19582690e+00 
 1.16591440e+03  3.28964876e+02  1.16591440e+03 -4.53042766e+00 
 1.25892541e+03  3.28954537e+02  1.25892541e+03 -4.89168967e+00 
 1.35935639e+03  3.28942483e+02  1.35935639e+03 -5.28173166e+00 
 1.46779927e+03  3.28928431e+02  1.46779927e+03 -5.70283928e+00 
 1.58489319e+03  3.28912049e+02  1.58489319e+03 -6.15747783e+00 
 1.71132830e+03  3.28892950e+02  1.71132830e+03 -6.64830595e+00 
 1.84784980e+03  3.28870686e+02  1.84784980e+03 -7.17819017e+00 
 1.99526231e+03  3.28844732e+02  1.99526231e+03 -7.75022039e+00 
 2.15443469e+03  3.28814476e+02  2.15443469e+03 -8.36772631e+00 
 2.32630507e+03  3.28779208e+02  2.32630507e+03 -9.03429490e+00 
 2.51188643e+03  3.28738098e+02  2.51188643e+03 -9.75378873e+00 
 2.71227258e+03  3.28690180e+02  2.71227258e+03 -1.05303652e+01 
 2.92864456e+03  3.28634330e+02  2.92864456e+03 -1.13684967e+01 
 3.16227766e+03  3.28569237e+02  3.16227766e+03 -1.22729914e+01 
 3.41454887e+03  3.28493376e+02  3.41454887e+03 -1.32490147e+01 
 3.68694506e+03  3.28404974e+02  3.68694506e+03 -1.43021110e+01 
 3.98107171e+03  3.28301964e+02  3.98107171e+03 -1.54382251e+01 
 4.29866235e+03  3.28181945e+02  4.29866235e+03 -1.66637241e+01 
 4.64158883e+03  3.28042123e+02  4.64158883e+03 -1.79854173e+01 
 5.01187234e+03  3.27879254e+02  5.01187234e+03 -1.94105747e+01 
 5.41169527e+03  3.27689566e+02  5.41169527e+03 -2.09469433e+01 
 5.84341413e+03  3.27468682e+02  5.84341413e+03 -2.26027586e+01 
 6.30957344e+03  3.27211527e+02  6.30957344e+03 -2.43867512e+01 
 6.81292069e+03  3.26912214e+02  6.81292069e+03 -2.63081456e+01 
 7.35642254e+03  3.26563931e+02  7.35642254e+03 -2.83766490e+01 
 7.94328235e+03  3.26158797e+02  7.94328235e+03 -3.06024272e+01 
 8.57695899e+03  3.25687713e+02  8.57695899e+03 -3.29960629e+01 
 9.26118728e+03  3.25140182e+02  9.26118728e+03 -3.55684936e+01 
 1.00000000e+04  3.24504125e+02  1.00000000e+04 -3.83309209e+01 
 1.07977516e+04  3.23765670e+02  1.07977516e+04 -4.12946867e+01 
 1.16591440e+04  3.22908922e+02  1.16591440e+04 -4.44711068e+01 
 1.25892541e+04  3.21915728e+02  1.25892541e+04 -4.78712537e+01 
 1.35935639e+04  3.20765429e+02  1.35935639e+04 -5.15056771e+01 
 1.46779927e+04  3.19434604e+02  1.46779927e+04 -5.53840504e+01 
 1.58489319e+04  3.17896838e+02  1.58489319e+04 -5.95147315e+01 
 1.71132830e+04  3.16122505e+02  1.71132830e+04 -6.39042240e+01 
 1.84784980e+04  3.14078606e+02  1.84784980e+04 -6.85565270e+01 
 1.99526231e+04  3.11728682e+02  1.99526231e+04 -7.34723638e+01 
 2.15443469e+04  3.09032841e+02  2.15443469e+04 -7.86482842e+01 
 2.32630507e+04  3.05947945e+02  2.32630507e+04 -8.40756431e+01 
 2.51188643e+04  3.02428008e+02  2.51188643e+04 -8.97394675e+01 
 2.71227258e+04  2.98424868e+02  2.71227258e+04 -9.56172437e+01 
 2.92864456e+04  2.93889182e+02  2.92864456e+04 -1.01677674e+02 
 3.16227766e+04  2.88771826e+02  3.16227766e+04 -1.07879482e+02 
 3.41454887e+04  2.83025722e+02  3.41454887e+04 -1.14170371e+02 
 3.68694506e+04  2.76608128e+02  3.68694506e+04 -1.20486281e+02 
 3.98107171e+04  2.69483362e+02  3.98107171e+04 -1.26751100e+02 
 4.29866235e+04  2.61625888e+02  4.29866235e+04 -1.32877027e+02 
 4.64158883e+04  2.53023607e+02  4.64158883e+04 -1.38765756e+02 
 5.01187234e+04  2.43681129e+02  5.01187234e+04 -1.44310637e+02 
 5.41169527e+04  2.33622700e+02  5.41169527e+04 -1.49399896e+02 
 5.84341413e+04  2.22894437e+02  5.84341413e+04 -1.53920875e+02 
 6.30957344e+04  2.11565470e+02  6.30957344e+04 -1.57765142e+02 
 6.81292069e+04  1.99727668e+02  6.81292069e+04 -1.60834131e+02 
 7.35642254e+04  1.87493701e+02  7.35642254e+04 -1.63044854e+02 
 7.94328235e+04  1.74993425e+02  7.94328235e+04 -1.64335122e+02 
 8.57695899e+04  1.62368724e+02  8.57695899e+04 -1.64667694e+02 
 9.26118728e+04  1.49767237e+02  9.26118728e+04 -1.64032856e+02 
 1.00000000e+05  1.37335524e+02  1.00000000e+05 -1.62449106e+02 
 1.07977516e+05  1.25212336e+02  1.07977516e+05 -1.59961854e+02 
 1.16591440e+05  1.13522635e+02  1.16591440e+05 -1.56640308e+02 
 1.25892541e+05  1.02372892e+02  1.25892541e+05 -1.52572928e+02 
 1.35935639e+05  9.18479837e+01  1.35935639e+05 -1.47861989e+02 
 1.46779927e+05  8.20097927e+01  1.46779927e+05 -1.42617836e+02 
 1.58489319e+05  7.28974081e+01  1.58489319e+05 -1.36953362e+02 
 1.71132830e+05  6.45286480e+01  1.71132830e+05 -1.30979149e+02 
 1.84784980e+05  5.69025528e+01  1.84784980e+05 -1.24799527e+02 
 1.99526231e+05  5.00024595e+01  1.99526231e+05 -1.18509698e+02 
 2.15443469e+05  4.37993079e+01  2.15443469e+05 -1.12193887e+02 
 2.32630507e+05  3.82548888e+01  2.32630507e+05 -1.05924439e+02 
 2.51188643e+05  3.33248291e+01  2.51188643e+05 -9.97616736e+01 
 2.71227258e+05  2.89611858e+01  2.71227258e+05 -9.37543399e+01 
 2.92864456e+05  2.51145909e+01  2.92864456e+05 -8.79404681e+01 
 3.16227766e+05  2.17359414e+01  3.16227766e+05 -8.23484724e+01 
 3.41454887e+05  1.87776646e+01  3.41454887e+05 -7.69983713e+01 
 3.68694506e+05  1.61946084e+01  3.68694506e+05 -7.19030284e+01 
 3.98107171e+05  1.39446199e+01  3.98107171e+05 -6.70693447e+01 
 4.29866235e+05  1.19888704e+01  4.29866235e+05 -6.24993583e+01 
 4.64158883e+05  1.02919870e+01  4.64158883e+05 -5.81912287e+01 
 5.01187234e+05  8.82204042e+00  5.01187234e+05 -5.41400943e+01 
 5.41169527e+05  7.55043021e+00  5.41169527e+05 -5.03388054e+01 
 5.84341413e+05  6.45170322e+00  5.84341413e+05 -4.67785375e+01 
 6.30957344e+05  5.50333050e+00  6.30957344e+05 -4.34492984e+01 
 6.81292069e+05  4.68546338e+00  6.81292069e+05 -4.03403387e+01 
 7.35642254e+05  3.98068303e+00  7.35642254e+05 -3.74404812e+01 
 7.94328235e+05  3.37375396e+00  7.94328235e+05 -3.47383788e+01 
 8.57695899e+05  2.85138814e+00  8.57695899e+05 -3.22227157e+01 
 9.26118728e+05  2.40202409e+00  9.26118728e+05 -2.98823592e+01 
 1.00000000e+06  2.01562334e+00  1.00000000e+06 -2.77064720e+01 
 1.07977516e+06  1.68348522e+00  1.07977516e+06 -2.56845934e+01 
 1.16591440e+06  1.39807991e+00  1.16591440e+06 -2.38066950e+01 
 1.25892541e+06  1.15289937e+00  1.25892541e+06 -2.20632154e+01 
 1.35935639e+06  9.42324914e-01  1.35935639e+06 -2.04450808e+01 
 1.46779927e+06  7.61510278e-01  1.46779927e+06 -1.89437121e+01 
 1.58489319e+06  6.06278906e-01  1.58489319e+06 -1.75510240e+01 
 1.71132830e+06  4.73033943e-01  1.71132830e+06 -1.62594159e+01 
 1.84784980e+06  3.58679697e-01  1.84784980e+06 -1.50617593e+01 
 1.99526231e+06  2.60553256e-01  1.99526231e+06 -1.39513807e+01 
 2.15443469e+06  1.76365091e-01  2.15443469e+06 -1.29220423e+01 
 2.32630507e+06  1.04147566e-01  2.32630507e+06 -1.19679212e+01 
 2.51188643e+06  4.22103747e-02  2.51188643e+06 -1.10835880e+01 
 2.71227258e+06 -1.08979830e-02  2.71227258e+06 -1.02639851e+01 
 2.92864456e+06 -5.64234395e-02  2.92864456e+06 -9.50440489e+00 
 3.16227766e+06 -9.54350264e-02  3.16227766e+06 -8.80046840e+00 
 3.41454887e+06 -1.28849562e-01  3.41454887e+06 -8.14810488e+00 
 3.68694506e+06 -1.57452894e-01  3.68694506e+06 -7.54353183e+00 
 3.98107171e+06 -1.81918162e-01  3.98107171e+06 -6.98323600e+00 
 4.29866235e+06 -2.02821486e-01  4.29866235e+06 -6.46395536e+00 
 4.64158883e+06 -2.20655417e-01  4.64158883e+06 -5.98266200e+00 
 5.01187234e+06 -2.35840481e-01  5.01187234e+06 -5.53654600e+00 
 5.41169527e+06 -2.48735050e-01  5.41169527e+06 -5.12300031e+00 
 5.84341413e+06 -2.59643788e-01  5.84341413e+06 -4.73960653e+00 
 6.30957344e+06 -2.68824860e-01  6.30957344e+06 -4.38412164e+00 
 6.81292069e+06 -2.76496084e-01  6.81292069e+06 -4.05446570e+00 
 7.35642254e+06 -2.82840158e-01  7.35642254e+06 -3.74871030e+00 
 7.94328235e+06 -2.88009115e-01  7.94328235e+06 -3.46506792e+00 
 8.57695899e+06 -2.92128102e-01  8.57695899e+06 -3.20188217e+00 
 9.26118728e+06 -2.95298596e-01  9.26118728e+06 -2.95761863e+00 
 1.00000000e+07 -2.97601152e-01  1.00000000e+07 -2.73085663e+00 
 1.07977516e+07 -2.99097760e-01  1.07977516e+07 -2.52028163e+00 
 1.16591440e+07 -2.99833915e-01  1.16591440e+07 -2.32467831e+00 
 1.25892541e+07 -2.99840465e-01  1.25892541e+07 -2.14292441e+00 
 1.35935639e+07 -2.99135325e-01  1.35935639e+07 -1.97398505e+00 
 1.46779927e+07 -2.97725161e-01  1.46779927e+07 -1.81690779e+00 
 1.58489319e+07 -2.95607096e-01  1.58489319e+07 -1.67081807e+00 
 1.71132830e+07 -2.92770563e-01  1.71132830e+07 -1.53491526e+00 
 1.84784980e+07 -2.89199364e-01  1.84784980e+07 -1.40846895e+00 
 1.99526231e+07 -2.84874009e-01  1.99526231e+07 -1.29081556e+00 
 2.15443469e+07 -2.79774398e-01  2.15443469e+07 -1.18135504e+00 
 2.32630507e+07 -2.73882835e-01  2.32630507e+07 -1.07954747e+00 
 2.51188643e+07 -2.67187366e-01  2.51188643e+07 -9.84909450e-01 
 2.71227258e+07 -2.59685308e-01  2.71227258e+07 -8.97009922e-01 
 2.92864456e+07 -2.51386799e-01  2.92864456e+07 -8.15465454e-01 
 3.16227766e+07 -2.42318111e-01  3.16227766e+07 -7.39934681e-01 
 3.41454887e+07 -2.32524382e-01  3.41454887e+07 -6.70111949e-01 
 3.68694506e+07 -2.22071410e-01  3.68694506e+07 -6.05720243e-01 
 3.98107171e+07 -2.11046167e-01  3.98107171e+07 -5.46503629e-01 
 4.29866235e+07 -1.99555752e-01  4.29866235e+07 -4.92219585e-01 
 4.64158883e+07 -1.87724676e-01  4.64158883e+07 -4.42631758e-01 
 5.01187234e+07 -1.75690561e-01  5.01187234e+07 -3.97503654e-01 
 5.41169527e+07 -1.63598547e-01  5.41169527e+07 -3.56593821e-01 
 5.84341413e+07 -1.51594903e-01  5.84341413e+07 -3.19652869e-01 
 6.30957344e+07 -1.39820474e-01  6.30957344e+07 -2.86422535e-01 
 6.81292069e+07 -1.28404587e-01  6.81292069e+07 -2.56636695e-01 
 7.35642254e+07 -1.17460005e-01  7.35642254e+07 -2.30024034e-01 
 7.94328235e+07 -1.07079321e-01  7.94328235e+07 -2.06311896e-01 
 8.57695899e+07 -9.73329731e-02  8.57695899e+07 -1.85230738e-01 
 9.26118728e+07 -8.82688740e-02  9.26118728e+07 -1.66518650e-01 
 1.00000000e+08 -7.99134330e-02  1.00000000e+08 -1.49925457e-01 
 1.07977516e+08 -7.22736606e-02  1.07977516e+08 -1.35216079e-01 
 1.16591440e+08 -6.53399822e-02  1.16591440e+08 -1.22172970e-01 
 1.25892541e+08 -5.90894053e-02  1.25892541e+08 -1.10597580e-01 
 1.35935639e+08 -5.34887312e-02  1.35935639e+08 -1.00310926e-01 
 1.46779927e+08 -4.84975810e-02  1.46779927e+08 -9.11533941e-02 
 1.58489319e+08 -4.40710830e-02  1.58489319e+08 -8.29839379e-02 
 1.71132830e+08 -4.01621390e-02  1.71132830e+08 -7.56788699e-02 
 1.84784980e+08 -3.67232460e-02  1.84784980e+08 -6.91303843e-02 
 1.99526231e+08 -3.37078907e-02  1.99526231e+08 -6.32449567e-02 
 2.15443469e+08 -3.10715591e-02  2.15443469e+08 -5.79417229e-02 
 2.32630507e+08 -2.87724175e-02  2.32630507e+08 -5.31509114e-02 
 2.51188643e+08 -2.67717253e-02  2.51188643e+08 -4.88123781e-02 
 2.71227258e+08 -2.50340366e-02  2.71227258e+08 -4.48742736e-02 
 2.92864456e+08 -2.35272427e-02  2.92864456e+08 -4.12918534e-02 
 3.16227766e+08 -2.22225003e-02  3.16227766e+08 -3.80264335e-02 
 3.41454887e+08 -2.10940801e-02  3.41454887e+08 -3.50444849e-02 
 3.68694506e+08 -2.01191660e-02  3.68694506e+08 -3.23168570e-02 
 3.98107171e+08 -1.92776256e-02  3.98107171e+08 -2.98181160e-02 
 4.29866235e+08 -1.85517691e-02  4.29866235e+08 -2.75259852e-02 
 4.64158883e+08 -1.79261075e-02  4.64158883e+08 -2.54208740e-02 
 5.01187234e+08 -1.73871193e-02  5.01187234e+08 -2.34854825e-02 
 5.41169527e+08 -1.69230293e-02  5.41169527e+08 -2.17044707e-02 
 5.84341413e+08 -1.65236046e-02  5.84341413e+08 -2.00641817e-02 
 6.30957344e+08 -1.61799678e-02  6.30957344e+08 -1.85524103e-02 
 6.81292069e+08 -1.58844285e-02  6.81292069e+08 -1.71582088e-02 
 7.35642254e+08 -1.56303325e-02  7.35642254e+08 -1.58717246e-02 
 7.94328235e+08 -1.54119282e-02  7.94328235e+08 -1.46840629e-02 
 8.57695899e+08 -1.52242485e-02  8.57695899e+08 -1.35871709e-02 
 9.26118728e+08 -1.50630066e-02  9.26118728e+08 -1.25737392e-02 
 1.00000000e+09 -1.49245059e-02  1.00000000e+09 -1.16371176e-02 
 1.07977516e+09 -1.48055602e-02  1.07977516e+09 -1.07712433e-02 
 1.16591440e+09 -1.47034247e-02  1.16591440e+09 -9.97057841e-03 
 1.25892541e+09 -1.46157362e-02  1.25892541e+09 -9.23005617e-03 
 1.35935639e+09 -1.45404605e-02  1.35935639e+09 -8.54503378e-03 
 1.46779927e+09 -1.44758479e-02  1.46779927e+09 -7.91125135e-03 
 1.58489319e+09 -1.44203933e-02  1.58489319e+09 -7.32479573e-03 
 1.71132830e+09 -1.43728027e-02  1.71132830e+09 -6.78206848e-03 
 1.84784980e+09 -1.43319642e-02  1.84784980e+09 -6.27975758e-03 
 1.99526231e+09 -1.42969220e-02  1.99526231e+09 -5.81481211e-03 
 2.15443469e+09 -1.42668553e-02  2.15443469e+09 -5.38441971e-03 
 2.32630507e+09 -1.42410589e-02  2.32630507e+09 -4.98598628e-03 
 2.51188643e+09 -1.42189272e-02  2.51188643e+09 -4.61711777e-03 
 2.71227258e+09 -1.41999405e-02  2.71227258e+09 -4.27560370e-03 
 2.92864456e+09 -1.41836522e-02  2.92864456e+09 -3.95940222e-03 
 3.16227766e+09 -1.41696793e-02  3.16227766e+09 -3.66662661e-03 
 3.41454887e+09 -1.41576930e-02  3.41454887e+09 -3.39553292e-03 
 3.68694506e+09 -1.41474111e-02  3.68694506e+09 -3.14450875e-03 
 3.98107171e+09 -1.41385913e-02  3.98107171e+09 -2.91206299e-03 
 4.29866235e+09 -1.41310258e-02  4.29866235e+09 -2.69681637e-03 
 4.64158883e+09 -1.41245364e-02  4.64158883e+09 -2.49749293e-03 
 5.01187234e+09 -1.41189701e-02  5.01187234e+09 -2.31291204e-03 
 5.41169527e+09 -1.41141956e-02  5.41169527e+09 -2.14198115e-03 
 5.84341413e+09 -1.41101003e-02  5.84341413e+09 -1.98368913e-03 
 6.30957344e+09 -1.41065876e-02  6.30957344e+09 -1.83710009e-03 
 6.81292069e+09 -1.41035747e-02  6.81292069e+09 -1.70134772e-03 
 7.35642254e+09 -1.41009904e-02  7.35642254e+09 -1.57563006e-03 
 7.94328235e+09 -1.40987739e-02  7.94328235e+09 -1.45920468e-03 
 8.57695899e+09 -1.40968727e-02  8.57695899e+09 -1.35138421e-03 
 9.26118728e+09 -1.40952420e-02  9.26118728e+09 -1.25153224e-03 
 1.00000000e+10 -1.40938433e-02  1.00000000e+10 -1.15905951e-03 
