 1.00000000e+00  3.35477070e+02  1.00000000e+00 -5.50007437e-03 
 1.07977516e+00  3.35477070e+02  1.07977516e+00 -5.93884369e-03 
 1.16591440e+00  3.35477070e+02  1.16591440e+00 -6.41261591e-03 
 1.25892541e+00  3.35477070e+02  1.25892541e+00 -6.92418338e-03 
 1.35935639e+00  3.35477070e+02  1.35935639e+00 -7.47656124e-03 
 1.46779927e+00  3.35477070e+02  1.46779927e+00 -8.07300512e-03 
 1.58489319e+00  3.35477070e+02  1.58489319e+00 -8.71703042e-03 
 1.71132830e+00  3.35477070e+02  1.71132830e+00 -9.41243293e-03 
 1.84784980e+00  3.35477070e+02  1.84784980e+00 -1.01633113e-02 
 1.99526231e+00  3.35477070e+02  1.99526231e+00 -1.09740911e-02 
 2.15443469e+00  3.35477070e+02  2.15443469e+00 -1.18495510e-02 
 2.32630507e+00  3.35477070e+02  2.32630507e+00 -1.27948509e-02 
 2.51188643e+00  3.35477069e+02  2.51188643e+00 -1.38155622e-02 
 2.71227258e+00  3.35477069e+02  2.71227258e+00 -1.49177009e-02 
 2.92864456e+00  3.35477069e+02  2.92864456e+00 -1.61077629e-02 
 3.16227766e+00  3.35477069e+02  3.16227766e+00 -1.73927623e-02 
 3.41454887e+00  3.35477069e+02  3.41454887e+00 -1.87802727e-02 
 3.68694506e+00  3.35477069e+02  3.68694506e+00 -2.02784720e-02 
 3.98107171e+00  3.35477069e+02  3.98107171e+00 -2.18961903e-02 
 4.29866235e+00  3.35477068e+02  4.29866235e+00 -2.36429625e-02 
 4.64158883e+00  3.35477068e+02  4.64158883e+00 -2.55290836e-02 
 5.01187234e+00  3.35477068e+02  5.01187234e+00 -2.75656704e-02 
 5.41169527e+00  3.35477067e+02  5.41169527e+00 -2.97647262e-02 
 5.84341413e+00  3.35477067e+02  5.84341413e+00 -3.21392120e-02 
 6.30957344e+00  3.35477066e+02  6.30957344e+00 -3.47031228e-02 
 6.81292069e+00  3.35477066e+02  6.81292069e+00 -3.74715700e-02 
 7.35642254e+00  3.35477065e+02  7.35642254e+00 -4.04608705e-02 
 7.94328235e+00  3.35477064e+02  7.94328235e+00 -4.36886429e-02 
 8.57695899e+00  3.35477063e+02  8.57695899e+00 -4.71739113e-02 
 9.26118728e+00  3.35477062e+02  9.26118728e+00 -5.09372176e-02 
 1.00000000e+01  3.35477061e+02  1.00000000e+01 -5.50007422e-02 
 1.07977516e+01  3.35477060e+02  1.07977516e+01 -5.93884351e-02 
 1.16591440e+01  3.35477058e+02  1.16591440e+01 -6.41261568e-02 
 1.25892541e+01  3.35477056e+02  1.25892541e+01 -6.92418309e-02 
 1.35935639e+01  3.35477053e+02  1.35935639e+01 -7.47656087e-02 
 1.46779927e+01  3.35477051e+02  1.46779927e+01 -8.07300466e-02 
 1.58489319e+01  3.35477047e+02  1.58489319e+01 -8.71702983e-02 
 1.71132830e+01  3.35477044e+02  1.71132830e+01 -9.41243220e-02 
 1.84784980e+01  3.35477039e+02  1.84784980e+01 -1.01633104e-01 
 1.99526231e+01  3.35477034e+02  1.99526231e+01 -1.09740899e-01 
 2.15443469e+01  3.35477028e+02  2.15443469e+01 -1.18495495e-01 
 2.32630507e+01  3.35477021e+02  2.32630507e+01 -1.27948490e-01 
 2.51188643e+01  3.35477013e+02  2.51188643e+01 -1.38155598e-01 
 2.71227258e+01  3.35477004e+02  2.71227258e+01 -1.49176979e-01 
 2.92864456e+01  3.35476993e+02  2.92864456e+01 -1.61077592e-01 
 3.16227766e+01  3.35476980e+02  3.16227766e+01 -1.73927576e-01 
 3.41454887e+01  3.35476965e+02  3.41454887e+01 -1.87802669e-01 
 3.68694506e+01  3.35476948e+02  3.68694506e+01 -2.02784646e-01 
 3.98107171e+01  3.35476927e+02  3.98107171e+01 -2.18961811e-01 
 4.29866235e+01  3.35476904e+02  4.29866235e+01 -2.36429509e-01 
 4.64158883e+01  3.35476876e+02  4.64158883e+01 -2.55290690e-01 
 5.01187234e+01  3.35476844e+02  5.01187234e+01 -2.75656520e-01 
 5.41169527e+01  3.35476806e+02  5.41169527e+01 -2.97647030e-01 
 5.84341413e+01  3.35476762e+02  5.84341413e+01 -3.21391828e-01 
 6.30957344e+01  3.35476711e+02  6.30957344e+01 -3.47030861e-01 
 6.81292069e+01  3.35476652e+02  6.81292069e+01 -3.74715238e-01 
 7.35642254e+01  3.35476582e+02  7.35642254e+01 -4.04608123e-01 
 7.94328235e+01  3.35476501e+02  7.94328235e+01 -4.36885696e-01 
 8.57695899e+01  3.35476407e+02  8.57695899e+01 -4.71738191e-01 
 9.26118728e+01  3.35476297e+02  9.26118728e+01 -5.09371015e-01 
 1.00000000e+02  3.35476169e+02  1.00000000e+02 -5.50005960e-01 
 1.07977516e+02  3.35476019e+02  1.07977516e+02 -5.93882510e-01 
 1.16591440e+02  3.35475845e+02  1.16591440e+02 -6.41259251e-01 
 1.25892541e+02  3.35475642e+02  1.25892541e+02 -6.92415393e-01 
 1.35935639e+02  3.35475405e+02  1.35935639e+02 -7.47652415e-01 
 1.46779927e+02  3.35475129e+02  1.46779927e+02 -8.07295843e-01 
 1.58489319e+02  3.35474806e+02  1.58489319e+02 -8.71697164e-01 
 1.71132830e+02  3.35474431e+02  1.71132830e+02 -9.41235894e-01 
 1.84784980e+02  3.35473993e+02  1.84784980e+02 -1.01632181e+00 
 1.99526231e+02  3.35473482e+02  1.99526231e+02 -1.09739738e+00 
 2.15443469e+02  3.35472887e+02  2.15443469e+02 -1.18494034e+00 
 2.32630507e+02  3.35472193e+02  2.32630507e+02 -1.27946650e+00 
 2.51188643e+02  3.35471384e+02  2.51188643e+02 -1.38153282e+00 
 2.71227258e+02  3.35470441e+02  2.71227258e+02 -1.49174063e+00 
 2.92864456e+02  3.35469341e+02  2.92864456e+02 -1.61073920e+00 
 3.16227766e+02  3.35468058e+02  3.16227766e+02 -1.73922954e+00 
 3.41454887e+02  3.35466563e+02  3.41454887e+02 -1.87796849e+00 
 3.68694506e+02  3.35464820e+02  3.68694506e+02 -2.02777320e+00 
 3.98107171e+02  3.35462788e+02  3.98107171e+02 -2.18952588e+00 
 4.29866235e+02  3.35460418e+02  4.29866235e+02 -2.36417898e+00 
 4.64158883e+02  3.35457656e+02  4.64158883e+02 -2.55276073e+00 
 5.01187234e+02  3.35454435e+02  5.01187234e+02 -2.75638118e+00 
 5.41169527e+02  3.35450680e+02  5.41169527e+02 -2.97623864e+00 
 5.84341413e+02  3.35446302e+02  5.84341413e+02 -3.21362664e+00 
 6.30957344e+02  3.35441197e+02  6.30957344e+02 -3.46994146e+00 
 6.81292069e+02  3.35435246e+02  6.81292069e+02 -3.74669017e+00 
 7.35642254e+02  3.35428308e+02  7.35642254e+02 -4.04549935e+00 
 7.94328235e+02  3.35420219e+02  7.94328235e+02 -4.36812444e+00 
 8.57695899e+02  3.35410788e+02  8.57695899e+02 -4.71645975e+00 
 9.26118728e+02  3.35399794e+02  9.26118728e+02 -5.09254926e+00 
 1.00000000e+03  3.35386976e+02  1.00000000e+03 -5.49859818e+00 
 1.07977516e+03  3.35372033e+02  1.07977516e+03 -5.93698537e+00 
 1.16591440e+03  3.35354612e+02  1.16591440e+03 -6.41027654e+00 
 1.25892541e+03  3.35334303e+02  1.25892541e+03 -6.92123847e+00 
 1.35935639e+03  3.35310627e+02  1.35935639e+03 -7.47285407e+00 
 1.46779927e+03  3.35283028e+02  1.46779927e+03 -8.06833846e+00 
 1.58489319e+03  3.35250856e+02  1.58489319e+03 -8.71115601e+00 
 1.71132830e+03  3.35213353e+02  1.71132830e+03 -9.40503831e+00 
 1.84784980e+03  3.35169638e+02  1.84784980e+03 -1.01540032e+01 
 1.99526231e+03  3.35118686e+02  1.99526231e+03 -1.09623747e+01 
 2.15443469e+03  3.35059298e+02  2.15443469e+03 -1.18348036e+01 
 2.32630507e+03  3.34990085e+02  2.32630507e+03 -1.27762888e+01 
 2.51188643e+03  3.34909423e+02  2.51188643e+03 -1.37921995e+01 
 2.71227258e+03  3.34815428e+02  2.71227258e+03 -1.48882973e+01 
 2.92864456e+03  3.34705904e+02  2.92864456e+03 -1.60707580e+01 
 3.16227766e+03  3.34578300e+02  3.16227766e+03 -1.73461937e+01 
 3.41454887e+03  3.34429646e+02  3.41454887e+03 -1.87216724e+01 
 3.68694506e+03  3.34256495e+02  3.68694506e+03 -2.02047367e+01 
 3.98107171e+03  3.34054842e+02  3.98107171e+03 -2.18034192e+01 
 4.29866235e+03  3.33820039e+02  4.29866235e+03 -2.35262525e+01 
 4.64158883e+03  3.33546694e+02  4.64158883e+03 -2.53822747e+01 
 5.01187234e+03  3.33228563e+02  5.01187234e+03 -2.73810251e+01 
 5.41169527e+03  3.32858413e+02  5.41169527e+03 -2.95325296e+01 
 5.84341413e+03  3.32427887e+02  5.84341413e+03 -3.18472717e+01 
 6.30957344e+03  3.31927333e+02  6.30957344e+03 -3.43361448e+01 
 6.81292069e+03  3.31345629e+02  6.81292069e+03 -3.70103812e+01 
 7.35642254e+03  3.30669980e+02  7.35642254e+03 -3.98814513e+01 
 7.94328235e+03  3.29885700e+02  7.94328235e+03 -4.29609264e+01 
 8.57695899e+03  3.28975977e+02  8.57695899e+03 -4.62602955e+01 
 9.26118728e+03  3.27921630e+02  9.26118728e+03 -4.97907274e+01 
 1.00000000e+04  3.26700848e+02  1.00000000e+04 -5.35627665e+01 
 1.07977516e+04  3.25288940e+02  1.07977516e+04 -5.75859497e+01 
 1.16591440e+04  3.23658098e+02  1.16591440e+04 -6.18683318e+01 
 1.25892541e+04  3.21777191e+02  1.25892541e+04 -6.64159059e+01 
 1.35935639e+04  3.19611615e+02  1.35935639e+04 -7.12319078e+01 
 1.46779927e+04  3.17123233e+02  1.46779927e+04 -7.63159946e+01 
 1.58489319e+04  3.14270447e+02  1.58489319e+04 -8.16632938e+01 
 1.71132830e+04  3.11008435e+02  1.71132830e+04 -8.72633289e+01 
 1.84784980e+04  3.07289634e+02  1.84784980e+04 -9.30988386e+01 
 1.99526231e+04  3.03064507e+02  1.99526231e+04 -9.91445256e+01 
 2.15443469e+04  2.98282664e+02  2.15443469e+04 -1.05365794e+02 
 2.32630507e+04  2.92894411e+02  2.32630507e+04 -1.11717564e+02 
 2.51188643e+04  2.86852737e+02  2.51188643e+04 -1.18143274e+02 
 2.71227258e+04  2.80115774e+02  2.71227258e+04 -1.24574242e+02 
 2.92864456e+04  2.72649692e+02  2.92864456e+04 -1.30929527e+02 
 3.16227766e+04  2.64431916e+02  3.16227766e+04 -1.37116520e+02 
 3.41454887e+04  2.55454503e+02  3.41454887e+04 -1.43032409e+02 
 3.68694506e+04  2.45727415e+02  3.68694506e+04 -1.48566679e+02 
 3.98107171e+04  2.35281346e+02  3.98107171e+04 -1.53604687e+02 
 4.29866235e+04  2.24169730e+02  4.29866235e+04 -1.58032254e+02 
 4.64158883e+04  2.12469536e+02  4.64158883e+04 -1.61741062e+02 
 5.01187234e+04  2.00280532e+02  5.01187234e+04 -1.64634477e+02 
 5.41169527e+04  1.87722843e+02  5.41169527e+04 -1.66633291e+02 
 5.84341413e+04  1.74932791e+02  5.84341413e+04 -1.67680796e+02 
 6.30957344e+04  1.62057283e+02  6.30957344e+04 -1.67746618e+02 
 6.81292069e+04  1.49247190e+02  6.81292069e+04 -1.66828832e+02 
 7.35642254e+04  1.36650348e+02  7.35642254e+04 -1.64954100e+02 
 7.94328235e+04  1.24404842e+02  7.94328235e+04 -1.62175806e+02 
 8.57695899e+04  1.12633229e+02  8.57695899e+04 -1.58570430e+02 
 9.26118728e+04  1.01438173e+02  9.26118728e+04 -1.54232606e+02 
 1.00000000e+05  9.08997630e+01  1.00000000e+05 -1.49269434e+02 
 1.07977516e+05  8.10745540e+01  1.07977516e+05 -1.43794636e+02 
 1.16591440e+05  7.19961794e+01  1.16591440e+05 -1.37923080e+02 
 1.25892541e+05  6.36772154e+01  1.25892541e+05 -1.31766061e+02 
 1.35935639e+05  5.61119237e+01  1.35935639e+05 -1.25427584e+02 
 1.46779927e+05  4.92794848e+01  1.46779927e+05 -1.19001727e+02 
 1.58489319e+05  4.31473769e+01  1.58489319e+05 -1.12571036e+02 
 1.71132830e+05  3.76746294e+01  1.71132830e+05 -1.06205835e+02 
 1.84784980e+05  3.28147650e+01  1.84784980e+05 -9.99642717e+01 
 1.99526231e+05  2.85183202e+01  1.99526231e+05 -9.38929063e+01 
 2.15443469e+05  2.47349014e+01  2.15443469e+05 -8.80276664e+01 
 2.32630507e+05  2.14147835e+01  2.32630507e+05 -8.23950165e+01 
 2.51188643e+05  1.85100876e+01  2.51188643e+05 -7.70132157e+01 
 2.71227258e+05  1.59755949e+01  2.71227258e+05 -7.18935746e+01 
 2.92864456e+05  1.37692574e+01  2.92864456e+05 -6.70416480e+01 
 3.16227766e+05  1.18524702e+01  3.16227766e+05 -6.24583245e+01 
 3.41454887e+05  1.01901597e+01  3.41454887e+05 -5.81407950e+01 
 3.68694506e+05  8.75073809e+00  3.68694506e+05 -5.40833904e+01 
 3.98107171e+05  7.50596480e+00  3.98107171e+05 -5.02782945e+01 
 4.29866235e+05  6.43074721e+00  4.29866235e+05 -4.67161380e+01 
 4.64158883e+05  5.50290554e+00  4.64158883e+05 -4.33864861e+01 
 5.01187234e+05  4.70292122e+00  5.01187234e+05 -4.02782334e+01 
 5.41169527e+05  4.01368180e+00  5.41169527e+05 -3.73799179e+01 
 5.84341413e+05  3.42023219e+00  5.84341413e+05 -3.46799669e+01 
 6.30957344e+05  2.90953808e+00  6.30957344e+05 -3.21668870e+01 
 6.81292069e+05  2.47026556e+00  6.81292069e+05 -2.98294066e+01 
 7.35642254e+05  2.09257880e+00  7.35642254e+05 -2.76565815e+01 
 7.94328235e+05  1.76795638e+00  7.94328235e+05 -2.56378694e+01 
 8.57695899e+05  1.48902635e+00  8.57695899e+05 -2.37631802e+01 
 9.26118728e+05  1.24941905e+00  9.26118728e+05 -2.20229075e+01 
 1.00000000e+06  1.04363663e+00  1.00000000e+06 -2.04079447e+01 
 1.07977516e+06  8.66938068e-01  1.07977516e+06 -1.89096905e+01 
 1.16591440e+06  7.15238122e-01  1.16591440e+06 -1.75200447e+01 
 1.25892541e+06  5.85019005e-01  1.25892541e+06 -1.62313986e+01 
 1.35935639e+06  4.73253281e-01  1.35935639e+06 -1.50366202e+01 
 1.46779927e+06  3.77336813e-01  1.46779927e+06 -1.39290360e+01 
 1.58489319e+06  2.95030531e-01  1.58489319e+06 -1.29024112e+01 
 1.71132830e+06  2.24409969e-01  1.71132830e+06 -1.19509282e+01 
 1.84784980e+06  1.63821608e-01  1.84784980e+06 -1.10691644e+01 
 1.99526231e+06  1.11845134e-01  1.99526231e+06 -1.02520705e+01 
 2.15443469e+06  6.72608705e-02  2.15443469e+06 -9.49494768e+00 
 2.32630507e+06  2.90216917e-02  2.32630507e+06 -8.79342691e+00 
 2.51188643e+06 -3.77118054e-03  2.51188643e+06 -8.14344761e+00 
 2.71227258e+06 -3.18890115e-02  2.71227258e+06 -7.54123787e+00 
 2.92864456e+06 -5.59934814e-02  2.92864456e+06 -6.98329523e+00 
 3.16227766e+06 -7.66521001e-02  3.16227766e+06 -6.46636861e+00 
 3.41454887e+06 -9.43514541e-02  3.41454887e+06 -5.98744106e+00 
 3.68694506e+06 -1.09508585e-01  3.68694506e+06 -5.54371361e+00 
 3.98107171e+06 -1.22480753e-01  3.98107171e+06 -5.13258999e+00 
 4.29866235e+06 -1.33573819e-01  4.29866235e+06 -4.75166237e+00 
 4.64158883e+06 -1.43049423e-01  4.64158883e+06 -4.39869797e+00 
 5.01187234e+06 -1.51131136e-01  5.01187234e+06 -4.07162655e+00 
 5.41169527e+06 -1.58009727e-01  5.41169527e+06 -3.76852875e+00 
 5.84341413e+06 -1.63847657e-01  5.84341413e+06 -3.48762521e+00 
 6.30957344e+06 -1.68782926e-01  6.30957344e+06 -3.22726647e+00 
 6.81292069e+06 -1.72932340e-01  6.81292069e+06 -2.98592356e+00 
 7.35642254e+06 -1.76394299e-01  7.35642254e+06 -2.76217929e+00 
 7.94328235e+06 -1.79251155e-01  7.94328235e+06 -2.55472012e+00 
 8.57695899e+06 -1.81571212e-01  8.57695899e+06 -2.36232875e+00 
 9.26118728e+06 -1.83410415e-01  9.26118728e+06 -2.18387714e+00 
 1.00000000e+07 -1.84813769e-01  1.00000000e+07 -2.01832020e+00 
 1.07977516e+07 -1.85816541e-01  1.07977516e+07 -1.86468988e+00 
 1.16591440e+07 -1.86445265e-01  1.16591440e+07 -1.72208984e+00 
 1.25892541e+07 -1.86718613e-01  1.25892541e+07 -1.58969053e+00 
 1.35935639e+07 -1.86648136e-01  1.35935639e+07 -1.46672475e+00 
 1.46779927e+07 -1.86238937e-01  1.46779927e+07 -1.35248361e+00 
 1.58489319e+07 -1.85490308e-01  1.58489319e+07 -1.24631289e+00 
 1.71132830e+07 -1.84396355e-01  1.71132830e+07 -1.14760979e+00 
 1.84784980e+07 -1.82946687e-01  1.84784980e+07 -1.05582004e+00 
 1.99526231e+07 -1.81127182e-01  1.99526231e+07 -9.70435311e-01 
 2.15443469e+07 -1.78920893e-01  2.15443469e+07 -8.90990862e-01 
 2.32630507e+07 -1.76309142e-01  2.32630507e+07 -8.17063447e-01 
 2.51188643e+07 -1.73272817e-01  2.51188643e+07 -7.48269305e-01 
 2.71227258e+07 -1.69793915e-01  2.71227258e+07 -6.84262192e-01 
 2.92864456e+07 -1.65857316e-01  2.92864456e+07 -6.24731336e-01 
 3.16227766e+07 -1.61452744e-01  3.16227766e+07 -5.69399183e-01 
 3.41454887e+07 -1.56576853e-01  3.41454887e+07 -5.18018821e-01 
 3.68694506e+07 -1.51235291e-01  3.68694506e+07 -4.70370975e-01 
 3.98107171e+07 -1.45444576e-01  3.98107171e+07 -4.26260514e-01 
 4.29866235e+07 -1.39233568e-01  4.29866235e+07 -3.85512460e-01 
 4.64158883e+07 -1.32644308e-01  4.64158883e+07 -3.47967588e-01 
 5.01187234e+07 -1.25732029e-01  5.01187234e+07 -3.13477775e-01 
 5.41169527e+07 -1.18564183e-01  5.41169527e+07 -2.81901382e-01 
 5.84341413e+07 -1.11218453e-01  5.84341413e+07 -2.53098963e-01 
 6.30957344e+07 -1.03779836e-01  6.30957344e+07 -2.26929664e-01 
 6.81292069e+07 -9.63370131e-02  6.81292069e+07 -2.03248591e-01 
 7.35642254e+07 -8.89783391e-02  7.35642254e+07 -1.81905370e-01 
 7.94328235e+07 -8.17878469e-02  7.94328235e+07 -1.62743937e-01 
 8.57695899e+07 -7.48416461e-02  8.57695899e+07 -1.45603508e-01 
 9.26118728e+07 -6.82050448e-02  9.26118728e+07 -1.30320464e-01 
 1.00000000e+08 -6.19306039e-02  1.00000000e+08 -1.16730881e-01 
 1.07977516e+08 -5.60571997e-02  1.07977516e+08 -1.04673319e-01 
 1.16591440e+08 -5.06100466e-02  1.16591440e+08 -9.39915652e-02 
 1.25892541e+08 -4.56015276e-02  1.25892541e+08 -8.45370510e-02 
 1.35935639e+08 -4.10326261e-02  1.35935639e+08 -7.61707734e-02 
 1.46779927e+08 -3.68947283e-02  1.46779927e+08 -6.87646316e-02 
 1.58489319e+08 -3.31715859e-02  1.58489319e+08 -6.22021750e-02 
 1.71132830e+08 -2.98412612e-02  1.71132830e+08 -5.63788184e-02 
 1.84784980e+08 -2.68779279e-02  1.84784980e+08 -5.12016149e-02 
 1.99526231e+08 -2.42534451e-02  1.99526231e+08 -4.65886941e-02 
 2.15443469e+08 -2.19386669e-02  2.15443469e+08 -4.24684710e-02 
 2.32630507e+08 -1.99044807e-02  2.32630507e+08 -3.87787204e-02 
 2.51188643e+08 -1.81225898e-02  2.51188643e+08 -3.54655942e-02 
 2.71227258e+08 -1.65660691e-02  2.71227258e+08 -3.24826393e-02 
 2.92864456e+08 -1.52097307e-02  2.92864456e+08 -2.97898595e-02 
 3.16227766e+08 -1.40303351e-02  3.16227766e+08 -2.73528447e-02 
 3.41454887e+08 -1.30066830e-02  3.41454887e+08 -2.51419849e-02 
 3.68694506e+08 -1.21196180e-02  3.68694506e+08 -2.31317714e-02 
 3.98107171e+08 -1.13519664e-02  3.98107171e+08 -2.13001874e-02 
 4.29866235e+08 -1.06884335e-02  4.29866235e+08 -1.96281805e-02 
 4.64158883e+08 -1.01154750e-02  4.64158883e+08 -1.80992121e-02 
 5.01187234e+08 -9.62115321e-03  5.01187234e+08 -1.66988742e-02 
 5.41169527e+08 -9.19498932e-03  5.41169527e+08 -1.54145665e-02 
 5.84341413e+08 -8.82781638e-03  5.84341413e+08 -1.42352238e-02 
 6.30957344e+08 -8.51163855e-03  6.30957344e+08 -1.31510887e-02 
 6.81292069e+08 -8.23949867e-03  6.81292069e+08 -1.21535200e-02 
 7.35642254e+08 -8.00535587e-03  7.35642254e+08 -1.12348340e-02 
 7.94328235e+08 -7.80397405e-03  7.94328235e+08 -1.03881708e-02 
 8.57695899e+08 -7.63082130e-03  8.57695899e+08 -9.60738264e-03 
 9.26118728e+08 -7.48197989e-03  9.26118728e+08 -8.88694075e-03 
 1.00000000e+09 -7.35406642e-03  1.00000000e+09 -8.22185653e-03 
 1.07977516e+09 -7.24416140e-03  1.07977516e+09 -7.60761545e-03 
 1.16591440e+09 -7.14974736e-03  1.16591440e+09 -7.04012094e-03 
 1.25892541e+09 -7.06865473e-03  1.25892541e+09 -6.51564670e-03 
 1.35935639e+09 -6.99901474e-03  1.35935639e+09 -6.03079588e-03 
 1.46779927e+09 -6.93921834e-03  1.46779927e+09 -5.58246602e-03 
 1.58489319e+09 -6.88788069e-03  1.58489319e+09 -5.16781866e-03 
 1.71132830e+09 -6.84381030e-03  1.71132830e+09 -4.78425295e-03 
 1.84784980e+09 -6.80598235e-03  1.84784980e+09 -4.42938262e-03 
 1.99526231e+09 -6.77351566e-03  1.99526231e+09 -4.10101562e-03 
 2.15443469e+09 -6.74565270e-03  2.15443469e+09 -3.79713628e-03 
 2.32630507e+09 -6.72174245e-03  2.32630507e+09 -3.51588938e-03 
 2.51188643e+09 -6.70122551e-03  2.51188643e+09 -3.25556605e-03 
 2.71227258e+09 -6.68362134e-03  2.71227258e+09 -3.01459103e-03 
 2.92864456e+09 -6.66851719e-03  2.92864456e+09 -2.79151141e-03 
 3.16227766e+09 -6.65555860e-03  3.16227766e+09 -2.58498636e-03 
 3.41454887e+09 -6.64444124e-03  3.41454887e+09 -2.39377788e-03 
 3.68694506e+09 -6.63490382e-03  3.68694506e+09 -2.21674248e-03 
 3.98107171e+09 -6.62672205e-03  3.98107171e+09 -2.05282357e-03 
 4.29866235e+09 -6.61970343e-03  4.29866235e+09 -1.90104455e-03 
 4.64158883e+09 -6.61368273e-03  4.64158883e+09 -1.76050248e-03 
 5.01187234e+09 -6.60851817e-03  5.01187234e+09 -1.63036241e-03 
 5.41169527e+09 -6.60408809e-03  5.41169527e+09 -1.50985201e-03 
 5.84341413e+09 -6.60028807e-03  5.84341413e+09 -1.39825680e-03 
 6.30957344e+09 -6.59702856e-03  6.30957344e+09 -1.29491572e-03 
 6.81292069e+09 -6.59423271e-03  6.81292069e+09 -1.19921702e-03 
 7.35642254e+09 -6.59183457e-03  7.35642254e+09 -1.11059455e-03 
 7.94328235e+09 -6.58977760e-03  7.94328235e+09 -1.02852431e-03 
 8.57695899e+09 -6.58801327e-03  8.57695899e+09 -9.52521236e-04 
 9.26118728e+09 -6.58649996e-03  9.26118728e+09 -8.82136327e-04 
 1.00000000e+10 -6.58520195e-03  1.00000000e+10 -8.16953893e-04 
