 1.00000000e+00  3.37455280e+02  1.00000000e+00 -5.02965539e-03 
 1.07977516e+00  3.37455280e+02  1.07977516e+00 -5.43089696e-03 
 1.16591440e+00  3.37455280e+02  1.16591440e+00 -5.86414765e-03 
 1.25892541e+00  3.37455280e+02  1.25892541e+00 -6.33196098e-03 
 1.35935639e+00  3.37455280e+02  1.35935639e+00 -6.83709419e-03 
 1.46779927e+00  3.37455280e+02  1.46779927e+00 -7.38252449e-03 
 1.58489319e+00  3.37455279e+02  1.58489319e+00 -7.97146658e-03 
 1.71132830e+00  3.37455279e+02  1.71132830e+00 -8.60739162e-03 
 1.84784980e+00  3.37455279e+02  1.84784980e+00 -9.29404768e-03 
 1.99526231e+00  3.37455279e+02  1.99526231e+00 -1.00354818e-02 
 2.15443469e+00  3.37455279e+02  2.15443469e+00 -1.08360640e-02 
 2.32630507e+00  3.37455279e+02  2.32630507e+00 -1.17005128e-02 
 2.51188643e+00  3.37455279e+02  2.51188643e+00 -1.26339231e-02 
 2.71227258e+00  3.37455279e+02  2.71227258e+00 -1.36417964e-02 
 2.92864456e+00  3.37455279e+02  2.92864456e+00 -1.47300729e-02 
 3.16227766e+00  3.37455279e+02  3.16227766e+00 -1.59051668e-02 
 3.41454887e+00  3.37455279e+02  3.41454887e+00 -1.71740041e-02 
 3.68694506e+00  3.37455279e+02  3.68694506e+00 -1.85440631e-02 
 3.98107171e+00  3.37455278e+02  3.98107171e+00 -2.00234187e-02 
 4.29866235e+00  3.37455278e+02  4.29866235e+00 -2.16207901e-02 
 4.64158883e+00  3.37455278e+02  4.64158883e+00 -2.33455922e-02 
 5.01187234e+00  3.37455278e+02  5.01187234e+00 -2.52079906e-02 
 5.41169527e+00  3.37455277e+02  5.41169527e+00 -2.72189621e-02 
 5.84341413e+00  3.37455277e+02  5.84341413e+00 -2.93903592e-02 
 6.30957344e+00  3.37455277e+02  6.30957344e+00 -3.17349798e-02 
 6.81292069e+00  3.37455276e+02  6.81292069e+00 -3.42666429e-02 
 7.35642254e+00  3.37455276e+02  7.35642254e+00 -3.70002698e-02 
 7.94328235e+00  3.37455275e+02  7.94328235e+00 -3.99519723e-02 
 8.57695899e+00  3.37455274e+02  8.57695899e+00 -4.31391473e-02 
 9.26118728e+00  3.37455273e+02  9.26118728e+00 -4.65805796e-02 
 1.00000000e+01  3.37455272e+02  1.00000000e+01 -5.02965528e-02 
 1.07977516e+01  3.37455271e+02  1.07977516e+01 -5.43089682e-02 
 1.16591440e+01  3.37455269e+02  1.16591440e+01 -5.86414747e-02 
 1.25892541e+01  3.37455268e+02  1.25892541e+01 -6.33196076e-02 
 1.35935639e+01  3.37455266e+02  1.35935639e+01 -6.83709392e-02 
 1.46779927e+01  3.37455264e+02  1.46779927e+01 -7.38252414e-02 
 1.58489319e+01  3.37455261e+02  1.58489319e+01 -7.97146614e-02 
 1.71132830e+01  3.37455258e+02  1.71132830e+01 -8.60739107e-02 
 1.84784980e+01  3.37455254e+02  1.84784980e+01 -9.29404699e-02 
 1.99526231e+01  3.37455250e+02  1.99526231e+01 -1.00354810e-01 
 2.15443469e+01  3.37455245e+02  2.15443469e+01 -1.08360629e-01 
 2.32630507e+01  3.37455239e+02  2.32630507e+01 -1.17005114e-01 
 2.51188643e+01  3.37455232e+02  2.51188643e+01 -1.26339214e-01 
 2.71227258e+01  3.37455225e+02  2.71227258e+01 -1.36417942e-01 
 2.92864456e+01  3.37455215e+02  2.92864456e+01 -1.47300701e-01 
 3.16227766e+01  3.37455205e+02  3.16227766e+01 -1.59051633e-01 
 3.41454887e+01  3.37455192e+02  3.41454887e+01 -1.71739997e-01 
 3.68694506e+01  3.37455178e+02  3.68694506e+01 -1.85440575e-01 
 3.98107171e+01  3.37455161e+02  3.98107171e+01 -2.00234117e-01 
 4.29866235e+01  3.37455141e+02  4.29866235e+01 -2.16207814e-01 
 4.64158883e+01  3.37455118e+02  4.64158883e+01 -2.33455811e-01 
 5.01187234e+01  3.37455091e+02  5.01187234e+01 -2.52079767e-01 
 5.41169527e+01  3.37455060e+02  5.41169527e+01 -2.72189446e-01 
 5.84341413e+01  3.37455024e+02  5.84341413e+01 -2.93903371e-01 
 6.30957344e+01  3.37454981e+02  6.30957344e+01 -3.17349520e-01 
 6.81292069e+01  3.37454932e+02  6.81292069e+01 -3.42666080e-01 
 7.35642254e+01  3.37454874e+02  7.35642254e+01 -3.70002259e-01 
 7.94328235e+01  3.37454807e+02  7.94328235e+01 -3.99519169e-01 
 8.57695899e+01  3.37454729e+02  8.57695899e+01 -4.31390776e-01 
 9.26118728e+01  3.37454637e+02  9.26118728e+01 -4.65804919e-01 
 1.00000000e+02  3.37454530e+02  1.00000000e+02 -5.02964423e-01 
 1.07977516e+02  3.37454406e+02  1.07977516e+02 -5.43088291e-01 
 1.16591440e+02  3.37454261e+02  1.16591440e+02 -5.86412996e-01 
 1.25892541e+02  3.37454092e+02  1.25892541e+02 -6.33193871e-01 
 1.35935639e+02  3.37453895e+02  1.35935639e+02 -6.83706616e-01 
 1.46779927e+02  3.37453666e+02  1.46779927e+02 -7.38248920e-01 
 1.58489319e+02  3.37453398e+02  1.58489319e+02 -7.97142216e-01 
 1.71132830e+02  3.37453085e+02  1.71132830e+02 -8.60733569e-01 
 1.84784980e+02  3.37452721e+02  1.84784980e+02 -9.29397727e-01 
 1.99526231e+02  3.37452297e+02  1.99526231e+02 -1.00353932e+00 
 2.15443469e+02  3.37451802e+02  2.15443469e+02 -1.08359524e+00 
 2.32630507e+02  3.37451225e+02  2.32630507e+02 -1.17003723e+00 
 2.51188643e+02  3.37450552e+02  2.51188643e+02 -1.26337462e+00 
 2.71227258e+02  3.37449768e+02  2.71227258e+02 -1.36415737e+00 
 2.92864456e+02  3.37448854e+02  2.92864456e+02 -1.47297926e+00 
 3.16227766e+02  3.37447788e+02  3.16227766e+02 -1.59048140e+00 
 3.41454887e+02  3.37446545e+02  3.41454887e+02 -1.71735598e+00 
 3.68694506e+02  3.37445095e+02  3.68694506e+02 -1.85435038e+00 
 3.98107171e+02  3.37443406e+02  3.98107171e+02 -2.00227146e+00 
 4.29866235e+02  3.37441436e+02  4.29866235e+02 -2.16199038e+00 
 4.64158883e+02  3.37439139e+02  4.64158883e+02 -2.33444763e+00 
 5.01187234e+02  3.37436461e+02  5.01187234e+02 -2.52065857e+00 
 5.41169527e+02  3.37433339e+02  5.41169527e+02 -2.72171935e+00 
 5.84341413e+02  3.37429699e+02  5.84341413e+02 -2.93881327e+00 
 6.30957344e+02  3.37425455e+02  6.30957344e+02 -3.17321769e+00 
 6.81292069e+02  3.37420507e+02  6.81292069e+02 -3.42631143e+00 
 7.35642254e+02  3.37414739e+02  7.35642254e+02 -3.69958277e+00 
 7.94328235e+02  3.37408013e+02  7.94328235e+02 -3.99463801e+00 
 8.57695899e+02  3.37400172e+02  8.57695899e+02 -4.31321073e+00 
 9.26118728e+02  3.37391031e+02  9.26118728e+02 -4.65717171e+00 
 1.00000000e+03  3.37380374e+02  1.00000000e+03 -5.02853958e+00 
 1.07977516e+03  3.37367949e+02  1.07977516e+03 -5.42949230e+00 
 1.16591440e+03  3.37353464e+02  1.16591440e+03 -5.86237935e+00 
 1.25892541e+03  3.37336577e+02  1.25892541e+03 -6.32973494e+00 
 1.35935639e+03  3.37316891e+02  1.35935639e+03 -6.83429194e+00 
 1.46779927e+03  3.37293941e+02  1.46779927e+03 -7.37899690e+00 
 1.58489319e+03  3.37267188e+02  1.58489319e+03 -7.96702596e+00 
 1.71132830e+03  3.37236001e+02  1.71132830e+03 -8.60180173e+00 
 1.84784980e+03  3.37199647e+02  1.84784980e+03 -9.28701118e+00 
 1.99526231e+03  3.37157271e+02  1.99526231e+03 -1.00266245e+01 
 2.15443469e+03  3.37107878e+02  2.15443469e+03 -1.08249150e+01 
 2.32630507e+03  3.37050308e+02  2.32630507e+03 -1.16864794e+01 
 2.51188643e+03  3.36983212e+02  2.51188643e+03 -1.26162596e+01 
 2.71227258e+03  3.36905016e+02  2.71227258e+03 -1.36195644e+01 
 2.92864456e+03  3.36813893e+02  2.92864456e+03 -1.47020921e+01 
 3.16227766e+03  3.36707713e+02  3.16227766e+03 -1.58699522e+01 
 3.41454887e+03  3.36584002e+02  3.41454887e+03 -1.71296878e+01 
 3.68694506e+03  3.36439879e+02  3.68694506e+03 -1.84882960e+01 
 3.98107171e+03  3.36271999e+02  3.98107171e+03 -1.99532471e+01 
 4.29866235e+03  3.36076478e+02  4.29866235e+03 -2.15325007e+01 
 4.64158883e+03  3.35848803e+02  4.64158883e+03 -2.32345177e+01 
 5.01187234e+03  3.35583743e+02  5.01187234e+03 -2.50682663e+01 
 5.41169527e+03  3.35275233e+02  5.41169527e+03 -2.70432213e+01 
 5.84341413e+03  3.34916252e+02  5.84341413e+03 -2.91693514e+01 
 6.30957344e+03  3.34498679e+02  6.30957344e+03 -3.14570942e+01 
 6.81292069e+03  3.34013137e+02  6.81292069e+03 -3.39173132e+01 
 7.35642254e+03  3.33448813e+02  7.35642254e+03 -3.65612324e+01 
 7.94328235e+03  3.32793261e+02  7.94328235e+03 -3.94003429e+01 
 8.57695899e+03  3.32032188e+02  8.57695899e+03 -4.24462742e+01 
 9.26118728e+03  3.31149223e+02  9.26118728e+03 -4.57106224e+01 
 1.00000000e+04  3.30125670e+02  1.00000000e+04 -4.92047247e+01 
 1.07977516e+04  3.28940250e+02  1.07977516e+04 -5.29393710e+01 
 1.16591440e+04  3.27568850e+02  1.16591440e+04 -5.69244383e+01 
 1.25892541e+04  3.25984275e+02  1.25892541e+04 -6.11684372e+01 
 1.35935639e+04  3.24156034e+02  1.35935639e+04 -6.56779555e+01 
 1.46779927e+04  3.22050170e+02  1.46779927e+04 -7.04569875e+01 
 1.58489319e+04  3.19629180e+02  1.58489319e+04 -7.55061386e+01 
 1.71132830e+04  3.16852046e+02  1.71132830e+04 -8.08217008e+01 
 1.84784980e+04  3.13674432e+02  1.84784980e+04 -8.63946002e+01 
 1.99526231e+04  3.10049102e+02  1.99526231e+04 -9.22092332e+01 
 2.15443469e+04  3.05926616e+02  2.15443469e+04 -9.82422199e+01 
 2.32630507e+04  3.01256372e+02  2.32630507e+04 -1.04461131e+02 
 2.51188643e+04  2.95988051e+02  2.51188643e+04 -1.10823265e+02 
 2.71227258e+04  2.90073504e+02  2.71227258e+04 -1.17274590e+02 
 2.92864456e+04  2.83469121e+02  2.92864456e+04 -1.23748993e+02 
 3.16227766e+04  2.76138637e+02  3.16227766e+04 -1.30168011e+02 
 3.41454887e+04  2.68056308e+02  3.41454887e+04 -1.36441221e+02 
 3.68694506e+04  2.59210285e+02  3.68694506e+04 -1.42467494e+02 
 3.98107171e+04  2.49605962e+02  3.98107171e+04 -1.48137247e+02 
 4.29866235e+04  2.39268962e+02  4.29866235e+04 -1.53335779e+02 
 4.64158883e+04  2.28247392e+02  4.64158883e+04 -1.57947657e+02 
 5.01187234e+04  2.16612970e+02  5.01187234e+04 -1.61861980e+02 
 5.41169527e+04  2.04460678e+02  5.41169527e+04 -1.64978173e+02 
 5.84341413e+04  1.91906729e+02  5.84341413e+04 -1.67211832e+02 
 6.30957344e+04  1.79084782e+02  6.30957344e+04 -1.68500052e+02 
 6.81292069e+04  1.66140620e+02  6.81292069e+04 -1.68805628e+02 
 7.35642254e+04  1.53225679e+02  7.35642254e+04 -1.68119633e+02 
 7.94328235e+04  1.40490038e+02  7.94328235e+04 -1.66462050e+02 
 8.57695899e+04  1.28075533e+02  8.57695899e+04 -1.63880367e+02 
 9.26118728e+04  1.16109669e+02  9.26118728e+04 -1.60446327e+02 
 1.00000000e+05  1.04700850e+02  1.00000000e+05 -1.56251220e+02 
 1.07977516e+05  9.39352622e+01  1.07977516e+05 -1.51400292e+02 
 1.16591440e+05  8.38754989e+01  1.16591440e+05 -1.46006853e+02 
 1.25892541e+05  7.45608205e+01  1.25892541e+05 -1.40186633e+02 
 1.35935639e+05  6.60087583e+01  1.35935639e+05 -1.34052831e+02 
 1.46779927e+05  5.82176970e+01  1.46779927e+05 -1.27712115e+02 
 1.58489319e+05  5.11700421e+01  1.58489319e+05 -1.21261705e+02 
 1.71132830e+05  4.48356112e+01  1.71132830e+05 -1.14787525e+02 
 1.84784980e+05  3.91749576e+01  1.84784980e+05 -1.08363297e+02 
 1.99526231e+05  3.41424177e+01  1.99526231e+05 -1.02050425e+02 
 2.15443469e+05  2.96887549e+01  2.15443469e+05 -9.58984779e+01 
 2.32630507e+05  2.57633415e+01  2.32630507e+05 -8.99460695e+01 
 2.51188643e+05  2.23158750e+01  2.51188643e+05 -8.42220009e+01 
 2.71227258e+05  1.92976603e+01  2.71227258e+05 -7.87465116e+01 
 2.92864456e+05  1.66625105e+01  2.92864456e+05 -7.35325507e+01 
 3.16227766e+05  1.43673289e+01  3.16227766e+05 -6.85869969e+01 
 3.41454887e+05  1.23724348e+01  3.41454887e+05 -6.39117819e+01 
 3.68694506e+05  1.06416923e+01  3.68694506e+05 -5.95048948e+01 
 3.98107171e+05  9.14249256e+00  3.98107171e+05 -5.53612568e+01 
 4.29866235e+05  7.84563416e+00  4.29866235e+05 -5.14734675e+01 
 4.64158883e+05  6.72513440e+00  4.64158883e+05 -4.78324307e+01 
 5.01187234e+05  5.75799972e+00  5.01187234e+05 -4.44278691e+01 
 5.41169527e+05  4.92397515e+00  5.41169527e+05 -4.12487434e+01 
 5.84341413e+05  4.20528754e+00  5.84341413e+05 -3.82835856e+01 
 6.30957344e+05  3.58639317e+00  6.30957344e+05 -3.55207626e+01 
 6.81292069e+05  3.05373633e+00  6.81292069e+05 -3.29486797e+01 
 7.35642254e+05  2.59552357e+00  7.35642254e+05 -3.05559346e+01 
 7.94328235e+05  2.20151562e+00  7.94328235e+05 -2.83314316e+01 
 8.57695899e+05  1.86283815e+00  8.57695899e+05 -2.62644636e+01 
 9.26118728e+05  1.57181138e+00  9.26118728e+05 -2.43447683e+01 
 1.00000000e+06  1.32179781e+00  1.00000000e+06 -2.25625636e+01 
 1.07977516e+06  1.10706703e+00  1.07977516e+06 -2.09085678e+01 
 1.16591440e+06  9.22676418e-01  1.16591440e+06 -1.93740065e+01 
 1.25892541e+06  7.64366297e-01  1.25892541e+06 -1.79506114e+01 
 1.35935639e+06  6.28468087e-01  1.35935639e+06 -1.66306114e+01 
 1.46779927e+06  5.11824164e-01  1.46779927e+06 -1.54067186e+01 
 1.58489319e+06  4.11718084e-01  1.58489319e+06 -1.42721111e+01 
 1.71132830e+06  3.25813978e-01  1.71132830e+06 -1.32204133e+01 
 1.84784980e+06  2.52103994e-01  1.84784980e+06 -1.22456745e+01 
 1.99526231e+06  1.88862819e-01  1.99526231e+06 -1.13423469e+01 
 2.15443469e+06  1.34608352e-01  2.15443469e+06 -1.05052629e+01 
 2.32630507e+06  8.80677588e-02  2.32630507e+06 -9.72961377e+00 
 2.51188643e+06  4.81481820e-02  2.51188643e+06 -9.01092683e+00 
 2.71227258e+06  1.39115090e-02  2.71227258e+06 -8.34504508e+00 
 2.92864456e+06 -1.54473628e-02  2.92864456e+06 -7.72810655e+00 
 3.16227766e+06 -4.06192285e-02  3.16227766e+06 -7.15652491e+00 
 3.41454887e+06 -6.21966600e-02  3.41454887e+06 -6.62697099e+00 
 3.68694506e+06 -8.06878317e-02  3.68694506e+06 -6.13635523e+00 
 3.98107171e+06 -9.65283980e-02  3.98107171e+06 -5.68181119e+00 
 4.29866235e+06 -1.10091691e-01  4.29866235e+06 -5.26067993e+00 
 4.64158883e+06 -1.21697471e-01  4.64158883e+06 -4.87049549e+00 
 5.01187234e+06 -1.31619433e-01  5.01187234e+06 -4.50897112e+00 
 5.41169527e+06 -1.40091636e-01  5.41169527e+06 -4.17398657e+00 
 5.84341413e+06 -1.47314011e-01  5.84341413e+06 -3.86357609e+00 
 6.30957344e+06 -1.53457071e-01  6.30957344e+06 -3.57591734e+00 
 6.81292069e+06 -1.58665939e-01  6.81292069e+06 -3.30932102e+00 
 7.35642254e+06 -1.63063774e-01  7.35642254e+06 -3.06222123e+00 
 7.94328235e+06 -1.66754704e-01  7.94328235e+06 -2.83316652e+00 
 8.57695899e+06 -1.69826302e-01  8.57695899e+06 -2.62081158e+00 
 9.26118728e+06 -1.72351700e-01  9.26118728e+06 -2.42390960e+00 
 1.00000000e+07 -1.74391364e-01  1.00000000e+07 -2.24130510e+00 
 1.07977516e+07 -1.75994595e-01  1.07977516e+07 -2.07192739e+00 
 1.16591440e+07 -1.77200799e-01  1.16591440e+07 -1.91478451e+00 
 1.25892541e+07 -1.78040541e-01  1.25892541e+07 -1.76895769e+00 
 1.35935639e+07 -1.78536449e-01  1.35935639e+07 -1.63359626e+00 
 1.46779927e+07 -1.78703975e-01  1.46779927e+07 -1.50791296e+00 
 1.58489319e+07 -1.78552059e-01  1.58489319e+07 -1.39117976e+00 
 1.71132830e+07 -1.78083734e-01  1.71132830e+07 -1.28272402e+00 
 1.84784980e+07 -1.77296693e-01  1.84784980e+07 -1.18192506e+00 
 1.99526231e+07 -1.76183869e-01  1.99526231e+07 -1.08821108e+00 
 2.15443469e+07 -1.74734070e-01  2.15443469e+07 -1.00105642e+00 
 2.32630507e+07 -1.72932700e-01  2.32630507e+07 -9.19979119e-01 
 2.51188643e+07 -1.70762622e-01  2.51188643e+07 -8.44538681e-01 
 2.71227258e+07 -1.68205202e-01  2.71227258e+07 -7.74334113e-01 
 2.92864456e+07 -1.65241558e-01  2.92864456e+07 -7.09002003e-01 
 3.16227766e+07 -1.61854042e-01  3.16227766e+07 -6.48214653e-01 
 3.41454887e+07 -1.58027950e-01  3.41454887e+07 -5.91678121e-01 
 3.68694506e+07 -1.53753406e-01  3.68694506e+07 -5.39130054e-01 
 3.98107171e+07 -1.49027366e-01  3.98107171e+07 -4.90337203e-01 
 4.29866235e+07 -1.43855589e-01  4.29866235e+07 -4.45092528e-01 
 4.64158883e+07 -1.38254419e-01  4.64158883e+07 -4.03211820e-01 
 5.01187234e+07 -1.32252162e-01  5.01187234e+07 -3.64529848e-01 
 5.41169527e+07 -1.25889854e-01  5.41169527e+07 -3.28896121e-01 
 5.84341413e+07 -1.19221210e-01  5.84341413e+07 -2.96170423e-01 
 6.30957344e+07 -1.12311629e-01  6.30957344e+07 -2.66218387e-01 
 6.81292069e+07 -1.05236222e-01  6.81292069e+07 -2.38907411e-01 
 7.35642254e+07 -9.80769584e-02  7.35642254e+07 -2.14103252e-01 
 7.94328235e+07 -9.09191417e-02  7.94328235e+07 -1.91667564e-01 
 8.57695899e+07 -8.38475418e-02  8.57695899e+07 -1.71456591e-01 
 9.26118728e+07 -7.69425615e-02  9.26118728e+07 -1.53321045e-01 
 1.00000000e+08 -7.02768064e-02  1.00000000e+08 -1.37107098e-01 
 1.07977516e+08 -6.39123645e-02  1.07977516e+08 -1.22658257e-01 
 1.16591440e+08 -5.78989902e-02  1.16591440e+08 -1.09817813e-01 
 1.25892541e+08 -5.22732591e-02  1.25892541e+08 -9.84315468e-02 
 1.35935639e+08 -4.70586397e-02  1.35935639e+08 -8.83503513e-02 
 1.46779927e+08 -4.22663316e-02  1.46779927e+08 -7.94325399e-02 
 1.58489319e+08 -3.78966690e-02  1.58489319e+08 -7.15456655e-02 
 1.71132830e+08 -3.39408684e-02  1.71132830e+08 -6.45677753e-02 
 1.84784980e+08 -3.03829186e-02  1.84784980e+08 -5.83881026e-02 
 1.99526231e+08 -2.72014461e-02  1.99526231e+08 -5.29072480e-02 
 2.15443469e+08 -2.43714350e-02  2.15443469e+08 -4.80369429e-02 
 2.32630507e+08 -2.18657269e-02  2.32630507e+08 -4.36994956e-02 
 2.51188643e+08 -1.96562639e-02  2.51188643e+08 -3.98270235e-02 
 2.71227258e+08 -1.77150720e-02  2.71227258e+08 -3.63605599e-02 
 2.92864456e+08 -1.60149997e-02  2.92864456e+08 -3.32491099e-02 
 3.16227766e+08 -1.45302405e-02  3.16227766e+08 -3.04487094e-02 
 3.41454887e+08 -1.32366746e-02  3.41454887e+08 -2.79215279e-02 
 3.68694506e+08 -1.21120637e-02  3.68694506e+08 -2.56350381e-02 
 3.98107171e+08 -1.11361337e-02  3.98107171e+08 -2.35612659e-02 
 4.29866235e+08 -1.02905727e-02  4.29866235e+08 -2.16761254e-02 
 4.64158883e+08 -9.55896964e-03  4.64158883e+08 -1.99588396e-02 
 5.01187234e+08 -8.92671336e-03  5.01187234e+08 -1.83914385e-02 
 5.41169527e+08 -8.38086716e-03  5.41169527e+08 -1.69583321e-02 
 5.84341413e+08 -7.91003059e-03  5.84341413e+08 -1.56459463e-02 
 6.30957344e+08 -7.50419709e-03  6.30957344e+08 -1.44424171e-02 
 6.81292069e+08 -7.15461342e-03  6.81292069e+08 -1.33373321e-02 
 7.35642254e+08 -6.85364495e-03  7.35642254e+08 -1.23215150e-02 
 7.94328235e+08 -6.59464913e-03  7.94328235e+08 -1.13868447e-02 
 8.57695899e+08 -6.37185884e-03  8.57695899e+08 -1.05261043e-02 
 9.26118728e+08 -6.18027598e-03  9.26118728e+08 -9.73285431e-03 
 1.00000000e+09 -6.01557555e-03  1.00000000e+09 -9.00132711e-03 
 1.07977516e+09 -5.87401974e-03  1.07977516e+09 -8.32633823e-03 
 1.16591440e+09 -5.75238172e-03  1.16591440e+09 -7.70321169e-03 
 1.25892541e+09 -5.64787821e-03  1.25892541e+09 -7.12771721e-03 
 1.35935639e+09 -5.55811027e-03  1.35935639e+09 -6.59601703e-03 
 1.46779927e+09 -5.48101147e-03  1.46779927e+09 -6.10462074e-03 
 1.58489319e+09 -5.41480263e-03  1.58489319e+09 -5.65034677e-03 
 1.71132830e+09 -5.35795253e-03  1.71132830e+09 -5.23028930e-03 
 1.84784980e+09 -5.30914377e-03  1.84784980e+09 -4.84178969e-03 
 1.99526231e+09 -5.26724325e-03  1.99526231e+09 -4.48241175e-03 
 2.15443469e+09 -5.23127663e-03  2.15443469e+09 -4.14992010e-03 
 2.32630507e+09 -5.20040625e-03  2.32630507e+09 -3.84226120e-03 
 2.51188643e+09 -5.17391214e-03  2.51188643e+09 -3.55754658e-03 
 2.71227258e+09 -5.15117554e-03  2.71227258e+09 -3.29403804e-03 
 2.92864456e+09 -5.13166485e-03  2.92864456e+09 -3.05013437e-03 
 3.16227766e+09 -5.11492336e-03  3.16227766e+09 -2.82435959e-03 
 3.41454887e+09 -5.10055880e-03  3.41454887e+09 -2.61535226e-03 
 3.68694506e+09 -5.08823429e-03  3.68694506e+09 -2.42185597e-03 
 3.98107171e+09 -5.07766055e-03  3.98107171e+09 -2.24271067e-03 
 4.29866235e+09 -5.06858920e-03  4.29866235e+09 -2.07684487e-03 
 4.64158883e+09 -5.06080704e-03  4.64158883e+09 -1.92326851e-03 
 5.01187234e+09 -5.05413105e-03  5.01187234e+09 -1.78106647e-03 
 5.41169527e+09 -5.04840414e-03  5.41169527e+09 -1.64939271e-03 
 5.84341413e+09 -5.04349149e-03  5.84341413e+09 -1.52746486e-03 
 6.30957344e+09 -5.03927741e-03  6.30957344e+09 -1.41455926e-03 
 6.81292069e+09 -5.03566263e-03  6.81292069e+09 -1.31000645e-03 
 7.35642254e+09 -5.03256196e-03  7.35642254e+09 -1.21318703e-03 
 7.94328235e+09 -5.02990232e-03  7.94328235e+09 -1.12352784e-03 
 8.57695899e+09 -5.02762100e-03  8.57695899e+09 -1.04049840e-03 
 9.26118728e+09 -5.02566421e-03  9.26118728e+09 -9.63607748e-04 
 1.00000000e+10 -5.02398580e-03  1.00000000e+10 -8.92401432e-04 
