 1.00000000e+00  2.70315978e+02  1.00000000e+00 -3.24658995e-03 
 1.07977516e+00  2.70315978e+02  1.07977516e+00 -3.50558719e-03 
 1.16591440e+00  2.70315978e+02  1.16591440e+00 -3.78524597e-03 
 1.25892541e+00  2.70315978e+02  1.25892541e+00 -4.08721459e-03 
 1.35935639e+00  2.70315978e+02  1.35935639e+00 -4.41327279e-03 
 1.46779927e+00  2.70315978e+02  1.46779927e+00 -4.76534235e-03 
 1.58489319e+00  2.70315978e+02  1.58489319e+00 -5.14549831e-03 
 1.71132830e+00  2.70315978e+02  1.71132830e+00 -5.55598127e-03 
 1.84784980e+00  2.70315978e+02  1.84784980e+00 -5.99921058e-03 
 1.99526231e+00  2.70315978e+02  1.99526231e+00 -6.47779857e-03 
 2.15443469e+00  2.70315978e+02  2.15443469e+00 -6.99456600e-03 
 2.32630507e+00  2.70315978e+02  2.32630507e+00 -7.55255864e-03 
 2.51188643e+00  2.70315978e+02  2.51188643e+00 -8.15506523e-03 
 2.71227258e+00  2.70315978e+02  2.71227258e+00 -8.80563688e-03 
 2.92864456e+00  2.70315978e+02  2.92864456e+00 -9.50810799e-03 
 3.16227766e+00  2.70315978e+02  3.16227766e+00 -1.02666189e-02 
 3.41454887e+00  2.70315978e+02  3.41454887e+00 -1.10856400e-02 
 3.68694506e+00  2.70315978e+02  3.68694506e+00 -1.19699988e-02 
 3.98107171e+00  2.70315977e+02  3.98107171e+00 -1.29249074e-02 
 4.29866235e+00  2.70315977e+02  4.29866235e+00 -1.39559939e-02 
 4.64158883e+00  2.70315977e+02  4.64158883e+00 -1.50693356e-02 
 5.01187234e+00  2.70315977e+02  5.01187234e+00 -1.62714943e-02 
 5.41169527e+00  2.70315977e+02  5.41169527e+00 -1.75695554e-02 
 5.84341413e+00  2.70315977e+02  5.84341413e+00 -1.89711695e-02 
 6.30957344e+00  2.70315976e+02  6.30957344e+00 -2.04845976e-02 
 6.81292069e+00  2.70315976e+02  6.81292069e+00 -2.21187597e-02 
 7.35642254e+00  2.70315976e+02  7.35642254e+00 -2.38832873e-02 
 7.94328235e+00  2.70315976e+02  7.94328235e+00 -2.57885804e-02 
 8.57695899e+00  2.70315975e+02  8.57695899e+00 -2.78458685e-02 
 9.26118728e+00  2.70315975e+02  9.26118728e+00 -3.00672772e-02 
 1.00000000e+01  2.70315974e+02  1.00000000e+01 -3.24658990e-02 
 1.07977516e+01  2.70315973e+02  1.07977516e+01 -3.50558713e-02 
 1.16591440e+01  2.70315973e+02  1.16591440e+01 -3.78524590e-02 
 1.25892541e+01  2.70315972e+02  1.25892541e+01 -4.08721449e-02 
 1.35935639e+01  2.70315971e+02  1.35935639e+01 -4.41327268e-02 
 1.46779927e+01  2.70315970e+02  1.46779927e+01 -4.76534220e-02 
 1.58489319e+01  2.70315968e+02  1.58489319e+01 -5.14549812e-02 
 1.71132830e+01  2.70315967e+02  1.71132830e+01 -5.55598104e-02 
 1.84784980e+01  2.70315965e+02  1.84784980e+01 -5.99921028e-02 
 1.99526231e+01  2.70315963e+02  1.99526231e+01 -6.47779820e-02 
 2.15443469e+01  2.70315960e+02  2.15443469e+01 -6.99456554e-02 
 2.32630507e+01  2.70315957e+02  2.32630507e+01 -7.55255806e-02 
 2.51188643e+01  2.70315953e+02  2.51188643e+01 -8.15506450e-02 
 2.71227258e+01  2.70315949e+02  2.71227258e+01 -8.80563596e-02 
 2.92864456e+01  2.70315945e+02  2.92864456e+01 -9.50810683e-02 
 3.16227766e+01  2.70315939e+02  3.16227766e+01 -1.02666174e-01 
 3.41454887e+01  2.70315933e+02  3.41454887e+01 -1.10856382e-01 
 3.68694506e+01  2.70315925e+02  3.68694506e+01 -1.19699964e-01 
 3.98107171e+01  2.70315916e+02  3.98107171e+01 -1.29249044e-01 
 4.29866235e+01  2.70315906e+02  4.29866235e+01 -1.39559903e-01 
 4.64158883e+01  2.70315894e+02  4.64158883e+01 -1.50693310e-01 
 5.01187234e+01  2.70315880e+02  5.01187234e+01 -1.62714885e-01 
 5.41169527e+01  2.70315864e+02  5.41169527e+01 -1.75695480e-01 
 5.84341413e+01  2.70315845e+02  5.84341413e+01 -1.89711603e-01 
 6.30957344e+01  2.70315823e+02  6.30957344e+01 -2.04845860e-01 
 6.81292069e+01  2.70315797e+02  6.81292069e+01 -2.21187450e-01 
 7.35642254e+01  2.70315767e+02  7.35642254e+01 -2.38832689e-01 
 7.94328235e+01  2.70315732e+02  7.94328235e+01 -2.57885572e-01 
 8.57695899e+01  2.70315691e+02  8.57695899e+01 -2.78458393e-01 
 9.26118728e+01  2.70315644e+02  9.26118728e+01 -3.00672404e-01 
 1.00000000e+02  2.70315588e+02  1.00000000e+02 -3.24658527e-01 
 1.07977516e+02  2.70315524e+02  1.07977516e+02 -3.50558130e-01 
 1.16591440e+02  2.70315448e+02  1.16591440e+02 -3.78523856e-01 
 1.25892541e+02  2.70315360e+02  1.25892541e+02 -4.08720526e-01 
 1.35935639e+02  2.70315258e+02  1.35935639e+02 -4.41326105e-01 
 1.46779927e+02  2.70315139e+02  1.46779927e+02 -4.76532756e-01 
 1.58489319e+02  2.70314999e+02  1.58489319e+02 -5.14547969e-01 
 1.71132830e+02  2.70314837e+02  1.71132830e+02 -5.55595783e-01 
 1.84784980e+02  2.70314648e+02  1.84784980e+02 -5.99918107e-01 
 1.99526231e+02  2.70314427e+02  1.99526231e+02 -6.47776143e-01 
 2.15443469e+02  2.70314169e+02  2.15443469e+02 -6.99451924e-01 
 2.32630507e+02  2.70313869e+02  2.32630507e+02 -7.55249978e-01 
 2.51188643e+02  2.70313520e+02  2.51188643e+02 -8.15499112e-01 
 2.71227258e+02  2.70313112e+02  2.71227258e+02 -8.80554359e-01 
 2.92864456e+02  2.70312636e+02  2.92864456e+02 -9.50799054e-01 
 3.16227766e+02  2.70312082e+02  3.16227766e+02 -1.02664710e+00 
 3.41454887e+02  2.70311435e+02  3.41454887e+02 -1.10854539e+00 
 3.68694506e+02  2.70310681e+02  3.68694506e+02 -1.19697644e+00 
 3.98107171e+02  2.70309803e+02  3.98107171e+02 -1.29246123e+00 
 4.29866235e+02  2.70308778e+02  4.29866235e+02 -1.39556225e+00 
 4.64158883e+02  2.70307584e+02  4.64158883e+02 -1.50688680e+00 
 5.01187234e+02  2.70306191e+02  5.01187234e+02 -1.62709056e+00 
 5.41169527e+02  2.70304567e+02  5.41169527e+02 -1.75688143e+00 
 5.84341413e+02  2.70302674e+02  5.84341413e+02 -1.89702366e+00 
 6.30957344e+02  2.70300467e+02  6.30957344e+02 -2.04834231e+00 
 6.81292069e+02  2.70297893e+02  6.81292069e+02 -2.21172811e+00 
 7.35642254e+02  2.70294893e+02  7.35642254e+02 -2.38814259e+00 
 7.94328235e+02  2.70291395e+02  7.94328235e+02 -2.57862371e+00 
 8.57695899e+02  2.70287317e+02  8.57695899e+02 -2.78429185e+00 
 9.26118728e+02  2.70282562e+02  9.26118728e+02 -3.00635634e+00 
 1.00000000e+03  2.70277019e+02  1.00000000e+03 -3.24612237e+00 
 1.07977516e+03  2.70270556e+02  1.07977516e+03 -3.50499856e+00 
 1.16591440e+03  2.70263022e+02  1.16591440e+03 -3.78450496e+00 
 1.25892541e+03  2.70254237e+02  1.25892541e+03 -4.08628173e+00 
 1.35935639e+03  2.70243996e+02  1.35935639e+03 -4.41209845e+00 
 1.46779927e+03  2.70232057e+02  1.46779927e+03 -4.76386400e+00 
 1.58489319e+03  2.70218139e+02  1.58489319e+03 -5.14363727e+00 
 1.71132830e+03  2.70201913e+02  1.71132830e+03 -5.55363850e+00 
 1.84784980e+03  2.70182997e+02  1.84784980e+03 -5.99626142e+00 
 1.99526231e+03  2.70160946e+02  1.99526231e+03 -6.47408610e+00 
 2.15443469e+03  2.70135241e+02  2.15443469e+03 -6.98989273e+00 
 2.32630507e+03  2.70105278e+02  2.32630507e+03 -7.54667599e+00 
 2.51188643e+03  2.70070351e+02  2.51188643e+03 -8.14766036e+00 
 2.71227258e+03  2.70029642e+02  2.71227258e+03 -8.79631611e+00 
 2.92864456e+03  2.69982193e+02  2.92864456e+03 -9.49637590e+00 
 3.16227766e+03  2.69926893e+02  3.16227766e+03 -1.02518520e+01 
 3.41454887e+03  2.69862446e+02  3.41454887e+03 -1.10670542e+01 
 3.68694506e+03  2.69787346e+02  3.68694506e+03 -1.19466070e+01 
 3.98107171e+03  2.69699838e+02  3.98107171e+03 -1.28954685e+01 
 4.29866235e+03  2.69597882e+02  4.29866235e+03 -1.39189466e+01 
 4.64158883e+03  2.69479109e+02  4.64158883e+03 -1.50227163e+01 
 5.01187234e+03  2.69340760e+02  5.01187234e+03 -1.62128341e+01 
 5.41169527e+03  2.69179637e+02  5.41169527e+03 -1.74957507e+01 
 5.84341413e+03  2.68992025e+02  5.84341413e+03 -1.88783197e+01 
 6.30957344e+03  2.68773615e+02  6.30957344e+03 -2.03678015e+01 
 6.81292069e+03  2.68519414e+02  6.81292069e+03 -2.19718610e+01 
 7.35642254e+03  2.68223643e+02  7.35642254e+03 -2.36985564e+01 
 7.94328235e+03  2.67879621e+02  7.94328235e+03 -2.55563160e+01 
 8.57695899e+03  2.67479633e+02  8.57695899e+03 -2.75539013e+01 
 9.26118728e+03  2.67014786e+02  9.26118728e+03 -2.97003505e+01 
 1.00000000e+04  2.66474848e+02  1.00000000e+04 -3.20048991e+01 
 1.07977516e+04  2.65848075e+02  1.07977516e+04 -3.44768709e+01 
 1.16591440e+04  2.65121021e+02  1.16591440e+04 -3.71255327e+01 
 1.25892541e+04  2.64278340e+02  1.25892541e+04 -3.99599055e+01 
 1.35935639e+04  2.63302581e+02  1.35935639e+04 -4.29885225e+01 
 1.46779927e+04  2.62173980e+02  1.46779927e+04 -4.62191239e+01 
 1.58489319e+04  2.60870275e+02  1.58489319e+04 -4.96582792e+01 
 1.71132830e+04  2.59366532e+02  1.71132830e+04 -5.33109252e+01 
 1.84784980e+04  2.57635022e+02  1.84784980e+04 -5.71798107e+01 
 1.99526231e+04  2.55645174e+02  1.99526231e+04 -6.12648402e+01 
 2.15443469e+04  2.53363616e+02  2.15443469e+04 -6.55623138e+01 
 2.32630507e+04  2.50754367e+02  2.32630507e+04 -7.00640665e+01 
 2.51188643e+04  2.47779206e+02  2.51188643e+04 -7.47565211e+01 
 2.71227258e+04  2.44398281e+02  2.71227258e+04 -7.96196814e+01 
 2.92864456e+04  2.40570996e+02  2.92864456e+04 -8.46261146e+01 
 3.16227766e+04  2.36257232e+02  3.16227766e+04 -8.97399883e+01 
 3.41454887e+04  2.31418934e+02  3.41454887e+04 -9.49162593e+01 
 3.68694506e+04  2.26022072e+02  3.68694506e+04 -1.00100132e+02 
 3.98107171e+04  2.20038953e+02  3.98107171e+04 -1.05226928e+02 
 4.29866235e+04  2.13450806e+02  4.29866235e+04 -1.10222520e+02 
 4.64158883e+04  2.06250496e+02  4.64158883e+04 -1.15004471e+02 
 5.01187234e+04  1.98445178e+02  5.01187234e+04 -1.19484001e+02 
 5.41169527e+04  1.90058599e+02  5.41169527e+04 -1.23568818e+02 
 5.84341413e+04  1.81132765e+02  5.84341413e+04 -1.27166780e+02 
 6.30957344e+04  1.71728642e+02  6.30957344e+04 -1.30190210e+02 
 6.81292069e+04  1.61925640e+02  6.81292069e+04 -1.32560581e+02 
 7.35642254e+04  1.51819718e+02  7.35642254e+04 -1.34213159e+02 
 7.94328235e+04  1.41520112e+02  7.94328235e+04 -1.35101135e+02 
 8.57695899e+04  1.31144866e+02  8.57695899e+04 -1.35198783e+02 
 9.26118728e+04  1.20815532e+02  9.26118728e+04 -1.34503249e+02 
 1.00000000e+05  1.10651530e+02  1.00000000e+05 -1.33034752e+02 
 1.07977516e+05  1.00764709e+02  1.07977516e+05 -1.30835170e+02 
 1.16591440e+05  9.12546420e+01  1.16591440e+05 -1.27965189e+02 
 1.25892541e+05  8.22050304e+01  1.25892541e+05 -1.24500370e+02 
 1.35935639e+05  7.36814670e+01  1.35935639e+05 -1.20526582e+02 
 1.46779927e+05  6.57305894e+01  1.46779927e+05 -1.16135292e+02 
 1.58489319e+05  5.83805052e+01  1.58489319e+05 -1.11419122e+02 
 1.71132830e+05  5.16422471e+01  1.71132830e+05 -1.06468011e+02 
 1.84784980e+05  4.55119516e+01  1.84784980e+05 -1.01366166e+02 
 1.99526231e+05  3.99734504e+01  1.99526231e+05 -9.61898908e+01 
 2.15443469e+05  3.50009929e+01  2.15443469e+05 -9.10062472e+01 
 2.32630507e+05  3.05618787e+01  2.32630507e+05 -8.58724636e+01 
 2.51188643e+05  2.66188451e+01  2.51188643e+05 -8.08359401e+01 
 2.71227258e+05  2.31321187e+01  2.71227258e+05 -7.59347025e+01 
 2.92864456e+05  2.00610938e+01  2.92864456e+05 -7.11981602e+01 
 3.16227766e+05  1.73656406e+01  3.16227766e+05 -6.66480408e+01 
 3.41454887e+05  1.50070720e+01  3.41454887e+05 -6.22994022e+01 
 3.68694506e+05  1.29488147e+01  3.68694506e+05 -5.81616468e+01 
 3.98107171e+05  1.11568331e+01  3.98107171e+05 -5.42394869e+01 
 4.29866235e+05  9.59985849e+00  4.29866235e+05 -5.05338278e+01 
 4.64158883e+05  8.24946677e+00  4.64158883e+05 -4.70425534e+01 
 5.01187234e+05  7.08004748e+00  5.01187234e+05 -4.37612084e+01 
 5.41169527e+05  6.06869529e+00  5.41169527e+05 -4.06835773e+01 
 5.84341413e+05  5.19505159e+00  5.84341413e+05 -3.78021684e+01 
 6.30957344e+05  4.44111625e+00  6.30957344e+05 -3.51086116e+01 
 6.81292069e+05  3.79104519e+00  6.81292069e+05 -3.25939803e+01 
 7.35642254e+05  3.23094486e+00  7.35642254e+05 -3.02490477e+01 
 7.94328235e+05  2.74867118e+00  7.94328235e+05 -2.80644882e+01 
 8.57695899e+05  2.33363840e+00  8.57695899e+05 -2.60310323e+01 
 9.26118728e+05  1.97664062e+00  9.26118728e+05 -2.41395840e+01 
 1.00000000e+06  1.66968792e+00  1.00000000e+06 -2.23813066e+01 
 1.07977516e+06  1.40585753e+00  1.07977516e+06 -2.07476848e+01 
 1.16591440e+06  1.17916009e+00  1.16591440e+06 -1.92305657e+01 
 1.25892541e+06  9.84420217e-01  1.25892541e+06 -1.78221850e+01 
 1.35935639e+06  8.17170674e-01  1.35935639e+06 -1.65151809e+01 
 1.46779927e+06  6.73559011e-01  1.46779927e+06 -1.53025985e+01 
 1.58489319e+06  5.50265565e-01  1.58489319e+06 -1.41778871e+01 
 1.71132830e+06  4.44431714e-01  1.71132830e+06 -1.31348928e+01 
 1.84784980e+06  3.53597282e-01  1.84784980e+06 -1.21678460e+01 
 1.99526231e+06  2.75646073e-01  1.99526231e+06 -1.12713481e+01 
 2.15443469e+06  2.08758579e-01  2.15443469e+06 -1.04403543e+01 
 2.32630507e+06  1.51370984e-01  2.32630507e+06 -9.67015743e+00 
 2.51188643e+06  1.02139704e-01  2.51188643e+06 -8.95636932e+00 
 2.71227258e+06  5.99107284e-02  2.71227258e+06 -8.29490344e+00 
 2.92864456e+06  2.36931656e-02  2.92864456e+06 -7.68195698e+00 
 3.16227766e+06 -7.36357216e-03  3.16227766e+06 -7.11399349e+00 
 3.41454887e+06 -3.39894243e-02  3.41454887e+06 -6.58772607e+00 
 3.68694506e+06 -5.68106012e-02  3.68694506e+06 -6.10010121e+00 
 3.98107171e+06 -7.63641393e-02  3.98107171e+06 -5.64828336e+00 
 4.29866235e+06 -9.31104119e-02  4.29866235e+06 -5.22964023e+00 
 4.64158883e+06 -1.07443876e-01  4.64158883e+06 -4.84172893e+00 
 5.01187234e+06 -1.19702300e-01  5.01187234e+06 -4.48228282e+00 
 5.41169527e+06 -1.30174670e-01  5.41169527e+06 -4.14919927e+00 
 5.84341413e+06 -1.39107982e-01  5.84341413e+06 -3.84052804e+00 
 6.30957344e+06 -1.46713037e-01  6.30957344e+06 -3.55446054e+00 
 6.81292069e+06 -1.53169414e-01  6.81292069e+06 -3.28931964e+00 
 7.35642254e+06 -1.58629710e-01  7.35642254e+06 -3.04355037e+00 
 7.94328235e+06 -1.63223153e-01  7.94328235e+06 -2.81571105e+00 
 8.57695899e+06 -1.67058685e-01  8.57695899e+06 -2.60446523e+00 
 9.26118728e+06 -1.70227575e-01  9.26118728e+06 -2.40857410e+00 
 1.00000000e+07 -1.72805636e-01  1.00000000e+07 -2.22688951e+00 
 1.07977516e+07 -1.74855104e-01  1.07977516e+07 -2.05834751e+00 
 1.16591440e+07 -1.76426220e-01  1.16591440e+07 -1.90196240e+00 
 1.25892541e+07 -1.77558578e-01  1.25892541e+07 -1.75682127e+00 
 1.35935639e+07 -1.78282265e-01  1.35935639e+07 -1.62207901e+00 
 1.46779927e+07 -1.78618842e-01  1.46779927e+07 -1.49695372e+00 
 1.58489319e+07 -1.78582211e-01  1.58489319e+07 -1.38072263e+00 
 1.71132830e+07 -1.78179393e-01  1.71132830e+07 -1.27271830e+00 
 1.84784980e+07 -1.77411283e-01  1.84784980e+07 -1.17232530e+00 
 1.99526231e+07 -1.76273404e-01  1.99526231e+07 -1.07897723e+00 
 2.15443469e+07 -1.74756723e-01  2.15443469e+07 -9.92154011e-01 
 2.32630507e+07 -1.72848564e-01  2.32630507e+07 -9.11379504e-01 
 2.51188643e+07 -1.70533680e-01  2.51188643e+07 -8.36219346e-01 
 2.71227258e+07 -1.67795502e-01  2.71227258e+07 -7.66278931e-01 
 2.92864456e+07 -1.64617619e-01  2.92864456e+07 -7.01201462e-01 
 3.16227766e+07 -1.60985473e-01  3.16227766e+07 -6.40665975e-01 
 3.41454887e+07 -1.56888266e-01  3.41454887e+07 -5.84385204e-01 
 3.68694506e+07 -1.52321001e-01  3.68694506e+07 -5.32103176e-01 
 3.98107171e+07 -1.47286572e-01  3.98107171e+07 -4.83592425e-01 
 4.29866235e+07 -1.41797721e-01  4.29866235e+07 -4.38650739e-01 
 4.64158883e+07 -1.35878689e-01  4.64158883e+07 -3.97097416e-01 
 5.01187234e+07 -1.29566332e-01  5.01187234e+07 -3.58769073e-01 
 5.41169527e+07 -1.22910479e-01  5.41169527e+07 -3.23515140e-01 
 5.84341413e+07 -1.15973380e-01  5.84341413e+07 -2.91193265e-01 
 6.30957344e+07 -1.08828153e-01  6.30957344e+07 -2.61664924e-01 
 6.81292069e+07 -1.01556263e-01  6.81292069e+07 -2.34791574e-01 
 7.35642254e+07 -9.42442018e-02  7.35642254e+07 -2.10431658e-01 
 7.94328235e+07 -8.69796585e-02  7.94328235e+07 -1.88438711e-01 
 8.57695899e+07 -7.98475466e-02  8.57695899e+07 -1.68660681e-01 
 9.26118728e+07 -7.29262748e-02  9.26118728e+07 -1.50940438e-01 
 1.00000000e+08 -6.62846145e-02  1.00000000e+08 -1.35117308e-01 
 1.07977516e+08 -5.99794174e-02  1.07977516e+08 -1.21029347e-01 
 1.16591440e+08 -5.40543096e-02  1.16591440e+08 -1.08516018e-01 
 1.25892541e+08 -4.85393615e-02  1.25892541e+08 -9.74209387e-02 
 1.35935639e+08 -4.34516182e-02  1.35935639e+08 -8.75944008e-02 
 1.46779927e+08 -3.87963042e-02  1.46779927e+08 -7.88954638e-02 
 1.58489319e+08 -3.45684807e-02  1.58489319e+08 -7.11934926e-02 
 1.71132830e+08 -3.07549373e-02  1.71132830e+08 -6.43691127e-02 
 1.84784980e+08 -2.73361293e-02  1.84784980e+08 -5.83146149e-02 
 1.99526231e+08 -2.42880154e-02  1.99526231e+08 -5.29338867e-02 
 2.15443469e+08 -2.15836995e-02  2.15443469e+08 -4.81419745e-02 
 2.32630507e+08 -1.91948223e-02  2.32630507e+08 -4.38643803e-02 
 2.51188643e+08 -1.70926855e-02  2.51188643e+08 -4.00361914e-02 
 2.71227258e+08 -1.52491163e-02  2.71227258e+08 -3.66011274e-02 
 2.92864456e+08 -1.36370976e-02  2.92864456e+08 -3.35105676e-02 
 3.16227766e+08 -1.22311958e-02  3.16227766e+08 -3.07226064e-02 
 3.41454887e+08 -1.10078238e-02  3.41454887e+08 -2.82011690e-02 
 3.68694506e+08 -9.94537327e-03  3.68694506e+08 -2.59152035e-02 
 3.98107171e+08 -9.02424823e-03  3.98107171e+08 -2.38379600e-02 
 4.29866235e+08 -8.22682738e-03  4.29866235e+08 -2.19463567e-02 
 4.64158883e+08 -7.53737698e-03  4.64158883e+08 -2.02204302e-02 
 5.01187234e+08 -6.94193231e-03  5.01187234e+08 -1.86428639e-02 
 5.41169527e+08 -6.42816123e-03  5.41169527e+08 -1.71985855e-02 
 5.84341413e+08 -5.98521983e-03  5.84341413e+08 -1.58744275e-02 
 6.30957344e+08 -5.60360751e-03  6.30957344e+08 -1.46588408e-02 
 6.81292069e+08 -5.27502640e-03  6.81292069e+08 -1.35416538e-02 
 7.35642254e+08 -4.99224825e-03  7.35642254e+08 -1.25138717e-02 
 7.94328235e+08 -4.74899089e-03  7.94328235e+08 -1.15675070e-02 
 8.57695899e+08 -4.53980499e-03  8.57695899e+08 -1.06954391e-02 
 9.26118728e+08 -4.35997157e-03  9.26118728e+08 -9.89129558e-03 
 1.00000000e+09 -4.20540998e-03  1.00000000e+09 -9.14935317e-03 
 1.07977516e+09 -4.07259590e-03  1.07977516e+09 -8.46445410e-03 
 1.16591440e+09 -3.95848873e-03  1.16591440e+09 -7.83193575e-03 
 1.25892541e+09 -3.86046748e-03  1.25892541e+09 -7.24757099e-03 
 1.35935639e+09 -3.77627459e-03  1.35935639e+09 -6.70751745e-03 
 1.46779927e+09 -3.70396671e-03  1.46779927e+09 -6.20827437e-03 
 1.58489319e+09 -3.64187182e-03  1.58489319e+09 -5.74664547e-03 
 1.71132830e+09 -3.58855187e-03  1.71132830e+09 -5.31970710e-03 
 1.84784980e+09 -3.54277042e-03  1.84784980e+09 -4.92478058e-03 
 1.99526231e+09 -3.50346461e-03  1.99526231e+09 -4.55940822e-03 
 2.15443469e+09 -3.46972095e-03  2.15443469e+09 -4.22133227e-03 
 2.32630507e+09 -3.44075442e-03  2.32630507e+09 -3.90847646e-03 
 2.51188643e+09 -3.41589044e-03  2.51188643e+09 -3.61892966e-03 
 2.71227258e+09 -3.39454942e-03  2.71227258e+09 -3.35093131e-03 
 2.92864456e+09 -3.37623341e-03  2.92864456e+09 -3.10285847e-03 
 3.16227766e+09 -3.36051461e-03  3.16227766e+09 -2.87321416e-03 
 3.41454887e+09 -3.34702554e-03  3.41454887e+09 -2.66061688e-03 
 3.68694506e+09 -3.33545056e-03  3.68694506e+09 -2.46379113e-03 
 3.98107171e+09 -3.32551858e-03  3.98107171e+09 -2.28155879e-03 
 4.29866235e+09 -3.31699680e-03  4.29866235e+09 -2.11283133e-03 
 4.64158883e+09 -3.30968530e-03  4.64158883e+09 -1.95660271e-03 
 5.01187234e+09 -3.30341245e-03  5.01187234e+09 -1.81194284e-03 
 5.41169527e+09 -3.29803089e-03  5.41169527e+09 -1.67799168e-03 
 5.84341413e+09 -3.29341413e-03  5.84341413e+09 -1.55395380e-03 
 6.30957344e+09 -3.28945359e-03  6.30957344e+09 -1.43909341e-03 
 6.81292069e+09 -3.28605609e-03  6.81292069e+09 -1.33272972e-03 
 7.35642254e+09 -3.28314163e-03  7.35642254e+09 -1.23423282e-03 
 7.94328235e+09 -3.28064161e-03  7.94328235e+09 -1.14301977e-03 
 8.57695899e+09 -3.27849711e-03  8.57695899e+09 -1.05855106e-03 
 9.26118728e+09 -3.27665761e-03  9.26118728e+09 -9.80327289e-04 
 1.00000000e+10 -3.27507974e-03  1.00000000e+10 -9.07886209e-04 
