 1.00000000e+00  3.02285189e+02  1.00000000e+00 -7.09348161e-03 
 1.07977516e+00  3.02285189e+02  1.07977516e+00 -7.65936526e-03 
 1.16591440e+00  3.02285189e+02  1.16591440e+00 -8.27039236e-03 
 1.25892541e+00  3.02285189e+02  1.25892541e+00 -8.93016426e-03 
 1.35935639e+00  3.02285189e+02  1.35935639e+00 -9.64256956e-03 
 1.46779927e+00  3.02285189e+02  1.46779927e+00 -1.04118071e-02 
 1.58489319e+00  3.02285189e+02  1.58489319e+00 -1.12424107e-02 
 1.71132830e+00  3.02285189e+02  1.71132830e+00 -1.21392758e-02 
 1.84784980e+00  3.02285189e+02  1.84784980e+00 -1.31076885e-02 
 1.99526231e+00  3.02285189e+02  1.99526231e+00 -1.41533565e-02 
 2.15443469e+00  3.02285189e+02  2.15443469e+00 -1.52824428e-02 
 2.32630507e+00  3.02285189e+02  2.32630507e+00 -1.65016022e-02 
 2.51188643e+00  3.02285188e+02  2.51188643e+00 -1.78180202e-02 
 2.71227258e+00  3.02285188e+02  2.71227258e+00 -1.92394556e-02 
 2.92864456e+00  3.02285188e+02  2.92864456e+00 -2.07742863e-02 
 3.16227766e+00  3.02285188e+02  3.16227766e+00 -2.24315583e-02 
 3.41454887e+00  3.02285188e+02  3.41454887e+00 -2.42210395e-02 
 3.68694506e+00  3.02285187e+02  3.68694506e+00 -2.61532768e-02 
 3.98107171e+00  3.02285187e+02  3.98107171e+00 -2.82396587e-02 
 4.29866235e+00  3.02285186e+02  4.29866235e+00 -3.04924820e-02 
 4.64158883e+00  3.02285186e+02  4.64158883e+00 -3.29250247e-02 
 5.01187234e+00  3.02285185e+02  5.01187234e+00 -3.55516238e-02 
 5.41169527e+00  3.02285185e+02  5.41169527e+00 -3.83877603e-02 
 5.84341413e+00  3.02285184e+02  5.84341413e+00 -4.14501500e-02 
 6.30957344e+00  3.02285183e+02  6.30957344e+00 -4.47568423e-02 
 6.81292069e+00  3.02285182e+02  6.81292069e+00 -4.83273264e-02 
 7.35642254e+00  3.02285180e+02  7.35642254e+00 -5.21826465e-02 
 7.94328235e+00  3.02285179e+02  7.94328235e+00 -5.63455253e-02 
 8.57695899e+00  3.02285177e+02  8.57695899e+00 -6.08404984e-02 
 9.26118728e+00  3.02285175e+02  9.26118728e+00 -6.56940586e-02 
 1.00000000e+01  3.02285173e+02  1.00000000e+01 -7.09348123e-02 
 1.07977516e+01  3.02285170e+02  1.07977516e+01 -7.65936477e-02 
 1.16591440e+01  3.02285167e+02  1.16591440e+01 -8.27039175e-02 
 1.25892541e+01  3.02285163e+02  1.25892541e+01 -8.93016349e-02 
 1.35935639e+01  3.02285159e+02  1.35935639e+01 -9.64256859e-02 
 1.46779927e+01  3.02285154e+02  1.46779927e+01 -1.04118059e-01 
 1.58489319e+01  3.02285148e+02  1.58489319e+01 -1.12424092e-01 
 1.71132830e+01  3.02285141e+02  1.71132830e+01 -1.21392739e-01 
 1.84784980e+01  3.02285133e+02  1.84784980e+01 -1.31076861e-01 
 1.99526231e+01  3.02285123e+02  1.99526231e+01 -1.41533535e-01 
 2.15443469e+01  3.02285112e+02  2.15443469e+01 -1.52824390e-01 
 2.32630507e+01  3.02285099e+02  2.32630507e+01 -1.65015973e-01 
 2.51188643e+01  3.02285084e+02  2.51188643e+01 -1.78180140e-01 
 2.71227258e+01  3.02285067e+02  2.71227258e+01 -1.92394479e-01 
 2.92864456e+01  3.02285047e+02  2.92864456e+01 -2.07742766e-01 
 3.16227766e+01  3.02285023e+02  3.16227766e+01 -2.24315461e-01 
 3.41454887e+01  3.02284995e+02  3.41454887e+01 -2.42210241e-01 
 3.68694506e+01  3.02284963e+02  3.68694506e+01 -2.61532575e-01 
 3.98107171e+01  3.02284926e+02  3.98107171e+01 -2.82396343e-01 
 4.29866235e+01  3.02284882e+02  4.29866235e+01 -3.04924513e-01 
 4.64158883e+01  3.02284831e+02  4.64158883e+01 -3.29249860e-01 
 5.01187234e+01  3.02284772e+02  5.01187234e+01 -3.55515752e-01 
 5.41169527e+01  3.02284702e+02  5.41169527e+01 -3.83876990e-01 
 5.84341413e+01  3.02284621e+02  5.84341413e+01 -4.14500729e-01 
 6.30957344e+01  3.02284527e+02  6.30957344e+01 -4.47567452e-01 
 6.81292069e+01  3.02284417e+02  6.81292069e+01 -4.83272043e-01 
 7.35642254e+01  3.02284289e+02  7.35642254e+01 -5.21824927e-01 
 7.94328235e+01  3.02284140e+02  7.94328235e+01 -5.63453317e-01 
 8.57695899e+01  3.02283966e+02  8.57695899e+01 -6.08402547e-01 
 9.26118728e+01  3.02283762e+02  9.26118728e+01 -6.56937518e-01 
 1.00000000e+02  3.02283526e+02  1.00000000e+02 -7.09344259e-01 
 1.07977516e+02  3.02283250e+02  1.07977516e+02 -7.65931614e-01 
 1.16591440e+02  3.02282928e+02  1.16591440e+02 -8.27033053e-01 
 1.25892541e+02  3.02282553e+02  1.25892541e+02 -8.93008641e-01 
 1.35935639e+02  3.02282115e+02  1.35935639e+02 -9.64247155e-01 
 1.46779927e+02  3.02281605e+02  1.46779927e+02 -1.04116837e+00 
 1.58489319e+02  3.02281010e+02  1.58489319e+02 -1.12422554e+00 
 1.71132830e+02  3.02280317e+02  1.71132830e+02 -1.21390803e+00 
 1.84784980e+02  3.02279509e+02  1.84784980e+02 -1.31074424e+00 
 1.99526231e+02  3.02278566e+02  1.99526231e+02 -1.41530466e+00 
 2.15443469e+02  3.02277467e+02  2.15443469e+02 -1.52820527e+00 
 2.32630507e+02  3.02276186e+02  2.32630507e+02 -1.65011110e+00 
 2.51188643e+02  3.02274692e+02  2.51188643e+02 -1.78174018e+00 
 2.71227258e+02  3.02272951e+02  2.71227258e+02 -1.92386771e+00 
 2.92864456e+02  3.02270920e+02  2.92864456e+02 -2.07733062e+00 
 3.16227766e+02  3.02268553e+02  3.16227766e+02 -2.24303245e+00 
 3.41454887e+02  3.02265793e+02  3.41454887e+02 -2.42194863e+00 
 3.68694506e+02  3.02262575e+02  3.68694506e+02 -2.61513215e+00 
 3.98107171e+02  3.02258823e+02  3.98107171e+02 -2.82371971e+00 
 4.29866235e+02  3.02254449e+02  4.29866235e+02 -3.04893830e+00 
 4.64158883e+02  3.02249350e+02  4.64158883e+02 -3.29211234e+00 
 5.01187234e+02  3.02243404e+02  5.01187234e+02 -3.55467124e+00 
 5.41169527e+02  3.02236473e+02  5.41169527e+02 -3.83815774e+00 
 5.84341413e+02  3.02228391e+02  5.84341413e+02 -4.14423663e+00 
 6.30957344e+02  3.02218970e+02  6.30957344e+02 -4.47470436e+00 
 6.81292069e+02  3.02207986e+02  6.81292069e+02 -4.83149911e+00 
 7.35642254e+02  3.02195180e+02  7.35642254e+02 -5.21671179e+00 
 7.94328235e+02  3.02180252e+02  7.94328235e+02 -5.63259769e+00 
 8.57695899e+02  3.02162848e+02  8.57695899e+02 -6.08158898e+00 
 9.26118728e+02  3.02142559e+02  9.26118728e+02 -6.56630803e+00 
 1.00000000e+03  3.02118908e+02  1.00000000e+03 -7.08958159e+00 
 1.07977516e+03  3.02091337e+02  1.07977516e+03 -7.65445587e+00 
 1.16591440e+03  3.02059198e+02  1.16591440e+03 -8.26421247e+00 
 1.25892541e+03  3.02021736e+02  1.25892541e+03 -8.92238520e+00 
 1.35935639e+03  3.01978069e+02  1.35935639e+03 -9.63277772e+00 
 1.46779927e+03  3.01927174e+02  1.46779927e+03 -1.03994820e+01 
 1.58489319e+03  3.01867856e+02  1.58489319e+03 -1.12268974e+01 
 1.71132830e+03  3.01798726e+02  1.71132830e+03 -1.21197502e+01 
 1.84784980e+03  3.01718166e+02  1.84784980e+03 -1.30831137e+01 
 1.99526231e+03  3.01624294e+02  1.99526231e+03 -1.41224283e+01 
 2.15443469e+03  3.01514921e+02  2.15443469e+03 -1.52435206e+01 
 2.32630507e+03  3.01387502e+02  2.32630507e+03 -1.64526227e+01 
 2.51188643e+03  3.01239078e+02  2.51188643e+03 -1.77563890e+01 
 2.71227258e+03  3.01066213e+02  2.71227258e+03 -1.91619110e+01 
 2.92864456e+03  3.00864917e+02  2.92864456e+03 -2.06767287e+01 
 3.16227766e+03  3.00630562e+02  3.16227766e+03 -2.23088362e+01 
 3.41454887e+03  3.00357785e+02  3.41454887e+03 -2.40666816e+01 
 3.68694506e+03  3.00040374e+02  3.68694506e+03 -2.59591570e+01 
 3.98107171e+03  2.99671146e+02  3.98107171e+03 -2.79955769e+01 
 4.29866235e+03  2.99241803e+02  4.29866235e+03 -3.01856412e+01 
 4.64158883e+03  2.98742776e+02  4.64158883e+03 -3.25393789e+01 
 5.01187234e+03  2.98163049e+02  5.01187234e+03 -3.50670662e+01 
 5.41169527e+03  2.97489971e+02  5.41169527e+03 -3.77791147e+01 
 5.84341413e+03  2.96709043e+02  5.84341413e+03 -4.06859210e+01 
 6.30957344e+03  2.95803708e+02  6.30957344e+03 -4.37976691e+01 
 6.81292069e+03  2.94755111e+02  6.81292069e+03 -4.71240774e+01 
 7.35642254e+03  2.93541880e+02  7.35642254e+03 -5.06740775e+01 
 7.94328235e+03  2.92139901e+02  7.94328235e+03 -5.44554154e+01 
 8.57695899e+03  2.90522120e+02  8.57695899e+03 -5.84741610e+01 
 9.26118728e+03  2.88658393e+02  9.26118728e+03 -6.27341172e+01 
 1.00000000e+04  2.86515398e+02  1.00000000e+04 -6.72361164e+01 
 1.07977516e+04  2.84056660e+02  1.07977516e+04 -7.19772031e+01 
 1.16591440e+04  2.81242709e+02  1.16591440e+04 -7.69497002e+01 
 1.25892541e+04  2.78031437e+02  1.25892541e+04 -8.21401742e+01 
 1.35935639e+04  2.74378696e+02  1.35935639e+04 -8.75283238e+01 
 1.46779927e+04  2.70239205e+02  1.46779927e+04 -9.30858385e+01 
 1.58489319e+04  2.65567810e+02  1.58489319e+04 -9.87752965e+01 
 1.71132830e+04  2.60321140e+02  1.71132830e+04 -1.04549200e+02 
 1.84784980e+04  2.54459693e+02  1.84784980e+04 -1.10349273e+02 
 1.99526231e+04  2.47950315e+02  1.99526231e+04 -1.16106175e+02 
 2.15443469e+04  2.40769023e+02  2.15443469e+04 -1.21739797e+02 
 2.32630507e+04  2.32904020e+02  2.32630507e+04 -1.27160311e+02 
 2.51188643e+04  2.24358707e+02  2.51188643e+04 -1.32270105e+02 
 2.71227258e+04  2.15154393e+02  2.71227258e+04 -1.36966692e+02 
 2.92864456e+04  2.05332391e+02  2.92864456e+04 -1.41146556e+02 
 3.16227766e+04  1.94955122e+02  3.16227766e+04 -1.44709816e+02 
 3.41454887e+04  1.84105931e+02  3.41454887e+04 -1.47565386e+02 
 3.68694506e+04  1.72887397e+02  3.68694506e+04 -1.49636228e+02 
 3.98107171e+04  1.61418073e+02  3.98107171e+04 -1.50864186e+02 
 4.29866235e+04  1.49827827e+02  4.29866235e+04 -1.51213851e+02 
 4.64158883e+04  1.38252112e+02  4.64158883e+04 -1.50675014e+02 
 5.01187234e+04  1.26825707e+02  5.01187234e+04 -1.49263384e+02 
 5.41169527e+04  1.15676517e+02  5.41169527e+04 -1.47019482e+02 
 5.84341413e+04  1.04920034e+02  5.84341413e+04 -1.44005860e+02 
 6.30957344e+04  9.46549520e+01  6.30957344e+04 -1.40302979e+02 
 6.81292069e+04  8.49602416e+01  6.81292069e+04 -1.36004249e+02 
 7.35642254e+04  7.58937868e+01  7.35642254e+04 -1.31210749e+02 
 7.94328235e+04  6.74924997e+01  7.94328235e+04 -1.26026140e+02 
 8.57695899e+04  5.97736675e+01  8.57695899e+04 -1.20552162e+02 
 9.26118728e+04  5.27372041e+01  9.26118728e+04 -1.14884976e+02 
 1.00000000e+05  4.63684560e+01  1.00000000e+05 -1.09112468e+02 
 1.07977516e+05  4.06412337e+01  1.07977516e+05 -1.03312508e+02 
 1.16591440e+05  3.55208024e+01  1.16591440e+05 -9.75520780e+01 
 1.25892541e+05  3.09666385e+01  1.25892541e+05 -9.18871129e+01 
 1.35935639e+05  2.69348311e+01  1.35935639e+05 -8.63628905e+01 
 1.46779927e+05  2.33800726e+01  1.46779927e+05 -8.10148007e+01 
 1.58489319e+05  2.02572311e+01  1.58489319e+05 -7.58693498e+01 
 1.71132830e+05  1.75225303e+01  1.71132830e+05 -7.09452776e+01 
 1.84784980e+05  1.51343834e+01  1.84784980e+05 -6.62546978e+01 
 1.99526231e+05  1.30539371e+01  1.99526231e+05 -6.18041960e+01 
 2.15443469e+05  1.12453801e+01  2.15443469e+05 -5.75958448e+01 
 2.32630507e+05  9.67607237e+00  2.32630507e+05 -5.36281127e+01 
 2.51188643e+05  8.31653846e+00  2.51188643e+05 -4.98966577e+01 
 2.71227258e+05  7.14036701e+00  2.71227258e+05 -4.63950060e+01 
 2.92864456e+05  6.12404588e+00  2.92864456e+05 -4.31151203e+01 
 3.16227766e+05  5.24675896e+00  3.16227766e+05 -4.00478700e+01 
 3.41454887e+05  4.49016266e+00  3.41454887e+05 -3.71834125e+01 
 3.68694506e+05  3.83815608e+00  3.68694506e+05 -3.45114988e+01 
 3.98107171e+05  3.27665422e+00  3.98107171e+05 -3.20217138e+01 
 4.29866235e+05  2.79337082e+00  4.29866235e+05 -2.97036632e+01 
 4.64158883e+05  2.37761476e+00  4.64158883e+05 -2.75471144e+01 
 5.01187234e+05  2.02010232e+00  5.01187234e+05 -2.55421024e+01 
 5.41169527e+05  1.71278625e+00  5.41169527e+05 -2.36790048e+01 
 5.84341413e+05  1.44870165e+00  5.84341413e+05 -2.19485940e+01 
 6.30957344e+05  1.22182824e+00  6.30957344e+05 -2.03420706e+01 
 6.81292069e+05  1.02696806e+00  6.81292069e+05 -1.88510821e+01 
 7.35642254e+05  8.59637365e-01  7.35642254e+05 -1.74677304e+01 
 7.94328235e+05  7.15971710e-01  7.94328235e+05 -1.61845713e+01 
 8.57695899e+05  5.92642695e-01  8.57695899e+05 -1.49946064e+01 
 9.26118728e+05  4.86785353e-01  9.26118728e+05 -1.38912718e+01 
 1.00000000e+06  3.95934890e-01  1.00000000e+06 -1.28684222e+01 
 1.07977516e+06  3.17971735e-01  1.07977516e+06 -1.19203136e+01 
 1.16591440e+06  2.51073885e-01  1.16591440e+06 -1.10415845e+01 
 1.25892541e+06  1.93675656e-01  1.25892541e+06 -1.02272357e+01 
 1.35935639e+06  1.44432014e-01  1.35935639e+06 -9.47261080e+00 
 1.46779927e+06  1.02187775e-01  1.46779927e+06 -8.77337589e+00 
 1.58489319e+06  6.59510434e-02  1.58489319e+06 -8.12550031e+00 
 1.71132830e+06  3.48703056e-02  1.71132830e+06 -7.52523750e+00 
 1.84784980e+06  8.21471428e-03  1.84784980e+06 -6.96910679e+00 
 1.99526231e+06 -1.46428880e-02  1.99526231e+06 -6.45387591e+00 
 2.15443469e+06 -3.42405681e-02  2.15443469e+06 -5.97654431e+00 
 2.32630507e+06 -5.10398537e-02  2.32630507e+06 -5.53432745e+00 
 2.51188643e+06 -6.54365189e-02  2.51188643e+06 -5.12464188e+00 
 2.71227258e+06 -7.77698461e-02  2.71227258e+06 -4.74509124e+00 
 2.92864456e+06 -8.83305775e-02  2.92864456e+06 -4.39345309e+00 
 3.16227766e+06 -9.73677367e-02  3.16227766e+06 -4.06766661e+00 
 3.41454887e+06 -1.05094478e-01  3.41454887e+06 -3.76582109e+00 
 3.68694506e+06 -1.11693098e-01  3.68694506e+06 -3.48614509e+00 
 3.98107171e+06 -1.17319327e-01  3.98107171e+06 -3.22699652e+00 
 4.29866235e+06 -1.22106002e-01  4.29866235e+06 -2.98685319e+00 
 4.64158883e+06 -1.26166197e-01  4.64158883e+06 -2.76430418e+00 
 5.01187234e+06 -1.29595905e-01  5.01187234e+06 -2.55804172e+00 
 5.41169527e+06 -1.32476309e-01  5.41169527e+06 -2.36685372e+00 
 5.84341413e+06 -1.34875724e-01  5.84341413e+06 -2.18961678e+00 
 6.30957344e+06 -1.36851233e-01  6.30957344e+06 -2.02528977e+00 
 6.81292069e+06 -1.38450075e-01  6.81292069e+06 -1.87290783e+00 
 7.35642254e+06 -1.39710812e-01  7.35642254e+06 -1.73157693e+00 
 7.94328235e+06 -1.40664311e-01  7.94328235e+06 -1.60046871e+00 
 8.57695899e+06 -1.41334568e-01  8.57695899e+06 -1.47881589e+00 
 9.26118728e+06 -1.41739399e-01  9.26118728e+06 -1.36590792e+00 
 1.00000000e+07 -1.41891027e-01  1.00000000e+07 -1.26108712e+00 
 1.07977516e+07 -1.41796584e-01  1.07977516e+07 -1.16374506e+00 
 1.16591440e+07 -1.41458564e-01  1.16591440e+07 -1.07331940e+00 
 1.25892541e+07 -1.40875242e-01  1.25892541e+07 -9.89290919e-01 
 1.35935639e+07 -1.40041094e-01  1.35935639e+07 -9.11180925e-01 
 1.46779927e+07 -1.38947252e-01  1.46779927e+07 -8.38548927e-01 
 1.58489319e+07 -1.37582020e-01  1.58489319e+07 -7.70990549e-01 
 1.71132830e+07 -1.35931495e-01  1.71132830e+07 -7.08135667e-01 
 1.84784980e+07 -1.33980316e-01  1.84784980e+07 -6.49646730e-01 
 1.99526231e+07 -1.31712580e-01  1.99526231e+07 -5.95217188e-01 
 2.15443469e+07 -1.29112941e-01  2.15443469e+07 -5.44569983e-01 
 2.32630507e+07 -1.26167891e-01  2.32630507e+07 -4.97456005e-01 
 2.51188643e+07 -1.22867218e-01  2.51188643e+07 -4.53652422e-01 
 2.71227258e+07 -1.19205572e-01  2.71227258e+07 -4.12960798e-01 
 2.92864456e+07 -1.15184073e-01  2.92864456e+07 -3.75204902e-01 
 3.16227766e+07 -1.10811820e-01  3.16227766e+07 -3.40228153e-01 
 3.41454887e+07 -1.06107155e-01  3.41454887e+07 -3.07890674e-01 
 3.68694506e+07 -1.01098507e-01  3.68694506e+07 -2.78065996e-01 
 3.98107171e+07 -9.58246389e-02  3.98107171e+07 -2.50637519e-01 
 4.29866235e+07 -9.03341821e-02  4.29866235e+07 -2.25494896e-01 
 4.64158883e+07 -8.46843753e-02  4.64158883e+07 -2.02530602e-01 
 5.01187234e+07 -7.89390524e-02  5.01187234e+07 -1.81636919e-01 
 5.41169527e+07 -7.31660059e-02  5.41169527e+07 -1.62703606e-01 
 5.84341413e+07 -6.74339548e-02  5.84341413e+07 -1.45616436e-01 
 6.30957344e+07 -6.18094080e-02  6.30957344e+07 -1.30256689e-01 
 6.81292069e+07 -5.63537286e-02  6.81292069e+07 -1.16501580e-01 
 7.35642254e+07 -5.11206750e-02  7.35642254e+07 -1.04225492e-01 
 7.94328235e+07 -4.61546148e-02  7.94328235e+07 -9.33017832e-02 
 8.57695899e+07 -4.14895099e-02  8.57695899e+07 -8.36049004e-02 
 9.26118728e+07 -3.71486702e-02  9.26118728e+07 -7.50125497e-02 
 1.00000000e+08 -3.31451815e-02  1.00000000e+08 -6.74076802e-02 
 1.07977516e+08 -2.94828628e-02  1.07977516e+08 -6.06801249e-02 
 1.16591440e+08 -2.61575745e-02  1.16591440e+08 -5.47278072e-02 
 1.25892541e+08 -2.31587093e-02  1.25892541e+08 -4.94574864e-02 
 1.35935639e+08 -2.04707156e-02  1.35935639e+08 -4.47850692e-02 
 1.46779927e+08 -1.80745406e-02  1.46779927e+08 -4.06355528e-02 
 1.58489319e+08 -1.59489178e-02  1.58489319e+08 -3.69426761e-02 
 1.71132830e+08 -1.40714576e-02  1.71132830e+08 -3.36483648e-02 
 1.84784980e+08 -1.24195268e-02  1.84784980e+08 -3.07020466e-02 
 1.99526231e+08 -1.09709241e-02  1.99526231e+08 -2.80599017e-02 
 2.15443469e+08 -9.70437214e-03  2.15443469e+08 -2.56840990e-02 
 2.32630507e+08 -8.59985026e-03  2.32630507e+08 -2.35420552e-02 
 2.51188643e+08 -7.63879863e-03  2.51188643e+08 -2.16057409e-02 
 2.71227258e+08 -6.80421988e-03  2.71227258e+08 -1.98510479e-02 
 2.92864456e+08 -6.08070379e-03  2.92864456e+08 -1.82572243e-02 
 3.16227766e+08 -5.45439606e-03  3.16227766e+08 -1.68063785e-02 
 3.41454887e+08 -4.91292878e-03  3.41454887e+08 -1.54830487e-02 
 3.68694506e+08 -4.44532631e-03  3.68694506e+08 -1.42738339e-02 
 3.98107171e+08 -4.04189740e-03  3.98107171e+08 -1.31670799e-02 
 4.29866235e+08 -3.69412123e-03  4.29866235e+08 -1.21526132e-02 
 4.64158883e+08 -3.39453306e-03  4.64158883e+08 -1.12215178e-02 
 5.01187234e+08 -3.13661344e-03  5.01187234e+08 -1.03659473e-02 
 5.41169527e+08 -2.91468342e-03  5.41169527e+08 -9.57896770e-03 
 5.84341413e+08 -2.72380721e-03  5.84341413e+08 -8.85442594e-03 
 6.30957344e+08 -2.55970313e-03  6.30957344e+08 -8.18684021e-03 
 6.81292069e+08 -2.41866295e-03  6.81292069e+08 -7.57130782e-03 
 7.35642254e+08 -2.29747961e-03  7.35642254e+08 -7.00342801e-03 
 7.94328235e+08 -2.19338273e-03  7.94328235e+08 -6.47923719e-03 
 8.57695899e+08 -2.10398164e-03  8.57695899e+08 -5.99515428e-03 
 9.26118728e+08 -2.02721516e-03  9.26118728e+08 -5.54793447e-03 
 1.00000000e+09 -1.96130748e-03  1.00000000e+09 -5.13462996e-03 
 1.07977516e+09 -1.90472966e-03  1.07977516e+09 -4.75255644e-03 
 1.16591440e+09 -1.85616605e-03  1.16591440e+09 -4.39926440e-03 
 1.25892541e+09 -1.81448510e-03  1.25892541e+09 -4.07251437e-03 
 1.35935639e+09 -1.77871394e-03  1.35935639e+09 -3.77025547e-03 
 1.46779927e+09 -1.74801649e-03  1.46779927e+09 -3.49060677e-03 
 1.58489319e+09 -1.72167441e-03  1.58489319e+09 -3.23184097e-03 
 1.71132830e+09 -1.69907070e-03  1.71132830e+09 -2.99237004e-03 
 1.84784980e+09 -1.67967549e-03  1.84784980e+09 -2.77073251e-03 
 1.99526231e+09 -1.66303384e-03  1.99526231e+09 -2.56558226e-03 
 2.15443469e+09 -1.64875521e-03  2.15443469e+09 -2.37567845e-03 
 2.32630507e+09 -1.63650435e-03  2.32630507e+09 -2.19987654e-03 
 2.51188643e+09 -1.62599353e-03  2.51188643e+09 -2.03712026e-03 
 2.71227258e+09 -1.61697579e-03  2.71227258e+09 -1.88643426e-03 
 2.92864456e+09 -1.60923920e-03  2.92864456e+09 -1.74691761e-03 
 3.16227766e+09 -1.60260188e-03  3.16227766e+09 -1.61773777e-03 
 3.41454887e+09 -1.59690775e-03  3.41454887e+09 -1.49812518e-03 
 3.68694506e+09 -1.59202289e-03  3.68694506e+09 -1.38736833e-03 
 3.98107171e+09 -1.58783235e-03  3.98107171e+09 -1.28480920e-03 
 4.29866235e+09 -1.58423751e-03  4.29866235e+09 -1.18983915e-03 
 4.64158883e+09 -1.58115375e-03  4.64158883e+09 -1.10189507e-03 
 5.01187234e+09 -1.57850844e-03  5.01187234e+09 -1.02045599e-03 
 5.41169527e+09 -1.57623929e-03  5.41169527e+09 -9.45039762e-04 
 5.84341413e+09 -1.57429283e-03  5.84341413e+09 -8.75200196e-04 
 6.30957344e+09 -1.57262320e-03  6.30957344e+09 -8.10524304e-04 
 6.81292069e+09 -1.57119103e-03  6.81292069e+09 -7.50629807e-04 
 7.35642254e+09 -1.56996258e-03  7.35642254e+09 -6.95162829e-04 
 7.94328235e+09 -1.56890887e-03  7.94328235e+09 -6.43795763e-04 
 8.57695899e+09 -1.56800505e-03  8.57695899e+09 -5.96225306e-04 
 9.26118728e+09 -1.56722982e-03  9.26118728e+09 -5.52170645e-04 
 1.00000000e+10 -1.56656487e-03  1.00000000e+10 -5.11371776e-04 
