 1.00000000e+00  3.36666635e+02  1.00000000e+00 -5.71236758e-03 
 1.07977516e+00  3.36666635e+02  1.07977516e+00 -6.16807263e-03 
 1.16591440e+00  3.36666635e+02  1.16591440e+00 -6.66013163e-03 
 1.25892541e+00  3.36666635e+02  1.25892541e+00 -7.19144471e-03 
 1.35935639e+00  3.36666635e+02  1.35935639e+00 -7.76514337e-03 
 1.46779927e+00  3.36666635e+02  1.46779927e+00 -8.38460895e-03 
 1.58489319e+00  3.36666635e+02  1.58489319e+00 -9.05349249e-03 
 1.71132830e+00  3.36666635e+02  1.71132830e+00 -9.77573632e-03 
 1.84784980e+00  3.36666634e+02  1.84784980e+00 -1.05555973e-02 
 1.99526231e+00  3.36666634e+02  1.99526231e+00 -1.13976718e-02 
 2.15443469e+00  3.36666634e+02  2.15443469e+00 -1.23069229e-02 
 2.32630507e+00  3.36666634e+02  2.32630507e+00 -1.32887096e-02 
 2.51188643e+00  3.36666634e+02  2.51188643e+00 -1.43488186e-02 
 2.71227258e+00  3.36666634e+02  2.71227258e+00 -1.54934979e-02 
 2.92864456e+00  3.36666634e+02  2.92864456e+00 -1.67294942e-02 
 3.16227766e+00  3.36666634e+02  3.16227766e+00 -1.80640923e-02 
 3.41454887e+00  3.36666634e+02  3.41454887e+00 -1.95051582e-02 
 3.68694506e+00  3.36666634e+02  3.68694506e+00 -2.10611854e-02 
 3.98107171e+00  3.36666633e+02  3.98107171e+00 -2.27413448e-02 
 4.29866235e+00  3.36666633e+02  4.29866235e+00 -2.45555393e-02 
 4.64158883e+00  3.36666633e+02  4.64158883e+00 -2.65144614e-02 
 5.01187234e+00  3.36666632e+02  5.01187234e+00 -2.86296568e-02 
 5.41169527e+00  3.36666632e+02  5.41169527e+00 -3.09135923e-02 
 5.84341413e+00  3.36666632e+02  5.84341413e+00 -3.33797291e-02 
 6.30957344e+00  3.36666631e+02  6.30957344e+00 -3.60426024e-02 
 6.81292069e+00  3.36666630e+02  6.81292069e+00 -3.89179068e-02 
 7.35642254e+00  3.36666630e+02  7.35642254e+00 -4.20225890e-02 
 7.94328235e+00  3.36666629e+02  7.94328235e+00 -4.53749477e-02 
 8.57695899e+00  3.36666628e+02  8.57695899e+00 -4.89947414e-02 
 9.26118728e+00  3.36666627e+02  9.26118728e+00 -5.29033047e-02 
 1.00000000e+01  3.36666625e+02  1.00000000e+01 -5.71236742e-02 
 1.07977516e+01  3.36666624e+02  1.07977516e+01 -6.16807243e-02 
 1.16591440e+01  3.36666622e+02  1.16591440e+01 -6.66013137e-02 
 1.25892541e+01  3.36666619e+02  1.25892541e+01 -7.19144438e-02 
 1.35935639e+01  3.36666617e+02  1.35935639e+01 -7.76514297e-02 
 1.46779927e+01  3.36666614e+02  1.46779927e+01 -8.38460843e-02 
 1.58489319e+01  3.36666610e+02  1.58489319e+01 -9.05349184e-02 
 1.71132830e+01  3.36666606e+02  1.71132830e+01 -9.77573550e-02 
 1.84784980e+01  3.36666602e+02  1.84784980e+01 -1.05555962e-01 
 1.99526231e+01  3.36666596e+02  1.99526231e+01 -1.13976705e-01 
 2.15443469e+01  3.36666590e+02  2.15443469e+01 -1.23069212e-01 
 2.32630507e+01  3.36666582e+02  2.32630507e+01 -1.32887076e-01 
 2.51188643e+01  3.36666574e+02  2.51188643e+01 -1.43488160e-01 
 2.71227258e+01  3.36666564e+02  2.71227258e+01 -1.54934947e-01 
 2.92864456e+01  3.36666552e+02  2.92864456e+01 -1.67294901e-01 
 3.16227766e+01  3.36666538e+02  3.16227766e+01 -1.80640872e-01 
 3.41454887e+01  3.36666522e+02  3.41454887e+01 -1.95051518e-01 
 3.68694506e+01  3.36666503e+02  3.68694506e+01 -2.10611772e-01 
 3.98107171e+01  3.36666481e+02  3.98107171e+01 -2.27413346e-01 
 4.29866235e+01  3.36666456e+02  4.29866235e+01 -2.45555264e-01 
 4.64158883e+01  3.36666426e+02  4.64158883e+01 -2.65144452e-01 
 5.01187234e+01  3.36666392e+02  5.01187234e+01 -2.86296364e-01 
 5.41169527e+01  3.36666351e+02  5.41169527e+01 -3.09135666e-01 
 5.84341413e+01  3.36666304e+02  5.84341413e+01 -3.33796967e-01 
 6.30957344e+01  3.36666249e+02  6.30957344e+01 -3.60425615e-01 
 6.81292069e+01  3.36666185e+02  6.81292069e+01 -3.89178553e-01 
 7.35642254e+01  3.36666111e+02  7.35642254e+01 -4.20225243e-01 
 7.94328235e+01  3.36666024e+02  7.94328235e+01 -4.53748662e-01 
 8.57695899e+01  3.36665922e+02  8.57695899e+01 -4.89946388e-01 
 9.26118728e+01  3.36665804e+02  9.26118728e+01 -5.29031755e-01 
 1.00000000e+02  3.36665666e+02  1.00000000e+02 -5.71235116e-01 
 1.07977516e+02  3.36665505e+02  1.07977516e+02 -6.16805195e-01 
 1.16591440e+02  3.36665318e+02  1.16591440e+02 -6.66010559e-01 
 1.25892541e+02  3.36665100e+02  1.25892541e+02 -7.19141193e-01 
 1.35935639e+02  3.36664845e+02  1.35935639e+02 -7.76510212e-01 
 1.46779927e+02  3.36664548e+02  1.46779927e+02 -8.38455701e-01 
 1.58489319e+02  3.36664202e+02  1.58489319e+02 -9.05342710e-01 
 1.71132830e+02  3.36663798e+02  1.71132830e+02 -9.77565400e-01 
 1.84784980e+02  3.36663327e+02  1.84784980e+02 -1.05554936e+00 
 1.99526231e+02  3.36662779e+02  1.99526231e+02 -1.13975413e+00 
 2.15443469e+02  3.36662139e+02  2.15443469e+02 -1.23067586e+00 
 2.32630507e+02  3.36661393e+02  2.32630507e+02 -1.32885029e+00 
 2.51188643e+02  3.36660523e+02  2.51188643e+02 -1.43485583e+00 
 2.71227258e+02  3.36659509e+02  2.71227258e+02 -1.54931702e+00 
 2.92864456e+02  3.36658327e+02  2.92864456e+02 -1.67290817e+00 
 3.16227766e+02  3.36656948e+02  3.16227766e+02 -1.80635730e+00 
 3.41454887e+02  3.36655341e+02  3.41454887e+02 -1.95045044e+00 
 3.68694506e+02  3.36653468e+02  3.68694506e+02 -2.10603622e+00 
 3.98107171e+02  3.36651283e+02  3.98107171e+02 -2.27403086e+00 
 4.29866235e+02  3.36648736e+02  4.29866235e+02 -2.45542347e+00 
 4.64158883e+02  3.36645767e+02  4.64158883e+02 -2.65128191e+00 
 5.01187234e+02  3.36642305e+02  5.01187234e+02 -2.86275893e+00 
 5.41169527e+02  3.36638268e+02  5.41169527e+02 -3.09109894e+00 
 5.84341413e+02  3.36633562e+02  5.84341413e+02 -3.33764523e+00 
 6.30957344e+02  3.36628076e+02  6.30957344e+02 -3.60384772e+00 
 6.81292069e+02  3.36621679e+02  6.81292069e+02 -3.89127135e+00 
 7.35642254e+02  3.36614221e+02  7.35642254e+02 -4.20160512e+00 
 7.94328235e+02  3.36605527e+02  7.94328235e+02 -4.53667174e+00 
 8.57695899e+02  3.36595390e+02  8.57695899e+02 -4.89843804e+00 
 9.26118728e+02  3.36583572e+02  9.26118728e+02 -5.28902613e+00 
 1.00000000e+03  3.36569795e+02  1.00000000e+03 -5.71072542e+00 
 1.07977516e+03  3.36553733e+02  1.07977516e+03 -6.16600538e+00 
 1.16591440e+03  3.36535009e+02  1.16591440e+03 -6.65752925e+00 
 1.25892541e+03  3.36513180e+02  1.25892541e+03 -7.18816872e+00 
 1.35935639e+03  3.36487733e+02  1.35935639e+03 -7.76101947e+00 
 1.46779927e+03  3.36458069e+02  1.46779927e+03 -8.37941771e+00 
 1.58489319e+03  3.36423490e+02  1.58489319e+03 -9.04695778e+00 
 1.71132830e+03  3.36383183e+02  1.71132830e+03 -9.76751060e+00 
 1.84784980e+03  3.36336200e+02  1.84784980e+03 -1.05452431e+01 
 1.99526231e+03  3.36281439e+02  1.99526231e+03 -1.13846388e+01 
 2.15443469e+03  3.36217615e+02  2.15443469e+03 -1.22905185e+01 
 2.32630507e+03  3.36143232e+02  2.32630507e+03 -1.32680623e+01 
 2.51188643e+03  3.36056549e+02  2.51188643e+03 -1.43228318e+01 
 2.71227258e+03  3.35955541e+02  2.71227258e+03 -1.54607923e+01 
 2.92864456e+03  3.35837850e+02  2.92864456e+03 -1.66883348e+01 
 3.16227766e+03  3.35700737e+02  3.16227766e+03 -1.80122968e+01 
 3.41454887e+03  3.35541016e+02  3.41454887e+03 -1.94399825e+01 
 3.68694506e+03  3.35354987e+02  3.68694506e+03 -2.09791795e+01 
 3.98107171e+03  3.35138353e+02  3.98107171e+03 -2.26381722e+01 
 4.29866235e+03  3.34886130e+02  4.29866235e+03 -2.44257503e+01 
 4.64158883e+03  3.34592537e+02  4.64158883e+03 -2.63512099e+01 
 5.01187234e+03  3.34250882e+02  5.01187234e+03 -2.84243451e+01 
 5.41169527e+03  3.33853421e+02  5.41169527e+03 -3.06554273e+01 
 5.84341413e+03  3.33391207e+02  5.84341413e+03 -3.30551684e+01 
 6.30957344e+03  3.32853917e+02  6.30957344e+03 -3.56346627e+01 
 6.81292069e+03  3.32229664e+02  6.81292069e+03 -3.84053037e+01 
 7.35642254e+03  3.31504787e+02  7.35642254e+03 -4.13786671e+01 
 7.94328235e+03  3.30663624e+02  7.94328235e+03 -4.45663539e+01 
 8.57695899e+03  3.29688271e+02  8.57695899e+03 -4.79797829e+01 
 9.26118728e+03  3.28558328e+02  9.26118728e+03 -5.16299243e+01 
 1.00000000e+04  3.27250647e+02  1.00000000e+04 -5.55269598e+01 
 1.07977516e+04  3.25739076e+02  1.07977516e+04 -5.96798593e+01 
 1.16591440e+04  3.23994241e+02  1.16591440e+04 -6.40958585e+01 
 1.25892541e+04  3.21983354e+02  1.25892541e+04 -6.87798274e+01 
 1.35935639e+04  3.19670104e+02  1.35935639e+04 -7.37335153e+01 
 1.46779927e+04  3.17014646e+02  1.46779927e+04 -7.89546697e+01 
 1.58489319e+04  3.13973745e+02  1.58489319e+04 -8.44360242e+01 
 1.71132830e+04  3.10501116e+02  1.71132830e+04 -9.01641701e+01 
 1.84784980e+04  3.06548025e+02  1.84784980e+04 -9.61183338e+01 
 1.99526231e+04  3.02064213e+02  1.99526231e+04 -1.02269107e+02 
 2.15443469e+04  2.96999209e+02  2.15443469e+04 -1.08577202e+02 
 2.32630507e+04  2.91304072e+02  2.32630507e+04 -1.14992331e+02 
 2.51188643e+04  2.84933602e+02  2.51188643e+04 -1.21452341e+02 
 2.71227258e+04  2.77849013e+02  2.71227258e+04 -1.27882781e+02 
 2.92864456e+04  2.70020995e+02  2.92864456e+04 -1.34197063e+02 
 3.16227766e+04  2.61433047e+02  3.16227766e+04 -1.40297426e+02 
 3.41454887e+04  2.52084849e+02  3.41454887e+04 -1.46076864e+02 
 3.68694506e+04  2.41995399e+02  3.68694506e+04 -1.51422108e+02 
 3.98107171e+04  2.31205526e+02  3.98107171e+04 -1.56217694e+02 
 4.29866235e+04  2.19779409e+02  4.29866235e+04 -1.60350969e+02 
 4.64158883e+04  2.07804721e+02  4.64158883e+04 -1.63717748e+02 
 5.01187234e+04  1.95391131e+02  5.01187234e+04 -1.66228196e+02 
 5.41169527e+04  1.82667074e+02  5.41169527e+04 -1.67812361e+02 
 5.84341413e+04  1.69774876e+02  5.84341413e+04 -1.68424781e+02 
 6.30957344e+04  1.56864603e+02  6.30957344e+04 -1.68047603e+02 
 6.81292069e+04  1.44087163e+02  6.81292069e+04 -1.66691840e+02 
 7.35642254e+04  1.31587323e+02  7.35642254e+04 -1.64396594e+02 
 7.94328235e+04  1.19497325e+02  7.94328235e+04 -1.61226350e+02 
 8.57695899e+04  1.07931669e+02  8.57695899e+04 -1.57266682e+02 
 9.26118728e+04  9.69834697e+01  9.26118728e+04 -1.52618887e+02 
 1.00000000e+05  8.67225490e+01  1.00000000e+05 -1.47394129e+02 
 1.07977516e+05  7.71952089e+01  1.07977516e+05 -1.41707689e+02 
 1.16591440e+05  6.84254512e+01  1.16591440e+05 -1.35673762e+02 
 1.25892541e+05  6.04172931e+01  1.25892541e+05 -1.29401163e+02 
 1.35935639e+05  5.31577860e+01  1.35935639e+05 -1.22990066e+02 
 1.46779927e+05  4.66203644e+01  1.46779927e+05 -1.16529843e+02 
 1.58489319e+05  4.07682087e+01  1.58489319e+05 -1.10097880e+02 
 1.71132830e+05  3.55573896e+01  1.71132830e+05 -1.03759239e+02 
 1.84784980e+05  3.09396391e+01  1.84784980e+05 -9.75669690e+01 
 1.99526231e+05  2.68646743e+01  1.99526231e+05 -9.15628856e+01 
 2.15443469e+05  2.32820521e+01  2.15443469e+05 -8.57786401e+01 
 2.32630507e+05  2.01425779e+01  2.32630507e+05 -8.02369479e+01 
 2.51188643e+05  1.73993174e+01  2.51188643e+05 -7.49528585e+01 
 2.71227258e+05  1.50082683e+01  2.71227258e+05 -6.99349952e+01 
 2.92864456e+05  1.29287590e+01  2.92864456e+05 -6.51867085e+01 
 3.16227766e+05  1.11236325e+01  3.16227766e+05 -6.07071173e+01 
 3.41454887e+05  9.55926875e+00  3.41454887e+05 -5.64920216e+01 
 3.68694506e+05  8.20549331e+00  3.68694506e+05 -5.25346873e+01 
 3.98107171e+05  7.03540703e+00  3.98107171e+05 -4.88265058e+01 
 4.29866235e+05  6.02516741e+00  4.29866235e+05 -4.53575418e+01 
 4.64158883e+05  5.15374321e+00  4.64158883e+05 -4.21169786e+01 
 5.01187234e+05  4.40265902e+00  5.01187234e+05 -3.90934769e+01 
 5.41169527e+05  3.75574110e+00  5.41169527e+05 -3.62754577e+01 
 5.84341413e+05  3.19887263e+00  5.84341413e+05 -3.36513225e+01 
 6.30957344e+05  2.71976325e+00  6.30957344e+05 -3.12096216e+01 
 6.81292069e+05  2.30773581e+00  6.81292069e+05 -2.89391798e+01 
 7.35642254e+05  1.95353170e+00  7.35642254e+05 -2.68291872e+01 
 7.94328235e+05  1.64913504e+00  7.94328235e+05 -2.48692622e+01 
 8.57695899e+05  1.38761521e+00  8.57695899e+05 -2.30494935e+01 
 9.26118728e+05  1.16298682e+00  9.26118728e+05 -2.13604642e+01 
 1.00000000e+06  9.70085883e-01  1.00000000e+06 -1.97932623e+01 
 1.07977516e+06  8.04460896e-01  1.07977516e+06 -1.83394821e+01 
 1.16591440e+06  6.62277284e-01  1.16591440e+06 -1.69912174e+01 
 1.25892541e+06  5.40233977e-01  1.25892541e+06 -1.57410487e+01 
 1.35935639e+06  4.35490705e-01  1.35935639e+06 -1.45820271e+01 
 1.46779927e+06  3.45604802e-01  1.46779927e+06 -1.35076554e+01 
 1.58489319e+06  2.68476392e-01  1.58489319e+06 -1.25118669e+01 
 1.71132830e+06  2.02300912e-01  1.71132830e+06 -1.15890036e+01 
 1.84784980e+06  1.45528059e-01  1.84784980e+06 -1.07337945e+01 
 1.99526231e+06  9.68263308e-02  1.99526231e+06 -9.94133242e+00 
 2.15443469e+06  5.50524292e-02  2.15443469e+06 -9.20705297e+00 
 2.32630507e+06  1.92248901e-02  2.32630507e+06 -8.52671283e+00 
 2.51188643e+06 -1.14986338e-02  2.51188643e+06 -7.89636929e+00 
 2.71227258e+06 -3.78409248e-02  2.71227258e+06 -7.31236059e+00 
 2.92864456e+06 -6.04220179e-02  2.92864456e+06 -6.77128715e+00 
 3.16227766e+06 -7.97736589e-02  3.16227766e+06 -6.26999378e+00 
 3.41454887e+06 -9.63517260e-02  3.41454887e+06 -5.80555288e+00 
 3.68694506e+06 -1.10546897e-01  3.68694506e+06 -5.37524866e+00 
 3.98107171e+06 -1.22693802e-01  3.98107171e+06 -4.97656219e+00 
 4.29866235e+06 -1.33078877e-01  4.29866235e+06 -4.60715756e+00 
 4.64158883e+06 -1.41947092e-01  4.64158883e+06 -4.26486878e+00 
 5.01187234e+06 -1.49507712e-01  5.01187234e+06 -3.94768766e+00 
 5.41169527e+06 -1.55939227e-01  5.41169527e+06 -3.65375243e+00 
 5.84341413e+06 -1.61393565e-01  5.84341413e+06 -3.38133721e+00 
 6.30957344e+06 -1.65999685e-01  6.30957344e+06 -3.12884211e+00 
 6.81292069e+06 -1.69866639e-01  6.81292069e+06 -2.89478419e+00 
 7.35642254e+06 -1.73086171e-01  7.35642254e+06 -2.67778892e+00 
 7.94328235e+06 -1.75734927e-01  7.94328235e+06 -2.47658237e+00 
 8.57695899e+06 -1.77876315e-01  8.57695899e+06 -2.28998391e+00 
 9.26118728e+06 -1.79562083e-01  9.26118728e+06 -2.11689957e+00 
 1.00000000e+07 -1.80833643e-01  1.00000000e+07 -1.95631580e+00 
 1.07977516e+07 -1.81723183e-01  1.07977516e+07 -1.80729383e+00 
 1.16591440e+07 -1.82254613e-01  1.16591440e+07 -1.66896450e+00 
 1.25892541e+07 -1.82444365e-01  1.25892541e+07 -1.54052343e+00 
 1.35935639e+07 -1.82302094e-01  1.35935639e+07 -1.42122679e+00 
 1.46779927e+07 -1.81831309e-01  1.46779927e+07 -1.31038739e+00 
 1.58489319e+07 -1.81029974e-01  1.58489319e+07 -1.20737113e+00 
 1.71132830e+07 -1.79891117e-01  1.71132830e+07 -1.11159390e+00 
 1.84784980e+07 -1.78403490e-01  1.84784980e+07 -1.02251880e+00 
 1.99526231e+07 -1.76552330e-01  1.99526231e+07 -9.39653589e-01 
 2.15443469e+07 -1.74320257e-01  2.15443469e+07 -8.62548479e-01 
 2.32630507e+07 -1.71688354e-01  2.32630507e+07 -7.90794083e-01 
 2.51188643e+07 -1.68637475e-01  2.51188643e+07 -7.24019464e-01 
 2.71227258e+07 -1.65149774e-01  2.71227258e+07 -6.61890225e-01 
 2.92864456e+07 -1.61210469e-01  2.92864456e+07 -6.04106486e-01 
 3.16227766e+07 -1.56809796e-01  3.16227766e+07 -5.50400665e-01 
 3.41454887e+07 -1.51945063e-01  3.41454887e+07 -5.00534908e-01 
 3.68694506e+07 -1.46622671e-01  3.68694506e+07 -4.54298101e-01 
 3.98107171e+07 -1.40859940e-01  3.98107171e+07 -4.11502388e-01 
 4.29866235e+07 -1.34686499e-01  4.29866235e+07 -3.71979201e-01 
 4.64158883e+07 -1.28145046e-01  4.64158883e+07 -3.35574897e-01 
 5.01187234e+07 -1.21291264e-01  5.01187234e+07 -3.02146178e-01 
 5.41169527e+07 -1.14192760e-01  5.41169527e+07 -2.71555551e-01 
 5.84341413e+07 -1.06927003e-01  5.84341413e+07 -2.43667163e-01 
 6.30957344e+07 -9.95783682e-02  6.30957344e+07 -2.18343338e-01 
 6.81292069e+07 -9.22344926e-02  6.81292069e+07 -1.95442098e-01 
 7.35642254e+07 -8.49823063e-02  7.35642254e+07 -1.74815865e-01 
 7.94328235e+07 -7.79041050e-02  7.94328235e+07 -1.56311390e-01 
 8.57695899e+07 -7.10740535e-02  8.57695899e+07 -1.39770809e-01 
 9.26118728e+07 -6.45554270e-02  9.26118728e+07 -1.25033599e-01 
 1.00000000e+08 -5.83987867e-02  1.00000000e+08 -1.11939113e-01 
 1.07977516e+08 -5.26411512e-02  1.07977516e+08 -1.00329353e-01 
 1.16591440e+08 -4.73061042e-02  1.16591440e+08 -9.00516609e-02 
 1.25892541e+08 -4.24046829e-02  1.25892541e+08 -8.09610685e-02 
 1.35935639e+08 -3.79368355e-02  1.35935639e+08 -7.29221436e-02 
 1.46779927e+08 -3.38932257e-02  1.46779927e+08 -6.58102561e-02 
 1.58489319e+08 -3.02571746e-02  1.58489319e+08 -5.95122659e-02 
 1.71132830e+08 -2.70065710e-02  1.71132830e+08 -5.39266917e-02 
 1.84784980e+08 -2.41156301e-02  1.84784980e+08 -4.89634532e-02 
 1.99526231e+08 -2.15564217e-02  1.99526231e+08 -4.45432928e-02 
 2.15443469e+08 -1.93001375e-02  2.15443469e+08 -4.05969811e-02 
 2.32630507e+08 -1.73180887e-02  2.32630507e+08 -3.70643977e-02 
 2.51188643e+08 -1.55824553e-02  2.51188643e+08 -3.38935606e-02 
 2.71227258e+08 -1.40668149e-02  2.71227258e+08 -3.10396631e-02 
 2.92864456e+08 -1.27464859e-02  2.92864456e+08 -2.84641548e-02 
 3.16227766e+08 -1.15987233e-02  3.16227766e+08 -2.61338923e-02 
 3.41454887e+08 -1.06027991e-02  3.41454887e+08 -2.40203738e-02 
 3.68694506e+08 -9.73999716e-03  3.68694506e+08 -2.20990600e-02 
 3.98107171e+08 -8.99354879e-03  3.98107171e+08 -2.03487828e-02 
 4.29866235e+08 -8.34852748e-03  4.29866235e+08 -1.87512338e-02 
 4.64158883e+08 -7.79171940e-03  4.64158883e+08 -1.72905290e-02 
 5.01187234e+08 -7.31148130e-03  5.01187234e+08 -1.59528378e-02 
 5.41169527e+08 -6.89759431e-03  5.41169527e+08 -1.47260713e-02 
 5.84341413e+08 -6.54111985e-03  5.84341413e+08 -1.35996196e-02 
 6.30957344e+08 -6.23426173e-03  6.30957344e+08 -1.25641322e-02 
 6.81292069e+08 -5.97023678e-03  6.81292069e+08 -1.16113335e-02 
 7.35642254e+08 -5.74315563e-03  7.35642254e+08 -1.07338696e-02 
 7.94328235e+08 -5.54791414e-03  7.94328235e+08 -9.92517910e-03 
 8.57695899e+08 -5.38009546e-03  8.57695899e+08 -9.17938560e-03 
 9.26118728e+08 -5.23588254e-03  9.26118728e+08 -8.49120721e-03 
 1.00000000e+09 -5.11198028e-03  1.00000000e+09 -7.85588057e-03 
 1.07977516e+09 -5.00554686e-03  1.07977516e+09 -7.26909667e-03 
 1.16591440e+09 -4.91413327e-03  1.16591440e+09 -6.72694657e-03 
 1.25892541e+09 -4.83563041e-03  1.25892541e+09 -6.22587530e-03 
 1.35935639e+09 -4.76822282e-03  1.35935639e+09 -5.76264245e-03 
 1.46779927e+09 -4.71034853e-03  1.46779927e+09 -5.33428835e-03 
 1.58489319e+09 -4.66066409e-03  1.58489319e+09 -4.93810498e-03 
 1.71132830e+09 -4.61801434e-03  1.71132830e+09 -4.57161069e-03 
 1.84784980e+09 -4.58140628e-03  1.84784980e+09 -4.23252815e-03 
 1.99526231e+09 -4.54998645e-03  1.99526231e+09 -3.91876505e-03 
 2.15443469e+09 -4.52302145e-03  2.15443469e+09 -3.62839705e-03 
 2.32630507e+09 -4.49988116e-03  2.32630507e+09 -3.35965273e-03 
 2.51188643e+09 -4.48002427e-03  2.51188643e+09 -3.11090011e-03 
 2.71227258e+09 -4.46298583e-03  2.71227258e+09 -2.88063466e-03 
 2.92864456e+09 -4.44836652e-03  2.92864456e+09 -2.66746854e-03 
 3.16227766e+09 -4.43582344e-03  3.16227766e+09 -2.47012081e-03 
 3.41454887e+09 -4.42506215e-03  3.41454887e+09 -2.28740875e-03 
 3.68694506e+09 -4.41582989e-03  3.68694506e+09 -2.11823982e-03 
 3.98107171e+09 -4.40790965e-03  3.98107171e+09 -1.96160447e-03 
 4.29866235e+09 -4.40111517e-03  4.29866235e+09 -1.81656956e-03 
 4.64158883e+09 -4.39528660e-03  4.64158883e+09 -1.68227231e-03 
 5.01187234e+09 -4.39028672e-03  5.01187234e+09 -1.55791488e-03 
 5.41169527e+09 -4.38599780e-03  5.41169527e+09 -1.44275926e-03 
 5.84341413e+09 -4.38231880e-03  5.84341413e+09 -1.33612274e-03 
 6.30957344e+09 -4.37916304e-03  6.30957344e+09 -1.23737360e-03 
 6.81292069e+09 -4.37645614e-03  6.81292069e+09 -1.14592729e-03 
 7.35642254e+09 -4.37413428e-03  7.35642254e+09 -1.06124280e-03 
 7.94328235e+09 -4.37214270e-03  7.94328235e+09 -9.82819415e-04 
 8.57695899e+09 -4.37043445e-03  8.57695899e+09 -9.10193622e-04 
 9.26118728e+09 -4.36896922e-03  9.26118728e+09 -8.42936359e-04 
 1.00000000e+10 -4.36771245e-03  1.00000000e+10 -7.80650407e-04 
