 1.00000000e+00  3.34134573e+02  1.00000000e+00 -3.96690180e-03 
 1.07977516e+00  3.34134573e+02  1.07977516e+00 -4.28336204e-03 
 1.16591440e+00  3.34134573e+02  1.16591440e+00 -4.62506794e-03 
 1.25892541e+00  3.34134573e+02  1.25892541e+00 -4.99403349e-03 
 1.35935639e+00  3.34134573e+02  1.35935639e+00 -5.39243332e-03 
 1.46779927e+00  3.34134573e+02  1.46779927e+00 -5.82261556e-03 
 1.58489319e+00  3.34134573e+02  1.58489319e+00 -6.28711566e-03 
 1.71132830e+00  3.34134573e+02  1.71132830e+00 -6.78867133e-03 
 1.84784980e+00  3.34134573e+02  1.84784980e+00 -7.33023869e-03 
 1.99526231e+00  3.34134573e+02  1.99526231e+00 -7.91500967e-03 
 2.15443469e+00  3.34134573e+02  2.15443469e+00 -8.54643085e-03 
 2.32630507e+00  3.34134573e+02  2.32630507e+00 -9.22822376e-03 
 2.51188643e+00  3.34134573e+02  2.51188643e+00 -9.96440681e-03 
 2.71227258e+00  3.34134573e+02  2.71227258e+00 -1.07593190e-02 
 2.92864456e+00  3.34134573e+02  2.92864456e+00 -1.16176454e-02 
 3.16227766e+00  3.34134573e+02  3.16227766e+00 -1.25444449e-02 
 3.41454887e+00  3.34134572e+02  3.41454887e+00 -1.35451801e-02 
 3.68694506e+00  3.34134572e+02  3.68694506e+00 -1.46257490e-02 
 3.98107171e+00  3.34134572e+02  3.98107171e+00 -1.57925205e-02 
 4.29866235e+00  3.34134572e+02  4.29866235e+00 -1.70523714e-02 
 4.64158883e+00  3.34134572e+02  4.64158883e+00 -1.84127271e-02 
 5.01187234e+00  3.34134572e+02  5.01187234e+00 -1.98816053e-02 
 5.41169527e+00  3.34134572e+02  5.41169527e+00 -2.14676636e-02 
 5.84341413e+00  3.34134571e+02  5.84341413e+00 -2.31802500e-02 
 6.30957344e+00  3.34134571e+02  6.30957344e+00 -2.50294581e-02 
 6.81292069e+00  3.34134571e+02  6.81292069e+00 -2.70261872e-02 
 7.35642254e+00  3.34134570e+02  7.35642254e+00 -2.91822056e-02 
 7.94328235e+00  3.34134570e+02  7.94328235e+00 -3.15102208e-02 
 8.57695899e+00  3.34134570e+02  8.57695899e+00 -3.40239537e-02 
 9.26118728e+00  3.34134569e+02  9.26118728e+00 -3.67382201e-02 
 1.00000000e+01  3.34134568e+02  1.00000000e+01 -3.96690175e-02 
 1.07977516e+01  3.34134568e+02  1.07977516e+01 -4.28336197e-02 
 1.16591440e+01  3.34134567e+02  1.16591440e+01 -4.62506785e-02 
 1.25892541e+01  3.34134566e+02  1.25892541e+01 -4.99403338e-02 
 1.35935639e+01  3.34134564e+02  1.35935639e+01 -5.39243318e-02 
 1.46779927e+01  3.34134563e+02  1.46779927e+01 -5.82261539e-02 
 1.58489319e+01  3.34134561e+02  1.58489319e+01 -6.28711544e-02 
 1.71132830e+01  3.34134559e+02  1.71132830e+01 -6.78867106e-02 
 1.84784980e+01  3.34134557e+02  1.84784980e+01 -7.33023834e-02 
 1.99526231e+01  3.34134554e+02  1.99526231e+01 -7.91500923e-02 
 2.15443469e+01  3.34134551e+02  2.15443469e+01 -8.54643030e-02 
 2.32630507e+01  3.34134548e+02  2.32630507e+01 -9.22822306e-02 
 2.51188643e+01  3.34134543e+02  2.51188643e+01 -9.96440593e-02 
 2.71227258e+01  3.34134538e+02  2.71227258e+01 -1.07593179e-01 
 2.92864456e+01  3.34134533e+02  2.92864456e+01 -1.16176440e-01 
 3.16227766e+01  3.34134526e+02  3.16227766e+01 -1.25444432e-01 
 3.41454887e+01  3.34134518e+02  3.41454887e+01 -1.35451779e-01 
 3.68694506e+01  3.34134509e+02  3.68694506e+01 -1.46257462e-01 
 3.98107171e+01  3.34134498e+02  3.98107171e+01 -1.57925170e-01 
 4.29866235e+01  3.34134486e+02  4.29866235e+01 -1.70523670e-01 
 4.64158883e+01  3.34134472e+02  4.64158883e+01 -1.84127215e-01 
 5.01187234e+01  3.34134455e+02  5.01187234e+01 -1.98815984e-01 
 5.41169527e+01  3.34134435e+02  5.41169527e+01 -2.14676549e-01 
 5.84341413e+01  3.34134412e+02  5.84341413e+01 -2.31802389e-01 
 6.30957344e+01  3.34134386e+02  6.30957344e+01 -2.50294443e-01 
 6.81292069e+01  3.34134355e+02  6.81292069e+01 -2.70261697e-01 
 7.35642254e+01  3.34134318e+02  7.35642254e+01 -2.91821836e-01 
 7.94328235e+01  3.34134276e+02  7.94328235e+01 -3.15101931e-01 
 8.57695899e+01  3.34134227e+02  8.57695899e+01 -3.40239189e-01 
 9.26118728e+01  3.34134169e+02  9.26118728e+01 -3.67381762e-01 
 1.00000000e+02  3.34134102e+02  1.00000000e+02 -3.96689622e-01 
 1.07977516e+02  3.34134024e+02  1.07977516e+02 -4.28335501e-01 
 1.16591440e+02  3.34133933e+02  1.16591440e+02 -4.62505910e-01 
 1.25892541e+02  3.34133827e+02  1.25892541e+02 -4.99402235e-01 
 1.35935639e+02  3.34133704e+02  1.35935639e+02 -5.39241930e-01 
 1.46779927e+02  3.34133559e+02  1.46779927e+02 -5.82259791e-01 
 1.58489319e+02  3.34133391e+02  1.58489319e+02 -6.28709344e-01 
 1.71132830e+02  3.34133195e+02  1.71132830e+02 -6.78864336e-01 
 1.84784980e+02  3.34132966e+02  1.84784980e+02 -7.33020348e-01 
 1.99526231e+02  3.34132700e+02  1.99526231e+02 -7.91496534e-01 
 2.15443469e+02  3.34132389e+02  2.15443469e+02 -8.54637505e-01 
 2.32630507e+02  3.34132027e+02  2.32630507e+02 -9.22815350e-01 
 2.51188643e+02  3.34131604e+02  2.51188643e+02 -9.96431836e-01 
 2.71227258e+02  3.34131112e+02  2.71227258e+02 -1.07592076e+00 
 2.92864456e+02  3.34130537e+02  2.92864456e+02 -1.16175052e+00 
 3.16227766e+02  3.34129868e+02  3.16227766e+02 -1.25442685e+00 
 3.41454887e+02  3.34129087e+02  3.41454887e+02 -1.35449579e+00 
 3.68694506e+02  3.34128177e+02  3.68694506e+02 -1.46254693e+00 
 3.98107171e+02  3.34127116e+02  3.98107171e+02 -1.57921684e+00 
 4.29866235e+02  3.34125878e+02  4.29866235e+02 -1.70519281e+00 
 4.64158883e+02  3.34124436e+02  4.64158883e+02 -1.84121690e+00 
 5.01187234e+02  3.34122754e+02  5.01187234e+02 -1.98809028e+00 
 5.41169527e+02  3.34120793e+02  5.41169527e+02 -2.14667792e+00 
 5.84341413e+02  3.34118507e+02  5.84341413e+02 -2.31791365e+00 
 6.30957344e+02  3.34115842e+02  6.30957344e+02 -2.50280564e+00 
 6.81292069e+02  3.34112734e+02  6.81292069e+02 -2.70244225e+00 
 7.35642254e+02  3.34109111e+02  7.35642254e+02 -2.91799841e+00 
 7.94328235e+02  3.34104887e+02  7.94328235e+02 -3.15074241e+00 
 8.57695899e+02  3.34099962e+02  8.57695899e+02 -3.40204329e+00 
 9.26118728e+02  3.34094220e+02  9.26118728e+02 -3.67337877e+00 
 1.00000000e+03  3.34087526e+02  1.00000000e+03 -3.96634376e+00 
 1.07977516e+03  3.34079722e+02  1.07977516e+03 -4.28265952e+00 
 1.16591440e+03  3.34070623e+02  1.16591440e+03 -4.62418354e+00 
 1.25892541e+03  3.34060015e+02  1.25892541e+03 -4.99292013e+00 
 1.35935639e+03  3.34047648e+02  1.35935639e+03 -5.39103174e+00 
 1.46779927e+03  3.34033230e+02  1.46779927e+03 -5.82085115e+00 
 1.58489319e+03  3.34016422e+02  1.58489319e+03 -6.28489451e+00 
 1.71132830e+03  3.33996827e+02  1.71132830e+03 -6.78587524e+00 
 1.84784980e+03  3.33973984e+02  1.84784980e+03 -7.32671885e+00 
 1.99526231e+03  3.33947355e+02  1.99526231e+03 -7.91057881e+00 
 2.15443469e+03  3.33916313e+02  2.15443469e+03 -8.54085325e+00 
 2.32630507e+03  3.33880128e+02  2.32630507e+03 -9.22120273e+00 
 2.51188643e+03  3.33837949e+02  2.51188643e+03 -9.95556897e+00 
 2.71227258e+03  3.33788786e+02  2.71227258e+03 -1.07481944e+01 
 2.92864456e+03  3.33731484e+02  2.92864456e+03 -1.16036428e+01 
 3.16227766e+03  3.33664699e+02  3.16227766e+03 -1.25268203e+01 
 3.41454887e+03  3.33586868e+02  3.41454887e+03 -1.35229971e+01 
 3.68694506e+03  3.33496169e+02  3.68694506e+03 -1.45978299e+01 
 3.98107171e+03  3.33390485e+02  3.98107171e+03 -1.57573836e+01 
 4.29866235e+03  3.33267350e+02  4.29866235e+03 -1.70081529e+01 
 4.64158883e+03  3.33123900e+02  4.64158883e+03 -1.83570833e+01 
 5.01187234e+03  3.32956805e+02  5.01187234e+03 -1.98115891e+01 
 5.41169527e+03  3.32762199e+02  5.41169527e+03 -2.13795698e+01 
 5.84341413e+03  3.32535591e+02  5.84341413e+03 -2.30694219e+01 
 6.30957344e+03  3.32271774e+02  6.30957344e+03 -2.48900445e+01 
 6.81292069e+03  3.31964714e+02  6.81292069e+03 -2.68508378e+01 
 7.35642254e+03  3.31607424e+02  7.35642254e+03 -2.89616913e+01 
 7.94328235e+03  3.31191823e+02  7.94328235e+03 -3.12329572e+01 
 8.57695899e+03  3.30708580e+02  8.57695899e+03 -3.36754084e+01 
 9.26118728e+03  3.30146935e+02  9.26118728e+03 -3.63001721e+01 
 1.00000000e+04  3.29494508e+02  1.00000000e+04 -3.91186365e+01 
 1.07977516e+04  3.28737079e+02  1.07977516e+04 -4.21423225e+01 
 1.16591440e+04  3.27858363e+02  1.16591440e+04 -4.53827111e+01 
 1.25892541e+04  3.26839763e+02  1.25892541e+04 -4.88510192e+01 
 1.35935639e+04  3.25660118e+02  1.35935639e+04 -5.25579111e+01 
 1.46779927e+04  3.24295450e+02  1.46779927e+04 -5.65131340e+01 
 1.58489319e+04  3.22718721e+02  1.58489319e+04 -6.07250657e+01 
 1.71132830e+04  3.20899622e+02  1.71132830e+04 -6.52001601e+01 
 1.84784980e+04  3.18804409e+02  1.84784980e+04 -6.99422789e+01 
 1.99526231e+04  3.16395823e+02  1.99526231e+04 -7.49519000e+01 
 2.15443469e+04  3.13633127e+02  2.15443469e+04 -8.02251975e+01 
 2.32630507e+04  3.10472307e+02  2.32630507e+04 -8.57529954e+01 
 2.51188643e+04  3.06866494e+02  2.51188643e+04 -9.15196115e+01 
 2.71227258e+04  3.02766665e+02  2.71227258e+04 -9.75016215e+01 
 2.92864456e+04  2.98122684e+02  2.92864456e+04 -1.03666597e+02 
 3.16227766e+04  2.92884746e+02  3.16227766e+04 -1.09971899e+02 
 3.41454887e+04  2.87005268e+02  3.41454887e+04 -1.16363637e+02 
 3.68694506e+04  2.80441241e+02  3.68694506e+04 -1.22775938e+02 
 3.98107171e+04  2.73157028e+02  3.98107171e+04 -1.29130694e+02 
 4.29866235e+04  2.65127518e+02  4.29866235e+04 -1.35337981e+02 
 4.64158883e+04  2.56341470e+02  4.64158883e+04 -1.41297324e+02 
 5.01187234e+04  2.46804825e+02  5.01187234e+04 -1.46899963e+02 
 5.41169527e+04  2.36543646e+02  5.41169527e+04 -1.52032193e+02 
 5.84341413e+04  2.25606318e+02  5.84341413e+04 -1.56579740e+02 
 6.30957344e+04  2.14064626e+02  6.30957344e+04 -1.60432993e+02 
 6.81292069e+04  2.02013365e+02  6.81292069e+04 -1.63492757e+02 
 7.35642254e+04  1.89568259e+02  7.35642254e+04 -1.65676038e+02 
 7.94328235e+04  1.76862169e+02  7.94328235e+04 -1.66921283e+02 
 8.57695899e+04  1.64039772e+02  8.57695899e+04 -1.67192509e+02 
 9.26118728e+04  1.51251131e+02  9.26118728e+04 -1.66481789e+02 
 1.00000000e+05  1.38644737e+02  1.00000000e+05 -1.64809821e+02 
 1.07977516e+05  1.26360711e+02  1.07977516e+05 -1.62224468e+02 
 1.16591440e+05  1.14524804e+02  1.16591440e+05 -1.58797484e+02 
 1.25892541e+05  1.03243724e+02  1.25892541e+05 -1.54619825e+02 
 1.35935639e+05  9.26021001e+01  1.35935639e+05 -1.49796080e+02 
 1.46779927e+05  8.26611811e+01  1.46779927e+05 -1.44438640e+02 
 1.58489319e+05  7.34591340e+01  1.58489319e+05 -1.38662126e+02 
 1.71132830e+05  6.50126729e+01  1.71132830e+05 -1.32578509e+02 
 1.84784980e+05  5.73196414e+01  1.84784980e+05 -1.26293179e+02 
 1.99526231e+05  5.03621614e+01  1.99526231e+05 -1.19902098e+02 
 2.15443469e+05  4.41099941e+01  2.15443469e+05 -1.13489995e+02 
 2.32630507e+05  3.85238266e+01  2.32630507e+05 -1.07129497e+02 
 2.51188643e+05  3.35582784e+01  2.51188643e+05 -1.00881040e+02 
 2.71227258e+05  2.91645065e+01  2.71227258e+05 -9.47933560e+01 
 2.92864456e+05  2.52923513e+01  2.92864456e+05 -8.89043643e+01 
 3.16227766e+05  2.18920224e+01  3.16227766e+05 -8.32423000e+01 
 3.41454887e+05  1.89153555e+01  3.41454887e+05 -7.78269593e+01 
 3.68694506e+05  1.63166939e+01  3.68694506e+05 -7.26709573e+01 
 3.98107171e+05  1.40534552e+01  3.98107171e+05 -6.77809332e+01 
 4.29866235e+05  1.20864478e+01  4.29866235e+05 -6.31586603e+01 
 4.64158883e+05  1.03799919e+01  4.64158883e+05 -5.88020363e+01 
 5.01187234e+05  8.90189966e+00  5.01187234e+05 -5.47059459e+01 
 5.41169527e+05  7.62335246e+00  5.41169527e+05 -5.08629957e+01 
 5.84341413e+05  6.51871331e+00  5.84341413e+05 -4.72641306e+01 
 6.30957344e+05  5.56529817e+00  6.30957344e+05 -4.38991405e+01 
 6.81292069e+05  4.74312745e+00  6.81292069e+05 -4.07570717e+01 
 7.35642254e+05  4.03467167e+00  7.35642254e+05 -3.78265558e+01 
 7.94328235e+05  3.42460172e+00  7.94328235e+05 -3.50960677e+01 
 8.57695899e+05  2.89955022e+00  8.57695899e+05 -3.25541260e+01 
 9.26118728e+05  2.44788841e+00  9.26118728e+05 -3.01894439e+01 
 1.00000000e+06  2.05952067e+00  1.00000000e+06 -2.79910413e+01 
 1.07977516e+06  1.72569770e+00  1.07977516e+06 -2.59483252e+01 
 1.16591440e+06  1.43884829e+00  1.16591440e+06 -2.40511443e+01 
 1.25892541e+06  1.19242910e+00  1.25892541e+06 -2.22898237e+01 
 1.35935639e+06  9.80791294e-01  1.35935639e+06 -2.06551842e+01 
 1.46779927e+06  7.99062847e-01  1.46779927e+06 -1.91385495e+01 
 1.58489319e+06  6.43045137e-01  1.58489319e+06 -1.77317441e+01 
 1.71132830e+06  5.09122382e-01  1.71132830e+06 -1.64270842e+01 
 1.84784980e+06  3.94182620e-01  1.84784980e+06 -1.52173643e+01 
 1.99526231e+06  2.95548920e-01  1.99526231e+06 -1.40958395e+01 
 2.15443469e+06  2.10919638e-01  2.15443469e+06 -1.30562062e+01 
 2.32630507e+06  1.38316622e-01  2.32630507e+06 -1.20925808e+01 
 2.51188643e+06  7.60403955e-02  2.51188643e+06 -1.11994777e+01 
 2.71227258e+06  2.26314115e-02  2.71227258e+06 -1.03717874e+01 
 2.92864456e+06 -2.31633824e-02  2.92864456e+06 -9.60475437e+00 
 3.16227766e+06 -6.24193795e-02  3.16227766e+06 -8.89395557e+00 
 3.41454887e+06 -9.60591525e-02  3.41454887e+06 -8.23527947e+00 
 3.68694506e+06 -1.24873831e-01  3.68694506e+06 -7.62490601e+00 
 3.98107171e+06 -1.49541484e-01  3.98107171e+06 -7.05928730e+00 
 4.29866235e+06 -1.70642919e-01  4.29866235e+06 -6.53512938e+00 
 4.64158883e+06 -1.88675240e-01  4.64158883e+06 -6.04937492e+00 
 5.01187234e+06 -2.04063480e-01  5.01187234e+06 -5.59918685e+00 
 5.41169527e+06 -2.17170567e-01  5.41169527e+06 -5.18193306e+00 
 5.84341413e+06 -2.28305856e-01  5.84341413e+06 -4.79517195e+00 
 6.30957344e+06 -2.37732420e-01  6.30957344e+06 -4.43663906e+00 
 6.81292069e+06 -2.45673275e-01  6.81292069e+06 -4.10423440e+00 
 7.35642254e+06 -2.52316684e-01  7.35642254e+06 -3.79601086e+00 
 7.94328235e+06 -2.57820673e-01  7.94328235e+06 -3.51016327e+00 
 8.57695899e+06 -2.62316859e-01  8.57695899e+06 -3.24501838e+00 
 9.26118728e+06 -2.65913707e-01  9.26118728e+06 -2.99902554e+00 
 1.00000000e+07 -2.68699282e-01  1.00000000e+07 -2.77074815e+00 
 1.07977516e+07 -2.70743596e-01  1.07977516e+07 -2.55885573e+00 
 1.16591440e+07 -2.72100609e-01  1.16591440e+07 -2.36211680e+00 
 1.25892541e+07 -2.72809958e-01  1.25892541e+07 -2.17939225e+00 
 1.35935639e+07 -2.72898488e-01  1.35935639e+07 -2.00962945e+00 
 1.46779927e+07 -2.72381651e-01  1.46779927e+07 -1.85185688e+00 
 1.58489319e+07 -2.71264836e-01  1.58489319e+07 -1.70517934e+00 
 1.71132830e+07 -2.69544723e-01  1.71132830e+07 -1.56877363e+00 
 1.84784980e+07 -2.67210717e-01  1.84784980e+07 -1.44188479e+00 
 1.99526231e+07 -2.64246552e-01  1.99526231e+07 -1.32382260e+00 
 2.15443469e+07 -2.60632124e-01  2.15443469e+07 -1.21395847e+00 
 2.32630507e+07 -2.56345616e-01  2.32630507e+07 -1.11172245e+00 
 2.51188643e+07 -2.51365955e-01  2.51188643e+07 -1.01660038e+00 
 2.71227258e+07 -2.45675583e-01  2.71227258e+07 -9.28130752e-01 
 2.92864456e+07 -2.39263503e-01  2.92864456e+07 -8.45901445e-01 
 3.16227766e+07 -2.32128474e-01  3.16227766e+07 -7.69545833e-01 
 3.41454887e+07 -2.24282170e-01  3.41454887e+07 -6.98738335e-01 
 3.68694506e+07 -2.15752040e-01  3.68694506e+07 -6.33189199e-01 
 3.98107171e+07 -2.06583544e-01  3.98107171e+07 -5.72638565e-01 
 4.29866235e+07 -1.96841447e-01  4.29866235e+07 -5.16849902e-01 
 4.64158883e+07 -1.86609859e-01  4.64158883e+07 -4.65603102e-01 
 5.01187234e+07 -1.75990806e-01  5.01187234e+07 -4.18687594e-01 
 5.41169527e+07 -1.65101290e-01  5.41169527e+07 -3.75895989e-01 
 5.84341413e+07 -1.54068954e-01  5.84341413e+07 -3.37018725e-01 
 6.30957344e+07 -1.43026697e-01  6.30957344e+07 -3.01840181e-01 
 6.81292069e+07 -1.32106728e-01  6.81292069e+07 -2.70136555e-01 
 7.35642254e+07 -1.21434635e-01  7.35642254e+07 -2.41675582e-01 
 7.94328235e+07 -1.11124057e-01  7.94328235e+07 -2.16217992e-01 
 8.57695899e+07 -1.01272432e-01  8.57695899e+07 -1.93520337e-01 
 9.26118728e+07 -9.19581281e-02  9.26118728e+07 -1.73338764e-01 
 1.00000000e+08 -8.32390835e-02  1.00000000e+08 -1.55433166e-01 
 1.07977516e+08 -7.51528631e-02  1.07977516e+08 -1.39571262e-01 
 1.16591440e+08 -6.77179174e-02  1.16591440e+08 -1.25532187e-01 
 1.25892541e+08 -6.09357275e-02  1.25892541e+08 -1.13109338e-01 
 1.35935639e+08 -5.47934992e-02  1.35935639e+08 -1.02112353e-01 
 1.46779927e+08 -4.92670885e-02  1.46779927e+08 -9.23682117e-02 
 1.58489319e+08 -4.43238988e-02  1.58489319e+08 -8.37215491e-02 
 1.71132830e+08 -3.99255599e-02  1.71132830e+08 -7.60343078e-02 
 1.84784980e+08 -3.60302684e-02  1.84784980e+08 -6.91848969e-02 
 1.99526231e+08 -3.25947337e-02  1.99526231e+08 -6.30670122e-02 
 2.15443469e+08 -2.95757199e-02  2.15443469e+08 -5.75882566e-02 
 2.32630507e+08 -2.69312072e-02  2.32630507e+08 -5.26686773e-02 
 2.51188643e+08 -2.46212165e-02  2.51188643e+08 -4.82393055e-02 
 2.71227258e+08 -2.26083514e-02  2.71227258e+08 -4.42407610e-02 
 2.92864456e+08 -2.08581109e-02  2.92864456e+08 -4.06219587e-02 
 3.16227766e+08 -1.93390248e-02  3.16227766e+08 -3.73389399e-02 
 3.41454887e+08 -1.80226573e-02  3.41454887e+08 -3.43538354e-02 
 3.68694506e+08 -1.68835167e-02  3.68694506e+08 -3.16339593e-02 
 3.98107171e+08 -1.58989017e-02  3.98107171e+08 -2.91510266e-02 
 4.29866235e+08 -1.50487093e-02  4.29866235e+08 -2.68804834e-02 
 4.64158883e+08 -1.43152216e-02  4.64158883e+08 -2.48009389e-02 
 5.01187234e+08 -1.36828862e-02  5.01187234e+08 -2.28936852e-02 
 5.41169527e+08 -1.31380978e-02  5.41169527e+08 -2.11422934e-02 
 5.84341413e+08 -1.26689892e-02  5.84341413e+08 -1.95322756e-02 
 6.30957344e+08 -1.22652348e-02  6.30957344e+08 -1.80508016e-02 
 6.81292069e+08 -1.19178686e-02  6.81292069e+08 -1.66864622e-02 
 7.35642254e+08 -1.16191190e-02  7.35642254e+08 -1.54290714e-02 
 7.94328235e+08 -1.13622595e-02  7.94328235e+08 -1.42695009e-02 
 8.57695899e+08 -1.11414753e-02  8.57695899e+08 -1.31995411e-02 
 9.26118728e+08 -1.09517443e-02  9.26118728e+08 -1.22117849e-02 
 1.00000000e+09 -1.07887332e-02  1.00000000e+09 -1.12995292e-02 
 1.07977516e+09 -1.06487056e-02  1.07977516e+09 -1.04566913e-02 
 1.16591440e+09 -1.05284413e-02  1.16591440e+09 -9.67773860e-03 
 1.25892541e+09 -1.04251669e-02  1.25892541e+09 -8.95762760e-03 
 1.35935639e+09 -1.03364943e-02  1.35935639e+09 -8.29175184e-03 
 1.46779927e+09 -1.02603686e-02  1.46779927e+09 -7.67589690e-03 
 1.58489319e+09 -1.01950217e-02  1.58489319e+09 -7.10620109e-03 
 1.71132830e+09 -1.01389331e-02  1.71132830e+09 -6.57912126e-03 
 1.84784980e+09 -1.00907954e-02  1.84784980e+09 -6.09140260e-03 
 1.99526231e+09 -1.00494849e-02  1.99526231e+09 -5.64005211e-03 
 2.15443469e+09 -1.00140357e-02  2.15443469e+09 -5.22231499e-03 
 2.32630507e+09 -9.98361821e-03  2.32630507e+09 -4.83565363e-03 
 2.51188643e+09 -9.95751961e-03  2.51188643e+09 -4.47772885e-03 
 2.71227258e+09 -9.93512778e-03  2.71227258e+09 -4.14638305e-03 
 2.92864456e+09 -9.91591707e-03  2.92864456e+09 -3.83962501e-03 
 3.16227766e+09 -9.89943617e-03  3.16227766e+09 -3.55561622e-03 
 3.41454887e+09 -9.88529763e-03  3.41454887e+09 -3.29265845e-03 
 3.68694506e+09 -9.87316889e-03  3.68694506e+09 -3.04918251e-03 
 3.98107171e+09 -9.86276451e-03  3.98107171e+09 -2.82373798e-03 
 4.29866235e+09 -9.85383952e-03  4.29866235e+09 -2.61498384e-03 
 4.64158883e+09 -9.84618372e-03  4.64158883e+09 -2.42167998e-03 
 5.01187234e+09 -9.83961672e-03  5.01187234e+09 -2.24267931e-03 
 5.41169527e+09 -9.83398375e-03  5.41169527e+09 -2.07692066e-03 
 5.84341413e+09 -9.82915203e-03  5.84341413e+09 -1.92342216e-03 
 6.30957344e+09 -9.82500761e-03  6.30957344e+09 -1.78127520e-03 
 6.81292069e+09 -9.82145277e-03  6.81292069e+09 -1.64963889e-03 
 7.35642254e+09 -9.81840366e-03  7.35642254e+09 -1.52773490e-03 
 7.94328235e+09 -9.81578835e-03  7.94328235e+09 -1.41484280e-03 
 8.57695899e+09 -9.81354512e-03  8.57695899e+09 -1.31029564e-03 
 9.26118728e+09 -9.81162107e-03  9.26118728e+09 -1.21347601e-03 
 1.00000000e+10 -9.80997077e-03  1.00000000e+10 -1.12381228e-03 
