 1.00000000e+00  2.82584672e+02  1.00000000e+00 -3.82085079e-03 
 1.07977516e+00  2.82584672e+02  1.07977516e+00 -4.12565978e-03 
 1.16591440e+00  2.82584672e+02  1.16591440e+00 -4.45478496e-03 
 1.25892541e+00  2.82584672e+02  1.25892541e+00 -4.81016615e-03 
 1.35935639e+00  2.82584672e+02  1.35935639e+00 -5.19389793e-03 
 1.46779927e+00  2.82584672e+02  1.46779927e+00 -5.60824199e-03 
 1.58489319e+00  2.82584672e+02  1.58489319e+00 -6.05564040e-03 
 1.71132830e+00  2.82584672e+02  1.71132830e+00 -6.53873009e-03 
 1.84784980e+00  2.82584672e+02  1.84784980e+00 -7.06035835e-03 
 1.99526231e+00  2.82584672e+02  1.99526231e+00 -7.62359958e-03 
 2.15443469e+00  2.82584672e+02  2.15443469e+00 -8.23177347e-03 
 2.32630507e+00  2.82584672e+02  2.32630507e+00 -8.88846454e-03 
 2.51188643e+00  2.82584672e+02  2.51188643e+00 -9.59754324e-03 
 2.71227258e+00  2.82584672e+02  2.71227258e+00 -1.03631888e-02 
 2.92864456e+00  2.82584672e+02  2.92864456e+00 -1.11899139e-02 
 3.16227766e+00  2.82584672e+02  3.16227766e+00 -1.20825911e-02 
 3.41454887e+00  2.82584672e+02  3.41454887e+00 -1.30464817e-02 
 3.68694506e+00  2.82584672e+02  3.68694506e+00 -1.40872669e-02 
 3.98107171e+00  2.82584671e+02  3.98107171e+00 -1.52110809e-02 
 4.29866235e+00  2.82584671e+02  4.29866235e+00 -1.64245474e-02 
 4.64158883e+00  2.82584671e+02  4.64158883e+00 -1.77348183e-02 
 5.01187234e+00  2.82584671e+02  5.01187234e+00 -1.91496163e-02 
 5.41169527e+00  2.82584671e+02  5.41169527e+00 -2.06772800e-02 
 5.84341413e+00  2.82584671e+02  5.84341413e+00 -2.23268134e-02 
 6.30957344e+00  2.82584670e+02  6.30957344e+00 -2.41079385e-02 
 6.81292069e+00  2.82584670e+02  6.81292069e+00 -2.60311532e-02 
 7.35642254e+00  2.82584669e+02  7.35642254e+00 -2.81077926e-02 
 7.94328235e+00  2.82584669e+02  7.94328235e+00 -3.03500963e-02 
 8.57695899e+00  2.82584668e+02  8.57695899e+00 -3.27712801e-02 
 9.26118728e+00  2.82584668e+02  9.26118728e+00 -3.53856142e-02 
 1.00000000e+01  2.82584667e+02  1.00000000e+01 -3.82085072e-02 
 1.07977516e+01  2.82584666e+02  1.07977516e+01 -4.12565969e-02 
 1.16591440e+01  2.82584665e+02  1.16591440e+01 -4.45478485e-02 
 1.25892541e+01  2.82584664e+02  1.25892541e+01 -4.81016601e-02 
 1.35935639e+01  2.82584663e+02  1.35935639e+01 -5.19389776e-02 
 1.46779927e+01  2.82584661e+02  1.46779927e+01 -5.60824177e-02 
 1.58489319e+01  2.82584659e+02  1.58489319e+01 -6.05564012e-02 
 1.71132830e+01  2.82584657e+02  1.71132830e+01 -6.53872975e-02 
 1.84784980e+01  2.82584655e+02  1.84784980e+01 -7.06035791e-02 
 1.99526231e+01  2.82584652e+02  1.99526231e+01 -7.62359903e-02 
 2.15443469e+01  2.82584648e+02  2.15443469e+01 -8.23177278e-02 
 2.32630507e+01  2.82584644e+02  2.32630507e+01 -8.88846367e-02 
 2.51188643e+01  2.82584640e+02  2.51188643e+01 -9.59754214e-02 
 2.71227258e+01  2.82584634e+02  2.71227258e+01 -1.03631874e-01 
 2.92864456e+01  2.82584628e+02  2.92864456e+01 -1.11899121e-01 
 3.16227766e+01  2.82584621e+02  3.16227766e+01 -1.20825889e-01 
 3.41454887e+01  2.82584612e+02  3.41454887e+01 -1.30464790e-01 
 3.68694506e+01  2.82584602e+02  3.68694506e+01 -1.40872635e-01 
 3.98107171e+01  2.82584590e+02  3.98107171e+01 -1.52110766e-01 
 4.29866235e+01  2.82584577e+02  4.29866235e+01 -1.64245419e-01 
 4.64158883e+01  2.82584561e+02  4.64158883e+01 -1.77348114e-01 
 5.01187234e+01  2.82584543e+02  5.01187234e+01 -1.91496076e-01 
 5.41169527e+01  2.82584521e+02  5.41169527e+01 -2.06772691e-01 
 5.84341413e+01  2.82584496e+02  5.84341413e+01 -2.23267996e-01 
 6.30957344e+01  2.82584467e+02  6.30957344e+01 -2.41079211e-01 
 6.81292069e+01  2.82584433e+02  6.81292069e+01 -2.60311313e-01 
 7.35642254e+01  2.82584393e+02  7.35642254e+01 -2.81077651e-01 
 7.94328235e+01  2.82584346e+02  7.94328235e+01 -3.03500616e-01 
 8.57695899e+01  2.82584292e+02  8.57695899e+01 -3.27712364e-01 
 9.26118728e+01  2.82584229e+02  9.26118728e+01 -3.53855593e-01 
 1.00000000e+02  2.82584156e+02  1.00000000e+02 -3.82084381e-01 
 1.07977516e+02  2.82584070e+02  1.07977516e+02 -4.12565099e-01 
 1.16591440e+02  2.82583970e+02  1.16591440e+02 -4.45477389e-01 
 1.25892541e+02  2.82583854e+02  1.25892541e+02 -4.81015222e-01 
 1.35935639e+02  2.82583718e+02  1.35935639e+02 -5.19388040e-01 
 1.46779927e+02  2.82583560e+02  1.46779927e+02 -5.60821991e-01 
 1.58489319e+02  2.82583375e+02  1.58489319e+02 -6.05561261e-01 
 1.71132830e+02  2.82583160e+02  1.71132830e+02 -6.53869511e-01 
 1.84784980e+02  2.82582909e+02  1.84784980e+02 -7.06031430e-01 
 1.99526231e+02  2.82582616e+02  1.99526231e+02 -7.62354413e-01 
 2.15443469e+02  2.82582275e+02  2.15443469e+02 -8.23170367e-01 
 2.32630507e+02  2.82581877e+02  2.32630507e+02 -8.88837666e-01 
 2.51188643e+02  2.82581414e+02  2.51188643e+02 -9.59743260e-01 
 2.71227258e+02  2.82580873e+02  2.71227258e+02 -1.03630495e+00 
 2.92864456e+02  2.82580243e+02  2.92864456e+02 -1.11897385e+00 
 3.16227766e+02  2.82579508e+02  3.16227766e+02 -1.20823703e+00 
 3.41454887e+02  2.82578651e+02  3.41454887e+02 -1.30462038e+00 
 3.68694506e+02  2.82577652e+02  3.68694506e+02 -1.40869171e+00 
 3.98107171e+02  2.82576487e+02  3.98107171e+02 -1.52106405e+00 
 4.29866235e+02  2.82575129e+02  4.29866235e+02 -1.64239929e+00 
 4.64158883e+02  2.82573545e+02  4.64158883e+02 -1.77341202e+00 
 5.01187234e+02  2.82571699e+02  5.01187234e+02 -1.91487375e+00 
 5.41169527e+02  2.82569547e+02  5.41169527e+02 -2.06761737e+00 
 5.84341413e+02  2.82567038e+02  5.84341413e+02 -2.23254206e+00 
 6.30957344e+02  2.82564112e+02  6.30957344e+02 -2.41061851e+00 
 6.81292069e+02  2.82560701e+02  6.81292069e+02 -2.60289458e+00 
 7.35642254e+02  2.82556725e+02  7.35642254e+02 -2.81050138e+00 
 7.94328235e+02  2.82552088e+02  7.94328235e+02 -3.03465980e+00 
 8.57695899e+02  2.82546683e+02  8.57695899e+02 -3.27668761e+00 
 9.26118728e+02  2.82540381e+02  9.26118728e+02 -3.53800700e+00 
 1.00000000e+03  2.82533034e+02  1.00000000e+03 -3.82015277e+00 
 1.07977516e+03  2.82524468e+02  1.07977516e+03 -4.12478105e+00 
 1.16591440e+03  2.82514482e+02  1.16591440e+03 -4.45367874e+00 
 1.25892541e+03  2.82502839e+02  1.25892541e+03 -4.80877356e+00 
 1.35935639e+03  2.82489267e+02  1.35935639e+03 -5.19214486e+00 
 1.46779927e+03  2.82473444e+02  1.46779927e+03 -5.60603511e+00 
 1.58489319e+03  2.82454998e+02  1.58489319e+03 -6.05286229e+00 
 1.71132830e+03  2.82433494e+02  1.71132830e+03 -6.53523293e+00 
 1.84784980e+03  2.82408427e+02  1.84784980e+03 -7.05595607e+00 
 1.99526231e+03  2.82379207e+02  1.99526231e+03 -7.61805802e+00 
 2.15443469e+03  2.82345146e+02  2.15443469e+03 -8.22479790e+00 
 2.32630507e+03  2.82305445e+02  2.32630507e+03 -8.87968405e+00 
 2.51188643e+03  2.82259170e+02  2.51188643e+03 -9.58649107e+00 
 2.71227258e+03  2.82205237e+02  2.71227258e+03 -1.03492776e+01 
 2.92864456e+03  2.82142382e+02  2.92864456e+03 -1.11724046e+01 
 3.16227766e+03  2.82069133e+02  3.16227766e+03 -1.20605539e+01 
 3.41454887e+03  2.81983780e+02  3.41454887e+03 -1.30187470e+01 
 3.68694506e+03  2.81884330e+02  3.68694506e+03 -1.40523633e+01 
 3.98107171e+03  2.81768469e+02  3.98107171e+03 -1.51671579e+01 
 4.29866235e+03  2.81633505e+02  4.29866235e+03 -1.63692780e+01 
 4.64158883e+03  2.81476311e+02  4.64158883e+03 -1.76652772e+01 
 5.01187234e+03  2.81293258e+02  5.01187234e+03 -1.90621261e+01 
 5.41169527e+03  2.81080135e+02  5.41169527e+03 -2.05672199e+01 
 5.84341413e+03  2.80832058e+02  5.84341413e+03 -2.21883781e+01 
 6.30957344e+03  2.80543374e+02  6.30957344e+03 -2.39338379e+01 
 6.81292069e+03  2.80207541e+02  6.81292069e+03 -2.58122358e+01 
 7.35642254e+03  2.79817003e+02  7.35642254e+03 -2.78325760e+01 
 7.94328235e+03  2.79363040e+02  7.94328235e+03 -3.00041811e+01 
 8.57695899e+03  2.78835615e+02  8.57695899e+03 -3.23366206e+01 
 9.26118728e+03  2.78223190e+02  9.26118728e+03 -3.48396118e+01 
 1.00000000e+04  2.77512542e+02  1.00000000e+04 -3.75228862e+01 
 1.07977516e+04  2.76688556e+02  1.07977516e+04 -4.03960134e+01 
 1.16591440e+04  2.75734015e+02  1.16591440e+04 -4.34681746e+01 
 1.25892541e+04  2.74629382e+02  1.25892541e+04 -4.67478750e+01 
 1.35935639e+04  2.73352594e+02  1.35935639e+04 -5.02425846e+01 
 1.46779927e+04  2.71878874e+02  1.46779927e+04 -5.39582959e+01 
 1.58489319e+04  2.70180575e+02  1.58489319e+04 -5.78989897e+01 
 1.71132830e+04  2.68227093e+02  1.71132830e+04 -6.20659965e+01 
 1.84784980e+04  2.65984858e+02  1.84784980e+04 -6.64572522e+01 
 1.99526231e+04  2.63417469e+02  1.99526231e+04 -7.10664442e+01 
 2.15443469e+04  2.60485978e+02  2.15443469e+04 -7.58820603e+01 
 2.32630507e+04  2.57149415e+02  2.32630507e+04 -8.08863597e+01 
 2.51188643e+04  2.53365575e+02  2.51188643e+04 -8.60543077e+01 
 2.71227258e+04  2.49092131e+02  2.71227258e+04 -9.13525331e+01 
 2.92864456e+04  2.44288116e+02  2.92864456e+04 -9.67383951e+01 
 3.16227766e+04  2.38915801e+02  3.16227766e+04 -1.02159273e+02 
 3.41454887e+04  2.32942945e+02  3.41454887e+04 -1.07552219e+02 
 3.68694506e+04  2.26345387e+02  3.68694506e+04 -1.12844123e+02 
 3.98107171e+04  2.19109844e+02  3.98107171e+04 -1.17952556e+02 
 4.29866235e+04  2.11236738e+02  4.29866235e+04 -1.22787425e+02 
 4.64158883e+04  2.02742810e+02  4.64158883e+04 -1.27253522e+02 
 5.01187234e+04  1.93663201e+02  5.01187234e+04 -1.31253972e+02 
 5.41169527e+04  1.84052676e+02  5.41169527e+04 -1.34694467e+02 
 5.84341413e+04  1.73985688e+02  5.84341413e+04 -1.37488034e+02 
 6.30957344e+04  1.63555056e+02  6.30957344e+04 -1.39559960e+02 
 6.81292069e+04  1.52869182e+02  6.81292069e+04 -1.40852417e+02 
 7.35642254e+04  1.42047910e+02  7.35642254e+04 -1.41328277e+02 
 7.94328235e+04  1.31217324e+02  7.94328235e+04 -1.40973664e+02 
 8.57695899e+04  1.20503937e+02  8.57695899e+04 -1.39798927e+02 
 9.26118728e+04  1.10028853e+02  9.26118728e+04 -1.37837919e+02 
 1.00000000e+05  9.99024370e+01  1.00000000e+05 -1.35145649e+02 
 1.07977516e+05  9.02199971e+01  1.07977516e+05 -1.31794634e+02 
 1.16591440e+05  8.10587909e+01  1.16591440e+05 -1.27870360e+02 
 1.25892541e+05  7.24764921e+01  1.25892541e+05 -1.23466366e+02 
 1.35935639e+05  6.45110617e+01  1.35935639e+05 -1.18679434e+02 
 1.46779927e+05  5.71818203e+01  1.46779927e+05 -1.13605250e+02 
 1.58489319e+05  5.04914255e+01  1.58489319e+05 -1.08334837e+02 
 1.71132830e+05  4.44284242e+01  1.71132830e+05 -1.02951871e+02 
 1.84784980e+05  3.89700689e+01  1.84784980e+05 -9.75308954e+01 
 1.99526231e+05  3.40851345e+01  1.99526231e+05 -9.21363703e+01 
 2.15443469e+05  2.97365441e+01  2.15443469e+05 -8.68224168e+01 
 2.32630507e+05  2.58836790e+01  2.32630507e+05 -8.16330987e+01 
 2.51188643e+05  2.24843098e+01  2.51188643e+05 -7.66030894e+01 
 2.71227258e+05  1.94961346e+01  2.71227258e+05 -7.17585802e+01 
 2.92864456e+05  1.68779457e+01  2.92864456e+05 -6.71183124e+01 
 3.16227766e+05  1.45904631e+01  3.16227766e+05 -6.26946442e+01 
 3.41454887e+05  1.25968876e+01  3.41454887e+05 -5.84945873e+01 
 3.68694506e+05  1.08632252e+01  3.68694506e+05 -5.45207720e+01 
 3.98107171e+05  9.35843435e+00  3.98107171e+05 -5.07723150e+01 
 4.29866235e+05  8.05443992e+00  4.29866235e+05 -4.72455814e+01 
 4.64158883e+05  6.92605250e+00  4.64158883e+05 -4.39348369e+01 
 5.01187234e+05  5.95082328e+00  5.01187234e+05 -4.08327980e+01 
 5.41169527e+05  5.10885917e+00  5.41169527e+05 -3.79310869e+01 
 5.84341413e+05  4.38261624e+00  5.84341413e+05 -3.52206014e+01 
 6.30957344e+05  3.75668525e+00  6.30957344e+05 -3.26918131e+01 
 6.81292069e+05  3.21757861e+00  6.81292069e+05 -3.03350023e+01 
 7.35642254e+05  2.75352553e+00  7.35642254e+05 -2.81404400e+01 
 7.94328235e+05  2.35427921e+00  7.94328235e+05 -2.60985282e+01 
 8.57695899e+05  2.01093862e+00  8.57695899e+05 -2.41999027e+01 
 9.26118728e+05  1.71578591e+00  9.26118728e+05 -2.24355091e+01 
 1.00000000e+06  1.46213955e+00  1.00000000e+06 -2.07966547e+01 
 1.07977516e+06  1.24422295e+00  1.07977516e+06 -1.92750423e+01 
 1.16591440e+06  1.05704755e+00  1.16591440e+06 -1.78627901e+01 
 1.25892541e+06  8.96309574e-01  1.25892541e+06 -1.65524409e+01 
 1.35935639e+06  7.58299119e-01  1.35935639e+06 -1.53369617e+01 
 1.46779927e+06  6.39820505e-01  1.46779927e+06 -1.42097384e+01 
 1.58489319e+06  5.38122691e-01  1.58489319e+06 -1.31645648e+01 
 1.71132830e+06  4.50838657e-01  1.71132830e+06 -1.21956293e+01 
 1.84784980e+06  3.75932717e-01  1.84784980e+06 -1.12974982e+01 
 1.99526231e+06  3.11654819e-01  1.99526231e+06 -1.04650984e+01 
 2.15443469e+06  2.56500961e-01  2.15443469e+06 -9.69369932e+00 
 2.32630507e+06  2.09178976e-01  2.32630507e+06 -8.97889374e+00 
 2.51188643e+06  1.68578959e-01  2.51188643e+06 -8.31657959e+00 
 2.71227258e+06  1.33747768e-01  2.71227258e+06 -7.70294137e+00 
 2.92864456e+06  1.03867027e-01  2.92864456e+06 -7.13443243e+00 
 3.16227766e+06  7.82341868e-02  3.16227766e+06 -6.60775771e+00 
 3.41454887e+06  5.62462159e-02  3.41454887e+06 -6.11985730e+00 
 3.68694506e+06  3.73855655e-02  3.68694506e+06 -5.66789072e+00 
 3.98107171e+06  2.12081032e-02  3.98107171e+06 -5.24922209e+00 
 4.29866235e+06  7.33273726e-03  4.29866235e+06 -4.86140603e+00 
 4.64158883e+06 -4.56749900e-03  4.64158883e+06 -4.50217443e+00 
 5.01187234e+06 -1.47731069e-02  5.01187234e+06 -4.16942405e+00 
 5.41169527e+06 -2.35247006e-02  5.41169527e+06 -3.86120484e+00 
 5.84341413e+06 -3.10286560e-02  5.84341413e+06 -3.57570906e+00 
 6.30957344e+06 -3.74619589e-02  6.30957344e+06 -3.31126107e+00 
 6.81292069e+06 -4.29763664e-02  6.81292069e+06 -3.06630786e+00 
 7.35642254e+06 -4.77019769e-02  7.35642254e+06 -2.83941016e+00 
 7.94328235e+06 -5.17502929e-02  7.94328235e+06 -2.62923425e+00 
 8.57695899e+06 -5.52168464e-02  8.57695899e+06 -2.43454421e+00 
 9.26118728e+06 -5.81834499e-02  9.26118728e+06 -2.25419485e+00 
 1.00000000e+07 -6.07201247e-02  1.00000000e+07 -2.08712508e+00 
 1.07977516e+07 -6.28867524e-02  1.07977516e+07 -1.93235170e+00 
 1.16591440e+07 -6.47344873e-02  1.16591440e+07 -1.78896376e+00 
 1.25892541e+07 -6.63069644e-02  1.25892541e+07 -1.65611721e+00 
 1.35935639e+07 -6.76413306e-02  1.35935639e+07 -1.53302997e+00 
 1.46779927e+07 -6.87691232e-02  1.46779927e+07 -1.41897741e+00 
 1.58489319e+07 -6.97170179e-02  1.58489319e+07 -1.31328811e+00 
 1.71132830e+07 -7.05074629e-02  1.71132830e+07 -1.21533992e+00 
 1.84784980e+07 -7.11592149e-02  1.84784980e+07 -1.12455635e+00 
 1.99526231e+07 -7.16877912e-02  1.99526231e+07 -1.04040324e+00 
 2.15443469e+07 -7.21058469e-02  2.15443469e+07 -9.62385602e-01 
 2.32630507e+07 -7.24234899e-02  2.32630507e+07 -8.90044783e-01 
 2.51188643e+07 -7.26485408e-02  2.51188643e+07 -8.22955824e-01 
 2.71227258e+07 -7.27867453e-02  2.71227258e+07 -7.60725008e-01 
 2.92864456e+07 -7.28419479e-02  2.92864456e+07 -7.02987621e-01 
 3.16227766e+07 -7.28162320e-02  3.16227766e+07 -6.49405895e-01 
 3.41454887e+07 -7.27100350e-02  3.41454887e+07 -5.99667125e-01 
 3.68694506e+07 -7.25222443e-02  3.68694506e+07 -5.53481951e-01 
 3.98107171e+07 -7.22502834e-02  3.98107171e+07 -5.10582800e-01 
 4.29866235e+07 -7.18901963e-02  4.29866235e+07 -4.70722485e-01 
 4.64158883e+07 -7.14367402e-02  4.64158883e+07 -4.33672934e-01 
 5.01187234e+07 -7.08834989e-02  5.01187234e+07 -3.99224063e-01 
 5.41169527e+07 -7.02230293e-02  5.41169527e+07 -3.67182773e-01 
 5.84341413e+07 -6.94470554e-02  5.84341413e+07 -3.37372050e-01 
 6.30957344e+07 -6.85467241e-02  6.30957344e+07 -3.09630167e-01 
 6.81292069e+07 -6.75129382e-02  6.81292069e+07 -2.83809950e-01 
 7.35642254e+07 -6.63367752e-02  7.35642254e+07 -2.59778089e-01 
 7.94328235e+07 -6.50100015e-02  7.94328235e+07 -2.37414461e-01 
 8.57695899e+07 -6.35256758e-02  8.57695899e+07 -2.16611413e-01 
 9.26118728e+07 -6.18788301e-02  9.26118728e+07 -1.97272976e-01 
 1.00000000e+08 -6.00671965e-02  1.00000000e+08 -1.79313953e-01 
 1.07977516e+08 -5.80919318e-02  1.07977516e+08 -1.62658854e-01 
 1.16591440e+08 -5.59582771e-02  1.16591440e+08 -1.47240650e-01 
 1.25892541e+08 -5.36760719e-02  1.25892541e+08 -1.32999340e-01 
 1.35935639e+08 -5.12600423e-02  1.35935639e+08 -1.19880376e-01 
 1.46779927e+08 -4.87297872e-02  1.46779927e+08 -1.07832992e-01 
 1.58489319e+08 -4.61094122e-02  1.58489319e+08 -9.68085413e-02 
 1.71132830e+08 -4.34267937e-02  1.71132830e+08 -8.67589594e-02 
 1.84784980e+08 -4.07125085e-02  1.84784980e+08 -7.76354694e-02 
 1.99526231e+08 -3.79985063e-02  1.99526231e+08 -6.93876455e-02 
 2.15443469e+08 -3.53166464e-02  2.15443469e+08 -6.19629038e-02 
 2.32630507e+08 -3.26972403e-02  2.32630507e+08 -5.53064444e-02 
 2.51188643e+08 -3.01677403e-02  2.51188643e+08 -4.93616136e-02 
 2.71227258e+08 -2.77516925e-02  2.71227258e+08 -4.40706060e-02 
 2.92864456e+08 -2.54680287e-02  2.92864456e+08 -3.93753905e-02 
 3.16227766e+08 -2.33307258e-02  3.16227766e+08 -3.52187360e-02 
 3.41454887e+08 -2.13488139e-02  3.41454887e+08 -3.15452136e-02 
 3.68694506e+08 -1.95266780e-02  3.68694506e+08 -2.83020830e-02 
 3.98107171e+08 -1.78645779e-02  3.98107171e+08 -2.54399953e-02 
 4.29866235e+08 -1.63593024e-02  4.29866235e+08 -2.29134841e-02 
 4.64158883e+08 -1.50048817e-02  4.64158883e+08 -2.06812413e-02 
 5.01187234e+08 -1.37932929e-02  5.01187234e+08 -1.87062000e-02 
 5.41169527e+08 -1.27151132e-02  5.41169527e+08 -1.69554551e-02 
 5.84341413e+08 -1.17600904e-02  5.84341413e+08 -1.54000632e-02 
 6.30957344e+08 -1.09176174e-02  6.30957344e+08 -1.40147587e-02 
 6.81292069e+08 -1.01771083e-02  6.81292069e+08 -1.27776201e-02 
 7.35642254e+08 -9.52828057e-03  7.35642254e+08 -1.16697166e-02 
 7.94328235e+08 -8.96135626e-03  7.94328235e+08 -1.06747542e-02 
 8.57695899e+08 -8.46719270e-03  8.57695899e+08 -9.77873761e-03 
 9.26118728e+08 -8.03735792e-03  9.26118728e+08 -8.96965696e-03 
 1.00000000e+09 -7.66416248e-03  1.00000000e+09 -8.23720527e-03 
 1.07977516e+09 -7.34065915e-03  1.07977516e+09 -7.57252775e-03 
 1.16591440e+09 -7.06061977e-03  1.16591440e+09 -6.96800328e-03 
 1.25892541e+09 -6.81849695e-03  1.25892541e+09 -6.41705614e-03 
 1.35935639e+09 -6.60937648e-03  1.35935639e+09 -5.91399520e-03 
 1.46779927e+09 -6.42892497e-03  1.46779927e+09 -5.45387775e-03 
 1.58489319e+09 -6.27333603e-03  1.58489319e+09 -5.03239476e-03 
 1.71132830e+09 -6.13927714e-03  1.71132830e+09 -4.64577457e-03 
 1.84784980e+09 -6.02383887e-03  1.84784980e+09 -4.29070224e-03 
 1.99526231e+09 -5.92448720e-03  1.99526231e+09 -3.96425219e-03 
 2.15443469e+09 -5.83901968e-03  2.15443469e+09 -3.66383185e-03 
 2.32630507e+09 -5.76552544e-03  2.32630507e+09 -3.38713455e-03 
 2.51188643e+09 -5.70234911e-03  2.51188643e+09 -3.13210016e-03 
 2.71227258e+09 -5.64805856e-03  2.71227258e+09 -2.89688198e-03 
 2.92864456e+09 -5.60141627e-03  2.92864456e+09 -2.67981898e-03 
 3.16227766e+09 -5.56135389e-03  3.16227766e+09 -2.47941235e-03 
 3.41454887e+09 -5.52695000e-03  3.41454887e+09 -2.29430572e-03 
 3.68694506e+09 -5.49741042e-03  3.68694506e+09 -2.12326828e-03 
 3.98107171e+09 -5.47205115e-03  3.98107171e+09 -1.96518050e-03 
 4.29866235e+09 -5.45028339e-03  4.29866235e+09 -1.81902175e-03 
 4.64158883e+09 -5.43160056e-03  4.64158883e+09 -1.68385980e-03 
 5.01187234e+09 -5.41556699e-03  5.01187234e+09 -1.55884166e-03 
 5.41169527e+09 -5.40180813e-03  5.41169527e+09 -1.44318559e-03 
 5.84341413e+09 -5.39000210e-03  5.84341413e+09 -1.33617420e-03 
 6.30957344e+09 -5.37987235e-03  6.30957344e+09 -1.23714836e-03 
 6.81292069e+09 -5.37118134e-03  6.81292069e+09 -1.14550182e-03 
 7.35642254e+09 -5.36372504e-03  7.35642254e+09 -1.06067642e-03 
 7.94328235e+09 -5.35732829e-03  7.94328235e+09 -9.82157936e-04 
 8.57695899e+09 -5.35184072e-03  8.57695899e+09 -9.09472202e-04 
 9.26118728e+09 -5.34713324e-03  9.26118728e+09 -8.42181782e-04 
 1.00000000e+10 -5.34309505e-03  1.00000000e+10 -7.79882890e-04 
