 1.00000000e+00  2.98913323e+02  1.00000000e+00 -3.15241179e-03 
 1.07977516e+00  2.98913323e+02  1.07977516e+00 -3.40389595e-03 
 1.16591440e+00  2.98913323e+02  1.16591440e+00 -3.67544230e-03 
 1.25892541e+00  2.98913323e+02  1.25892541e+00 -3.96865131e-03 
 1.35935639e+00  2.98913323e+02  1.35935639e+00 -4.28525111e-03 
 1.46779927e+00  2.98913323e+02  1.46779927e+00 -4.62710772e-03 
 1.58489319e+00  2.98913323e+02  1.58489319e+00 -4.99623599e-03 
 1.71132830e+00  2.98913323e+02  1.71132830e+00 -5.39481152e-03 
 1.84784980e+00  2.98913323e+02  1.84784980e+00 -5.82518349e-03 
 1.99526231e+00  2.98913323e+02  1.99526231e+00 -6.28988845e-03 
 2.15443469e+00  2.98913323e+02  2.15443469e+00 -6.79166532e-03 
 2.32630507e+00  2.98913323e+02  2.32630507e+00 -7.33347152e-03 
 2.51188643e+00  2.98913323e+02  2.51188643e+00 -7.91850040e-03 
 2.71227258e+00  2.98913323e+02  2.71227258e+00 -8.55020005e-03 
 2.92864456e+00  2.98913323e+02  2.92864456e+00 -9.23229365e-03 
 3.16227766e+00  2.98913323e+02  3.16227766e+00 -9.96880137e-03 
 3.41454887e+00  2.98913323e+02  3.41454887e+00 -1.07640641e-02 
 3.68694506e+00  2.98913323e+02  3.68694506e+00 -1.16227691e-02 
 3.98107171e+00  2.98913323e+02  3.98107171e+00 -1.25499774e-02 
 4.29866235e+00  2.98913323e+02  4.29866235e+00 -1.35511538e-02 
 4.64158883e+00  2.98913323e+02  4.64158883e+00 -1.46321993e-02 
 5.01187234e+00  2.98913322e+02  5.01187234e+00 -1.57994854e-02 
 5.41169527e+00  2.98913322e+02  5.41169527e+00 -1.70598919e-02 
 5.84341413e+00  2.98913322e+02  5.84341413e+00 -1.84208475e-02 
 6.30957344e+00  2.98913322e+02  6.30957344e+00 -1.98903736e-02 
 6.81292069e+00  2.98913322e+02  6.81292069e+00 -2.14771314e-02 
 7.35642254e+00  2.98913321e+02  7.35642254e+00 -2.31904730e-02 
 7.94328235e+00  2.98913321e+02  7.94328235e+00 -2.50404968e-02 
 8.57695899e+00  2.98913321e+02  8.57695899e+00 -2.70381064e-02 
 9.26118728e+00  2.98913320e+02  9.26118728e+00 -2.91950757e-02 
 1.00000000e+01  2.98913320e+02  1.00000000e+01 -3.15241176e-02 
 1.07977516e+01  2.98913319e+02  1.07977516e+01 -3.40389591e-02 
 1.16591440e+01  2.98913319e+02  1.16591440e+01 -3.67544225e-02 
 1.25892541e+01  2.98913318e+02  1.25892541e+01 -3.96865124e-02 
 1.35935639e+01  2.98913317e+02  1.35935639e+01 -4.28525103e-02 
 1.46779927e+01  2.98913316e+02  1.46779927e+01 -4.62710761e-02 
 1.58489319e+01  2.98913315e+02  1.58489319e+01 -4.99623585e-02 
 1.71132830e+01  2.98913314e+02  1.71132830e+01 -5.39481135e-02 
 1.84784980e+01  2.98913312e+02  1.84784980e+01 -5.82518327e-02 
 1.99526231e+01  2.98913310e+02  1.99526231e+01 -6.28988817e-02 
 2.15443469e+01  2.98913308e+02  2.15443469e+01 -6.79166497e-02 
 2.32630507e+01  2.98913305e+02  2.32630507e+01 -7.33347108e-02 
 2.51188643e+01  2.98913302e+02  2.51188643e+01 -7.91849985e-02 
 2.71227258e+01  2.98913299e+02  2.71227258e+01 -8.55019936e-02 
 2.92864456e+01  2.98913295e+02  2.92864456e+01 -9.23229278e-02 
 3.16227766e+01  2.98913290e+02  3.16227766e+01 -9.96880028e-02 
 3.41454887e+01  2.98913285e+02  3.41454887e+01 -1.07640627e-01 
 3.68694506e+01  2.98913278e+02  3.68694506e+01 -1.16227673e-01 
 3.98107171e+01  2.98913271e+02  3.98107171e+01 -1.25499752e-01 
 4.29866235e+01  2.98913262e+02  4.29866235e+01 -1.35511511e-01 
 4.64158883e+01  2.98913252e+02  4.64158883e+01 -1.46321959e-01 
 5.01187234e+01  2.98913240e+02  5.01187234e+01 -1.57994810e-01 
 5.41169527e+01  2.98913226e+02  5.41169527e+01 -1.70598864e-01 
 5.84341413e+01  2.98913210e+02  5.84341413e+01 -1.84208406e-01 
 6.30957344e+01  2.98913191e+02  6.30957344e+01 -1.98903649e-01 
 6.81292069e+01  2.98913169e+02  6.81292069e+01 -2.14771204e-01 
 7.35642254e+01  2.98913144e+02  7.35642254e+01 -2.31904592e-01 
 7.94328235e+01  2.98913114e+02  7.94328235e+01 -2.50404794e-01 
 8.57695899e+01  2.98913079e+02  8.57695899e+01 -2.70380846e-01 
 9.26118728e+01  2.98913038e+02  9.26118728e+01 -2.91950482e-01 
 1.00000000e+02  2.98912991e+02  1.00000000e+02 -3.15240829e-01 
 1.07977516e+02  2.98912936e+02  1.07977516e+02 -3.40389155e-01 
 1.16591440e+02  2.98912872e+02  1.16591440e+02 -3.67543676e-01 
 1.25892541e+02  2.98912797e+02  1.25892541e+02 -3.96864433e-01 
 1.35935639e+02  2.98912710e+02  1.35935639e+02 -4.28524232e-01 
 1.46779927e+02  2.98912608e+02  1.46779927e+02 -4.62709665e-01 
 1.58489319e+02  2.98912489e+02  1.58489319e+02 -4.99622205e-01 
 1.71132830e+02  2.98912351e+02  1.71132830e+02 -5.39479398e-01 
 1.84784980e+02  2.98912189e+02  1.84784980e+02 -5.82516141e-01 
 1.99526231e+02  2.98912001e+02  1.99526231e+02 -6.28986065e-01 
 2.15443469e+02  2.98911782e+02  2.15443469e+02 -6.79163032e-01 
 2.32630507e+02  2.98911526e+02  2.32630507e+02 -7.33342746e-01 
 2.51188643e+02  2.98911228e+02  2.51188643e+02 -7.91844494e-01 
 2.71227258e+02  2.98910880e+02  2.71227258e+02 -8.55013023e-01 
 2.92864456e+02  2.98910474e+02  2.92864456e+02 -9.23220575e-01 
 3.16227766e+02  2.98910002e+02  3.16227766e+02 -9.96869071e-01 
 3.41454887e+02  2.98909451e+02  3.41454887e+02 -1.07639248e+00 
 3.68694506e+02  2.98908808e+02  3.68694506e+02 -1.16225937e+00 
 3.98107171e+02  2.98908059e+02  3.98107171e+02 -1.25497566e+00 
 4.29866235e+02  2.98907186e+02  4.29866235e+02 -1.35508759e+00 
 4.64158883e+02  2.98906167e+02  4.64158883e+02 -1.46318494e+00 
 5.01187234e+02  2.98904980e+02  5.01187234e+02 -1.57990449e+00 
 5.41169527e+02  2.98903596e+02  5.41169527e+02 -1.70593373e+00 
 5.84341413e+02  2.98901982e+02  5.84341413e+02 -1.84201493e+00 
 6.30957344e+02  2.98900101e+02  6.30957344e+02 -1.98894947e+00 
 6.81292069e+02  2.98897907e+02  6.81292069e+02 -2.14760248e+00 
 7.35642254e+02  2.98895349e+02  7.35642254e+02 -2.31890800e+00 
 7.94328235e+02  2.98892367e+02  7.94328235e+02 -2.50387430e+00 
 8.57695899e+02  2.98888891e+02  8.57695899e+02 -2.70358986e+00 
 9.26118728e+02  2.98884837e+02  9.26118728e+02 -2.91922963e+00 
 1.00000000e+03  2.98880111e+02  1.00000000e+03 -3.15206185e+00 
 1.07977516e+03  2.98874602e+02  1.07977516e+03 -3.40345542e+00 
 1.16591440e+03  2.98868178e+02  1.16591440e+03 -3.67488771e+00 
 1.25892541e+03  2.98860689e+02  1.25892541e+03 -3.96795314e+00 
 1.35935639e+03  2.98851959e+02  1.35935639e+03 -4.28437219e+00 
 1.46779927e+03  2.98841780e+02  1.46779927e+03 -4.62600126e+00 
 1.58489319e+03  2.98829913e+02  1.58489319e+03 -4.99484309e+00 
 1.71132830e+03  2.98816078e+02  1.71132830e+03 -5.39305806e+00 
 1.84784980e+03  2.98799950e+02  1.84784980e+03 -5.82297612e+00 
 1.99526231e+03  2.98781148e+02  1.99526231e+03 -6.28710971e+00 
 2.15443469e+03  2.98759230e+02  2.15443469e+03 -6.78816736e+00 
 2.32630507e+03  2.98733679e+02  2.32630507e+03 -7.32906823e+00 
 2.51188643e+03  2.98703894e+02  2.51188643e+03 -7.91295753e+00 
 2.71227258e+03  2.98669175e+02  2.71227258e+03 -8.54322281e+00 
 2.92864456e+03  2.98628706e+02  2.92864456e+03 -9.22351101e+00 
 3.16227766e+03  2.98581536e+02  3.16227766e+03 -9.95774643e+00 
 3.41454887e+03  2.98526559e+02  3.41454887e+03 -1.07501493e+01 
 3.68694506e+03  2.98462486e+02  3.68694506e+03 -1.16052551e+01 
 3.98107171e+03  2.98387817e+02  3.98107171e+03 -1.25279341e+01 
 4.29866235e+03  2.98300807e+02  4.29866235e+03 -1.35234112e+01 
 4.64158883e+03  2.98199424e+02  4.64158883e+03 -1.45972852e+01 
 5.01187234e+03  2.98081307e+02  5.01187234e+03 -1.57555485e+01 
 5.41169527e+03  2.97943711e+02  5.41169527e+03 -1.70046042e+01 
 5.84341413e+03  2.97783446e+02  5.84341413e+03 -1.83512818e+01 
 6.30957344e+03  2.97596808e+02  6.30957344e+03 -1.98028504e+01 
 6.81292069e+03  2.97379499e+02  6.81292069e+03 -2.13670266e+01 
 7.35642254e+03  2.97126535e+02  7.35642254e+03 -2.30519771e+01 
 7.94328235e+03  2.96832143e+02  7.94328235e+03 -2.48663133e+01 
 8.57695899e+03  2.96489642e+02  8.57695899e+03 -2.68190752e+01 
 9.26118728e+03  2.96091312e+02  9.26118728e+03 -2.89197019e+01 
 1.00000000e+04  2.95628240e+02  1.00000000e+04 -3.11779841e+01 
 1.07977516e+04  2.95090163e+02  1.07977516e+04 -3.36039953e+01 
 1.16591440e+04  2.94465276e+02  1.16591440e+04 -3.62079940e+01 
 1.25892541e+04  2.93740041e+02  1.25892541e+04 -3.90002923e+01 
 1.35935639e+04  2.92898973e+02  1.35935639e+04 -4.19910817e+01 
 1.46779927e+04  2.91924416e+02  1.46779927e+04 -4.51902067e+01 
 1.58489319e+04  2.90796314e+02  1.58489319e+04 -4.86068780e+01 
 1.71132830e+04  2.89491993e+02  1.71132830e+04 -5.22493114e+01 
 1.84784980e+04  2.87985950e+02  1.84784980e+04 -5.61242831e+01 
 1.99526231e+04  2.86249680e+02  1.99526231e+04 -6.02365882e+01 
 2.15443469e+04  2.84251562e+02  2.15443469e+04 -6.45883938e+01 
 2.32630507e+04  2.81956832e+02  2.32630507e+04 -6.91784777e+01 
 2.51188643e+04  2.79327673e+02  2.51188643e+04 -7.40013538e+01 
 2.71227258e+04  2.76323483e+02  2.71227258e+04 -7.90462881e+01 
 2.92864456e+04  2.72901359e+02  2.92864456e+04 -8.42962276e+01 
 3.16227766e+04  2.69016851e+02  3.16227766e+04 -8.97266768e+01 
 3.41454887e+04  2.64625061e+02  3.41454887e+04 -9.53045804e+01 
 3.68694506e+04  2.59682105e+02  3.68694506e+04 -1.00987298e+02 
 3.98107171e+04  2.54146996e+02  3.98107171e+04 -1.06721782e+02 
 4.29866235e+04  2.47983941e+02  4.29866235e+04 -1.12444097e+02 
 4.64158883e+04  2.41164994e+02  4.64158883e+04 -1.18079451e+02 
 5.01187234e+04  2.33672981e+02  5.01187234e+04 -1.23542895e+02 
 5.41169527e+04  2.25504513e+02  5.41169527e+04 -1.28740848e+02 
 5.84341413e+04  2.16672832e+02  5.84341413e+04 -1.33573564e+02 
 6.30957344e+04  2.07210182e+02  6.30957344e+04 -1.37938551e+02 
 6.81292069e+04  1.97169366e+02  6.81292069e+04 -1.41734865e+02 
 7.35642254e+04  1.86624136e+02  7.35642254e+04 -1.44868054e+02 
 7.94328235e+04  1.75668170e+02  7.94328235e+04 -1.47255370e+02 
 8.57695899e+04  1.64412511e+02  8.57695899e+04 -1.48830794e+02 
 9.26118728e+04  1.52981506e+02  9.26118728e+04 -1.49549329e+02 
 1.00000000e+05  1.41507541e+02  1.00000000e+05 -1.49390070e+02 
 1.07977516e+05  1.30124999e+02  1.07977516e+05 -1.48357672e+02 
 1.16591440e+05  1.18964026e+02  1.16591440e+05 -1.46482014e+02 
 1.25892541e+05  1.08144706e+02  1.25892541e+05 -1.43816129e+02 
 1.35935639e+05  9.77721933e+01  1.35935639e+05 -1.40432635e+02 
 1.46779927e+05  8.79331696e+01  1.46779927e+05 -1.36419115e+02 
 1.58489319e+05  7.86938461e+01  1.58489319e+05 -1.31872968e+02 
 1.71132830e+05  7.00994728e+01  1.71132830e+05 -1.26896240e+02 
 1.84784980e+05  6.21751887e+01  1.84784980e+05 -1.21590883e+02 
 1.99526231e+05  5.49279107e+01  1.99526231e+05 -1.16054757e+02 
 2.15443469e+05  4.83489181e+01  2.15443469e+05 -1.10378552e+02 
 2.32630507e+05  4.24167922e+01  2.32630507e+05 -1.04643672e+02 
 2.51188643e+05  3.71004203e+01  2.51188643e+05 -9.89210219e+01 
 2.71227258e+05  3.23618395e+01  2.71227258e+05 -9.32705694e+01 
 2.92864456e+05  2.81587725e+01  2.92864456e+05 -8.77415193e+01 
 3.16227766e+05  2.44467727e+01  3.16227766e+05 -8.23729344e+01 
 3.41454887e+05  2.11809547e+01  3.41454887e+05 -7.71946466e+01 
 3.68694506e+05  1.83173220e+01  3.68694506e+05 -7.22283267e+01 
 3.98107171e+05  1.58137312e+01  3.98107171e+05 -6.74886123e+01 
 4.29866235e+05  1.36305456e+01  4.29866235e+05 -6.29842180e+01 
 4.64158883e+05  1.17310326e+01  4.64158883e+05 -5.87189778e+01 
 5.01187234e+05  1.00815609e+01  5.01187234e+05 -5.46927915e+01 
 5.41169527e+05  8.65164658e+00  5.41169527e+05 -5.09024584e+01 
 5.84341413e+05  7.41388833e+00  5.84341413e+05 -4.73423963e+01 
 6.30957344e+05  6.34382839e+00  6.30957344e+05 -4.40052498e+01 
 6.81292069e+05  5.41976502e+00  6.81292069e+05 -4.08823952e+01 
 7.35642254e+05  4.62253806e+00  7.35642254e+05 -3.79643536e+01 
 7.94328235e+05  3.93530287e+00  7.94328235e+05 -3.52411237e+01 
 8.57695899e+05  3.34330371e+00  8.57695899e+05 -3.27024457e+01 
 9.26118728e+05  2.83365433e+00  9.26118728e+05 -3.03380077e+01 
 1.00000000e+06  2.39513040e+00  1.00000000e+06 -2.81376030e+01 
 1.07977516e+06  2.01797700e+00  1.07977516e+06 -2.60912489e+01 
 1.16591440e+06  1.69373236e+00  1.16591440e+06 -2.41892733e+01 
 1.25892541e+06  1.41506835e+00  1.25892541e+06 -2.24223748e+01 
 1.35935639e+06  1.17564747e+00  1.35935639e+06 -2.07816635e+01 
 1.46779927e+06  9.69995462e-01  1.46779927e+06 -1.92586852e+01 
 1.58489319e+06  7.93388545e-01  1.58489319e+06 -1.78454331e+01 
 1.71132830e+06  6.41754139e-01  1.71132830e+06 -1.65343503e+01 
 1.84784980e+06  5.11583743e-01  1.84784980e+06 -1.53183248e+01 
 1.99526231e+06  3.99856792e-01  1.99526231e+06 -1.41906796e+01 
 2.15443469e+06  3.03974277e-01  2.15443469e+06 -1.31451585e+01 
 2.32630507e+06  2.21701039e-01  2.32630507e+06 -1.21759097e+01 
 2.51188643e+06  1.51115679e-01  2.51188643e+06 -1.12774678e+01 
 2.71227258e+06  9.05671901e-02  2.71227258e+06 -1.04447338e+01 
 2.92864456e+06  3.86374314e-02  2.92864456e+06 -9.67295607e+00 
 3.16227766e+06 -5.89127159e-03  3.16227766e+06 -8.95771028e+00 
 3.41454887e+06 -4.40640844e-02  3.41454887e+06 -8.29487986e+00 
 3.68694506e+06 -7.67777569e-02  3.68694506e+06 -7.68063703e+00 
 3.98107171e+06 -1.04801368e-01  3.98107171e+06 -7.11142439e+00 
 4.29866235e+06 -1.28794172e-01  4.29866235e+06 -6.58393728e+00 
 4.64158883e+06 -1.49320936e-01  4.64158883e+06 -6.09510695e+00 
 5.01187234e+06 -1.66865113e-01  5.01187234e+06 -5.64208462e+00 
 5.41169527e+06 -1.81840142e-01  5.41169527e+06 -5.22222638e+00 
 5.84341413e+06 -1.94599137e-01  5.84341413e+06 -4.83307904e+00 
 6.30957344e+06 -2.05443177e-01  6.30957344e+06 -4.47236672e+00 
 6.81292069e+06 -2.14628400e-01  6.81292069e+06 -4.13797845e+00 
 7.35642254e+06 -2.22372060e-01  7.35642254e+06 -3.82795647e+00 
 7.94328235e+06 -2.28857686e-01  7.94328235e+06 -3.54048539e+00 
 8.57695899e+06 -2.34239476e-01  8.57695899e+06 -3.27388209e+00 
 9.26118728e+06 -2.38646037e-01  9.26118728e+06 -3.02658635e+00 
 1.00000000e+07 -2.42183545e-01  1.00000000e+07 -2.79715223e+00 
 1.07977516e+07 -2.44938442e-01  1.07977516e+07 -2.58424005e+00 
 1.16591440e+07 -2.46979719e-01  1.16591440e+07 -2.38660910e+00 
 1.25892541e+07 -2.48360866e-01  1.25892541e+07 -2.20311092e+00 
 1.35935639e+07 -2.49121565e-01  1.35935639e+07 -2.03268317e+00 
 1.46779927e+07 -2.49289177e-01  1.46779927e+07 -1.87434415e+00 
 1.58489319e+07 -2.48880100e-01  1.58489319e+07 -1.72718777e+00 
 1.71132830e+07 -2.47901058e-01  1.71132830e+07 -1.59037912e+00 
 1.84784980e+07 -2.46350399e-01  1.84784980e+07 -1.46315041e+00 
 1.99526231e+07 -2.44219472e-01  1.99526231e+07 -1.34479748e+00 
 2.15443469e+07 -2.41494140e-01  2.15443469e+07 -1.23467656e+00 
 2.32630507e+07 -2.38156524e-01  2.32630507e+07 -1.13220133e+00 
 2.51188643e+07 -2.34186999e-01  2.51188643e+07 -1.03684021e+00 
 2.71227258e+07 -2.29566504e-01  2.71227258e+07 -9.48113588e-01 
 2.92864456e+07 -2.24279143e-01  2.92864456e+07 -8.65591037e-01 
 3.16227766e+07 -2.18315036e-01  3.16227766e+07 -7.88888161e-01 
 3.41454887e+07 -2.11673322e-01  3.41454887e+07 -7.17663039e-01 
 3.68694506e+07 -2.04365112e-01  3.68694506e+07 -6.51612056e-01 
 3.98107171e+07 -1.96416174e-01  3.98107171e+07 -5.90465054e-01 
 4.29866235e+07 -1.87869036e-01  4.29866235e+07 -5.33979787e-01 
 4.64158883e+07 -1.78784216e-01  4.64158883e+07 -4.81935816e-01 
 5.01187234e+07 -1.69240268e-01  5.01187234e+07 -4.34128051e-01 
 5.41169527e+07 -1.59332474e-01  5.41169527e+07 -3.90360334e-01 
 5.84341413e+07 -1.49170112e-01  5.84341413e+07 -3.50439491e-01 
 6.30957344e+07 -1.38872426e-01  6.30957344e+07 -3.14170326e-01 
 6.81292069e+07 -1.28563606e-01  6.81292069e+07 -2.81351981e-01 
 7.35642254e+07 -1.18367241e-01  7.35642254e+07 -2.51775935e-01 
 7.94328235e+07 -1.08400779e-01  7.94328235e+07 -2.25225732e-01 
 8.57695899e+07 -9.87705435e-02  8.57695899e+07 -2.01478320e-01 
 9.26118728e+07 -8.95677538e-02  9.26118728e+07 -1.80306694e-01 
 1.00000000e+08 -8.08658351e-02  1.00000000e+08 -1.61483405e-01 
 1.07977516e+08 -7.27191315e-02  1.07977516e+08 -1.44784442e-01 
 1.16591440e+08 -6.51629499e-02  1.16591440e+08 -1.29993046e-01 
 1.25892541e+08 -5.82147251e-02  1.25892541e+08 -1.16903068e-01 
 1.35935639e+08 -5.18760177e-02  1.35935639e+08 -1.05321637e-01 
 1.46779927e+08 -4.61350264e-02  1.46779927e+08 -9.50710202e-02 
 1.58489319e+08 -4.09693201e-02  1.58489319e+08 -8.59896571e-02 
 1.71132830e+08 -3.63485451e-02  1.71132830e+08 -7.79324602e-02 
 1.84784980e+08 -3.22369296e-02  1.84784980e+08 -7.07704982e-02 
 1.99526231e+08 -2.85954738e-02  1.99526231e+08 -6.43902148e-02 
 2.15443469e+08 -2.53837707e-02  2.15443469e+08 -5.86923299e-02 
 2.32630507e+08 -2.25614503e-02  2.32630507e+08 -5.35905536e-02 
 2.51188643e+08 -2.00892670e-02  2.51188643e+08 -4.90102208e-02 
 2.71227258e+08 -1.79298735e-02  2.71227258e+08 -4.48869281e-02 
 2.92864456e+08 -1.60483284e-02  2.92864456e+08 -4.11652300e-02 
 3.16227766e+08 -1.44123906e-02  3.16227766e+08 -3.77974309e-02 
 3.41454887e+08 -1.29926466e-02  3.41454887e+08 -3.47424931e-02 
 3.68694506e+08 -1.17625150e-02  3.68694506e+08 -3.19650678e-02 
 3.98107171e+08 -1.06981621e-02  3.98107171e+08 -2.94346484e-02 
 4.29866235e+08 -9.77835971e-03  4.29866235e+08 -2.71248398e-02 
 4.64158883e+08 -8.98430510e-03  4.64158883e+08 -2.50127325e-02 
 5.01187234e+08 -8.29942282e-03  5.01187234e+08 -2.30783726e-02 
 5.41169527e+08 -7.70915926e-03  5.41169527e+08 -2.13043128e-02 
 5.84341413e+08 -7.20077962e-03  5.84341413e+08 -1.96752364e-02 
 6.30957344e+08 -6.76317293e-03  6.30957344e+08 -1.81776406e-02 
 6.81292069e+08 -6.38666902e-03  6.81292069e+08 -1.67995730e-02 
 7.35642254e+08 -6.06286955e-03  7.35642254e+08 -1.55304096e-02 
 7.94328235e+08 -5.78449391e-03  7.94328235e+08 -1.43606704e-02 
 8.57695899e+08 -5.54524036e-03  8.57695899e+08 -1.32818641e-02 
 9.26118728e+08 -5.33966167e-03  9.26118728e+08 -1.22863580e-02 
 1.00000000e+09 -5.16305469e-03  1.00000000e+09 -1.13672683e-02 
 1.07977516e+09 -5.01136272e-03  1.07977516e+09 -1.05183683e-02 
 1.16591440e+09 -4.88108959e-03  1.16591440e+09 -9.73400930e-03 
 1.25892541e+09 -4.76922443e-03  1.25892541e+09 -9.00905421e-03 
 1.35935639e+09 -4.67317587e-03  1.35935639e+09 -8.33882068e-03 
 1.46779927e+09 -4.59071471e-03  1.46779927e+09 -7.71903204e-03 
 1.58489319e+09 -4.51992414e-03  1.58489319e+09 -7.14577511e-03 
 1.71132830e+09 -4.45915649e-03  1.71132830e+09 -6.61546358e-03 
 1.84784980e+09 -4.40699583e-03  1.84784980e+09 -6.12480613e-03 
 1.99526231e+09 -4.36222565e-03  1.99526231e+09 -5.67077847e-03 
 2.15443469e+09 -4.32380087e-03  2.15443469e+09 -5.25059870e-03 
 2.32630507e+09 -4.29082387e-03  2.32630507e+09 -4.86170562e-03 
 2.51188643e+09 -4.26252369e-03  2.51188643e+09 -4.50173929e-03 
 2.71227258e+09 -4.23823825e-03  2.71227258e+09 -4.16852374e-03 
 2.92864456e+09 -4.21739897e-03  2.92864456e+09 -3.86005149e-03 
 3.16227766e+09 -4.19951765e-03  3.16227766e+09 -3.57446955e-03 
 3.41454887e+09 -4.18417507e-03  3.41454887e+09 -3.31006675e-03 
 3.68694506e+09 -4.17101132e-03  3.68694506e+09 -3.06526232e-03 
 3.98107171e+09 -4.15971739e-03  3.98107171e+09 -2.83859548e-03 
 4.29866235e+09 -4.15002803e-03  4.29866235e+09 -2.62871591e-03 
 4.64158883e+09 -4.14171552e-03  4.64158883e+09 -2.43437512e-03 
 5.01187234e+09 -4.13458442e-03  5.01187234e+09 -2.25441849e-03 
 5.41169527e+09 -4.12846699e-03  5.41169527e+09 -2.08777805e-03 
 5.84341413e+09 -4.12321924e-03  5.84341413e+09 -1.93346575e-03 
 6.30957344e+09 -4.11871764e-03  6.30957344e+09 -1.79056744e-03 
 6.81292069e+09 -4.11485616e-03  6.81292069e+09 -1.65823713e-03 
 7.35642254e+09 -4.11154383e-03  7.35642254e+09 -1.53569192e-03 
 7.94328235e+09 -4.10870260e-03  7.94328235e+09 -1.42220717e-03 
 8.57695899e+09 -4.10626550e-03  8.57695899e+09 -1.31711212e-03 
 9.26118728e+09 -4.10417505e-03  9.26118728e+09 -1.21978584e-03 
 1.00000000e+10 -4.10238199e-03  1.00000000e+10 -1.12965350e-03 
