 1.00000000e+00  3.13310391e+02  1.00000000e+00 -4.09900989e-03 
 1.07977516e+00  3.13310391e+02  1.07977516e+00 -4.42600907e-03 
 1.16591440e+00  3.13310391e+02  1.16591440e+00 -4.77909467e-03 
 1.25892541e+00  3.13310391e+02  1.25892541e+00 -5.16034772e-03 
 1.35935639e+00  3.13310391e+02  1.35935639e+00 -5.57201529e-03 
 1.46779927e+00  3.13310391e+02  1.46779927e+00 -6.01652372e-03 
 1.58489319e+00  3.13310391e+02  1.58489319e+00 -6.49649287e-03 
 1.71132830e+00  3.13310391e+02  1.71132830e+00 -7.01475165e-03 
 1.84784980e+00  3.13310391e+02  1.84784980e+00 -7.57435460e-03 
 1.99526231e+00  3.13310391e+02  1.99526231e+00 -8.17859997e-03 
 2.15443469e+00  3.13310391e+02  2.15443469e+00 -8.83104910e-03 
 2.32630507e+00  3.13310391e+02  2.32630507e+00 -9.53554748e-03 
 2.51188643e+00  3.13310391e+02  2.51188643e+00 -1.02962473e-02 
 2.71227258e+00  3.13310391e+02  2.71227258e+00 -1.11176321e-02 
 2.92864456e+00  3.13310391e+02  2.92864456e+00 -1.20045430e-02 
 3.16227766e+00  3.13310391e+02  3.16227766e+00 -1.29622074e-02 
 3.41454887e+00  3.13310391e+02  3.41454887e+00 -1.39962696e-02 
 3.68694506e+00  3.13310391e+02  3.68694506e+00 -1.51128243e-02 
 3.98107171e+00  3.13310391e+02  3.98107171e+00 -1.63184523e-02 
 4.29866235e+00  3.13310390e+02  4.29866235e+00 -1.76202594e-02 
 4.64158883e+00  3.13310390e+02  4.64158883e+00 -1.90259185e-02 
 5.01187234e+00  3.13310390e+02  5.01187234e+00 -2.05437142e-02 
 5.41169527e+00  3.13310390e+02  5.41169527e+00 -2.21825923e-02 
 5.84341413e+00  3.13310390e+02  5.84341413e+00 -2.39522122e-02 
 6.30957344e+00  3.13310389e+02  6.30957344e+00 -2.58630038e-02 
 6.81292069e+00  3.13310389e+02  6.81292069e+00 -2.79262291e-02 
 7.35642254e+00  3.13310389e+02  7.35642254e+00 -3.01540485e-02 
 7.94328235e+00  3.13310388e+02  7.94328235e+00 -3.25595926e-02 
 8.57695899e+00  3.13310388e+02  8.57695899e+00 -3.51570393e-02 
 9.26118728e+00  3.13310387e+02  9.26118728e+00 -3.79616977e-02 
 1.00000000e+01  3.13310386e+02  1.00000000e+01 -4.09900982e-02 
 1.07977516e+01  3.13310385e+02  1.07977516e+01 -4.42600899e-02 
 1.16591440e+01  3.13310384e+02  1.16591440e+01 -4.77909456e-02 
 1.25892541e+01  3.13310383e+02  1.25892541e+01 -5.16034758e-02 
 1.35935639e+01  3.13310382e+02  1.35935639e+01 -5.57201512e-02 
 1.46779927e+01  3.13310380e+02  1.46779927e+01 -6.01652350e-02 
 1.58489319e+01  3.13310378e+02  1.58489319e+01 -6.49649260e-02 
 1.71132830e+01  3.13310376e+02  1.71132830e+01 -7.01475130e-02 
 1.84784980e+01  3.13310373e+02  1.84784980e+01 -7.57435416e-02 
 1.99526231e+01  3.13310370e+02  1.99526231e+01 -8.17859941e-02 
 2.15443469e+01  3.13310367e+02  2.15443469e+01 -8.83104841e-02 
 2.32630507e+01  3.13310362e+02  2.32630507e+01 -9.53554661e-02 
 2.51188643e+01  3.13310358e+02  2.51188643e+01 -1.02962462e-01 
 2.71227258e+01  3.13310352e+02  2.71227258e+01 -1.11176307e-01 
 2.92864456e+01  3.13310345e+02  2.92864456e+01 -1.20045413e-01 
 3.16227766e+01  3.13310338e+02  3.16227766e+01 -1.29622052e-01 
 3.41454887e+01  3.13310329e+02  3.41454887e+01 -1.39962668e-01 
 3.68694506e+01  3.13310319e+02  3.68694506e+01 -1.51128208e-01 
 3.98107171e+01  3.13310306e+02  3.98107171e+01 -1.63184479e-01 
 4.29866235e+01  3.13310292e+02  4.29866235e+01 -1.76202539e-01 
 4.64158883e+01  3.13310276e+02  4.64158883e+01 -1.90259115e-01 
 5.01187234e+01  3.13310257e+02  5.01187234e+01 -2.05437055e-01 
 5.41169527e+01  3.13310234e+02  5.41169527e+01 -2.21825813e-01 
 5.84341413e+01  3.13310208e+02  5.84341413e+01 -2.39521984e-01 
 6.30957344e+01  3.13310178e+02  6.30957344e+01 -2.58629864e-01 
 6.81292069e+01  3.13310143e+02  6.81292069e+01 -2.79262072e-01 
 7.35642254e+01  3.13310101e+02  7.35642254e+01 -3.01540209e-01 
 7.94328235e+01  3.13310053e+02  7.94328235e+01 -3.25595578e-01 
 8.57695899e+01  3.13309997e+02  8.57695899e+01 -3.51569955e-01 
 9.26118728e+01  3.13309932e+02  9.26118728e+01 -3.79616426e-01 
 1.00000000e+02  3.13309855e+02  1.00000000e+02 -4.09900289e-01 
 1.07977516e+02  3.13309767e+02  1.07977516e+02 -4.42600025e-01 
 1.16591440e+02  3.13309663e+02  1.16591440e+02 -4.77908356e-01 
 1.25892541e+02  3.13309542e+02  1.25892541e+02 -5.16033373e-01 
 1.35935639e+02  3.13309401e+02  1.35935639e+02 -5.57199769e-01 
 1.46779927e+02  3.13309237e+02  1.46779927e+02 -6.01650156e-01 
 1.58489319e+02  3.13309045e+02  1.58489319e+02 -6.49646497e-01 
 1.71132830e+02  3.13308822e+02  1.71132830e+02 -7.01471652e-01 
 1.84784980e+02  3.13308561e+02  1.84784980e+02 -7.57431038e-01 
 1.99526231e+02  3.13308258e+02  1.99526231e+02 -8.17854430e-01 
 2.15443469e+02  3.13307904e+02  2.15443469e+02 -8.83097902e-01 
 2.32630507e+02  3.13307491e+02  2.32630507e+02 -9.53545925e-01 
 2.51188643e+02  3.13307010e+02  2.51188643e+02 -1.02961363e+00 
 2.71227258e+02  3.13306448e+02  2.71227258e+02 -1.11174923e+00 
 2.92864456e+02  3.13305794e+02  2.92864456e+02 -1.20043670e+00 
 3.16227766e+02  3.13305032e+02  3.16227766e+02 -1.29619858e+00 
 3.41454887e+02  3.13304142e+02  3.41454887e+02 -1.39959906e+00 
 3.68694506e+02  3.13303105e+02  3.68694506e+02 -1.51124730e+00 
 3.98107171e+02  3.13301897e+02  3.98107171e+02 -1.63180101e+00 
 4.29866235e+02  3.13300487e+02  4.29866235e+02 -1.76197028e+00 
 4.64158883e+02  3.13298844e+02  4.64158883e+02 -1.90252177e+00 
 5.01187234e+02  3.13296928e+02  5.01187234e+02 -2.05428320e+00 
 5.41169527e+02  3.13294695e+02  5.41169527e+02 -2.21814816e+00 
 5.84341413e+02  3.13292090e+02  5.84341413e+02 -2.39508140e+00 
 6.30957344e+02  3.13289054e+02  6.30957344e+02 -2.58612435e+00 
 6.81292069e+02  3.13285514e+02  6.81292069e+02 -2.79240131e+00 
 7.35642254e+02  3.13281387e+02  7.35642254e+02 -3.01512587e+00 
 7.94328235e+02  3.13276576e+02  7.94328235e+02 -3.25560805e+00 
 8.57695899e+02  3.13270966e+02  8.57695899e+02 -3.51526179e+00 
 9.26118728e+02  3.13264425e+02  9.26118728e+02 -3.79561317e+00 
 1.00000000e+03  3.13256800e+02  1.00000000e+03 -4.09830912e+00 
 1.07977516e+03  3.13247911e+02  1.07977516e+03 -4.42512687e+00 
 1.16591440e+03  3.13237546e+02  1.16591440e+03 -4.77798407e+00 
 1.25892541e+03  3.13225464e+02  1.25892541e+03 -5.15894962e+00 
 1.35935639e+03  3.13211377e+02  1.35935639e+03 -5.57025527e+00 
 1.46779927e+03  3.13194956e+02  1.46779927e+03 -6.01430810e+00 
 1.58489319e+03  3.13175811e+02  1.58489319e+03 -6.49370375e+00 
 1.71132830e+03  3.13153494e+02  1.71132830e+03 -7.01124059e+00 
 1.84784980e+03  3.13127477e+02  1.84784980e+03 -7.56993481e+00 
 1.99526231e+03  3.13097150e+02  1.99526231e+03 -8.17303632e+00 
 2.15443469e+03  3.13061798e+02  2.15443469e+03 -8.82404568e+00 
 2.32630507e+03  3.13020591e+02  2.32630507e+03 -9.52673185e+00 
 2.51188643e+03  3.12972561e+02  2.51188643e+03 -1.02851508e+01 
 2.71227258e+03  3.12916580e+02  2.71227258e+03 -1.11036649e+01 
 2.92864456e+03  3.12851337e+02  2.92864456e+03 -1.19869630e+01 
 3.16227766e+03  3.12775303e+02  3.16227766e+03 -1.29400809e+01 
 3.41454887e+03  3.12686701e+02  3.41454887e+03 -1.39684218e+01 
 3.68694506e+03  3.12583462e+02  3.68694506e+03 -1.50777776e+01 
 3.98107171e+03  3.12463180e+02  3.98107171e+03 -1.62743481e+01 
 4.29866235e+03  3.12323058e+02  4.29866235e+03 -1.75647605e+01 
 4.64158883e+03  3.12159846e+02  4.64158883e+03 -1.89560859e+01 
 5.01187234e+03  3.11969771e+02  5.01187234e+03 -2.04558537e+01 
 5.41169527e+03  3.11748451e+02  5.41169527e+03 -2.20720609e+01 
 5.84341413e+03  3.11490807e+02  5.84341413e+03 -2.38131764e+01 
 6.30957344e+03  3.11190952e+02  6.30957344e+03 -2.56881365e+01 
 6.81292069e+03  3.10842076e+02  6.81292069e+03 -2.77063309e+01 
 7.35642254e+03  3.10436302e+02  7.35642254e+03 -2.98775742e+01 
 7.94328235e+03  3.09964539e+02  7.94328235e+03 -3.22120608e+01 
 8.57695899e+03  3.09416309e+02  8.57695899e+03 -3.47202961e+01 
 9.26118728e+03  3.08779564e+02  9.26118728e+03 -3.74130015e+01 
 1.00000000e+04  3.08040472e+02  1.00000000e+04 -4.03009832e+01 
 1.07977516e+04  3.07183207e+02  1.07977516e+04 -4.33949586e+01 
 1.16591440e+04  3.06189712e+02  1.16591440e+04 -4.67053305e+01 
 1.25892541e+04  3.05039461e+02  1.25892541e+04 -5.02418991e+01 
 1.35935639e+04  3.03709225e+02  1.35935639e+04 -5.40134989e+01 
 1.46779927e+04  3.02172852e+02  1.46779927e+04 -5.80275504e+01 
 1.58489319e+04  3.00401074e+02  1.58489319e+04 -6.22895120e+01 
 1.71132830e+04  2.98361376e+02  1.71132830e+04 -6.68022239e+01 
 1.84784980e+04  2.96017943e+02  1.84784980e+04 -7.15651333e+01 
 1.99526231e+04  2.93331735e+02  1.99526231e+04 -7.65733991e+01 
 2.15443469e+04  2.90260727e+02  2.15443469e+04 -8.18168824e+01 
 2.32630507e+04  2.86760364e+02  2.32630507e+04 -8.72790379e+01 
 2.51188643e+04  2.82784305e+02  2.51188643e+04 -9.29357437e+01 
 2.71227258e+04  2.78285489e+02  2.71227258e+04 -9.87541237e+01 
 2.92864456e+04  2.73217606e+02  2.92864456e+04 -1.04691447e+02 
 3.16227766e+04  2.67536979e+02  3.16227766e+04 -1.10694216e+02 
 3.41454887e+04  2.61204890e+02  3.41454887e+04 -1.16697587e+02 
 3.68694506e+04  2.54190303e+02  3.68694506e+04 -1.22625286e+02 
 3.98107171e+04  2.46472883e+02  3.98107171e+04 -1.28390198e+02 
 4.29866235e+04  2.38046155e+02  4.29866235e+04 -1.33895796e+02 
 4.64158883e+04  2.28920535e+02  4.64158883e+04 -1.39038535e+02 
 5.01187234e+04  2.19125946e+02  5.01187234e+04 -1.43711253e+02 
 5.41169527e+04  2.08713625e+02  5.41169527e+04 -1.47807512e+02 
 5.84341413e+04  1.97756788e+02  5.84341413e+04 -1.51226672e+02 
 6.30957344e+04  1.86349851e+02  6.30957344e+04 -1.53879339e+02 
 6.81292069e+04  1.74606043e+02  6.81292069e+04 -1.55692709e+02 
 7.35642254e+04  1.62653434e+02  7.35642254e+04 -1.56615246e+02 
 7.94328235e+04  1.50629621e+02  7.94328235e+04 -1.56620175e+02 
 8.57695899e+04  1.38675509e+02  8.57695899e+04 -1.55707352e+02 
 9.26118728e+04  1.26928764e+02  9.26118728e+04 -1.53903273e+02 
 1.00000000e+05  1.15517589e+02  1.00000000e+05 -1.51259223e+02 
 1.07977516e+05  1.04555395e+02  1.07977516e+05 -1.47847805e+02 
 1.16591440e+05  9.41368157e+01  1.16591440e+05 -1.43758260e+02 
 1.25892541e+05  8.43353007e+01  1.25892541e+05 -1.39091137e+02 
 1.35935639e+05  7.52023215e+01  1.35935639e+05 -1.33952840e+02 
 1.46779927e+05  6.67680198e+01  1.46779927e+05 -1.28450548e+02 
 1.58489319e+05  5.90430108e+01  1.58489319e+05 -1.22687865e+02 
 1.71132830e+05  5.20209827e+01  1.71132830e+05 -1.16761406e+02 
 1.84784980e+05  4.56817328e+01  1.84784980e+05 -1.10758396e+02 
 1.99526231e+05  3.99943226e+01  1.99526231e+05 -1.04755230e+02 
 2.15443469e+05  3.49201018e+01  2.15443469e+05 -9.88168741e+01 
 2.32630507e+05  3.04154345e+01  2.32630507e+05 -9.29969457e+01 
 2.51188643e+05  2.64340260e+01  2.51188643e+05 -8.73382860e+01 
 2.71227258e+05  2.29288169e+01  2.71227258e+05 -8.18738709e+01 
 2.92864456e+05  1.98534505e+01  2.92864456e+05 -7.66279097e+01 
 3.16227766e+05  1.71633499e+01  3.16227766e+05 -7.16170222e+01 
 3.41454887e+05  1.48164586e+01  3.41454887e+05 -6.68514098e+01 
 3.68694506e+05  1.27737031e+01  3.68694506e+05 -6.23359645e+01 
 3.98107171e+05  1.09992342e+01  3.98107171e+05 -5.80712798e+01 
 4.29866235e+05  9.46050126e+00  4.29866235e+05 -5.40545474e+01 
 4.64158883e+05  8.12820268e+00  4.64158883e+05 -5.02803327e+01 
 5.01187234e+05  6.97615276e+00  5.01187234e+05 -4.67412330e+01 
 5.41169527e+05  5.98109259e+00  5.41169527e+05 -4.34284259e+01 
 5.84341413e+05  5.12246933e+00  5.84341413e+05 -4.03321193e+01 
 6.30957344e+05  4.38220056e+00  6.30957344e+05 -3.74419146e+01 
 6.81292069e+05  3.74443634e+00  6.81292069e+05 -3.47470962e+01 
 7.35642254e+05  3.19532734e+00  7.35642254e+05 -3.22368572e+01 
 7.94328235e+05  2.72280489e+00  7.94328235e+05 -2.99004743e+01 
 8.57695899e+05  2.31637607e+00  8.57695899e+05 -2.77274384e+01 
 9.26118728e+05  1.96693589e+00  9.26118728e+05 -2.57075509e+01 
 1.00000000e+06  1.66659685e+00  1.00000000e+06 -2.38309923e+01 
 1.07977516e+06  1.40853597e+00  1.07977516e+06 -2.20883675e+01 
 1.16591440e+06  1.18685830e+00  1.16591440e+06 -2.04707344e+01 
 1.25892541e+06  9.96476016e-01  1.25892541e+06 -1.89696183e+01 
 1.35935639e+06  8.33001887e-01  1.35935639e+06 -1.75770163e+01 
 1.46779927e+06  6.92655677e-01  1.46779927e+06 -1.62853932e+01 
 1.58489319e+06  5.72182325e-01  1.58489319e+06 -1.50876720e+01 
 1.71132830e+06  4.68780569e-01  1.71132830e+06 -1.39772198e+01 
 1.84784980e+06  3.80040849e-01  1.84784980e+06 -1.29478311e+01 
 1.99526231e+06  3.03891406e-01  1.99526231e+06 -1.19937087e+01 
 2.15443469e+06  2.38551572e-01  2.15443469e+06 -1.11094438e+01 
 2.32630507e+06  1.82491349e-01  2.32630507e+06 -1.02899954e+01 
 2.51188643e+06  1.34396484e-01  2.51188643e+06 -9.53066946e+00 
 2.71227258e+06  9.31383213e-02  2.71227258e+06 -8.82709865e+00 
 2.92864456e+06  5.77478075e-02  2.92864456e+06 -8.17522198e+00 
 3.16227766e+06  2.73930868e-02  3.16227766e+06 -7.57126559e+00 
 3.41454887e+06  1.36021527e-03  3.41454887e+06 -7.01172406e+00 
 3.68694506e+06 -2.09634364e-02  3.68694506e+06 -6.49334265e+00 
 3.98107171e+06 -4.01034564e-02  3.98107171e+06 -6.01310037e+00 
 4.29866235e+06 -5.65106612e-02  4.29866235e+06 -5.56819402e+00 
 4.64158883e+06 -7.05716360e-02  4.64158883e+06 -5.15602310e+00 
 5.01187234e+06 -8.26177874e-02  5.01187234e+06 -4.77417563e+00 
 5.41169527e+06 -9.29331128e-02  5.41169527e+06 -4.42041490e+00 
 5.84341413e+06 -1.01760866e-01  5.84341413e+06 -4.09266695e+00 
 6.30957344e+06 -1.09309275e-01  6.30957344e+06 -3.78900899e+00 
 6.81292069e+06 -1.15756434e-01  6.81292069e+06 -3.50765853e+00 
 7.35642254e+06 -1.21254502e-01  7.35642254e+06 -3.24696325e+00 
 7.94328235e+06 -1.25933288e-01  7.94328235e+06 -3.00539155e+00 
 8.57695899e+06 -1.29903310e-01  8.57695899e+06 -2.78152385e+00 
 9.26118728e+06 -1.33258419e-01  9.26118728e+06 -2.57404438e+00 
 1.00000000e+07 -1.36078016e-01  1.00000000e+07 -2.38173365e+00 
 1.07977516e+07 -1.38428947e-01  1.07977516e+07 -2.20346143e+00 
 1.16591440e+07 -1.40367109e-01  1.16591440e+07 -2.03818026e+00 
 1.25892541e+07 -1.41938800e-01  1.25892541e+07 -1.88491942e+00 
 1.35935639e+07 -1.43181861e-01  1.35935639e+07 -1.74277940e+00 
 1.46779927e+07 -1.44126633e-01  1.46779927e+07 -1.61092677e+00 
 1.58489319e+07 -1.44796763e-01  1.58489319e+07 -1.48858946e+00 
 1.71132830e+07 -1.45209872e-01  1.71132830e+07 -1.37505245e+00 
 1.84784980e+07 -1.45378122e-01  1.84784980e+07 -1.26965378e+00 
 1.99526231e+07 -1.45308703e-01  1.99526231e+07 -1.17178101e+00 
 2.15443469e+07 -1.45004256e-01  2.15443469e+07 -1.08086788e+00 
 2.32630507e+07 -1.44463268e-01  2.32630507e+07 -9.96391383e-01 
 2.51188643e+07 -1.43680463e-01  2.51188643e+07 -9.17869122e-01 
 2.71227258e+07 -1.42647211e-01  2.71227258e+07 -8.44856931e-01 
 2.92864456e+07 -1.41352005e-01  2.92864456e+07 -7.76946766e-01 
 3.16227766e+07 -1.39781018e-01  3.16227766e+07 -7.13764818e-01 
 3.41454887e+07 -1.37918788e-01  3.41454887e+07 -6.54969821e-01 
 3.68694506e+07 -1.35749066e-01  3.68694506e+07 -6.00251490e-01 
 3.98107171e+07 -1.33255830e-01  3.98107171e+07 -5.49329039e-01 
 4.29866235e+07 -1.30424498e-01  4.29866235e+07 -5.01949691e-01 
 4.64158883e+07 -1.27243313e-01  4.64158883e+07 -4.57887098e-01 
 5.01187234e+07 -1.23704877e-01  5.01187234e+07 -4.16939565e-01 
 5.41169527e+07 -1.19807736e-01  5.41169527e+07 -3.78928010e-01 
 5.84341413e+07 -1.15557938e-01  5.84341413e+07 -3.43693565e-01 
 6.30957344e+07 -1.10970383e-01  6.30957344e+07 -3.11094784e-01 
 6.81292069e+07 -1.06069828e-01  6.81292069e+07 -2.81004495e-01 
 7.35642254e+07 -1.00891343e-01  7.35642254e+07 -2.53306344e-01 
 7.94328235e+07 -9.54800986e-02  7.94328235e+07 -2.27891217e-01 
 8.57695899e+07 -8.98903731e-02  8.57695899e+07 -2.04653740e-01 
 9.26118728e+07 -8.41837888e-02  9.26118728e+07 -1.83489116e-01 
 1.00000000e+08 -7.84268695e-02  1.00000000e+08 -1.64290562e-01 
 1.07977516e+08 -7.26881191e-02  1.07977516e+08 -1.46947556e-01 
 1.16591440e+08 -6.70348930e-02  1.16591440e+08 -1.31345014e-01 
 1.25892541e+08 -6.15303698e-02  1.25892541e+08 -1.17363429e-01 
 1.35935639e+08 -5.62309113e-02  1.35935639e+08 -1.04879853e-01 
 1.46779927e+08 -5.11840381e-02  1.46779927e+08 -9.37695467e-02 
 1.58489319e+08 -4.64271532e-02  1.58489319e+08 -8.39080248e-02 
 1.71132830e+08 -4.19870435e-02  1.71132830e+08 -7.51732332e-02 
 1.84784980e+08 -3.78800937e-02  1.84784980e+08 -6.74476201e-02 
 1.99526231e+08 -3.41130806e-02  1.99526231e+08 -6.06199077e-02 
 2.15443469e+08 -3.06843791e-02  2.15443469e+08 -5.45864539e-02 
 2.32630507e+08 -2.75854053e-02  2.32630507e+08 -4.92521550e-02 
 2.51188643e+08 -2.48021380e-02  2.51188643e+08 -4.45309024e-02 
 2.71227258e+08 -2.23165952e-02  2.71227258e+08 -4.03456462e-02 
 2.92864456e+08 -2.01081763e-02  2.92864456e+08 -3.66281411e-02 
 3.16227766e+08 -1.81548182e-02  3.16227766e+08 -3.33184570e-02 
 3.41454887e+08 -1.64339429e-02  3.41454887e+08 -3.03643368e-02 
 3.68694506e+08 -1.49231986e-02  3.68694506e+08 -2.77204673e-02 
 3.98107171e+08 -1.36010090e-02  3.98107171e+08 -2.53477212e-02 
 4.29866235e+08 -1.24469554e-02  4.29866235e+08 -2.32124110e-02 
 4.64158883e+08 -1.14420203e-02  4.64158883e+08 -2.12855813e-02 
 5.01187234e+08 -1.05687210e-02  5.01187234e+08 -1.95423597e-02 
 5.41169527e+08 -9.81115669e-03  5.41169527e+08 -1.79613722e-02 
 5.84341413e+08 -9.15499480e-03  5.84341413e+08 -1.65242279e-02 
 6.30957344e+08 -8.58741246e-03  6.30957344e+08 -1.52150702e-02 
 6.81292069e+08 -8.09700979e-03  6.81292069e+08 -1.40201909e-02 
 7.35642254e+08 -7.67370592e-03  7.35642254e+08 -1.29277003e-02 
 7.94328235e+08 -7.30862658e-03  7.94328235e+08 -1.19272484e-02 
 8.57695899e+08 -6.99398963e-03  8.57695899e+08 -1.10097899e-02 
 9.26118728e+08 -6.72299282e-03  9.26118728e+08 -1.01673866e-02 
 1.00000000e+09 -6.48970689e-03  1.00000000e+09 -9.39304236e-03 
 1.07977516e+09 -6.28897561e-03  1.07977516e+09 -8.68056502e-03 
 1.16591440e+09 -6.11632389e-03  1.16591440e+09 -8.02445115e-03 
 1.25892541e+09 -5.96787432e-03  1.25892541e+09 -7.41978979e-03 
 1.35935639e+09 -5.84027203e-03  1.35935639e+09 -6.86218196e-03 
 1.46779927e+09 -5.73061775e-03  1.46779927e+09 -6.34767319e-03 
 1.58489319e+09 -5.63640840e-03  1.58489319e+09 -5.87269690e-03 
 1.71132830e+09 -5.55548478e-03  1.71132830e+09 -5.43402660e-03 
 1.84784980e+09 -5.48598561e-03  1.84784980e+09 -5.02873547e-03 
 1.99526231e+09 -5.42630746e-03  1.99526231e+09 -4.65416194e-03 
 2.15443469e+09 -5.37506966e-03  2.15443469e+09 -4.30788032e-03 
 2.32630507e+09 -5.33108397e-03  2.32630507e+09 -3.98767550e-03 
 2.51188643e+09 -5.29332810e-03  2.51188643e+09 -3.69152114e-03 
 2.71227258e+09 -5.26092288e-03  2.71227258e+09 -3.41756067e-03 
 2.92864456e+09 -5.23311245e-03  2.92864456e+09 -3.16409075e-03 
 3.16227766e+09 -5.20924714e-03  3.16227766e+09 -2.92954674e-03 
 3.41454887e+09 -5.18876869e-03  3.41454887e+09 -2.71248985e-03 
 3.68694506e+09 -5.17119750e-03  3.68694506e+09 -2.51159578e-03 
 3.98107171e+09 -5.15612161e-03  3.98107171e+09 -2.32564465e-03 
 4.29866235e+09 -5.14318725e-03  4.29866235e+09 -2.15351192e-03 
 4.64158883e+09 -5.13209067e-03  4.64158883e+09 -1.99416031e-03 
 5.01187234e+09 -5.12257108e-03  5.01187234e+09 -1.84663250e-03 
 5.41169527e+09 -5.11440460e-03  5.41169527e+09 -1.71004457e-03 
 5.84341413e+09 -5.10739909e-03  5.84341413e+09 -1.58358000e-03 
 6.30957344e+09 -5.10138964e-03  6.30957344e+09 -1.46648430e-03 
 6.81292069e+09 -5.09623473e-03  6.81292069e+09 -1.35806006e-03 
 7.35642254e+09 -5.09181292e-03  7.35642254e+09 -1.25766246e-03 
 7.94328235e+09 -5.08802001e-03  7.94328235e+09 -1.16469518e-03 
 8.57695899e+09 -5.08476659e-03  8.57695899e+09 -1.07860662e-03 
 9.26118728e+09 -5.08197596e-03  9.26118728e+09 -9.98886489e-04 
 1.00000000e+10 -5.07958230e-03  1.00000000e+10 -9.25062613e-04 
