 1.00000000e+00  3.32267100e+02  1.00000000e+00 -4.03904310e-03 
 1.07977516e+00  3.32267100e+02  1.07977516e+00 -4.36125841e-03 
 1.16591440e+00  3.32267100e+02  1.16591440e+00 -4.70917851e-03 
 1.25892541e+00  3.32267100e+02  1.25892541e+00 -5.08485399e-03 
 1.35935639e+00  3.32267100e+02  1.35935639e+00 -5.49049904e-03 
 1.46779927e+00  3.32267100e+02  1.46779927e+00 -5.92850450e-03 
 1.58489319e+00  3.32267100e+02  1.58489319e+00 -6.40145190e-03 
 1.71132830e+00  3.32267100e+02  1.71132830e+00 -6.91212877e-03 
 1.84784980e+00  3.32267100e+02  1.84784980e+00 -7.46354496e-03 
 1.99526231e+00  3.32267100e+02  1.99526231e+00 -8.05895047e-03 
 2.15443469e+00  3.32267100e+02  2.15443469e+00 -8.70185455e-03 
 2.32630507e+00  3.32267100e+02  2.32630507e+00 -9.39604641e-03 
 2.51188643e+00  3.32267100e+02  2.51188643e+00 -1.01456175e-02 
 2.71227258e+00  3.32267100e+02  2.71227258e+00 -1.09549858e-02 
 2.92864456e+00  3.32267100e+02  2.92864456e+00 -1.18289216e-02 
 3.16227766e+00  3.32267100e+02  3.16227766e+00 -1.27725757e-02 
 3.41454887e+00  3.32267100e+02  3.41454887e+00 -1.37915100e-02 
 3.68694506e+00  3.32267100e+02  3.68694506e+00 -1.48917300e-02 
 3.98107171e+00  3.32267100e+02  3.98107171e+00 -1.60797201e-02 
 4.29866235e+00  3.32267100e+02  4.29866235e+00 -1.73624824e-02 
 4.64158883e+00  3.32267099e+02  4.64158883e+00 -1.87475773e-02 
 5.01187234e+00  3.32267099e+02  5.01187234e+00 -2.02431683e-02 
 5.41169527e+00  3.32267099e+02  5.41169527e+00 -2.18580703e-02 
 5.84341413e+00  3.32267099e+02  5.84341413e+00 -2.36018014e-02 
 6.30957344e+00  3.32267098e+02  6.30957344e+00 -2.54846389e-02 
 6.81292069e+00  3.32267098e+02  6.81292069e+00 -2.75176801e-02 
 7.35642254e+00  3.32267098e+02  7.35642254e+00 -2.97129075e-02 
 7.94328235e+00  3.32267097e+02  7.94328235e+00 -3.20832594e-02 
 8.57695899e+00  3.32267097e+02  8.57695899e+00 -3.46427066e-02 
 9.26118728e+00  3.32267096e+02  9.26118728e+00 -3.74063341e-02 
 1.00000000e+01  3.32267096e+02  1.00000000e+01 -4.03904304e-02 
 1.07977516e+01  3.32267095e+02  1.07977516e+01 -4.36125834e-02 
 1.16591440e+01  3.32267094e+02  1.16591440e+01 -4.70917842e-02 
 1.25892541e+01  3.32267093e+02  1.25892541e+01 -5.08485387e-02 
 1.35935639e+01  3.32267091e+02  1.35935639e+01 -5.49049890e-02 
 1.46779927e+01  3.32267090e+02  1.46779927e+01 -5.92850431e-02 
 1.58489319e+01  3.32267088e+02  1.58489319e+01 -6.40145167e-02 
 1.71132830e+01  3.32267086e+02  1.71132830e+01 -6.91212847e-02 
 1.84784980e+01  3.32267084e+02  1.84784980e+01 -7.46354459e-02 
 1.99526231e+01  3.32267081e+02  1.99526231e+01 -8.05895000e-02 
 2.15443469e+01  3.32267078e+02  2.15443469e+01 -8.70185396e-02 
 2.32630507e+01  3.32267074e+02  2.32630507e+01 -9.39604567e-02 
 2.51188643e+01  3.32267069e+02  2.51188643e+01 -1.01456166e-01 
 2.71227258e+01  3.32267064e+02  2.71227258e+01 -1.09549846e-01 
 2.92864456e+01  3.32267058e+02  2.92864456e+01 -1.18289201e-01 
 3.16227766e+01  3.32267051e+02  3.16227766e+01 -1.27725739e-01 
 3.41454887e+01  3.32267043e+02  3.41454887e+01 -1.37915077e-01 
 3.68694506e+01  3.32267034e+02  3.68694506e+01 -1.48917270e-01 
 3.98107171e+01  3.32267023e+02  3.98107171e+01 -1.60797164e-01 
 4.29866235e+01  3.32267010e+02  4.29866235e+01 -1.73624777e-01 
 4.64158883e+01  3.32266995e+02  4.64158883e+01 -1.87475714e-01 
 5.01187234e+01  3.32266977e+02  5.01187234e+01 -2.02431609e-01 
 5.41169527e+01  3.32266957e+02  5.41169527e+01 -2.18580610e-01 
 5.84341413e+01  3.32266933e+02  5.84341413e+01 -2.36017896e-01 
 6.30957344e+01  3.32266905e+02  6.30957344e+01 -2.54846241e-01 
 6.81292069e+01  3.32266873e+02  6.81292069e+01 -2.75176614e-01 
 7.35642254e+01  3.32266835e+02  7.35642254e+01 -2.97128840e-01 
 7.94328235e+01  3.32266791e+02  7.94328235e+01 -3.20832299e-01 
 8.57695899e+01  3.32266740e+02  8.57695899e+01 -3.46426694e-01 
 9.26118728e+01  3.32266680e+02  9.26118728e+01 -3.74062872e-01 
 1.00000000e+02  3.32266610e+02  1.00000000e+02 -4.03903714e-01 
 1.07977516e+02  3.32266528e+02  1.07977516e+02 -4.36125091e-01 
 1.16591440e+02  3.32266434e+02  1.16591440e+02 -4.70916907e-01 
 1.25892541e+02  3.32266323e+02  1.25892541e+02 -5.08484210e-01 
 1.35935639e+02  3.32266194e+02  1.35935639e+02 -5.49048408e-01 
 1.46779927e+02  3.32266044e+02  1.46779927e+02 -5.92848566e-01 
 1.58489319e+02  3.32265868e+02  1.58489319e+02 -6.40142819e-01 
 1.71132830e+02  3.32265664e+02  1.71132830e+02 -6.91209891e-01 
 1.84784980e+02  3.32265425e+02  1.84784980e+02 -7.46350737e-01 
 1.99526231e+02  3.32265147e+02  1.99526231e+02 -8.05890315e-01 
 2.15443469e+02  3.32264823e+02  2.15443469e+02 -8.70179498e-01 
 2.32630507e+02  3.32264446e+02  2.32630507e+02 -9.39597141e-01 
 2.51188643e+02  3.32264005e+02  2.51188643e+02 -1.01455231e+00 
 2.71227258e+02  3.32263492e+02  2.71227258e+02 -1.09548670e+00 
 2.92864456e+02  3.32262893e+02  2.92864456e+02 -1.18287719e+00 
 3.16227766e+02  3.32262195e+02  3.16227766e+02 -1.27723873e+00 
 3.41454887e+02  3.32261381e+02  3.41454887e+02 -1.37912729e+00 
 3.68694506e+02  3.32260432e+02  3.68694506e+02 -1.48914314e+00 
 3.98107171e+02  3.32259326e+02  3.98107171e+02 -1.60793443e+00 
 4.29866235e+02  3.32258036e+02  4.29866235e+02 -1.73620092e+00 
 4.64158883e+02  3.32256532e+02  4.64158883e+02 -1.87469815e+00 
 5.01187234e+02  3.32254778e+02  5.01187234e+02 -2.02424183e+00 
 5.41169527e+02  3.32252734e+02  5.41169527e+02 -2.18571261e+00 
 5.84341413e+02  3.32250351e+02  5.84341413e+02 -2.36006127e+00 
 6.30957344e+02  3.32247572e+02  6.30957344e+02 -2.54831425e+00 
 6.81292069e+02  3.32244332e+02  6.81292069e+02 -2.75157962e+00 
 7.35642254e+02  3.32240554e+02  7.35642254e+02 -2.97105358e+00 
 7.94328235e+02  3.32236150e+02  7.94328235e+02 -3.20802738e+00 
 8.57695899e+02  3.32231016e+02  8.57695899e+02 -3.46389479e+00 
 9.26118728e+02  3.32225030e+02  9.26118728e+02 -3.74016023e+00 
 1.00000000e+03  3.32218051e+02  1.00000000e+03 -4.03844735e+00 
 1.07977516e+03  3.32209914e+02  1.07977516e+03 -4.36050844e+00 
 1.16591440e+03  3.32200428e+02  1.16591440e+03 -4.70823437e+00 
 1.25892541e+03  3.32189369e+02  1.25892541e+03 -5.08366543e+00 
 1.35935639e+03  3.32176475e+02  1.35935639e+03 -5.48900279e+00 
 1.46779927e+03  3.32161444e+02  1.46779927e+03 -5.92662092e+00 
 1.58489319e+03  3.32143920e+02  1.58489319e+03 -6.39908074e+00 
 1.71132830e+03  3.32123492e+02  1.71132830e+03 -6.90914384e+00 
 1.84784980e+03  3.32099677e+02  1.84784980e+03 -7.45978742e+00 
 1.99526231e+03  3.32071916e+02  1.99526231e+03 -8.05422041e+00 
 2.15443469e+03  3.32039554e+02  2.15443469e+03 -8.69590033e+00 
 2.32630507e+03  3.32001831e+02  2.32630507e+03 -9.38855134e+00 
 2.51188643e+03  3.31957860e+02  2.51188643e+03 -1.01361831e+01 
 2.71227258e+03  3.31906608e+02  2.71227258e+03 -1.09431103e+01 
 2.92864456e+03  3.31846872e+02  2.92864456e+03 -1.18139739e+01 
 3.16227766e+03  3.31777253e+02  3.16227766e+03 -1.27537617e+01 
 3.41454887e+03  3.31696120e+02  3.41454887e+03 -1.37678303e+01 
 3.68694506e+03  3.31601576e+02  3.68694506e+03 -1.48619275e+01 
 3.98107171e+03  3.31491413e+02  3.98107171e+03 -1.60422135e+01 
 4.29866235e+03  3.31363065e+02  4.29866235e+03 -1.73152826e+01 
 4.64158883e+03  3.31213548e+02  4.64158883e+03 -1.86881831e+01 
 5.01187234e+03  3.31039394e+02  5.01187234e+03 -2.01684347e+01 
 5.41169527e+03  3.30836576e+02  5.41169527e+03 -2.17640439e+01 
 5.84341413e+03  3.30600421e+02  5.84341413e+03 -2.34835135e+01 
 6.30957344e+03  3.30325509e+02  6.30957344e+03 -2.53358471e+01 
 6.81292069e+03  3.30005562e+02  6.81292069e+03 -2.73305435e+01 
 7.35642254e+03  3.29633312e+02  7.35642254e+03 -2.94775820e+01 
 7.94328235e+03  3.29200359e+02  7.94328235e+03 -3.17873910e+01 
 8.57695899e+03  3.28697004e+02  8.57695899e+03 -3.42707994e+01 
 9.26118728e+03  3.28112075e+02  9.26118728e+03 -3.69389631e+01 
 1.00000000e+04  3.27432718e+02  1.00000000e+04 -3.98032623e+01 
 1.07977516e+04  3.26644186e+02  1.07977516e+04 -4.28751613e+01 
 1.16591440e+04  3.25729604e+02  1.16591440e+04 -4.61660218e+01 
 1.25892541e+04  3.24669719e+02  1.25892541e+04 -4.96868620e+01 
 1.35935639e+04  3.23442653e+02  1.35935639e+04 -5.34480470e+01 
 1.46779927e+04  3.22023649e+02  1.46779927e+04 -5.74589017e+01 
 1.58489319e+04  3.20384838e+02  1.58489319e+04 -6.17272304e+01 
 1.71132830e+04  3.18495044e+02  1.71132830e+04 -6.62587318e+01 
 1.84784980e+04  3.16319638e+02  1.84784980e+04 -7.10562980e+01 
 1.99526231e+04  3.13820493e+02  1.99526231e+04 -7.61191876e+01 
 2.15443469e+04  3.10956067e+02  2.15443469e+04 -8.14420716e+01 
 2.32630507e+04  3.07681662e+02  2.32630507e+04 -8.70139574e+01 
 2.51188643e+04  3.03949924e+02  2.51188643e+04 -9.28170101e+01 
 2.71227258e+04  2.99711636e+02  2.71227258e+04 -9.88253086e+01 
 2.92864456e+04  2.94916874e+02  2.92864456e+04 -1.05003598e+02 
 3.16227766e+04  2.89516573e+02  3.16227766e+04 -1.11306129e+02 
 3.41454887e+04  2.83464549e+02  3.41454887e+04 -1.17675697e+02 
 3.68694506e+04  2.76719983e+02  3.68694506e+04 -1.24043048e+02 
 3.98107171e+04  2.69250321e+02  3.98107171e+04 -1.30326809e+02 
 4.29866235e+04  2.61034486e+02  4.29866235e+04 -1.36434150e+02 
 4.64158883e+04  2.52066232e+02  4.64158883e+04 -1.42262331e+02 
 5.01187234e+04  2.42357352e+02  5.01187234e+04 -1.47701284e+02 
 5.41169527e+04  2.31940421e+02  5.41169527e+04 -1.52637262e+02 
 5.84341413e+04  2.20870675e+02  5.84341413e+04 -1.56957478e+02 
 6.30957344e+04  2.09226671e+02  6.30957344e+04 -1.60555513e+02 
 6.81292069e+04  1.97109387e+02  6.81292069e+04 -1.63337099e+02 
 7.35642254e+04  1.84639632e+02  7.35642254e+04 -1.65225771e+02 
 7.94328235e+04  1.71953767e+02  7.94328235e+04 -1.66167796e+02 
 8.57695899e+04  1.59198025e+02  8.57695899e+04 -1.66135820e+02 
 9.26118728e+04  1.46521884e+02  9.26118728e+04 -1.65130776e+02 
 1.00000000e+05  1.34071128e+02  1.00000000e+05 -1.63181820e+02 
 1.07977516e+05  1.21981263e+02  1.07977516e+05 -1.60344297e+02 
 1.16591440e+05  1.10371915e+02  1.16591440e+05 -1.56695997e+02 
 1.25892541e+05  9.93426594e+01  1.25892541e+05 -1.52332156e+02 
 1.35935639e+05  8.89705370e+01  1.35935639e+05 -1.47359784e+02 
 1.46779927e+05  7.93092712e+01  1.46779927e+05 -1.41891890e+02 
 1.58489319e+05  7.03900098e+01  1.58489319e+05 -1.36042111e+02 
 1.71132830e+05  6.22232770e+01  1.71132830e+05 -1.29920137e+02 
 1.84784980e+05  5.48017561e+01  1.84784980e+05 -1.23628126e+02 
 1.99526231e+05  4.81035207e+01  1.99526231e+05 -1.17258197e+02 
 2.15443469e+05  4.20953803e+01  2.15443469e+05 -1.10890941e+02 
 2.32630507e+05  3.67360804e+01  2.32630507e+05 -1.04594818e+02 
 2.51188643e+05  3.19791790e+01  2.51188643e+05 -9.84262588e+01 
 2.71227258e+05  2.77754983e+01  2.71227258e+05 -9.24302960e+01 
 2.92864456e+05  2.40751168e+01  2.92864456e+05 -8.66415369e+01 
 3.16227766e+05  2.08289088e+01  3.16227766e+05 -8.10853354e+01 
 3.41454887e+05  1.79896728e+01  3.41454887e+05 -7.57790413e+01 
 3.68694506e+05  1.55129052e+01  3.68694506e+05 -7.07332417e+01 
 3.98107171e+05  1.33572801e+01  3.98107171e+05 -6.59529335e+01 
 4.29866235e+05  1.14848987e+01  4.29866235e+05 -6.14385922e+01 
 4.64158883e+05  9.86136094e+00  4.64158883e+05 -5.71871178e+01 
 5.01187234e+05  8.45571040e+00  5.01187234e+05 -5.31926529e+01 
 5.41169527e+05  7.24028912e+00  5.41169527e+05 -4.94472763e+01 
 5.84341413e+05  6.19053582e+00  5.84341413e+05 -4.59415805e+01 
 6.30957344e+05  5.28475071e+00  6.30957344e+05 -4.26651455e+01 
 6.81292069e+05  4.50384521e+00  6.81292069e+05 -3.96069209e+01 
 7.35642254e+05  3.83108965e+00  7.35642254e+05 -3.67555302e+01 
 7.94328235e+05  3.25186764e+00  7.94328235e+05 -3.40995079e+01 
 8.57695899e+05  2.75344329e+00  8.57695899e+05 -3.16274832e+01 
 9.26118728e+05  2.32474454e+00  9.26118728e+05 -2.93283169e+01 
 1.00000000e+06  1.95616453e+00  1.00000000e+06 -2.71912025e+01 
 1.07977516e+06  1.63938158e+00  1.07977516e+06 -2.52057376e+01 
 1.16591440e+06  1.36719751e+00  1.16591440e+06 -2.33619716e+01 
 1.25892541e+06  1.13339355e+00  1.25892541e+06 -2.16504352e+01 
 1.35935639e+06  9.32602697e-01  1.35935639e+06 -2.00621551e+01 
 1.46779927e+06  7.60197205e-01  1.46779927e+06 -1.85886583e+01 
 1.58489319e+06  6.12189833e-01  1.58489319e+06 -1.72219679e+01 
 1.71132830e+06  4.85147482e-01  1.71132830e+06 -1.59545919e+01 
 1.84784980e+06  3.76115888e-01  1.84784980e+06 -1.47795092e+01 
 1.99526231e+06  2.82554112e-01  1.99526231e+06 -1.36901509e+01 
 2.15443469e+06  2.02277678e-01  2.15443469e+06 -1.26803803e+01 
 2.32630507e+06  1.33409306e-01  2.32630507e+06 -1.17444719e+01 
 2.51188643e+06  7.43362964e-02  2.51188643e+06 -1.08770893e+01 
 2.71227258e+06  2.36737019e-02  2.71227258e+06 -1.00732632e+01 
 2.92864456e+06 -1.97674423e-02  2.92864456e+06 -9.32836972e+00 
 3.16227766e+06 -5.70075127e-02  3.16227766e+06 -8.63810895e+00 
 3.41454887e+06 -8.89218891e-02  3.41454887e+06 -7.99848472e+00 
 3.68694506e+06 -1.16261256e-01  3.68694506e+06 -7.40578463e+00 
 3.98107171e+06 -1.39669059e-01  3.98107171e+06 -6.85656125e+00 
 4.29866235e+06 -1.59696503e-01  4.29866235e+06 -6.34761427e+00 
 4.64158883e+06 -1.76815428e-01  4.64158883e+06 -5.87597356e+00 
 5.01187234e+06 -1.91429354e-01  5.01187234e+06 -5.43888324e+00 
 5.41169527e+06 -2.03882942e-01  5.41169527e+06 -5.03378668e+00 
 5.84341413e+06 -2.14470096e-01  5.84341413e+06 -4.65831253e+00 
 6.30957344e+06 -2.23440893e-01  6.30957344e+06 -4.31026150e+00 
 6.81292069e+06 -2.31007489e-01  6.81292069e+06 -3.98759420e+00 
 7.35642254e+06 -2.37349163e-01  7.35642254e+06 -3.68841972e+00 
 7.94328235e+06 -2.42616606e-01  7.94328235e+06 -3.41098503e+00 
 8.57695899e+06 -2.46935560e-01  8.57695899e+06 -3.15366515e+00 
 9.26118728e+06 -2.50409907e-01  9.26118728e+06 -2.91495414e+00 
 1.00000000e+07 -2.53124287e-01  1.00000000e+07 -2.69345664e+00 
 1.07977516e+07 -2.55146316e-01  1.07977516e+07 -2.48788024e+00 
 1.16591440e+07 -2.56528474e-01  1.16591440e+07 -2.29702842e+00 
 1.25892541e+07 -2.57309733e-01  1.25892541e+07 -2.11979408e+00 
 1.35935639e+07 -2.57516973e-01  1.35935639e+07 -1.95515377e+00 
 1.46779927e+07 -2.57166266e-01  1.46779927e+07 -1.80216237e+00 
 1.58489319e+07 -2.56264082e-01  1.58489319e+07 -1.65994839e+00 
 1.71132830e+07 -2.54808490e-01  1.71132830e+07 -1.52770971e+00 
 1.84784980e+07 -2.52790411e-01  1.84784980e+07 -1.40470985e+00 
 1.99526231e+07 -2.50195016e-01  1.99526231e+07 -1.29027454e+00 
 2.15443469e+07 -2.47003312e-01  2.15443469e+07 -1.18378871e+00 
 2.32630507e+07 -2.43193992e-01  2.32630507e+07 -1.08469360e+00 
 2.51188643e+07 -2.38745587e-01  2.51188643e+07 -9.92484070e-01 
 2.71227258e+07 -2.33638929e-01  2.71227258e+07 -9.06705788e-01 
 2.92864456e+07 -2.27859905e-01  2.92864456e+07 -8.26952218e-01 
 3.16227766e+07 -2.21402403e-01  3.16227766e+07 -7.52861237e-01 
 3.41454887e+07 -2.14271324e-01  3.41454887e+07 -6.84111199e-01 
 3.68694506e+07 -2.06485411e-01  3.68694506e+07 -6.20416325e-01 
 3.98107171e+07 -1.98079640e-01  3.98107171e+07 -5.61521408e-01 
 4.29866235e+07 -1.89106851e-01  4.29866235e+07 -5.07195857e-01 
 4.64158883e+07 -1.79638309e-01  4.64158883e+07 -4.57227296e-01 
 5.01187234e+07 -1.69762963e-01  5.01187234e+07 -4.11415020e-01 
 5.41169527e+07 -1.59585274e-01  5.41169527e+07 -3.69563731e-01 
 5.84341413e+07 -1.49221653e-01  5.84341413e+07 -3.31478039e-01 
 6.30957344e+07 -1.38795763e-01  6.30957344e+07 -2.96958169e-01 
 6.81292069e+07 -1.28433069e-01  6.81292069e+07 -2.65797225e-01 
 7.35642254e+07 -1.18255168e-01  7.35642254e+07 -2.37780190e-01 
 7.94328235e+07 -1.08374458e-01  7.94328235e+07 -2.12684629e-01 
 8.57695899e+07 -9.88896485e-02  8.57695899e+07 -1.90282857e-01 
 9.26118728e+07 -8.98824738e-02  9.26118728e+07 -1.70345170e-01 
 1.00000000e+08 -8.14157959e-02  1.00000000e+08 -1.52643672e-01 
 1.07977516e+08 -7.35331058e-02  1.07977516e+08 -1.36956203e-01 
 1.16591440e+08 -6.62592557e-02  1.16591440e+08 -1.23069958e-01 
 1.25892541e+08 -5.96021616e-02  1.25892541e+08 -1.10784500e-01 
 1.35935639e+08 -5.35551587e-02  1.35935639e+08 -9.99139764e-02 
 1.46779927e+08 -4.80996982e-02  1.46779927e+08 -9.02885145e-02 
 1.58489319e+08 -4.32081158e-02  1.58489319e+08 -8.17548181e-02 
 1.71132830e+08 -3.88462610e-02  1.71132830e+08 -7.41760915e-02 
 1.84784980e+08 -3.49758495e-02  1.84784980e+08 -6.74314294e-02 
 1.99526231e+08 -3.15564596e-02  1.99526231e+08 -6.14148248e-02 
 2.15443469e+08 -2.85471472e-02  2.15443469e+08 -5.60339356e-02 
 2.32630507e+08 -2.59076886e-02  2.32630507e+08 -5.12087292e-02 
 2.51188643e+08 -2.35994888e-02  2.51188643e+08 -4.68700976e-02 
 2.71227258e+08 -2.15861988e-02  2.71227258e+08 -4.29585111e-02 
 2.92864456e+08 -1.98340969e-02  2.92864456e+08 -3.94227557e-02 
 3.16227766e+08 -1.83122819e-02  3.16227766e+08 -3.62187806e-02 
 3.41454887e+08 -1.69927247e-02  3.41454887e+08 -3.33086682e-02 
 3.68694506e+08 -1.58502169e-02  3.68694506e+08 -3.06597283e-02 
 3.98107171e+08 -1.48622483e-02  3.98107171e+08 -2.82437128e-02 
 4.29866235e+08 -1.40088388e-02  4.29866235e+08 -2.60361409e-02 
 4.64158883e+08 -1.32723443e-02  4.64158883e+08 -2.40157249e-02 
 5.01187234e+08 -1.26372510e-02  5.01187234e+08 -2.21638839e-02 
 5.41169527e+08 -1.20899680e-02  5.41169527e+08 -2.04643346e-02 
 5.84341413e+08 -1.16186267e-02  5.84341413e+08 -1.89027473e-02 
 6.30957344e+08 -1.12128893e-02  6.30957344e+08 -1.74664588e-02 
 6.81292069e+08 -1.08637724e-02  6.81292069e+08 -1.61442312e-02 
 7.35642254e+08 -1.05634837e-02  7.35642254e+08 -1.49260512e-02 
 7.94328235e+08 -1.03052754e-02  7.94328235e+08 -1.38029615e-02 
 8.57695899e+08 -1.00833115e-02  8.57695899e+08 -1.27669203e-02 
 9.26118728e+08 -9.89255064e-03  9.26118728e+08 -1.18106830e-02 
 1.00000000e+09 -9.72864144e-03  1.00000000e+09 -1.09277024e-02 
 1.07977516e+09 -9.58783124e-03  1.07977516e+09 -1.01120453e-02 
 1.16591440e+09 -9.46688565e-03  1.16591440e+09 -9.35832027e-03 
 1.25892541e+09 -9.36301848e-03  1.25892541e+09 -8.66161773e-03 
 1.35935639e+09 -9.27383072e-03  1.35935639e+09 -8.01745718e-03 
 1.46779927e+09 -9.19725753e-03  1.46779927e+09 -7.42174247e-03 
 1.58489319e+09 -9.13152233e-03  1.58489319e+09 -6.87072279e-03 
 1.71132830e+09 -9.07509705e-03  1.71132830e+09 -6.36095868e-03 
 1.84784980e+09 -9.02666770e-03  1.84784980e+09 -5.88929220e-03 
 1.99526231e+09 -8.98510472e-03  1.99526231e+09 -5.45282072e-03 
 2.15443469e+09 -8.94943726e-03  2.15443469e+09 -5.04887370e-03 
 2.32630507e+09 -8.91883115e-03  2.32630507e+09 -4.67499201e-03 
 2.51188643e+09 -8.89256972e-03  2.51188643e+09 -4.32890950e-03 
 2.71227258e+09 -8.87003742e-03  2.71227258e+09 -4.00853651e-03 
 2.92864456e+09 -8.85070560e-03  2.92864456e+09 -3.71194501e-03 
 3.16227766e+09 -8.83412035e-03  3.16227766e+09 -3.43735518e-03 
 3.41454887e+09 -8.81989196e-03  3.41454887e+09 -3.18312334e-03 
 3.68694506e+09 -8.80768589e-03  3.68694506e+09 -2.94773093e-03 
 3.98107171e+09 -8.79721498e-03  3.98107171e+09 -2.72977453e-03 
 4.29866235e+09 -8.78823278e-03  4.29866235e+09 -2.52795676e-03 
 4.64158883e+09 -8.78052780e-03  4.64158883e+09 -2.34107796e-03 
 5.01187234e+09 -8.77391853e-03  5.01187234e+09 -2.16802860e-03 
 5.41169527e+09 -8.76824925e-03  5.41169527e+09 -2.00778232e-03 
 5.84341413e+09 -8.76338632e-03  5.84341413e+09 -1.85938952e-03 
 6.30957344e+09 -8.75921512e-03  6.30957344e+09 -1.72197152e-03 
 6.81292069e+09 -8.75563728e-03  6.81292069e+09 -1.59471517e-03 
 7.35642254e+09 -8.75256842e-03  7.35642254e+09 -1.47686784e-03 
 7.94328235e+09 -8.74993615e-03  7.94328235e+09 -1.36773293e-03 
 8.57695899e+09 -8.74767838e-03  8.57695899e+09 -1.26666557e-03 
 9.26118728e+09 -8.74574183e-03  9.26118728e+09 -1.17306880e-03 
 1.00000000e+10 -8.74408082e-03  1.00000000e+10 -1.08638993e-03 
