 1.00000000e+00  3.28941094e+02  1.00000000e+00 -5.57057128e-03 
 1.07977516e+00  3.28941094e+02  1.07977516e+00 -6.01496450e-03 
 1.16591440e+00  3.28941094e+02  1.16591440e+00 -6.49480927e-03 
 1.25892541e+00  3.28941094e+02  1.25892541e+00 -7.01293374e-03 
 1.35935639e+00  3.28941094e+02  1.35935639e+00 -7.57239166e-03 
 1.46779927e+00  3.28941094e+02  1.46779927e+00 -8.17648044e-03 
 1.58489319e+00  3.28941094e+02  1.58489319e+00 -8.82876049e-03 
 1.71132830e+00  3.28941094e+02  1.71132830e+00 -9.53307629e-03 
 1.84784980e+00  3.28941094e+02  1.84784980e+00 -1.02935790e-02 
 1.99526231e+00  3.28941094e+02  1.99526231e+00 -1.11147509e-02 
 2.15443469e+00  3.28941094e+02  2.15443469e+00 -1.20014320e-02 
 2.32630507e+00  3.28941094e+02  2.32630507e+00 -1.29588482e-02 
 2.51188643e+00  3.28941094e+02  2.51188643e+00 -1.39926424e-02 
 2.71227258e+00  3.28941094e+02  2.71227258e+00 -1.51089077e-02 
 2.92864456e+00  3.28941094e+02  2.92864456e+00 -1.63142233e-02 
 3.16227766e+00  3.28941094e+02  3.16227766e+00 -1.76156931e-02 
 3.41454887e+00  3.28941093e+02  3.41454887e+00 -1.90209878e-02 
 3.68694506e+00  3.28941093e+02  3.68694506e+00 -2.05383902e-02 
 3.98107171e+00  3.28941093e+02  3.98107171e+00 -2.21768436e-02 
 4.29866235e+00  3.28941093e+02  4.29866235e+00 -2.39460049e-02 
 4.64158883e+00  3.28941092e+02  4.64158883e+00 -2.58563013e-02 
 5.01187234e+00  3.28941092e+02  5.01187234e+00 -2.79189919e-02 
 5.41169527e+00  3.28941092e+02  5.41169527e+00 -3.01462340e-02 
 5.84341413e+00  3.28941091e+02  5.84341413e+00 -3.25511546e-02 
 6.30957344e+00  3.28941091e+02  6.30957344e+00 -3.51479282e-02 
 6.81292069e+00  3.28941090e+02  6.81292069e+00 -3.79518598e-02 
 7.35642254e+00  3.28941089e+02  7.35642254e+00 -4.09794755e-02 
 7.94328235e+00  3.28941089e+02  7.94328235e+00 -4.42486197e-02 
 8.57695899e+00  3.28941088e+02  8.57695899e+00 -4.77785604e-02 
 9.26118728e+00  3.28941086e+02  9.26118728e+00 -5.15901026e-02 
 1.00000000e+01  3.28941085e+02  1.00000000e+01 -5.57057112e-02 
 1.07977516e+01  3.28941083e+02  1.07977516e+01 -6.01496431e-02 
 1.16591440e+01  3.28941082e+02  1.16591440e+01 -6.49480902e-02 
 1.25892541e+01  3.28941080e+02  1.25892541e+01 -7.01293342e-02 
 1.35935639e+01  3.28941077e+02  1.35935639e+01 -7.57239127e-02 
 1.46779927e+01  3.28941074e+02  1.46779927e+01 -8.17647994e-02 
 1.58489319e+01  3.28941071e+02  1.58489319e+01 -8.82875986e-02 
 1.71132830e+01  3.28941067e+02  1.71132830e+01 -9.53307550e-02 
 1.84784980e+01  3.28941062e+02  1.84784980e+01 -1.02935780e-01 
 1.99526231e+01  3.28941057e+02  1.99526231e+01 -1.11147497e-01 
 2.15443469e+01  3.28941051e+02  2.15443469e+01 -1.20014304e-01 
 2.32630507e+01  3.28941043e+02  2.32630507e+01 -1.29588462e-01 
 2.51188643e+01  3.28941035e+02  2.51188643e+01 -1.39926399e-01 
 2.71227258e+01  3.28941025e+02  2.71227258e+01 -1.51089045e-01 
 2.92864456e+01  3.28941014e+02  2.92864456e+01 -1.63142193e-01 
 3.16227766e+01  3.28941000e+02  3.16227766e+01 -1.76156881e-01 
 3.41454887e+01  3.28940985e+02  3.41454887e+01 -1.90209815e-01 
 3.68694506e+01  3.28940966e+02  3.68694506e+01 -2.05383823e-01 
 3.98107171e+01  3.28940945e+02  3.98107171e+01 -2.21768336e-01 
 4.29866235e+01  3.28940920e+02  4.29866235e+01 -2.39459923e-01 
 4.64158883e+01  3.28940891e+02  4.64158883e+01 -2.58562855e-01 
 5.01187234e+01  3.28940858e+02  5.01187234e+01 -2.79189720e-01 
 5.41169527e+01  3.28940818e+02  5.41169527e+01 -3.01462089e-01 
 5.84341413e+01  3.28940773e+02  5.84341413e+01 -3.25511231e-01 
 6.30957344e+01  3.28940719e+02  6.30957344e+01 -3.51478885e-01 
 6.81292069e+01  3.28940657e+02  6.81292069e+01 -3.79518099e-01 
 7.35642254e+01  3.28940584e+02  7.35642254e+01 -4.09794126e-01 
 7.94328235e+01  3.28940500e+02  7.94328235e+01 -4.42485405e-01 
 8.57695899e+01  3.28940401e+02  8.57695899e+01 -4.77784607e-01 
 9.26118728e+01  3.28940286e+02  9.26118728e+01 -5.15899772e-01 
 1.00000000e+02  3.28940152e+02  1.00000000e+02 -5.57055533e-01 
 1.07977516e+02  3.28939995e+02  1.07977516e+02 -6.01494442e-01 
 1.16591440e+02  3.28939813e+02  1.16591440e+02 -6.49478399e-01 
 1.25892541e+02  3.28939600e+02  1.25892541e+02 -7.01290191e-01 
 1.35935639e+02  3.28939353e+02  1.35935639e+02 -7.57235160e-01 
 1.46779927e+02  3.28939064e+02  1.46779927e+02 -8.17643000e-01 
 1.58489319e+02  3.28938727e+02  1.58489319e+02 -8.82869699e-01 
 1.71132830e+02  3.28938334e+02  1.71132830e+02 -9.53299635e-01 
 1.84784980e+02  3.28937876e+02  1.84784980e+02 -1.02934784e+00 
 1.99526231e+02  3.28937342e+02  1.99526231e+02 -1.11146242e+00 
 2.15443469e+02  3.28936719e+02  2.15443469e+02 -1.20012725e+00 
 2.32630507e+02  3.28935993e+02  2.32630507e+02 -1.29586474e+00 
 2.51188643e+02  3.28935147e+02  2.51188643e+02 -1.39923896e+00 
 2.71227258e+02  3.28934160e+02  2.71227258e+02 -1.51085894e+00 
 2.92864456e+02  3.28933009e+02  2.92864456e+02 -1.63138226e+00 
 3.16227766e+02  3.28931668e+02  3.16227766e+02 -1.76151887e+00 
 3.41454887e+02  3.28930104e+02  3.41454887e+02 -1.90203528e+00 
 3.68694506e+02  3.28928281e+02  3.68694506e+02 -2.05375908e+00 
 3.98107171e+02  3.28926155e+02  3.98107171e+02 -2.21758372e+00 
 4.29866235e+02  3.28923676e+02  4.29866235e+02 -2.39447379e+00 
 4.64158883e+02  3.28920786e+02  4.64158883e+02 -2.58547063e+00 
 5.01187234e+02  3.28917417e+02  5.01187234e+02 -2.79169840e+00 
 5.41169527e+02  3.28913489e+02  5.41169527e+02 -3.01437062e+00 
 5.84341413e+02  3.28908910e+02  5.84341413e+02 -3.25479724e+00 
 6.30957344e+02  3.28903570e+02  6.30957344e+02 -3.51439221e+00 
 6.81292069e+02  3.28897345e+02  6.81292069e+02 -3.79468165e+00 
 7.35642254e+02  3.28890088e+02  7.35642254e+02 -4.09731264e+00 
 7.94328235e+02  3.28881627e+02  7.94328235e+02 -4.42406269e+00 
 8.57695899e+02  3.28871762e+02  8.57695899e+02 -4.77684984e+00 
 9.26118728e+02  3.28860262e+02  9.26118728e+02 -5.15774357e+00 
 1.00000000e+03  3.28846854e+02  1.00000000e+03 -5.56897652e+00 
 1.07977516e+03  3.28831224e+02  1.07977516e+03 -6.01295692e+00 
 1.16591440e+03  3.28813002e+02  1.16591440e+03 -6.49228201e+00 
 1.25892541e+03  3.28791759e+02  1.25892541e+03 -7.00975231e+00 
 1.35935639e+03  3.28766995e+02  1.35935639e+03 -7.56838678e+00 
 1.46779927e+03  3.28738127e+02  1.46779927e+03 -8.17143903e+00 
 1.58489319e+03  3.28704476e+02  1.58489319e+03 -8.82241439e+00 
 1.71132830e+03  3.28665251e+02  1.71132830e+03 -9.52508797e+00 
 1.84784980e+03  3.28619529e+02  1.84784980e+03 -1.02835237e+01 
 1.99526231e+03  3.28566238e+02  1.99526231e+03 -1.11020941e+01 
 2.15443469e+03  3.28504126e+02  2.15443469e+03 -1.19855010e+01 
 2.32630507e+03  3.28431739e+02  2.32630507e+03 -1.29387967e+01 
 2.51188643e+03  3.28347382e+02  2.51188643e+03 -1.39674055e+01 
 2.71227258e+03  3.28249084e+02  2.71227258e+03 -1.50771459e+01 
 2.92864456e+03  3.28134551e+02  2.92864456e+03 -1.62742514e+01 
 3.16227766e+03  3.28001115e+02  3.16227766e+03 -1.75653919e+01 
 3.41454887e+03  3.27845678e+02  3.41454887e+03 -1.89576925e+01 
 3.68694506e+03  3.27664638e+02  3.68694506e+03 -2.04587500e+01 
 3.98107171e+03  3.27453812e+02  3.98107171e+03 -2.20766470e+01 
 4.29866235e+03  3.27208349e+02  4.29866235e+03 -2.38199593e+01 
 4.64158883e+03  3.26922625e+02  4.64158883e+03 -2.56977578e+01 
 5.01187234e+03  3.26590124e+02  5.01187234e+03 -2.77196003e+01 
 5.41169527e+03  3.26203308e+02  5.41169527e+03 -2.98955120e+01 
 5.84341413e+03  3.25753468e+02  5.84341413e+03 -3.22359493e+01 
 6.30957344e+03  3.25230556e+02  6.30957344e+03 -3.47517447e+01 
 6.81292069e+03  3.24623000e+02  6.81292069e+03 -3.74540254e+01 
 7.35642254e+03  3.23917499e+02  7.35642254e+03 -4.03541001e+01 
 7.94328235e+03  3.23098805e+02  7.94328235e+03 -4.34633071e+01 
 8.57695899e+03  3.22149484e+02  8.57695899e+03 -4.67928130e+01 
 9.26118728e+03  3.21049671e+02  9.26118728e+03 -5.03533537e+01 
 1.00000000e+04  3.19776820e+02  1.00000000e+04 -5.41549048e+01 
 1.07977516e+04  3.18305460e+02  1.07977516e+04 -5.82062698e+01 
 1.16591440e+04  3.16606972e+02  1.16591440e+04 -6.25145732e+01 
 1.25892541e+04  3.14649409e+02  1.25892541e+04 -6.70846454e+01 
 1.35935639e+04  3.12397381e+02  1.35935639e+04 -7.19182893e+01 
 1.46779927e+04  3.09812044e+02  1.46779927e+04 -7.70134218e+01 
 1.58489319e+04  3.06851235e+02  1.58489319e+04 -8.23630889e+01 
 1.71132830e+04  3.03469797e+02  1.71132830e+04 -8.79543653e+01 
 1.84784980e+04  2.99620162e+02  1.84784980e+04 -9.37671618e+01 
 1.99526231e+04  2.95253243e+02  1.99526231e+04 -9.97729853e+01 
 2.15443469e+04  2.90319704e+02  2.15443469e+04 -1.05933720e+02 
 2.32630507e+04  2.84771652e+02  2.32630507e+04 -1.12200527e+02 
 2.51188643e+04  2.78564787e+02  2.51188643e+04 -1.18512993e+02 
 2.71227258e+04  2.71660999e+02  2.71227258e+04 -1.24798689e+02 
 2.92864456e+04  2.64031354e+02  2.92864456e+04 -1.30973314e+02 
 3.16227766e+04  2.55659344e+02  3.16227766e+04 -1.36941611e+02 
 3.41454887e+04  2.46544187e+02  3.41454887e+04 -1.42599222e+02 
 3.68694506e+04  2.36703901e+02  3.68694506e+04 -1.47835580e+02 
 3.98107171e+04  2.26177784e+02  3.98107171e+04 -1.52537850e+02 
 4.29866235e+04  2.15027924e+02  4.29866235e+04 -1.56595801e+02 
 4.64158883e+04  2.03339386e+02  4.64158883e+04 -1.59907323e+02 
 5.01187234e+04  1.91218793e+02  5.01187234e+04 -1.62384177e+02 
 5.41169527e+04  1.78791210e+02  5.41169527e+04 -1.63957414e+02 
 5.84341413e+04  1.66195427e+02  5.84341413e+04 -1.64581913e+02 
 6.30957344e+04  1.53577973e+02  6.30957344e+04 -1.64239474e+02 
 6.81292069e+04  1.41086382e+02  6.81292069e+04 -1.62940096e+02 
 7.35642254e+04  1.28862372e+02  7.35642254e+04 -1.60721274e+02 
 7.94328235e+04  1.17035572e+02  7.94328235e+04 -1.57645401e+02 
 8.57695899e+04  1.05718398e+02  8.57695899e+04 -1.53795609e+02 
 9.26118728e+04  9.50024387e+01  9.26118728e+04 -1.49270543e+02 
 1.00000000e+05  8.49565502e+01  1.00000000e+05 -1.44178650e+02 
 1.07977516e+05  7.56265908e+01  1.07977516e+05 -1.38632541e+02 
 1.16591440e+05  6.70365792e+01  1.16591440e+05 -1.32743901e+02 
 1.25892541e+05  5.91909326e+01  1.25892541e+05 -1.26619248e+02 
 1.35935639e+05  5.20774039e+01  1.35935639e+05 -1.20356738e+02 
 1.46779927e+05  4.56703492e+01  1.46779927e+05 -1.14044007e+02 
 1.58489319e+05  3.99340178e+01  1.58489319e+05 -1.07757004e+02 
 1.71132830e+05  3.48256320e+01  1.71132830e+05 -1.01559631e+02 
 1.84784980e+05  3.02981070e+01  1.84784980e+05 -9.55040364e+01 
 1.99526231e+05  2.63023334e+01  1.99526231e+05 -8.96313671e+01 
 2.15443469e+05  2.27890021e+01  2.15443469e+05 -8.39728062e+01 
 2.32630507e+05  1.97099927e+01  2.32630507e+05 -7.85507707e+01 
 2.51188643e+05  1.70193705e+01  2.51188643e+05 -7.33801538e+01 
 2.71227258e+05  1.46740528e+01  2.71227258e+05 -6.84695363e+01 
 2.92864456e+05  1.26342040e+01  2.92864456e+05 -6.38223177e+01 
 3.16227766e+05  1.08634201e+01  3.16227766e+05 -5.94377362e+01 
 3.41454887e+05  9.32875472e+00  3.41454887e+05 -5.53117647e+01 
 3.68694506e+05  8.00063217e+00  3.68694506e+05 -5.14378800e+01 
 3.98107171e+05  6.85268251e+00  3.98107171e+05 -4.78077117e+01 
 4.29866235e+05  5.86152903e+00  4.29866235e+05 -4.44115794e+01 
 4.64158883e+05  5.00654889e+00  4.64158883e+05 -4.12389313e+01 
 5.01187234e+05  4.26962357e+00  5.01187234e+05 -3.82786959e+01 
 5.41169527e+05  3.63489041e+00  5.41169527e+05 -3.55195609e+01 
 5.84341413e+05  3.08850309e+00  5.84341413e+05 -3.29501901e+01 
 6.30957344e+05  2.61840600e+00  6.30957344e+05 -3.05593887e+01 
 6.81292069e+05  2.21412537e+00  6.81292069e+05 -2.83362270e+01 
 7.35642254e+05  1.86657857e+00  7.35642254e+05 -2.62701305e+01 
 7.94328235e+05  1.56790178e+00  7.94328235e+05 -2.43509418e+01 
 8.57695899e+05  1.31129564e+00  8.57695899e+05 -2.25689622e+01 
 9.26118728e+05  1.09088798e+00  9.26118728e+05 -2.09149752e+01 
 1.00000000e+06  9.01612429e-01  1.00000000e+06 -1.93802582e+01 
 1.07977516e+06  7.39101556e-01  1.07977516e+06 -1.79565831e+01 
 1.16591440e+06  5.99593198e-01  1.16591440e+06 -1.66362097e+01 
 1.25892541e+06  4.79848626e-01  1.25892541e+06 -1.54118742e+01 
 1.35935639e+06  3.77081236e-01  1.35935639e+06 -1.42767731e+01 
 1.46779927e+06  2.88894568e-01  1.46779927e+06 -1.32245446e+01 
 1.58489319e+06  2.13228534e-01  1.58489319e+06 -1.22492479e+01 
 1.71132830e+06  1.48312853e-01  1.71132830e+06 -1.13453427e+01 
 1.84784980e+06  9.26267852e-02  1.84784980e+06 -1.05076665e+01 
 1.99526231e+06  4.48643498e-02  1.99526231e+06 -9.73141355e+00 
 2.15443469e+06  3.90432266e-03  2.15443469e+06 -9.01211332e+00 
 2.32630507e+06 -3.12156264e-02  2.32630507e+06 -8.34560942e+00 
 2.51188643e+06 -6.13212050e-02  2.51188643e+06 -7.72803973e+00 
 2.71227258e+06 -8.71206633e-02  2.71227258e+06 -7.15581706e+00 
 2.92864456e+06 -1.09221275e-01  2.92864456e+06 -6.62561079e+00 
 3.16227766e+06 -1.28143498e-01  3.16227766e+06 -6.13432951e+00 
 3.41454887e+06 -1.44333136e-01  3.41454887e+06 -5.67910453e+00 
 3.68694506e+06 -1.58171773e-01  3.68694506e+06 -5.25727444e+00 
 3.98107171e+06 -1.69985721e-01  3.98107171e+06 -4.86637053e+00 
 4.29866235e+06 -1.80053681e-01  4.29866235e+06 -4.50410319e+00 
 4.64158883e+06 -1.88613304e-01  4.64158883e+06 -4.16834920e+00 
 5.01187234e+06 -1.95866795e-01  5.01187234e+06 -3.85713978e+00 
 5.41169527e+06 -2.01985695e-01  5.41169527e+06 -3.56864957e+00 
 5.84341413e+06 -2.07114959e-01  5.84341413e+06 -3.30118633e+00 
 6.30957344e+06 -2.11376416e-01  6.30957344e+06 -3.05318137e+00 
 6.81292069e+06 -2.14871718e-01  6.81292069e+06 -2.82318067e+00 
 7.35642254e+06 -2.17684820e-01  7.35642254e+06 -2.60983673e+00 
 7.94328235e+06 -2.19884095e-01  7.94328235e+06 -2.41190101e+00 
 8.57695899e+06 -2.21524111e-01  8.57695899e+06 -2.22821695e+00 
 9.26118728e+06 -2.22647140e-01  9.26118728e+06 -2.05771361e+00 
 1.00000000e+07 -2.23284449e-01  1.00000000e+07 -1.89939987e+00 
 1.07977516e+07 -2.23457420e-01  1.07977516e+07 -1.75235911e+00 
 1.16591440e+07 -2.23178548e-01  1.16591440e+07 -1.61574443e+00 
 1.25892541e+07 -2.22452367e-01  1.25892541e+07 -1.48877435e+00 
 1.35935639e+07 -2.21276366e-01  1.35935639e+07 -1.37072892e+00 
 1.46779927e+07 -2.19641939e-01  1.46779927e+07 -1.26094631e+00 
 1.58489319e+07 -2.17535437e-01  1.58489319e+07 -1.15881971e+00 
 1.71132830e+07 -2.14939375e-01  1.71132830e+07 -1.06379459e+00 
 1.84784980e+07 -2.11833845e-01  1.84784980e+07 -9.75366132e-01 
 1.99526231e+07 -2.08198192e-01  1.99526231e+07 -8.93076872e-01 
 2.15443469e+07 -2.04012957e-01  2.15443469e+07 -8.16514322e-01 
 2.32630507e+07 -1.99262093e-01  2.32630507e+07 -7.45308488e-01 
 2.51188643e+07 -1.93935407e-01  2.51188643e+07 -6.79129123e-01 
 2.71227258e+07 -1.88031117e-01  2.71227258e+07 -6.17682581e-01 
 2.92864456e+07 -1.81558368e-01  2.92864456e+07 -5.60708135e-01 
 3.16227766e+07 -1.74539491e-01  3.16227766e+07 -5.07973701e-01 
 3.41454887e+07 -1.67011741e-01  3.41454887e+07 -4.59270968e-01 
 3.68694506e+07 -1.59028245e-01  3.68694506e+07 -4.14410040e-01 
 3.98107171e+07 -1.50657919e-01  3.98107171e+07 -3.73213812e-01 
 4.29866235e+07 -1.41984185e-01  4.29866235e+07 -3.35512407e-01 
 4.64158883e+07 -1.33102463e-01  4.64158883e+07 -3.01138065e-01 
 5.01187234e+07 -1.24116553e-01  5.01187234e+07 -2.69920886e-01 
 5.41169527e+07 -1.15134192e-01  5.41169527e+07 -2.41685794e-01 
 5.84341413e+07 -1.06262193e-01  5.84341413e+07 -2.16250937e-01 
 6.30957344e+07 -9.76016450e-02  6.30957344e+07 -1.93427596e-01 
 6.81292069e+07 -8.92436371e-02  6.81292069e+07 -1.73021471e-01 
 7.35642254e+07 -8.12658833e-02  7.35642254e+07 -1.54835072e-01 
 7.94328235e+07 -7.37304935e-02  7.94328235e+07 -1.38670820e-01 
 8.57695899e+07 -6.66829626e-02  8.57695899e+07 -1.24334443e-01 
 9.26118728e+07 -6.01523067e-02  9.26118728e+07 -1.11638262e-01 
 1.00000000e+08 -5.41521535e-02  1.00000000e+08 -1.00404068e-01 
 1.07977516e+08 -4.86825318e-02  1.07977516e+08 -9.04653803e-02 
 1.16591440e+08 -4.37320830e-02  1.16591440e+08 -8.16689957e-02 
 1.25892541e+08 -3.92804426e-02  1.25892541e+08 -7.38758241e-02 
 1.35935639e+08 -3.53005820e-02  1.35935639e+08 -6.69610949e-02 
 1.46779927e+08 -3.17609636e-02  1.46779927e+08 -6.08140377e-02 
 1.58489319e+08 -2.86274153e-02  1.58489319e+08 -5.53371720e-02 
 1.71132830e+08 -2.58646825e-02  1.71132830e+08 -5.04453309e-02 
 1.84784980e+08 -2.34376523e-02  1.84784980e+08 -4.60645331e-02 
 1.99526231e+08 -2.13122717e-02  1.99526231e+08 -4.21307928e-02 
 2.15443469e+08 -1.94561958e-02  2.15443469e+08 -3.85889369e-02 
 2.32630507e+08 -1.78392100e-02  2.32630507e+08 -3.53914784e-02 
 2.51188643e+08 -1.64334693e-02  2.51188643e+08 -3.24975741e-02 
 2.71227258e+08 -1.52135981e-02  2.71227258e+08 -2.98720854e-02 
 2.92864456e+08 -1.41566842e-02  2.92864456e+08 -2.74847450e-02 
 3.16227766e+08 -1.32422003e-02  3.16227766e+08 -2.53094307e-02 
 3.41454887e+08 -1.24518757e-02  3.41454887e+08 -2.33235382e-02 
 3.68694506e+08 -1.17695374e-02  3.68694506e+08 -2.15074455e-02 
 3.98107171e+08 -1.11809364e-02  3.98107171e+08 -1.98440578e-02 
 4.29866235e+08 -1.06735686e-02  4.29866235e+08 -1.83184241e-02 
 4.64158883e+08 -1.02364981e-02  4.64158883e+08 -1.69174143e-02 
 5.01187234e+08 -9.86018788e-03  5.01187234e+08 -1.56294490e-02 
 5.41169527e+08 -9.53634098e-03  5.41169527e+08 -1.44442734e-02 
 5.84341413e+08 -9.25775419e-03  5.84341413e+08 -1.33527682e-02 
 6.30957344e+08 -9.01818462e-03  6.30957344e+08 -1.23467913e-02 
 6.81292069e+08 -8.81222950e-03  6.81292069e+08 -1.14190462e-02 
 7.35642254e+08 -8.63521884e-03  7.35642254e+08 -1.05629706e-02 
 7.94328235e+08 -8.48312006e-03  7.94328235e+08 -9.77264316e-03 
 8.57695899e+08 -8.35245400e-03  8.57695899e+08 -9.04270542e-03 
 9.26118728e+08 -8.24022107e-03  9.26118728e+08 -8.36829478e-03 
 1.00000000e+09 -8.14383668e-03  1.00000000e+09 -7.74498801e-03 
 1.07977516e+09 -8.06107500e-03  1.07977516e+09 -7.16875277e-03 
 1.16591440e+09 -7.99002001e-03  1.16591440e+09 -6.63590598e-03 
 1.25892541e+09 -7.92902300e-03  1.25892541e+09 -6.14307774e-03 
 1.35935639e+09 -7.87666579e-03  1.35935639e+09 -5.68718004e-03 
 1.46779927e+09 -7.83172886e-03  1.46779927e+09 -5.26537937e-03 
 1.58489319e+09 -7.79316383e-03  1.58489319e+09 -4.87507264e-03 
 1.71132830e+09 -7.76006966e-03  1.71132830e+09 -4.51386600e-03 
 1.84784980e+09 -7.73167214e-03  1.84784980e+09 -4.17955594e-03 
 1.99526231e+09 -7.70730615e-03  1.99526231e+09 -3.87011260e-03 
 2.15443469e+09 -7.68640043e-03  2.15443469e+09 -3.58366468e-03 
 2.32630507e+09 -7.66846438e-03  2.32630507e+09 -3.31848609e-03 
 2.51188643e+09 -7.65307677e-03  2.51188643e+09 -3.07298375e-03 
 2.71227258e+09 -7.63987596e-03  2.71227258e+09 -2.84568670e-03 
 2.92864456e+09 -7.62855152e-03  2.92864456e+09 -2.63523616e-03 
 3.16227766e+09 -7.61883698e-03  3.16227766e+09 -2.44037653e-03 
 3.41454887e+09 -7.61050368e-03  3.41454887e+09 -2.25994723e-03 
 3.68694506e+09 -7.60335537e-03  3.68694506e+09 -2.09287519e-03 
 3.98107171e+09 -7.59722364e-03  3.98107171e+09 -1.93816805e-03 
 4.29866235e+09 -7.59196400e-03  4.29866235e+09 -1.79490788e-03 
 4.64158883e+09 -7.58745248e-03  4.64158883e+09 -1.66224548e-03 
 5.01187234e+09 -7.58358270e-03  5.01187234e+09 -1.53939510e-03 
 5.41169527e+09 -7.58026342e-03  5.41169527e+09 -1.42562959e-03 
 5.84341413e+09 -7.57741635e-03  5.84341413e+09 -1.32027602e-03 
 6.30957344e+09 -7.57497432e-03  6.30957344e+09 -1.22271149e-03 
 6.81292069e+09 -7.57287972e-03  6.81292069e+09 -1.13235945e-03 
 7.35642254e+09 -7.57108314e-03  7.35642254e+09 -1.04868613e-03 
 7.94328235e+09 -7.56954218e-03  7.94328235e+09 -9.71197408e-04 
 8.57695899e+09 -7.56822047e-03  8.57695899e+09 -8.99435801e-04 
 9.26118728e+09 -7.56708682e-03  9.26118728e+09 -8.32977741e-04 
 1.00000000e+10 -7.56611448e-03  1.00000000e+10 -7.71431044e-04 
