 1.00000000e+00  3.34134113e+02  1.00000000e+00 -4.00536325e-03 
 1.07977516e+00  3.34134113e+02  1.07977516e+00 -4.32489175e-03 
 1.16591440e+00  3.34134113e+02  1.16591440e+00 -4.66991069e-03 
 1.25892541e+00  3.34134113e+02  1.25892541e+00 -5.04245358e-03 
 1.35935639e+00  3.34134113e+02  1.35935639e+00 -5.44471613e-03 
 1.46779927e+00  3.34134113e+02  1.46779927e+00 -5.87906924e-03 
 1.58489319e+00  3.34134113e+02  1.58489319e+00 -6.34807294e-03 
 1.71132830e+00  3.34134113e+02  1.71132830e+00 -6.85449149e-03 
 1.84784980e+00  3.34134113e+02  1.84784980e+00 -7.40130967e-03 
 1.99526231e+00  3.34134112e+02  1.99526231e+00 -7.99175034e-03 
 2.15443469e+00  3.34134112e+02  2.15443469e+00 -8.62929352e-03 
 2.32630507e+00  3.34134112e+02  2.32630507e+00 -9.31769682e-03 
 2.51188643e+00  3.34134112e+02  2.51188643e+00 -1.00610176e-02 
 2.71227258e+00  3.34134112e+02  2.71227258e+00 -1.08636369e-02 
 2.92864456e+00  3.34134112e+02  2.92864456e+00 -1.17302853e-02 
 3.16227766e+00  3.34134112e+02  3.16227766e+00 -1.26660707e-02 
 3.41454887e+00  3.34134112e+02  3.41454887e+00 -1.36765085e-02 
 3.68694506e+00  3.34134112e+02  3.68694506e+00 -1.47675542e-02 
 3.98107171e+00  3.34134112e+02  3.98107171e+00 -1.59456383e-02 
 4.29866235e+00  3.34134112e+02  4.29866235e+00 -1.72177041e-02 
 4.64158883e+00  3.34134112e+02  4.64158883e+00 -1.85912493e-02 
 5.01187234e+00  3.34134111e+02  5.01187234e+00 -2.00743692e-02 
 5.41169527e+00  3.34134111e+02  5.41169527e+00 -2.16758052e-02 
 5.84341413e+00  3.34134111e+02  5.84341413e+00 -2.34049961e-02 
 6.30957344e+00  3.34134111e+02  6.30957344e+00 -2.52721335e-02 
 6.81292069e+00  3.34134110e+02  6.81292069e+00 -2.72882220e-02 
 7.35642254e+00  3.34134110e+02  7.35642254e+00 -2.94651443e-02 
 7.94328235e+00  3.34134110e+02  7.94328235e+00 -3.18157309e-02 
 8.57695899e+00  3.34134109e+02  8.57695899e+00 -3.43538360e-02 
 9.26118728e+00  3.34134109e+02  9.26118728e+00 -3.70944187e-02 
 1.00000000e+01  3.34134108e+02  1.00000000e+01 -4.00536319e-02 
 1.07977516e+01  3.34134107e+02  1.07977516e+01 -4.32489168e-02 
 1.16591440e+01  3.34134106e+02  1.16591440e+01 -4.66991060e-02 
 1.25892541e+01  3.34134105e+02  1.25892541e+01 -5.04245346e-02 
 1.35935639e+01  3.34134104e+02  1.35935639e+01 -5.44471599e-02 
 1.46779927e+01  3.34134102e+02  1.46779927e+01 -5.87906906e-02 
 1.58489319e+01  3.34134101e+02  1.58489319e+01 -6.34807272e-02 
 1.71132830e+01  3.34134099e+02  1.71132830e+01 -6.85449121e-02 
 1.84784980e+01  3.34134096e+02  1.84784980e+01 -7.40130931e-02 
 1.99526231e+01  3.34134094e+02  1.99526231e+01 -7.99174989e-02 
 2.15443469e+01  3.34134090e+02  2.15443469e+01 -8.62929296e-02 
 2.32630507e+01  3.34134087e+02  2.32630507e+01 -9.31769610e-02 
 2.51188643e+01  3.34134082e+02  2.51188643e+01 -1.00610167e-01 
 2.71227258e+01  3.34134077e+02  2.71227258e+01 -1.08636358e-01 
 2.92864456e+01  3.34134072e+02  2.92864456e+01 -1.17302839e-01 
 3.16227766e+01  3.34134065e+02  3.16227766e+01 -1.26660689e-01 
 3.41454887e+01  3.34134057e+02  3.41454887e+01 -1.36765063e-01 
 3.68694506e+01  3.34134047e+02  3.68694506e+01 -1.47675514e-01 
 3.98107171e+01  3.34134037e+02  3.98107171e+01 -1.59456347e-01 
 4.29866235e+01  3.34134024e+02  4.29866235e+01 -1.72176996e-01 
 4.64158883e+01  3.34134009e+02  4.64158883e+01 -1.85912436e-01 
 5.01187234e+01  3.34133992e+02  5.01187234e+01 -2.00743620e-01 
 5.41169527e+01  3.34133972e+02  5.41169527e+01 -2.16757962e-01 
 5.84341413e+01  3.34133949e+02  5.84341413e+01 -2.34049848e-01 
 6.30957344e+01  3.34133922e+02  6.30957344e+01 -2.52721192e-01 
 6.81292069e+01  3.34133890e+02  6.81292069e+01 -2.72882040e-01 
 7.35642254e+01  3.34133853e+02  7.35642254e+01 -2.94651216e-01 
 7.94328235e+01  3.34133810e+02  7.94328235e+01 -3.18157024e-01 
 8.57695899e+01  3.34133760e+02  8.57695899e+01 -3.43538001e-01 
 9.26118728e+01  3.34133701e+02  9.26118728e+01 -3.70943736e-01 
 1.00000000e+02  3.34133633e+02  1.00000000e+02 -4.00535751e-01 
 1.07977516e+02  3.34133553e+02  1.07977516e+02 -4.32488452e-01 
 1.16591440e+02  3.34133461e+02  1.16591440e+02 -4.66990159e-01 
 1.25892541e+02  3.34133352e+02  1.25892541e+02 -5.04244212e-01 
 1.35935639e+02  3.34133226e+02  1.35935639e+02 -5.44470170e-01 
 1.46779927e+02  3.34133079e+02  1.46779927e+02 -5.87905108e-01 
 1.58489319e+02  3.34132908e+02  1.58489319e+02 -6.34805008e-01 
 1.71132830e+02  3.34132708e+02  1.71132830e+02 -6.85446271e-01 
 1.84784980e+02  3.34132475e+02  1.84784980e+02 -7.40127342e-01 
 1.99526231e+02  3.34132203e+02  1.99526231e+02 -7.99170472e-01 
 2.15443469e+02  3.34131886e+02  2.15443469e+02 -8.62923609e-01 
 2.32630507e+02  3.34131517e+02  2.32630507e+02 -9.31762451e-01 
 2.51188643e+02  3.34131086e+02  2.51188643e+02 -1.00609266e+00 
 2.71227258e+02  3.34130584e+02  2.71227258e+02 -1.08635223e+00 
 2.92864456e+02  3.34129999e+02  2.92864456e+02 -1.17301410e+00 
 3.16227766e+02  3.34129316e+02  3.16227766e+02 -1.26658891e+00 
 3.41454887e+02  3.34128520e+02  3.41454887e+02 -1.36762799e+00 
 3.68694506e+02  3.34127592e+02  3.68694506e+02 -1.47672664e+00 
 3.98107171e+02  3.34126511e+02  3.98107171e+02 -1.59452759e+00 
 4.29866235e+02  3.34125249e+02  4.29866235e+02 -1.72172479e+00 
 4.64158883e+02  3.34123779e+02  4.64158883e+02 -1.85906749e+00 
 5.01187234e+02  3.34122064e+02  5.01187234e+02 -2.00736461e+00 
 5.41169527e+02  3.34120066e+02  5.41169527e+02 -2.16748950e+00 
 5.84341413e+02  3.34117735e+02  5.84341413e+02 -2.34038501e+00 
 6.30957344e+02  3.34115018e+02  6.30957344e+02 -2.52706908e+00 
 6.81292069e+02  3.34111850e+02  6.81292069e+02 -2.72864058e+00 
 7.35642254e+02  3.34108157e+02  7.35642254e+02 -2.94628578e+00 
 7.94328235e+02  3.34103850e+02  7.94328235e+02 -3.18128525e+00 
 8.57695899e+02  3.34098830e+02  8.57695899e+02 -3.43502123e+00 
 9.26118728e+02  3.34092977e+02  9.26118728e+02 -3.70898569e+00 
 1.00000000e+03  3.34086153e+02  1.00000000e+03 -4.00478890e+00 
 1.07977516e+03  3.34078197e+02  1.07977516e+03 -4.32416871e+00 
 1.16591440e+03  3.34068922e+02  1.16591440e+03 -4.66900046e+00 
 1.25892541e+03  3.34058108e+02  1.25892541e+03 -5.04130770e+00 
 1.35935639e+03  3.34045501e+02  1.35935639e+03 -5.44327361e+00 
 1.46779927e+03  3.34030803e+02  1.46779927e+03 -5.87725330e+00 
 1.58489319e+03  3.34013669e+02  1.58489319e+03 -6.34578692e+00 
 1.71132830e+03  3.33993694e+02  1.71132830e+03 -6.85161373e+00 
 1.84784980e+03  3.33970408e+02  1.84784980e+03 -7.39768703e+00 
 1.99526231e+03  3.33943263e+02  1.99526231e+03 -7.98719009e+00 
 2.15443469e+03  3.33911619e+02  2.15443469e+03 -8.62355305e+00 
 2.32630507e+03  3.33874733e+02  2.32630507e+03 -9.31047078e+00 
 2.51188643e+03  3.33831737e+02  2.51188643e+03 -1.00519217e+01 
 2.71227258e+03  3.33781621e+02  2.71227258e+03 -1.08521876e+01 
 2.92864456e+03  3.33723210e+02  2.92864456e+03 -1.17158740e+01 
 3.16227766e+03  3.33655133e+02  3.16227766e+03 -1.26479317e+01 
 3.41454887e+03  3.33575796e+02  3.41454887e+03 -1.36536783e+01 
 3.68694506e+03  3.33483343e+02  3.68694506e+03 -1.47388206e+01 
 3.98107171e+03  3.33375616e+02  3.98107171e+03 -1.59094764e+01 
 4.29866235e+03  3.33250103e+02  4.29866235e+03 -1.71721962e+01 
 4.64158883e+03  3.33103884e+02  4.64158883e+03 -1.85339833e+01 
 5.01187234e+03  3.32933568e+02  5.01187234e+03 -2.00023124e+01 
 5.41169527e+03  3.32735214e+02  5.41169527e+03 -2.15851451e+01 
 5.84341413e+03  3.32504247e+02  5.84341413e+03 -2.32909409e+01 
 6.30957344e+03  3.32235365e+02  6.30957344e+03 -2.51286624e+01 
 6.81292069e+03  3.31922418e+02  6.81292069e+03 -2.71077726e+01 
 7.35642254e+03  3.31558292e+02  7.35642254e+03 -2.92382209e+01 
 7.94328235e+03  3.31134759e+02  7.94328235e+03 -3.15304159e+01 
 8.57695899e+03  3.30642318e+02  8.57695899e+03 -3.39951793e+01 
 9.26118728e+03  3.30070019e+02  9.26118728e+03 -3.66436775e+01 
 1.00000000e+04  3.29405261e+02  1.00000000e+04 -3.94873240e+01 
 1.07977516e+04  3.28633579e+02  1.07977516e+04 -4.25376459e+01 
 1.16591440e+04  3.27738413e+02  1.16591440e+04 -4.58061057e+01 
 1.25892541e+04  3.26700858e+02  1.25892541e+04 -4.93038694e+01 
 1.35935639e+04  3.25499413e+02  1.35935639e+04 -5.30415090e+01 
 1.46779927e+04  3.24109731e+02  1.46779927e+04 -5.70286287e+01 
 1.58489319e+04  3.22504373e+02  1.58489319e+04 -6.12733991e+01 
 1.71132830e+04  3.20652608e+02  1.71132830e+04 -6.57819903e+01 
 1.84784980e+04  3.18520253e+02  1.84784980e+04 -7.05578880e+01 
 1.99526231e+04  3.16069608e+02  1.99526231e+04 -7.56010863e+01 
 2.15443469e+04  3.13259507e+02  2.15443469e+04 -8.09071510e+01 
 2.32630507e+04  3.10045550e+02  2.32630507e+04 -8.64661590e+01 
 2.51188643e+04  3.06380552e+02  2.51188643e+04 -9.22615299e+01 
 2.71227258e+04  3.02215282e+02  2.71227258e+04 -9.82687829e+01 
 2.92864456e+04  2.97499553e+02  2.92864456e+04 -1.04454277e+02 
 3.16227766e+04  2.92183723e+02  3.16227766e+04 -1.10774020e+02 
 3.41454887e+04  2.86220635e+02  3.41454887e+04 -1.17172652e+02 
 3.68694506e+04  2.79568037e+02  3.68694506e+04 -1.23582773e+02 
 3.98107171e+04  2.72191425e+02  3.98107171e+04 -1.29924755e+02 
 4.29866235e+04  2.64067229e+02  4.29866235e+04 -1.36107263e+02 
 4.64158883e+04  2.55186177e+02  4.64158883e+04 -1.42028636e+02 
 5.01187234e+04  2.45556569e+02  5.01187234e+04 -1.47579285e+02 
 5.41169527e+04  2.35207154e+02  5.41169527e+04 -1.52645166e+02 
 5.84341413e+04  2.24189209e+02  5.84341413e+04 -1.57112277e+02 
 6.30957344e+04  2.12577449e+02  6.30957344e+04 -1.60871979e+02 
 6.81292069e+04  2.00469435e+02  6.81292069e+04 -1.63826781e+02 
 7.35642254e+04  1.87983277e+02  7.35642254e+04 -1.65896085e+02 
 7.94328235e+04  1.75253641e+02  7.94328235e+04 -1.67021331e+02 
 8.57695899e+04  1.62426253e+02  8.57695899e+04 -1.67169930e+02 
 9.26118728e+04  1.49651375e+02  9.26118728e+04 -1.66337540e+02 
 1.00000000e+05  1.37076827e+02  1.00000000e+05 -1.64548365e+02 
 1.07977516e+05  1.24841251e+02  1.07977516e+05 -1.61853466e+02 
 1.16591440e+05  1.13068256e+02  1.16591440e+05 -1.58327278e+02 
 1.25892541e+05  1.01861936e+02  1.25892541e+05 -1.54062777e+02 
 1.35935639e+05  9.13040452e+01  1.35935639e+05 -1.49165852e+02 
 1.46779927e+05  8.14529110e+01  1.46779927e+05 -1.43749475e+02 
 1.58489319e+05  7.23439156e+01  1.58489319e+05 -1.37928194e+02 
 1.71132830e+05  6.39912643e+01  1.71132830e+05 -1.31813357e+02 
 1.84784980e+05  5.63906598e+01  1.84784980e+05 -1.25509324e+02 
 1.99526231e+05  4.95224967e+01  1.99526231e+05 -1.19110740e+02 
 2.15443469e+05  4.33552266e+01  2.15443469e+05 -1.12700858e+02 
 2.32630507e+05  3.78486201e+01  2.32630507e+05 -1.06350783e+02 
 2.51188643e+05  3.29567281e+01  2.51188643e+05 -1.00119459e+02 
 2.71227258e+05  2.86304322e+01  2.71227258e+05 -9.40542174e+01 
 2.92864456e+05  2.48195322e+01  2.92864456e+05 -8.81917074e+01 
 3.16227766e+05  2.14743764e+01  3.16227766e+05 -8.25590446e+01 
 3.41454887e+05  1.85470686e+01  3.41454887e+05 -7.71750625e+01 
 3.68694506e+05  1.59923068e+01  3.68694506e+05 -7.20515675e+01 
 3.98107171e+05  1.37679156e+01  3.98107171e+05 -6.71945339e+01 
 4.29866235e+05  1.18351352e+01  4.29866235e+05 -6.26052000e+01 
 4.64158883e+05  1.01587225e+01  4.64158883e+05 -5.82810431e+01 
 5.01187234e+05  8.70691537e+00  5.01187234e+05 -5.42166253e+01 
 5.41169527e+05  7.45130152e+00  5.41169527e+05 -5.04043141e+01 
 5.84341413e+05  6.36662333e+00  5.84341413e+05 -4.68348837e+01 
 6.30957344e+05  5.43054624e+00  6.30957344e+05 -4.34980096e+01 
 6.81292069e+05  4.62340865e+00  6.81292069e+05 -4.03826688e+01 
 7.35642254e+05  3.92796772e+00  7.35642254e+05 -3.74774596e+01 
 7.94328235e+05  3.32915064e+00  7.94328235e+05 -3.47708513e+01 
 8.57695899e+05  2.81381780e+00  8.57695899e+05 -3.22513782e+01 
 9.26118728e+05  2.37054168e+00  9.26118728e+05 -2.99077850e+01 
 1.00000000e+06  1.98940372e+00  1.00000000e+06 -2.77291352e+01 
 1.07977516e+06  1.66180979e+00  1.07977516e+06 -2.57048868e+01 
 1.16591440e+06  1.38032427e+00  1.16591440e+06 -2.38249453e+01 
 1.25892541e+06  1.13852195e+00  1.25892541e+06 -2.20796957e+01 
 1.35935639e+06  9.30856727e-01  1.35935639e+06 -2.04600202e+01 
 1.46779927e+06  7.52545726e-01  1.46779927e+06 -1.89573040e+01 
 1.58489319e+06  5.99467581e-01  1.58489319e+06 -1.75634323e+01 
 1.71132830e+06  4.68073383e-01  1.71132830e+06 -1.62707805e+01 
 1.84784980e+06  3.55309004e-01  1.84784980e+06 -1.50722005e+01 
 1.99526231e+06  2.58547495e-01  1.99526231e+06 -1.39610023e+01 
 2.15443469e+06  1.75530398e-01  2.15443469e+06 -1.29309345e+01 
 2.32630507e+06  1.04316872e-01  2.32630507e+06 -1.19761631e+01 
 2.51188643e+06  4.32396886e-02  2.51188643e+06 -1.10912494e+01 
 2.71227258e+06 -9.13280551e-03  2.71227258e+06 -1.02711280e+01 
 2.92864456e+06 -5.40295041e-02  2.92864456e+06 -9.51108452e+00 
 3.16227766e+06 -9.25048361e-02  3.16227766e+06 -8.80673458e+00 
 3.41454887e+06 -1.25463131e-01  3.41454887e+06 -8.15400268e+00 
 3.68694506e+06 -1.53679584e-01  3.68694506e+06 -7.54910229e+00 
 3.98107171e+06 -1.77818279e-01  3.98107171e+06 -6.98851671e+00 
 4.29866235e+06 -1.98447666e-01  4.29866235e+06 -6.46898095e+00 
 4.64158883e+06 -2.16053842e-01  4.64158883e+06 -5.98746451e+00 
 5.01187234e+06 -2.31051937e-01  5.01187234e+06 -5.54115522e+00 
 5.41169527e+06 -2.43795861e-01  5.41169527e+06 -5.12744403e+00 
 5.84341413e+06 -2.54586639e-01  5.84341413e+06 -4.74391073e+00 
 6.30957344e+06 -2.63679527e-01  6.30957344e+06 -4.38831068e+00 
 6.81292069e+06 -2.71290083e-01  6.81292069e+06 -4.05856237e+00 
 7.35642254e+06 -2.77599330e-01  7.35642254e+06 -3.75273591e+00 
 7.94328235e+06 -2.82758146e-01  7.94328235e+06 -3.46904232e+00 
 8.57695899e+06 -2.86890992e-01  8.57695899e+06 -3.20582364e+00 
 9.26118728e+06 -2.90099075e-01  9.26118728e+06 -2.96154384e+00 
 1.00000000e+07 -2.92463044e-01  1.00000000e+07 -2.73478043e+00 
 1.07977516e+07 -2.94045288e-01  1.07977516e+07 -2.52421684e+00 
 1.16591440e+07 -2.94891944e-01  1.16591440e+07 -2.32863543e+00 
 1.25892541e+07 -2.95034660e-01  1.25892541e+07 -2.14691121e+00 
 1.35935639e+07 -2.94492221e-01  1.35935639e+07 -1.97800617e+00 
 1.46779927e+07 -2.93272101e-01  1.46779927e+07 -1.82096422e+00 
 1.58489319e+07 -2.91372036e-01  1.58489319e+07 -1.67490660e+00 
 1.71132830e+07 -2.88781697e-01  1.71132830e+07 -1.53902788e+00 
 1.84784980e+07 -2.85484541e-01  1.84784980e+07 -1.41259230e+00 
 1.99526231e+07 -2.81459934e-01  1.99526231e+07 -1.29493042e+00 
 2.15443469e+07 -2.76685588e-01  2.15443469e+07 -1.18543594e+00 
 2.32630507e+07 -2.71140351e-01  2.32630507e+07 -1.08356252e+00 
 2.51188643e+07 -2.64807340e-01  2.51188643e+07 -9.88820459e-01 
 2.71227258e+07 -2.57677343e-01  2.71227258e+07 -9.00772932e-01 
 2.92864456e+07 -2.49752355e-01  2.92864456e+07 -8.19031724e-01 
 3.16227766e+07 -2.41049011e-01  3.16227766e+07 -7.43252196e-01 
 3.41454887e+07 -2.31601629e-01  3.41454887e+07 -6.73127452e-01 
 3.68694506e+07 -2.21464507e-01  3.68694506e+07 -6.08381717e-01 
 3.98107171e+07 -2.10713106e-01  3.98107171e+07 -5.48763075e-01 
 4.29866235e+07 -1.99443806e-01  4.29866235e+07 -4.94035898e-01 
 4.64158883e+07 -1.87772040e-01  4.64158883e+07 -4.43973400e-01 
 5.01187234e+07 -1.75828767e-01  5.01187234e+07 -3.98350863e-01 
 5.41169527e+07 -1.63755485e-01  5.41169527e+07 -3.56940071e-01 
 5.84341413e+07 -1.51698178e-01  5.84341413e+07 -3.19505427e-01 
 6.30957344e+07 -1.39800769e-01  6.30957344e+07 -2.85802022e-01 
 6.81292069e+07 -1.28198718e-01  6.81292069e+07 -2.55575732e-01 
 7.35642254e+07 -1.17013386e-01  7.35642254e+07 -2.28565140e-01 
 7.94328235e+07 -1.06347661e-01  7.94328235e+07 -2.04504884e-01 
 8.57695899e+07 -9.62831365e-02  8.57695899e+07 -1.83129911e-01 
 9.26118728e+07 -8.68789371e-02  9.26118728e+07 -1.64180060e-01 
 1.00000000e+08 -7.81720606e-02  1.00000000e+08 -1.47404450e-01 
 1.07977516e+08 -7.01789717e-02  1.07977516e+08 -1.32565276e-01 
 1.16591440e+08 -6.28980946e-02  1.16591440e+08 -1.19440754e-01 
 1.25892541e+08 -5.63128365e-02  1.25892541e+08 -1.07827103e-01 
 1.35935639e+08 -5.03948025e-02  1.35935639e+08 -9.75395778e-02 
 1.46779927e+08 -4.51069344e-02  1.46779927e+08 -8.84126645e-02 
 1.58489319e+08 -4.04063779e-02  1.58489319e+08 -8.02995857e-02 
 1.71132830e+08 -3.62469641e-02  1.71132830e+08 -7.30713017e-02 
 1.84784980e+08 -3.25812528e-02  1.84784980e+08 -6.66151685e-02 
 1.99526231e+08 -2.93621365e-02  1.99526231e+08 -6.08334071e-02 
 2.15443469e+08 -2.65440356e-02  2.15443469e+08 -5.56414993e-02 
 2.32630507e+08 -2.40837372e-02  2.32630507e+08 -5.09666030e-02 
 2.51188643e+08 -2.19409345e-02  2.51188643e+08 -4.67460471e-02 
 2.71227258e+08 -2.00785273e-02  2.71227258e+08 -4.29259448e-02 
 2.92864456e+08 -1.84627392e-02  2.92864456e+08 -3.94599443e-02 
 3.16227766e+08 -1.70630980e-02  3.16227766e+08 -3.63081256e-02 
 3.41454887e+08 -1.58523218e-02  3.41454887e+08 -3.34360377e-02 
 3.68694506e+08 -1.48061406e-02  3.68694506e+08 -3.08138706e-02 
 3.98107171e+08 -1.39030806e-02  3.98107171e+08 -2.84157468e-02 
 4.29866235e+08 -1.31242294e-02  4.29866235e+08 -2.62191214e-02 
 4.64158883e+08 -1.24529948e-02  4.64158883e+08 -2.42042763e-02 
 5.01187234e+08 -1.18748690e-02  5.01187234e+08 -2.23538948e-02 
 5.41169527e+08 -1.13772025e-02  5.41169527e+08 -2.06527051e-02 
 5.84341413e+08 -1.09489924e-02  5.84341413e+08 -1.90871826e-02 
 6.30957344e+08 -1.05806881e-02  6.30957344e+08 -1.76453006e-02 
 6.81292069e+08 -1.02640141e-02  6.81292069e+08 -1.63163215e-02 
 7.35642254e+08 -9.99181006e-03  7.35642254e+08 -1.50906227e-02 
 7.94328235e+08 -9.75788861e-03  7.94328235e+08 -1.39595499e-02 
 8.57695899e+08 -9.55690859e-03  8.57695899e+08 -1.29152943e-02 
 9.26118728e+08 -9.38426332e-03  9.26118728e+08 -1.19507883e-02 
 1.00000000e+09 -9.23598255e-03  1.00000000e+09 -1.10596179e-02 
 1.07977516e+09 -9.10864655e-03  1.07977516e+09 -1.02359479e-02 
 1.16591440e+09 -8.99931123e-03  1.16591440e+09 -9.47445792e-03 
 1.25892541e+09 -8.90544311e-03  1.25892541e+09 -8.77028745e-03 
 1.35935639e+09 -8.82486273e-03  1.35935639e+09 -8.11898856e-03 
 1.46779927e+09 -8.75569586e-03  1.46779927e+09 -7.51648464e-03 
 1.58489319e+09 -8.69633108e-03  1.58489319e+09 -6.95903439e-03 
 1.71132830e+09 -8.64538333e-03  1.71132830e+09 -6.44320026e-03 
 1.84784980e+09 -8.60166233e-03  1.84784980e+09 -5.96582052e-03 
 1.99526231e+09 -8.56414543e-03  1.99526231e+09 -5.52398453e-03 
 2.15443469e+09 -8.53195410e-03  2.15443469e+09 -5.11501068e-03 
 2.32630507e+09 -8.50433379e-03  2.32630507e+09 -4.73642670e-03 
 2.51188643e+09 -8.48063652e-03  2.51188643e+09 -4.38595190e-03 
 2.71227258e+09 -8.46030591e-03  2.71227258e+09 -4.06148130e-03 
 2.92864456e+09 -8.44286428e-03  2.92864456e+09 -3.76107111e-03 
 3.16227766e+09 -8.42790158e-03  3.16227766e+09 -3.48292576e-03 
 3.41454887e+09 -8.41506584e-03  3.41454887e+09 -3.22538596e-03 
 3.68694506e+09 -8.40405497e-03  3.68694506e+09 -2.98691796e-03 
 3.98107171e+09 -8.39460973e-03  3.98107171e+09 -2.76610362e-03 
 4.29866235e+09 -8.38650765e-03  4.29866235e+09 -2.56163142e-03 
 4.64158883e+09 -8.37955783e-03  4.64158883e+09 -2.37228825e-03 
 5.01187234e+09 -8.37359649e-03  5.01187234e+09 -2.19695175e-03 
 5.41169527e+09 -8.36848309e-03  5.41169527e+09 -2.03458347e-03 
 5.84341413e+09 -8.36409708e-03  5.84341413e+09 -1.88422240e-03 
 6.30957344e+09 -8.36033500e-03  6.30957344e+09 -1.74497911e-03 
 6.81292069e+09 -8.35710813e-03  6.81292069e+09 -1.61603040e-03 
 7.35642254e+09 -8.35434034e-03  7.35642254e+09 -1.49661421e-03 
 7.94328235e+09 -8.35196634e-03  7.94328235e+09 -1.38602513e-03 
 8.57695899e+09 -8.34993011e-03  8.57695899e+09 -1.28361007e-03 
 9.26118728e+09 -8.34818360e-03  9.26118728e+09 -1.18876439e-03 
 1.00000000e+10 -8.34668559e-03  1.00000000e+10 -1.10092828e-03 
