 1.00000000e+00  2.69236747e+02  1.00000000e+00 -3.44996940e-03 
 1.07977516e+00  2.69236747e+02  1.07977516e+00 -3.72519127e-03 
 1.16591440e+00  2.69236747e+02  1.16591440e+00 -4.02236901e-03 
 1.25892541e+00  2.69236747e+02  1.25892541e+00 -4.34325415e-03 
 1.35935639e+00  2.69236747e+02  1.35935639e+00 -4.68973795e-03 
 1.46779927e+00  2.69236747e+02  1.46779927e+00 -5.06386256e-03 
 1.58489319e+00  2.69236747e+02  1.58489319e+00 -5.46783301e-03 
 1.71132830e+00  2.69236747e+02  1.71132830e+00 -5.90403028e-03 
 1.84784980e+00  2.69236747e+02  1.84784980e+00 -6.37502525e-03 
 1.99526231e+00  2.69236747e+02  1.99526231e+00 -6.88359393e-03 
 2.15443469e+00  2.69236747e+02  2.15443469e+00 -7.43273375e-03 
 2.32630507e+00  2.69236747e+02  2.32630507e+00 -8.02568129e-03 
 2.51188643e+00  2.69236747e+02  2.51188643e+00 -8.66593132e-03 
 2.71227258e+00  2.69236747e+02  2.71227258e+00 -9.35725739e-03 
 2.92864456e+00  2.69236747e+02  2.92864456e+00 -1.01037341e-02 
 3.16227766e+00  2.69236747e+02  3.16227766e+00 -1.09097611e-02 
 3.41454887e+00  2.69236747e+02  3.41454887e+00 -1.17800891e-02 
 3.68694506e+00  2.69236747e+02  3.68694506e+00 -1.27198476e-02 
 3.98107171e+00  2.69236747e+02  3.98107171e+00 -1.37345755e-02 
 4.29866235e+00  2.69236747e+02  4.29866235e+00 -1.48302535e-02 
 4.64158883e+00  2.69236747e+02  4.64158883e+00 -1.60133394e-02 
 5.01187234e+00  2.69236746e+02  5.01187234e+00 -1.72908061e-02 
 5.41169527e+00  2.69236746e+02  5.41169527e+00 -1.86701830e-02 
 5.84341413e+00  2.69236746e+02  5.84341413e+00 -2.01595998e-02 
 6.30957344e+00  2.69236746e+02  6.30957344e+00 -2.17678352e-02 
 6.81292069e+00  2.69236745e+02  6.81292069e+00 -2.35043677e-02 
 7.35642254e+00  2.69236745e+02  7.35642254e+00 -2.53794325e-02 
 7.94328235e+00  2.69236745e+02  7.94328235e+00 -2.74040808e-02 
 8.57695899e+00  2.69236744e+02  8.57695899e+00 -2.95902457e-02 
 9.26118728e+00  2.69236744e+02  9.26118728e+00 -3.19508123e-02 
 1.00000000e+01  2.69236743e+02  1.00000000e+01 -3.44996934e-02 
 1.07977516e+01  2.69236742e+02  1.07977516e+01 -3.72519120e-02 
 1.16591440e+01  2.69236741e+02  1.16591440e+01 -4.02236892e-02 
 1.25892541e+01  2.69236740e+02  1.25892541e+01 -4.34325404e-02 
 1.35935639e+01  2.69236739e+02  1.35935639e+01 -4.68973781e-02 
 1.46779927e+01  2.69236738e+02  1.46779927e+01 -5.06386238e-02 
 1.58489319e+01  2.69236736e+02  1.58489319e+01 -5.46783279e-02 
 1.71132830e+01  2.69236735e+02  1.71132830e+01 -5.90403000e-02 
 1.84784980e+01  2.69236732e+02  1.84784980e+01 -6.37502490e-02 
 1.99526231e+01  2.69236730e+02  1.99526231e+01 -6.88359348e-02 
 2.15443469e+01  2.69236727e+02  2.15443469e+01 -7.43273319e-02 
 2.32630507e+01  2.69236724e+02  2.32630507e+01 -8.02568059e-02 
 2.51188643e+01  2.69236720e+02  2.51188643e+01 -8.66593043e-02 
 2.71227258e+01  2.69236715e+02  2.71227258e+01 -9.35725628e-02 
 2.92864456e+01  2.69236710e+02  2.92864456e+01 -1.01037327e-01 
 3.16227766e+01  2.69236703e+02  3.16227766e+01 -1.09097594e-01 
 3.41454887e+01  2.69236696e+02  3.41454887e+01 -1.17800869e-01 
 3.68694506e+01  2.69236687e+02  3.68694506e+01 -1.27198448e-01 
 3.98107171e+01  2.69236677e+02  3.98107171e+01 -1.37345720e-01 
 4.29866235e+01  2.69236666e+02  4.29866235e+01 -1.48302491e-01 
 4.64158883e+01  2.69236652e+02  4.64158883e+01 -1.60133338e-01 
 5.01187234e+01  2.69236636e+02  5.01187234e+01 -1.72907991e-01 
 5.41169527e+01  2.69236618e+02  5.41169527e+01 -1.86701741e-01 
 5.84341413e+01  2.69236597e+02  5.84341413e+01 -2.01595887e-01 
 6.30957344e+01  2.69236572e+02  6.30957344e+01 -2.17678211e-01 
 6.81292069e+01  2.69236542e+02  6.81292069e+01 -2.35043500e-01 
 7.35642254e+01  2.69236508e+02  7.35642254e+01 -2.53794101e-01 
 7.94328235e+01  2.69236469e+02  7.94328235e+01 -2.74040527e-01 
 8.57695899e+01  2.69236422e+02  8.57695899e+01 -2.95902103e-01 
 9.26118728e+01  2.69236368e+02  9.26118728e+01 -3.19507678e-01 
 1.00000000e+02  2.69236306e+02  1.00000000e+02 -3.44996374e-01 
 1.07977516e+02  2.69236232e+02  1.07977516e+02 -3.72518414e-01 
 1.16591440e+02  2.69236147e+02  1.16591440e+02 -4.02236003e-01 
 1.25892541e+02  2.69236047e+02  1.25892541e+02 -4.34324285e-01 
 1.35935639e+02  2.69235931e+02  1.35935639e+02 -4.68972373e-01 
 1.46779927e+02  2.69235795e+02  1.46779927e+02 -5.06384466e-01 
 1.58489319e+02  2.69235637e+02  1.58489319e+02 -5.46781048e-01 
 1.71132830e+02  2.69235453e+02  1.71132830e+02 -5.90400191e-01 
 1.84784980e+02  2.69235238e+02  1.84784980e+02 -6.37498953e-01 
 1.99526231e+02  2.69234988e+02  1.99526231e+02 -6.88354896e-01 
 2.15443469e+02  2.69234696e+02  2.15443469e+02 -7.43267714e-01 
 2.32630507e+02  2.69234356e+02  2.32630507e+02 -8.02561002e-01 
 2.51188643e+02  2.69233959e+02  2.51188643e+02 -8.66584159e-01 
 2.71227258e+02  2.69233496e+02  2.71227258e+02 -9.35714444e-01 
 2.92864456e+02  2.69232957e+02  2.92864456e+02 -1.01035919e+00 
 3.16227766e+02  2.69232328e+02  3.16227766e+02 -1.09095821e+00 
 3.41454887e+02  2.69231595e+02  3.41454887e+02 -1.17798637e+00 
 3.68694506e+02  2.69230740e+02  3.68694506e+02 -1.27195639e+00 
 3.98107171e+02  2.69229743e+02  3.98107171e+02 -1.37342183e+00 
 4.29866235e+02  2.69228581e+02  4.29866235e+02 -1.48298038e+00 
 4.64158883e+02  2.69227226e+02  4.64158883e+02 -1.60127733e+00 
 5.01187234e+02  2.69225646e+02  5.01187234e+02 -1.72900935e+00 
 5.41169527e+02  2.69223805e+02  5.41169527e+02 -1.86692858e+00 
 5.84341413e+02  2.69221657e+02  5.84341413e+02 -2.01584703e+00 
 6.30957344e+02  2.69219154e+02  6.30957344e+02 -2.17664132e+00 
 6.81292069e+02  2.69216235e+02  6.81292069e+02 -2.35025776e+00 
 7.35642254e+02  2.69212832e+02  7.35642254e+02 -2.53771789e+00 
 7.94328235e+02  2.69208865e+02  7.94328235e+02 -2.74012437e+00 
 8.57695899e+02  2.69204239e+02  8.57695899e+02 -2.95866741e+00 
 9.26118728e+02  2.69198846e+02  9.26118728e+02 -3.19463161e+00 
 1.00000000e+03  2.69192559e+02  1.00000000e+03 -3.44940332e+00 
 1.07977516e+03  2.69185229e+02  1.07977516e+03 -3.72447863e+00 
 1.16591440e+03  2.69176683e+02  1.16591440e+03 -4.02147188e+00 
 1.25892541e+03  2.69166720e+02  1.25892541e+03 -4.34212477e+00 
 1.35935639e+03  2.69155105e+02  1.35935639e+03 -4.68831621e+00 
 1.46779927e+03  2.69141564e+02  1.46779927e+03 -5.06207278e+00 
 1.58489319e+03  2.69125778e+02  1.58489319e+03 -5.46557996e+00 
 1.71132830e+03  2.69107375e+02  1.71132830e+03 -5.90119404e+00 
 1.84784980e+03  2.69085922e+02  1.84784980e+03 -6.37145493e+00 
 1.99526231e+03  2.69060915e+02  1.99526231e+03 -6.87909957e+00 
 2.15443469e+03  2.69031764e+02  2.15443469e+03 -7.42707630e+00 
 2.32630507e+03  2.68997784e+02  2.32630507e+03 -8.01855988e+00 
 2.51188643e+03  2.68958178e+02  2.51188643e+03 -8.65696731e+00 
 2.71227258e+03  2.68912015e+02  2.71227258e+03 -9.34597432e+00 
 2.92864456e+03  2.68858212e+02  2.92864456e+03 -1.00895324e+01 
 3.16227766e+03  2.68795511e+02  3.16227766e+03 -1.08918864e+01 
 3.41454887e+03  2.68722443e+02  3.41454887e+03 -1.17575923e+01 
 3.68694506e+03  2.68637303e+02  3.68694506e+03 -1.26915348e+01 
 3.98107171e+03  2.68538104e+02  3.98107171e+03 -1.36989449e+01 
 4.29866235e+03  2.68422540e+02  4.29866235e+03 -1.47854165e+01 
 4.64158883e+03  2.68287927e+02  4.64158883e+03 -1.59569213e+01 
 5.01187234e+03  2.68131150e+02  5.01187234e+03 -1.72198214e+01 
 5.41169527e+03  2.67948593e+02  5.41169527e+03 -1.85808793e+01 
 5.84341413e+03  2.67736060e+02  5.84341413e+03 -2.00472624e+01 
 6.30957344e+03  2.67488691e+02  6.30957344e+03 -2.16265413e+01 
 6.81292069e+03  2.67200856e+02  6.81292069e+03 -2.33266806e+01 
 7.35642254e+03  2.66866046e+02  7.35642254e+03 -2.51560179e+01 
 7.94328235e+03  2.66476743e+02  7.94328235e+03 -2.71232287e+01 
 8.57695899e+03  2.66024281e+02  8.57695899e+03 -2.92372740e+01 
 9.26118728e+03  2.65498685e+02  9.26118728e+03 -3.15073250e+01 
 1.00000000e+04  2.64888500e+02  1.00000000e+04 -3.39426589e+01 
 1.07977516e+04  2.64180608e+02  1.07977516e+04 -3.65525206e+01 
 1.16591440e+04  2.63360027e+02  1.16591440e+04 -3.93459417e+01 
 1.25892541e+04  2.62409712e+02  1.25892541e+04 -4.23315081e+01 
 1.35935639e+04  2.61310347e+02  1.35935639e+04 -4.55170663e+01 
 1.46779927e+04  2.60040153e+02  1.46779927e+04 -4.89093587e+01 
 1.58489319e+04  2.58574715e+02  1.58489319e+04 -5.25135772e+01 
 1.71132830e+04  2.56886853e+02  1.71132830e+04 -5.63328249e+01 
 1.84784980e+04  2.54946555e+02  1.84784980e+04 -6.03674777e+01 
 1.99526231e+04  2.52721009e+02  1.99526231e+04 -6.46144437e+01 
 2.15443469e+04  2.50174766e+02  2.15443469e+04 -6.90663203e+01 
 2.32630507e+04  2.47270079e+02  2.32630507e+04 -7.37104631e+01 
 2.51188643e+04  2.43967467e+02  2.51188643e+04 -7.85279901e+01 
 2.71227258e+04  2.40226557e+02  2.71227258e+04 -8.34927661e+01 
 2.92864456e+04  2.36007247e+02  2.92864456e+04 -8.85704311e+01 
 3.16227766e+04  2.31271225e+02  3.16227766e+04 -9.37175624e+01 
 3.41454887e+04  2.25983874e+02  3.41454887e+04 -9.88810870e+01 
 3.68694506e+04  2.20116518e+02  3.68694506e+04 -1.03998080e+02 
 3.98107171e+04  2.13648962e+02  3.98107171e+04 -1.08996104e+02 
 4.29866235e+04  2.06572191e+02  4.29866235e+04 -1.13794229e+02 
 4.64158883e+04  1.98891032e+02  4.64158883e+04 -1.18304859e+02 
 5.01187234e+04  1.90626521e+02  5.01187234e+04 -1.22436425e+02 
 5.41169527e+04  1.81817675e+02  5.41169527e+04 -1.26096912e+02 
 5.84341413e+04  1.72522354e+02  5.84341413e+04 -1.29198073e+02 
 6.30957344e+04  1.62816940e+02  6.30957344e+04 -1.31660061e+02 
 6.81292069e+04  1.52794668e+02  6.81292069e+04 -1.33416088e+02 
 7.35642254e+04  1.42562558e+02  7.35642254e+04 -1.34416643e+02 
 7.94328235e+04  1.32237133e+02  7.94328235e+04 -1.34632812e+02 
 8.57695899e+04  1.21939236e+02  8.57695899e+04 -1.34058279e+02 
 9.26118728e+04  1.11788429e+02  9.26118728e+04 -1.32709775e+02 
 1.00000000e+05  1.01897519e+02  1.00000000e+05 -1.30625903e+02 
 1.07977516e+05  9.23677296e+01  1.07977516e+05 -1.27864494e+02 
 1.16591440e+05  8.32849392e+01  1.16591440e+05 -1.24498827e+02 
 1.25892541e+05  7.47172440e+01  1.25892541e+05 -1.20613149e+02 
 1.35935639e+05  6.67139100e+01  1.35935639e+05 -1.16297976e+02 
 1.46779927e+05  5.93056202e+01  1.46779927e+05 -1.11645607e+02 
 1.58489319e+05  5.25057872e+01  1.58489319e+05 -1.06746193e+02 
 1.71132830e+05  4.63126345e+01  1.71132830e+05 -1.01684587e+02 
 1.84784980e+05  4.07117333e+01  1.84784980e+05 -9.65380359e+01 
 1.99526231e+05  3.56787091e+01  1.99526231e+05 -9.13747415e+01 
 2.15443469e+05  3.11818876e+01  2.15443469e+05 -8.62531603e+01 
 2.32630507e+05  2.71847149e+01  2.32630507e+05 -8.12219315e+01 
 2.51188643e+05  2.36478546e+01  2.51188643e+05 -7.63202714e+01 
 2.71227258e+05  2.05309144e+01  2.71227258e+05 -7.15786910e+01 
 2.92864456e+05  1.77938026e+01  2.92864456e+05 -6.70199068e+01 
 3.16227766e+05  1.53977394e+01  3.16227766e+05 -6.26598423e+01 
 3.41454887e+05  1.33059658e+01  3.41454887e+05 -5.85086413e+01 
 3.68694506e+05  1.14841998e+01  3.68694506e+05 -5.45716383e+01 
 3.98107171e+05  9.90088970e+00  3.98107171e+05 -5.08502520e+01 
 4.29866235e+05  8.52731244e+00  4.29866235e+05 -4.73427822e+01 
 4.64158883e+05  7.33755615e+00  4.64158883e+05 -4.40451045e+01 
 5.01187234e+05  6.30842207e+00  5.01187234e+05 -4.09512617e+01 
 5.41169527e+05  5.41927277e+00  5.41169527e+05 -3.80539598e+01 
 5.84341413e+05  4.65184822e+00  5.84341413e+05 -3.53449758e+01 
 6.30957344e+05  3.99006552e+00  6.30957344e+05 -3.28154888e+01 
 6.81292069e+05  3.41981419e+00  6.81292069e+05 -3.04563448e+01 
 7.35642254e+05  2.92875498e+00  7.35642254e+05 -2.82582643e+01 
 7.94328235e+05  2.50612785e+00  7.94328235e+05 -2.62120034e+01 
 8.57695899e+05  2.14257222e+00  8.57695899e+05 -2.43084751e+01 
 9.26118728e+05  1.82996162e+00  9.26118728e+05 -2.25388402e+01 
 1.00000000e+06  1.56125330e+00  1.00000000e+06 -2.08945709e+01 
 1.07977516e+06  1.33035274e+00  1.07977516e+06 -1.93674956e+01 
 1.16591440e+06  1.13199277e+00  1.16591440e+06 -1.79498267e+01 
 1.25892541e+06  9.61626181e-01  1.25892541e+06 -1.66341757e+01 
 1.35935639e+06  8.15330977e-01  1.35935639e+06 -1.54135592e+01 
 1.46779927e+06  6.89727141e-01  1.46779927e+06 -1.42813973e+01 
 1.58489319e+06  5.81903713e-01  1.58489319e+06 -1.32315062e+01 
 1.71132830e+06  4.89355178e-01  1.71132830e+06 -1.22580874e+01 
 1.84784980e+06  4.09926073e-01  1.84784980e+06 -1.13557136e+01 
 1.99526231e+06  3.41762885e-01  1.99526231e+06 -1.05193128e+01 
 2.15443469e+06  2.83272338e-01  2.15443469e+06 -9.74415140e+00 
 2.32630507e+06  2.33085290e-01  2.32630507e+06 -9.02581672e+00 
 2.51188643e+06  1.90025527e-01  2.51188643e+06 -8.36019896e+00 
 2.71227258e+06  1.53082811e-01  2.71227258e+06 -7.74347364e+00 
 2.92864456e+06  1.21389636e-01  2.92864456e+06 -7.17208422e+00 
 3.16227766e+06  9.42011928e-02  3.16227766e+06 -6.64272529e+00 
 3.41454887e+06  7.08781128e-02  3.41454887e+06 -6.15232637e+00 
 3.68694506e+06  5.08716136e-02  3.68694506e+06 -5.69803645e+00 
 3.98107171e+06  3.37107210e-02  3.98107171e+06 -5.27720928e+00 
 4.29866235e+06  1.89912807e-02  4.29866235e+06 -4.88738938e+00 
 4.64158883e+06  6.36651213e-03  4.64158883e+06 -4.52629895e+00 
 5.01187234e+06 -4.46110765e-03  5.01187234e+06 -4.19182546e+00 
 5.41169527e+06 -1.37468163e-02  5.41169527e+06 -3.88201002e+00 
 5.84341413e+06 -2.17095541e-02  5.84341413e+06 -3.59503653e+00 
 6.30957344e+06 -2.85371047e-02  6.30957344e+06 -3.32922147e+00 
 6.81292069e+06 -3.43905079e-02  6.81292069e+06 -3.08300444e+00 
 7.35642254e+06 -3.94078472e-02  7.35642254e+06 -2.85493925e+00 
 7.94328235e+06 -4.37074979e-02  7.94328235e+06 -2.64368567e+00 
 8.57695899e+06 -4.73909148e-02  8.57695899e+06 -2.44800177e+00 
 9.26118728e+06 -5.05450212e-02  9.26118728e+06 -2.26673676e+00 
 1.00000000e+07 -5.32442570e-02  1.00000000e+07 -2.09882431e+00 
 1.07977516e+07 -5.55523340e-02  1.07977516e+07 -1.94327642e+00 
 1.16591440e+07 -5.75237378e-02  1.16591440e+07 -1.79917764e+00 
 1.25892541e+07 -5.92050140e-02  1.25892541e+07 -1.66567980e+00 
 1.35935639e+07 -6.06358664e-02  1.35935639e+07 -1.54199700e+00 
 1.46779927e+07 -6.18500959e-02  1.46779927e+07 -1.42740111e+00 
 1.58489319e+07 -6.28763998e-02  1.58489319e+07 -1.32121743e+00 
 1.71132830e+07 -6.37390522e-02  1.71132830e+07 -1.22282083e+00 
 1.84784980e+07 -6.44584809e-02  1.84784980e+07 -1.13163208e+00 
 1.99526231e+07 -6.50517554e-02  1.99526231e+07 -1.04711444e+00 
 2.15443469e+07 -6.55329975e-02  2.15443469e+07 -9.68770570e-01 
 2.32630507e+07 -6.59137247e-02  2.32630507e+07 -8.96139623e-01 
 2.51188643e+07 -6.62031368e-02  2.51188643e+07 -8.28794578e-01 
 2.71227258e+07 -6.64083513e-02  2.71227258e+07 -7.66339773e-01 
 2.92864456e+07 -6.65345968e-02  2.92864456e+07 -7.08408628e-01 
 3.16227766e+07 -6.65853695e-02  3.16227766e+07 -6.54661561e-01 
 3.41454887e+07 -6.65625603e-02  3.41454887e+07 -6.04784064e-01 
 3.68694506e+07 -6.64665577e-02  3.68694506e+07 -5.58484950e-01 
 3.98107171e+07 -6.62963336e-02  3.98107171e+07 -5.15494749e-01 
 4.29866235e+07 -6.60495187e-02  4.29866235e+07 -4.75564256e-01 
 4.64158883e+07 -6.57224766e-02  4.64158883e+07 -4.38463214e-01 
 5.01187234e+07 -6.53103842e-02  5.01187234e+07 -4.03979137e-01 
 5.41169527e+07 -6.48073298e-02  5.41169527e+07 -3.71916251e-01 
 5.84341413e+07 -6.42064414e-02  5.84341413e+07 -3.42094552e-01 
 6.30957344e+07 -6.35000558e-02  6.30957344e+07 -3.14348976e-01 
 6.81292069e+07 -6.26799456e-02  6.81292069e+07 -2.88528644e-01 
 7.35642254e+07 -6.17376135e-02  7.35642254e+07 -2.64496186e-01 
 7.94328235e+07 -6.06646677e-02  7.94328235e+07 -2.42127106e-01 
 8.57695899e+07 -5.94532838e-02  8.57695899e+07 -2.21309159e-01 
 9.26118728e+07 -5.80967517e-02  9.26118728e+07 -2.01941698e-01 
 1.00000000e+08 -5.65900977e-02  1.00000000e+08 -1.83934968e-01 
 1.07977516e+08 -5.49307537e-02  1.07977516e+08 -1.67209285e-01 
 1.16591440e+08 -5.31192338e-02  1.16591440e+08 -1.51694071e-01 
 1.25892541e+08 -5.11597599e-02  1.25892541e+08 -1.37326736e-01 
 1.35935639e+08 -4.90607644e-02  1.35935639e+08 -1.24051373e-01 
 1.46779927e+08 -4.68351949e-02  1.46779927e+08 -1.11817319e-01 
 1.58489319e+08 -4.45005490e-02  1.58489319e+08 -1.00577617e-01 
 1.71132830e+08 -4.20785855e-02  1.71132830e+08 -9.02874668e-02 
 1.84784980e+08 -3.95946949e-02  1.84784980e+08 -8.09027737e-02 
 1.99526231e+08 -3.70769483e-02  1.99526231e+08 -7.23789110e-02 
 2.15443469e+08 -3.45548963e-02  2.15443469e+08 -6.46697940e-02 
 2.32630507e+08 -3.20582207e-02  2.32630507e+08 -5.77273457e-02 
 2.51188643e+08 -2.96153714e-02  2.51188643e+08 -5.15013815e-02 
 2.71227258e+08 -2.72523201e-02  2.71227258e+08 -4.59398907e-02 
 2.92864456e+08 -2.49915438e-02  2.92864456e+08 -4.09896480e-02 
 3.16227766e+08 -2.28513152e-02  3.16227766e+08 -3.65970506e-02 
 3.41454887e+08 -2.08453340e-02  3.41454887e+08 -3.27090652e-02 
 3.68694506e+08 -1.89826860e-02  3.68694506e+08 -2.92741710e-02 
 3.98107171e+08 -1.72680852e-02  3.98107171e+08 -2.62432048e-02 
 4.29866235e+08 -1.57023297e-02  4.29866235e+08 -2.35700446e-02 
 4.64158883e+08 -1.42828946e-02  4.64158883e+08 -2.12120979e-02 
 5.01187234e+08 -1.30045891e-02  5.01187234e+08 -1.91305901e-02 
 5.41169527e+08 -1.18602150e-02  5.41169527e+08 -1.72906680e-02 
 5.84341413e+08 -1.08411834e-02  5.84341413e+08 -1.56613494e-02 
 6.30957344e+08 -9.93805719e-03  6.30957344e+08 -1.42153530e-02 
 6.81292069e+08 -9.14100572e-03  6.81292069e+08 -1.29288463e-02 
 7.35642254e+08 -8.44016806e-03  7.35642254e+08 -1.17811426e-02 
 7.94328235e+08 -7.82592868e-03  7.94328235e+08 -1.07543753e-02 
 8.57695899e+08 -7.28911517e-03  8.57695899e+08 -9.83316920e-03 
 9.26118728e+08 -6.82112970e-03  9.26118728e+08 -9.00432445e-03 
 1.00000000e+09 -6.41402680e-03  1.00000000e+09 -8.25652273e-03 
 1.07977516e+09 -6.06054895e-03  1.07977516e+09 -7.58006034e-03 
 1.16591440e+09 -5.75413084e-03  1.16591440e+09 -6.96661115e-03 
 1.25892541e+09 -5.48888099e-03  1.25892541e+09 -6.40901917e-03 
 1.35935639e+09 -5.25954819e-03  1.35935639e+09 -5.90111950e-03 
 1.46779927e+09 -5.06147833e-03  1.46779927e+09 -5.43758508e-03 
 1.58489319e+09 -4.89056617e-03  1.58489319e+09 -5.01379693e-03 
 1.71132830e+09 -4.74320516e-03  1.71132830e+09 -4.62573457e-03 
 1.84784980e+09 -4.61623761e-03  1.84784980e+09 -4.26988428e-03 
 1.99526231e+09 -4.50690679e-03  1.99526231e+09 -3.94316219e-03 
 2.15443469e+09 -4.41281189e-03  2.15443469e+09 -3.64285026e-03 
 2.32630507e+09 -4.33186643e-03  2.32630507e+09 -3.36654270e-03 
 2.51188643e+09 -4.26226033e-03  2.51188643e+09 -3.11210140e-03 
 2.71227258e+09 -4.20242569e-03  2.71227258e+09 -2.87761865e-03 
 2.92864456e+09 -4.15100619e-03  2.92864456e+09 -2.66138590e-03 
 3.16227766e+09 -4.10682983e-03  3.16227766e+09 -2.46186763e-03 
 3.41454887e+09 -4.06888493e-03  3.41454887e+09 -2.27767930e-03 
 3.68694506e+09 -4.03629891e-03  3.68694506e+09 -2.10756877e-03 
 3.98107171e+09 -4.00831973e-03  3.98107171e+09 -1.95040050e-03 
 4.29866235e+09 -3.98429967e-03  4.29866235e+09 -1.80514213e-03 
 4.64158883e+09 -3.96368116e-03  4.64158883e+09 -1.67085299e-03 
 5.01187234e+09 -3.94598446e-03  5.01187234e+09 -1.54667424e-03 
 5.41169527e+09 -3.93079699e-03  5.41169527e+09 -1.43182032e-03 
 5.84341413e+09 -3.91776406e-03  5.84341413e+09 -1.32557158e-03 
 6.30957344e+09 -3.90658081e-03  6.30957344e+09 -1.22726778e-03 
 6.81292069e+09 -3.89698532e-03  6.81292069e+09 -1.13630246e-03 
 7.35642254e+09 -3.88875262e-03  7.35642254e+09 -1.05211794e-03 
 7.94328235e+09 -3.88168947e-03  7.94328235e+09 -9.74200923e-04 
 8.57695899e+09 -3.87562997e-03  8.57695899e+09 -9.02078538e-04 
 9.26118728e+09 -3.87043168e-03  9.26118728e+09 -8.35314874e-04 
 1.00000000e+10 -3.86597234e-03  1.00000000e+10 -7.73507818e-04 
