 1.00000000e+00  2.64000573e+02  1.00000000e+00 -2.75744164e-03 
 1.07977516e+00  2.64000573e+02  1.07977516e+00 -2.97741699e-03 
 1.16591440e+00  2.64000573e+02  1.16591440e+00 -3.21494092e-03 
 1.25892541e+00  2.64000573e+02  1.25892541e+00 -3.47141335e-03 
 1.35935639e+00  2.64000573e+02  1.35935639e+00 -3.74834592e-03 
 1.46779927e+00  2.64000573e+02  1.46779927e+00 -4.04737082e-03 
 1.58489319e+00  2.64000573e+02  1.58489319e+00 -4.37025048e-03 
 1.71132830e+00  2.64000573e+02  1.71132830e+00 -4.71888793e-03 
 1.84784980e+00  2.64000573e+02  1.84784980e+00 -5.09533798e-03 
 1.99526231e+00  2.64000573e+02  1.99526231e+00 -5.50181939e-03 
 2.15443469e+00  2.64000573e+02  2.15443469e+00 -5.94072792e-03 
 2.32630507e+00  2.64000573e+02  2.32630507e+00 -6.41465046e-03 
 2.51188643e+00  2.64000573e+02  2.51188643e+00 -6.92638024e-03 
 2.71227258e+00  2.64000573e+02  2.71227258e+00 -7.47893335e-03 
 2.92864456e+00  2.64000573e+02  2.92864456e+00 -8.07556647e-03 
 3.16227766e+00  2.64000573e+02  3.16227766e+00 -8.71979609e-03 
 3.41454887e+00  2.64000573e+02  3.41454887e+00 -9.41541924e-03 
 3.68694506e+00  2.64000573e+02  3.68694506e+00 -1.01665358e-02 
 3.98107171e+00  2.64000572e+02  3.98107171e+00 -1.09775729e-02 
 4.29866235e+00  2.64000572e+02  4.29866235e+00 -1.18533105e-02 
 4.64158883e+00  2.64000572e+02  4.64158883e+00 -1.27989103e-02 
 5.01187234e+00  2.64000572e+02  5.01187234e+00 -1.38199454e-02 
 5.41169527e+00  2.64000572e+02  5.41169527e+00 -1.49224338e-02 
 5.84341413e+00  2.64000572e+02  5.84341413e+00 -1.61128734e-02 
 6.30957344e+00  2.64000572e+02  6.30957344e+00 -1.73982805e-02 
 6.81292069e+00  2.64000572e+02  6.81292069e+00 -1.87862311e-02 
 7.35642254e+00  2.64000571e+02  7.35642254e+00 -2.02849057e-02 
 7.94328235e+00  2.64000571e+02  7.94328235e+00 -2.19031374e-02 
 8.57695899e+00  2.64000571e+02  8.57695899e+00 -2.36504637e-02 
 9.26118728e+00  2.64000570e+02  9.26118728e+00 -2.55371832e-02 
 1.00000000e+01  2.64000570e+02  1.00000000e+01 -2.75744161e-02 
 1.07977516e+01  2.64000570e+02  1.07977516e+01 -2.97741696e-02 
 1.16591440e+01  2.64000569e+02  1.16591440e+01 -3.21494087e-02 
 1.25892541e+01  2.64000568e+02  1.25892541e+01 -3.47141329e-02 
 1.35935639e+01  2.64000568e+02  1.35935639e+01 -3.74834584e-02 
 1.46779927e+01  2.64000567e+02  1.46779927e+01 -4.04737073e-02 
 1.58489319e+01  2.64000566e+02  1.58489319e+01 -4.37025037e-02 
 1.71132830e+01  2.64000565e+02  1.71132830e+01 -4.71888778e-02 
 1.84784980e+01  2.64000563e+02  1.84784980e+01 -5.09533779e-02 
 1.99526231e+01  2.64000561e+02  1.99526231e+01 -5.50181915e-02 
 2.15443469e+01  2.64000560e+02  2.15443469e+01 -5.94072763e-02 
 2.32630507e+01  2.64000557e+02  2.32630507e+01 -6.41465008e-02 
 2.51188643e+01  2.64000555e+02  2.51188643e+01 -6.92637977e-02 
 2.71227258e+01  2.64000552e+02  2.71227258e+01 -7.47893275e-02 
 2.92864456e+01  2.64000548e+02  2.92864456e+01 -8.07556572e-02 
 3.16227766e+01  2.64000544e+02  3.16227766e+01 -8.71979515e-02 
 3.41454887e+01  2.64000539e+02  3.41454887e+01 -9.41541805e-02 
 3.68694506e+01  2.64000534e+02  3.68694506e+01 -1.01665343e-01 
 3.98107171e+01  2.64000527e+02  3.98107171e+01 -1.09775710e-01 
 4.29866235e+01  2.64000520e+02  4.29866235e+01 -1.18533082e-01 
 4.64158883e+01  2.64000511e+02  4.64158883e+01 -1.27989073e-01 
 5.01187234e+01  2.64000501e+02  5.01187234e+01 -1.38199417e-01 
 5.41169527e+01  2.64000489e+02  5.41169527e+01 -1.49224291e-01 
 5.84341413e+01  2.64000475e+02  5.84341413e+01 -1.61128675e-01 
 6.30957344e+01  2.64000458e+02  6.30957344e+01 -1.73982730e-01 
 6.81292069e+01  2.64000439e+02  6.81292069e+01 -1.87862217e-01 
 7.35642254e+01  2.64000417e+02  7.35642254e+01 -2.02848939e-01 
 7.94328235e+01  2.64000391e+02  7.94328235e+01 -2.19031224e-01 
 8.57695899e+01  2.64000361e+02  8.57695899e+01 -2.36504449e-01 
 9.26118728e+01  2.64000326e+02  9.26118728e+01 -2.55371596e-01 
 1.00000000e+02  2.64000285e+02  1.00000000e+02 -2.75743863e-01 
 1.07977516e+02  2.64000237e+02  1.07977516e+02 -2.97741321e-01 
 1.16591440e+02  2.64000182e+02  1.16591440e+02 -3.21493615e-01 
 1.25892541e+02  2.64000117e+02  1.25892541e+02 -3.47140735e-01 
 1.35935639e+02  2.64000041e+02  1.35935639e+02 -3.74833836e-01 
 1.46779927e+02  2.63999953e+02  1.46779927e+02 -4.04736131e-01 
 1.58489319e+02  2.63999850e+02  1.58489319e+02 -4.37023852e-01 
 1.71132830e+02  2.63999730e+02  1.71132830e+02 -4.71887286e-01 
 1.84784980e+02  2.63999590e+02  1.84784980e+02 -5.09531901e-01 
 1.99526231e+02  2.63999427e+02  1.99526231e+02 -5.50179551e-01 
 2.15443469e+02  2.63999237e+02  2.15443469e+02 -5.94069786e-01 
 2.32630507e+02  2.63999015e+02  2.32630507e+02 -6.41461261e-01 
 2.51188643e+02  2.63998756e+02  2.51188643e+02 -6.92633259e-01 
 2.71227258e+02  2.63998455e+02  2.71227258e+02 -7.47887336e-01 
 2.92864456e+02  2.63998103e+02  2.92864456e+02 -8.07549095e-01 
 3.16227766e+02  2.63997694e+02  3.16227766e+02 -8.71970103e-01 
 3.41454887e+02  2.63997216e+02  3.41454887e+02 -9.41529956e-01 
 3.68694506e+02  2.63996659e+02  3.68694506e+02 -1.01663852e+00 
 3.98107171e+02  2.63996010e+02  3.98107171e+02 -1.09773832e+00 
 4.29866235e+02  2.63995253e+02  4.29866235e+02 -1.18530717e+00 
 4.64158883e+02  2.63994370e+02  4.64158883e+02 -1.27986097e+00 
 5.01187234e+02  2.63993341e+02  5.01187234e+02 -1.38195670e+00 
 5.41169527e+02  2.63992141e+02  5.41169527e+02 -1.49219574e+00 
 5.84341413e+02  2.63990742e+02  5.84341413e+02 -1.61122736e+00 
 6.30957344e+02  2.63989111e+02  6.30957344e+02 -1.73975254e+00 
 6.81292069e+02  2.63987209e+02  6.81292069e+02 -1.87852805e+00 
 7.35642254e+02  2.63984992e+02  7.35642254e+02 -2.02837090e+00 
 7.94328235e+02  2.63982407e+02  7.94328235e+02 -2.19016308e+00 
 8.57695899e+02  2.63979393e+02  8.57695899e+02 -2.36485670e+00 
 9.26118728e+02  2.63975880e+02  9.26118728e+02 -2.55347955e+00 
 1.00000000e+03  2.63971783e+02  1.00000000e+03 -2.75714102e+00 
 1.07977516e+03  2.63967007e+02  1.07977516e+03 -2.97703854e+00 
 1.16591440e+03  2.63961439e+02  1.16591440e+03 -3.21446449e+00 
 1.25892541e+03  2.63954947e+02  1.25892541e+03 -3.47081358e+00 
 1.35935639e+03  2.63947379e+02  1.35935639e+03 -3.74759086e+00 
 1.46779927e+03  2.63938555e+02  1.46779927e+03 -4.04642030e+00 
 1.58489319e+03  2.63928268e+02  1.58489319e+03 -4.36905389e+00 
 1.71132830e+03  2.63916276e+02  1.71132830e+03 -4.71738157e+00 
 1.84784980e+03  2.63902295e+02  1.84784980e+03 -5.09344169e+00 
 1.99526231e+03  2.63885996e+02  1.99526231e+03 -5.49943226e+00 
 2.15443469e+03  2.63866996e+02  2.15443469e+03 -5.93772292e+00 
 2.32630507e+03  2.63844846e+02  2.32630507e+03 -6.41086770e+00 
 2.51188643e+03  2.63819027e+02  2.51188643e+03 -6.92161849e+00 
 2.71227258e+03  2.63788930e+02  2.71227258e+03 -7.47293935e+00 
 2.92864456e+03  2.63753848e+02  2.92864456e+03 -8.06802147e+00 
 3.16227766e+03  2.63712957e+02  3.16227766e+03 -8.71029898e+00 
 3.41454887e+03  2.63665298e+02  3.41454887e+03 -9.40346525e+00 
 3.68694506e+03  2.63609754e+02  3.68694506e+03 -1.01514898e+01 
 3.98107171e+03  2.63545023e+02  3.98107171e+03 -1.09586357e+01 
 4.29866235e+03  2.63469593e+02  4.29866235e+03 -1.18294769e+01 
 4.64158883e+03  2.63381702e+02  4.64158883e+03 -1.27689155e+01 
 5.01187234e+03  2.63279303e+02  5.01187234e+03 -1.37821989e+01 
 5.41169527e+03  2.63160015e+02  5.41169527e+03 -1.48749353e+01 
 5.84341413e+03  2.63021071e+02  5.84341413e+03 -1.60531079e+01 
 6.30957344e+03  2.62859260e+02  6.30957344e+03 -1.73230864e+01 
 6.81292069e+03  2.62670853e+02  6.81292069e+03 -1.86916352e+01 
 7.35642254e+03  2.62451528e+02  7.35642254e+03 -2.01659160e+01 
 7.94328235e+03  2.62196275e+02  7.94328235e+03 -2.17534838e+01 
 8.57695899e+03  2.61899298e+02  8.57695899e+03 -2.34622743e+01 
 9.26118728e+03  2.61553896e+02  9.26118728e+03 -2.53005792e+01 
 1.00000000e+04  2.61152336e+02  1.00000000e+04 -2.72770065e+01 
 1.07977516e+04  2.60685704e+02  1.07977516e+04 -2.94004218e+01 
 1.16591440e+04  2.60143753e+02  1.16591440e+04 -3.16798661e+01 
 1.25892541e+04  2.59514721e+02  1.25892541e+04 -3.41244427e+01 
 1.35935639e+04  2.58785152e+02  1.35935639e+04 -3.67431689e+01 
 1.46779927e+04  2.57939699e+02  1.46779927e+04 -3.95447818e+01 
 1.58489319e+04  2.56960919e+02  1.58489319e+04 -4.25374921e+01 
 1.71132830e+04  2.55829081e+02  1.71132830e+04 -4.57286735e+01 
 1.84784980e+04  2.54521976e+02  1.84784980e+04 -4.91244793e+01 
 1.99526231e+04  2.53014764e+02  1.99526231e+04 -5.27293751e+01 
 2.15443469e+04  2.51279861e+02  2.15443469e+04 -5.65455792e+01 
 2.32630507e+04  2.49286907e+02  2.32630507e+04 -6.05724028e+01 
 2.51188643e+04  2.47002832e+02  2.51188643e+04 -6.48054892e+01 
 2.71227258e+04  2.44392070e+02  2.71227258e+04 -6.92359566e+01 
 2.92864456e+04  2.41416961e+02  2.92864456e+04 -7.38494601e+01 
 3.16227766e+04  2.38038390e+02  3.16227766e+04 -7.86252030e+01 
 3.41454887e+04  2.34216715e+02  3.41454887e+04 -8.35349471e+01 
 3.68694506e+04  2.29913016e+02  3.68694506e+04 -8.85420933e+01 
 3.98107171e+04  2.25090721e+02  3.98107171e+04 -9.36009281e+01 
 4.29866235e+04  2.19717580e+02  4.29866235e+04 -9.86561594e+01 
 4.64158883e+04  2.13767984e+02  4.64158883e+04 -1.03642880e+02 
 5.01187234e+04  2.07225518e+02  5.01187234e+04 -1.08487110e+02 
 5.41169527e+04  2.00085625e+02  5.41169527e+04 -1.13107050e+02 
 5.84341413e+04  1.92358148e+02  5.84341413e+04 -1.17415161e+02 
 6.30957344e+04  1.84069488e+02  6.30957344e+04 -1.21321081e+02 
 6.81292069e+04  1.75264076e+02  6.81292069e+04 -1.24735337e+02 
 7.35642254e+04  1.66004857e+02  7.35642254e+04 -1.27573650e+02 
 7.94328235e+04  1.56372538e+02  7.94328235e+04 -1.29761531e+02 
 8.57695899e+04  1.46463489e+02  8.57695899e+04 -1.31238762e+02 
 9.26118728e+04  1.36386306e+02  9.26118728e+04 -1.31963281e+02 
 1.00000000e+05  1.26257271e+02  1.00000000e+05 -1.31914040e+02 
 1.07977516e+05  1.16195076e+02  1.07977516e+05 -1.31092479e+02 
 1.16591440e+05  1.06315309e+02  1.16591440e+05 -1.29522422e+02 
 1.25892541e+05  9.67252487e+01  1.25892541e+05 -1.27248415e+02 
 1.35935639e+05  8.75194424e+01  1.35935639e+05 -1.24332719e+02 
 1.46779927e+05  7.87764346e+01  1.46779927e+05 -1.20851317e+02 
 1.58489319e+05  7.05568362e+01  1.58489319e+05 -1.16889399e+02 
 1.71132830e+05  6.29027433e+01  1.71132830e+05 -1.12536779e+02 
 1.84784980e+05  5.58383595e+01  1.84784980e+05 -1.07883651e+02 
 1.99526231e+05  4.93715712e+01  1.99526231e+05 -1.03016972e+02 
 2.15443469e+05  4.34961725e+01  2.15443469e+05 -9.80176461e+01 
 2.32630507e+05  3.81944377e+01  2.32630507e+05 -9.29585566e+01 
 2.51188643e+05  3.34397769e+01  2.51188643e+05 -8.79034087e+01 
 2.71227258e+05  2.91992713e+01  2.71227258e+05 -8.29062678e+01 
 2.92864456e+05  2.54359478e+01  2.92864456e+05 -7.80116589e+01 
 3.16227766e+05  2.21107151e+01  3.16227766e+05 -7.32550751e+01 
 3.41454887e+05  1.91839339e+01  3.41454887e+05 -6.86637581e+01 
 3.68694506e+05  1.66166290e+01  3.68694506e+05 -6.42576312e+01 
 3.98107171e+05  1.43713764e+01  3.98107171e+05 -6.00502928e+01 
 4.29866235e+05  1.24129088e+01  4.29866235e+05 -5.60500006e+01 
 4.64158883e+05  1.07084914e+01  4.64158883e+05 -5.22606006e+01 
 5.01187234e+05  9.22811409e+00  5.01187234e+05 -4.86823731e+01 
 5.41169527e+05  7.94454534e+00  5.41169527e+05 -4.53127805e+01 
 5.84341413e+05  6.83328526e+00  5.84341413e+05 -4.21471141e+01 
 6.30957344e+05  5.87244906e+00  6.30957344e+05 -3.91790419e+01 
 6.81292069e+05  5.04260550e+00  6.81292069e+05 -3.64010644e+01 
 7.35642254e+05  4.32658960e+00  7.35642254e+05 -3.38048883e+01 
 7.94328235e+05  3.70930378e+00  7.94328235e+05 -3.13817284e+01 
 8.57695899e+05  3.17751749e+00  8.57695899e+05 -2.91225468e+01 
 9.26118728e+05  2.71967246e+00  9.26118728e+05 -2.70182404e+01 
 1.00000000e+06  2.32569823e+00  1.00000000e+06 -2.50597848e+01 
 1.07977516e+06  1.98684044e+00  1.07977516e+06 -2.32383431e+01 
 1.16591440e+06  1.69550363e+00  1.16591440e+06 -2.15453441e+01 
 1.25892541e+06  1.44510868e+00  1.25892541e+06 -1.99725396e+01 
 1.35935639e+06  1.22996489e+00  1.35935639e+06 -1.85120406e+01 
 1.46779927e+06  1.04515596e+00  1.46779927e+06 -1.71563414e+01 
 1.58489319e+06  8.86439001e-01  1.58489319e+06 -1.58983304e+01 
 1.71132830e+06  7.50155543e-01  1.71132830e+06 -1.47312934e+01 
 1.84784980e+06  6.33153429e-01  1.84784980e+06 -1.36489098e+01 
 1.99526231e+06  5.32718508e-01  1.99526231e+06 -1.26452444e+01 
 2.15443469e+06  4.46515076e-01  2.15443469e+06 -1.17147355e+01 
 2.32630507e+06  3.72534067e-01  2.32630507e+06 -1.08521799e+01 
 2.51188643e+06  3.09048081e-01  2.51188643e+06 -1.00527178e+01 
 2.71227258e+06  2.54572418e-01  2.71227258e+06 -9.31181519e+00 
 2.92864456e+06  2.07831364e-01  2.92864456e+06 -8.62524696e+00 
 3.16227766e+06  1.67729058e-01  3.16227766e+06 -7.98907909e+00 
 3.41454887e+06  1.33324350e-01  3.41454887e+06 -7.39965157e+00 
 3.68694506e+06  1.03809110e-01  3.68694506e+06 -6.85356153e+00 
 3.98107171e+06  7.84895501e-02  3.98107171e+06 -6.34764691e+00 
 4.29866235e+06  5.67701306e-02  4.29866235e+06 -5.87897085e+00 
 4.64158883e+06  3.81397146e-02  4.64158883e+06 -5.44480673e+00 
 5.01187234e+06  2.21596574e-02  5.01187234e+06 -5.04262403e+00 
 5.41169527e+06  8.45356662e-03  5.41169527e+06 -4.67007488e+00 
 5.84341413e+06 -3.30149964e-03  5.84341413e+06 -4.32498143e+00 
 6.30957344e+06 -1.33825944e-02  6.30957344e+06 -4.00532400e+00 
 6.81292069e+06 -2.20273769e-02  6.81292069e+06 -3.70922988e+00 
 7.35642254e+06 -2.94396899e-02  7.35642254e+06 -3.43496292e+00 
 7.94328235e+06 -3.57943471e-02  7.94328235e+06 -3.18091379e+00 
 8.57695899e+06 -4.12412430e-02  8.57695899e+06 -2.94559085e+00 
 9.26118728e+06 -4.59088778e-02  9.26118728e+06 -2.72761167e+00 
 1.00000000e+07 -4.99073817e-02  1.00000000e+07 -2.52569513e+00 
 1.07977516e+07 -5.33311086e-02  1.07977516e+07 -2.33865406e+00 
 1.16591440e+07 -5.62608584e-02  1.16591440e+07 -2.16538839e+00 
 1.25892541e+07 -5.87657815e-02  1.25892541e+07 -2.00487878e+00 
 1.35935639e+07 -6.09050092e-02  1.35935639e+07 -1.85618076e+00 
 1.46779927e+07 -6.27290492e-02  1.46779927e+07 -1.71841919e+00 
 1.58489319e+07 -6.42809776e-02  1.58489319e+07 -1.59078320e+00 
 1.71132830e+07 -6.55974571e-02  1.71132830e+07 -1.47252144e+00 
 1.84784980e+07 -6.67096045e-02  1.84784980e+07 -1.36293775e+00 
 1.99526231e+07 -6.76437286e-02  1.99526231e+07 -1.26138705e+00 
 2.15443469e+07 -6.84219559e-02  2.15443469e+07 -1.16727161e+00 
 2.32630507e+07 -6.90627596e-02  2.32630507e+07 -1.08003757e+00 
 2.51188643e+07 -6.95814050e-02  2.51188643e+07 -9.99171686e-01 
 2.71227258e+07 -6.99903215e-02  2.71227258e+07 -9.24198390e-01 
 2.92864456e+07 -7.02994133e-02  2.92864456e+07 -8.54677012e-01 
 3.16227766e+07 -7.05163151e-02  3.16227766e+07 -7.90199250e-01 
 3.41454887e+07 -7.06466017e-02  3.41454887e+07 -7.30386832e-01 
 3.68694506e+07 -7.06939593e-02  3.68694506e+07 -6.74889363e-01 
 3.98107171e+07 -7.06603242e-02  3.98107171e+07 -6.23382354e-01 
 4.29866235e+07 -7.05459972e-02  4.29866235e+07 -5.75565423e-01 
 4.64158883e+07 -7.03497404e-02  4.64158883e+07 -5.31160650e-01 
 5.01187234e+07 -7.00688650e-02  5.01187234e+07 -4.89911092e-01 
 5.41169527e+07 -6.96993184e-02  5.41169527e+07 -4.51579441e-01 
 5.84341413e+07 -6.92357824e-02  5.84341413e+07 -4.15946818e-01 
 6.30957344e+07 -6.86717931e-02  6.30957344e+07 -3.82811706e-01 
 6.81292069e+07 -6.79998960e-02  6.81292069e+07 -3.51988986e-01 
 7.35642254e+07 -6.72118513e-02  7.35642254e+07 -3.23309090e-01 
 7.94328235e+07 -6.62989023e-02  7.94328235e+07 -2.96617240e-01 
 8.57695899e+07 -6.52521222e-02  8.57695899e+07 -2.71772743e-01 
 9.26118728e+07 -6.40628482e-02  9.26118728e+07 -2.48648327e-01 
 1.00000000e+08 -6.27232086e-02  1.00000000e+08 -2.27129479e-01 
 1.07977516e+08 -6.12267365e-02  1.07977516e+08 -2.07113732e-01 
 1.16591440e+08 -5.95690552e-02  1.16591440e+08 -1.88509876e-01 
 1.25892541e+08 -5.77485998e-02  1.25892541e+08 -1.71237038e-01 
 1.35935639e+08 -5.57673248e-02  1.35935639e+08 -1.55223599e-01 
 1.46779927e+08 -5.36313325e-02  1.46779927e+08 -1.40405929e-01 
 1.58489319e+08 -5.13513400e-02  1.58489319e+08 -1.26726953e-01 
 1.71132830e+08 -4.89429079e-02  1.71132830e+08 -1.14134570e-01 
 1.84784980e+08 -4.64263572e-02  1.84784980e+08 -1.02580005e-01 
 1.99526231e+08 -4.38263313e-02  1.99526231e+08 -9.20161865e-02 
 2.15443469e+08 -4.11709978e-02  2.15443469e+08 -8.23962759e-02 
 2.32630507e+08 -3.84909311e-02  2.32630507e+08 -7.36724597e-02 
 2.51188643e+08 -3.58177639e-02  2.51188643e+08 -6.57951126e-02 
 2.71227258e+08 -3.31827332e-02  2.71227258e+08 -5.87123903e-02 
 2.92864456e+08 -3.06152614e-02  2.92864456e+08 -5.23702675e-02 
 3.16227766e+08 -2.81417090e-02  3.16227766e+08 -4.67129754e-02 
 3.41454887e+08 -2.57844066e-02  3.41454887e+08 -4.16837531e-02 
 3.68694506e+08 -2.35610314e-02  3.68694506e+08 -3.72257948e-02 
 3.98107171e+08 -2.14843463e-02  3.98107171e+08 -3.32832677e-02 
 4.29866235e+08 -1.95622735e-02  4.29866235e+08 -2.98022864e-02 
 4.64158883e+08 -1.77982435e-02  4.64158883e+08 -2.67317546e-02 
 5.01187234e+08 -1.61917426e-02  5.01187234e+08 -2.40240190e-02 
 5.41169527e+08 -1.47389760e-02  5.41169527e+08 -2.16353098e-02 
 5.84341413e+08 -1.34335734e-02  5.84341413e+08 -1.95259725e-02 
 6.30957344e+08 -1.22672779e-02  6.30957344e+08 -1.76605153e-02 
 6.81292069e+08 -1.12305743e-02  6.81292069e+08 -1.60075038e-02 
 7.35642254e+08 -1.03132337e-02  7.35642254e+08 -1.45393450e-02 
 7.94328235e+08 -9.50476072e-03  7.94328235e+08 -1.32319958e-02 
 8.57695899e+08 -8.79474473e-03  8.57695899e+08 -1.20646295e-02 
 9.26118728e+08 -8.17312149e-03  9.26118728e+08 -1.10192862e-02 
 1.00000000e+09 -7.63035588e-03  1.00000000e+09 -1.00805272e-02 
 1.07977516e+09 -7.15755938e-03  1.07977516e+09 -9.23510726e-03 
 1.16591440e+09 -6.74655489e-03  1.16591440e+09 -8.47167170e-03 
 1.25892541e+09 -6.38990124e-03  1.25892541e+09 -7.78048483e-03 
 1.35935639e+09 -6.08088787e-03  1.35935639e+09 -7.15318956e-03 
 1.46779927e+09 -5.81350861e-03  1.46779927e+09 -6.58259831e-03 
 1.58489319e+09 -5.58242160e-03  1.58489319e+09 -6.06251316e-03 
 1.71132830e+09 -5.38290104e-03  1.71132830e+09 -5.58757256e-03 
 1.84784980e+09 -5.21078479e-03  1.84784980e+09 -5.15312175e-03 
 1.99526231e+09 -5.06242100e-03  1.99526231e+09 -4.75510361e-03 
 2.15443469e+09 -4.93461571e-03  2.15443469e+09 -4.38996734e-03 
 2.32630507e+09 -4.82458305e-03  2.32630507e+09 -4.05459210e-03 
 2.51188643e+09 -4.72989866e-03  2.51188643e+09 -3.74622329e-03 
 2.71227258e+09 -4.64845693e-03  2.71227258e+09 -3.46241939e-03 
 2.92864456e+09 -4.57843216e-03  2.92864456e+09 -3.20100765e-03 
 3.16227766e+09 -4.51824365e-03  3.16227766e+09 -2.96004694e-03 
 3.41454887e+09 -4.46652455e-03  3.41454887e+09 -2.73779676e-03 
 3.68694506e+09 -4.42209416e-03  3.68694506e+09 -2.53269113e-03 
 3.98107171e+09 -4.38393357e-03  3.98107171e+09 -2.34331661e-03 
 4.29866235e+09 -4.35116419e-03  4.29866235e+09 -2.16839372e-03 
 4.64158883e+09 -4.32302897e-03  4.64158883e+09 -2.00676117e-03 
 5.01187234e+09 -4.29887598e-03  5.01187234e+09 -1.85736237e-03 
 5.41169527e+09 -4.27814414e-03  5.41169527e+09 -1.71923393e-03 
 5.84341413e+09 -4.26035074e-03  5.84341413e+09 -1.59149572e-03 
 6.30957344e+09 -4.24508071e-03  6.30957344e+09 -1.47334227e-03 
 6.81292069e+09 -4.23197723e-03  6.81292069e+09 -1.36403535e-03 
 7.35642254e+09 -4.22073369e-03  7.35642254e+09 -1.26289736e-03 
 7.94328235e+09 -4.21108664e-03  7.94328235e+09 -1.16930571e-03 
 8.57695899e+09 -4.20280983e-03  8.57695899e+09 -1.08268767e-03 
 9.26118728e+09 -4.19570893e-03  9.26118728e+09 -1.00251593e-03 
 1.00000000e+10 -4.18961712e-03  1.00000000e+10 -9.28304628e-04 
