 1.00000000e+00  2.28783447e+02  1.00000000e+00 -2.54249267e-03 
 1.07977516e+00  2.28783447e+02  1.07977516e+00 -2.74532043e-03 
 1.16591440e+00  2.28783447e+02  1.16591440e+00 -2.96432882e-03 
 1.25892541e+00  2.28783447e+02  1.25892541e+00 -3.20080863e-03 
 1.35935639e+00  2.28783447e+02  1.35935639e+00 -3.45615366e-03 
 1.46779927e+00  2.28783447e+02  1.46779927e+00 -3.73186888e-03 
 1.58489319e+00  2.28783447e+02  1.58489319e+00 -4.02957932e-03 
 1.71132830e+00  2.28783447e+02  1.71132830e+00 -4.35103967e-03 
 1.84784980e+00  2.28783447e+02  1.84784980e+00 -4.69814456e-03 
 1.99526231e+00  2.28783447e+02  1.99526231e+00 -5.07293981e-03 
 2.15443469e+00  2.28783447e+02  2.15443469e+00 -5.47763440e-03 
 2.32630507e+00  2.28783447e+02  2.32630507e+00 -5.91461357e-03 
 2.51188643e+00  2.28783447e+02  2.51188643e+00 -6.38645283e-03 
 2.71227258e+00  2.28783447e+02  2.71227258e+00 -6.89593314e-03 
 2.92864456e+00  2.28783447e+02  2.92864456e+00 -7.44605733e-03 
 3.16227766e+00  2.28783447e+02  3.16227766e+00 -8.04006776e-03 
 3.41454887e+00  2.28783447e+02  3.41454887e+00 -8.68146547e-03 
 3.68694506e+00  2.28783447e+02  3.68694506e+00 -9.37403078e-03 
 3.98107171e+00  2.28783447e+02  3.98107171e+00 -1.01218456e-02 
 4.29866235e+00  2.28783446e+02  4.29866235e+00 -1.09293175e-02 
 4.64158883e+00  2.28783446e+02  4.64158883e+00 -1.18012055e-02 
 5.01187234e+00  2.28783446e+02  5.01187234e+00 -1.27426486e-02 
 5.41169527e+00  2.28783446e+02  5.41169527e+00 -1.37591955e-02 
 5.84341413e+00  2.28783446e+02  5.84341413e+00 -1.48568375e-02 
 6.30957344e+00  2.28783446e+02  6.30957344e+00 -1.60420441e-02 
 6.81292069e+00  2.28783446e+02  6.81292069e+00 -1.73218008e-02 
 7.35642254e+00  2.28783445e+02  7.35642254e+00 -1.87036503e-02 
 7.94328235e+00  2.28783445e+02  7.94328235e+00 -2.01957370e-02 
 8.57695899e+00  2.28783445e+02  8.57695899e+00 -2.18068551e-02 
 9.26118728e+00  2.28783445e+02  9.26118728e+00 -2.35465005e-02 
 1.00000000e+01  2.28783444e+02  1.00000000e+01 -2.54249264e-02 
 1.07977516e+01  2.28783444e+02  1.07977516e+01 -2.74532039e-02 
 1.16591440e+01  2.28783443e+02  1.16591440e+01 -2.96432877e-02 
 1.25892541e+01  2.28783442e+02  1.25892541e+01 -3.20080857e-02 
 1.35935639e+01  2.28783442e+02  1.35935639e+01 -3.45615358e-02 
 1.46779927e+01  2.28783441e+02  1.46779927e+01 -3.73186878e-02 
 1.58489319e+01  2.28783440e+02  1.58489319e+01 -4.02957920e-02 
 1.71132830e+01  2.28783439e+02  1.71132830e+01 -4.35103951e-02 
 1.84784980e+01  2.28783437e+02  1.84784980e+01 -4.69814437e-02 
 1.99526231e+01  2.28783436e+02  1.99526231e+01 -5.07293956e-02 
 2.15443469e+01  2.28783434e+02  2.15443469e+01 -5.47763409e-02 
 2.32630507e+01  2.28783432e+02  2.32630507e+01 -5.91461318e-02 
 2.51188643e+01  2.28783429e+02  2.51188643e+01 -6.38645234e-02 
 2.71227258e+01  2.28783426e+02  2.71227258e+01 -6.89593252e-02 
 2.92864456e+01  2.28783423e+02  2.92864456e+01 -7.44605655e-02 
 3.16227766e+01  2.28783419e+02  3.16227766e+01 -8.04006678e-02 
 3.41454887e+01  2.28783414e+02  3.41454887e+01 -8.68146423e-02 
 3.68694506e+01  2.28783409e+02  3.68694506e+01 -9.37402922e-02 
 3.98107171e+01  2.28783402e+02  3.98107171e+01 -1.01218436e-01 
 4.29866235e+01  2.28783395e+02  4.29866235e+01 -1.09293150e-01 
 4.64158883e+01  2.28783386e+02  4.64158883e+01 -1.18012024e-01 
 5.01187234e+01  2.28783376e+02  5.01187234e+01 -1.27426447e-01 
 5.41169527e+01  2.28783364e+02  5.41169527e+01 -1.37591906e-01 
 5.84341413e+01  2.28783351e+02  5.84341413e+01 -1.48568313e-01 
 6.30957344e+01  2.28783335e+02  6.30957344e+01 -1.60420363e-01 
 6.81292069e+01  2.28783316e+02  6.81292069e+01 -1.73217910e-01 
 7.35642254e+01  2.28783294e+02  7.35642254e+01 -1.87036379e-01 
 7.94328235e+01  2.28783269e+02  7.94328235e+01 -2.01957214e-01 
 8.57695899e+01  2.28783239e+02  8.57695899e+01 -2.18068355e-01 
 9.26118728e+01  2.28783205e+02  9.26118728e+01 -2.35464758e-01 
 1.00000000e+02  2.28783165e+02  1.00000000e+02 -2.54248953e-01 
 1.07977516e+02  2.28783118e+02  1.07977516e+02 -2.74531648e-01 
 1.16591440e+02  2.28783063e+02  1.16591440e+02 -2.96432384e-01 
 1.25892541e+02  2.28782999e+02  1.25892541e+02 -3.20080237e-01 
 1.35935639e+02  2.28782925e+02  1.35935639e+02 -3.45614578e-01 
 1.46779927e+02  2.28782838e+02  1.46779927e+02 -3.73185895e-01 
 1.58489319e+02  2.28782737e+02  1.58489319e+02 -4.02956683e-01 
 1.71132830e+02  2.28782620e+02  1.71132830e+02 -4.35102394e-01 
 1.84784980e+02  2.28782483e+02  1.84784980e+02 -4.69812477e-01 
 1.99526231e+02  2.28782323e+02  1.99526231e+02 -5.07291488e-01 
 2.15443469e+02  2.28782136e+02  2.15443469e+02 -5.47760303e-01 
 2.32630507e+02  2.28781918e+02  2.32630507e+02 -5.91457408e-01 
 2.51188643e+02  2.28781665e+02  2.51188643e+02 -6.38640311e-01 
 2.71227258e+02  2.28781369e+02  2.71227258e+02 -6.89587054e-01 
 2.92864456e+02  2.28781024e+02  2.92864456e+02 -7.44597852e-01 
 3.16227766e+02  2.28780623e+02  3.16227766e+02 -8.03996855e-01 
 3.41454887e+02  2.28780154e+02  3.41454887e+02 -8.68134057e-01 
 3.68694506e+02  2.28779608e+02  3.68694506e+02 -9.37387354e-01 
 3.98107171e+02  2.28778971e+02  3.98107171e+02 -1.01216477e+00 
 4.29866235e+02  2.28778228e+02  4.29866235e+02 -1.09290683e+00 
 4.64158883e+02  2.28777362e+02  4.64158883e+02 -1.18008918e+00 
 5.01187234e+02  2.28776352e+02  5.01187234e+02 -1.27422537e+00 
 5.41169527e+02  2.28775175e+02  5.41169527e+02 -1.37586983e+00 
 5.84341413e+02  2.28773803e+02  5.84341413e+02 -1.48562116e+00 
 6.30957344e+02  2.28772203e+02  6.30957344e+02 -1.60412561e+00 
 6.81292069e+02  2.28770338e+02  6.81292069e+02 -1.73208087e+00 
 7.35642254e+02  2.28768163e+02  7.35642254e+02 -1.87024013e+00 
 7.94328235e+02  2.28765627e+02  7.94328235e+02 -2.01941647e+00 
 8.57695899e+02  2.28762671e+02  8.57695899e+02 -2.18048758e+00 
 9.26118728e+02  2.28759224e+02  9.26118728e+02 -2.35440087e+00 
 1.00000000e+03  2.28755206e+02  1.00000000e+03 -2.54217894e+00 
 1.07977516e+03  2.28750521e+02  1.07977516e+03 -2.74492548e+00 
 1.16591440e+03  2.28745059e+02  1.16591440e+03 -2.96383161e+00 
 1.25892541e+03  2.28738691e+02  1.25892541e+03 -3.20018270e+00 
 1.35935639e+03  2.28731267e+02  1.35935639e+03 -3.45536568e+00 
 1.46779927e+03  2.28722612e+02  1.46779927e+03 -3.73087691e+00 
 1.58489319e+03  2.28712522e+02  1.58489319e+03 -4.02833057e+00 
 1.71132830e+03  2.28700758e+02  1.71132830e+03 -4.34946766e+00 
 1.84784980e+03  2.28687045e+02  1.84784980e+03 -4.69616564e+00 
 1.99526231e+03  2.28671058e+02  1.99526231e+03 -5.07044866e+00 
 2.15443469e+03  2.28652422e+02  2.15443469e+03 -5.47449850e+00 
 2.32630507e+03  2.28630698e+02  2.32630507e+03 -5.91066608e+00 
 2.51188643e+03  2.28605374e+02  2.51188643e+03 -6.38148378e+00 
 2.71227258e+03  2.28575856e+02  2.71227258e+03 -6.88967828e+00 
 2.92864456e+03  2.28541450e+02  2.92864456e+03 -7.43818411e+00 
 3.16227766e+03  2.28501349e+02  3.16227766e+03 -8.03015770e+00 
 3.41454887e+03  2.28454612e+02  3.41454887e+03 -8.66899200e+00 
 3.68694506e+03  2.28400145e+02  3.68694506e+03 -9.35833136e+00 
 3.98107171e+03  2.28336674e+02  3.98107171e+03 -1.01020867e+01 
 4.29866235e+03  2.28262716e+02  4.29866235e+03 -1.09044505e+01 
 4.64158883e+03  2.28176548e+02  4.64158883e+03 -1.17699117e+01 
 5.01187234e+03  2.28076166e+02  5.01187234e+03 -1.27032694e+01 
 5.41169527e+03  2.27959241e+02  5.41169527e+03 -1.37096453e+01 
 5.84341413e+03  2.27823067e+02  5.84341413e+03 -1.47944949e+01 
 6.30957344e+03  2.27664505e+02  6.30957344e+03 -1.59636140e+01 
 6.81292069e+03  2.27479914e+02  6.81292069e+03 -1.72231431e+01 
 7.35642254e+03  2.27265074e+02  7.35642254e+03 -1.85795648e+01 
 7.94328235e+03  2.27015100e+02  7.94328235e+03 -2.00396944e+01 
 8.57695899e+03  2.26724346e+02  8.57695899e+03 -2.16106607e+01 
 9.26118728e+03  2.26386290e+02  9.26118728e+03 -2.32998745e+01 
 1.00000000e+04  2.25993415e+02  1.00000000e+04 -2.51149812e+01 
 1.07977516e+04  2.25537075e+02  1.07977516e+04 -2.70637937e+01 
 1.16591440e+04  2.25007342e+02  1.16591440e+04 -2.91542003e+01 
 1.25892541e+04  2.24392851e+02  1.25892541e+04 -3.13940420e+01 
 1.35935639e+04  2.23680629e+02  1.35935639e+04 -3.37909533e+01 
 1.46779927e+04  2.22855926e+02  1.46779927e+04 -3.63521574e+01 
 1.58489319e+04  2.21902034e+02  1.58489319e+04 -3.90842086e+01 
 1.71132830e+04  2.20800135e+02  1.71132830e+04 -4.19926733e+01 
 1.84784980e+04  2.19529146e+02  1.84784980e+04 -4.50817394e+01 
 1.99526231e+04  2.18065628e+02  1.99526231e+04 -4.83537474e+01 
 2.15443469e+04  2.16383730e+02  2.15443469e+04 -5.18086354e+01 
 2.32630507e+04  2.14455235e+02  2.32630507e+04 -5.54432968e+01 
 2.51188643e+04  2.12249716e+02  2.51188643e+04 -5.92508528e+01 
 2.71227258e+04  2.09734846e+02  2.71227258e+04 -6.32198510e+01 
 2.92864456e+04  2.06876917e+02  2.92864456e+04 -6.73334147e+01 
 3.16227766e+04  2.03641583e+02  3.16227766e+04 -7.15683810e+01 
 3.41454887e+04  1.99994894e+02  3.41454887e+04 -7.58944861e+01 
 3.68694506e+04  1.95904636e+02  3.68694506e+04 -8.02736773e+01 
 3.98107171e+04  1.91341988e+02  3.98107171e+04 -8.46596530e+01 
 4.29866235e+04  1.86283475e+02  4.29866235e+04 -8.89977498e+01 
 4.64158883e+04  1.80713154e+02  4.64158883e+04 -9.32253044e+01 
 5.01187234e+04  1.74624914e+02  5.01187234e+04 -9.72726161e+01 
 5.41169527e+04  1.68024715e+02  5.41169527e+04 -1.01064602e+02 
 5.84341413e+04  1.60932546e+02  5.84341413e+04 -1.04523188e+02 
 6.30957344e+04  1.53383834e+02  6.30957344e+04 -1.07570406e+02 
 6.81292069e+04  1.45430049e+02  6.81292069e+04 -1.10132034e+02 
 7.35642254e+04  1.37138270e+02  7.35642254e+04 -1.12141567e+02 
 7.94328235e+04  1.28589595e+02  7.94328235e+04 -1.13544143e+02 
 8.57695899e+04  1.19876377e+02  8.57695899e+04 -1.14300043e+02 
 9.26118728e+04  1.11098450e+02  9.26118728e+04 -1.14387369e+02 
 1.00000000e+05  1.02358651e+02  1.00000000e+05 -1.13803570e+02 
 1.07977516e+05  9.37580421e+01  1.07977516e+05 -1.12565618e+02 
 1.16591440e+05  8.53913154e+01  1.16591440e+05 -1.10708824e+02 
 1.25892541e+05  7.73427980e+01  1.25892541e+05 -1.08284431e+02 
 1.35935639e+05  6.96834078e+01  1.35935639e+05 -1.05356293e+02 
 1.46779927e+05  6.24687509e+01  1.46779927e+05 -1.01997013e+02 
 1.58489319e+05  5.57383967e+01  1.58489319e+05 -9.82839577e+01 
 1.71132830e+05  4.95162322e+01  1.71132830e+05 -9.42954954e+01 
 1.84784980e+05  4.38116863e+01  1.84784980e+05 -9.01077445e+01 
 1.99526231e+05  3.86215712e+01  1.99526231e+05 -8.57919906e+01 
 2.15443469e+05  3.39322722e+01  2.15443469e+05 -8.14128417e+01 
 2.32630507e+05  2.97220517e+01  2.32630507e+05 -7.70270935e+01 
 2.51188643e+05  2.59632770e+01  2.51188643e+05 -7.26832229e+01 
 2.71227258e+05  2.26244426e+01  2.71227258e+05 -6.84213900e+01 
 2.92864456e+05  1.96719074e+01  2.92864456e+05 -6.42738205e+01 
 3.16227766e+05  1.70713177e+01  3.16227766e+05 -6.02654446e+01 
 3.41454887e+05  1.47887154e+01  3.41454887e+05 -5.64146878e+01 
 3.68694506e+05  1.27913584e+01  3.68694506e+05 -5.27343265e+01 
 3.98107171e+05  1.10482898e+01  3.98107171e+05 -4.92323465e+01 
 4.29866235e+05  9.53069777e+00  4.29866235e+05 -4.59127599e+01 
 4.64158883e+05  8.21211054e+00  4.64158883e+05 -4.27763528e+01 
 5.01187234e+05  7.06846305e+00  5.01187234e+05 -3.98213513e+01 
 5.41169527e+05  6.07807104e+00  5.41169527e+05 -3.70439982e+01 
 5.84341413e+05  5.22153981e+00  5.84341413e+05 -3.44390440e+01 
 6.30957344e+05  4.48163032e+00  6.30957344e+05 -3.20001572e+01 
 6.81292069e+05  3.84310011e+00  6.81292069e+05 -2.97202607e+01 
 7.35642254e+05  3.29253209e+00  7.35642254e+05 -2.75918053e+01 
 7.94328235e+05  2.81816057e+00  7.94328235e+05 -2.56069861e+01 
 8.57695899e+05  2.40970120e+00  8.57695899e+05 -2.37579138e+01 
 9.26118728e+05  2.05818914e+00  9.26118728e+05 -2.20367459e+01 
 1.00000000e+06  1.75582797e+00  1.00000000e+06 -2.04357858e+01 
 1.07977516e+06  1.49585096e+00  1.07977516e+06 -1.89475565e+01 
 1.16591440e+06  1.27239510e+00  1.16591440e+06 -1.75648521e+01 
 1.25892541e+06  1.08038779e+00  1.25892541e+06 -1.62807733e+01 
 1.35935639e+06  9.15445770e-01  1.35935639e+06 -1.50887499e+01 
 1.46779927e+06  7.73785457e-01  1.46779927e+06 -1.39825517e+01 
 1.58489319e+06  6.52143912e-01  1.58489319e+06 -1.29562933e+01 
 1.71132830e+06  5.47709384e-01  1.71132830e+06 -1.20044311e+01 
 1.84784980e+06  4.58060547e-01  1.84784980e+06 -1.11217574e+01 
 1.99526231e+06  3.81113489e-01  1.99526231e+06 -1.03033901e+01 
 2.15443469e+06  3.15075576e-01  2.15443469e+06 -9.54476053e+00 
 2.32630507e+06  2.58405388e-01  2.32630507e+06 -8.84160033e+00 
 2.51188643e+06  2.09778004e-01  2.51188643e+06 -8.18992639e+00 
 2.71227258e+06  1.68054945e-01  2.71227258e+06 -7.58602608e+00 
 2.92864456e+06  1.32258206e-01  2.92864456e+06 -7.02644208e+00 
 3.16227766e+06  1.01547835e-01  3.16227766e+06 -6.50795733e+00 
 3.41454887e+06  7.52025906e-02  3.41454887e+06 -6.02758039e+00 
 3.68694506e+06  5.26032819e-02  3.68694506e+06 -5.58253122e+00 
 3.98107171e+06  3.32184122e-02  3.98107171e+06 -5.17022747e+00 
 4.29866235e+06  1.65918295e-02  4.29866235e+06 -4.78827143e+00 
 4.64158883e+06  2.33210135e-03  4.64158883e+06 -4.43443761e+00 
 5.01187234e+06 -9.89662094e-03  5.01187234e+06 -4.10666102e+00 
 5.41169527e+06 -2.03824527e-02  5.41169527e+06 -3.80302602e+00 
 5.84341413e+06 -2.93725209e-02  5.84341413e+06 -3.52175597e+00 
 6.30957344e+06 -3.70787566e-02  6.30957344e+06 -3.26120338e+00 
 6.81292069e+06 -4.36828674e-02  6.81292069e+06 -3.01984076e+00 
 7.35642254e+06 -4.93406055e-02  7.35642254e+06 -2.79625209e+00 
 7.94328235e+06 -5.41854280e-02  7.94328235e+06 -2.58912479e+00 
 8.57695899e+06 -5.83316362e-02  8.57695899e+06 -2.39724226e+00 
 9.26118728e+06 -6.18770667e-02  9.26118728e+06 -2.21947693e+00 
 1.00000000e+07 -6.49053953e-02  1.00000000e+07 -2.05478383e+00 
 1.07977516e+07 -6.74881094e-02  1.07977516e+07 -1.90219452e+00 
 1.16591440e+07 -6.96861954e-02  1.16591440e+07 -1.76081155e+00 
 1.25892541e+07 -7.15515783e-02  1.25892541e+07 -1.62980325e+00 
 1.35935639e+07 -7.31283510e-02  1.35935639e+07 -1.50839891e+00 
 1.46779927e+07 -7.44538191e-02  1.46779927e+07 -1.39588431e+00 
 1.58489319e+07 -7.55593896e-02  1.58489319e+07 -1.29159761e+00 
 1.71132830e+07 -7.64713222e-02  1.71132830e+07 -1.19492548e+00 
 1.84784980e+07 -7.72113633e-02  1.84784980e+07 -1.10529957e+00 
 1.99526231e+07 -7.77972790e-02  1.99526231e+07 -1.02219321e+00 
 2.15443469e+07 -7.82433004e-02  2.15443469e+07 -9.45118431e-01 
 2.32630507e+07 -7.85604946e-02  2.32630507e+07 -8.73623116e-01 
 2.51188643e+07 -7.87570722e-02  2.51188643e+07 -8.07288472e-01 
 2.71227258e+07 -7.88386425e-02  2.71227258e+07 -7.45726663e-01 
 2.92864456e+07 -7.88084274e-02  2.92864456e+07 -6.88578661e-01 
 3.16227766e+07 -7.86674429e-02  3.16227766e+07 -6.35512281e-01 
 3.41454887e+07 -7.84146615e-02  3.41454887e+07 -5.86220405e-01 
 3.68694506e+07 -7.80471659e-02  3.68694506e+07 -5.40419375e-01 
 3.98107171e+07 -7.75603089e-02  3.98107171e+07 -4.97847548e-01 
 4.29866235e+07 -7.69478929e-02  4.29866235e+07 -4.58264014e-01 
 4.64158883e+07 -7.62023865e-02  4.64158883e+07 -4.21447442e-01 
 5.01187234e+07 -7.53151949e-02  5.01187234e+07 -3.87195054e-01 
 5.41169527e+07 -7.42770021e-02  5.41169527e+07 -3.55321710e-01 
 5.84341413e+07 -7.30781999e-02  5.84341413e+07 -3.25659053e-01 
 6.30957344e+07 -7.17094175e-02  6.30957344e+07 -2.98054709e-01 
 6.81292069e+07 -7.01621554e-02  6.81292069e+07 -2.72371474e-01 
 7.35642254e+07 -6.84295179e-02  7.35642254e+07 -2.48486460e-01 
 7.94328235e+07 -6.65070237e-02  7.94328235e+07 -2.26290139e-01 
 8.57695899e+07 -6.43934545e-02  8.57695899e+07 -2.05685233e-01 
 9.26118728e+07 -6.20916821e-02  9.26118728e+07 -1.86585426e-01 
 1.00000000e+08 -5.96093939e-02  1.00000000e+08 -1.68913855e-01 
 1.07977516e+08 -5.69596273e-02  1.07977516e+08 -1.52601408e-01 
 1.16591440e+08 -5.41610169e-02  1.16591440e+08 -1.37584867e-01 
 1.25892541e+08 -5.12376769e-02  1.25892541e+08 -1.23804970e-01 
 1.35935639e+08 -4.82186682e-02  1.35935639e+08 -1.11204522e-01 
 1.46779927e+08 -4.51370471e-02  1.46779927e+08 -9.97266828e-02 
 1.58489319e+08 -4.20285495e-02  1.58489319e+08 -8.93135824e-02 
 1.71132830e+08 -3.89300147e-02  1.71132830e+08 -7.99053628e-02 
 1.84784980e+08 -3.58776963e-02  1.84784980e+08 -7.14397311e-02 
 1.99526231e+08 -3.29056260e-02  1.99526231e+08 -6.38520235e-02 
 2.15443469e+08 -3.00441845e-02  2.15443469e+08 -5.70757322e-02 
 2.32630507e+08 -2.73190041e-02  2.32630507e+08 -5.10433870e-02 
 2.51188643e+08 -2.47502749e-02  2.51188643e+08 -4.56876567e-02 
 2.71227258e+08 -2.23524690e-02  2.71227258e+08 -4.09425221e-02 
 2.92864456e+08 -2.01344517e-02  2.92864456e+08 -3.67443930e-02 
 3.16227766e+08 -1.80999057e-02  3.16227766e+08 -3.30330647e-02 
 3.41454887e+08 -1.62479785e-02  3.41454887e+08 -2.97524541e-02 
 3.68694506e+08 -1.45740589e-02  3.68694506e+08 -2.68510890e-02 
 3.98107171e+08 -1.30705976e-02  3.98107171e+08 -2.42823560e-02 
 4.29866235e+08 -1.17279027e-02  4.29866235e+08 -2.20045360e-02 
 4.64158883e+08 -1.05348647e-02  4.64158883e+08 -1.99806686e-02 
 5.01187234e+08 -9.47958084e-03  5.01187234e+08 -1.81782892e-02 
 5.41169527e+08 -8.54986695e-03  5.41169527e+08 -1.65690817e-02 
 5.84341413e+08 -7.73365821e-03  5.84341413e+08 -1.51284862e-02 
 6.30957344e+08 -7.01930618e-03  6.30957344e+08 -1.38352894e-02 
 6.81292069e+08 -6.39578580e-03  6.81292069e+08 -1.26712217e-02 
 7.35642254e+08 -5.85282742e-03  7.35642254e+08 -1.16205748e-02 
 7.94328235e+08 -5.38098893e-03  7.94328235e+08 -1.06698506e-02 
 8.57695899e+08 -4.97168202e-03  8.57695899e+08 -9.80744587e-03 
 9.26118728e+08 -4.61716460e-03  9.26118728e+08 -9.02337303e-03 
 1.00000000e+09 -4.31050964e-03  1.00000000e+09 -8.30901770e-03 
 1.07977516e+09 -4.04555840e-03  1.07977516e+09 -7.65692974e-03 
 1.16591440e+09 -3.81686432e-03  1.16591440e+09 -7.06064506e-03 
 1.25892541e+09 -3.61963251e-03  1.25892541e+09 -6.51453458e-03 
 1.35935639e+09 -3.44965787e-03  1.35935639e+09 -6.01367701e-03 
 1.46779927e+09 -3.30326461e-03  1.46779927e+09 -5.55375198e-03 
 1.58489319e+09 -3.17724852e-03  1.58489319e+09 -5.13095062e-03 
 1.71132830e+09 -3.06882302e-03  1.71132830e+09 -4.74190075e-03 
 1.84784980e+09 -2.97556954e-03  1.84784980e+09 -4.38360450e-03 
 1.99526231e+09 -2.89539251e-03  1.99526231e+09 -4.05338601e-03 
 2.15443469e+09 -2.82647875e-03  2.15443469e+09 -3.74884789e-03 
 2.32630507e+09 -2.76726131e-03  2.32630507e+09 -3.46783454e-03 
 2.51188643e+09 -2.71638741e-03  2.51188643e+09 -3.20840141e-03 
 2.71227258e+09 -2.67269017e-03  2.71227258e+09 -2.96878908e-03 
 2.92864456e+09 -2.63516377e-03  2.92864456e+09 -2.74740128e-03 
 3.16227766e+09 -2.60294176e-03  3.16227766e+09 -2.54278617e-03 
 3.41454887e+09 -2.57527814e-03  3.41454887e+09 -2.35362038e-03 
 3.68694506e+09 -2.55153092e-03  3.68694506e+09 -2.17869525e-03 
 3.98107171e+09 -2.53114784e-03  3.98107171e+09 -2.01690499e-03 
 4.29866235e+09 -2.51365396e-03  4.29866235e+09 -1.86723631e-03 
 4.64158883e+09 -2.49864101e-03  4.64158883e+09 -1.72875947e-03 
 5.01187234e+09 -2.48575811e-03  5.01187234e+09 -1.60062031e-03 
 5.41169527e+09 -2.47470375e-03  5.41169527e+09 -1.48203332e-03 
 5.84341413e+09 -2.46521893e-03  5.84341413e+09 -1.37227542e-03 
 6.30957344e+09 -2.45708122e-03  6.30957344e+09 -1.27068050e-03 
 6.81292069e+09 -2.45009959e-03  6.81292069e+09 -1.17663444e-03 
 7.35642254e+09 -2.44411002e-03  7.35642254e+09 -1.08957075e-03 
 7.94328235e+09 -2.43897172e-03  7.94328235e+09 -1.00896660e-03 
 8.57695899e+09 -2.43456383e-03  8.57695899e+09 -9.34339176e-04 
 9.26118728e+09 -2.43078261e-03  9.26118728e+09 -8.65242492e-04 
 1.00000000e+10 -2.42753904e-03  1.00000000e+10 -8.01264412e-04 
