 1.00000000e+00  2.77177828e+02  1.00000000e+00 -3.44821229e-03 
 1.07977516e+00  2.77177828e+02  1.07977516e+00 -3.72329399e-03 
 1.16591440e+00  2.77177828e+02  1.16591440e+00 -4.02032037e-03 
 1.25892541e+00  2.77177828e+02  1.25892541e+00 -4.34104208e-03 
 1.35935639e+00  2.77177828e+02  1.35935639e+00 -4.68734941e-03 
 1.46779927e+00  2.77177828e+02  1.46779927e+00 -5.06128347e-03 
 1.58489319e+00  2.77177828e+02  1.58489319e+00 -5.46504818e-03 
 1.71132830e+00  2.77177828e+02  1.71132830e+00 -5.90102329e-03 
 1.84784980e+00  2.77177828e+02  1.84784980e+00 -6.37177838e-03 
 1.99526231e+00  2.77177828e+02  1.99526231e+00 -6.88008803e-03 
 2.15443469e+00  2.77177828e+02  2.15443469e+00 -7.42894817e-03 
 2.32630507e+00  2.77177828e+02  2.32630507e+00 -8.02159372e-03 
 2.51188643e+00  2.77177828e+02  2.51188643e+00 -8.66151766e-03 
 2.71227258e+00  2.77177827e+02  2.71227258e+00 -9.35249164e-03 
 2.92864456e+00  2.77177827e+02  2.92864456e+00 -1.00985882e-02 
 3.16227766e+00  2.77177827e+02  3.16227766e+00 -1.09042047e-02 
 3.41454887e+00  2.77177827e+02  3.41454887e+00 -1.17740894e-02 
 3.68694506e+00  2.77177827e+02  3.68694506e+00 -1.27133693e-02 
 3.98107171e+00  2.77177827e+02  3.98107171e+00 -1.37275804e-02 
 4.29866235e+00  2.77177827e+02  4.29866235e+00 -1.48227003e-02 
 4.64158883e+00  2.77177827e+02  4.64158883e+00 -1.60051836e-02 
 5.01187234e+00  2.77177827e+02  5.01187234e+00 -1.72819997e-02 
 5.41169527e+00  2.77177827e+02  5.41169527e+00 -1.86606740e-02 
 5.84341413e+00  2.77177826e+02  5.84341413e+00 -2.01493323e-02 
 6.30957344e+00  2.77177826e+02  6.30957344e+00 -2.17567486e-02 
 6.81292069e+00  2.77177826e+02  6.81292069e+00 -2.34923967e-02 
 7.35642254e+00  2.77177825e+02  7.35642254e+00 -2.53665064e-02 
 7.94328235e+00  2.77177825e+02  7.94328235e+00 -2.73901236e-02 
 8.57695899e+00  2.77177825e+02  8.57695899e+00 -2.95751751e-02 
 9.26118728e+00  2.77177824e+02  9.26118728e+00 -3.19345394e-02 
 1.00000000e+01  2.77177824e+02  1.00000000e+01 -3.44821224e-02 
 1.07977516e+01  2.77177823e+02  1.07977516e+01 -3.72329392e-02 
 1.16591440e+01  2.77177822e+02  1.16591440e+01 -4.02032028e-02 
 1.25892541e+01  2.77177821e+02  1.25892541e+01 -4.34104197e-02 
 1.35935639e+01  2.77177820e+02  1.35935639e+01 -4.68734928e-02 
 1.46779927e+01  2.77177819e+02  1.46779927e+01 -5.06128331e-02 
 1.58489319e+01  2.77177817e+02  1.58489319e+01 -5.46504797e-02 
 1.71132830e+01  2.77177815e+02  1.71132830e+01 -5.90102303e-02 
 1.84784980e+01  2.77177813e+02  1.84784980e+01 -6.37177805e-02 
 1.99526231e+01  2.77177811e+02  1.99526231e+01 -6.88008762e-02 
 2.15443469e+01  2.77177808e+02  2.15443469e+01 -7.42894765e-02 
 2.32630507e+01  2.77177805e+02  2.32630507e+01 -8.02159305e-02 
 2.51188643e+01  2.77177801e+02  2.51188643e+01 -8.66151682e-02 
 2.71227258e+01  2.77177796e+02  2.71227258e+01 -9.35249058e-02 
 2.92864456e+01  2.77177791e+02  2.92864456e+01 -1.00985868e-01 
 3.16227766e+01  2.77177785e+02  3.16227766e+01 -1.09042030e-01 
 3.41454887e+01  2.77177778e+02  3.41454887e+01 -1.17740873e-01 
 3.68694506e+01  2.77177770e+02  3.68694506e+01 -1.27133666e-01 
 3.98107171e+01  2.77177760e+02  3.98107171e+01 -1.37275770e-01 
 4.29866235e+01  2.77177749e+02  4.29866235e+01 -1.48226961e-01 
 4.64158883e+01  2.77177735e+02  4.64158883e+01 -1.60051783e-01 
 5.01187234e+01  2.77177720e+02  5.01187234e+01 -1.72819931e-01 
 5.41169527e+01  2.77177702e+02  5.41169527e+01 -1.86606657e-01 
 5.84341413e+01  2.77177681e+02  5.84341413e+01 -2.01493218e-01 
 6.30957344e+01  2.77177657e+02  6.30957344e+01 -2.17567353e-01 
 6.81292069e+01  2.77177629e+02  6.81292069e+01 -2.34923800e-01 
 7.35642254e+01  2.77177596e+02  7.35642254e+01 -2.53664854e-01 
 7.94328235e+01  2.77177557e+02  7.94328235e+01 -2.73900971e-01 
 8.57695899e+01  2.77177512e+02  8.57695899e+01 -2.95751418e-01 
 9.26118728e+01  2.77177460e+02  9.26118728e+01 -3.19344975e-01 
 1.00000000e+02  2.77177399e+02  1.00000000e+02 -3.44820696e-01 
 1.07977516e+02  2.77177328e+02  1.07977516e+02 -3.72328727e-01 
 1.16591440e+02  2.77177245e+02  1.16591440e+02 -4.02031192e-01 
 1.25892541e+02  2.77177148e+02  1.25892541e+02 -4.34103144e-01 
 1.35935639e+02  2.77177035e+02  1.35935639e+02 -4.68733602e-01 
 1.46779927e+02  2.77176904e+02  1.46779927e+02 -5.06126661e-01 
 1.58489319e+02  2.77176751e+02  1.58489319e+02 -5.46502696e-01 
 1.71132830e+02  2.77176572e+02  1.71132830e+02 -5.90099657e-01 
 1.84784980e+02  2.77176364e+02  1.84784980e+02 -6.37174474e-01 
 1.99526231e+02  2.77176121e+02  1.99526231e+02 -6.88004568e-01 
 2.15443469e+02  2.77175837e+02  2.15443469e+02 -7.42889485e-01 
 2.32630507e+02  2.77175507e+02  2.32630507e+02 -8.02152659e-01 
 2.51188643e+02  2.77175122e+02  2.51188643e+02 -8.66143315e-01 
 2.71227258e+02  2.77174673e+02  2.71227258e+02 -9.35238525e-01 
 2.92864456e+02  2.77174150e+02  2.92864456e+02 -1.00984542e+00 
 3.16227766e+02  2.77173540e+02  3.16227766e+02 -1.09040361e+00 
 3.41454887e+02  2.77172828e+02  3.41454887e+02 -1.17738771e+00 
 3.68694506e+02  2.77171999e+02  3.68694506e+02 -1.27131020e+00 
 3.98107171e+02  2.77171032e+02  3.98107171e+02 -1.37272439e+00 
 4.29866235e+02  2.77169904e+02  4.29866235e+02 -1.48222768e+00 
 4.64158883e+02  2.77168590e+02  4.64158883e+02 -1.60046504e+00 
 5.01187234e+02  2.77167057e+02  5.01187234e+02 -1.72813285e+00 
 5.41169527e+02  2.77165270e+02  5.41169527e+02 -1.86598290e+00 
 5.84341413e+02  2.77163187e+02  5.84341413e+02 -2.01482685e+00 
 6.30957344e+02  2.77160758e+02  6.30957344e+02 -2.17554093e+00 
 6.81292069e+02  2.77157926e+02  6.81292069e+02 -2.34907107e+00 
 7.35642254e+02  2.77154624e+02  7.35642254e+02 -2.53643839e+00 
 7.94328235e+02  2.77150774e+02  7.94328235e+02 -2.73874515e+00 
 8.57695899e+02  2.77146286e+02  8.57695899e+02 -2.95718112e+00 
 9.26118728e+02  2.77141054e+02  9.26118728e+02 -3.19303046e+00 
 1.00000000e+03  2.77134953e+02  1.00000000e+03 -3.44767912e+00 
 1.07977516e+03  2.77127841e+02  1.07977516e+03 -3.72262278e+00 
 1.16591440e+03  2.77119549e+02  1.16591440e+03 -4.01947539e+00 
 1.25892541e+03  2.77109883e+02  1.25892541e+03 -4.33997835e+00 
 1.35935639e+03  2.77098613e+02  1.35935639e+03 -4.68601032e+00 
 1.46779927e+03  2.77085474e+02  1.46779927e+03 -5.05959773e+00 
 1.58489319e+03  2.77070157e+02  1.58489319e+03 -5.46292608e+00 
 1.71132830e+03  2.77052301e+02  1.71132830e+03 -5.89835189e+00 
 1.84784980e+03  2.77031486e+02  1.84784980e+03 -6.36841553e+00 
 1.99526231e+03  2.77007220e+02  1.99526231e+03 -6.87585483e+00 
 2.15443469e+03  2.76978934e+02  2.15443469e+03 -7.42361943e+00 
 2.32630507e+03  2.76945963e+02  2.32630507e+03 -8.01488603e+00 
 2.51188643e+03  2.76907530e+02  2.51188643e+03 -8.65307435e+00 
 2.71227258e+03  2.76862735e+02  2.71227258e+03 -9.34186386e+00 
 2.92864456e+03  2.76810526e+02  2.92864456e+03 -1.00852111e+01 
 3.16227766e+03  2.76749679e+02  3.16227766e+03 -1.08873677e+01 
 3.41454887e+03  2.76678771e+02  3.41454887e+03 -1.17528983e+01 
 3.68694506e+03  2.76596144e+02  3.68694506e+03 -1.26866992e+01 
 3.98107171e+03  2.76499871e+02  3.98107171e+03 -1.36940164e+01 
 4.29866235e+03  2.76387708e+02  4.29866235e+03 -1.47804629e+01 
 4.64158883e+03  2.76257051e+02  4.64158883e+03 -1.59520350e+01 
 5.01187234e+03  2.76104872e+02  5.01187234e+03 -1.72151265e+01 
 5.41169527e+03  2.75927656e+02  5.41169527e+03 -1.85765396e+01 
 5.84341413e+03  2.75721324e+02  5.84341413e+03 -2.00434925e+01 
 6.30957344e+03  2.75481148e+02  6.30957344e+03 -2.16236202e+01 
 6.81292069e+03  2.75201651e+02  6.81292069e+03 -2.33249679e+01 
 7.35642254e+03  2.74876496e+02  7.35642254e+03 -2.51559750e+01 
 7.94328235e+03  2.74498361e+02  7.94328235e+03 -2.71254447e+01 
 8.57695899e+03  2.74058800e+02  8.57695899e+03 -2.92424975e+01 
 9.26118728e+03  2.73548083e+02  9.26118728e+03 -3.15165034e+01 
 1.00000000e+04  2.72955027e+02  1.00000000e+04 -3.39569867e+01 
 1.07977516e+04  2.72266813e+02  1.07977516e+04 -3.65734988e+01 
 1.16591440e+04  2.71468781e+02  1.16591440e+04 -3.93754490e+01 
 1.25892541e+04  2.70544228e+02  1.25892541e+04 -4.23718871e+01 
 1.35935639e+04  2.69474196e+02  1.35935639e+04 -4.55712267e+01 
 1.46779927e+04  2.68237265e+02  1.46779927e+04 -4.89808997e+01 
 1.58489319e+04  2.66809364e+02  1.58489319e+04 -5.26069296e+01 
 1.71132830e+04  2.65163624e+02  1.71132830e+04 -5.64534157e+01 
 1.84784980e+04  2.63270273e+02  1.84784980e+04 -6.05219161e+01 
 1.99526231e+04  2.61096632e+02  1.99526231e+04 -6.48107262e+01 
 2.15443469e+04  2.58607223e+02  2.15443469e+04 -6.93140504e+01 
 2.32630507e+04  2.55764039e+02  2.32630507e+04 -7.40210768e+01 
 2.51188643e+04  2.52527037e+02  2.51188643e+04 -7.89149731e+01 
 2.71227258e+04  2.48854879e+02  2.71227258e+04 -8.39718424e+01 
 2.92864456e+04  2.44706003e+02  2.92864456e+04 -8.91596957e+01 
 3.16227766e+04  2.40040039e+02  3.16227766e+04 -9.44375235e+01 
 3.41454887e+04  2.34819617e+02  3.41454887e+04 -9.97545749e+01 
 3.68694506e+04  2.29012547e+02  3.68694506e+04 -1.05049979e+02 
 3.98107171e+04  2.22594335e+02  3.98107171e+04 -1.10252859e+02 
 4.29866235e+04  2.15550913e+02  4.29866235e+04 -1.15283096e+02 
 4.64158883e+04  2.07881424e+02  4.64158883e+04 -1.20052875e+02 
 5.01187234e+04  1.99600812e+02  5.01187234e+04 -1.24469114e+02 
 5.41169527e+04  1.90741923e+02  5.41169527e+04 -1.28436768e+02 
 5.84341413e+04  1.81356792e+02  5.84341413e+04 -1.31862926e+02 
 6.30957344e+04  1.71516810e+02  6.30957344e+04 -1.34661453e+02 
 6.81292069e+04  1.61311556e+02  6.81292069e+04 -1.36757829e+02 
 7.35642254e+04  1.50846189e+02  7.35642254e+04 -1.38093727e+02 
 7.94328235e+04  1.40237489e+02  7.94328235e+04 -1.38630846e+02 
 8.57695899e+04  1.29608829e+02  8.57695899e+04 -1.38353535e+02 
 9.26118728e+04  1.19084511e+02  9.26118728e+04 -1.37269891e+02 
 1.00000000e+05  1.08784011e+02  1.00000000e+05 -1.35411194e+02 
 1.07977516e+05  9.88166922e+01  1.07977516e+05 -1.32829733e+02 
 1.16591440e+05  8.92774657e+01  1.16591440e+05 -1.29595323e+02 
 1.25892541e+05  8.02437343e+01  1.25892541e+05 -1.25790909e+02 
 1.35935639e+05  7.17737632e+01  1.35935639e+05 -1.21507759e+02 
 1.46779927e+05  6.39064409e+01  1.46779927e+05 -1.16840712e+02 
 1.58489319e+05  5.66622392e+01  1.58489319e+05 -1.11883879e+02 
 1.71132830e+05  5.00450886e+01  1.71132830e+05 -1.06727065e+02 
 1.84784980e+05  4.40448465e+01  1.84784980e+05 -1.01453059e+02 
 1.99526231e+05  3.86400476e+01  1.99526231e+05 -9.61358108e+01 
 2.15443469e+05  3.38006762e+01  2.15443469e+05 -9.08394300e+01 
 2.32630507e+05  2.94907637e+01  2.32630507e+05 -8.56178827e+01 
 2.51188643e+05  2.56706852e+01  2.51188643e+05 -8.05152278e+01 
 2.71227258e+05  2.22990862e+01  2.71227258e+05 -7.55662449e+01 
 2.92864456e+05  1.93344258e+01  2.92864456e+05 -7.07973089e+01 
 3.16227766e+05  1.67361506e+01  3.16227766e+05 -6.62273967e+01 
 3.41454887e+05  1.44655391e+01  3.41454887e+05 -6.18691328e+01 
 3.68694506e+05  1.24862657e+01  3.68694506e+05 -5.77298117e+01 
 3.98107171e+05  1.07647370e+01  3.98107171e+05 -5.38123508e+01 
 4.29866235e+05  9.27024870e+00  4.29866235e+05 -5.01161514e+01 
 4.64158883e+05  7.97500983e+00  4.64158883e+05 -4.66378545e+01 
 5.01187234e+05  6.85406973e+00  5.01187234e+05 -4.33719909e+01 
 5.41169527e+05  5.88518049e+00  5.41169527e+05 -4.03115284e+01 
 5.84341413e+05  5.04861801e+00  5.84341413e+05 -3.74483258e+01 
 6.30957344e+05  4.32698074e+00  6.30957344e+05 -3.47735034e+01 
 6.81292069e+05  3.70497945e+00  6.81292069e+05 -3.22777403e+01 
 7.35642254e+05  3.16922792e+00  7.35642254e+05 -2.99515099e+01 
 7.94328235e+05  2.70804100e+00  7.94328235e+05 -2.77852632e+01 
 8.57695899e+05  2.31124442e+00  8.57695899e+05 -2.57695691e+01 
 9.26118728e+05  1.96999864e+00  9.26118728e+05 -2.38952182e+01 
 1.00000000e+06  1.67663797e+00  1.00000000e+06 -2.21532998e+01 
 1.07977516e+06  1.42452524e+00  1.07977516e+06 -2.05352538e+01 
 1.16591440e+06  1.20792154e+00  1.16591440e+06 -1.90329064e+01 
 1.25892541e+06  1.02187045e+00  1.25892541e+06 -1.76384898e+01 
 1.35935639e+06  8.62095566e-01  1.35935639e+06 -1.63446521e+01 
 1.46779927e+06  7.24910340e-01  1.46779927e+06 -1.51444581e+01 
 1.58489319e+06  6.07139031e-01  1.58489319e+06 -1.40313841e+01 
 1.71132830e+06  5.06047635e-01  1.71132830e+06 -1.29993075e+01 
 1.84784980e+06  4.19283697e-01  1.84784980e+06 -1.20424941e+01 
 1.99526231e+06  3.44823997e-01  1.99526231e+06 -1.11555818e+01 
 2.15443469e+06  2.80929151e-01  2.15443469e+06 -1.03335638e+01 
 2.32630507e+06  2.26104304e-01  2.32630507e+06 -9.57177082e+00 
 2.51188643e+06  1.79065128e-01  2.51188643e+06 -8.86585234e+00 
 2.71227258e+06  1.38708453e-01  2.71227258e+06 -8.21175874e+00 
 2.92864456e+06  1.04086919e-01  2.92864456e+06 -7.60572306e+00 
 3.16227766e+06  7.43871308e-02  3.16227766e+06 -7.04424350e+00 
 3.41454887e+06  4.89108335e-02  3.41454887e+06 -6.52406647e+00 
 3.68694506e+06  2.70587059e-02  3.68694506e+06 -6.04217041e+00 
 3.98107171e+06  8.31641822e-03  3.98107171e+06 -5.59575028e+00 
 4.29866235e+06 -7.75735979e-03  4.29866235e+06 -5.18220290e+00 
 4.64158883e+06 -2.15412667e-02  4.64158883e+06 -4.79911311e+00 
 5.01187234e+06 -3.33601068e-02  5.01187234e+06 -4.44424071e+00 
 5.41169527e+06 -4.34924586e-02  5.41169527e+06 -4.11550819e+00 
 5.84341413e+06 -5.21772075e-02  5.84341413e+06 -3.81098923e+00 
 6.30957344e+06 -5.96191534e-02  6.30957344e+06 -3.52889795e+00 
 6.81292069e+06 -6.59938228e-02  6.81292069e+06 -3.26757885e+00 
 7.35642254e+06 -7.14515954e-02  7.35642254e+06 -3.02549743e+00 
 7.94328235e+06 -7.61212430e-02  7.94328235e+06 -2.80123147e+00 
 8.57695899e+06 -8.01129608e-02  8.57695899e+06 -2.59346287e+00 
 9.26118728e+06 -8.35209646e-02  9.26118728e+06 -2.40097006e+00 
 1.00000000e+07 -8.64257115e-02  1.00000000e+07 -2.22262101e+00 
 1.07977516e+07 -8.88957994e-02  1.07977516e+07 -2.05736665e+00 
 1.16591440e+07 -9.09895880e-02  1.16591440e+07 -1.90423480e+00 
 1.25892541e+07 -9.27565800e-02  1.25892541e+07 -1.76232457e+00 
 1.35935639e+07 -9.42385963e-02  1.35935639e+07 -1.63080108e+00 
 1.46779927e+07 -9.54707726e-02  1.46779927e+07 -1.50889067e+00 
 1.58489319e+07 -9.64824022e-02  1.58489319e+07 -1.39587641e+00 
 1.71132830e+07 -9.72976455e-02  1.71132830e+07 -1.29109392e+00 
 1.84784980e+07 -9.79361253e-02  1.84784980e+07 -1.19392756e+00 
 1.99526231e+07 -9.84134232e-02  1.99526231e+07 -1.10380691e+00 
 2.15443469e+07 -9.87414917e-02  2.15443469e+07 -1.02020349e+00 
 2.32630507e+07 -9.89289956e-02  2.32630507e+07 -9.42627796e-01 
 2.51188643e+07 -9.89815942e-02  2.51188643e+07 -8.70626507e-01 
 2.71227258e+07 -9.89021782e-02  2.71227258e+07 -8.03780028e-01 
 2.92864456e+07 -9.86910720e-02  2.92864456e+07 -7.41700186e-01 
 3.16227766e+07 -9.83462163e-02  3.16227766e+07 -6.84028168e-01 
 3.41454887e+07 -9.78633446e-02  3.41454887e+07 -6.30432656e-01 
 3.68694506e+07 -9.72361717e-02  3.68694506e+07 -5.80608164e-01 
 3.98107171e+07 -9.64566093e-02  3.98107171e+07 -5.34273544e-01 
 4.29866235e+07 -9.55150324e-02  4.29866235e+07 -4.91170665e-01 
 4.64158883e+07 -9.44006143e-02  4.64158883e+07 -4.51063230e-01 
 5.01187234e+07 -9.31017531e-02  5.01187234e+07 -4.13735713e-01 
 5.41169527e+07 -9.16066079e-02  5.41169527e+07 -3.78992377e-01 
 5.84341413e+07 -8.99037589e-02  5.84341413e+07 -3.46656331e-01 
 6.30957344e+07 -8.79829947e-02  6.30957344e+07 -3.16568576e-01 
 6.81292069e+07 -8.58362178e-02  6.81292069e+07 -2.88586978e-01 
 7.35642254e+07 -8.34584396e-02  7.35642254e+07 -2.62585105e-01 
 7.94328235e+07 -8.08488120e-02  7.94328235e+07 -2.38450880e-01 
 8.57695899e+07 -7.80116197e-02  8.57695899e+07 -2.16084986e-01 
 9.26118728e+07 -7.49571330e-02  9.26118728e+07 -1.95399028e-01 
 1.00000000e+08 -7.17022098e-02  1.00000000e+08 -1.76313440e-01 
 1.07977516e+08 -6.82705331e-02  1.07977516e+08 -1.58755223e-01 
 1.16591440e+08 -6.46923907e-02  1.16591440e+08 -1.42655607e-01 
 1.25892541e+08 -6.10039465e-02  1.25892541e+08 -1.27947791e-01 
 1.35935639e+08 -5.72460087e-02  1.35935639e+08 -1.14564923e-01 
 1.46779927e+08 -5.34623687e-02  1.46779927e+08 -1.02438505e-01 
 1.58489319e+08 -4.96978495e-02  1.58489319e+08 -9.14973322e-02 
 1.71132830e+08 -4.59962478e-02  1.71132830e+08 -8.16670558e-02 
 1.84784980e+08 -4.23983689e-02  1.84784980e+08 -7.28703690e-02 
 1.99526231e+08 -3.89403431e-02  1.99526231e+08 -6.50277325e-02 
 2.15443469e+08 -3.56523617e-02  2.15443469e+08 -5.80585101e-02 
 2.32630507e+08 -3.25579110e-02  2.32630507e+08 -5.18823424e-02 
 2.51188643e+08 -2.96735148e-02  2.51188643e+08 -4.64205814e-02 
 2.71227258e+08 -2.70089335e-02  2.71227258e+08 -4.15976338e-02 
 2.92864456e+08 -2.45677307e-02  2.92864456e+08 -3.73420942e-02 
 3.16227766e+08 -2.23480918e-02  3.16227766e+08 -3.35876020e-02 
 3.41454887e+08 -2.03437837e-02  3.41454887e+08 -3.02733956e-02 
 3.68694506e+08 -1.85451531e-02  3.68694506e+08 -2.73445774e-02 
 3.98107171e+08 -1.69400844e-02  3.98107171e+08 -2.47521265e-02 
 4.29866235e+08 -1.55148649e-02  4.29866235e+08 -2.24527107e-02 
 4.64158883e+08 -1.42549233e-02  4.64158883e+08 -2.04083516e-02 
 5.01187234e+08 -1.31454319e-02  5.01187234e+08 -1.85859955e-02 
 5.41169527e+08 -1.21717739e-02  5.41169527e+08 -1.69570333e-02 
 5.84341413e+08 -1.13198861e-02  5.84341413e+08 -1.54968056e-02 
 6.30957344e+08 -1.05764959e-02  6.30957344e+08 -1.41841181e-02 
 6.81292069e+08 -9.92926873e-03  6.81292069e+08 -1.30007843e-02 
 7.35642254e+08 -9.36688621e-03  7.35642254e+08 -1.19312074e-02 
 7.94328235e+08 -8.87907006e-03  7.94328235e+08 -1.09620058e-02 
 8.57695899e+08 -8.45656725e-03  8.57695899e+08 -1.00816824e-02 
 9.26118728e+08 -8.09110802e-03  9.26118728e+08 -9.28033910e-03 
 1.00000000e+09 -7.77534627e-03  1.00000000e+09 -8.54943036e-03 
 1.07977516e+09 -7.50278972e-03  1.07977516e+09 -7.88155437e-03 
 1.16591440e+09 -7.26772550e-03  1.16591440e+09 -7.27027620e-03 
 1.25892541e+09 -7.06514487e-03  1.25892541e+09 -6.70997925e-03 
 1.35935639e+09 -6.89067001e-03  1.35935639e+09 -6.19574081e-03 
 1.46779927e+09 -6.74048464e-03  1.46779927e+09 -5.72322801e-03 
 1.58489319e+09 -6.61126938e-03  1.58489319e+09 -5.28861110e-03 
 1.71132830e+09 -6.50014262e-03  1.71132830e+09 -4.88849092e-03 
 1.84784980e+09 -6.40460689e-03  1.84784980e+09 -4.51983845e-03 
 1.99526231e+09 -6.32250066e-03  1.99526231e+09 -4.17994422e-03 
 2.15443469e+09 -6.25195545e-03  2.15443469e+09 -3.86637583e-03 
 2.32630507e+09 -6.19135783e-03  2.32630507e+09 -3.57694234e-03 
 2.51188643e+09 -6.13931581e-03  2.51188643e+09 -3.30966412e-03 
 2.71227258e+09 -6.09462943e-03  2.71227258e+09 -3.06274748e-03 
 2.92864456e+09 -6.05626499e-03  2.92864456e+09 -2.83456293e-03 
 3.16227766e+09 -6.02333251e-03  3.16227766e+09 -2.62362671e-03 
 3.41454887e+09 -5.99506615e-03  3.41454887e+09 -2.42858495e-03 
 3.68694506e+09 -5.97080722e-03  3.68694506e+09 -2.24819998e-03 
 3.98107171e+09 -5.94998936e-03  3.98107171e+09 -2.08133846e-03 
 4.29866235e+09 -5.93212580e-03  4.29866235e+09 -1.92696108e-03 
 4.64158883e+09 -5.91679826e-03  4.64158883e+09 -1.78411351e-03 
 5.01187234e+09 -5.90364745e-03  5.01187234e+09 -1.65191846e-03 
 5.41169527e+09 -5.89236477e-03  5.41169527e+09 -1.52956867e-03 
 5.84341413e+09 -5.88268525e-03  5.84341413e+09 -1.41632065e-03 
 6.30957344e+09 -5.87438139e-03  6.30957344e+09 -1.31148915e-03 
 6.81292069e+09 -5.86725789e-03  6.81292069e+09 -1.21444216e-03 
 7.35642254e+09 -5.86114712e-03  7.35642254e+09 -1.12459646e-03 
 7.94328235e+09 -5.85590523e-03  7.94328235e+09 -1.04141357e-03 
 8.57695899e+09 -5.85140876e-03  8.57695899e+09 -9.64396130e-04 
 9.26118728e+09 -5.84755177e-03  9.26118728e+09 -8.93084553e-04 
 1.00000000e+10 -5.84424336e-03  1.00000000e+10 -8.27054057e-04 
