 1.00000000e+00  5.78324323e+01  1.00000000e+00 -4.08390002e-03 
 1.07977516e+00  5.78324323e+01  1.07977516e+00 -4.40969380e-03 
 1.16591440e+00  5.78324322e+01  1.16591440e+00 -4.76147784e-03 
 1.25892541e+00  5.78324321e+01  1.25892541e+00 -5.14132550e-03 
 1.35935639e+00  5.78324321e+01  1.35935639e+00 -5.55147557e-03 
 1.46779927e+00  5.78324320e+01  1.46779927e+00 -5.99434542e-03 
 1.58489319e+00  5.78324319e+01  1.58489319e+00 -6.47254529e-03 
 1.71132830e+00  5.78324317e+01  1.71132830e+00 -6.98889363e-03 
 1.84784980e+00  5.78324316e+01  1.84784980e+00 -7.54643373e-03 
 1.99526231e+00  5.78324314e+01  1.99526231e+00 -8.14845168e-03 
 2.15443469e+00  5.78324313e+01  2.15443469e+00 -8.79849571e-03 
 2.32630507e+00  5.78324310e+01  2.32630507e+00 -9.50039710e-03 
 2.51188643e+00  5.78324308e+01  2.51188643e+00 -1.02582928e-02 
 2.71227258e+00  5.78324305e+01  2.71227258e+00 -1.10766497e-02 
 2.92864456e+00  5.78324301e+01  2.92864456e+00 -1.19602911e-02 
 3.16227766e+00  5.78324297e+01  3.16227766e+00 -1.29144252e-02 
 3.41454887e+00  5.78324292e+01  3.41454887e+00 -1.39446755e-02 
 3.68694506e+00  5.78324287e+01  3.68694506e+00 -1.50571141e-02 
 3.98107171e+00  5.78324280e+01  3.98107171e+00 -1.62582976e-02 
 4.29866235e+00  5.78324273e+01  4.29866235e+00 -1.75553057e-02 
 4.64158883e+00  5.78324264e+01  4.64158883e+00 -1.89557828e-02 
 5.01187234e+00  5.78324253e+01  5.01187234e+00 -2.04679831e-02 
 5.41169527e+00  5.78324241e+01  5.41169527e+00 -2.21008193e-02 
 5.84341413e+00  5.78324227e+01  5.84341413e+00 -2.38639151e-02 
 6.30957344e+00  5.78324211e+01  6.30957344e+00 -2.57676621e-02 
 6.81292069e+00  5.78324192e+01  6.81292069e+00 -2.78232806e-02 
 7.35642254e+00  5.78324170e+01  7.35642254e+00 -3.00428862e-02 
 7.94328235e+00  5.78324144e+01  7.94328235e+00 -3.24395609e-02 
 8.57695899e+00  5.78324114e+01  8.57695899e+00 -3.50274303e-02 
 9.26118728e+00  5.78324078e+01  9.26118728e+00 -3.78217469e-02 
 1.00000000e+01  5.78324037e+01  1.00000000e+01 -4.08389800e-02 
 1.07977516e+01  5.78323990e+01  1.07977516e+01 -4.40969126e-02 
 1.16591440e+01  5.78323934e+01  1.16591440e+01 -4.76147464e-02 
 1.25892541e+01  5.78323869e+01  1.25892541e+01 -5.14132147e-02 
 1.35935639e+01  5.78323793e+01  1.35935639e+01 -5.55147050e-02 
 1.46779927e+01  5.78323704e+01  1.46779927e+01 -5.99433904e-02 
 1.58489319e+01  5.78323601e+01  1.58489319e+01 -6.47253726e-02 
 1.71132830e+01  5.78323481e+01  1.71132830e+01 -6.98888352e-02 
 1.84784980e+01  5.78323341e+01  1.84784980e+01 -7.54642100e-02 
 1.99526231e+01  5.78323177e+01  1.99526231e+01 -8.14843566e-02 
 2.15443469e+01  5.78322987e+01  2.15443469e+01 -8.79847554e-02 
 2.32630507e+01  5.78322765e+01  2.32630507e+01 -9.50037170e-02 
 2.51188643e+01  5.78322506e+01  2.51188643e+01 -1.02582608e-01 
 2.71227258e+01  5.78322204e+01  2.71227258e+01 -1.10766094e-01 
 2.92864456e+01  5.78321852e+01  2.92864456e+01 -1.19602405e-01 
 3.16227766e+01  5.78321441e+01  3.16227766e+01 -1.29143614e-01 
 3.41454887e+01  5.78320963e+01  3.41454887e+01 -1.39445952e-01 
 3.68694506e+01  5.78320404e+01  3.68694506e+01 -1.50570130e-01 
 3.98107171e+01  5.78319754e+01  3.98107171e+01 -1.62581703e-01 
 4.29866235e+01  5.78318995e+01  4.29866235e+01 -1.75551455e-01 
 4.64158883e+01  5.78318111e+01  4.64158883e+01 -1.89555810e-01 
 5.01187234e+01  5.78317080e+01  5.01187234e+01 -2.04677291e-01 
 5.41169527e+01  5.78315878e+01  5.41169527e+01 -2.21004996e-01 
 5.84341413e+01  5.78314476e+01  5.84341413e+01 -2.38635126e-01 
 6.30957344e+01  5.78312842e+01  6.30957344e+01 -2.57671554e-01 
 6.81292069e+01  5.78310936e+01  6.81292069e+01 -2.78226427e-01 
 7.35642254e+01  5.78308715e+01  7.35642254e+01 -3.00420831e-01 
 7.94328235e+01  5.78306125e+01  7.94328235e+01 -3.24385498e-01 
 8.57695899e+01  5.78303105e+01  8.57695899e+01 -3.50261575e-01 
 9.26118728e+01  5.78299584e+01  9.26118728e+01 -3.78201445e-01 
 1.00000000e+02  5.78295480e+01  1.00000000e+02 -4.08369628e-01 
 1.07977516e+02  5.78290694e+01  1.07977516e+02 -4.40943731e-01 
 1.16591440e+02  5.78285114e+01  1.16591440e+02 -4.76115493e-01 
 1.25892541e+02  5.78278609e+01  1.25892541e+02 -5.14091899e-01 
 1.35935639e+02  5.78271025e+01  1.35935639e+02 -5.55096381e-01 
 1.46779927e+02  5.78262182e+01  1.46779927e+02 -5.99370117e-01 
 1.58489319e+02  5.78251873e+01  1.58489319e+02 -6.47173424e-01 
 1.71132830e+02  5.78239854e+01  1.71132830e+02 -6.98787259e-01 
 1.84784980e+02  5.78225841e+01  1.84784980e+02 -7.54514836e-01 
 1.99526231e+02  5.78209504e+01  1.99526231e+02 -8.14683354e-01 
 2.15443469e+02  5.78190458e+01  2.15443469e+02 -8.79645866e-01 
 2.32630507e+02  5.78168253e+01  2.32630507e+02 -9.49783270e-01 
 2.51188643e+02  5.78142367e+01  2.51188643e+02 -1.02550645e+00 
 2.71227258e+02  5.78112188e+01  2.71227258e+02 -1.10725858e+00 
 2.92864456e+02  5.78077006e+01  2.92864456e+02 -1.19551753e+00 
 3.16227766e+02  5.78035993e+01  3.16227766e+02 -1.29079852e+00 
 3.41454887e+02  5.77988182e+01  3.41454887e+02 -1.39365686e+00 
 3.68694506e+02  5.77932449e+01  3.68694506e+02 -1.50469092e+00 
 3.98107171e+02  5.77867482e+01  3.98107171e+02 -1.62454518e+00 
 4.29866235e+02  5.77791755e+01  4.29866235e+02 -1.75391360e+00 
 4.64158883e+02  5.77703489e+01  4.64158883e+02 -1.89354294e+00 
 5.01187234e+02  5.77600612e+01  5.01187234e+02 -2.04423642e+00 
 5.41169527e+02  5.77480713e+01  5.41169527e+02 -2.20685738e+00 
 5.84341413e+02  5.77340983e+01  5.84341413e+02 -2.38233303e+00 
 6.30957344e+02  5.77178156e+01  6.30957344e+02 -2.57165832e+00 
 6.81292069e+02  5.76988430e+01  6.81292069e+02 -2.77589973e+00 
 7.35642254e+02  5.76767382e+01  7.35642254e+02 -2.99619893e+00 
 7.94328235e+02  5.76509873e+01  7.94328235e+02 -3.23377632e+00 
 8.57695899e+02  5.76209930e+01  8.57695899e+02 -3.48993412e+00 
 9.26118728e+02  5.75860617e+01  9.26118728e+02 -3.76605902e+00 
 1.00000000e+03  5.75453881e+01  1.00000000e+03 -4.06362390e+00 
 1.07977516e+03  5.74980388e+01  1.07977516e+03 -4.38418870e+00 
 1.16591440e+03  5.74429318e+01  1.16591440e+03 -4.72939959e+00 
 1.25892541e+03  5.73788151e+01  1.25892541e+03 -5.10098647e+00 
 1.35935639e+03  5.73042410e+01  1.35935639e+03 -5.50075777e+00 
 1.46779927e+03  5.72175384e+01  1.46779927e+03 -5.93059213e+00 
 1.58489319e+03  5.71167815e+01  1.58489319e+03 -6.39242603e+00 
 1.71132830e+03  5.69997548e+01  1.71132830e+03 -6.88823618e+00 
 1.84784980e+03  5.68639159e+01  1.84784980e+03 -7.42001560e+00 
 1.99526231e+03  5.67063548e+01  1.99526231e+03 -7.98974181e+00 
 2.15443469e+03  5.65237514e+01  2.15443469e+03 -8.59933541e+00 
 2.32630507e+03  5.63123312e+01  2.32630507e+03 -9.25060725e+00 
 2.51188643e+03  5.60678223e+01  2.51188643e+03 -9.94519183e+00 
 2.71227258e+03  5.57854142e+01  2.71227258e+03 -1.06844650e+01 
 2.92864456e+03  5.54597227e+01  2.92864456e+03 -1.14694433e+01 
 3.16227766e+03  5.50847651e+01  3.16227766e+03 -1.23006636e+01 
 3.41454887e+03  5.46539503e+01  3.41454887e+03 -1.31780404e+01 
 3.68694506e+03  5.41600915e+01  3.68694506e+03 -1.41007016e+01 
 3.98107171e+03  5.35954497e+01  3.98107171e+03 -1.50668025e+01 
 4.29866235e+03  5.29518172e+01  4.29866235e+03 -1.60733219e+01 
 4.64158883e+03  5.22206524e+01  4.64158883e+03 -1.71158462e+01 
 5.01187234e+03  5.13932764e+01  5.01187234e+03 -1.81883524e+01 
 5.41169527e+03  5.04611405e+01  5.41169527e+03 -1.92830043e+01 
 5.84341413e+03  4.94161730e+01  5.84341413e+03 -2.03899833e+01 
 6.30957344e+03  4.82512062e+01  6.30957344e+03 -2.14973797e+01 
 6.81292069e+03  4.69604760e+01  6.81292069e+03 -2.25911747e+01 
 7.35642254e+03  4.55401788e+01  7.35642254e+03 -2.36553459e+01 
 7.94328235e+03  4.39890532e+01  7.94328235e+03 -2.46721269e+01 
 8.57695899e+03  4.23089414e+01  8.57695899e+03 -2.56224442e+01 
 9.26118728e+03  4.05052726e+01  9.26118728e+03 -2.64865400e+01 
 1.00000000e+04  3.85874019e+01  1.00000000e+04 -2.72447700e+01 
 1.07977516e+04  3.65687381e+01  1.07977516e+04 -2.78785357e+01 
 1.16591440e+04  3.44666067e+01  1.16591440e+04 -2.83712894e+01 
 1.25892541e+04  3.23018168e+01  1.25892541e+04 -2.87095204e+01 
 1.35935639e+04  3.00979352e+01  1.35935639e+04 -2.88836226e+01 
 1.46779927e+04  2.78803114e+01  1.46779927e+04 -2.88885452e+01 
 1.58489319e+04  2.56749326e+01  1.58489319e+04 -2.87241442e+01 
 1.71132830e+04  2.35072174e+01  1.71132830e+04 -2.83951935e+01 
 1.84784980e+04  2.14008645e+01  1.84784980e+04 -2.79110507e+01 
 1.99526231e+04  1.93768649e+01  1.99526231e+04 -2.72850227e+01 
 2.15443469e+04  1.74527603e+01  2.15443469e+04 -2.65335081e+01 
 2.32630507e+04  1.56421925e+01  2.32630507e+04 -2.56750140e+01 
 2.51188643e+04  1.39547499e+01  2.51188643e+04 -2.47291512e+01 
 2.71227258e+04  1.23960812e+01  2.71227258e+04 -2.37156940e+01 
 2.92864456e+04  1.09682241e+01  2.92864456e+04 -2.26537742e+01 
 3.16227766e+04  9.67008184e+00  3.16227766e+04 -2.15612477e+01 
 3.41454887e+04  8.49798189e+00  3.41454887e+04 -2.04542465e+01 
 3.68694506e+04  7.44625810e+00  3.68694506e+04 -1.93469096e+01 
 3.98107171e+04  6.50780947e+00  3.98107171e+04 -1.82512692e+01 
 4.29866235e+04  5.67460430e+00  4.29866235e+04 -1.71772627e+01 
 4.64158883e+04  4.93811137e+00  4.64158883e+04 -1.61328369e+01 
 5.01187234e+04  4.28965113e+00  5.01187234e+04 -1.51241144e+01 
 5.41169527e+04  3.72066806e+00  5.41169527e+04 -1.41555961e+01 
 5.84341413e+04  3.22293099e+00  5.84341413e+04 -1.32303780e+01 
 6.30957344e+04  2.78867106e+00  6.30957344e+04 -1.23503670e+01 
 6.81292069e+04  2.41066805e+00  6.81292069e+04 -1.15164865e+01 
 7.35642254e+04  2.08229577e+00  7.35642254e+04 -1.07288628e+01 
 7.94328235e+04  1.79753635e+00  7.94328235e+04 -9.98699111e+00 
 8.57695899e+04  1.55097161e+00  8.57695899e+04 -9.28987922e+00 
 9.26118728e+04  1.33775877e+00  9.26118728e+04 -8.63616931e+00 
 1.00000000e+05  1.15359575e+00  1.00000000e+05 -8.02423955e+00 
 1.07977516e+05  9.94680566e-01  1.07977516e+05 -7.45228752e+00 
 1.16591440e+05  8.57667917e-01  1.16591440e+05 -6.91839756e+00 
 1.25892541e+05  7.39625269e-01  1.25892541e+05 -6.42059439e+00 
 1.35935639e+05  6.37990064e-01  1.35935639e+05 -5.95688514e+00 
 1.46779927e+05  5.50529080e-01  1.46779927e+05 -5.52529163e+00 
 1.58489319e+05  4.75300581e-01  1.58489319e+05 -5.12387477e+00 
 1.71132830e+05  4.10619585e-01  1.71132830e+05 -4.75075242e+00 
 1.84784980e+05  3.55026367e-01  1.84784980e+05 -4.40411208e+00 
 1.99526231e+05  3.07258155e-01  1.99526231e+05 -4.08221946e+00 
 2.15443469e+05  2.66223899e-01  2.15443469e+05 -3.78342372e+00 
 2.32630507e+05  2.30981901e-01  2.32630507e+05 -3.50616026e+00 
 2.51188643e+05  2.00720101e-01  2.51188643e+05 -3.24895149e+00 
 2.71227258e+05  1.74738768e-01  2.71227258e+05 -3.01040620e+00 
 2.92864456e+05  1.52435350e-01  2.92864456e+05 -2.78921774e+00 
 3.16227766e+05  1.33291275e-01  3.16227766e+05 -2.58416152e+00 
 3.41454887e+05  1.16860449e-01  3.41454887e+05 -2.39409186e+00 
 3.68694506e+05  1.02759287e-01  3.68694506e+05 -2.21793857e+00 
 3.98107171e+05  9.06580572e-02  3.98107171e+05 -2.05470323e+00 
 4.29866235e+05  8.02734065e-02  4.29866235e+05 -1.90345540e+00 
 4.64158883e+05  7.13618864e-02  4.64158883e+05 -1.76332881e+00 
 5.01187234e+05  6.37143719e-02  5.01187234e+05 -1.63351757e+00 
 5.41169527e+05  5.71512445e-02  5.41169527e+05 -1.51327248e+00 
 5.84341413e+05  5.15182399e-02  5.84341413e+05 -1.40189746e+00 
 6.30957344e+05  4.66828722e-02  6.30957344e+05 -1.29874610e+00 
 6.81292069e+05  4.25313534e-02  6.81292069e+05 -1.20321841e+00 
 7.35642254e+05  3.89659431e-02  7.35642254e+05 -1.11475766e+00 
 7.94328235e+05  3.59026667e-02  7.94328235e+05 -1.03284748e+00 
 8.57695899e+05  3.32693527e-02  8.57695899e+05 -9.57009055e-01 
 9.26118728e+05  3.10039431e-02  9.26118728e+05 -8.86798521e-01 
 1.00000000e+06  2.90530389e-02  1.00000000e+06 -8.21804513e-01 
 1.07977516e+06  2.73706479e-02  1.07977516e+06 -7.61645870e-01 
 1.16591440e+06  2.59171055e-02  1.16591440e+06 -7.05969494e-01 
 1.25892541e+06  2.46581432e-02  1.25892541e+06 -6.54448341e-01 
 1.35935639e+06  2.35640847e-02  1.35935639e+06 -6.06779557e-01 
 1.46779927e+06  2.26091495e-02  1.46779927e+06 -5.62682735e-01 
 1.58489319e+06  2.17708487e-02  1.58489319e+06 -5.21898293e-01 
 1.71132830e+06  2.10294602e-02  1.71132830e+06 -4.84185957e-01 
 1.84784980e+06  2.03675686e-02  1.84784980e+06 -4.49323359e-01 
 1.99526231e+06  1.97696629e-02  1.99526231e+06 -4.17104717e-01 
 2.15443469e+06  1.92217807e-02  2.15443469e+06 -3.87339612e-01 
 2.32630507e+06  1.87111925e-02  2.32630507e+06 -3.59851835e-01 
 2.51188643e+06  1.82261199e-02  2.51188643e+06 -3.34478322e-01 
 2.71227258e+06  1.77554819e-02  2.71227258e+06 -3.11068132e-01 
 2.92864456e+06  1.72886666e-02  2.92864456e+06 -2.89481503e-01 
 3.16227766e+06  1.68153238e-02  3.16227766e+06 -2.69588942e-01 
 3.41454887e+06  1.63251786e-02  3.41454887e+06 -2.51270366e-01 
 3.68694506e+06  1.58078650e-02  3.68694506e+06 -2.34414270e-01 
 3.98107171e+06  1.52527813e-02  3.98107171e+06 -2.18916927e-01 
 4.29866235e+06  1.46489701e-02  4.29866235e+06 -2.04681603e-01 
 4.64158883e+06  1.39850296e-02  4.64158883e+06 -1.91617791e-01 
 5.01187234e+06  1.32490624e-02  5.01187234e+06 -1.79640442e-01 
 5.41169527e+06  1.24286730e-02  5.41169527e+06 -1.68669212e-01 
 5.84341413e+06  1.15110266e-02  5.84341413e+06 -1.58627707e-01 
 6.30957344e+06  1.04829837e-02  6.30957344e+06 -1.49442736e-01 
 6.81292069e+06  9.33132796e-03  6.81292069e+06 -1.41043582e-01 
 7.35642254e+06  8.04310176e-03  7.35642254e+06 -1.33361308e-01 
 7.94328235e+06  6.60606643e-03  7.94328235e+06 -1.26328116e-01 
 8.57695899e+06  5.00929407e-03  8.57695899e+06 -1.19876805e-01 
 9.26118728e+06  3.24389192e-03  9.26118728e+06 -1.13940354e-01 
 1.00000000e+07  1.30384505e-03  1.00000000e+07 -1.08451693e-01 
 1.07977516e+07 -8.13055211e-04  1.07977516e+07 -1.03343704e-01 
 1.16591440e+07 -3.10425137e-03  1.16591440e+07 -9.85495036e-02 
 1.25892541e+07 -5.56150549e-03  1.25892541e+07 -9.40030415e-02 
 1.35935639e+07 -8.17012727e-03  1.35935639e+07 -8.96400157e-02 
 1.46779927e+07 -1.09084518e-02  1.46779927e+07 -8.53990887e-02 
 1.58489319e+07 -1.37476712e-02  1.58489319e+07 -8.12233301e-02 
 1.71132830e+07 -1.66521034e-02  1.71132830e+07 -7.70617789e-02 
 1.84784980e+07 -1.95799396e-02  1.84784980e+07 -7.28709825e-02 
 1.99526231e+07 -2.24844595e-02  1.99526231e+07 -6.86163522e-02 
 2.15443469e+07 -2.53156397e-02  2.15443469e+07 -6.42731866e-02 
 2.32630507e+07 -2.80220302e-02  2.32630507e+07 -5.98272471e-02 
 2.51188643e+07 -3.05527358e-02  2.51188643e+07 -5.52748271e-02 
 2.71227258e+07 -3.28593340e-02  2.71227258e+07 -5.06223220e-02 
 2.92864456e+07 -3.48975831e-02  2.92864456e+07 -4.58853705e-02 
 3.16227766e+07 -3.66288187e-02  3.16227766e+07 -4.10876799e-02 
 3.41454887e+07 -3.80209949e-02  3.41454887e+07 -3.62596689e-02 
 3.68694506e+07 -3.90493856e-02  3.68694506e+07 -3.14370515e-02 
 3.98107171e+07 -3.96969976e-02  3.98107171e+07 -2.66594524e-02 
 4.29866235e+07 -3.99547752e-02  4.29866235e+07 -2.19691036e-02 
 4.64158883e+07 -3.98216667e-02  4.64158883e+07 -1.74096243e-02 
 5.01187234e+07 -3.93046032e-02  5.01187234e+07 -1.30248537e-02 
 5.41169527e+07 -3.84184059e-02  5.41169527e+07 -8.85768664e-03 
 5.84341413e+07 -3.71855940e-02  5.84341413e+07 -4.94887044e-03 
 6.30957344e+07 -3.56360412e-02  6.30957344e+07 -1.33573884e-03 
 6.81292069e+07 -3.38064050e-02  6.81292069e+07  1.94909698e-03 
 7.35642254e+07 -3.17392669e-02  7.35642254e+07  4.87904016e-03 
 7.94328235e+07 -2.94819426e-02  7.94328235e+07  7.43468267e-03 
 8.57695899e+07 -2.70849733e-02  8.57695899e+07  9.60474108e-03 
 9.26118728e+07 -2.46003619e-02  9.26118728e+07  1.13866340e-02 
 1.00000000e+08 -2.20796672e-02  1.00000000e+08  1.27866102e-02 
 1.07977516e+08 -1.95721058e-02  1.07977516e+08  1.38193853e-02 
 1.16591440e+08 -1.71228189e-02  1.16591440e+08  1.45073074e-02 
 1.25892541e+08 -1.47714397e-02  1.25892541e+08  1.48791277e-02 
 1.35935639e+08 -1.25510614e-02  1.35935639e+08  1.49684975e-02 
 1.46779927e+08 -1.04876469e-02  1.46779927e+08  1.48123330e-02 
 1.58489319e+08 -8.59987203e-03  1.58489319e+08  1.44491848e-02 
 1.71132830e+08 -6.89934971e-03  1.71132830e+08  1.39177274e-02 
 1.84784980e+08 -5.39115655e-03  1.84784980e+08  1.32554493e-02 
 1.99526231e+08 -4.07457278e-03  1.99526231e+08  1.24975888e-02 
 2.15443469e+08 -2.94395245e-03  2.15443469e+08  1.16763258e-02 
 2.32630507e+08 -1.98965337e-03  2.32630507e+08  1.08202226e-02 
 2.51188643e+08 -1.19897253e-03  2.51188643e+08  9.95388831e-03 
 2.71227258e+08 -5.57048078e-04  2.71227258e+08  9.09784054e-03 
 2.92864456e+08 -4.76998510e-05  2.92864456e+08  8.26853569e-03 
 3.16227766e+08  3.45812257e-04  3.16227766e+08  7.47854145e-03 
 3.41454887e+08  6.40128259e-04  3.41454887e+08  6.73682584e-03 
 3.68694506e+08  8.51239126e-04  3.68694506e+08  6.04913652e-03 
 3.98107171e+08  9.94057442e-04  3.98107171e+08  5.41844289e-03 
 4.29866235e+08  1.08211070e-03  4.29866235e+08  4.84541223e-03 
 4.64158883e+08  1.12735359e-03  4.64158883e+08  4.32889141e-03 
 5.01187234e+08  1.14008883e-03  5.01187234e+08  3.86636816e-03 
 5.41169527e+08  1.12898036e-03  5.41169527e+08  3.45439104e-03 
 5.84341413e+08  1.10113889e-03  5.84341413e+08  3.08893302e-03 
 6.30957344e+08  1.06225840e-03  6.30957344e+08  2.76569096e-03 
 6.81292069e+08  1.01678336e-03  6.81292069e+08  2.48031941e-03 
 7.35642254e+08  9.68088725e-04  7.35642254e+08  2.22860249e-03 
 7.94328235e+08  9.18658949e-04  7.94328235e+08  2.00657100e-03 
 8.57695899e+08  8.70255944e-04  8.57695899e+08  1.81057387e-03 
 9.26118728e+08  8.24069748e-04  9.26118728e+08  1.63731384e-03 
 1.00000000e+09  7.80848851e-04  1.00000000e+09  1.48385622e-03 
 1.07977516e+09  7.41009449e-04  1.07977516e+09  1.34761903e-03 
 1.16591440e+09  7.04724585e-04  1.16591440e+09  1.22635107e-03 
 1.25892541e+09  6.71995090e-04  1.25892541e+09  1.11810300e-03 
 1.35935639e+09  6.42704750e-04  1.35935639e+09  1.02119540e-03 
 1.46779927e+09  6.16662245e-04  1.46779927e+09  9.34186361e-04 
 1.58489319e+09  5.93632308e-04  1.58489319e+09  8.55840392e-04 
 1.71132830e+09  5.73358293e-04  1.71132830e+09  7.85099675e-04 
 1.84784980e+09  5.55578066e-04  1.84784980e+09  7.21058229e-04 
 1.99526231e+09  5.40034784e-04  1.99526231e+09  6.62939126e-04 
 2.15443469e+09  5.26483873e-04  2.15443469e+09  6.10074719e-04 
 2.32630507e+09  5.14697197e-04  2.32630507e+09  5.61889692e-04 
 2.51188643e+09  5.04465239e-04  2.51188643e+09  5.17886655e-04 
 2.71227258e+09  4.95597872e-04  2.71227258e+09  4.77633994e-04 
 2.92864456e+09  4.87924192e-04  2.92864456e+09  4.40755669e-04 
 3.16227766e+09  4.81291736e-04  3.16227766e+09  4.06922681e-04 
 3.41454887e+09  4.75565332e-04  3.41454887e+09  3.75845955e-04 
 3.68694506e+09  4.70625739e-04  3.68694506e+09  3.47270399e-04 
 3.98107171e+09  4.66368219e-04  3.98107171e+09  3.20969959e-04 
 4.29866235e+09  4.62701089e-04  4.29866235e+09  2.96743493e-04 
 4.64158883e+09  4.59544336e-04  4.64158883e+09  2.74411319e-04 
 5.01187234e+09  4.56828306e-04  5.01187234e+09  2.53812333e-04 
 5.41169527e+09  4.54492488e-04  5.41169527e+09  2.34801587e-04 
 5.84341413e+09  4.52484415e-04  5.84341413e+09  2.17248248e-04 
 6.30957344e+09  4.50758659e-04  6.30957344e+09  2.01033876e-04 
 6.81292069e+09  4.49275945e-04  6.81292069e+09  1.86050963e-04 
 7.35642254e+09  4.48002351e-04  7.35642254e+09  1.72201685e-04 
 7.94328235e+09  4.46908611e-04  7.94328235e+09  1.59396837e-04 
 8.57695899e+09  4.45969492e-04  8.57695899e+09  1.47554914e-04 
 9.26118728e+09  4.45163261e-04  9.26118728e+09  1.36601317e-04 
 1.00000000e+10  4.44471204e-04  1.00000000e+10  1.26467666e-04 
