 1.00000000e+00  1.93258186e+04  1.00000000e+00 -6.43057646e+01 
 1.07977516e+00  1.93257831e+04  1.07977516e+00 -6.94356398e+01 
 1.16591440e+00  1.93257417e+04  1.16591440e+00 -7.49747187e+01 
 1.25892541e+00  1.93256934e+04  1.25892541e+00 -8.09556369e+01 
 1.35935639e+00  1.93256372e+04  1.35935639e+00 -8.74136315e+01 
 1.46779927e+00  1.93255716e+04  1.46779927e+00 -9.43867477e+01 
 1.58489319e+00  1.93254951e+04  1.58489319e+00 -1.01916062e+02 
 1.71132830e+00  1.93254059e+04  1.71132830e+00 -1.10045925e+02 
 1.84784980e+00  1.93253020e+04  1.84784980e+00 -1.18824217e+02 
 1.99526231e+00  1.93251807e+04  1.99526231e+00 -1.28302634e+02 
 2.15443469e+00  1.93250394e+04  2.15443469e+00 -1.38536984e+02 
 2.32630507e+00  1.93248747e+04  2.32630507e+00 -1.49587519e+02 
 2.51188643e+00  1.93246826e+04  2.51188643e+00 -1.61519282e+02 
 2.71227258e+00  1.93244586e+04  2.71227258e+00 -1.74402488e+02 
 2.92864456e+00  1.93241975e+04  2.92864456e+00 -1.88312930e+02 
 3.16227766e+00  1.93238930e+04  3.16227766e+00 -2.03332421e+02 
 3.41454887e+00  1.93235381e+04  3.41454887e+00 -2.19549265e+02 
 3.68694506e+00  1.93231243e+04  3.68694506e+00 -2.37058767e+02 
 3.98107171e+00  1.93226418e+04  3.98107171e+00 -2.55963778e+02 
 4.29866235e+00  1.93220794e+04  4.29866235e+00 -2.76375285e+02 
 4.64158883e+00  1.93214237e+04  4.64158883e+00 -2.98413040e+02 
 5.01187234e+00  1.93206592e+04  5.01187234e+00 -3.22206240e+02 
 5.41169527e+00  1.93197680e+04  5.41169527e+00 -3.47894247e+02 
 5.84341413e+00  1.93187290e+04  5.84341413e+00 -3.75627365e+02 
 6.30957344e+00  1.93175177e+04  6.30957344e+00 -4.05567669e+02 
 6.81292069e+00  1.93161057e+04  6.81292069e+00 -4.37889885e+02 
 7.35642254e+00  1.93144597e+04  7.35642254e+00 -4.72782330e+02 
 7.94328235e+00  1.93125409e+04  7.94328235e+00 -5.10447903e+02 
 8.57695899e+00  1.93103043e+04  8.57695899e+00 -5.51105134e+02 
 9.26118728e+00  1.93076972e+04  9.26118728e+00 -5.94989296e+02 
 1.00000000e+01  1.93046585e+04  1.00000000e+01 -6.42353550e+02 
 1.07977516e+01  1.93011168e+04  1.07977516e+01 -6.93470159e+02 
 1.16591440e+01  1.92969891e+04  1.16591440e+01 -7.48631719e+02 
 1.25892541e+01  1.92921788e+04  1.25892541e+01 -8.08152431e+02 
 1.35935639e+01  1.92865735e+04  1.35935639e+01 -8.72369380e+02 
 1.46779927e+01  1.92800422e+04  1.46779927e+01 -9.41643800e+02 
 1.58489319e+01  1.92724329e+04  1.58489319e+01 -1.01636230e+03 
 1.71132830e+01  1.92635687e+04  1.71132830e+01 -1.09693800e+03 
 1.84784980e+01  1.92532441e+04  1.84784980e+01 -1.18381158e+03 
 1.99526231e+01  1.92412204e+04  1.99526231e+01 -1.27745207e+03 
 2.15443469e+01  1.92272208e+04  2.15443469e+01 -1.37835742e+03 
 2.32630507e+01  1.92109241e+04  2.32630507e+01 -1.48705463e+03 
 2.51188643e+01  1.91919585e+04  2.51188643e+01 -1.60409946e+03 
 2.71227258e+01  1.91698934e+04  2.71227258e+01 -1.73007538e+03 
 2.92864456e+01  1.91442314e+04  2.92864456e+01 -1.86559167e+03 
 3.16227766e+01  1.91143982e+04  3.16227766e+01 -2.01128040e+03 
 3.41454887e+01  1.90797326e+04  3.41454887e+01 -2.16779198e+03 
 3.68694506e+01  1.90394738e+04  3.68694506e+01 -2.33578891e+03 
 3.98107171e+01  1.89927494e+04  3.98107171e+01 -2.51593734e+03 
 4.29866235e+01  1.89385616e+04  4.29866235e+01 -2.70889582e+03 
 4.64158883e+01  1.88757724e+04  4.64158883e+01 -2.91530079e+03 
 5.01187234e+01  1.88030892e+04  5.01187234e+01 -3.13574813e+03 
 5.41169527e+01  1.87190504e+04  5.41169527e+01 -3.37076989e+03 
 5.84341413e+01  1.86220119e+04  5.84341413e+01 -3.62080569e+03 
 6.30957344e+01  1.85101361e+04  6.30957344e+01 -3.88616785e+03 
 6.81292069e+01  1.83813839e+04  6.81292069e+01 -4.16699972e+03 
 7.35642254e+01  1.82335133e+04  7.35642254e+01 -4.46322667e+03 
 7.94328235e+01  1.80640849e+04  7.94328235e+01 -4.77449968e+03 
 8.57695899e+01  1.78704789e+04  8.57695899e+01 -5.10013192e+03 
 9.26118728e+01  1.76499262e+04  9.26118728e+01 -5.43902965e+03 
 1.00000000e+02  1.73995569e+04  1.00000000e+02 -5.78961963e+03 
 1.07977516e+02  1.71164706e+04  1.07977516e+02 -6.14977699e+03 
 1.16591440e+02  1.67978304e+04  1.16591440e+02 -6.51675873e+03 
 1.25892541e+02  1.64409845e+04  1.25892541e+02 -6.88715039e+03 
 1.35935639e+02  1.60436133e+04  1.35935639e+02 -7.25683459e+03 
 1.46779927e+02  1.56039014e+04  1.46779927e+02 -7.62099220e+03 
 1.58489319e+02  1.51207255e+04  1.58489319e+02 -7.97414674e+03 
 1.71132830e+02  1.45938494e+04  1.71132830e+02 -8.31026208e+03 
 1.84784980e+02  1.40241082e+04  1.84784980e+02 -8.62290036e+03 
 1.99526231e+02  1.34135622e+04  1.99526231e+02 -8.90544206e+03 
 2.15443469e+02  1.27655984e+04  2.15443469e+02 -9.15136244e+03 
 2.32630507e+02  1.20849573e+04  2.32630507e+02 -9.35455008e+03 
 2.51188643e+02  1.13776686e+04  2.51188643e+02 -9.50964384e+03 
 2.71227258e+02  1.06508874e+04  2.71227258e+02 -9.61235774e+03 
 2.92864456e+02  9.91263347e+03  2.92864456e+02 -9.65975948e+03 
 3.16227766e+02  9.17145240e+03  3.16227766e+02 -9.65047035e+03 
 3.41454887e+02  8.43602580e+03  3.41454887e+02 -9.58476180e+03 
 3.68694506e+02  7.71476855e+03  3.68694506e+02 -9.46453631e+03 
 3.98107171e+02  7.01545182e+03  3.98107171e+02 -9.29319498e+03 
 4.29866235e+02  6.34488699e+03  4.29866235e+02 -9.07540877e+03 
 4.64158883e+02  5.70869566e+03  4.64158883e+02 -8.81682101e+03 
 5.01187234e+02  5.11117838e+03  5.01187234e+02 -8.52371495e+03 
 5.41169527e+02  4.55528155e+03  5.41169527e+02 -8.20267969e+03 
 5.84341413e+02  4.04265089e+03  5.84341413e+02 -7.86030324e+03 
 6.30957344e+02  3.57375247e+03  6.30957344e+02 -7.50291340e+03 
 6.81292069e+02  3.14803910e+03  6.81292069e+02 -7.13637776e+03 
 7.35642254e+02  2.76413994e+03  7.35642254e+02 -6.76596593e+03 
 7.94328235e+02  2.42005462e+03  7.94328235e+02 -6.39627028e+03 
 8.57695899e+02  2.11333724e+03  8.57695899e+02 -6.03117677e+03 
 9.26118728e+02  1.84126051e+03  9.26118728e+02 -5.67387570e+03 
 1.00000000e+03  1.60095485e+03  1.00000000e+03 -5.32690139e+03 
 1.07977516e+03  1.38952059e+03  1.07977516e+03 -4.99219071e+03 
 1.16591440e+03  1.20411420e+03  1.16591440e+03 -4.67115214e+03 
 1.25892541e+03  1.04201093e+03  1.25892541e+03 -4.36473857e+03 
 1.35935639e+03  9.00647358e+02  1.35935639e+03 -4.07351907e+03 
 1.46779927e+03  7.77647325e+02  1.46779927e+03 -3.79774632e+03 
 1.58489319e+03  6.70834884e+02  1.58489319e+03 -3.53741788e+03 
 1.71132830e+03  5.78237383e+02  1.71132830e+03 -3.29233015e+03 
 1.84784980e+03  4.98081426e+02  1.84784980e+03 -3.06212495e+03 
 1.99526231e+03  4.28783934e+02  1.99526231e+03 -2.84632895e+03 
 2.15443469e+03  3.68940085e+02  2.15443469e+03 -2.64438637e+03 
 2.32630507e+03  3.17309479e+02  2.32630507e+03 -2.45568577e+03 
 2.51188643e+03  2.72801543e+02  2.51188643e+03 -2.27958164e+03 
 2.71227258e+03  2.34460889e+02  2.71227258e+03 -2.11541153e+03 
 2.92864456e+03  2.01453124e+02  2.92864456e+03 -1.96250940e+03 
 3.16227766e+03  1.73051436e+02  3.16227766e+03 -1.82021589e+03 
 3.41454887e+03  1.48624133e+02  3.41454887e+03 -1.68788599e+03 
 3.68694506e+03  1.27623243e+02  3.68694506e+03 -1.56489465e+03 
 3.98107171e+03  1.09574187e+02  3.98107171e+03 -1.45064077e+03 
 4.29866235e+03  9.40665285e+01  4.29866235e+03 -1.34454977e+03 
 4.64158883e+03  8.07457190e+01  4.64158883e+03 -1.24607522e+03 
 5.01187234e+03  6.93058057e+01  5.01187234e+03 -1.15469959e+03 
 5.41169527e+03  5.94829984e+01  5.41169527e+03 -1.06993442e+03 
 5.84341413e+03  5.10500298e+01  5.84341413e+03 -9.91320029e+02 
 6.30957344e+03  4.38112238e+01  6.30957344e+03 -9.18424850e+02 
 6.81292069e+03  3.75981967e+01  6.81292069e+03 -8.50844538e+02 
 7.35642254e+03  3.22661181e+01  7.35642254e+03 -7.88200910e+02 
 7.94328235e+03  2.76904670e+01  7.94328235e+03 -7.30140762e+02 
 8.57695899e+03  2.37642205e+01  8.57695899e+03 -6.76334628e+02 
 9.26118728e+03  2.03954220e+01  9.26118728e+03 -6.26475508e+02 
 1.00000000e+04  1.75050804e+01  1.00000000e+04 -5.80277590e+02 
 1.07977516e+04  1.50253566e+01  1.07977516e+04 -5.37474988e+02 
 1.16591440e+04  1.28980003e+01  1.16591440e+04 -4.97820518e+02 
 1.25892541e+04  1.10730020e+01  1.25892541e+04 -4.61084503e+02 
 1.35935639e+04  9.50743360e+00  1.35935639e+04 -4.27053641e+02 
 1.46779927e+04  8.16444980e+00  1.46779927e+04 -3.95529910e+02 
 1.58489319e+04  7.01242930e+00  1.58489319e+04 -3.66329543e+02 
 1.71132830e+04  6.02423653e+00  1.71132830e+04 -3.39282048e+02 
 1.84784980e+04  5.17658707e+00  1.84784980e+04 -3.14229292e+02 
 1.99526231e+04  4.44950230e+00  1.99526231e+04 -2.91024636e+02 
 2.15443469e+04  3.82584103e+00  2.15443469e+04 -2.69532121e+02 
 2.32630507e+04  3.29089717e+00  2.32630507e+04 -2.49625716e+02 
 2.51188643e+04  2.83205436e+00  2.51188643e+04 -2.31188605e+02 
 2.71227258e+04  2.43848931e+00  2.71227258e+04 -2.14112527e+02 
 2.92864456e+04  2.10091732e+00  2.92864456e+04 -1.98297161e+02 
 3.16227766e+04  1.81137369e+00  3.16227766e+04 -1.83649548e+02 
 3.41454887e+04  1.56302627e+00  3.41454887e+04 -1.70083560e+02 
 3.68694506e+04  1.35001447e+00  3.68694506e+04 -1.57519401e+02 
 3.98107171e+04  1.16731120e+00  3.98107171e+04 -1.45883150e+02 
 4.29866235e+04  1.01060440e+00  4.29866235e+04 -1.35106323e+02 
 4.64158883e+04  8.76195352e-01  4.64158883e+04 -1.25125486e+02 
 5.01187234e+04  7.60911493e-01  5.01187234e+04 -1.15881877e+02 
 5.41169527e+04  6.62031576e-01  5.41169527e+04 -1.07321065e+02 
 5.84341413e+04  5.77221488e-01  5.84341413e+04 -9.93926354e+01 
 6.30957344e+04  5.04479186e-01  6.30957344e+04 -9.20498903e+01 
 6.81292069e+04  4.42087456e-01  6.81292069e+04 -8.52495783e+01 
 7.35642254e+04  3.88573399e-01  7.35642254e+04 -7.89516394e+01 
 7.94328235e+04  3.42673669e-01  7.94328235e+04 -7.31189704e+01 
 8.57695899e+04  3.03304663e-01  8.57695899e+04 -6.77172070e+01 
 9.26118728e+04  2.69536940e-01  9.26118728e+04 -6.27145221e+01 
 1.00000000e+05  2.40573291e-01  1.00000000e+05 -5.80814384e+01 
 1.07977516e+05  2.15729914e-01  1.07977516e+05 -5.37906554e+01 
 1.16591440e+05  1.94420281e-01  1.16591440e+05 -4.98168889e+01 
 1.25892541e+05  1.76141287e-01  1.25892541e+05 -4.61367220e+01 
 1.35935639e+05  1.60461376e-01  1.35935639e+05 -4.27284674e+01 
 1.46779927e+05  1.47010352e-01  1.46779927e+05 -3.95720398e+01 
 1.58489319e+05  1.35470643e-01  1.58489319e+05 -3.66488374e+01 
 1.71132830e+05  1.25569799e-01  1.71132830e+05 -3.39416330e+01 
 1.84784980e+05  1.17074066e-01  1.84784980e+05 -3.14344718e+01 
 1.99526231e+05  1.09782860e-01  1.99526231e+05 -2.91125778e+01 
 2.15443469e+05  1.03524040e-01  2.15443469e+05 -2.69622669e+01 
 2.32630507e+05  9.81498377e-02  2.32630507e+05 -2.49708659e+01 
 2.51188643e+05  9.35333726e-02  2.51188643e+05 -2.31266382e+01 
 2.71227258e+05  8.95656552e-02  2.71227258e+05 -2.14187144e+01 
 2.92864456e+05  8.61530153e-02  2.92864456e+05 -1.98370285e+01 
 3.16227766e+05  8.32148907e-02  3.16227766e+05 -1.83722584e+01 
 3.41454887e+05  8.06819264e-02  3.41454887e+05 -1.70157707e+01 
 3.68694506e+05  7.84943383e-02  3.68694506e+05 -1.57595707e+01 
 3.98107171e+05  7.66005040e-02  3.98107171e+05 -1.45962542e+01 
 4.29866235e+05  7.49557461e-02  4.29866235e+05 -1.35189646e+01 
 4.64158883e+05  7.35212808e-02  4.64158883e+05 -1.25213522e+01 
 5.01187234e+05  7.22633070e-02  5.01187234e+05 -1.15975368e+01 
 5.41169527e+05  7.11522142e-02  5.41169527e+05 -1.07420730e+01 
 5.84341413e+05  7.01618920e-02  5.84341413e+05 -9.94991814e+00 
 6.30957344e+05  6.92691247e-02  6.30957344e+05 -9.21640242e+00 
 6.81292069e+05  6.84530582e-02  6.81292069e+05 -8.53720151e+00 
 7.35642254e+05  6.76947282e-02  7.35642254e+05 -7.90831089e+00 
 7.94328235e+05  6.69766393e-02  7.94328235e+05 -7.32602222e+00 
 8.57695899e+05  6.62823884e-02  8.57695899e+05 -6.78690139e+00 
 9.26118728e+05  6.55963258e-02  9.26118728e+05 -6.28776818e+00 
 1.00000000e+06  6.49032498e-02  1.00000000e+06 -5.82567740e+00 
 1.07977516e+06  6.41881327e-02  1.07977516e+06 -5.39790140e+00 
 1.16591440e+06  6.34358779e-02  1.16591440e+06 -5.00191378e+00 
 1.25892541e+06  6.26311098e-02  1.25892541e+06 -4.63537434e+00 
 1.35935639e+06  6.17580016e-02  1.35935639e+06 -4.29611501e+00 
 1.46779927e+06  6.08001474e-02  1.46779927e+06 -3.98212681e+00 
 1.58489319e+06  5.97404907e-02  1.58489319e+06 -3.69154769e+00 
 1.71132830e+06  5.85613218e-02  1.71132830e+06 -3.42265120e+00 
 1.84784980e+06  5.72443614e-02  1.84784980e+06 -3.17383596e+00 
 1.99526231e+06  5.57709488e-02  1.99526231e+06 -2.94361580e+00 
 2.15443469e+06  5.41223563e-02  2.15443469e+06 -2.73061067e+00 
 2.32630507e+06  5.22802468e-02  2.32630507e+06 -2.53353811e+00 
 2.51188643e+06  5.02272894e-02  2.51188643e+06 -2.35120545e+00 
 2.71227258e+06  4.79479382e-02  2.71227258e+06 -2.18250267e+00 
 2.92864456e+06  4.54293639e-02  2.92864456e+06 -2.02639589e+00 
 3.16227766e+06  4.26625074e-02  3.16227766e+06 -1.88192160e+00 
 3.41454887e+06  3.96432012e-02  3.41454887e+06 -1.74818160e+00 
 3.68694506e+06  3.63732720e-02  3.68694506e+06 -1.62433871e+00 
 3.98107171e+06  3.28615168e-02  3.98107171e+06 -1.50961322e+00 
 4.29866235e+06  2.91244217e-02  4.29866235e+06 -1.40327998e+00 
 4.64158883e+06  2.51864941e-02  4.64158883e+06 -1.30466619e+00 
 5.01187234e+06  2.10800925e-02  5.01187234e+06 -1.21314958e+00 
 5.41169527e+06  1.68446840e-02  5.41169527e+06 -1.12815694e+00 
 5.84341413e+06  1.25255215e-02  5.84341413e+06 -1.04916262e+00 
 6.30957344e+06  8.17180959e-03  6.30957344e+06 -9.75686940e-01 
 6.81292069e+06  3.83450462e-03  6.81292069e+06 -9.07294275e-01 
 7.35642254e+06 -4.36049656e-04  7.35642254e+06 -8.43590619e-01 
 7.94328235e+06 -4.59242020e-03  7.94328235e+06 -7.84220703e-01 
 8.57695899e+06 -8.59209819e-03  8.57695899e+06 -7.28864663e-01 
 9.26118728e+06 -1.23990543e-02  9.26118728e+06 -6.77234391e-01 
 1.00000000e+07 -1.59847317e-02  1.00000000e+07 -6.29069758e-01 
 1.07977516e+07 -1.93284520e-02  1.07977516e+07 -5.84134893e-01 
 1.16591440e+07 -2.24172773e-02  1.16591440e+07 -5.42214690e-01 
 1.25892541e+07 -2.52454283e-02  1.25892541e+07 -5.03111671e-01 
 1.35935639e+07 -2.78133832e-02  1.35935639e+07 -4.66643289e-01 
 1.46779927e+07 -3.01267890e-02  1.46779927e+07 -4.32639702e-01 
 1.58489319e+07 -3.21953055e-02  1.58489319e+07 -4.00941994e-01 
 1.71132830e+07 -3.40314760e-02  1.71132830e+07 -3.71400798e-01 
 1.84784980e+07 -3.56496940e-02  1.84784980e+07 -3.43875264e-01 
 1.99526231e+07 -3.70653048e-02  1.99526231e+07 -3.18232302e-01 
 2.15443469e+07 -3.82938602e-02  2.15443469e+07 -2.94346018e-01 
 2.32630507e+07 -3.93505264e-02  2.32630507e+07 -2.72097310e-01 
 2.51188643e+07 -4.02496324e-02  2.51188643e+07 -2.51373554e-01 
 2.71227258e+07 -4.10043425e-02  2.71227258e+07 -2.32068364e-01 
 2.92864456e+07 -4.16264303e-02  2.92864456e+07 -2.14081383e-01 
 3.16227766e+07 -4.21261345e-02  3.16227766e+07 -1.97318101e-01 
 3.41454887e+07 -4.25120775e-02  3.41454887e+07 -1.81689682e-01 
 3.68694506e+07 -4.27912302e-02  3.68694506e+07 -1.67112808e-01 
 3.98107171e+07 -4.29689113e-02  3.98107171e+07 -1.53509529e-01 
 4.29866235e+07 -4.30488126e-02  4.29866235e+07 -1.40807118e-01 
 4.64158883e+07 -4.30330433e-02  4.64158883e+07 -1.28937953e-01 
 5.01187234e+07 -4.29221931e-02  5.01187234e+07 -1.17839410e-01 
 5.41169527e+07 -4.27154148e-02  5.41169527e+07 -1.07453785e-01 
 5.84341413e+07 -4.24105304e-02  5.84341413e+07 -9.77282359e-02 
 6.30957344e+07 -4.20041689e-02  6.30957344e+07 -8.86147601e-02 
 6.81292069e+07 -4.14919448e-02  6.81292069e+07 -8.00701899e-02 
 7.35642254e+07 -4.08686897e-02  7.35642254e+07 -7.20562129e-02 
 7.94328235e+07 -4.01287489e-02  7.94328235e+07 -6.45393988e-02 
 8.57695899e+07 -3.92663565e-02  8.57695899e+07 -5.74912189e-02 
 9.26118728e+07 -3.82760962e-02  9.26118728e+07 -5.08880328e-02 
 1.00000000e+08 -3.71534535e-02  1.00000000e+08 -4.47110113e-02 
 1.07977516e+08 -3.58954502e-02  1.07977516e+08 -3.89459576e-02 
 1.16591440e+08 -3.45013437e-02  1.16591440e+08 -3.35829845e-02 
 1.25892541e+08 -3.29733518e-02  1.25892541e+08 -2.86160060e-02 
 1.35935639e+08 -3.13173450e-02  1.35935639e+08 -2.40420119e-02 
 1.46779927e+08 -2.95434306e-02  1.46779927e+08 -1.98601087e-02 
 1.58489319e+08 -2.76663359e-02  1.58489319e+08 -1.60703392e-02 
 1.71132830e+08 -2.57054969e-02  1.71132830e+08 -1.26723321e-02 
 1.84784980e+08 -2.36847713e-02  1.84784980e+08 -9.66387073e-03 
 1.99526231e+08 -2.16317255e-02  1.99526231e+08 -7.03951274e-03 
 2.15443469e+08 -1.95765009e-02  2.15443469e+08 -4.78941374e-03 
 2.32630507e+08 -1.75503249e-02  2.32630507e+08 -2.89851219e-03 
 2.51188643e+08 -1.55838009e-02  2.51188643e+08 -1.34620254e-03 
 2.71227258e+08 -1.37051583e-02  2.71227258e+08 -1.06566278e-04 
 2.92864456e+08 -1.19386685e-02  2.92864456e+08  8.50848334e-04 
 3.16227766e+08 -1.03034115e-02  3.16227766e+08  1.55979010e-03 
 3.41454887e+08 -8.81253068e-03  3.41454887e+08  2.05577260e-03 
 3.68694506e+08 -7.47303097e-03  3.68694506e+08  2.37444384e-03 
 3.98107171e+08 -6.28609616e-03  3.98107171e+08  2.55005488e-03 
 4.29866235e+08 -5.24782726e-03  4.29866235e+08  2.61418876e-03 
 4.64158883e+08 -4.35026026e-03  4.64158883e+08  2.59485107e-03 
 5.01187234e+08 -3.58250755e-03  5.01187234e+08  2.51595695e-03 
 5.41169527e+08 -2.93188303e-03  5.41169527e+08  2.39718922e-03 
 5.84341413e+08 -2.38490446e-03  5.84341413e+08  2.25416093e-03 
 6.30957344e+08 -1.92810902e-03  6.30957344e+08  2.09879442e-03 
 6.81292069e+08 -1.54865746e-03  6.81292069e+08  1.93982718e-03 
 7.35642254e+08 -1.23473406e-03  7.35642254e+08  1.78336633e-03 
 7.94328235e+08 -9.75769367e-04  7.94328235e+08  1.63343245e-03 
 8.57695899e+08 -7.62523106e-04  8.57695899e+08  1.49245354e-03 
 9.26118728e+08 -5.87065851e-04  9.26118728e+08  1.36168823e-03 
 1.00000000e+09 -4.42694580e-04  1.00000000e+09  1.24157144e-03 
 1.07977516e+09 -3.23810693e-04  1.07977516e+09  1.13198506e-03 
 1.16591440e+09 -2.25781972e-04  1.16591440e+09  1.03246223e-03 
 1.25892541e+09 -1.44803257e-04  1.25892541e+09  9.42335715e-04 
 1.35935639e+09 -7.77651467e-05  1.35935639e+09  8.60841993e-04 
 1.46779927e+09 -2.21357922e-05  1.46779927e+09  7.87191004e-04 
 1.58489319e+09  2.41420919e-05  1.58489319e+09  7.20610687e-04 
 1.71132830e+09  6.27387986e-05  1.71132830e+09  6.60373359e-04 
 1.84784980e+09  9.50107482e-05  1.84784980e+09  6.05809560e-04 
 1.99526231e+09  1.22060699e-04  1.99526231e+09  5.56313525e-04 
 2.15443469e+09  1.44786820e-04  2.15443469e+09  5.11343346e-04 
 2.32630507e+09  1.63922379e-04  2.32630507e+09  4.70417945e-04 
 2.51188643e+09  1.80067680e-04  2.51188643e+09  4.33112324e-04 
 2.71227258e+09  1.93715670e-04  2.71227258e+09  3.99052062e-04 
 2.92864456e+09  2.05272433e-04  2.92864456e+09  3.67907658e-04 
 3.16227766e+09  2.15073589e-04  3.16227766e+09  3.39389092e-04 
 3.41454887e+09  2.23397424e-04  3.41454887e+09  3.13240798e-04 
 3.68694506e+09  2.30475410e-04  3.68694506e+09  2.89237140e-04 
 3.98107171e+09  2.36500671e-04  3.98107171e+09  2.67178424e-04 
 4.29866235e+09  2.41634796e-04  4.29866235e+09  2.46887414e-04 
 4.64158883e+09  2.46013350e-04  4.64158883e+09  2.28206329e-04 
 5.01187234e+09  2.49750351e-04  5.01187234e+09  2.10994263e-04 
 5.41169527e+09  2.52941910e-04  5.41169527e+09  1.95124979e-04 
 5.84341413e+09  2.55669212e-04  5.84341413e+09  1.80485031e-04 
 6.30957344e+09  2.58000962e-04  6.30957344e+09  1.66972162e-04 
 6.81292069e+09  2.59995398e-04  6.81292069e+09  1.54493934e-04 
 7.35642254e+09  2.61701965e-04  7.35642254e+09  1.42966569e-04 
 7.94328235e+09  2.63162690e-04  7.94328235e+09  1.32313946e-04 
 8.57695899e+09  2.64413345e-04  8.57695899e+09  1.22466751e-04 
 9.26118728e+09  2.65484402e-04  9.26118728e+09  1.13361732e-04 
 1.00000000e+10  2.66401848e-04  1.00000000e+10  1.04941072e-04 
