 1.00000000e+00  2.90237256e+04  1.00000000e+00 -7.20240560e+01 
 1.07977516e+00  2.90236960e+04  1.07977516e+00 -7.77697073e+01 
 1.16591440e+00  2.90236614e+04  1.16591440e+00 -8.39736983e+01 
 1.25892541e+00  2.90236211e+04  1.25892541e+00 -9.06725878e+01 
 1.35935639e+00  2.90235741e+04  1.35935639e+00 -9.79058497e+01 
 1.46779927e+00  2.90235193e+04  1.46779927e+00 -1.05716105e+02 
 1.58489319e+00  2.90234554e+04  1.58489319e+00 -1.14149373e+02 
 1.71132830e+00  2.90233809e+04  1.71132830e+00 -1.23255342e+02 
 1.84784980e+00  2.90232941e+04  1.84784980e+00 -1.33087659e+02 
 1.99526231e+00  2.90231929e+04  1.99526231e+00 -1.43704247e+02 
 2.15443469e+00  2.90230748e+04  2.15443469e+00 -1.55167645e+02 
 2.32630507e+00  2.90229372e+04  2.32630507e+00 -1.67545375e+02 
 2.51188643e+00  2.90227767e+04  2.51188643e+00 -1.80910334e+02 
 2.71227258e+00  2.90225896e+04  2.71227258e+00 -1.95341226e+02 
 2.92864456e+00  2.90223715e+04  2.92864456e+00 -2.10923019e+02 
 3.16227766e+00  2.90221172e+04  3.16227766e+00 -2.27747441e+02 
 3.41454887e+00  2.90218207e+04  3.41454887e+00 -2.45913518e+02 
 3.68694506e+00  2.90214750e+04  3.68694506e+00 -2.65528146e+02 
 3.98107171e+00  2.90210720e+04  3.98107171e+00 -2.86706715e+02 
 4.29866235e+00  2.90206021e+04  4.29866235e+00 -3.09573778e+02 
 4.64158883e+00  2.90200542e+04  4.64158883e+00 -3.34263766e+02 
 5.01187234e+00  2.90194156e+04  5.01187234e+00 -3.60921769e+02 
 5.41169527e+00  2.90186709e+04  5.41169527e+00 -3.89704362e+02 
 5.84341413e+00  2.90178028e+04  5.84341413e+00 -4.20780502e+02 
 6.30957344e+00  2.90167907e+04  6.30957344e+00 -4.54332488e+02 
 6.81292069e+00  2.90156108e+04  6.81292069e+00 -4.90556988e+02 
 7.35642254e+00  2.90142352e+04  7.35642254e+00 -5.29666140e+02 
 7.94328235e+00  2.90126316e+04  7.94328235e+00 -5.71888733e+02 
 8.57695899e+00  2.90107621e+04  8.57695899e+00 -6.17471459e+02 
 9.26118728e+00  2.90085828e+04  9.26118728e+00 -6.66680260e+02 
 1.00000000e+01  2.90060423e+04  1.00000000e+01 -7.19801742e+02 
 1.07977516e+01  2.90030808e+04  1.07977516e+01 -7.77144691e+02 
 1.16591440e+01  2.89996288e+04  1.16591440e+01 -8.39041659e+02 
 1.25892541e+01  2.89956050e+04  1.25892541e+01 -9.05850639e+02 
 1.35935639e+01  2.89909151e+04  1.35935639e+01 -9.77956816e+02 
 1.46779927e+01  2.89854490e+04  1.46779927e+01 -1.05577438e+03 
 1.58489319e+01  2.89790785e+04  1.58489319e+01 -1.13974841e+03 
 1.71132830e+01  2.89716547e+04  1.71132830e+01 -1.23035675e+03 
 1.84784980e+01  2.89630039e+04  1.84784980e+01 -1.32811198e+03 
 1.99526231e+01  2.89529243e+04  1.99526231e+01 -1.43356326e+03 
 2.15443469e+01  2.89411813e+04  2.15443469e+01 -1.54729818e+03 
 2.32630507e+01  2.89275019e+04  2.32630507e+01 -1.66994446e+03 
 2.51188643e+01  2.89115692e+04  2.51188643e+01 -1.80217142e+03 
 2.71227258e+01  2.88930153e+04  2.71227258e+01 -1.94469115e+03 
 2.92864456e+01  2.88714130e+04  2.92864456e+01 -2.09825925e+03 
 3.16227766e+01  2.88462673e+04  3.16227766e+01 -2.26367497e+03 
 3.41454887e+01  2.88170048e+04  3.41454887e+01 -2.44178051e+03 
 3.68694506e+01  2.87829622e+04  3.68694506e+01 -2.63345929e+03 
 3.98107171e+01  2.87433728e+04  3.98107171e+01 -2.83963284e+03 
 4.29866235e+01  2.86973522e+04  4.29866235e+01 -3.06125587e+03 
 4.64158883e+01  2.86438819e+04  4.64158883e+01 -3.29930922e+03 
 5.01187234e+01  2.85817911e+04  5.01187234e+01 -3.55478985e+03 
 5.41169527e+01  2.85097376e+04  5.41169527e+01 -3.82869751e+03 
 5.84341413e+01  2.84261868e+04  5.84341413e+01 -4.12201709e+03 
 6.30957344e+01  2.83293898e+04  6.30957344e+01 -4.43569579e+03 
 6.81292069e+01  2.82173620e+04  6.81292069e+01 -4.77061419e+03 
 7.35642254e+01  2.80878606e+04  7.35642254e+01 -5.12755000e+03 
 7.94328235e+01  2.79383660e+04  7.94328235e+01 -5.50713350e+03 
 8.57695899e+01  2.77660649e+04  8.57695899e+01 -5.90979344e+03 
 9.26118728e+01  2.75678408e+04  9.26118728e+01 -6.33569247e+03 
 1.00000000e+02  2.73402725e+04  1.00000000e+02 -6.78465160e+03 
 1.07977516e+02  2.70796459e+04  1.07977516e+02 -7.25606353e+03 
 1.16591440e+02  2.67819826e+04  1.16591440e+02 -7.74879567e+03 
 1.25892541e+02  2.64430905e+04  1.25892541e+02 -8.26108513e+03 
 1.35935639e+02  2.60586428e+04  1.35935639e+02 -8.79042940e+03 
 1.46779927e+02  2.56242889e+04  1.46779927e+02 -9.33347878e+03 
 1.58489319e+02  2.51358035e+04  1.58489319e+02 -9.88593919e+03 
 1.71132830e+02  2.45892756e+04  1.71132830e+02 -1.04424969e+04 
 1.84784980e+02  2.39813367e+04  1.84784980e+02 -1.09967786e+04 
 1.99526231e+02  2.33094242e+04  1.99526231e+02 -1.15413642e+04 
 2.15443469e+02  2.25720674e+04  2.15443469e+02 -1.20678656e+04 
 2.32630507e+02  2.17691788e+04  2.32630507e+02 -1.25670903e+04 
 2.51188643e+02  2.09023253e+04  2.51188643e+02 -1.30292943e+04 
 2.71227258e+02  1.99749477e+04  2.71227258e+02 -1.34445289e+04 
 2.92864456e+02  1.89924957e+04  2.92864456e+02 -1.38030693e+04 
 3.16227766e+02  1.79624450e+04  3.16227766e+02 -1.40959010e+04 
 3.41454887e+02  1.68941748e+04  3.41454887e+02 -1.43152257e+04 
 3.68694506e+02  1.57986944e+04  3.68694506e+02 -1.44549410e+04 
 3.98107171e+02  1.46882292e+04  3.98107171e+02 -1.45110409e+04 
 4.29866235e+02  1.35756935e+04  4.29866235e+02 -1.44818908e+04 
 4.64158883e+02  1.24740984e+04  4.64158883e+02 -1.43683419e+04 
 5.01187234e+02  1.13959486e+04  5.01187234e+02 -1.41736716e+04 
 5.41169527e+02  1.03526897e+04  5.41169527e+02 -1.39033563e+04 
 5.84341413e+02  9.35425392e+03  5.84341413e+02 -1.35647061e+04 
 6.30957344e+02  8.40874053e+03  6.30957344e+02 -1.31664048e+04 
 6.81292069e+02  7.52224543e+03  6.81292069e+02 -1.27180067e+04 
 7.35642254e+02  6.69883630e+03  7.35642254e+02 -1.22294391e+04 
 7.94328235e+02  5.94065335e+03  7.94328235e+02 -1.17105526e+04 
 8.57695899e+02  5.24810568e+03  8.57695899e+02 -1.11707465e+04 
 9.26118728e+02  4.62012969e+03  9.26118728e+02 -1.06186854e+04 
 1.00000000e+03  4.05447703e+03  1.00000000e+03 -1.00621085e+04 
 1.07977516e+03  3.54800474e+03  1.07977516e+03 -9.50772494e+03 
 1.16591440e+03  3.09694715e+03  1.16591440e+03 -8.96118200e+03 
 1.25892541e+03  2.69715614e+03  1.25892541e+03 -8.42709002e+03 
 1.35935639e+03  2.34430287e+03  1.35935639e+03 -7.90908819e+03 
 1.46779927e+03  2.03403917e+03  1.46779927e+03 -7.40993608e+03 
 1.58489319e+03  1.76212037e+03  1.58489319e+03 -6.93161902e+03 
 1.71132830e+03  1.52449367e+03  1.71132830e+03 -6.47545763e+03 
 1.84784980e+03  1.31735713e+03  1.84784980e+03 -6.04221470e+03 
 1.99526231e+03  1.13719483e+03  1.99526231e+03 -5.63219503e+03 
 2.15443469e+03  9.80793280e+02  2.15443469e+03 -5.24533549e+03 
 2.32630507e+03  8.45243926e+02  2.32630507e+03 -4.88128413e+03 
 2.51188643e+03  7.27935513e+02  2.51188643e+03 -4.53946821e+03 
 2.71227258e+03  6.26539661e+02  2.71227258e+03 -4.21915146e+03 
 2.92864456e+03  5.38992142e+02  2.92864456e+03 -3.91948159e+03 
 3.16227766e+03  4.63471806e+02  3.16227766e+03 -3.63952904e+03 
 3.41454887e+03  3.98378574e+02  3.41454887e+03 -3.37831815e+03 
 3.68694506e+03  3.42311531e+02  3.68694506e+03 -3.13485174e+03 
 3.98107171e+03  2.94047791e+02  3.98107171e+03 -2.90813032e+03 
 4.29866235e+03  2.52522588e+02  4.29866235e+03 -2.69716671e+03 
 4.64158883e+03  2.16810843e+02  4.64158883e+03 -2.50099705e+03 
 5.01187234e+03  1.86110323e+02  5.01187234e+03 -2.31868865e+03 
 5.41169527e+03  1.59726434e+02  5.41169527e+03 -2.14934563e+03 
 5.84341413e+03  1.37058589e+02  5.84341413e+03 -1.99211246e+03 
 6.30957344e+03  1.17588088e+02  6.30957344e+03 -1.84617618e+03 
 6.81292069e+03  1.00867397e+02  6.81292069e+03 -1.71076733e+03 
 7.35642254e+03  8.65107107e+01  7.35642254e+03 -1.58516010e+03 
 7.94328235e+03  7.41856800e+01  7.94328235e+03 -1.46867171e+03 
 8.57695899e+03  6.36061845e+01  8.57695899e+03 -1.36066142e+03 
 9.26118728e+03  5.45260325e+01  9.26118728e+03 -1.26052911e+03 
 1.00000000e+04  4.67334859e+01  1.00000000e+04 -1.16771362e+03 
 1.07977516e+04  4.00465101e+01  1.07977516e+04 -1.08169099e+03 
 1.16591440e+04  3.43086591e+01  1.16591440e+04 -1.00197258e+03 
 1.25892541e+04  2.93855177e+01  1.25892541e+04 -9.28103132e+02 
 1.35935639e+04  2.51616271e+01  1.35935639e+04 -8.59658881e+02 
 1.46779927e+04  2.15378330e+01  1.46779927e+04 -7.96245650e+02 
 1.58489319e+04  1.84289980e+01  1.58489319e+04 -7.37497023e+02 
 1.71132830e+04  1.57620320e+01  1.71132830e+04 -6.83072572e+02 
 1.84784980e+04  1.34741954e+01  1.84784980e+04 -6.32656158e+02 
 1.99526231e+04  1.15116399e+01  1.99526231e+04 -5.85954314e+02 
 2.15443469e+04  9.82815252e+00  2.15443469e+04 -5.42694710e+02 
 2.32630507e+04  8.38407666e+00  2.32630507e+04 -5.02624704e+02 
 2.51188643e+04  7.14538420e+00  2.51188643e+04 -4.65509974e+02 
 2.71227258e+04  6.08287852e+00  2.71227258e+04 -4.31133237e+02 
 2.92864456e+04  5.17150979e+00  2.92864456e+04 -3.99293048e+02 
 3.16227766e+04  4.38978698e+00  3.16227766e+04 -3.69802668e+02 
 3.41454887e+04  3.71927301e+00  3.41454887e+04 -3.42489022e+02 
 3.68694506e+04  3.14415127e+00  3.68694506e+04 -3.17191711e+02 
 3.98107171e+04  2.65085360e+00  3.98107171e+04 -2.93762098e+02 
 4.29866235e+04  2.22774090e+00  4.29866235e+04 -2.72062462e+02 
 4.64158883e+04  1.86482909e+00  4.64158883e+04 -2.51965200e+02 
 5.01187234e+04  1.55355395e+00  5.01187234e+04 -2.33352094e+02 
 5.41169527e+04  1.28656930e+00  5.41169527e+04 -2.16113626e+02 
 5.84341413e+04  1.05757383e+00  5.84341413e+04 -2.00148340e+02 
 6.30957344e+04  8.61162582e-01  6.30957344e+04 -1.85362255e+02 
 6.81292069e+04  6.92699456e-01  6.81292069e+04 -1.71668317e+02 
 7.35642254e+04  5.48207902e-01  7.35642254e+04 -1.58985890e+02 
 7.94328235e+04  4.24277102e-01  7.94328235e+04 -1.47240281e+02 
 8.57695899e+04  3.17981507e-01  8.57695899e+04 -1.36362311e+02 
 9.26118728e+04  2.26811806e-01  9.26118728e+04 -1.26287904e+02 
 1.00000000e+05  1.48615725e-01  1.00000000e+05 -1.16957710e+02 
 1.07977516e+05  8.15472253e-02  1.07977516e+05 -1.08316762e+02 
 1.16591440e+05  2.40229449e-02  1.16591440e+05 -1.00314149e+02 
 1.25892541e+05 -2.53151756e-02  1.25892541e+05 -9.29027211e+01 
 1.35935639e+05 -6.76319460e-02  1.35935639e+05 -8.60388060e+01 
 1.46779927e+05 -1.03926420e-01  1.46779927e+05 -7.96819585e+01 
 1.58489319e+05 -1.35055480e-01  1.58489319e+05 -7.37947193e+01 
 1.71132830e+05 -1.61754059e-01  1.71132830e+05 -6.83423954e+01 
 1.84784980e+05 -1.84652498e-01  1.84784980e+05 -6.32928562e+01 
 1.99526231e+05 -2.04291418e-01  1.99526231e+05 -5.86163440e+01 
 2.15443469e+05 -2.21134488e-01  2.15443469e+05 -5.42852987e+01 
 2.32630507e+05 -2.35579368e-01  2.32630507e+05 -5.02741961e+01 
 2.51188643e+05 -2.47967100e-01  2.51188643e+05 -4.65593969e+01 
 2.71227258e+05 -2.58590157e-01  2.71227258e+05 -4.31190080e+01 
 2.92864456e+05 -2.67699350e-01  2.92864456e+05 -3.99327534e+01 
 3.16227766e+05 -2.75509746e-01  3.16227766e+05 -3.69818546e+01 
 3.41454887e+05 -2.82205749e-01  3.41454887e+05 -3.42489199e+01 
 3.68694506e+05 -2.87945454e-01  3.68694506e+05 -3.17178424e+01 
 3.98107171e+05 -2.92864376e-01  3.98107171e+05 -2.93737047e+01 
 4.29866235e+05 -2.97078652e-01  4.29866235e+05 -2.72026911e+01 
 4.64158883e+05 -3.00687783e-01  4.64158883e+05 -2.51920061e+01 
 5.01187234e+05 -3.03776982e-01  5.01187234e+05 -2.33297993e+01 
 5.41169527e+05 -3.06419189e-01  5.41169527e+05 -2.16050953e+01 
 5.84341413e+05 -3.08676788e-01  5.84341413e+05 -2.00077290e+01 
 6.30957344e+05 -3.10603086e-01  6.30957344e+05 -1.85282860e+01 
 6.81292069e+05 -3.12243568e-01  6.81292069e+05 -1.71580466e+01 
 7.35642254e+05 -3.13636972e-01  7.35642254e+05 -1.58889351e+01 
 7.94328235e+05 -3.14816206e-01  7.94328235e+05 -1.47134717e+01 
 8.57695899e+05 -3.15809124e-01  8.57695899e+05 -1.36247284e+01 
 9.26118728e+05 -3.16639186e-01  9.26118728e+05 -1.26162886e+01 
 1.00000000e+06 -3.17326010e-01  1.00000000e+06 -1.16822090e+01 
 1.07977516e+06 -3.17885845e-01  1.07977516e+06 -1.08169845e+01 
 1.16591440e+06 -3.18331947e-01  1.16591440e+06 -1.00155159e+01 
 1.25892541e+06 -3.18674906e-01  1.25892541e+06 -9.27308012e+00 
 1.35935639e+06 -3.18922893e-01  1.35935639e+06 -8.58530185e+00 
 1.46779927e+06 -3.19081865e-01  1.46779927e+06 -7.94812824e+00 
 1.58489319e+06 -3.19155713e-01  1.58489319e+06 -7.35780483e+00 
 1.71132830e+06 -3.19146369e-01  1.71132830e+06 -6.81085357e+00 
 1.84784980e+06 -3.19053864e-01  1.84784980e+06 -6.30405235e+00 
 1.99526231e+06 -3.18876357e-01  1.99526231e+06 -5.83441608e+00 
 2.15443469e+06 -3.18610121e-01  2.15443469e+06 -5.39917920e+00 
 2.32630507e+06 -3.18249495e-01  2.32630507e+06 -4.99577951e+00 
 2.51188643e+06 -3.17786811e-01  2.51188643e+06 -4.62184322e+00 
 2.71227258e+06 -3.17212285e-01  2.71227258e+06 -4.27517111e+00 
 2.92864456e+06 -3.16513887e-01  2.92864456e+06 -3.95372580e+00 
 3.16227766e+06 -3.15677193e-01  3.16227766e+06 -3.65562004e+00 
 3.41454887e+06 -3.14685220e-01  3.41454887e+06 -3.37910586e+00 
 3.68694506e+06 -3.13518261e-01  3.68694506e+06 -3.12256470e+00 
 3.98107171e+06 -3.12153728e-01  3.98107171e+06 -2.88449832e+00 
 4.29866235e+06 -3.10566018e-01  4.29866235e+06 -2.66352049e+00 
 4.64158883e+06 -3.08726438e-01  4.64158883e+06 -2.45834949e+00 
 5.01187234e+06 -3.06603194e-01  5.01187234e+06 -2.26780128e+00 
 5.41169527e+06 -3.04161502e-01  5.41169527e+06 -2.09078328e+00 
 5.84341413e+06 -3.01363852e-01  5.84341413e+06 -1.92628889e+00 
 6.30957344e+06 -2.98170472e-01  6.30957344e+06 -1.77339248e+00 
 6.81292069e+06 -2.94540057e-01  6.81292069e+06 -1.63124487e+00 
 7.35642254e+06 -2.90430791e-01  7.35642254e+06 -1.49906927e+00 
 7.94328235e+06 -2.85801739e-01  7.94328235e+06 -1.37615744e+00 
 8.57695899e+06 -2.80614611e-01  8.57695899e+06 -1.26186610e+00 
 9.26118728e+06 -2.74835915e-01  9.26118728e+06 -1.15561325e+00 
 1.00000000e+07 -2.68439449e-01  1.00000000e+07 -1.05687440e+00 
 1.07977516e+07 -2.61409041e-01  1.07977516e+07 -9.65178365e-01 
 1.16591440e+07 -2.53741366e-01  1.16591440e+07 -8.80102613e-01 
 1.25892541e+07 -2.45448608e-01  1.25892541e+07 -8.01267946e-01 
 1.35935639e+07 -2.36560675e-01  1.35935639e+07 -7.28332502e-01 
 1.46779927e+07 -2.27126644e-01  1.46779927e+07 -6.60985159e-01 
 1.58489319e+07 -2.17215115e-01  1.58489319e+07 -5.98938512e-01 
 1.71132830e+07 -2.06913233e-01  1.71132830e+07 -5.41921783e-01 
 1.84784980e+07 -1.96324265e-01  1.84784980e+07 -4.89674065e-01 
 1.99526231e+07 -1.85563782e-01  1.99526231e+07 -4.41938416e-01 
 2.15443469e+07 -1.74754697e-01  2.15443469e+07 -3.98457233e-01 
 2.32630507e+07 -1.64021580e-01  2.32630507e+07 -3.58969271e-01 
 2.51188643e+07 -1.53484795e-01  2.51188643e+07 -3.23208459e-01 
 2.71227258e+07 -1.43255015e-01  2.71227258e+07 -2.90904474e-01 
 2.92864456e+07 -1.33428631e-01  2.92864456e+07 -2.61784814e-01 
 3.16227766e+07 -1.24084409e-01  3.16227766e+07 -2.35577958e-01 
 3.41454887e+07 -1.15281581e-01  3.41454887e+07 -2.12017121e-01 
 3.68694506e+07 -1.07059351e-01  3.68694506e+07 -1.90844111e-01 
 3.98107171e+07 -9.94376597e-02  3.98107171e+07 -1.71812875e-01 
 4.29866235e+07 -9.24189166e-02  4.29866235e+07 -1.54692428e-01 
 4.64158883e+07 -8.59903853e-02  4.64158883e+07 -1.39269008e-01 
 5.01187234e+07 -8.01269109e-02  5.01187234e+07 -1.25347395e-01 
 5.41169527e+07 -7.47937151e-02  5.41169527e+07 -1.12751476e-01 
 5.84341413e+07 -6.99490580e-02  5.84341413e+07 -1.01324148e-01 
 6.30957344e+07 -6.55466342e-02  6.30957344e+07 -9.09267174e-02 
 6.81292069e+07 -6.15376362e-02  6.81292069e+07 -8.14379503e-02 
 7.35642254e+07 -5.78724720e-02  7.35642254e+07 -7.27529119e-02 
 7.94328235e+07 -5.45021598e-02  7.94328235e+07 -6.47817026e-02 
 8.57695899e+07 -5.13794503e-02  8.57695899e+07 -5.74481768e-02 
 9.26118728e+07 -4.84597341e-02  9.26118728e+07 -5.06886950e-02 
 1.00000000e+08 -4.57017969e-02  1.00000000e+08 -4.44509276e-02 
 1.07977516e+08 -4.30684755e-02  1.07977516e+08 -3.86927084e-02 
 1.16591440e+08 -4.05272530e-02  1.16591440e+08 -3.33809131e-02 
 1.25892541e+08 -3.80508131e-02  1.25892541e+08 -2.84903238e-02 
 1.35935639e+08 -3.56175490e-02  1.35935639e+08 -2.40024371e-02 
 1.46779927e+08 -3.32119966e-02  1.46779927e+08 -1.99041759e-02 
 1.58489319e+08 -3.08251380e-02  1.58489319e+08 -1.61864809e-02 
 1.71132830e+08 -2.84545021e-02  1.71132830e+08 -1.28427824e-02 
 1.84784980e+08 -2.61039844e-02  1.84784980e+08 -9.86739226e-03 
 1.99526231e+08 -2.37833178e-02  1.99526231e+08 -7.25389311e-03 
 2.15443469e+08 -2.15071543e-02  2.15443469e+08 -4.99364163e-03 
 2.32630507e+08 -1.92937708e-02  2.32630507e+08 -3.07452509e-03 
 2.51188643e+08 -1.71634708e-02  2.51188643e+08 -1.48011080e-03 
 2.71227258e+08 -1.51368155e-02  2.71227258e+08 -1.89298282e-04 
 2.92864456e+08 -1.32328632e-02  2.92864456e+08  8.23474157e-04 
 3.16227766e+08 -1.14676116e-02  3.16227766e+08  1.58749428e-03 
 3.41454887e+08 -9.85281452e-03  3.41454887e+08  2.13461639e-03 
 3.68694506e+08 -8.39528942e-03  3.68694506e+08  2.49784342e-03 
 3.98107171e+08 -7.09675339e-03  3.98107171e+08  2.70984604e-03 
 4.29866235e+08 -5.95414585e-03  4.29866235e+08  2.80160505e-03 
 4.64158883e+08 -4.96033056e-03  4.64158883e+08  2.80132200e-03 
 5.01187234e+08 -4.10503390e-03  5.01187234e+08  2.73368106e-03 
 5.41169527e+08 -3.37587046e-03  5.41169527e+08  2.61948040e-03 
 5.84341413e+08 -2.75932836e-03  5.84341413e+08  2.47559705e-03 
 6.30957344e+08 -2.24162289e-03  6.30957344e+08  2.31521413e-03 
 6.81292069e+08 -1.80936815e-03  6.81292069e+08  2.14822464e-03 
 7.35642254e+08 -1.45005316e-03  7.35642254e+08  1.98172904e-03 
 7.94328235e+08 -1.15233578e-03  7.94328235e+08  1.82055763e-03 
 8.57695899e+08 -9.06183996e-04  8.57695899e+08  1.66776776e-03 
 9.26118728e+08 -7.02900795e-04  9.26118728e+08  1.52508534e-03 
 1.00000000e+09 -5.35068114e-04  1.00000000e+09  1.39327567e-03 
 1.07977516e+09 -3.96440928e-04  1.07977516e+09  1.27244130e-03 
 1.16591440e+09 -2.81815779e-04  1.16591440e+09  1.16225152e-03 
 1.25892541e+09 -1.86891427e-04  1.25892541e+09  1.06211287e-03 
 1.35935639e+09 -1.08133323e-04  1.35935639e+09  9.71291100e-04 
 1.46779927e+09 -4.26488547e-05  1.46779927e+09  8.88995096e-04 
 1.58489319e+09  1.19231810e-05  1.58489319e+09  8.14432005e-04 
 1.71132830e+09  5.75078084e-05  1.71132830e+09  7.46841370e-04 
 1.84784980e+09  9.56742390e-05  1.84784980e+09  6.85514450e-04 
 1.99526231e+09  1.27702638e-04  1.99526231e+09  6.29803437e-04 
 2.15443469e+09  1.54638948e-04  2.15443469e+09  5.79124077e-04 
 2.32630507e+09  1.77339525e-04  2.32630507e+09  5.32954194e-04 
 2.51188643e+09  1.96507257e-04  2.51188643e+09  4.90829850e-04 
 2.71227258e+09  2.12720671e-04  2.71227258e+09  4.52340315e-04 
 2.92864456e+09  2.26457350e-04  2.92864456e+09  4.17122597e-04 
 3.16227766e+09  2.38112738e-04  3.16227766e+09  3.84856009e-04 
 3.41454887e+09  2.48015259e-04  3.41454887e+09  3.55257037e-04 
 3.68694506e+09  2.56438489e-04  3.68694506e+09  3.28074648e-04 
 3.98107171e+09  2.63610961e-04  3.98107171e+09  3.03086104e-04 
 4.29866235e+09  2.69724102e-04  4.29866235e+09  2.80093275e-04 
 4.64158883e+09  2.74938661e-04  4.64158883e+09  2.58919427e-04 
 5.01187234e+09  2.79389944e-04  5.01187234e+09  2.39406457e-04 
 5.41169527e+09  2.83192088e-04  5.41169527e+09  2.21412502e-04 
 5.84341413e+09  2.86441560e-04  5.84341413e+09  2.04809904e-04 
 6.30957344e+09  2.89220040e-04  6.30957344e+09  1.89483461e-04 
 6.81292069e+09  2.91596794e-04  6.81292069e+09  1.75328929e-04 
 7.35642254e+09  2.93630651e-04  7.35642254e+09  1.62251742e-04 
 7.94328235e+09  2.95371631e-04  7.94328235e+09  1.50165916e-04 
 8.57695899e+09  2.96862318e-04  8.57695899e+09  1.38993097e-04 
 9.26118728e+09  2.98138998e-04  9.26118728e+09  1.28661750e-04 
 1.00000000e+10  2.99232619e-04  1.00000000e+10  1.19106447e-04 
