 1.00000000e+00  5.78324323e+01  1.00000000e+00 -4.08390002e-03 
 1.07977516e+00  5.78324323e+01  1.07977516e+00 -4.40969380e-03 
 1.16591440e+00  5.78324322e+01  1.16591440e+00 -4.76147784e-03 
 1.25892541e+00  5.78324321e+01  1.25892541e+00 -5.14132550e-03 
 1.35935639e+00  5.78324321e+01  1.35935639e+00 -5.55147557e-03 
 1.46779927e+00  5.78324320e+01  1.46779927e+00 -5.99434542e-03 
 1.58489319e+00  5.78324319e+01  1.58489319e+00 -6.47254529e-03 
 1.71132830e+00  5.78324317e+01  1.71132830e+00 -6.98889363e-03 
 1.84784980e+00  5.78324316e+01  1.84784980e+00 -7.54643373e-03 
 1.99526231e+00  5.78324314e+01  1.99526231e+00 -8.14845169e-03 
 2.15443469e+00  5.78324313e+01  2.15443469e+00 -8.79849571e-03 
 2.32630507e+00  5.78324310e+01  2.32630507e+00 -9.50039710e-03 
 2.51188643e+00  5.78324308e+01  2.51188643e+00 -1.02582928e-02 
 2.71227258e+00  5.78324305e+01  2.71227258e+00 -1.10766497e-02 
 2.92864456e+00  5.78324301e+01  2.92864456e+00 -1.19602911e-02 
 3.16227766e+00  5.78324297e+01  3.16227766e+00 -1.29144252e-02 
 3.41454887e+00  5.78324292e+01  3.41454887e+00 -1.39446755e-02 
 3.68694506e+00  5.78324287e+01  3.68694506e+00 -1.50571141e-02 
 3.98107171e+00  5.78324280e+01  3.98107171e+00 -1.62582976e-02 
 4.29866235e+00  5.78324273e+01  4.29866235e+00 -1.75553057e-02 
 4.64158883e+00  5.78324264e+01  4.64158883e+00 -1.89557828e-02 
 5.01187234e+00  5.78324254e+01  5.01187234e+00 -2.04679831e-02 
 5.41169527e+00  5.78324242e+01  5.41169527e+00 -2.21008193e-02 
 5.84341413e+00  5.78324228e+01  5.84341413e+00 -2.38639152e-02 
 6.30957344e+00  5.78324212e+01  6.30957344e+00 -2.57676622e-02 
 6.81292069e+00  5.78324193e+01  6.81292069e+00 -2.78232807e-02 
 7.35642254e+00  5.78324171e+01  7.35642254e+00 -3.00428863e-02 
 7.94328235e+00  5.78324145e+01  7.94328235e+00 -3.24395610e-02 
 8.57695899e+00  5.78324115e+01  8.57695899e+00 -3.50274304e-02 
 9.26118728e+00  5.78324080e+01  9.26118728e+00 -3.78217471e-02 
 1.00000000e+01  5.78324039e+01  1.00000000e+01 -4.08389802e-02 
 1.07977516e+01  5.78323991e+01  1.07977516e+01 -4.40969129e-02 
 1.16591440e+01  5.78323936e+01  1.16591440e+01 -4.76147467e-02 
 1.25892541e+01  5.78323871e+01  1.25892541e+01 -5.14132151e-02 
 1.35935639e+01  5.78323795e+01  1.35935639e+01 -5.55147055e-02 
 1.46779927e+01  5.78323707e+01  1.46779927e+01 -5.99433911e-02 
 1.58489319e+01  5.78323605e+01  1.58489319e+01 -6.47253734e-02 
 1.71132830e+01  5.78323485e+01  1.71132830e+01 -6.98888362e-02 
 1.84784980e+01  5.78323346e+01  1.84784980e+01 -7.54642113e-02 
 1.99526231e+01  5.78323183e+01  1.99526231e+01 -8.14843582e-02 
 2.15443469e+01  5.78322993e+01  2.15443469e+01 -8.79847574e-02 
 2.32630507e+01  5.78322772e+01  2.32630507e+01 -9.50037195e-02 
 2.51188643e+01  5.78322515e+01  2.51188643e+01 -1.02582611e-01 
 2.71227258e+01  5.78322214e+01  2.71227258e+01 -1.10766098e-01 
 2.92864456e+01  5.78321864e+01  2.92864456e+01 -1.19602410e-01 
 3.16227766e+01  5.78321455e+01  3.16227766e+01 -1.29143620e-01 
 3.41454887e+01  5.78320979e+01  3.41454887e+01 -1.39445959e-01 
 3.68694506e+01  5.78320424e+01  3.68694506e+01 -1.50570140e-01 
 3.98107171e+01  5.78319776e+01  3.98107171e+01 -1.62581716e-01 
 4.29866235e+01  5.78319021e+01  4.29866235e+01 -1.75551470e-01 
 4.64158883e+01  5.78318141e+01  4.64158883e+01 -1.89555830e-01 
 5.01187234e+01  5.78317115e+01  5.01187234e+01 -2.04677316e-01 
 5.41169527e+01  5.78315919e+01  5.41169527e+01 -2.21005027e-01 
 5.84341413e+01  5.78314524e+01  5.84341413e+01 -2.38635166e-01 
 6.30957344e+01  5.78312898e+01  6.30957344e+01 -2.57671604e-01 
 6.81292069e+01  5.78311002e+01  6.81292069e+01 -2.78226490e-01 
 7.35642254e+01  5.78308791e+01  7.35642254e+01 -3.00420910e-01 
 7.94328235e+01  5.78306214e+01  7.94328235e+01 -3.24385598e-01 
 8.57695899e+01  5.78303209e+01  8.57695899e+01 -3.50261700e-01 
 9.26118728e+01  5.78299705e+01  9.26118728e+01 -3.78201603e-01 
 1.00000000e+02  5.78295620e+01  1.00000000e+02 -4.08369826e-01 
 1.07977516e+02  5.78290858e+01  1.07977516e+02 -4.40943980e-01 
 1.16591440e+02  5.78285306e+01  1.16591440e+02 -4.76115808e-01 
 1.25892541e+02  5.78278832e+01  1.25892541e+02 -5.14092295e-01 
 1.35935639e+02  5.78271285e+01  1.35935639e+02 -5.55096879e-01 
 1.46779927e+02  5.78262485e+01  1.46779927e+02 -5.99370744e-01 
 1.58489319e+02  5.78252226e+01  1.58489319e+02 -6.47174213e-01 
 1.71132830e+02  5.78240266e+01  1.71132830e+02 -6.98788253e-01 
 1.84784980e+02  5.78226321e+01  1.84784980e+02 -7.54516087e-01 
 1.99526231e+02  5.78210064e+01  1.99526231e+02 -8.14684929e-01 
 2.15443469e+02  5.78191110e+01  2.15443469e+02 -8.79647848e-01 
 2.32630507e+02  5.78169014e+01  2.32630507e+02 -9.49785766e-01 
 2.51188643e+02  5.78143254e+01  2.51188643e+02 -1.02550959e+00 
 2.71227258e+02  5.78113222e+01  2.71227258e+02 -1.10726253e+00 
 2.92864456e+02  5.78078212e+01  2.92864456e+02 -1.19552251e+00 
 3.16227766e+02  5.78037398e+01  3.16227766e+02 -1.29080479e+00 
 3.41454887e+02  5.77989820e+01  3.41454887e+02 -1.39366475e+00 
 3.68694506e+02  5.77934358e+01  3.68694506e+02 -1.50470085e+00 
 3.98107171e+02  5.77869707e+01  3.98107171e+02 -1.62455768e+00 
 4.29866235e+02  5.77794348e+01  4.29866235e+02 -1.75392932e+00 
 4.64158883e+02  5.77706511e+01  4.64158883e+02 -1.89356273e+00 
 5.01187234e+02  5.77604133e+01  5.01187234e+02 -2.04426133e+00 
 5.41169527e+02  5.77484815e+01  5.41169527e+02 -2.20688873e+00 
 5.84341413e+02  5.77345763e+01  5.84341413e+02 -2.38237247e+00 
 6.30957344e+02  5.77183724e+01  6.30957344e+02 -2.57170795e+00 
 6.81292069e+02  5.76994915e+01  6.81292069e+02 -2.77596217e+00 
 7.35642254e+02  5.76774935e+01  7.35642254e+02 -2.99627748e+00 
 7.94328235e+02  5.76518667e+01  7.94328235e+02 -3.23387511e+00 
 8.57695899e+02  5.76220168e+01  8.57695899e+02 -3.49005838e+00 
 9.26118728e+02  5.75872531e+01  9.26118728e+02 -3.76621525e+00 
 1.00000000e+03  5.75467743e+01  1.00000000e+03 -4.06382032e+00 
 1.07977516e+03  5.74996509e+01  1.07977516e+03 -4.38443556e+00 
 1.16591440e+03  5.74448060e+01  1.16591440e+03 -4.72970978e+00 
 1.25892541e+03  5.73809929e+01  1.25892541e+03 -5.10137611e+00 
 1.35935639e+03  5.73067703e+01  1.35935639e+03 -5.50124702e+00 
 1.46779927e+03  5.72204740e+01  1.46779927e+03 -5.93120621e+00 
 1.58489319e+03  5.71201859e+01  1.58489319e+03 -6.39319640e+00 
 1.71132830e+03  5.70036996e+01  1.71132830e+03 -6.88920207e+00 
 1.84784980e+03  5.68684822e+01  1.84784980e+03 -7.42122582e+00 
 1.99526231e+03  5.67116342e+01  1.99526231e+03 -7.99125698e+00 
 2.15443469e+03  5.65298468e+01  2.15443469e+03 -8.60123069e+00 
 2.32630507e+03  5.63193575e+01  2.32630507e+03 -9.25297553e+00 
 2.51188643e+03  5.60759064e+01  2.51188643e+03 -9.94814759e+00 
 2.71227258e+03  5.57946951e+01  2.71227258e+03 -1.06881488e+01 
 2.92864456e+03  5.54703506e+01  2.92864456e+03 -1.14740272e+01 
 3.16227766e+03  5.50968997e+01  3.16227766e+03 -1.23063569e+01 
 3.41454887e+03  5.46677577e+01  3.41454887e+03 -1.31850967e+01 
 3.68694506e+03  5.41757399e+01  3.68694506e+03 -1.41094258e+01 
 3.98107171e+03  5.36131025e+01  3.98107171e+03 -1.50775586e+01 
 4.29866235e+03  5.29716242e+01  4.29866235e+03 -1.60865410e+01 
 4.64158883e+03  5.22427378e+01  4.64158883e+03 -1.71320334e+01 
 5.01187234e+03  5.14177230e+01  5.01187234e+03 -1.82080927e+01 
 5.41169527e+03  5.04879715e+01  5.41169527e+03 -1.93069658e+01 
 5.84341413e+03  4.94453295e+01  5.84341413e+03 -2.04189169e+01 
 6.30957344e+03  4.82825218e+01  6.30957344e+03 -2.15321136e+01 
 6.81292069e+03  4.69936498e+01  6.81292069e+03 -2.26326016e+01 
 7.35642254e+03  4.55747484e+01  7.35642254e+03 -2.37044021e+01 
 7.94328235e+03  4.40243696e+01  7.94328235e+03 -2.47297620e+01 
 8.57695899e+03  4.23441503e+01  8.57695899e+03 -2.56895810e+01 
 9.26118728e+03  4.05393045e+01  9.26118728e+03 -2.65640263e+01 
 1.00000000e+04  3.86189753e+01  1.00000000e+04 -2.73333225e+01 
 1.07977516e+04  3.65963785e+01  1.07977516e+04 -2.79786832e+01 
 1.16591440e+04  3.44886838e+01  1.16591440e+04 -2.84833177e+01 
 1.25892541e+04  3.23165979e+01  1.25892541e+04 -2.88334264e+01 
 1.35935639e+04  3.01036536e+01  1.35935639e+04 -2.90190836e+01 
 1.46779927e+04  2.78752436e+01  1.46779927e+04 -2.90349075e+01 
 1.58489319e+04  2.56574781e+01  1.58489319e+04 -2.88804351e+01 
 1.71132830e+04  2.34759726e+01  1.71132830e+04 -2.85601549e+01 
 1.84784980e+04  2.13546842e+01  1.84784980e+04 -2.80831928e+01 
 1.99526231e+04  1.93149056e+01  1.99526231e+04 -2.74626918e+01 
 2.15443469e+04  1.73745023e+01  2.15443469e+04 -2.67149613e+01 
 2.32630507e+04  1.55474407e+01  2.32630507e+04 -2.58584946e+01 
 2.51188643e+04  1.38436150e+01  2.51188643e+04 -2.49129571e+01 
 2.71227258e+04  1.22689464e+01  2.71227258e+04 -2.38982353e+01 
 2.92864456e+04  1.08257006e+01  2.92864456e+04 -2.28336170e+01 
 3.16227766e+04  9.51296026e+00  3.16227766e+04 -2.17371426e+01 
 3.41454887e+04  8.32718232e+00  3.41454887e+04 -2.06251433e+01 
 3.68694506e+04  7.26278334e+00  3.68694506e+04 -1.95119600e+01 
 3.98107171e+04  6.31270355e+00  3.98107171e+04 -1.84098195e+01 
 4.29866235e+04  5.46891770e+00  4.29866235e+04 -1.73288395e+01 
 4.64158883e+04  4.72287330e+00  4.64158883e+04 -1.62771286e+01 
 5.01187234e+04  4.06584871e+00  5.01187234e+04 -1.52609501e+01 
 5.41169527e+04  3.48923173e+00  5.41169527e+04 -1.42849241e+01 
 5.84341413e+04  2.98472528e+00  5.84341413e+04 -1.33522448e+01 
 6.30957344e+04  2.54448966e+00  6.30957344e+04 -1.24648980e+01 
 6.81292069e+04  2.16123231e+00  6.81292069e+04 -1.16238683e+01 
 7.35642254e+04  1.82825577e+00  7.35642254e+04 -1.08293279e+01 
 7.94328235e+04  1.53947370e+00  7.94328235e+04 -1.00808050e+01 
 8.57695899e+04  1.28940353e+00  8.57695899e+04 -9.37732906e+00 
 9.26118728e+04  1.07314279e+00  9.26118728e+04 -8.71755524e+00 
 1.00000000e+05  8.86334863e-01  1.00000000e+05 -8.09986725e+00 
 1.07977516e+05  7.25128363e-01  1.07977516e+05 -7.52246244e+00 
 1.16591440e+05  5.86133663e-01  1.16591440e+05 -6.98342043e+00 
 1.25892541e+05  4.66378732e-01  1.25892541e+05 -6.48075781e+00 
 1.35935639e+05  3.63266020e-01  1.35935639e+05 -6.01247102e+00 
 1.46779927e+05  2.74531465e-01  1.46779927e+05 -5.57656939e+00 
 1.58489319e+05  1.98206264e-01  1.58489319e+05 -5.17110007e+00 
 1.71132830e+05  1.32581770e-01  1.71132830e+05 -4.79416641e+00 
 1.84784980e+05  7.61776300e-02  1.84784980e+05 -4.44394094e+00 
 1.99526231e+05  2.77131485e-02  1.99526231e+05 -4.11867424e+00 
 2.15443469e+05 -1.39182629e-02  2.15443469e+05 -3.81670040e+00 
 2.32630507e+05 -4.96717333e-02  2.32630507e+05 -3.53643994e+00 
 2.51188643e+05 -8.03709059e-02  2.51188643e+05 -3.27640067e+00 
 2.71227258e+05 -1.06725476e-01  2.71227258e+05 -3.03517713e+00 
 2.92864456e+05 -1.29346539e-01  2.92864456e+05 -2.81144887e+00 
 3.16227766e+05 -1.48759969e-01  3.16227766e+05 -2.60397788e+00 
 3.41454887e+05 -1.65418075e-01  3.41454887e+05 -2.41160550e+00 
 3.68694506e+05 -1.79709701e-01  3.68694506e+05 -2.23324898e+00 
 3.98107171e+05 -1.91968997e-01  3.98107171e+05 -2.06789770e+00 
 4.29866235e+05 -2.02482991e-01  4.29866235e+05 -1.91460942e+00 
 4.64158883e+05 -2.11498144e-01  4.64158883e+05 -1.77250636e+00 
 5.01187234e+05 -2.19225998e-01  5.01187234e+05 -1.64077144e+00 
 5.41169527e+05 -2.25848049e-01  5.41169527e+05 -1.51864447e+00 
 5.84341413e+05 -2.31519937e-01  5.84341413e+05 -1.40541862e+00 
 6.30957344e+05 -2.36375060e-01  6.30957344e+05 -1.30043684e+00 
 6.81292069e+05 -2.40527669e-01  6.81292069e+05 -1.20308862e+00 
 7.35642254e+05 -2.44075533e-01  7.35642254e+05 -1.11280679e+00 
 7.94328235e+05 -2.47102219e-01  7.94328235e+05 -1.02906450e+00 
 8.57695899e+05 -2.49679050e-01  8.57695899e+05 -9.51372443e-01 
 9.26118728e+05 -2.51866769e-01  9.26118728e+05 -8.79276174e-01 
 1.00000000e+06 -2.53716970e-01  1.00000000e+06 -8.12353614e-01 
 1.07977516e+06 -2.55273310e-01  1.07977516e+06 -7.50212716e-01 
 1.16591440e+06 -2.56572534e-01  1.16591440e+06 -6.92489282e-01 
 1.25892541e+06 -2.57645345e-01  1.25892541e+06 -6.38844927e-01 
 1.35935639e+06 -2.58517129e-01  1.35935639e+06 -5.88965175e-01 
 1.46779927e+06 -2.59208565e-01  1.46779927e+06 -5.42557700e-01 
 1.58489319e+06 -2.59736114e-01  1.58489319e+06 -4.99350690e-01 
 1.71132830e+06 -2.60112428e-01  1.71132830e+06 -4.59091328e-01 
 1.84784980e+06 -2.60346662e-01  1.84784980e+06 -4.21544401e-01 
 1.99526231e+06 -2.60444717e-01  1.99526231e+06 -3.86491020e-01 
 2.15443469e+06 -2.60409411e-01  2.15443469e+06 -3.53727443e-01 
 2.32630507e+06 -2.60240594e-01  2.32630507e+06 -3.23064022e-01 
 2.51188643e+06 -2.59935203e-01  2.51188643e+06 -2.94324251e-01 
 2.71227258e+06 -2.59487276e-01  2.71227258e+06 -2.67343923e-01 
 2.92864456e+06 -2.58887916e-01  2.92864456e+06 -2.41970411e-01 
 3.16227766e+06 -2.58125228e-01  3.16227766e+06 -2.18062049e-01 
 3.41454887e+06 -2.57184235e-01  3.41454887e+06 -1.95487652e-01 
 3.68694506e+06 -2.56046776e-01  3.68694506e+06 -1.74126156e-01 
 3.98107171e+06 -2.54691415e-01  3.98107171e+06 -1.53866395e-01 
 4.29866235e+06 -2.53093365e-01  4.29866235e+06 -1.34607018e-01 
 4.64158883e+06 -2.51224477e-01  4.64158883e+06 -1.16256562e-01 
 5.01187234e+06 -2.49053294e-01  5.01187234e+06 -9.87336639e-02 
 5.41169527e+06 -2.46545237e-01  5.41169527e+06 -8.19674294e-02 
 5.84341413e+06 -2.43662949e-01  5.84341413e+06 -6.58979273e-02 
 6.30957344e+06 -2.40366860e-01  6.30957344e+06 -5.04767977e-02 
 6.81292069e+06 -2.36616019e-01  6.81292069e+06 -3.56679256e-02 
 7.35642254e+06 -2.32369245e-01  7.35642254e+06 -2.14481163e-02 
 7.94328235e+06 -2.27586651e-01  7.94328235e+06 -7.80768521e-03 
 8.57695899e+06 -2.22231548e-01  8.57695899e+06  5.24915583e-03 
 9.26118728e+06 -2.16272730e-01  9.26118728e+06  1.77042551e-02 
 1.00000000e+07 -2.09687081e-01  1.00000000e+07  2.95259783e-02 
 1.07977516e+07 -2.02462391e-01  1.07977516e+07  4.06703255e-02 
 1.16591440e+07 -1.94600186e-01  1.16591440e+07  5.10828439e-02 
 1.25892541e+07 -1.86118331e-01  1.25892541e+07  6.07014209e-02 
 1.35935639e+07 -1.77053089e-01  1.35935639e+07  6.94599553e-02 
 1.46779927e+07 -1.67460311e-01  1.46779927e+07  7.72927880e-02 
 1.58489319e+07 -1.57415455e-01  1.58489319e+07  8.41396420e-02 
 1.71132830e+07 -1.47012223e-01  1.71132830e+07  8.99506930e-02 
 1.84784980e+07 -1.36359726e-01  1.84784980e+07  9.46913017e-02 
 1.99526231e+07 -1.25578320e-01  1.99526231e+07  9.83459108e-02 
 2.15443469e+07 -1.14794380e-01  2.15443469e+07  1.00920659e-01 
 2.32630507e+07 -1.04134510e-01  2.32630507e+07  1.02444402e-01 
 2.51188643e+07 -9.37197256e-02  2.51188643e+07  1.02968026e-01 
 2.71227258e+07 -8.36601882e-02  2.71227258e+07  1.02562153e-01 
 2.92864456e+07 -7.40509506e-02  2.92864456e+07  1.01313547e-01 
 3.16227766e+07 -6.49690411e-02  3.16227766e+07  9.93206513e-02 
 3.41454887e+07 -5.64720043e-02  3.41454887e+07  9.66887670e-02 
 3.68694506e+07 -4.85978386e-02  3.68694506e+07  9.35253409e-02 
 3.98107171e+07 -4.13661228e-02  3.98107171e+07  8.99357524e-02 
 4.29866235e+07 -3.47800312e-02  4.29866235e+07  8.60198609e-02 
 4.64158883e+07 -2.88289107e-02  4.64158883e+07  8.18694423e-02 
 5.01187234e+07 -2.34911062e-02  5.01187234e+07  7.75665260e-02 
 5.41169527e+07 -1.87367772e-02  5.41169527e+07  7.31825548e-02 
 5.84341413e+07 -1.45305133e-02  5.84341413e+07  6.87782371e-02 
 6.30957344e+07 -1.08336245e-02  6.30957344e+07  6.44039331e-02 
 6.81292069e+07 -7.60604694e-03  6.81292069e+07  6.01004216e-02 
 7.35642254e+07 -4.80784546e-03  7.35642254e+07  5.58999057e-02 
 7.94328235e+07 -2.40033373e-03  7.94328235e+07  5.18271399e-02 
 8.57695899e+07 -3.46848472e-04  8.57695899e+07  4.79005897e-02 
 9.26118728e+07  1.38677427e-03  9.26118728e+07  4.41335554e-02 
 1.00000000e+08  2.83197061e-03  1.00000000e+08  4.05352149e-02 
 1.07977516e+08  4.01741987e-03  1.07977516e+08  3.71115550e-02 
 1.16591440e+08  4.96917065e-03  1.16591440e+08  3.38661730e-02 
 1.25892541e+08  5.71088173e-03  1.25892541e+08  3.08009372e-02 
 1.35935639e+08  6.26414063e-03  1.35935639e+08  2.79165025e-02 
 1.46779927e+08  6.64882505e-03  1.46779927e+08  2.52126786e-02 
 1.58489319e+08  6.88347326e-03  1.58489319e+08  2.26886575e-02 
 1.71132830e+08  6.98563024e-03  1.71132830e+08  2.03431079e-02 
 1.84784980e+08  6.97213824e-03  1.84784980e+08  1.81741546e-02 
 1.99526231e+08  6.85934410e-03  1.99526231e+08  1.61792684e-02 
 2.15443469e+08  6.66320316e-03  2.15443469e+08  1.43550999e-02 
 2.32630507e+08  6.39927069e-03  2.32630507e+08  1.26972961e-02 
 2.51188643e+08  6.08258574e-03  2.51188643e+08  1.12003438e-02 
 2.71227258e+08  5.72746775e-03  2.71227258e+08  9.85747506e-03 
 2.92864456e+08  5.34725898e-03  2.92864456e+08  8.66066527e-03 
 3.16227766e+08  4.95405452e-03  3.16227766e+08  7.60073509e-03 
 3.41454887e+08  4.55846214e-03  3.41454887e+08  6.66755185e-03 
 3.68694506e+08  4.16942798e-03  3.68694506e+08  5.85030967e-03 
 3.98107171e+08  3.79415108e-03  3.98107171e+08  5.13785569e-03 
 4.29866235e+08  3.43809445e-03  4.29866235e+08  4.51902591e-03 
 4.64158883e+08  3.10508534e-03  4.64158883e+08  3.98295624e-03 
 5.01187234e+08  2.79748605e-03  5.01187234e+08  3.51934291e-03 
 5.41169527e+08  2.51641059e-03  5.41169527e+08  3.11863675e-03 
 5.84341413e+08  2.26196190e-03  5.84341413e+08  2.77216733e-03 
 6.30957344e+08  2.03346719e-03  6.30957344e+08  2.47220154e-03 
 6.81292069e+08  1.82969499e-03  6.81292069e+08  2.21194707e-03 
 7.35642254e+08  1.64904346e-03  7.35642254e+08  1.98551439e-03 
 7.94328235e+08  1.48969533e-03  7.94328235e+08  1.78785046e-03 
 8.57695899e+08  1.34973928e-03  8.57695899e+08  1.61465632e-03 
 9.26118728e+08  1.22726038e-03  9.26118728e+08  1.46229809e-03 
 1.00000000e+09  1.12040397e-03  1.00000000e+09  1.32771824e-03 
 1.07977516e+09  1.02741779e-03  1.07977516e+09  1.20835198e-03 
 1.16591440e+09  9.46677237e-04  1.16591440e+09  1.10205110e-03 
 1.25892541e+09  8.76697818e-04  1.25892541e+09  1.00701681e-03 
 1.35935639e+09  8.16138625e-04  1.35935639e+09  9.21741464e-04 
 1.46779927e+09  7.63799478e-04  1.46779927e+09  8.44959081e-04 
 1.58489319e+09  7.18614053e-04  1.58489319e+09  7.75603607e-04 
 1.71132830e+09  6.79640584e-04  1.71132830e+09  7.12774194e-04 
 1.84784980e+09  6.46051343e-04  1.84784980e+09  6.55706462e-04 
 1.99526231e+09  6.17121710e-04  1.99526231e+09  6.03748841e-04 
 2.15443469e+09  5.92219384e-04  2.15443469e+09  5.56343174e-04 
 2.32630507e+09  5.70794096e-04  2.32630507e+09  5.13008852e-04 
 2.51188643e+09  5.52368017e-04  2.51188643e+09  4.73329843e-04 
 2.71227258e+09  5.36526976e-04  2.71227258e+09  4.36944107e-04 
 2.92864456e+09  5.22912529e-04  2.92864456e+09  4.03534935e-04 
 3.16227766e+09  5.11214847e-04  3.16227766e+09  3.72823859e-04 
 3.41454887e+09  5.01166413e-04  3.41454887e+09  3.44564837e-04 
 3.68694506e+09  4.92536450e-04  3.68694506e+09  3.18539465e-04 
 3.98107171e+09  4.85126031e-04  3.98107171e+09  2.94553025e-04 
 4.29866235e+09  4.78763794e-04  4.29866235e+09  2.72431213e-04 
 4.64158883e+09  4.73302207e-04  4.64158883e+09  2.52017406e-04 
 5.01187234e+09  4.68614320e-04  5.01187234e+09  2.33170390e-04 
 5.41169527e+09  4.64590935e-04  5.41169527e+09  2.15762440e-04 
 5.84341413e+09  4.61138165e-04  5.84341413e+09  1.99677705e-04 
 6.30957344e+09  4.58175309e-04  6.30957344e+09  1.84810836e-04 
 6.81292069e+09  4.55633021e-04  6.81292069e+09  1.71065818e-04 
 7.35642254e+09  4.53451729e-04  7.35642254e+09  1.58354960e-04 
 7.94328235e+09  4.51580264e-04  7.94328235e+09  1.46598033e-04 
 8.57695899e+09  4.49974690e-04  8.57695899e+09  1.35721519e-04 
 9.26118728e+09  4.48597279e-04  9.26118728e+09  1.25657952e-04 
 1.00000000e+10  4.47415647e-04  1.00000000e+10  1.16345347e-04 
