 1.00000000e+00  1.93258186e+04  1.00000000e+00 -6.43057647e+01 
 1.07977516e+00  1.93257831e+04  1.07977516e+00 -6.94356400e+01 
 1.16591440e+00  1.93257417e+04  1.16591440e+00 -7.49747189e+01 
 1.25892541e+00  1.93256935e+04  1.25892541e+00 -8.09556371e+01 
 1.35935639e+00  1.93256372e+04  1.35935639e+00 -8.74136317e+01 
 1.46779927e+00  1.93255716e+04  1.46779927e+00 -9.43867481e+01 
 1.58489319e+00  1.93254951e+04  1.58489319e+00 -1.01916063e+02 
 1.71132830e+00  1.93254060e+04  1.71132830e+00 -1.10045926e+02 
 1.84784980e+00  1.93253020e+04  1.84784980e+00 -1.18824218e+02 
 1.99526231e+00  1.93251808e+04  1.99526231e+00 -1.28302635e+02 
 2.15443469e+00  1.93250395e+04  2.15443469e+00 -1.38536985e+02 
 2.32630507e+00  1.93248747e+04  2.32630507e+00 -1.49587521e+02 
 2.51188643e+00  1.93246827e+04  2.51188643e+00 -1.61519284e+02 
 2.71227258e+00  1.93244587e+04  2.71227258e+00 -1.74402490e+02 
 2.92864456e+00  1.93241976e+04  2.92864456e+00 -1.88312933e+02 
 3.16227766e+00  1.93238932e+04  3.16227766e+00 -2.03332425e+02 
 3.41454887e+00  1.93235383e+04  3.41454887e+00 -2.19549270e+02 
 3.68694506e+00  1.93231245e+04  3.68694506e+00 -2.37058773e+02 
 3.98107171e+00  1.93226421e+04  3.98107171e+00 -2.55963785e+02 
 4.29866235e+00  1.93220797e+04  4.29866235e+00 -2.76375294e+02 
 4.64158883e+00  1.93214240e+04  4.64158883e+00 -2.98413052e+02 
 5.01187234e+00  1.93206596e+04  5.01187234e+00 -3.22206254e+02 
 5.41169527e+00  1.93197684e+04  5.41169527e+00 -3.47894264e+02 
 5.84341413e+00  1.93187295e+04  5.84341413e+00 -3.75627387e+02 
 6.30957344e+00  1.93175184e+04  6.30957344e+00 -4.05567697e+02 
 6.81292069e+00  1.93161065e+04  6.81292069e+00 -4.37889921e+02 
 7.35642254e+00  1.93144606e+04  7.35642254e+00 -4.72782375e+02 
 7.94328235e+00  1.93125420e+04  7.94328235e+00 -5.10447959e+02 
 8.57695899e+00  1.93103055e+04  8.57695899e+00 -5.51105205e+02 
 9.26118728e+00  1.93076987e+04  9.26118728e+00 -5.94989385e+02 
 1.00000000e+01  1.93046602e+04  1.00000000e+01 -6.42353663e+02 
 1.07977516e+01  1.93011187e+04  1.07977516e+01 -6.93470300e+02 
 1.16591440e+01  1.92969914e+04  1.16591440e+01 -7.48631896e+02 
 1.25892541e+01  1.92921815e+04  1.25892541e+01 -8.08152655e+02 
 1.35935639e+01  1.92865766e+04  1.35935639e+01 -8.72369662e+02 
 1.46779927e+01  1.92800458e+04  1.46779927e+01 -9.41644154e+02 
 1.58489319e+01  1.92724371e+04  1.58489319e+01 -1.01636274e+03 
 1.71132830e+01  1.92635736e+04  1.71132830e+01 -1.09693856e+03 
 1.84784980e+01  1.92532498e+04  1.84784980e+01 -1.18381229e+03 
 1.99526231e+01  1.92412270e+04  1.99526231e+01 -1.27745296e+03 
 2.15443469e+01  1.92272285e+04  2.15443469e+01 -1.37835853e+03 
 2.32630507e+01  1.92109331e+04  2.32630507e+01 -1.48705603e+03 
 2.51188643e+01  1.91919689e+04  2.51188643e+01 -1.60410122e+03 
 2.71227258e+01  1.91699055e+04  2.71227258e+01 -1.73007759e+03 
 2.92864456e+01  1.91442454e+04  2.92864456e+01 -1.86559444e+03 
 3.16227766e+01  1.91144146e+04  3.16227766e+01 -2.01128388e+03 
 3.41454887e+01  1.90797515e+04  3.41454887e+01 -2.16779634e+03 
 3.68694506e+01  1.90394957e+04  3.68694506e+01 -2.33579438e+03 
 3.98107171e+01  1.89927749e+04  3.98107171e+01 -2.51594419e+03 
 4.29866235e+01  1.89385910e+04  4.29866235e+01 -2.70890439e+03 
 4.64158883e+01  1.88758063e+04  4.64158883e+01 -2.91531152e+03 
 5.01187234e+01  1.88031283e+04  5.01187234e+01 -3.13576153e+03 
 5.41169527e+01  1.87190953e+04  5.41169527e+01 -3.37078661e+03 
 5.84341413e+01  1.86220635e+04  5.84341413e+01 -3.62082652e+03 
 6.30957344e+01  1.85101951e+04  6.30957344e+01 -3.88619376e+03 
 6.81292069e+01  1.83814512e+04  6.81292069e+01 -4.16703189e+03 
 7.35642254e+01  1.82335898e+04  7.35642254e+01 -4.46326652e+03 
 7.94328235e+01  1.80641715e+04  7.94328235e+01 -4.77454892e+03 
 8.57695899e+01  1.78705765e+04  8.57695899e+01 -5.10019259e+03 
 9.26118728e+01  1.76500356e+04  9.26118728e+01 -5.43910415e+03 
 1.00000000e+02  1.73996787e+04  1.00000000e+02 -5.78971078e+03 
 1.07977516e+02  1.71166052e+04  1.07977516e+02 -6.14988803e+03 
 1.16591440e+02  1.67979778e+04  1.16591440e+02 -6.51689338e+03 
 1.25892541e+02  1.64411443e+04  1.25892541e+02 -6.88731276e+03 
 1.35935639e+02  1.60437845e+04  1.35935639e+02 -7.25702925e+03 
 1.46779927e+02  1.56040821e+04  1.46779927e+02 -7.62122401e+03 
 1.58489319e+02  1.51209130e+04  1.58489319e+02 -7.97442079e+03 
 1.71132830e+02  1.45940401e+04  1.71132830e+02 -8.31058346e+03 
 1.84784980e+02  1.40242972e+04  1.84784980e+02 -8.62327398e+03 
 1.99526231e+02  1.34137435e+04  1.99526231e+02 -8.90587235e+03 
 2.15443469e+02  1.27657647e+04  2.15443469e+02 -9.15185308e+03 
 2.32630507e+02  1.20851006e+04  2.32630507e+02 -9.35510365e+03 
 2.51188643e+02  1.13777800e+04  2.51188643e+02 -9.51026156e+03 
 2.71227258e+02  1.06509574e+04  2.71227258e+02 -9.61303923e+03 
 2.92864456e+02  9.91265267e+03  2.92864456e+02 -9.66050261e+03 
 3.16227766e+02  9.17141159e+03  3.16227766e+02 -9.65127122e+03 
 3.41454887e+02  8.43591658e+03  3.41454887e+02 -9.58561482e+03 
 3.68694506e+02  7.71458365e+03  3.68694506e+02 -9.46543442e+03 
 3.98107171e+02  7.01518542e+03  3.98107171e+02 -9.29412995e+03 
 4.29866235e+02  6.34453493e+03  4.29866235e+02 -9.07637155e+03 
 4.64158883e+02  5.70825554e+03  4.64158883e+02 -8.81780220e+03 
 5.01187234e+02  5.11064953e+03  5.01187234e+02 -8.52470514e+03 
 5.41169527e+02  4.55466491e+03  5.41169527e+02 -8.20366984e+03 
 5.84341413e+02  4.04194880e+03  5.84341413e+02 -7.86128499e+03 
 6.30957344e+02  3.57296848e+03  6.30957344e+02 -7.50387925e+03 
 6.81292069e+02  3.14717763e+03  6.81292069e+02 -7.13732123e+03 
 7.35642254e+02  2.76320605e+03  7.35642254e+02 -6.76688165e+03 
 7.94328235e+02  2.41905379e+03  7.94328235e+02 -6.39715392e+03 
 8.57695899e+02  2.11227509e+03  8.57695899e+02 -6.03202507e+03 
 9.26118728e+02  1.84014269e+03  9.26118728e+02 -5.67468634e+03 
 1.00000000e+03  1.59978685e+03  1.00000000e+03 -5.32767288e+03 
 1.07977516e+03  1.38830766e+03  1.07977516e+03 -4.99292232e+03 
 1.16591440e+03  1.20286127e+03  1.16591440e+03 -4.67184374e+03 
 1.25892541e+03  1.04072256e+03  1.25892541e+03 -4.36539054e+03 
 1.35935639e+03  8.99327739e+02  1.35935639e+03 -4.07413220e+03 
 1.46779927e+03  7.76300248e+02  1.46779927e+03 -3.79832171e+03 
 1.58489319e+03  6.69463762e+02  1.58489319e+03 -3.53795686e+03 
 1.71132830e+03  5.76845266e+02  1.71132830e+03 -3.29283422e+03 
 1.84784980e+03  4.96671020e+02  1.84784980e+03 -3.06259572e+03 
 1.99526231e+03  4.27357633e+02  1.99526231e+03 -2.84676808e+03 
 2.15443469e+03  3.67499994e+02  2.15443469e+03 -2.64479556e+03 
 2.32630507e+03  3.15857444e+02  2.32630507e+03 -2.45606671e+03 
 2.51188643e+03  2.71339177e+02  2.51188643e+03 -2.27993600e+03 
 2.71227258e+03  2.32989596e+02  2.71227258e+03 -2.11574094e+03 
 2.92864456e+03  1.99974127e+02  2.92864456e+03 -1.96281542e+03 
 3.16227766e+03  1.71565796e+02  3.16227766e+03 -1.82050003e+03 
 3.41454887e+03  1.47132770e+02  3.41454887e+03 -1.68814968e+03 
 3.68694506e+03  1.26126951e+02  3.68694506e+03 -1.56513927e+03 
 3.98107171e+03  1.08073654e+02  3.98107171e+03 -1.45086759e+03 
 4.29866235e+03  9.25623461e+01  4.29866235e+03 -1.34476002e+03 
 4.64158883e+03  7.92383993e+01  4.64158883e+03 -1.24627003e+03 
 5.01187234e+03  6.77957894e+01  5.01187234e+03 -1.15488004e+03 
 5.41169527e+03  5.79706651e+01  5.41169527e+03 -1.07010151e+03 
 5.84341413e+03  4.95357061e+01  5.84341413e+03 -9.91474700e+02 
 6.30957344e+03  4.22951908e+01  6.30957344e+03 -9.18567970e+02 
 6.81292069e+03  3.60806958e+01  6.81292069e+03 -8.50976921e+02 
 7.35642254e+03  3.07473571e+01  7.35642254e+03 -7.88323310e+02 
 7.94328235e+03  2.61706245e+01  7.94328235e+03 -7.30253881e+02 
 8.57695899e+03  2.22434497e+01  8.57695899e+03 -6.76439118e+02 
 9.26118728e+03  1.88738547e+01  9.26118728e+03 -6.26571973e+02 
 1.00000000e+04  1.59828296e+01  1.00000000e+04 -5.80366588e+02 
 1.07977516e+04  1.35025197e+01  1.07977516e+04 -5.37557036e+02 
 1.16591440e+04  1.13746605e+01  1.16591440e+04 -4.97896092e+02 
 1.25892541e+04  9.54923110e+00  1.25892541e+04 -4.61154046e+02 
 1.35935639e+04  7.98329313e+00  1.35935639e+04 -4.27117557e+02 
 1.46779927e+04  6.63999260e+00  1.46779927e+04 -3.95588573e+02 
 1.58489319e+04  5.48770077e+00  1.58489319e+04 -3.66383296e+02 
 1.71132830e+04  4.49927571e+00  1.71132830e+04 -3.39331207e+02 
 1.84784980e+04  3.65142752e+00  1.84784980e+04 -3.14274144e+02 
 1.99526231e+04  2.92417292e+00  1.99526231e+04 -2.91065444e+02 
 2.15443469e+04  2.30036670e+00  2.15443469e+04 -2.69569125e+02 
 2.32630507e+04  1.76529937e+00  2.32630507e+04 -2.49659133e+02 
 2.51188643e+04  1.30635164e+00  2.51188643e+04 -2.31218632e+02 
 2.71227258e+04  9.12697774e-01  2.71227258e+04 -2.14139341e+02 
 2.92864456e+04  5.75050957e-01  2.92864456e+04 -1.98320919e+02 
 3.16227766e+04  2.85444743e-01  3.16227766e+04 -1.83670389e+02 
 3.41454887e+04  3.70454882e-02  3.41454887e+04 -1.70101607e+02 
 3.68694506e+04 -1.76008614e-01  3.68694506e+04 -1.57534761e+02 
 3.98107171e+04 -3.58745647e-01  3.98107171e+04 -1.45895912e+02 
 4.29866235e+04 -5.15478475e-01  4.29866235e+04 -1.35116564e+02 
 4.64158883e+04 -6.49906423e-01  4.64158883e+04 -1.25133265e+02 
 5.01187234e+04 -7.65202504e-01  5.01187234e+04 -1.15887239e+02 
 5.41169527e+04 -8.64088252e-01  5.41169527e+04 -1.07324043e+02 
 5.84341413e+04 -9.48897918e-01  5.84341413e+04 -9.93932461e+01 
 6.30957344e+04 -1.02163354e+00  6.30957344e+04 -9.20481378e+01 
 6.81292069e+04 -1.08401216e+00  6.81292069e+04 -8.52454522e+01 
 7.35642254e+04 -1.13750639e+00  7.35642254e+04 -7.89451154e+01 
 7.94328235e+04 -1.18337908e+00  7.94328235e+04 -7.31100103e+01 
 8.57695899e+04 -1.22271323e+00  8.57695899e+04 -6.77057581e+01 
 9.26118728e+04 -1.25643743e+00  9.26118728e+04 -6.27005170e+01 
 1.00000000e+05 -1.28534787e+00  1.00000000e+05 -5.80647949e+01 
 1.07977516e+05 -1.31012711e+00  1.07977516e+05 -5.37712758e+01 
 1.16591440e+05 -1.33136015e+00  1.16591440e+05 -4.97946593e+01 
 1.25892541e+05 -1.34954830e+00  1.25892541e+05 -4.61115119e+01 
 1.35935639e+05 -1.36512098e+00  1.35935639e+05 -4.27001288e+01 
 1.46779927e+05 -1.37844586e+00  1.46779927e+05 -3.95404065e+01 
 1.58489319e+05 -1.38983753e+00  1.58489319e+05 -3.66137241e+01 
 1.71132830e+05 -1.39956497e+00  1.71132830e+05 -3.39028339e+01 
 1.84784980e+05 -1.40785787e+00  1.84784980e+05 -3.13917599e+01 
 1.99526231e+05 -1.41491202e+00  1.99526231e+05 -2.90657035e+01 
 2.15443469e+05 -1.42089402e+00  2.15443469e+05 -2.69109564e+01 
 2.32630507e+05 -1.42594514e+00  2.32630507e+05 -2.49148201e+01 
 2.51188643e+05 -1.43018470e+00  2.51188643e+05 -2.30655309e+01 
 2.71227258e+05 -1.43371286e+00  2.71227258e+05 -2.13521905e+01 
 2.92864456e+05 -1.43661305e+00  2.92864456e+05 -1.97647025e+01 
 3.16227766e+05 -1.43895387e+00  3.16227766e+05 -1.82937120e+01 
 3.41454887e+05 -1.44079079e+00  3.41454887e+05 -1.69305514e+01 
 3.68694506e+05 -1.44216744e+00  3.68694506e+05 -1.56671890e+01 
 3.98107171e+05 -1.44311669e+00  3.98107171e+05 -1.44961818e+01 
 4.29866235e+05 -1.44366145e+00  4.29866235e+05 -1.34106321e+01 
 4.64158883e+05 -1.44381522e+00  4.64158883e+05 -1.24041467e+01 
 5.01187234e+05 -1.44358255e+00  5.01187234e+05 -1.14707995e+01 
 5.41169527e+05 -1.44295916e+00  5.41169527e+05 -1.06050973e+01 
 5.84341413e+05 -1.44193199e+00  5.84341413e+05 -9.80194729e+00 
 6.30957344e+05 -1.44047899e+00  6.30957344e+05 -9.05662773e+00 
 6.81292069e+05 -1.43856890e+00  6.81292069e+05 -8.36476077e+00 
 7.35642254e+05 -1.43616068e+00  7.35642254e+05 -7.72228730e+00 
 7.94328235e+05 -1.43320296e+00  7.94328235e+05 -7.12544393e+00 
 8.57695899e+05 -1.42963332e+00  8.57695899e+05 -6.57074191e+00 
 9.26118728e+05 -1.42537742e+00  9.26118728e+05 -6.05494787e+00 
 1.00000000e+06 -1.42034817e+00  1.00000000e+06 -5.57506643e+00 
 1.07977516e+06 -1.41444474e+00  1.07977516e+06 -5.12832441e+00 
 1.16591440e+06 -1.40755173e+00  1.16591440e+06 -4.71215686e+00 
 1.25892541e+06 -1.39953839e+00  1.25892541e+06 -4.32419465e+00 
 1.35935639e+06 -1.39025804e+00  1.35935639e+06 -3.96225369e+00 
 1.46779927e+06 -1.37954798e+00  1.46779927e+06 -3.62432573e+00 
 1.58489319e+06 -1.36722975e+00  1.58489319e+06 -3.30857062e+00 
 1.71132830e+06 -1.35311035e+00  1.71132830e+06 -3.01331011e+00 
 1.84784980e+06 -1.33698427e+00  1.84784980e+06 -2.73702277e+00 
 1.99526231e+06 -1.31863691e+00  1.99526231e+06 -2.47834011e+00 
 2.15443469e+06 -1.29784950e+00  2.15443469e+06 -2.23604334e+00 
 2.32630507e+06 -1.27440581e+00  2.32630507e+06 -2.00906058e+00 
 2.51188643e+06 -1.24810086e+00  2.51188643e+06 -1.79646371e+00 
 2.71227258e+06 -1.21875164e+00  2.71227258e+06 -1.59746439e+00 
 2.92864456e+06 -1.18620975e+00  2.92864456e+06 -1.41140824e+00 
 3.16227766e+06 -1.15037548e+00  3.16227766e+06 -1.23776651e+00 
 3.41454887e+06 -1.11121259e+00  3.41454887e+06 -1.07612427e+00 
 3.68694506e+06 -1.06876267e+00  3.68694506e+06 -9.26164493e-01 
 3.98107171e+06 -1.02315764e+00  3.98107171e+06 -7.87647895e-01 
 4.29866235e+06 -9.74628672e-01  4.29866235e+06 -6.60388547e-01 
 4.64158883e+06 -9.23509865e-01  4.64158883e+06 -5.44226323e-01 
 5.01187234e+06 -8.70235256e-01  5.01187234e+06 -4.38997699e-01 
 5.41169527e+06 -8.15328351e-01  5.41169527e+06 -3.44507102e-01 
 5.84341413e+06 -7.59384173e-01  5.84341413e+06 -2.60501360e-01 
 6.30957344e+06 -7.03044863e-01  6.30957344e+06 -1.86649759e-01 
 6.81292069e+06 -6.46970814e-01  6.81292069e+06 -1.22531772e-01 
 7.35642254e+06 -5.91810025e-01  7.35642254e+06 -6.76336396e-02 
 7.94328235e+06 -5.38168666e-01  7.94328235e+06 -2.13539100e-02 
 8.57695899e+06 -4.86585623e-01  8.57695899e+06  1.69830891e-02 
 9.26118728e+06 -4.37513183e-01  9.26118728e+06  4.81077916e-02 
 1.00000000e+07 -3.91305064e-01  1.00000000e+07  7.27824345e-02 
 1.07977516e+07 -3.48212015e-01  1.07977516e+07  9.17772038e-02 
 1.16591440e+07 -3.08384290e-01  1.16591440e+07  1.05847797e-01 
 1.25892541e+07 -2.71879670e-01  1.25892541e+07  1.15716153e-01 
 1.35935639e+07 -2.38675381e-01  1.35935639e+07  1.22055416e-01 
 1.46779927e+07 -2.08682200e-01  1.46779927e+07  1.25479518e-01 
 1.58489319e+07 -1.81759247e-01  1.58489319e+07  1.26537224e-01 
 1.71132830e+07 -1.57728256e-01  1.71132830e+07  1.25710096e-01 
 1.84784980e+07 -1.36386507e-01  1.84784980e+07  1.23413613e-01 
 1.99526231e+07 -1.17517911e-01  1.99526231e+07  1.20000629e-01 
 2.15443469e+07 -1.00902084e-01  2.15443469e+07  1.15766393e-01 
 2.32630507e+07 -8.63214003e-02  2.32630507e+07  1.10954447e-01 
 2.51188643e+07 -7.35662032e-02  2.51188643e+07  1.05762876e-01 
 2.71227258e+07 -6.24384146e-02  2.71227258e+07  1.00350504e-01 
 2.92864456e+07 -5.27538140e-02  2.92864456e+07  9.48427678e-02 
 3.16227766e+07 -4.43432590e-02  3.16227766e+07  8.93370990e-02 
 3.41454887e+07 -3.70530995e-02  3.41454887e+07  8.39077260e-02 
 3.68694506e+07 -3.07449993e-02  3.68694506e+07  7.86098753e-02 
 3.98107171e+07 -2.52953451e-02  3.98107171e+07  7.34833802e-02 
 4.29866235e+07 -2.05943866e-02  4.29866235e+07  6.85557386e-02 
 4.64158883e+07 -1.65452182e-02  4.64158883e+07  6.38446733e-02 
 5.01187234e+07 -1.30626847e-02  5.01187234e+07  5.93602538e-02 
 5.41169527e+07 -1.00722712e-02  5.41169527e+07  5.51066391e-02 
 5.84341413e+07 -7.50901767e-03  5.84341413e+07  5.10834983e-02 
 6.30957344e+07 -5.31648652e-03  6.30957344e+07  4.72871617e-02 
 6.81292069e+07 -3.44579701e-03  6.81292069e+07  4.37115478e-02 
 7.35642254e+07 -1.85473616e-03  7.35642254e+07  4.03489058e-02 
 7.94328235e+07 -5.06947379e-04  7.94328235e+07  3.71904088e-02 
 8.57695899e+07  6.28805081e-04  8.57695899e+07  3.42266248e-02 
 9.26118728e+07  1.57930055e-03  9.26118728e+07  3.14478895e-02 
 1.00000000e+08  2.36746159e-03  1.00000000e+08  2.88445986e-02 
 1.07977516e+08  3.01289607e-03  1.07977516e+08  2.64074347e-02 
 1.16591440e+08  3.53238876e-03  1.16591440e+08  2.41275384e-02 
 1.25892541e+08  3.94034891e-03  1.25892541e+08  2.19966315e-02 
 1.35935639e+08  4.24921897e-03  1.35935639e+08  2.00070958e-02 
 1.46779927e+08  4.46984789e-03  1.46779927e+08  1.81520109e-02 
 1.58489319e+08  4.61182986e-03  1.58489319e+08  1.64251514e-02 
 1.71132830e+08  4.68380711e-03  1.71132830e+08  1.48209443e-02 
 1.84784980e+08  4.69373296e-03  1.84784980e+08  1.33343896e-02 
 1.99526231e+08  4.64908954e-03  1.99526231e+08  1.19609468e-02 
 2.15443469e+08  4.55705394e-03  2.15443469e+08  1.06963950e-02 
 2.32630507e+08  4.42460791e-03  2.32630507e+08  9.53667729e-03 
 2.51188643e+08  4.25858848e-03  2.51188643e+08  8.47774304e-03 
 2.71227258e+08  4.06568188e-03  2.71227258e+08  7.51540260e-03 
 2.92864456e+08  3.85236785e-03  2.92864456e+08  6.64521064e-03 
 3.16227766e+08  3.62482723e-03  3.16227766e+08  5.86238992e-03 
 3.41454887e+08  3.38882901e-03  3.41454887e+08  5.16180335e-03 
 3.68694506e+08  3.14961516e-03  3.68694506e+08  4.53797559e-03 
 3.98107171e+08  2.91180004e-03  3.98107171e+08  3.98515919e-03 
 4.29866235e+08  2.67929785e-03  4.29866235e+08  3.49743467e-03 
 4.64158883e+08  2.45528615e-03  4.64158883e+08  3.06883084e-03 
 5.01187234e+08  2.24220758e-03  5.01187234e+08  2.69345063e-03 
 5.41169527e+08  2.04180679e-03  5.41169527e+08  2.36558934e-03 
 5.84341413e+08  1.85519567e-03  5.84341413e+08  2.07983509e-03 
 6.30957344e+08  1.68293774e-03  6.30957344e+08  1.83114545e-03 
 6.81292069e+08  1.52514239e-03  6.81292069e+08  1.61489789e-03 
 7.35642254e+08  1.38156040e-03  7.35642254e+08  1.42691495e-03 
 7.94328235e+08  1.25167413e-03  7.94328235e+08  1.26346749e-03 
 8.57695899e+08  1.13477765e-03  8.57695899e+08  1.12126056e-03 
 9.26118728e+08  1.03004450e-03  9.26118728e+08  9.97406856e-04 
 1.00000000e+09  9.36582210e-04  1.00000000e+09  8.89392569e-04 
 1.07977516e+09  8.53474148e-04  1.07977516e+09  7.95039513e-04 
 1.16591440e+09  7.79810280e-04  1.16591440e+09  7.12466758e-04 
 1.25892541e+09  7.14708577e-04  1.25892541e+09  6.40053844e-04 
 1.35935639e+09  6.57329095e-04  1.35935639e+09  5.76406887e-04 
 1.46779927e+09  6.06882547e-04  1.46779927e+09  5.20328200e-04 
 1.58489319e+09  5.62634876e-04  1.58489319e+09  4.70789519e-04 
 1.71132830e+09  5.23909052e-04  1.71132830e+09  4.26908679e-04 
 1.84784980e+09  4.90084982e-04  1.84784980e+09  3.87929369e-04 
 1.99526231e+09  4.60598159e-04  1.99526231e+09  3.53203595e-04 
 2.15443469e+09  4.34937478e-04  2.15443469e+09  3.22176475e-04 
 2.32630507e+09  4.12642500e-04  2.32630507e+09  2.94373032e-04 
 2.51188643e+09  3.93300376e-04  2.51188643e+09  2.69386725e-04 
 2.71227258e+09  3.76542548e-04  2.71227258e+09  2.46869490e-04 
 2.92864456e+09  3.62041350e-04  2.92864456e+09  2.26523117e-04 
 3.16227766e+09  3.49506590e-04  3.16227766e+09  2.08091800e-04 
 3.41454887e+09  3.38682172e-04  3.41454887e+09  1.91355727e-04 
 3.68694506e+09  3.29342831e-04  3.68694506e+09  1.76125596e-04 
 3.98107171e+09  3.21291006e-04  3.98107171e+09  1.62237938e-04 
 4.29866235e+09  3.14353903e-04  4.29866235e+09  1.49551149e-04 
 4.64158883e+09  3.08380752e-04  4.64158883e+09  1.37942135e-04 
 5.01187234e+09  3.03240288e-04  5.01187234e+09  1.27303488e-04 
 5.41169527e+09  2.98818446e-04  5.41169527e+09  1.17541112e-04 
 5.84341413e+09  2.95016272e-04  5.84341413e+09  1.08572235e-04 
 6.30957344e+09  2.91748056e-04  6.30957344e+09  1.00323744e-04 
 6.81292069e+09  2.88939654e-04  6.81292069e+09  9.27307945e-05 
 7.35642254e+09  2.86526999e-04  7.35642254e+09  8.57356419e-05 
 7.94328235e+09  2.84454789e-04  7.94328235e+09  7.92866688e-05 
 8.57695899e+09  2.82675330e-04  8.57695899e+09  7.33375660e-05 
 9.26118728e+09  2.81147521e-04  9.26118728e+09  6.78466445e-05 
 1.00000000e+10  2.79835962e-04  1.00000000e+10  6.27762559e-05 
