 1.00000000e+00  2.82686075e+02  1.00000000e+00 -3.54124569e-03 
 1.07977516e+00  2.82686075e+02  1.07977516e+00 -3.82374914e-03 
 1.16591440e+00  2.82686075e+02  1.16591440e+00 -4.12878935e-03 
 1.25892541e+00  2.82686075e+02  1.25892541e+00 -4.45816419e-03 
 1.35935639e+00  2.82686075e+02  1.35935639e+00 -4.81381497e-03 
 1.46779927e+00  2.82686075e+02  1.46779927e+00 -5.19783784e-03 
 1.58489319e+00  2.82686075e+02  1.58489319e+00 -5.61249619e-03 
 1.71132830e+00  2.82686075e+02  1.71132830e+00 -6.06023399e-03 
 1.84784980e+00  2.82686075e+02  1.84784980e+00 -6.54369014e-03 
 1.99526231e+00  2.82686075e+02  1.99526231e+00 -7.06571408e-03 
 2.15443469e+00  2.82686075e+02  2.15443469e+00 -7.62938256e-03 
 2.32630507e+00  2.82686074e+02  2.32630507e+00 -8.23801780e-03 
 2.51188643e+00  2.82686074e+02  2.51188643e+00 -8.89520700e-03 
 2.71227258e+00  2.82686074e+02  2.71227258e+00 -9.60482358e-03 
 2.92864456e+00  2.82686074e+02  2.92864456e+00 -1.03710499e-02 
 3.16227766e+00  2.82686074e+02  3.16227766e+00 -1.11984021e-02 
 3.41454887e+00  2.82686074e+02  3.41454887e+00 -1.20917565e-02 
 3.68694506e+00  2.82686074e+02  3.68694506e+00 -1.30563783e-02 
 3.98107171e+00  2.82686074e+02  3.98107171e+00 -1.40979530e-02 
 4.29866235e+00  2.82686074e+02  4.29866235e+00 -1.52226195e-02 
 4.64158883e+00  2.82686074e+02  4.64158883e+00 -1.64370064e-02 
 5.01187234e+00  2.82686074e+02  5.01187234e+00 -1.77482713e-02 
 5.41169527e+00  2.82686073e+02  5.41169527e+00 -1.91641425e-02 
 5.84341413e+00  2.82686073e+02  5.84341413e+00 -2.06929650e-02 
 6.30957344e+00  2.82686073e+02  6.30957344e+00 -2.23437497e-02 
 6.81292069e+00  2.82686073e+02  6.81292069e+00 -2.41262259e-02 
 7.35642254e+00  2.82686072e+02  7.35642254e+00 -2.60508994e-02 
 7.94328235e+00  2.82686072e+02  7.94328235e+00 -2.81291141e-02 
 8.57695899e+00  2.82686071e+02  8.57695899e+00 -3.03731187e-02 
 9.26118728e+00  2.82686071e+02  9.26118728e+00 -3.27961391e-02 
 1.00000000e+01  2.82686070e+02  1.00000000e+01 -3.54124564e-02 
 1.07977516e+01  2.82686070e+02  1.07977516e+01 -3.82374907e-02 
 1.16591440e+01  2.82686069e+02  1.16591440e+01 -4.12878927e-02 
 1.25892541e+01  2.82686068e+02  1.25892541e+01 -4.45816408e-02 
 1.35935639e+01  2.82686067e+02  1.35935639e+01 -4.81381483e-02 
 1.46779927e+01  2.82686065e+02  1.46779927e+01 -5.19783766e-02 
 1.58489319e+01  2.82686064e+02  1.58489319e+01 -5.61249597e-02 
 1.71132830e+01  2.82686062e+02  1.71132830e+01 -6.06023371e-02 
 1.84784980e+01  2.82686060e+02  1.84784980e+01 -6.54368979e-02 
 1.99526231e+01  2.82686057e+02  1.99526231e+01 -7.06571364e-02 
 2.15443469e+01  2.82686054e+02  2.15443469e+01 -7.62938201e-02 
 2.32630507e+01  2.82686051e+02  2.32630507e+01 -8.23801710e-02 
 2.51188643e+01  2.82686047e+02  2.51188643e+01 -8.89520613e-02 
 2.71227258e+01  2.82686042e+02  2.71227258e+01 -9.60482249e-02 
 2.92864456e+01  2.82686037e+02  2.92864456e+01 -1.03710486e-01 
 3.16227766e+01  2.82686030e+02  3.16227766e+01 -1.11984004e-01 
 3.41454887e+01  2.82686023e+02  3.41454887e+01 -1.20917543e-01 
 3.68694506e+01  2.82686014e+02  3.68694506e+01 -1.30563756e-01 
 3.98107171e+01  2.82686004e+02  3.98107171e+01 -1.40979495e-01 
 4.29866235e+01  2.82685993e+02  4.29866235e+01 -1.52226151e-01 
 4.64158883e+01  2.82685979e+02  4.64158883e+01 -1.64370009e-01 
 5.01187234e+01  2.82685963e+02  5.01187234e+01 -1.77482643e-01 
 5.41169527e+01  2.82685945e+02  5.41169527e+01 -1.91641338e-01 
 5.84341413e+01  2.82685923e+02  5.84341413e+01 -2.06929541e-01 
 6.30957344e+01  2.82685898e+02  6.30957344e+01 -2.23437358e-01 
 6.81292069e+01  2.82685869e+02  6.81292069e+01 -2.41262085e-01 
 7.35642254e+01  2.82685835e+02  7.35642254e+01 -2.60508776e-01 
 7.94328235e+01  2.82685795e+02  7.94328235e+01 -2.81290866e-01 
 8.57695899e+01  2.82685749e+02  8.57695899e+01 -3.03730840e-01 
 9.26118728e+01  2.82685694e+02  9.26118728e+01 -3.27960955e-01 
 1.00000000e+02  2.82685631e+02  1.00000000e+02 -3.54124014e-01 
 1.07977516e+02  2.82685558e+02  1.07977516e+02 -3.82374215e-01 
 1.16591440e+02  2.82685472e+02  1.16591440e+02 -4.12878055e-01 
 1.25892541e+02  2.82685372e+02  1.25892541e+02 -4.45815311e-01 
 1.35935639e+02  2.82685255e+02  1.35935639e+02 -4.81380102e-01 
 1.46779927e+02  2.82685119e+02  1.46779927e+02 -5.19782028e-01 
 1.58489319e+02  2.82684961e+02  1.58489319e+02 -5.61247409e-01 
 1.71132830e+02  2.82684776e+02  1.71132830e+02 -6.06020616e-01 
 1.84784980e+02  2.82684561e+02  1.84784980e+02 -6.54365510e-01 
 1.99526231e+02  2.82684309e+02  1.99526231e+02 -7.06566997e-01 
 2.15443469e+02  2.82684016e+02  2.15443469e+02 -7.62932704e-01 
 2.32630507e+02  2.82683675e+02  2.32630507e+02 -8.23794789e-01 
 2.51188643e+02  2.82683277e+02  2.51188643e+02 -8.89511900e-01 
 2.71227258e+02  2.82682812e+02  2.71227258e+02 -9.60471279e-01 
 2.92864456e+02  2.82682271e+02  2.92864456e+02 -1.03709105e+00 
 3.16227766e+02  2.82681640e+02  3.16227766e+02 -1.11982265e+00 
 3.41454887e+02  2.82680904e+02  3.41454887e+02 -1.20915354e+00 
 3.68694506e+02  2.82680047e+02  3.68694506e+02 -1.30561000e+00 
 3.98107171e+02  2.82679047e+02  3.98107171e+02 -1.40976027e+00 
 4.29866235e+02  2.82677881e+02  4.29866235e+02 -1.52221784e+00 
 4.64158883e+02  2.82676521e+02  4.64158883e+02 -1.64364512e+00 
 5.01187234e+02  2.82674936e+02  5.01187234e+02 -1.77475722e+00 
 5.41169527e+02  2.82673088e+02  5.41169527e+02 -1.91632625e+00 
 5.84341413e+02  2.82670933e+02  5.84341413e+02 -2.06918572e+00 
 6.30957344e+02  2.82668421e+02  6.30957344e+02 -2.23423550e+00 
 6.81292069e+02  2.82665493e+02  6.81292069e+02 -2.41244701e+00 
 7.35642254e+02  2.82662078e+02  7.35642254e+02 -2.60486890e+00 
 7.94328235e+02  2.82658097e+02  7.94328235e+02 -2.81263314e+00 
 8.57695899e+02  2.82653456e+02  8.57695899e+02 -3.03696156e+00 
 9.26118728e+02  2.82648044e+02  9.26118728e+02 -3.27917290e+00 
 1.00000000e+03  2.82641736e+02  1.00000000e+03 -3.54069045e+00 
 1.07977516e+03  2.82634381e+02  1.07977516e+03 -3.82305015e+00 
 1.16591440e+03  2.82625806e+02  1.16591440e+03 -4.12790940e+00 
 1.25892541e+03  2.82615809e+02  1.25892541e+03 -4.45705644e+00 
 1.35935639e+03  2.82604154e+02  1.35935639e+03 -4.81242044e+00 
 1.46779927e+03  2.82590566e+02  1.46779927e+03 -5.19608232e+00 
 1.58489319e+03  2.82574726e+02  1.58489319e+03 -5.61028625e+00 
 1.71132830e+03  2.82556261e+02  1.71132830e+03 -6.05745201e+00 
 1.84784980e+03  2.82534734e+02  1.84784980e+03 -6.54018811e+00 
 1.99526231e+03  2.82509640e+02  1.99526231e+03 -7.06130568e+00 
 2.15443469e+03  2.82480389e+02  2.15443469e+03 -7.62383329e+00 
 2.32630507e+03  2.82446291e+02  2.32630507e+03 -8.23103252e+00 
 2.51188643e+03  2.82406547e+02  2.51188643e+03 -8.88641429e+00 
 2.71227258e+03  2.82360223e+02  2.71227258e+03 -9.59375603e+00 
 2.92864456e+03  2.82306232e+02  2.92864456e+03 -1.03571194e+01 
 3.16227766e+03  2.82243309e+02  3.16227766e+03 -1.11808685e+01 
 3.41454887e+03  2.82169982e+02  3.41454887e+03 -1.20696887e+01 
 3.68694506e+03  2.82084537e+02  3.68694506e+03 -1.30286050e+01 
 3.98107171e+03  2.81984981e+02  3.98107171e+03 -1.40630008e+01 
 4.29866235e+03  2.81868995e+02  4.29866235e+03 -1.51786354e+01 
 4.64158883e+03  2.81733886e+02  4.64158883e+03 -1.63816603e+01 
 5.01187234e+03  2.81576524e+02  5.01187234e+03 -1.76786335e+01 
 5.41169527e+03  2.81393275e+02  5.41169527e+03 -1.90765307e+01 
 5.84341413e+03  2.81179924e+02  5.84341413e+03 -2.05827520e+01 
 6.30957344e+03  2.80931582e+02  6.30957344e+03 -2.22051222e+01 
 6.81292069e+03  2.80642590e+02  6.81292069e+03 -2.39518837e+01 
 7.35642254e+03  2.80306400e+02  7.35642254e+03 -2.58316784e+01 
 7.94328235e+03  2.79915446e+02  7.94328235e+03 -2.78535160e+01 
 8.57695899e+03  2.79461001e+02  8.57695899e+03 -3.00267243e+01 
 9.26118728e+03  2.78933016e+02  9.26118728e+03 -3.23608780e+01 
 1.00000000e+04  2.78319944e+02  1.00000000e+04 -3.48656991e+01 
 1.07977516e+04  2.77608547e+02  1.07977516e+04 -3.75509228e+01 
 1.16591440e+04  2.76783695e+02  1.16591440e+04 -4.04261221e+01 
 1.25892541e+04  2.75828155e+02  1.25892541e+04 -4.35004801e+01 
 1.35935639e+04  2.74722370e+02  1.35935639e+04 -4.67825022e+01 
 1.46779927e+04  2.73444258e+02  1.46779927e+04 -5.02796564e+01 
 1.58489319e+04  2.71969019e+02  1.58489319e+04 -5.39979311e+01 
 1.71132830e+04  2.70268982e+02  1.71132830e+04 -5.79412989e+01 
 1.84784980e+04  2.68313515e+02  1.84784980e+04 -6.21110788e+01 
 1.99526231e+04  2.66069025e+02  1.99526231e+04 -6.65051899e+01 
 2.15443469e+04  2.63499080e+02  2.15443469e+04 -7.11172975e+01 
 2.32630507e+04  2.60564708e+02  2.32630507e+04 -7.59358606e+01 
 2.51188643e+04  2.57224912e+02  2.51188643e+04 -8.09431028e+01 
 2.71227258e+04  2.53437467e+02  2.71227258e+04 -8.61139460e+01 
 2.92864456e+04  2.49160027e+02  2.92864456e+04 -9.14149677e+01 
 3.16227766e+04  2.44351619e+02  3.16227766e+04 -9.68034684e+01 
 3.41454887e+04  2.38974513e+02  3.41454887e+04 -1.02226762e+02 
 3.68694506e+04  2.32996483e+02  3.68694506e+04 -1.07621830e+02 
 3.98107171e+04  2.26393397e+02  3.98107171e+04 -1.12915489e+02 
 4.29866235e+04  2.19152014e+02  4.29866235e+04 -1.18025239e+02 
 4.64158883e+04  2.11272820e+02  4.64158883e+04 -1.22860920e+02 
 5.01187234e+04  2.02772637e+02  5.01187234e+04 -1.27327266e+02 
 5.41169527e+04  1.93686699e+02  5.41169527e+04 -1.31327362e+02 
 5.84341413e+04  1.84069878e+02  5.84341413e+04 -1.34766879e+02 
 6.30957344e+04  1.73996739e+02  6.30957344e+04 -1.37558844e+02 
 6.81292069e+04  1.63560213e+02  6.81292069e+04 -1.39628572e+02 
 7.35642254e+04  1.52868806e+02  7.35642254e+04 -1.40918291e+02 
 7.94328235e+04  1.42042454e+02  7.94328235e+04 -1.41390944e+02 
 8.57695899e+04  1.31207307e+02  8.57695899e+04 -1.41032749e+02 
 9.26118728e+04  1.20489927e+02  9.26118728e+04 -1.39854162e+02 
 1.00000000e+05  1.10011436e+02  1.00000000e+05 -1.37889141e+02 
 1.07977516e+05  9.98821943e+01  1.07977516e+05 -1.35192802e+02 
 1.16591440e+05  9.01974819e+01  1.16591440e+05 -1.31837755e+02 
 1.25892541e+05  8.10345124e+01  1.25892541e+05 -1.27909569e+02 
 1.35935639e+05  7.24509029e+01  1.35935639e+05 -1.23501847e+02 
 1.46779927e+05  6.44845512e+01  1.46779927e+05 -1.18711417e+02 
 1.58489319e+05  5.71547133e+01  1.58489319e+05 -1.13633995e+02 
 1.71132830e+05  5.04639840e+01  1.71132830e+05 -1.08360620e+02 
 1.84784980e+05  4.44008529e+01  1.84784980e+05 -1.02974969e+02 
 1.99526231e+05  3.89425215e+01  1.99526231e+05 -9.75515780e+01 
 2.15443469e+05  3.40577216e+01  2.15443469e+05 -9.21548938e+01 
 2.32630507e+05  2.97093410e+01  2.32630507e+05 -8.68390186e+01 
 2.51188643e+05  2.58567325e+01  2.51188643e+05 -8.16479954e+01 
 2.71227258e+05  2.24576449e+01  2.71227258e+05 -7.66164758e+01 
 2.92864456e+05  1.94697600e+01  2.92864456e+05 -7.17706299e+01 
 3.16227766e+05  1.68518584e+01  3.16227766e+05 -6.71291785e+01 
 3.41454887e+05  1.45646519e+01  3.41454887e+05 -6.27044611e+01 
 3.68694506e+05  1.25713361e+01  3.68694506e+05 -5.85034726e+01 
 3.98107171e+05  1.08379141e+01  3.98107171e+05 -5.45288280e+01 
 4.29866235e+05  9.33334277e+00  4.29866235e+05 -5.07796310e+01 
 4.64158883e+05  8.02954682e+00  4.64158883e+05 -4.72522348e+01 
 5.01187234e+05  6.90133731e+00  5.01187234e+05 -4.39408953e+01 
 5.41169527e+05  5.92626649e+00  5.41169527e+05 -4.08383203e+01 
 5.84341413e+05  5.08444257e+00  5.84341413e+05 -3.79361244e+01 
 6.30957344e+05  4.35832316e+00  6.30957344e+05 -3.52251991e+01 
 6.81292069e+05  3.73250055e+00  6.81292069e+05 -3.26960106e+01 
 7.35642254e+05  3.19348871e+00  7.35642254e+05 -3.03388341e+01 
 7.94328235e+05  2.72951833e+00  7.94328235e+05 -2.81439369e+01 
 8.57695899e+05  2.33034399e+00  8.57695899e+05 -2.61017171e+01 
 9.26118728e+05  1.98706595e+00  9.26118728e+05 -2.42028077e+01 
 1.00000000e+06  1.69196751e+00  1.00000000e+06 -2.24381515e+01 
 1.07977516e+06  1.43836821e+00  1.07977516e+06 -2.07990533e+01 
 1.16591440e+06  1.22049237e+00  1.16591440e+06 -1.92772139e+01 
 1.25892541e+06  1.03335229e+00  1.25892541e+06 -1.78647497e+01 
 1.35935639e+06  8.72644921e-01  1.35935639e+06 -1.65542016e+01 
 1.46779927e+06  7.34661020e-01  1.46779927e+06 -1.53385353e+01 
 1.58489319e+06  6.16205480e-01  1.58489319e+06 -1.42111353e+01 
 1.71132830e+06  5.14527768e-01  1.71132830e+06 -1.31657941e+01 
 1.84784980e+06  4.27261310e-01  1.84784980e+06 -1.21966989e+01 
 1.99526231e+06  3.52370815e-01  1.99526231e+06 -1.12984149e+01 
 2.15443469e+06  2.88106579e-01  2.15443469e+06 -1.04658681e+01 
 2.32630507e+06  2.32964913e-01  2.32630507e+06 -9.69432687e+00 
 2.51188643e+06  1.85653929e-01  2.51188643e+06 -8.97938315e+00 
 2.71227258e+06  1.45063975e-01  2.71227258e+06 -8.31693396e+00 
 2.92864456e+06  1.10242142e-01  2.92864456e+06 -7.70316299e+00 
 3.16227766e+06  8.03702725e-02  3.16227766e+06 -7.13452276e+00 
 3.41454887e+06  5.47460239e-02  3.41454887e+06 -6.60771741e+00 
 3.68694506e+06  3.27665645e-02  3.68694506e+06 -6.11968626e+00 
 3.98107171e+06  1.39145453e-02  3.98107171e+06 -5.66758805e+00 
 4.29866235e+06 -2.25396393e-03  4.29866235e+06 -5.24878610e+00 
 4.64158883e+06 -1.61198452e-02  4.64158883e+06 -4.86083426e+00 
 5.01187234e+06 -2.80098428e-02  5.01187234e+06 -4.50146363e+00 
 5.41169527e+06 -3.82042182e-02  5.41169527e+06 -4.16857016e+00 
 5.84341413e+06 -4.69433229e-02  5.84341413e+06 -3.86020298e+00 
 6.30957344e+06 -5.44332408e-02  6.30957344e+06 -3.57455351e+00 
 6.81292069e+06 -6.08506302e-02  6.81292069e+06 -3.30994524e+00 
 7.35642254e+06 -6.63468780e-02  7.35642254e+06 -3.06482426e+00 
 7.94328235e+06 -7.10516609e-02  7.94328235e+06 -2.83775040e+00 
 8.57695899e+06 -7.50759994e-02  8.57695899e+06 -2.62738894e+00 
 9.26118728e+06 -7.85148723e-02  9.26118728e+06 -2.43250301e+00 
 1.00000000e+07 -8.14494564e-02  1.00000000e+07 -2.25194638e+00 
 1.07977516e+07 -8.39490409e-02  1.07977516e+07 -2.08465691e+00 
 1.16591440e+07 -8.60726642e-02  1.16591440e+07 -1.92965031e+00 
 1.25892541e+07 -8.78705092e-02  1.25892541e+07 -1.78601452e+00 
 1.35935639e+07 -8.93850925e-02  1.35935639e+07 -1.65290434e+00 
 1.46779927e+07 -9.06522746e-02  1.46779927e+07 -1.52953656e+00 
 1.58489319e+07 -9.17021154e-02  1.58489319e+07 -1.41518542e+00 
 1.71132830e+07 -9.25595971e-02  1.71132830e+07 -1.30917834e+00 
 1.84784980e+07 -9.32452313e-02  1.84784980e+07 -1.21089213e+00 
 1.99526231e+07 -9.37755673e-02  1.99526231e+07 -1.11974928e+00 
 2.15443469e+07 -9.41636147e-02  2.15443469e+07 -1.03521474e+00 
 2.32630507e+07 -9.44191931e-02  2.32630507e+07 -9.56792783e-01 
 2.51188643e+07 -9.45492208e-02  2.51188643e+07 -8.84024270e-01 
 2.71227258e+07 -9.45579530e-02  2.71227258e+07 -8.16484027e-01 
 2.92864456e+07 -9.44471811e-02  2.92864456e+07 -7.53778513e-01 
 3.16227766e+07 -9.42164036e-02  3.16227766e+07 -6.95543685e-01 
 3.41454887e+07 -9.38629824e-02  3.41454887e+07 -6.41443056e-01 
 3.68694506e+07 -9.33822959e-02  3.68694506e+07 -5.91165955e-01 
 3.98107171e+07 -9.27679069e-02  3.98107171e+07 -5.44425963e-01 
 4.29866235e+07 -9.20117591e-02  4.29866235e+07 -5.00959519e-01 
 4.64158883e+07 -9.11044235e-02  4.64158883e+07 -4.60524679e-01 
 5.01187234e+07 -9.00354126e-02  5.01187234e+07 -4.22900014e-01 
 5.41169527e+07 -8.87935831e-02  5.41169527e+07 -3.87883604e-01 
 5.84341413e+07 -8.73676431e-02  5.84341413e+07 -3.55292122e-01 
 6.30957344e+07 -8.57467773e-02  6.30957344e+07 -3.24959938e-01 
 6.81292069e+07 -8.39213925e-02  6.81292069e+07 -2.96738215e-01 
 7.35642254e+07 -8.18839724e-02  7.35642254e+07 -2.70493933e-01 
 7.94328235e+07 -7.96300143e-02  7.94328235e+07 -2.46108780e-01 
 8.57695899e+07 -7.71589955e-02  8.57695899e+07 -2.23477865e-01 
 9.26118728e+07 -7.44752955e-02  9.26118728e+07 -2.02508197e-01 
 1.00000000e+08 -7.15889805e-02  1.00000000e+08 -1.83116934e-01 
 1.07977516e+08 -6.85163431e-02  1.07977516e+08 -1.65229403e-01 
 1.16591440e+08 -6.52800912e-02  1.16591440e+08 -1.48776957e-01 
 1.25892541e+08 -6.19091032e-02  1.25892541e+08 -1.33694782e-01 
 1.35935639e+08 -5.84377030e-02  1.35935639e+08 -1.19919781e-01 
 1.46779927e+08 -5.49044661e-02  1.46779927e+08 -1.07388706e-01 
 1.58489319e+08 -5.13506320e-02  1.58489319e+08 -9.60366896e-02 
 1.71132830e+08 -4.78182558e-02  1.71132830e+08 -8.57962947e-02 
 1.84784980e+08 -4.43482755e-02  1.84784980e+08 -7.65971540e-02 
 1.99526231e+08 -4.09786823e-02  1.99526231e+08 -6.83661833e-02 
 2.15443469e+08 -3.77429672e-02  2.15443469e+08 -6.10282998e-02 
 2.32630507e+08 -3.46689697e-02  2.32630507e+08 -5.45075110e-02 
 2.51188643e+08 -3.17781990e-02  2.51188643e+08 -4.87282136e-02 
 2.71227258e+08 -2.90856283e-02  2.71227258e+08 -4.36165377e-02 
 2.92864456e+08 -2.65999145e-02  2.92864456e+08 -3.91015937e-02 
 3.16227766e+08 -2.43239528e-02  3.16227766e+08 -3.51165162e-02 
 3.41454887e+08 -2.22556607e-02  3.41454887e+08 -3.15992442e-02 
 3.68694506e+08 -2.03888856e-02  3.68694506e+08 -2.84930176e-02 
 3.98107171e+08 -1.87143412e-02  3.98107171e+08 -2.57466036e-02 
 4.29866235e+08 -1.72205021e-02  4.29866235e+08 -2.33142905e-02 
 4.64158883e+08 -1.58944069e-02  4.64158883e+08 -2.11556965e-02 
 5.01187234e+08 -1.47223416e-02  5.01187234e+08 -1.92354448e-02 
 5.41169527e+08 -1.36903942e-02  5.41169527e+08 -1.75227545e-02 
 5.84341413e+08 -1.27848824e-02  5.84341413e+08 -1.59909861e-02 
 6.30957344e+08 -1.19926673e-02  6.30957344e+08 -1.46171761e-02 
 6.81292069e+08 -1.13013665e-02  6.81292069e+08 -1.33815821e-02 
 7.35642254e+08 -1.06994868e-02  7.35642254e+08 -1.22672566e-02 
 7.94328235e+08 -1.01764914e-02  7.94328235e+08 -1.12596566e-02 
 8.57695899e+08 -9.72281871e-03  8.57695899e+08 -1.03462955e-02 
 9.26118728e+08 -9.32986532e-03  9.26118728e+08 -9.51643628e-03 
 1.00000000e+09 -8.98994479e-03  1.00000000e+09 -8.76082682e-03 
 1.07977516e+09 -8.69623053e-03  1.07977516e+09 -8.07147186e-03 
 1.16591440e+09 -8.44268986e-03  1.16591440e+09 -7.44143964e-03 
 1.25892541e+09 -8.22401420e-03  1.25892541e+09 -6.86469846e-03 
 1.35935639e+09 -8.03554886e-03  1.35935639e+09 -6.33597919e-03 
 1.46779927e+09 -7.87322493e-03  1.46779927e+09 -5.85066007e-03 
 1.58489319e+09 -7.73349481e-03  1.58489319e+09 -5.40467030e-03 
 1.71132830e+09 -7.61327234e-03  1.71132830e+09 -4.99440948e-03 
 1.84784980e+09 -7.50987793e-03  1.84784980e+09 -4.61668033e-03 
 1.99526231e+09 -7.42098884e-03  1.99526231e+09 -4.26863235e-03 
 2.15443469e+09 -7.34459452e-03  2.15443469e+09 -3.94771466e-03 
 2.32630507e+09 -7.27895685e-03  2.32630507e+09 -3.65163641e-03 
 2.51188643e+09 -7.22257479e-03  2.51188643e+09 -3.37833346e-03 
 2.71227258e+09 -7.17415329e-03  2.71227258e+09 -3.12594025e-03 
 2.92864456e+09 -7.13257588e-03  2.92864456e+09 -2.89276593e-03 
 3.16227766e+09 -7.09688073e-03  3.16227766e+09 -2.67727413e-03 
 3.41454887e+09 -7.06623976e-03  3.41454887e+09 -2.47806557e-03 
 3.68694506e+09 -7.03994037e-03  3.68694506e+09 -2.29386322e-03 
 3.98107171e+09 -7.01736966e-03  3.98107171e+09 -2.12349946e-03 
 4.29866235e+09 -6.99800065e-03  4.29866235e+09 -1.96590492e-03 
 4.64158883e+09 -6.98138039e-03  4.64158883e+09 -1.82009884e-03 
 5.01187234e+09 -6.96711972e-03  5.01187234e+09 -1.68518054e-03 
 5.41169527e+09 -6.95488431e-03  5.41169527e+09 -1.56032194e-03 
 5.84341413e+09 -6.94438704e-03  5.84341413e+09 -1.44476101e-03 
 6.30957344e+09 -6.93538135e-03  6.30957344e+09 -1.33779586e-03 
 6.81292069e+09 -6.92765557e-03  6.81292069e+09 -1.23877952e-03 
 7.35642254e+09 -6.92102800e-03  7.35642254e+09 -1.14711526e-03 
 7.94328235e+09 -6.91534267e-03  7.94328235e+09 -1.06225238e-03 
 8.57695899e+09 -6.91046574e-03  8.57695899e+09 -9.83682411e-04 
 9.26118728e+09 -6.90628233e-03  9.26118728e+09 -9.10935665e-04 
 1.00000000e+10 -6.90269389e-03  1.00000000e+10 -8.43578144e-04 
