 1.00000000e+00  3.85827624e+04  1.00000000e+00 -2.10767102e+02 
 1.07977516e+00  3.85825714e+04  1.07977516e+00 -2.27579955e+02 
 1.16591440e+00  3.85823487e+04  1.16591440e+00 -2.45733765e+02 
 1.25892541e+00  3.85820890e+04  1.25892541e+00 -2.65335430e+02 
 1.35935639e+00  3.85817863e+04  1.35935639e+00 -2.86500359e+02 
 1.46779927e+00  3.85814333e+04  1.46779927e+00 -3.09353141e+02 
 1.58489319e+00  3.85810218e+04  1.58489319e+00 -3.34028276e+02 
 1.71132830e+00  3.85805420e+04  1.71132830e+00 -3.60670950e+02 
 1.84784980e+00  3.85799827e+04  1.84784980e+00 -3.89437888e+02 
 1.99526231e+00  3.85793305e+04  1.99526231e+00 -4.20498250e+02 
 2.15443469e+00  3.85785702e+04  2.15443469e+00 -4.54034618e+02 
 2.32630507e+00  3.85776838e+04  2.32630507e+00 -4.90244039e+02 
 2.51188643e+00  3.85766503e+04  2.51188643e+00 -5.29339156e+02 
 2.71227258e+00  3.85754455e+04  2.71227258e+00 -5.71549421e+02 
 2.92864456e+00  3.85740408e+04  2.92864456e+00 -6.17122397e+02 
 3.16227766e+00  3.85724032e+04  3.16227766e+00 -6.66325147e+02 
 3.41454887e+00  3.85704941e+04  3.41454887e+00 -7.19445734e+02 
 3.68694506e+00  3.85682685e+04  3.68694506e+00 -7.76794809e+02 
 3.98107171e+00  3.85656740e+04  3.98107171e+00 -8.38707316e+02 
 4.29866235e+00  3.85626494e+04  4.29866235e+00 -9.05544304e+02 
 4.64158883e+00  3.85591236e+04  4.64158883e+00 -9.77694849e+02 
 5.01187234e+00  3.85550136e+04  5.01187234e+00 -1.05557809e+03 
 5.41169527e+00  3.85502229e+04  5.41169527e+00 -1.13964538e+03 
 5.84341413e+00  3.85446387e+04  5.84341413e+00 -1.23038252e+03 
 6.30957344e+00  3.85381302e+04  6.30957344e+00 -1.32831215e+03 
 6.81292069e+00  3.85305445e+04  6.81292069e+00 -1.43399615e+03 
 7.35642254e+00  3.85217041e+04  7.35642254e+00 -1.54803816e+03 
 7.94328235e+00  3.85114020e+04  7.94328235e+00 -1.67108613e+03 
 8.57695899e+00  3.84993976e+04  8.57695899e+00 -1.80383485e+03 
 9.26118728e+00  3.84854110e+04  9.26118728e+00 -1.94702847e+03 
 1.00000000e+01  3.84691166e+04  1.00000000e+01 -2.10146286e+03 
 1.07977516e+01  3.84501361e+04  1.07977516e+01 -2.26798783e+03 
 1.16591440e+01  3.84280301e+04  1.16591440e+01 -2.44750899e+03 
 1.25892541e+01  3.84022885e+04  1.25892541e+01 -2.64098912e+03 
 1.35935639e+01  3.83723196e+04  1.35935639e+01 -2.84944902e+03 
 1.46779927e+01  3.83374373e+04  1.46779927e+01 -3.07396735e+03 
 1.58489319e+01  3.82968475e+04  1.58489319e+01 -3.31567940e+03 
 1.71132830e+01  3.82496318e+04  1.71132830e+01 -3.57577429e+03 
 1.84784980e+01  3.81947290e+04  1.84784980e+01 -3.85549021e+03 
 1.99526231e+01  3.81309157e+04  1.99526231e+01 -4.15610720e+03 
 2.15443469e+01  3.80567837e+04  2.15443469e+01 -4.47893665e+03 
 2.32630507e+01  3.79707151e+04  2.32630507e+01 -4.82530698e+03 
 2.51188643e+01  3.78708568e+04  2.51188643e+01 -5.19654432e+03 
 2.71227258e+01  3.77550918e+04  2.71227258e+01 -5.59394727e+03 
 2.92864456e+01  3.76210101e+04  2.92864456e+01 -6.01875441e+03 
 3.16227766e+01  3.74658798e+04  3.16227766e+01 -6.47210328e+03 
 3.41454887e+01  3.72866188e+04  3.41454887e+01 -6.95497926e+03 
 3.68694506e+01  3.70797697e+04  3.68694506e+01 -7.46815285e+03 
 3.98107171e+01  3.68414805e+04  3.98107171e+01 -8.01210399e+03 
 4.29866235e+01  3.65674940e+04  4.29866235e+01 -8.58693222e+03 
 4.64158883e+01  3.62531505e+04  4.64158883e+01 -9.19225202e+03 
 5.01187234e+01  3.58934089e+04  5.01187234e+01 -9.82707359e+03 
 5.41169527e+01  3.54828925e+04  5.41169527e+01 -1.04896706e+04 
 5.84341413e+01  3.50159658e+04  5.84341413e+01 -1.11774382e+04 
 6.30957344e+01  3.44868511e+04  6.30957344e+01 -1.18867476e+04 
 6.81292069e+01  3.38897893e+04  6.81292069e+01 -1.26128055e+04 
 7.35642254e+01  3.32192530e+04  7.35642254e+01 -1.33495315e+04 
 7.94328235e+01  3.24702127e+04  7.94328235e+01 -1.40894691e+04 
 8.57695899e+01  3.16384542e+04  8.57695899e+01 -1.48237500e+04 
 9.26118728e+01  3.07209391e+04  9.26118728e+01 -1.55421338e+04 
 1.00000000e+02  2.97161896e+04  1.00000000e+02 -1.62331427e+04 
 1.07977516e+02  2.86246726e+04  1.07977516e+02 -1.68843111e+04 
 1.16591440e+02  2.74491450e+04  1.16591440e+02 -1.74825576e+04 
 1.25892541e+02  2.61949183e+04  1.25892541e+02 -1.80146789e+04 
 1.35935639e+02  2.48699984e+04  1.35935639e+02 -1.84679446e+04 
 1.46779927e+02  2.34850587e+04  1.46779927e+02 -1.88307571e+04 
 1.58489319e+02  2.20532209e+04  1.58489319e+02 -1.90933216e+04 
 1.71132830e+02  2.05896374e+04  1.71132830e+02 -1.92482603e+04 
 1.84784980e+02  1.91108930e+04  1.84784980e+02 -1.92911043e+04 
 1.99526231e+02  1.76342734e+04  1.99526231e+02 -1.92206027e+04 
 2.15443469e+02  1.61769655e+04  2.15443469e+02 -1.90388104e+04 
 2.32630507e+02  1.47552670e+04  2.32630507e+02 -1.87509443e+04 
 2.51188643e+02  1.33838827e+04  2.51188643e+02 -1.83650243e+04 
 2.71227258e+02  1.20753666e+04  2.71227258e+02 -1.78913464e+04 
 2.92864456e+02  1.08397523e+04  2.92864456e+02 -1.73418477e+04 
 3.16227766e+02  9.68438213e+03  3.16227766e+02 -1.67294335e+04 
 3.41454887e+02  8.61392457e+03  3.41454887e+02 -1.60673289e+04 
 3.68694506e+02  7.63054799e+03  3.68694506e+02 -1.53685058e+04 
 3.98107171e+02  6.73420956e+03  3.98107171e+02 -1.46452178e+04 
 4.29866235e+02  5.92301391e+03  4.29866235e+02 -1.39086585e+04 
 4.64158883e+02  5.19360000e+03  4.64158883e+02 -1.31687412e+04 
 5.01187234e+02  4.54152239e+03  5.01187234e+02 -1.24339894e+04 
 5.41169527e+02  3.96160226e+03  5.41169527e+02 -1.17115171e+04 
 5.84341413e+02  3.44823303e+03  5.84341413e+02 -1.10070803e+04 
 6.30957344e+02  2.99563350e+03  6.30957344e+02 -1.03251753e+04 
 6.81292069e+02  2.59804755e+03  6.81292069e+02 -9.66916694e+03 
 7.35642254e+02  2.24989402e+03  7.35642254e+02 -9.04143183e+03 
 7.94328235e+02  1.94587243e+03  7.94328235e+02 -8.44350334e+03 
 8.57695899e+02  1.68103181e+03  8.57695899e+02 -7.87621172e+03 
 9.26118728e+02  1.45080975e+03  9.26118728e+02 -7.33981339e+03 
 1.00000000e+03  1.25104847e+03  1.00000000e+03 -6.83410669e+03 
 1.07977516e+03  1.07799384e+03  1.07977516e+03 -6.35853286e+03 
 1.16591440e+03  9.28282346e+02  1.16591440e+03 -5.91226237e+03 
 1.25892541e+03  7.98919959e+02  1.25892541e+03 -5.49426733e+03 
 1.35935639e+03  6.87256179e+02  1.35935639e+03 -5.10338116e+03 
 1.46779927e+03  5.90955485e+02  1.46779927e+03 -4.73834715e+03 
 1.58489319e+03  5.07968012e+02  1.58489319e+03 -4.39785728e+03 
 1.71132830e+03  4.36500633e+02  1.71132830e+03 -4.08058277e+03 
 1.84784980e+03  3.74989277e+02  1.84784980e+03 -3.78519780e+03 
 1.99526231e+03  3.22072985e+02  1.99526231e+03 -3.51039746e+03 
 2.15443469e+03  2.76569992e+02  2.15443469e+03 -3.25491115e+03 
 2.32630507e+03  2.37455951e+02  2.32630507e+03 -3.01751209e+03 
 2.51188643e+03  2.03844308e+02  2.51188643e+03 -2.79702398e+03 
 2.71227258e+03  1.74968762e+02  2.71227258e+03 -2.59232518e+03 
 2.92864456e+03  1.50167688e+02  2.92864456e+03 -2.40235112e+03 
 3.16227766e+03  1.28870378e+02  3.16227766e+03 -2.22609523e+03 
 3.41454887e+03  1.10584950e+02  3.41454887e+03 -2.06260880e+03 
 3.68694506e+03  9.48877539e+01  3.68694506e+03 -1.91100001e+03 
 3.98107171e+03  8.14141251e+01  3.98107171e+03 -1.77043245e+03 
 4.29866235e+03  6.98503315e+01  4.29866235e+03 -1.64012310e+03 
 4.64158883e+03  5.99265780e+01  4.64158883e+03 -1.51934010e+03 
 5.01187234e+03  5.14109403e+01  5.01187234e+03 -1.40740036e+03 
 5.41169527e+03  4.41041129e+01  5.41169527e+03 -1.30366700e+03 
 5.84341413e+03  3.78348689e+01  5.84341413e+03 -1.20754683e+03 
 6.30957344e+03  3.24561390e+01  6.30957344e+03 -1.11848779e+03 
 6.81292069e+03  2.78416284e+01  6.81292069e+03 -1.03597648e+03 
 7.35642254e+03  2.38829013e+01  7.35642254e+03 -9.59535736e+02 
 7.94328235e+03  2.04868697e+01  7.94328235e+03 -8.88722285e+02 
 8.57695899e+03  1.75736308e+01  8.57695899e+03 -8.23124536e+02 
 9.26118728e+03  1.50746070e+01  9.26118728e+03 -7.62360452e+02 
 1.00000000e+04  1.29309465e+01  1.00000000e+04 -7.06075541e+02 
 1.07977516e+04  1.10921478e+01  1.07977516e+04 -6.53940963e+02 
 1.16591440e+04  9.51487805e+00  1.16591440e+04 -6.05651746e+02 
 1.25892541e+04  8.16195749e+00  1.25892541e+04 -5.60925107e+02 
 1.35935639e+04  7.00148746e+00  1.35935639e+04 -5.19498884e+02 
 1.46779927e+04  6.00610144e+00  1.46779927e+04 -4.81130070e+02 
 1.58489319e+04  5.15232202e+00  1.58489319e+04 -4.45593441e+02 
 1.71132830e+04  4.42000880e+00  1.71132830e+04 -4.12680277e+02 
 1.84784980e+04  3.79188460e+00  1.84784980e+04 -3.82197169e+02 
 1.99526231e+04  3.25312875e+00  1.99526231e+04 -3.53964914e+02 
 2.15443469e+04  2.79102807e+00  2.15443469e+04 -3.27817478e+02 
 2.32630507e+04  2.39467739e+00  2.32630507e+04 -3.03601041e+02 
 2.51188643e+04  2.05472255e+00  2.51188643e+04 -2.81173106e+02 
 2.71227258e+04  1.76313989e+00  2.71227258e+04 -2.60401667e+02 
 2.92864456e+04  1.51304712e+00  2.92864456e+04 -2.41164445e+02 
 3.16227766e+04  1.29854099e+00  3.16227766e+04 -2.23348173e+02 
 3.41454887e+04  1.11455804e+00  3.41454887e+04 -2.06847937e+02 
 3.68694506e+04  9.56755214e-01  3.68694506e+04 -1.91566559e+02 
 3.98107171e+04  8.21407330e-01  3.98107171e+04 -1.77414029e+02 
 4.29866235e+04  7.05319230e-01  4.29866235e+04 -1.64306980e+02 
 4.64158883e+04  6.05750364e-01  4.64158883e+04 -1.52168198e+02 
 5.01187234e+04  5.20350120e-01  5.01187234e+04 -1.40926166e+02 
 5.41169527e+04  4.47102351e-01  5.41169527e+04 -1.30514649e+02 
 5.84341413e+04  3.84277782e-01  5.84341413e+04 -1.20872299e+02 
 6.30957344e+04  3.30393204e-01  6.30957344e+04 -1.11942302e+02 
 6.81292069e+04  2.84176454e-01  6.81292069e+04 -1.03672036e+02 
 7.35642254e+04  2.44536394e-01  7.35642254e+04 -9.60127659e+01 
 7.94328235e+04  2.10537147e-01  7.94328235e+04 -8.89193565e+01 
 8.57695899e+04  1.81376009e-01  8.57695899e+04 -8.23500056e+01 
 9.26118728e+04  1.56364497e-01  9.26118728e+04 -7.62659988e+01 
 1.00000000e+05  1.34912097e-01  1.00000000e+05 -7.06314814e+01 
 1.07977516e+05  1.16512324e-01  1.07977516e+05 -6.54132470e+01 
 1.16591440e+05  1.00730759e-01  1.16591440e+05 -6.05805422e+01 
 1.25892541e+05  8.71948030e-02  1.25892541e+05 -5.61048854e+01 
 1.35935639e+05  7.55848714e-02  1.35935639e+05 -5.19598991e+01 
 1.46779927e+05  6.56268538e-02  1.46779927e+05 -4.81211542e+01 
 1.58489319e+05  5.70856407e-02  1.58489319e+05 -4.45660266e+01 
 1.71132830e+05  4.97595734e-02  1.71132830e+05 -4.12735635e+01 
 1.84784980e+05  4.34756824e-02  1.84784980e+05 -3.82243599e+01 
 1.99526231e+05  3.80856041e-02  1.99526231e+05 -3.54004448e+01 
 2.15443469e+05  3.34620780e-02  2.15443469e+05 -3.27851746e+01 
 2.32630507e+05  2.94959418e-02  2.32630507e+05 -3.03631355e+01 
 2.51188643e+05  2.60935541e-02  2.51188643e+05 -2.81200526e+01 
 2.71227258e+05  2.31745839e-02  2.71227258e+05 -2.60427054e+01 
 2.92864456e+05  2.06701137e-02  2.92864456e+05 -2.41188504e+01 
 3.16227766e+05  1.85210125e-02  3.16227766e+05 -2.23371489e+01 
 3.41454887e+05  1.66765394e-02  3.41454887e+05 -2.06870998e+01 
 3.68694506e+05  1.50931463e-02  3.68694506e+05 -1.91589778e+01 
 3.98107171e+05  1.37334488e-02  3.98107171e+05 -1.77437765e+01 
 4.29866235e+05  1.25653446e-02  4.29866235e+05 -1.64331548e+01 
 4.64158883e+05  1.15612546e-02  4.64158883e+05 -1.52193882e+01 
 5.01187234e+05  1.06974724e-02  5.01187234e+05 -1.40953228e+01 
 5.41169527e+05  9.95360466e-03  5.41169527e+05 -1.30543335e+01 
 5.84341413e+05  9.31208917e-03  5.84341413e+05 -1.20902849e+01 
 6.30957344e+05  8.75778076e-03  6.30957344e+05 -1.11974949e+01 
 6.81292069e+05  8.27759365e-03  6.81292069e+05 -1.03707015e+01 
 7.35642254e+05  7.86019262e-03  7.35642254e+05 -9.60503174e+00 
 7.94328235e+05  7.49572563e-03  7.94328235e+05 -8.89597269e+00 
 8.57695899e+05  7.17559148e-03  8.57695899e+05 -8.23934521e+00 
 9.26118728e+05  6.89223708e-03  9.26118728e+05 -7.63127915e+00 
 1.00000000e+06  6.63897968e-03  1.00000000e+06 -7.06819054e+00 
 1.07977516e+06  6.40984972e-03  1.07977516e+06 -6.54676048e+00 
 1.16591440e+06  6.19945087e-03  1.16591440e+06 -6.06391558e+00 
 1.25892541e+06  6.00283386e-03  1.25892541e+06 -5.61680980e+00 
 1.35935639e+06  5.81538136e-03  1.35935639e+06 -5.20280774e+00 
 1.46779927e+06  5.63270129e-03  1.46779927e+06 -4.81946900e+00 
 1.58489319e+06  5.45052626e-03  1.58489319e+06 -4.46453387e+00 
 1.71132830e+06  5.26461710e-03  1.71132830e+06 -4.13590993e+00 
 1.84784980e+06  5.07066854e-03  1.84784980e+06 -3.83165972e+00 
 1.99526231e+06  4.86421532e-03  1.99526231e+06 -3.54998930e+00 
 2.15443469e+06  4.64053728e-03  2.15443469e+06 -3.28923761e+00 
 2.32630507e+06  4.39456208e-03  2.32630507e+06 -3.04786666e+00 
 2.51188643e+06  4.12076448e-03  2.51188643e+06 -2.82445241e+00 
 2.71227258e+06  3.81306144e-03  2.71227258e+06 -2.61767628e+00 
 2.92864456e+06  3.46470278e-03  2.92864456e+06 -2.42631732e+00 
 3.16227766e+06  3.06815767e-03  3.16227766e+06 -2.24924490e+00 
 3.41454887e+06  2.61499792e-03  3.41454887e+06 -2.08541190e+00 
 3.68694506e+06  2.09578027e-03  3.68694506e+06 -1.93384840e+00 
 3.98107171e+06  1.49993109e-03  3.98107171e+06 -1.79365579e+00 
 4.29866235e+06  8.15638622e-04  4.29866235e+06 -1.66400120e+00 
 4.64158883e+06  2.97604319e-05  4.64158883e+06 -1.54411237e+00 
 5.01187234e+06 -8.72244001e-04  5.01187234e+06 -1.43327275e+00 
 5.41169527e+06 -1.90634185e-03  5.41169527e+06 -1.33081694e+00 
 5.84341413e+06 -3.08989956e-03  5.84341413e+06 -1.23612634e+00 
 6.30957344e+06 -4.44157808e-03  6.30957344e+06 -1.14862504e+00 
 6.81292069e+06 -5.98112563e-03  6.81292069e+06 -1.06777593e+00 
 7.35642254e+06 -7.72903894e-03  7.35642254e+06 -9.93077033e-01 
 7.94328235e+06 -9.70606267e-03  7.94328235e+06 -9.24058004e-01 
 8.57695899e+06 -1.19324969e-02  8.57695899e+06 -8.60276903e-01 
 9.26118728e+06 -1.44272878e-02  9.26118728e+06 -8.01317214e-01 
 1.00000000e+07 -1.72068876e-02  1.00000000e+07 -7.46785186e-01 
 1.07977516e+07 -2.02838871e-02  1.07977516e+07 -6.96307552e-01 
 1.16591440e+07 -2.36654521e-02  1.16591440e+07 -6.49529721e-01 
 1.25892541e+07 -2.73516271e-02  1.25892541e+07 -6.06114506e-01 
 1.35935639e+07 -3.13336116e-02  1.35935639e+07 -5.65741471e-01 
 1.46779927e+07 -3.55921519e-02  1.46779927e+07 -5.28106934e-01 
 1.58489319e+07 -4.00962243e-02  1.58489319e+07 -4.92924640e-01 
 1.71132830e+07 -4.48022025e-02  1.71132830e+07 -4.59927008e-01 
 1.84784980e+07 -4.96536859e-02  1.84784980e+07 -4.28866850e-01 
 1.99526231e+07 -5.45821263e-02  1.99526231e+07 -3.99519313e-01 
 2.15443469e+07 -5.95083105e-02  2.15443469e+07 -3.71683813e-01 
 2.32630507e+07 -6.43446579e-02  2.32630507e+07 -3.45185649e-01 
 2.51188643e+07 -6.89981876e-02  2.51188643e+07 -3.19877061e-01 
 2.71227258e+07 -7.33739208e-02  2.71227258e+07 -2.95637523e-01 
 2.92864456e+07 -7.73784330e-02  2.92864456e+07 -2.72373208e-01 
 3.16227766e+07 -8.09232703e-02  3.16227766e+07 -2.50015631e-01 
 3.41454887e+07 -8.39279931e-02  3.41454887e+07 -2.28519618e-01 
 3.68694506e+07 -8.63226978e-02  3.68694506e+07 -2.07860801e-01 
 3.98107171e+07 -8.80499671e-02  3.98107171e+07 -1.88032834e-01 
 4.29866235e+07 -8.90662917e-02  4.29866235e+07 -1.69044546e-01 
 4.64158883e+07 -8.93430685e-02  4.64158883e+07 -1.50917120e-01 
 5.01187234e+07 -8.88672976e-02  5.01187234e+07 -1.33681369e-01 
 5.41169527e+07 -8.76420769e-02  5.41169527e+07 -1.17375041e-01 
 5.84341413e+07 -8.56869352e-02  5.84341413e+07 -1.02040093e-01 
 6.30957344e+07 -8.30379653e-02  6.30957344e+07 -8.77198115e-02 
 6.81292069e+07 -7.97476432e-02  6.81292069e+07 -7.44557365e-02 
 7.35642254e+07 -7.58841649e-02  7.35642254e+07 -6.22843664e-02 
 7.94328235e+07 -7.15301178e-02  7.94328235e+07 -5.12337622e-02 
 8.57695899e+07 -6.67803380e-02  8.57695899e+07 -4.13202463e-02 
 9.26118728e+07 -6.17388952e-02  9.26118728e+07 -3.25454820e-02 
 1.00000000e+08 -5.65152685e-02  1.00000000e+08 -2.48942594e-02 
 1.07977516e+08 -5.12199198e-02  1.07977516e+08 -1.83332879e-02 
 1.16591440e+08 -4.59595952e-02  1.16591440e+08 -1.28112123e-02 
 1.25892541e+08 -4.08327629e-02  1.25892541e+08 -8.25992974e-03 
 1.35935639e+08 -3.59256101e-02  1.35935639e+08 -4.59712332e-03 
 1.46779927e+08 -3.13089654e-02  1.46779927e+08 -1.72977257e-03 
 1.58489319e+08 -2.70363960e-02  1.58489319e+08  4.41715764e-04 
 1.71132830e+08 -2.31435813e-02  1.71132830e+08  2.01917109e-03 
 1.84784980e+08 -1.96489088e-02  1.84784980e+08  3.10252434e-03 
 1.99526231e+08 -1.65551076e-02  1.99526231e+08  3.78621993e-03 
 2.15443469e+08 -1.38516441e-02  2.15443469e+08  4.15641595e-03 
 2.32630507e+08 -1.15175599e-02  2.32630507e+08  4.28909420e-03 
 2.51188643e+08 -9.52444322e-03  2.51188643e+08  4.24908552e-03 
 2.71227258e+08 -7.83926476e-03  2.71227258e+08  4.08991979e-03 
 2.92864456e+08 -6.42687940e-03  2.92864456e+08  3.85434472e-03 
 3.16227766e+08 -5.25207305e-03  3.16227766e+08  3.57532483e-03 
 3.41454887e+08 -4.28110701e-03  3.41454887e+08  3.27733047e-03 
 3.68694506e+08 -3.48277335e-03  3.68694506e+08  2.97774720e-03 
 3.98107171e+08 -2.82901719e-03  3.98107171e+08  2.68827118e-03 
 4.29866235e+08 -2.29520578e-03  4.29866235e+08  2.41619608e-03 
 4.64158883e+08 -1.86013157e-03  4.64158883e+08  2.16553539e-03 
 5.01187234e+08 -1.50583239e-03  5.01187234e+08  1.93795654e-03 
 5.41169527e+08 -1.21730000e-03  5.41169527e+08  1.73352642e-03 
 5.84341413e+08 -9.82133147e-04  5.84341413e+08  1.55128408e-03 
 6.30957344e+08 -7.90176215e-04  6.30957344e+08  1.38966441e-03 
 6.81292069e+08 -6.33170859e-04  6.81292069e+08  1.24679964e-03 
 7.35642254e+08 -5.04436998e-04  7.35642254e+08  1.12072485e-03 
 7.94328235e+08 -3.98591306e-04  7.94328235e+08  1.00951094e-03 
 8.57695899e+08 -3.11305570e-04  8.57695899e+08  9.11344474e-04 
 9.26118728e+08 -2.39103669e-04  9.26118728e+08  8.24570440e-04 
 1.00000000e+09 -1.79193798e-04  1.00000000e+09  7.47709621e-04 
 1.07977516e+09 -1.29331604e-04  1.07977516e+09  6.79459805e-04 
 1.16591440e+09 -8.77096619e-05  1.16591440e+09  6.18687121e-04 
 1.25892541e+09 -5.28688813e-05  1.25892541e+09  5.64411996e-04 
 1.35935639e+09 -2.36278978e-05  1.35935639e+09  5.15792713e-04 
 1.46779927e+09  9.72989895e-07  1.46779927e+09  4.72108475e-04 
 1.58489319e+09  2.17162328e-05  1.58489319e+09  4.32743133e-04 
 1.71132830e+09  3.92421773e-05  1.71132830e+09  3.97170209e-04 
 1.84784980e+09  5.40768823e-05  1.84784980e+09  3.64939516e-04 
 1.99526231e+09  6.66541616e-05  1.99526231e+09  3.35665448e-04 
 2.15443469e+09  7.73330832e-05  2.15443469e+09  3.09016891e-04 
 2.32630507e+09  8.64119019e-05  2.32630507e+09  2.84708627e-04 
 2.51188643e+09  9.41391878e-05  2.51188643e+09  2.62494069e-04 
 2.71227258e+09  1.00722749e-04  2.71227258e+09  2.42159170e-04 
 2.92864456e+09  1.06336817e-04  2.92864456e+09  2.23517330e-04 
 3.16227766e+09  1.11127853e-04  3.16227766e+09  2.06405148e-04 
 3.41454887e+09  1.15219271e-04  3.41454887e+09  1.90678902e-04 
 3.68694506e+09  1.18715287e-04  3.68694506e+09  1.76211610e-04 
 3.98107171e+09  1.21704074e-04  3.98107171e+09  1.62890594e-04 
 4.29866235e+09  1.24260359e-04  4.29866235e+09  1.50615454e-04 
 4.64158883e+09  1.26447570e-04  4.64158883e+09  1.39296373e-04 
 5.01187234e+09  1.28319620e-04  5.01187234e+09  1.28852708e-04 
 5.41169527e+09  1.29922384e-04  5.41169527e+09  1.19211799e-04 
 5.84341413e+09  1.31294939e-04  5.84341413e+09  1.10307976e-04 
 6.30957344e+09  1.32470606e-04  6.30957344e+09  1.02081713e-04 
 6.81292069e+09  1.33477814e-04  6.81292069e+09  9.44789148e-05 
 7.35642254e+09  1.34340840e-04  7.35642254e+09  8.74503068e-05 
 7.94328235e+09  1.35080427e-04  7.94328235e+09  8.09509094e-05 
 8.57695899e+09  1.35714305e-04  8.57695899e+09  7.49395895e-05 
 9.26118728e+09  1.36257639e-04  9.26118728e+09  6.93786686e-05 
 1.00000000e+10  1.36723404e-04  1.00000000e+10  6.42335837e-05 
