 1.00000000e+00  4.97028518e+04  1.00000000e+00 -4.42291669e+02 
 1.07977516e+00  4.97021988e+04  1.07977516e+00 -4.77569284e+02 
 1.16591440e+00  4.97014376e+04  1.16591440e+00 -5.15659554e+02 
 1.25892541e+00  4.97005501e+04  1.25892541e+00 -5.56786435e+02 
 1.35935639e+00  4.96995153e+04  1.35935639e+00 -6.01191647e+02 
 1.46779927e+00  4.96983089e+04  1.46779927e+00 -6.49136051e+02 
 1.58489319e+00  4.96969025e+04  1.58489319e+00 -7.00901149e+02 
 1.71132830e+00  4.96952628e+04  1.71132830e+00 -7.56790681e+02 
 1.84784980e+00  4.96933511e+04  1.84784980e+00 -8.17132347e+02 
 1.99526231e+00  4.96911225e+04  1.99526231e+00 -8.82279643e+02 
 2.15443469e+00  4.96885244e+04  2.15443469e+00 -9.52613835e+02 
 2.32630507e+00  4.96854956e+04  2.32630507e+00 -1.02854606e+03 
 2.51188643e+00  4.96819647e+04  2.51188643e+00 -1.11051956e+03 
 2.71227258e+00  4.96778486e+04  2.71227258e+00 -1.19901210e+03 
 2.92864456e+00  4.96730505e+04  2.92864456e+00 -1.29453844e+03 
 3.16227766e+00  4.96674574e+04  3.16227766e+00 -1.39765306e+03 
 3.41454887e+00  4.96609380e+04  3.41454887e+00 -1.50895297e+03 
 3.68694506e+00  4.96533391e+04  3.68694506e+00 -1.62908062e+03 
 3.98107171e+00  4.96444823e+04  3.98107171e+00 -1.75872703e+03 
 4.29866235e+00  4.96341601e+04  4.29866235e+00 -1.89863491e+03 
 4.64158883e+00  4.96221306e+04  4.64158883e+00 -2.04960196e+03 
 5.01187234e+00  4.96081127e+04  5.01187234e+00 -2.21248410e+03 
 5.41169527e+00  4.95917790e+04  5.41169527e+00 -2.38819879e+03 
 5.84341413e+00  4.95727489e+04  5.84341413e+00 -2.57772820e+03 
 6.30957344e+00  4.95505798e+04  6.30957344e+00 -2.78212215e+03 
 6.81292069e+00  4.95247576e+04  6.81292069e+00 -3.00250090e+03 
 7.35642254e+00  4.94946851e+04  7.35642254e+00 -3.24005727e+03 
 7.94328235e+00  4.94596692e+04  7.94328235e+00 -3.49605827e+03 
 8.57695899e+00  4.94189061e+04  8.57695899e+00 -3.77184570e+03 
 9.26118728e+00  4.93714646e+04  9.26118728e+00 -4.06883553e+03 
 1.00000000e+01  4.93162668e+04  1.00000000e+01 -4.38851566e+03 
 1.07977516e+01  4.92520665e+04  1.07977516e+01 -4.73244146e+03 
 1.16591440e+01  4.91774252e+04  1.16591440e+01 -5.10222862e+03 
 1.25892541e+01  4.90906850e+04  1.25892541e+01 -5.49954240e+03 
 1.35935639e+01  4.89899389e+04  1.35935639e+01 -5.92608253e+03 
 1.46779927e+01  4.88729984e+04  1.46779927e+01 -6.38356254e+03 
 1.58489319e+01  4.87373587e+04  1.58489319e+01 -6.87368235e+03 
 1.71132830e+01  4.85801620e+04  1.71132830e+01 -7.39809264e+03 
 1.84784980e+01  4.83981597e+04  1.84784980e+01 -7.95834920e+03 
 1.99526231e+01  4.81876750e+04  1.99526231e+01 -8.55585574e+03 
 2.15443469e+01  4.79445678e+04  2.15443469e+01 -9.19179282e+03 
 2.32630507e+01  4.76642047e+04  2.32630507e+01 -9.86703138e+03 
 2.51188643e+01  4.73414374e+04  2.51188643e+01 -1.05820288e+04 
 2.71227258e+01  4.69705945e+04  2.71227258e+01 -1.13367063e+04 
 2.92864456e+01  4.65454929e+04  2.92864456e+01 -1.21303076e+04 
 3.16227766e+01  4.60594748e+04  3.16227766e+01 -1.29612386e+04 
 3.41454887e+01  4.55054806e+04  3.41454887e+01 -1.38268922e+04 
 3.68694506e+01  4.48761648e+04  3.68694506e+01 -1.47234624e+04 
 3.98107171e+01  4.41640653e+04  3.98107171e+01 -1.56457581e+04 
 4.29866235e+01  4.33618346e+04  4.29866235e+01 -1.65870277e+04 
 4.64158883e+01  4.24625381e+04  4.64158883e+01 -1.75388142e+04 
 5.01187234e+01  4.14600216e+04  5.01187234e+01 -1.84908622e+04 
 5.41169527e+01  4.03493422e+04  5.41169527e+01 -1.94311033e+04 
 5.84341413e+01  3.91272464e+04  5.84341413e+01 -2.03457478e+04 
 6.30957344e+01  3.77926711e+04  6.30957344e+01 -2.12195092e+04 
 6.81292069e+01  3.63472252e+04  6.81292069e+01 -2.20359811e+04 
 7.35642254e+01  3.47956050e+04  7.35642254e+01 -2.27781744e+04 
 7.94328235e+01  3.31458838e+04  7.94328235e+01 -2.34292035e+04 
 8.57695899e+01  3.14096202e+04  8.57695899e+01 -2.39730901e+04 
 9.26118728e+01  2.96017382e+04  9.26118728e+01 -2.43956262e+04 
 1.00000000e+02  2.77401521e+04  1.00000000e+02 -2.46852218e+04 
 1.07977516e+02  2.58451412e+04  1.07977516e+02 -2.48336504e+04 
 1.16591440e+02  2.39385091e+04  1.16591440e+02 -2.48366050e+04 
 1.25892541e+02  2.20425989e+04  1.25892541e+02 -2.46939992e+04 
 1.35935639e+02  2.01792557e+04  1.35935639e+02 -2.44099733e+04 
 1.46779927e+02  1.83688378e+04  1.46779927e+02 -2.39926050e+04 
 1.58489319e+02  1.66293692e+04  1.58489319e+02 -2.34533615e+04 
 1.71132830e+02  1.49759034e+04  1.71132830e+02 -2.28063612e+04 
 1.84784980e+02  1.34201391e+04  1.84784980e+02 -2.20675278e+04 
 1.99526231e+02  1.19702898e+04  1.99526231e+02 -2.12537263e+04 
 2.15443469e+02  1.06311835e+04  2.15443469e+02 -2.03819559e+04 
 2.32630507e+02  9.40454668e+03  2.32630507e+02 -1.94686581e+04 
 2.51188643e+02  8.28941497e+03  2.51188643e+02 -1.85291730e+04 
 2.71227258e+02  7.28261383e+03  2.71227258e+02 -1.75773561e+04 
 2.92864456e+02  6.37925893e+03  2.92864456e+02 -1.66253479e+04 
 3.16227766e+02  5.57323632e+03  3.16227766e+02 -1.56834775e+04 
 3.41454887e+02  4.85763543e+03  3.41454887e+02 -1.47602732e+04 
 3.68694506e+02  4.22511913e+03  3.68694506e+02 -1.38625528e+04 
 3.98107171e+02  3.66822509e+03  3.98107171e+02 -1.29955674e+04 
 4.29866235e+02  3.17959938e+03  4.29866235e+02 -1.21631753e+04 
 4.64158883e+02  2.75216817e+03  4.64158883e+02 -1.13680284e+04 
 5.01187234e+02  2.37925596e+03  5.01187234e+02 -1.06117582e+04 
 5.41169527e+02  2.05465939e+03  5.41169527e+02 -9.89515176e+03 
 5.84341413e+02  1.77268609e+03  5.84341413e+02 -9.21831226e+03 
 6.30957344e+02  1.52816666e+03  6.30957344e+02 -8.58080150e+03 
 6.81292069e+02  1.31644719e+03  6.81292069e+02 -7.98176312e+03 
 7.35642254e+02  1.13336822e+03  7.35642254e+02 -7.42002727e+03 
 7.94328235e+02  9.75234915e+02  7.94328235e+02 -6.89419781e+03 
 8.57695899e+02  8.38782061e+02  8.57695899e+02 -6.40272386e+03 
 9.26118728e+02  7.21136759e+02  9.26118728e+02 -5.94395765e+03 
 1.00000000e+03  6.19780666e+02  1.00000000e+03 -5.51620049e+03 
 1.07977516e+03  5.32513218e+02  1.07977516e+03 -5.11773881e+03 
 1.16591440e+03  4.57416711e+02  1.16591440e+03 -4.74687189e+03 
 1.25892541e+03  3.92823775e+02  1.25892541e+03 -4.40193274e+03 
 1.35935639e+03  3.37287544e+02  1.35935639e+03 -4.08130345e+03 
 1.46779927e+03  2.89554597e+02  1.46779927e+03 -3.78342604e+03 
 1.58489319e+03  2.48540649e+02  1.58489319e+03 -3.50680978e+03 
 1.71132830e+03  2.13308880e+02  1.71132830e+03 -3.25003574e+03 
 1.84784980e+03  1.83050722e+02  1.84784980e+03 -3.01175910e+03 
 1.99526231e+03  1.57068934e+02  1.99526231e+03 -2.79070984e+03 
 2.15443469e+03  1.34762733e+02  2.15443469e+03 -2.58569214e+03 
 2.32630507e+03  1.15614790e+02  2.32630507e+03 -2.39558289e+03 
 2.51188643e+03  9.91798891e+01  2.51188643e+03 -2.21932944e+03 
 2.71227258e+03  8.50750611e+01  2.71227258e+03 -2.05594695e+03 
 2.92864456e+03  7.29710166e+01  2.92864456e+03 -1.90451542e+03 
 3.16227766e+03  6.25847219e+01  3.16227766e+03 -1.76417649e+03 
 3.41454887e+03  5.36729759e+01  3.41454887e+03 -1.63413018e+03 
 3.68694506e+03  4.60268586e+01  3.68694506e+03 -1.51363161e+03 
 3.98107171e+03  3.94669388e+01  3.98107171e+03 -1.40198775e+03 
 4.29866235e+03  3.38391417e+01  4.29866235e+03 -1.29855424e+03 
 4.64158883e+03  2.90111871e+01  4.64158883e+03 -1.20273228e+03 
 5.01187234e+03  2.48695224e+01  5.01187234e+03 -1.11396576e+03 
 5.41169527e+03  2.13166834e+01  5.41169527e+03 -1.03173832e+03 
 5.84341413e+03  1.82690232e+01  5.84341413e+03 -9.55570791e+02 
 6.30957344e+03  1.56547596e+01  6.30957344e+03 -8.85018565e+02 
 6.81292069e+03  1.34122973e+01  6.81292069e+03 -8.19669253e+02 
 7.35642254e+03  1.14887853e+01  7.35642254e+03 -7.59140427e+02 
 7.94328235e+03  9.83887832e+00  7.94328235e+03 -7.03077506e+02 
 8.57695899e+03  8.42367259e+00  8.57695899e+03 -6.51151784e+02 
 9.26118728e+03  7.20979223e+00  9.26118728e+03 -6.03058588e+02 
 1.00000000e+04  6.16860478e+00  1.00000000e+04 -5.58515550e+02 
 1.07977516e+04  5.27554783e+00  1.07977516e+04 -5.17261001e+02 
 1.16591440e+04  4.50955097e+00  1.16591440e+04 -4.79052479e+02 
 1.25892541e+04  3.85253979e+00  1.25892541e+04 -4.43665333e+02 
 1.35935639e+04  3.28901017e+00  1.35935639e+04 -4.10891427e+02 
 1.46779927e+04  2.80566294e+00  1.46779927e+04 -3.80537941e+02 
 1.58489319e+04  2.39109051e+00  1.58489319e+04 -3.52426248e+02 
 1.71132830e+04  2.03550794e+00  1.71132830e+04 -3.26390877e+02 
 1.84784980e+04  1.73052217e+00  1.84784980e+04 -3.02278552e+02 
 1.99526231e+04  1.46893414e+00  1.99526231e+04 -2.79947295e+02 
 2.15443469e+04  1.24456898e+00  2.15443469e+04 -2.59265595e+02 
 2.32630507e+04  1.05213028e+00  2.32630507e+04 -2.40111644e+02 
 2.51188643e+04  8.87075217e-01  2.51188643e+04 -2.22372620e+02 
 2.71227258e+04  7.45507295e-01  2.71227258e+04 -2.05944025e+02 
 2.92864456e+04  6.24084429e-01  2.92864456e+04 -1.90729073e+02 
 3.16227766e+04  5.19940067e-01  3.16227766e+04 -1.76638126e+02 
 3.41454887e+04  4.30615531e-01  3.41454887e+04 -1.63588158e+02 
 3.68694506e+04  3.54001992e-01  3.68694506e+04 -1.51502277e+02 
 3.98107171e+04  2.88290692e-01  3.98107171e+04 -1.40309267e+02 
 4.29866235e+04  2.31930248e-01  4.29866235e+04 -1.29943172e+02 
 4.64158883e+04  1.83590033e-01  4.64158883e+04 -1.20342905e+02 
 5.01187234e+04  1.42128763e-01  5.01187234e+04 -1.11451893e+02 
 5.41169527e+04  1.06567558e-01  5.41169527e+04 -1.03217740e+02 
 5.84341413e+04  7.60668308e-02  5.84341413e+04 -9.55919195e+01 
 6.30957344e+04  4.99064673e-02  6.30957344e+04 -8.85294907e+01 
 6.81292069e+04  2.74688264e-02  6.81292069e+04 -8.19888317e+01 
 7.35642254e+04  8.22415814e-03  7.35642254e+04 -7.59313954e+01 
 7.94328235e+04 -8.28190291e-03  7.94328235e+04 -7.03214819e+01 
 8.57695899e+04 -2.24390647e-02  8.57695899e+04 -6.51260290e+01 
 9.26118728e+04 -3.45815783e-02  9.26118728e+04 -6.03144164e+01 
 1.00000000e+05 -4.49961293e-02  1.00000000e+05 -5.58582862e+01 
 1.07977516e+05 -5.39286064e-02  1.07977516e+05 -5.17313752e+01 
 1.16591440e+05 -6.15899065e-02  1.16591440e+05 -4.79093607e+01 
 1.25892541e+05 -6.81609142e-02  1.25892541e+05 -4.43697165e+01 
 1.35935639e+05 -7.37967720e-02  1.35935639e+05 -4.10915810e+01 
 1.46779927e+05 -7.86305438e-02  1.46779927e+05 -3.80556334e+01 
 1.58489319e+05 -8.27763557e-02  1.58489319e+05 -3.52439805e+01 
 1.71132830e+05 -8.63320915e-02  1.71132830e+05 -3.26400509e+01 
 1.84784980e+05 -8.93817028e-02  1.84784980e+05 -3.02284975e+01 
 1.99526231e+05 -9.19971917e-02  1.99526231e+05 -2.79951070e+01 
 2.15443469e+05 -9.42403106e-02  2.15443469e+05 -2.59267162e+01 
 2.32630507e+05 -9.61640201e-02  2.32630507e+05 -2.40111343e+01 
 2.51188643e+05 -9.78137395e-02  2.51188643e+05 -2.22370712e+01 
 2.71227258e+05 -9.92284192e-02  2.71227258e+05 -2.05940707e+01 
 2.92864456e+05 -1.00441460e-01  2.92864456e+05 -1.90724492e+01 
 3.16227766e+05 -1.01481502e-01  3.16227766e+05 -1.76632385e+01 
 3.41454887e+05 -1.02373102e-01  3.41454887e+05 -1.63581330e+01 
 3.68694506e+05 -1.03137310e-01  3.68694506e+05 -1.51494404e+01 
 3.98107171e+05 -1.03792170e-01  3.98107171e+05 -1.40300368e+01 
 4.29866235e+05 -1.04353142e-01  4.29866235e+05 -1.29933248e+01 
 4.64158883e+05 -1.04833473e-01  4.64158883e+05 -1.20331939e+01 
 5.01187234e+05 -1.05244502e-01  5.01187234e+05 -1.11439854e+01 
 5.41169527e+05 -1.05595935e-01  5.41169527e+05 -1.03204583e+01 
 5.84341413e+05 -1.05896070e-01  5.84341413e+05 -9.55775889e+00 
 6.30957344e+05 -1.06151994e-01  6.30957344e+05 -8.85139188e+00 
 6.81292069e+05 -1.06369750e-01  6.81292069e+05 -8.19719405e+00 
 7.35642254e+05 -1.06554480e-01  7.35642254e+05 -7.59130966e+00 
 7.94328235e+05 -1.06710547e-01  7.94328235e+05 -7.03016769e+00 
 8.57695899e+05 -1.06841639e-01  8.57695899e+05 -6.51046089e+00 
 9.26118728e+05 -1.06950853e-01  9.26118728e+05 -6.02912617e+00 
 1.00000000e+06 -1.07040771e-01  1.00000000e+06 -5.58332665e+00 
 1.07977516e+06 -1.07113523e-01  1.07977516e+06 -5.17043489e+00 
 1.16591440e+06 -1.07170833e-01  1.16591440e+06 -4.78801740e+00 
 1.25892541e+06 -1.07214064e-01  1.25892541e+06 -4.43382035e+00 
 1.35935639e+06 -1.07244249e-01  1.35935639e+06 -4.10575623e+00 
 1.46779927e+06 -1.07262119e-01  1.46779927e+06 -3.80189158e+00 
 1.58489319e+06 -1.07268121e-01  1.58489319e+06 -3.52043563e+00 
 1.71132830e+06 -1.07262429e-01  1.71132830e+06 -3.25972969e+00 
 1.84784980e+06 -1.07244953e-01  1.84784980e+06 -3.01823743e+00 
 1.99526231e+06 -1.07215340e-01  1.99526231e+06 -2.79453583e+00 
 2.15443469e+06 -1.07172972e-01  2.15443469e+06 -2.58730679e+00 
 2.32630507e+06 -1.07116958e-01  2.32630507e+06 -2.39532939e+00 
 2.51188643e+06 -1.07046122e-01  2.51188643e+06 -2.21747274e+00 
 2.71227258e+06 -1.06958992e-01  2.71227258e+06 -2.05268928e+00 
 2.92864456e+06 -1.06853774e-01  2.92864456e+06 -1.90000872e+00 
 3.16227766e+06 -1.06728342e-01  3.16227766e+06 -1.75853228e+00 
 3.41454887e+06 -1.06580212e-01  3.41454887e+06 -1.62742750e+00 
 3.68694506e+06 -1.06406522e-01  3.68694506e+06 -1.50592336e+00 
 3.98107171e+06 -1.06204018e-01  3.98107171e+06 -1.39330581e+00 
 4.29866235e+06 -1.05969042e-01  4.29866235e+06 -1.28891364e+00 
 4.64158883e+06 -1.05697528e-01  4.64158883e+06 -1.19213465e+00 
 5.01187234e+06 -1.05385013e-01  5.01187234e+06 -1.10240215e+00 
 5.41169527e+06 -1.05026664e-01  5.41169527e+06 -1.01919174e+00 
 5.84341413e+06 -1.04617332e-01  5.84341413e+06 -9.42018289e-01 
 6.30957344e+06 -1.04151624e-01  6.30957344e+06 -8.70433201e-01 
 6.81292069e+06 -1.03624018e-01  6.81292069e+06 -8.04021867e-01 
 7.35642254e+06 -1.03029008e-01  7.35642254e+06 -7.42401296e-01 
 7.94328235e+06 -1.02361288e-01  7.94328235e+06 -6.85217898e-01 
 8.57695899e+06 -1.01615964e-01  8.57695899e+06 -6.32145401e-01 
 9.26118728e+06 -1.00788800e-01  9.26118728e+06 -5.82882864e-01 
 1.00000000e+07 -9.98764630e-02  1.00000000e+07 -5.37152754e-01 
 1.07977516e+07 -9.88767633e-02  1.07977516e+07 -4.94699087e-01 
 1.16591440e+07 -9.77888448e-02  1.16591440e+07 -4.55285598e-01 
 1.25892541e+07 -9.66133045e-02  1.25892541e+07 -4.18693949e-01 
 1.35935639e+07 -9.53522012e-02  1.35935639e+07 -3.84721984e-01 
 1.46779927e+07 -9.40089283e-02  1.46779927e+07 -3.53182058e-01 
 1.58489319e+07 -9.25879356e-02  1.58489319e+07 -3.23899485e-01 
 1.71132830e+07 -9.10943010e-02  1.71132830e+07 -2.96711142e-01 
 1.84784980e+07 -8.95331781e-02  1.84784980e+07 -2.71464286e-01 
 1.99526231e+07 -8.79091623e-02  1.99526231e+07 -2.48015620e-01 
 2.15443469e+07 -8.62256350e-02  2.15443469e+07 -2.26230636e-01 
 2.32630507e+07 -8.44841549e-02  2.32630507e+07 -2.05983220e-01 
 2.51188643e+07 -8.26839626e-02  2.51188643e+07 -1.87155521e-01 
 2.71227258e+07 -8.08216546e-02  2.71227258e+07 -1.69638020e-01 
 2.92864456e+07 -7.88910682e-02  2.92864456e+07 -1.53329750e-01 
 3.16227766e+07 -7.68834002e-02  3.16227766e+07 -1.38138611e-01 
 3.41454887e+07 -7.47875679e-02  3.41454887e+07 -1.23981704e-01 
 3.68694506e+07 -7.25908031e-02  3.68694506e+07 -1.10785623e-01 
 3.98107171e+07 -7.02794674e-02  3.98107171e+07 -9.84866665e-02 
 4.29866235e+07 -6.78400620e-02  4.29866235e+07 -8.70308849e-02 
 4.64158883e+07 -6.52604011e-02  4.64158883e+07 -7.63739315e-02 
 5.01187234e+07 -6.25309050e-02  5.01187234e+07 -6.64806529e-02 
 5.41169527e+07 -5.96459505e-02  5.41169527e+07 -5.73243671e-02 
 5.84341413e+07 -5.66051940e-02  5.84341413e+07 -4.88857848e-02 
 6.30957344e+07 -5.34147600e-02  6.30957344e+07 -4.11515481e-02 
 6.81292069e+07 -5.00881608e-02  6.81292069e+07 -3.41123922e-02 
 7.35642254e+07 -4.66468065e-02  7.35642254e+07 -2.77609857e-02 
 7.94328235e+07 -4.31199682e-02  7.94328235e+07 -2.20895602e-02 
 8.57695899e+07 -3.95440918e-02  8.57695899e+07 -1.70875016e-02 
 9.26118728e+07 -3.59614244e-02  9.26118728e+07 -1.27391247e-02 
 1.00000000e+08 -3.24179988e-02  1.00000000e+08 -9.02187208e-03 
 1.07977516e+08 -2.89611230e-02  1.07977516e+08 -5.90516615e-03 
 1.16591440e+08 -2.56366092e-02  1.16591440e+08 -3.35007764e-03 
 1.25892541e+08 -2.24860387e-02  1.25892541e+08 -1.30987771e-03 
 1.35935639e+08 -1.95443688e-02  1.35935639e+08  2.68582250e-04 
 1.46779927e+08 -1.68381481e-02  1.46779927e+08  1.44283607e-03 
 1.58489319e+08 -1.43845150e-02  1.58489319e+08  2.27237589e-03 
 1.71132830e+08 -1.21910376e-02  1.71132830e+08  2.81613593e-03 
 1.84784980e+08 -1.02563321e-02  1.84784980e+08  3.13017699e-03 
 1.99526231e+08 -8.57129823e-03  1.99526231e+08  3.26580059e-03 
 2.15443469e+08 -7.12075305e-03  2.15443469e+08  3.26823168e-03 
 2.32630507e+08 -5.88522903e-03  2.32630507e+08  3.17591069e-03 
 2.51188643e+08 -4.84272826e-03  2.51188643e+08  3.02035035e-03 
 2.71227258e+08 -3.97027617e-03  2.71227258e+08  2.82645303e-03 
 2.92864456e+08 -3.24518022e-03  2.92864456e+08  2.61315432e-03 
 3.16227766e+08 -2.64595768e-03  3.16227766e+08  2.39425639e-03 
 3.41454887e+08 -2.15294388e-03  3.41454887e+08  2.17933156e-03 
 3.68694506e+08 -1.74862295e-03  3.68694506e+08  1.97460491e-03 
 3.98107171e+08 -1.41773874e-03  3.98107171e+08  1.78375482e-03 
 4.29866235e+08 -1.14724622e-03  4.29866235e+08  1.60859879e-03 
 4.64158883e+08 -9.26158845e-04  4.64158883e+08  1.44965338e-03 
 5.01187234e+08 -7.45337044e-04  5.01187234e+08  1.30657256e-03 
 5.41169527e+08 -5.97252387e-04  5.41169527e+08  1.17847771e-03 
 5.84341413e+08 -4.75751152e-04  5.84341413e+08  1.06419655e-03 
 6.30957344e+08 -3.75832335e-04  6.30957344e+08  9.62429475e-04 
 6.81292069e+08 -2.93448335e-04  6.81292069e+08  8.71859838e-04 
 7.35642254e+08 -2.25331697e-04  7.35642254e+08  7.91222975e-04 
 7.94328235e+08 -1.68848134e-04  7.94328235e+08  7.19345663e-04 
 8.57695899e+08 -1.21874138e-04  8.57695899e+08  6.55165270e-04 
 9.26118728e+08 -8.26965141e-05  9.26118728e+08  5.97735503e-04 
 1.00000000e+09 -4.99308223e-05  1.00000000e+09  5.46223782e-04 
 1.07977516e+09 -2.24556941e-05  1.07977516e+09  4.99903762e-04 
 1.16591440e+09  6.39732744e-07  1.16591440e+09  4.58145390e-04 
 1.25892541e+09  2.00977166e-05  1.25892541e+09  4.20404078e-04 
 1.35935639e+09  3.65252275e-05  1.35935639e+09  3.86209949e-04 
 1.46779927e+09  5.04204060e-05  1.46779927e+09  3.55157731e-04 
 1.58489319e+09  6.21935779e-05  1.58489319e+09  3.26897588e-04 
 1.71132830e+09  7.21839629e-05  1.71132830e+09  3.01126997e-04 
 1.84784980e+09  8.06729857e-05  1.84784980e+09  2.77583684e-04 
 1.99526231e+09  8.78949084e-05  1.99526231e+09  2.56039554e-04 
 2.15443469e+09  9.40453520e-05  2.15443469e+09  2.36295526e-04 
 2.32630507e+09  9.92881507e-05  2.32630507e+09  2.18177169e-04 
 2.51188643e+09  1.03760888e-04  2.51188643e+09  2.01531026e-04 
 2.71227258e+09  1.07579389e-04  2.71227258e+09  1.86221534e-04 
 2.92864456e+09  1.10841377e-04  2.92864456e+09  1.72128451e-04 
 3.16227766e+09  1.13629468e-04  3.16227766e+09  1.59144688e-04 
 3.41454887e+09  1.16013633e-04  3.41454887e+09  1.47174512e-04 
 3.68694506e+09  1.18053225e-04  3.68694506e+09  1.36132024e-04 
 3.98107171e+09  1.19798666e-04  3.98107171e+09  1.25939888e-04 
 4.29866235e+09  1.21292836e-04  4.29866235e+09  1.16528256e-04 
 4.64158883e+09  1.22572250e-04  4.64158883e+09  1.07833862e-04 
 5.01187234e+09  1.23668027e-04  5.01187234e+09  9.97992490e-05 
 5.41169527e+09  1.24606712e-04  5.41169527e+09  9.23721131e-05 
 5.84341413e+09  1.25410964e-04  5.84341413e+09  8.55047381e-05 
 6.30957344e+09  1.26100139e-04  6.30957344e+09  7.91535108e-05 
 6.81292069e+09  1.26690777e-04  6.81292069e+09  7.32785006e-05 
 7.35642254e+09  1.27197023e-04  7.35642254e+09  6.78430941e-05 
 7.94328235e+09  1.27630976e-04  7.94328235e+09  6.28136752e-05 
 8.57695899e+09  1.28002991e-04  8.57695899e+09  5.81593441e-05 
 9.26118728e+09  1.28321930e-04  9.26118728e+09  5.38516693e-05 
 1.00000000e+10  1.28595382e-04  1.00000000e+10  4.98644671e-05 
