 1.00000000e+00  2.97055229e+02  1.00000000e+00 -2.31362490e-03 
 1.07977516e+00  2.97055229e+02  1.07977516e+00 -2.49819470e-03 
 1.16591440e+00  2.97055229e+02  1.16591440e+00 -2.69748858e-03 
 1.25892541e+00  2.97055229e+02  1.25892541e+00 -2.91268117e-03 
 1.35935639e+00  2.97055229e+02  1.35935639e+00 -3.14504079e-03 
 1.46779927e+00  2.97055229e+02  1.46779927e+00 -3.39593693e-03 
 1.58489319e+00  2.97055229e+02  1.58489319e+00 -3.66684835e-03 
 1.71132830e+00  2.97055229e+02  1.71132830e+00 -3.95937177e-03 
 1.84784980e+00  2.97055229e+02  1.84784980e+00 -4.27523129e-03 
 1.99526231e+00  2.97055229e+02  1.99526231e+00 -4.61628856e-03 
 2.15443469e+00  2.97055229e+02  2.15443469e+00 -4.98455373e-03 
 2.32630507e+00  2.97055229e+02  2.32630507e+00 -5.38219732e-03 
 2.51188643e+00  2.97055229e+02  2.51188643e+00 -5.81156298e-03 
 2.71227258e+00  2.97055229e+02  2.71227258e+00 -6.27518136e-03 
 2.92864456e+00  2.97055229e+02  2.92864456e+00 -6.77578497e-03 
 3.16227766e+00  2.97055229e+02  3.16227766e+00 -7.31632432e-03 
 3.41454887e+00  2.97055229e+02  3.41454887e+00 -7.89998528e-03 
 3.68694506e+00  2.97055229e+02  3.68694506e+00 -8.53020788e-03 
 3.98107171e+00  2.97055229e+02  3.98107171e+00 -9.21070660e-03 
 4.29866235e+00  2.97055229e+02  4.29866235e+00 -9.94549221e-03 
 4.64158883e+00  2.97055229e+02  4.64158883e+00 -1.07388955e-02 
 5.01187234e+00  2.97055229e+02  5.01187234e+00 -1.15955926e-02 
 5.41169527e+00  2.97055228e+02  5.41169527e+00 -1.25206329e-02 
 5.84341413e+00  2.97055228e+02  5.84341413e+00 -1.35194684e-02 
 6.30957344e+00  2.97055228e+02  6.30957344e+00 -1.45979862e-02 
 6.81292069e+00  2.97055228e+02  6.81292069e+00 -1.57625429e-02 
 7.35642254e+00  2.97055228e+02  7.35642254e+00 -1.70200023e-02 
 7.94328235e+00  2.97055228e+02  7.94328235e+00 -1.83777757e-02 
 8.57695899e+00  2.97055228e+02  8.57695899e+00 -1.98438658e-02 
 9.26118728e+00  2.97055227e+02  9.26118728e+00 -2.14269133e-02 
 1.00000000e+01  2.97055227e+02  1.00000000e+01 -2.31362488e-02 
 1.07977516e+01  2.97055227e+02  1.07977516e+01 -2.49819468e-02 
 1.16591440e+01  2.97055227e+02  1.16591440e+01 -2.69748856e-02 
 1.25892541e+01  2.97055226e+02  1.25892541e+01 -2.91268115e-02 
 1.35935639e+01  2.97055226e+02  1.35935639e+01 -3.14504075e-02 
 1.46779927e+01  2.97055225e+02  1.46779927e+01 -3.39593688e-02 
 1.58489319e+01  2.97055224e+02  1.58489319e+01 -3.66684829e-02 
 1.71132830e+01  2.97055224e+02  1.71132830e+01 -3.95937170e-02 
 1.84784980e+01  2.97055223e+02  1.84784980e+01 -4.27523121e-02 
 1.99526231e+01  2.97055222e+02  1.99526231e+01 -4.61628845e-02 
 2.15443469e+01  2.97055221e+02  2.15443469e+01 -4.98455360e-02 
 2.32630507e+01  2.97055219e+02  2.32630507e+01 -5.38219714e-02 
 2.51188643e+01  2.97055218e+02  2.51188643e+01 -5.81156276e-02 
 2.71227258e+01  2.97055216e+02  2.71227258e+01 -6.27518109e-02 
 2.92864456e+01  2.97055214e+02  2.92864456e+01 -6.77578462e-02 
 3.16227766e+01  2.97055211e+02  3.16227766e+01 -7.31632388e-02 
 3.41454887e+01  2.97055208e+02  3.41454887e+01 -7.89998473e-02 
 3.68694506e+01  2.97055205e+02  3.68694506e+01 -8.53020719e-02 
 3.98107171e+01  2.97055201e+02  3.98107171e+01 -9.21070573e-02 
 4.29866235e+01  2.97055196e+02  4.29866235e+01 -9.94549111e-02 
 4.64158883e+01  2.97055190e+02  4.64158883e+01 -1.07388941e-01 
 5.01187234e+01  2.97055184e+02  5.01187234e+01 -1.15955909e-01 
 5.41169527e+01  2.97055176e+02  5.41169527e+01 -1.25206307e-01 
 5.84341413e+01  2.97055168e+02  5.84341413e+01 -1.35194656e-01 
 6.30957344e+01  2.97055157e+02  6.30957344e+01 -1.45979827e-01 
 6.81292069e+01  2.97055146e+02  6.81292069e+01 -1.57625385e-01 
 7.35642254e+01  2.97055132e+02  7.35642254e+01 -1.70199968e-01 
 7.94328235e+01  2.97055115e+02  7.94328235e+01 -1.83777688e-01 
 8.57695899e+01  2.97055097e+02  8.57695899e+01 -1.98438570e-01 
 9.26118728e+01  2.97055075e+02  9.26118728e+01 -2.14269023e-01 
 1.00000000e+02  2.97055049e+02  1.00000000e+02 -2.31362350e-01 
 1.07977516e+02  2.97055019e+02  1.07977516e+02 -2.49819294e-01 
 1.16591440e+02  2.97054984e+02  1.16591440e+02 -2.69748637e-01 
 1.25892541e+02  2.97054944e+02  1.25892541e+02 -2.91267838e-01 
 1.35935639e+02  2.97054897e+02  1.35935639e+02 -3.14503727e-01 
 1.46779927e+02  2.97054841e+02  1.46779927e+02 -3.39593250e-01 
 1.58489319e+02  2.97054777e+02  1.58489319e+02 -3.66684278e-01 
 1.71132830e+02  2.97054702e+02  1.71132830e+02 -3.95936476e-01 
 1.84784980e+02  2.97054615e+02  1.84784980e+02 -4.27522247e-01 
 1.99526231e+02  2.97054513e+02  1.99526231e+02 -4.61627745e-01 
 2.15443469e+02  2.97054394e+02  2.15443469e+02 -4.98453974e-01 
 2.32630507e+02  2.97054255e+02  2.32630507e+02 -5.38217971e-01 
 2.51188643e+02  2.97054094e+02  2.51188643e+02 -5.81154081e-01 
 2.71227258e+02  2.97053905e+02  2.71227258e+02 -6.27515345e-01 
 2.92864456e+02  2.97053686e+02  2.92864456e+02 -6.77574983e-01 
 3.16227766e+02  2.97053430e+02  3.16227766e+02 -7.31628008e-01 
 3.41454887e+02  2.97053131e+02  3.41454887e+02 -7.89992958e-01 
 3.68694506e+02  2.97052783e+02  3.68694506e+02 -8.53013777e-01 
 3.98107171e+02  2.97052378e+02  3.98107171e+02 -9.21061833e-01 
 4.29866235e+02  2.97051904e+02  4.29866235e+02 -9.94538109e-01 
 4.64158883e+02  2.97051353e+02  4.64158883e+02 -1.07387556e+00 
 5.01187234e+02  2.97050710e+02  5.01187234e+02 -1.15954165e+00 
 5.41169527e+02  2.97049960e+02  5.41169527e+02 -1.25204112e+00 
 5.84341413e+02  2.97049086e+02  5.84341413e+02 -1.35191893e+00 
 6.30957344e+02  2.97048067e+02  6.30957344e+02 -1.45976348e+00 
 6.81292069e+02  2.97046878e+02  6.81292069e+02 -1.57621005e+00 
 7.35642254e+02  2.97045493e+02  7.35642254e+02 -1.70194454e+00 
 7.94328235e+02  2.97043877e+02  7.94328235e+02 -1.83770746e+00 
 8.57695899e+02  2.97041994e+02  8.57695899e+02 -1.98429831e+00 
 9.26118728e+02  2.97039798e+02  9.26118728e+02 -2.14258022e+00 
 1.00000000e+03  2.97037238e+02  1.00000000e+03 -2.31348499e+00 
 1.07977516e+03  2.97034254e+02  1.07977516e+03 -2.49801857e+00 
 1.16591440e+03  2.97030774e+02  1.16591440e+03 -2.69726686e+00 
 1.25892541e+03  2.97026717e+02  1.25892541e+03 -2.91240204e+00 
 1.35935639e+03  2.97021986e+02  1.35935639e+03 -3.14468938e+00 
 1.46779927e+03  2.97016472e+02  1.46779927e+03 -3.39549454e+00 
 1.58489319e+03  2.97010042e+02  1.58489319e+03 -3.66629143e+00 
 1.71132830e+03  2.97002547e+02  1.71132830e+03 -3.95867067e+00 
 1.84784980e+03  2.96993808e+02  1.84784980e+03 -4.27434869e+00 
 1.99526231e+03  2.96983619e+02  1.99526231e+03 -4.61517747e+00 
 2.15443469e+03  2.96971742e+02  2.15443469e+03 -4.98315500e+00 
 2.32630507e+03  2.96957894e+02  2.32630507e+03 -5.38043650e+00 
 2.51188643e+03  2.96941751e+02  2.51188643e+03 -5.80934636e+00 
 2.71227258e+03  2.96922932e+02  2.71227258e+03 -6.27239098e+00 
 2.92864456e+03  2.96900994e+02  2.92864456e+03 -6.77227235e+00 
 3.16227766e+03  2.96875419e+02  3.16227766e+03 -7.31190257e+00 
 3.41454887e+03  2.96845607e+02  3.41454887e+03 -7.89441918e+00 
 3.68694506e+03  2.96810857e+02  3.68694506e+03 -8.52320141e+00 
 3.98107171e+03  2.96770350e+02  3.98107171e+03 -9.20188717e+00 
 4.29866235e+03  2.96723138e+02  4.29866235e+03 -9.93439097e+00 
 4.64158883e+03  2.96668111e+02  4.64158883e+03 -1.07249224e+01 
 5.01187234e+03  2.96603980e+02  5.01187234e+03 -1.15780054e+01 
 5.41169527e+03  2.96529243e+02  5.41169527e+03 -1.24984974e+01 
 5.84341413e+03  2.96442154e+02  5.84341413e+03 -1.34916097e+01 
 6.30957344e+03  2.96340681e+02  6.30957344e+03 -1.45629261e+01 
 6.81292069e+03  2.96222459e+02  6.81292069e+03 -1.57184225e+01 
 7.35642254e+03  2.96084741e+02  7.35642254e+03 -1.69644838e+01 
 7.94328235e+03  2.95924335e+02  7.94328235e+03 -1.83079199e+01 
 8.57695899e+03  2.95737534e+02  8.57695899e+03 -1.97559779e+01 
 9.26118728e+03  2.95520038e+02  9.26118728e+03 -2.13163503e+01 
 1.00000000e+04  2.95266859e+02  1.00000000e+04 -2.29971773e+01 
 1.07977516e+04  2.94972220e+02  1.07977516e+04 -2.48070406e+01 
 1.16591440e+04  2.94629436e+02  1.16591440e+04 -2.67549472e+01 
 1.25892541e+04  2.94230783e+02  1.25892541e+04 -2.88502995e+01 
 1.35935639e+04  2.93767346e+02  1.35935639e+04 -3.11028470e+01 
 1.46779927e+04  2.93228854e+02  1.46779927e+04 -3.35226168e+01 
 1.58489319e+04  2.92603503e+02  1.58489319e+04 -3.61198155e+01 
 1.71132830e+04  2.91877751e+02  1.71132830e+04 -3.89046961e+01 
 1.84784980e+04  2.91036112e+02  1.84784980e+04 -4.18873835e+01 
 1.99526231e+04  2.90060931e+02  1.99526231e+04 -4.50776467e+01 
 2.15443469e+04  2.88932159e+02  2.15443469e+04 -4.84846107e+01 
 2.32630507e+04  2.87627134e+02  2.32630507e+04 -5.21163942e+01 
 2.51188643e+04  2.86120369e+02  2.51188643e+04 -5.59796634e+01 
 2.71227258e+04  2.84383390e+02  2.71227258e+04 -6.00790893e+01 
 2.92864456e+04  2.82384621e+02  2.92864456e+04 -6.44166997e+01 
 3.16227766e+04  2.80089358e+02  3.16227766e+04 -6.89911177e+01 
 3.41454887e+04  2.77459871e+02  3.41454887e+04 -7.37966862e+01 
 3.68694506e+04  2.74455678e+02  3.68694506e+04 -7.88224865e+01 
 3.98107171e+04  2.71034029e+02  3.98107171e+04 -8.40512689e+01 
 4.29866235e+04  2.67150683e+02  4.29866235e+04 -8.94583351e+01 
 4.64158883e+04  2.62761000e+02  4.64158883e+04 -9.50104292e+01 
 5.01187234e+04  2.57821423e+02  5.01187234e+04 -1.00664723e+02 
 5.41169527e+04  2.52291366e+02  5.41169527e+04 -1.06368012e+02 
 5.84341413e+04  2.46135510e+02  5.84341413e+04 -1.12056255e+02 
 6.30957344e+04  2.39326459e+02  6.30957344e+04 -1.17654628e+02 
 6.81292069e+04  2.31847659e+02  6.81292069e+04 -1.23078253e+02 
 7.35642254e+04  2.23696387e+02  7.35642254e+04 -1.28233757e+02 
 7.94328235e+04  2.14886570e+02  7.94328235e+04 -1.33021756e+02 
 8.57695899e+04  2.05451117e+02  8.57695899e+04 -1.37340304e+02 
 9.26118728e+04  1.95443421e+02  9.26118728e+04 -1.41089194e+02 
 1.00000000e+05  1.84937698e+02  1.00000000e+05 -1.44174888e+02 
 1.07977516e+05  1.74027901e+02  1.07977516e+05 -1.46515709e+02 
 1.16591440e+05  1.62825102e+02  1.16591440e+05 -1.48046814e+02 
 1.25892541e+05  1.51453412e+02  1.25892541e+05 -1.48724425e+02 
 1.35935639e+05  1.40044684e+02  1.35935639e+05 -1.48528817e+02 
 1.46779927e+05  1.28732499e+02  1.46779927e+05 -1.47465702e+02 
 1.58489319e+05  1.17645963e+02  1.58489319e+05 -1.45565826e+02 
 1.71132830e+05  1.06903950e+02  1.71132830e+05 -1.42882833e+02 
 1.84784980e+05  9.66103040e+01  1.84784980e+05 -1.39489667e+02 
 1.99526231e+05  8.68503897e+01  1.99526231e+05 -1.35473944e+02 
 2.15443469e+05  7.76891612e+01  2.15443469e+05 -1.30932816e+02 
 2.32630507e+05  6.91707403e+01  2.32630507e+05 -1.25967847e+02 
 2.51188643e+05  6.13193110e+01  2.51188643e+05 -1.20680320e+02 
 2.71227258e+05  5.41410348e+01  2.71227258e+05 -1.15167300e+02 
 2.92864456e+05  4.76266421e+01  2.92864456e+05 -1.09518615e+02 
 3.16227766e+05  4.17543638e+01  3.16227766e+05 -1.03814788e+02 
 3.41454887e+05  3.64929157e+01  3.41454887e+05 -9.81258687e+01 
 3.68694506e+05  3.18043160e+01  3.68694506e+05 -9.25110261e+01 
 3.98107171e+05  2.76463911e+01  3.98107171e+05 -8.70187459e+01 
 4.29866235e+05  2.39748923e+01  4.29866235e+05 -8.16874616e+01 
 4.64158883e+05  2.07451983e+01  4.64158883e+05 -7.65464700e+01 
 5.01187234e+05  1.79136196e+01  5.01187234e+05 -7.16169997e+01 
 5.41169527e+05  1.54383432e+01  5.41169527e+05 -6.69133326e+01 
 5.84341413e+05  1.32800701e+01  5.84341413e+05 -6.24439066e+01 
 6.30957344e+05  1.14024011e+01  6.30957344e+05 -5.82123481e+01 
 6.81292069e+05  9.77202635e+00  6.81292069e+05 -5.42184087e+01 
 7.35642254e+05  8.35876437e+00  7.35642254e+05 -5.04587894e+01 
 7.94328235e+05  7.13549491e+00  7.94328235e+05 -4.69278511e+01 
 8.57695899e+05  6.07801761e+00  8.57695899e+05 -4.36182141e+01 
 9.26118728e+05  5.16486418e+00  9.26118728e+05 -4.05212569e+01 
 1.00000000e+06  4.37708437e+00  1.00000000e+06 -3.76275228e+01 
 1.07977516e+06  3.69802094e+00  1.07977516e+06 -3.49270482e+01 
 1.16591440e+06  3.11308450e+00  1.16591440e+06 -3.24096218e+01 
 1.25892541e+06  2.60953575e+00  1.25892541e+06 -3.00649880e+01 
 1.35935639e+06  2.17627971e+00  1.35935639e+06 -2.78830013e+01 
 1.46779927e+06  1.80367490e+00  1.46779927e+06 -2.58537431e+01 
 1.58489319e+06  1.48335885e+00  1.58489319e+06 -2.39676060e+01 
 1.71132830e+06  1.20809019e+00  1.71132830e+06 -2.22153536e+01 
 1.84784980e+06  9.71607154e-01  1.84784980e+06 -2.05881595e+01 
 1.99526231e+06  7.68501542e-01  1.99526231e+06 -1.90776309e+01 
 2.15443469e+06  5.94107268e-01  2.15443469e+06 -1.76758200e+01 
 2.32630507e+06  4.44402179e-01  2.32630507e+06 -1.63752259e+01 
 2.51188643e+06  3.15921972e-01  2.51188643e+06 -1.51687895e+01 
 2.71227258e+06  2.05684967e-01  2.71227258e+06 -1.40498833e+01 
 2.92864456e+06  1.11126554e-01  2.92864456e+06 -1.30122974e+01 
 3.16227766e+06  3.00422175e-02  3.16227766e+06 -1.20502227e+01 
 3.41454887e+06 -3.94618776e-02  3.41454887e+06 -1.11582332e+01 
 3.68694506e+06 -9.90116608e-02  3.68694506e+06 -1.03312662e+01 
 3.98107171e+06 -1.50002124e-01  3.98107171e+06 -9.56460313e+00 
 4.29866235e+06 -1.93629218e-01  4.29866235e+06 -8.85384974e+00 
 4.64158883e+06 -2.30917341e-01  4.64158883e+06 -8.19491673e+00 
 5.01187234e+06 -2.62742985e-01  5.01187234e+06 -7.58400099e+00 
 5.41169527e+06 -2.89855066e-01  5.41169527e+06 -7.01756737e+00 
 5.84341413e+06 -3.12892359e-01  5.84341413e+06 -6.49233132e+00 
 6.30957344e+06 -3.32398454e-01  6.30957344e+06 -6.00524236e+00 
 6.81292069e+06 -3.48834547e-01  6.81292069e+06 -5.55346846e+00 
 7.35642254e+06 -3.62590376e-01  7.35642254e+06 -5.13438138e+00 
 7.94328235e+06 -3.73993568e-01  7.94328235e+06 -4.74554287e+00 
 8.57695899e+06 -3.83317604e-01  8.57695899e+06 -4.38469195e+00 
 9.26118728e+06 -3.90788634e-01  9.26118728e+06 -4.04973299e+00 
 1.00000000e+07 -3.96591308e-01  1.00000000e+07 -3.73872485e+00 
 1.07977516e+07 -4.00873795e-01  1.07977516e+07 -3.44987084e+00 
 1.16591440e+07 -4.03752156e-01  1.16591440e+07 -3.18150957e+00 
 1.25892541e+07 -4.05314219e-01  1.25892541e+07 -2.93210677e+00 
 1.35935639e+07 -4.05623104e-01  1.35935639e+07 -2.70024776e+00 
 1.46779927e+07 -4.04720545e-01  1.46779927e+07 -2.48463088e+00 
 1.58489319e+07 -4.02630164e-01  1.58489319e+07 -2.28406142e+00 
 1.71132830e+07 -3.99360826e-01  1.71132830e+07 -2.09744638e+00 
 1.84784980e+07 -3.94910221e-01  1.84784980e+07 -1.92378945e+00 
 1.99526231e+07 -3.89268772e-01  1.99526231e+07 -1.76218652e+00 
 2.15443469e+07 -3.82423954e-01  2.15443469e+07 -1.61182110e+00 
 2.32630507e+07 -3.74365048e-01  2.32630507e+07 -1.47195971e+00 
 2.51188643e+07 -3.65088255e-01  2.51188643e+07 -1.34194672e+00 
 2.71227258e+07 -3.54602031e-01  2.71227258e+07 -1.22119857e+00 
 2.92864456e+07 -3.42932366e-01  2.92864456e+07 -1.10919691e+00 
 3.16227766e+07 -3.30127614e-01  3.16227766e+07 -1.00548072e+00 
 3.41454887e+07 -3.16262416e-01  3.41454887e+07 -9.09637202e-01 
 3.68694506e+07 -3.01440183e-01  3.68694506e+07 -8.21291652e-01 
 3.98107171e+07 -2.85793659e-01  3.98107171e+07 -7.40096753e-01 
 4.29866235e+07 -2.69483225e-01  4.29866235e+07 -6.65721769e-01 
 4.64158883e+07 -2.52692787e-01  4.64158883e+07 -5.97842424e-01 
 5.01187234e+07 -2.35623444e-01  5.01187234e+07 -5.36132253e-01 
 5.41169527e+07 -2.18485381e-01  5.41169527e+07 -4.80256125e-01 
 5.84341413e+07 -2.01488736e-01  5.84341413e+07 -4.29866471e-01 
 6.30957344e+07 -1.84834341e-01  6.30957344e+07 -3.84602393e-01 
 6.81292069e+07 -1.68705252e-01  6.81292069e+07 -3.44091528e-01 
 7.35642254e+07 -1.53259847e-01  7.35642254e+07 -3.07954182e-01 
 7.94328235e+07 -1.38627025e-01  7.94328235e+07 -2.75809022e-01 
 8.57695899e+07 -1.24903739e-01  8.57695899e+07 -2.47279538e-01 
 9.26118728e+07 -1.12154785e-01  9.26118728e+07 -2.22000467e-01 
 1.00000000e+08 -1.00414523e-01  1.00000000e+08 -1.99623557e-01 
 1.07977516e+08 -8.96900660e-02  1.07977516e+08 -1.79822218e-01 
 1.16591440e+08 -7.99654051e-02  1.16591440e+08 -1.62294834e-01 
 1.25892541e+08 -7.12059670e-02  1.25892541e+08 -1.46766693e-01 
 1.35935639e+08 -6.33631850e-02  1.35935639e+08 -1.32990661e-01 
 1.46779927e+08 -5.63787635e-02  1.46779927e+08 -1.20746785e-01 
 1.58489319e+08 -5.01884383e-02  1.58489319e+08 -1.09841088e-01 
 1.71132830e+08 -4.47251249e-02  1.71132830e+08 -1.00103791e-01 
 1.84784980e+08 -3.99214340e-02  1.84784980e+08 -9.13871990e-02 
 1.99526231e+08 -3.57115823e-02  1.99526231e+08 -8.35634210e-02 
 2.15443469e+08 -3.20327652e-02  2.15443469e+08 -7.65220850e-02 
 2.32630507e+08 -2.88260719e-02  2.32630507e+08 -7.01681352e-02 
 2.51188643e+08 -2.60370293e-02  2.51188643e+08 -6.44197838e-02 
 2.71227258e+08 -2.36158561e-02  2.71227258e+08 -5.92066532e-02 
 2.92864456e+08 -2.15174992e-02  2.92864456e+08 -5.44681236e-02 
 3.16227766e+08 -1.97015147e-02  3.16227766e+08 -5.01518857e-02 
 3.41454887e+08 -1.81318432e-02  3.41454887e+08 -4.62126895e-02 
 3.68694506e+08 -1.67765191e-02  3.68694506e+08 -4.26112723e-02 
 3.98107171e+08 -1.56073429e-02  3.98107171e+08 -3.93134477e-02 
 4.29866235e+08 -1.45995405e-02  4.29866235e+08 -3.62893355e-02 
 4.64158883e+08 -1.37314229e-02  4.64158883e+08 -3.35127147e-02 
 5.01187234e+08 -1.29840592e-02  5.01187234e+08 -3.09604797e-02 
 5.41169527e+08 -1.23409680e-02  5.41169527e+08 -2.86121857e-02 
 5.84341413e+08 -1.17878313e-02  5.84341413e+08 -2.64496681e-02 
 6.30957344e+08 -1.13122344e-02  6.30957344e+08 -2.44567239e-02 
 6.81292069e+08 -1.09034299e-02  6.81292069e+08 -2.26188451e-02 
 7.35642254e+08 -1.05521263e-02  7.35642254e+08 -2.09229949e-02 
 7.94328235e+08 -1.02503005e-02  7.94328235e+08 -1.93574187e-02 
 8.57695899e+08 -9.99103133e-03  8.57695899e+08 -1.79114861e-02 
 9.26118728e+08 -9.76835321e-03  9.26118728e+08 -1.65755555e-02 
 1.00000000e+09 -9.57712784e-03  1.00000000e+09 -1.53408604e-02 
 1.07977516e+09 -9.41293204e-03  1.07977516e+09 -1.41994113e-02 
 1.16591440e+09 -9.27196001e-03  1.16591440e+09 -1.31439121e-02 
 1.25892541e+09 -9.15093841e-03  1.25892541e+09 -1.21676876e-02 
 1.35935639e+09 -9.04705279e-03  1.35935639e+09 -1.12646216e-02 
 1.46779927e+09 -8.95788382e-03  1.46779927e+09 -1.04291017e-02 
 1.58489319e+09 -8.88135230e-03  1.58489319e+09 -9.65597155e-03 
 1.71132830e+09 -8.81567162e-03  1.71132830e+09 -8.94048924e-03 
 1.84784980e+09 -8.75930686e-03  1.84784980e+09 -8.27828960e-03 
 1.99526231e+09 -8.71093948e-03  1.99526231e+09 -7.66535119e-03 
 2.15443469e+09 -8.66943697e-03  2.15443469e+09 -7.09796664e-03 
 2.32630507e+09 -8.63382674e-03  2.32630507e+09 -6.57271611e-03 
 2.51188643e+09 -8.60327360e-03  2.51188643e+09 -6.08644326e-03 
 2.71227258e+09 -8.57706043e-03  2.71227258e+09 -5.63623369e-03 
 2.92864456e+09 -8.55457157e-03  2.92864456e+09 -5.21939527e-03 
 3.16227766e+09 -8.53527853e-03  3.16227766e+09 -4.83344036e-03 
 3.41454887e+09 -8.51872762e-03  3.41454887e+09 -4.47606958e-03 
 3.68694506e+09 -8.50452947e-03  3.68694506e+09 -4.14515699e-03 
 3.98107171e+09 -8.49234992e-03  3.98107171e+09 -3.83873660e-03 
 4.29866235e+09 -8.48190218e-03  4.29866235e+09 -3.55498992e-03 
 4.64158883e+09 -8.47294017e-03  4.64158883e+09 -3.29223464e-03 
 5.01187234e+09 -8.46525272e-03  5.01187234e+09 -3.04891421e-03 
 5.41169527e+09 -8.45865865e-03  5.41169527e+09 -2.82358822e-03 
 5.84341413e+09 -8.45300253e-03  5.84341413e+09 -2.61492362e-03 
 6.30957344e+09 -8.44815098e-03  6.30957344e+09 -2.42168657e-03 
 6.81292069e+09 -8.44398960e-03  6.81292069e+09 -2.24273497e-03 
 7.35642254e+09 -8.44042023e-03  7.35642254e+09 -2.07701160e-03 
 7.94328235e+09 -8.43735867e-03  7.94328235e+09 -1.92353767e-03 
 8.57695899e+09 -8.43473269e-03  8.57695899e+09 -1.78140705e-03 
 9.26118728e+09 -8.43248033e-03  9.26118728e+09 -1.64978075e-03 
 1.00000000e+10 -8.43054844e-03  1.00000000e+10 -1.52788198e-03 
