 1.00000000e+00  2.94001956e+02  1.00000000e+00 -3.23601359e-03 
 1.07977516e+00  2.94001956e+02  1.07977516e+00 -3.49416710e-03 
 1.16591440e+00  2.94001956e+02  1.16591440e+00 -3.77291484e-03 
 1.25892541e+00  2.94001956e+02  1.25892541e+00 -4.07389974e-03 
 1.35935639e+00  2.94001956e+02  1.35935639e+00 -4.39889575e-03 
 1.46779927e+00  2.94001956e+02  1.46779927e+00 -4.74981837e-03 
 1.58489319e+00  2.94001956e+02  1.58489319e+00 -5.12873591e-03 
 1.71132830e+00  2.94001956e+02  1.71132830e+00 -5.53788164e-03 
 1.84784980e+00  2.94001956e+02  1.84784980e+00 -5.97966705e-03 
 1.99526231e+00  2.94001956e+02  1.99526231e+00 -6.45669596e-03 
 2.15443469e+00  2.94001956e+02  2.15443469e+00 -6.97177993e-03 
 2.32630507e+00  2.94001956e+02  2.32630507e+00 -7.52795480e-03 
 2.51188643e+00  2.94001956e+02  2.51188643e+00 -8.12849862e-03 
 2.71227258e+00  2.94001955e+02  2.71227258e+00 -8.77695092e-03 
 2.92864456e+00  2.94001955e+02  2.92864456e+00 -9.47713360e-03 
 3.16227766e+00  2.94001955e+02  3.16227766e+00 -1.02331735e-02 
 3.41454887e+00  2.94001955e+02  3.41454887e+00 -1.10495265e-02 
 3.68694506e+00  2.94001955e+02  3.68694506e+00 -1.19310043e-02 
 3.98107171e+00  2.94001955e+02  3.98107171e+00 -1.28828021e-02 
 4.29866235e+00  2.94001955e+02  4.29866235e+00 -1.39105297e-02 
 4.64158883e+00  2.94001955e+02  4.64158883e+00 -1.50202445e-02 
 5.01187234e+00  2.94001955e+02  5.01187234e+00 -1.62184869e-02 
 5.41169527e+00  2.94001955e+02  5.41169527e+00 -1.75123194e-02 
 5.84341413e+00  2.94001955e+02  5.84341413e+00 -1.89093675e-02 
 6.30957344e+00  2.94001954e+02  6.30957344e+00 -2.04178653e-02 
 6.81292069e+00  2.94001954e+02  6.81292069e+00 -2.20467038e-02 
 7.35642254e+00  2.94001954e+02  7.35642254e+00 -2.38054832e-02 
 7.94328235e+00  2.94001953e+02  7.94328235e+00 -2.57045694e-02 
 8.57695899e+00  2.94001953e+02  8.57695899e+00 -2.77551556e-02 
 9.26118728e+00  2.94001953e+02  9.26118728e+00 -2.99693276e-02 
 1.00000000e+01  2.94001952e+02  1.00000000e+01 -3.23601355e-02 
 1.07977516e+01  2.94001952e+02  1.07977516e+01 -3.49416705e-02 
 1.16591440e+01  2.94001951e+02  1.16591440e+01 -3.77291478e-02 
 1.25892541e+01  2.94001950e+02  1.25892541e+01 -4.07389966e-02 
 1.35935639e+01  2.94001949e+02  1.35935639e+01 -4.39889565e-02 
 1.46779927e+01  2.94001948e+02  1.46779927e+01 -4.74981825e-02 
 1.58489319e+01  2.94001947e+02  1.58489319e+01 -5.12873575e-02 
 1.71132830e+01  2.94001945e+02  1.71132830e+01 -5.53788145e-02 
 1.84784980e+01  2.94001944e+02  1.84784980e+01 -5.97966681e-02 
 1.99526231e+01  2.94001942e+02  1.99526231e+01 -6.45669565e-02 
 2.15443469e+01  2.94001939e+02  2.15443469e+01 -6.97177954e-02 
 2.32630507e+01  2.94001936e+02  2.32630507e+01 -7.52795432e-02 
 2.51188643e+01  2.94001933e+02  2.51188643e+01 -8.12849801e-02 
 2.71227258e+01  2.94001930e+02  2.71227258e+01 -8.77695014e-02 
 2.92864456e+01  2.94001925e+02  2.92864456e+01 -9.47713263e-02 
 3.16227766e+01  2.94001920e+02  3.16227766e+01 -1.02331722e-01 
 3.41454887e+01  2.94001914e+02  3.41454887e+01 -1.10495250e-01 
 3.68694506e+01  2.94001907e+02  3.68694506e+01 -1.19310024e-01 
 3.98107171e+01  2.94001899e+02  3.98107171e+01 -1.28827997e-01 
 4.29866235e+01  2.94001890e+02  4.29866235e+01 -1.39105267e-01 
 4.64158883e+01  2.94001879e+02  4.64158883e+01 -1.50202406e-01 
 5.01187234e+01  2.94001866e+02  5.01187234e+01 -1.62184821e-01 
 5.41169527e+01  2.94001852e+02  5.41169527e+01 -1.75123132e-01 
 5.84341413e+01  2.94001834e+02  5.84341413e+01 -1.89093597e-01 
 6.30957344e+01  2.94001814e+02  6.30957344e+01 -2.04178556e-01 
 6.81292069e+01  2.94001791e+02  6.81292069e+01 -2.20466916e-01 
 7.35642254e+01  2.94001763e+02  7.35642254e+01 -2.38054678e-01 
 7.94328235e+01  2.94001731e+02  7.94328235e+01 -2.57045500e-01 
 8.57695899e+01  2.94001694e+02  8.57695899e+01 -2.77551312e-01 
 9.26118728e+01  2.94001651e+02  9.26118728e+01 -2.99692968e-01 
 1.00000000e+02  2.94001600e+02  1.00000000e+02 -3.23600968e-01 
 1.07977516e+02  2.94001541e+02  1.07977516e+02 -3.49416218e-01 
 1.16591440e+02  2.94001472e+02  1.16591440e+02 -3.77290865e-01 
 1.25892541e+02  2.94001392e+02  1.25892541e+02 -4.07389194e-01 
 1.35935639e+02  2.94001298e+02  1.35935639e+02 -4.39888593e-01 
 1.46779927e+02  2.94001189e+02  1.46779927e+02 -4.74980601e-01 
 1.58489319e+02  2.94001062e+02  1.58489319e+02 -5.12872034e-01 
 1.71132830e+02  2.94000914e+02  1.71132830e+02 -5.53786205e-01 
 1.84784980e+02  2.94000741e+02  1.84784980e+02 -5.97964239e-01 
 1.99526231e+02  2.94000540e+02  1.99526231e+02 -6.45666491e-01 
 2.15443469e+02  2.94000305e+02  2.15443469e+02 -6.97174083e-01 
 2.32630507e+02  2.94000031e+02  2.32630507e+02 -7.52790559e-01 
 2.51188643e+02  2.93999711e+02  2.51188643e+02 -8.12843666e-01 
 2.71227258e+02  2.93999339e+02  2.71227258e+02 -8.77687291e-01 
 2.92864456e+02  2.93998905e+02  2.92864456e+02 -9.47703540e-01 
 3.16227766e+02  2.93998399e+02  3.16227766e+02 -1.02330498e+00 
 3.41454887e+02  2.93997809e+02  3.41454887e+02 -1.10493709e+00 
 3.68694506e+02  2.93997121e+02  3.68694506e+02 -1.19308084e+00 
 3.98107171e+02  2.93996318e+02  3.98107171e+02 -1.28825554e+00 
 4.29866235e+02  2.93995383e+02  4.29866235e+02 -1.39102192e+00 
 4.64158883e+02  2.93994293e+02  4.64158883e+02 -1.50198536e+00 
 5.01187234e+02  2.93993021e+02  5.01187234e+02 -1.62179948e+00 
 5.41169527e+02  2.93991539e+02  5.41169527e+02 -1.75116998e+00 
 5.84341413e+02  2.93989811e+02  5.84341413e+02 -1.89085875e+00 
 6.30957344e+02  2.93987796e+02  6.30957344e+02 -2.04168834e+00 
 6.81292069e+02  2.93985447e+02  6.81292069e+02 -2.20454676e+00 
 7.35642254e+02  2.93982708e+02  7.35642254e+02 -2.38039269e+00 
 7.94328235e+02  2.93979514e+02  7.94328235e+02 -2.57026102e+00 
 8.57695899e+02  2.93975791e+02  8.57695899e+02 -2.77526891e+00 
 9.26118728e+02  2.93971451e+02  9.26118728e+02 -2.99662225e+00 
 1.00000000e+03  2.93966390e+02  1.00000000e+03 -3.23562265e+00 
 1.07977516e+03  2.93960490e+02  1.07977516e+03 -3.49367495e+00 
 1.16591440e+03  2.93953611e+02  1.16591440e+03 -3.77229528e+00 
 1.25892541e+03  2.93945592e+02  1.25892541e+03 -4.07311978e+00 
 1.35935639e+03  2.93936242e+02  1.35935639e+03 -4.39791387e+00 
 1.46779927e+03  2.93925342e+02  1.46779927e+03 -4.74858230e+00 
 1.58489319e+03  2.93912635e+02  1.58489319e+03 -5.12717985e+00 
 1.71132830e+03  2.93897821e+02  1.71132830e+03 -5.53592279e+00 
 1.84784980e+03  2.93880550e+02  1.84784980e+03 -5.97720114e+00 
 1.99526231e+03  2.93860417e+02  1.99526231e+03 -6.45359178e+00 
 2.15443469e+03  2.93836947e+02  2.15443469e+03 -6.96787231e+00 
 2.32630507e+03  2.93809587e+02  2.32630507e+03 -7.52303586e+00 
 2.51188643e+03  2.93777695e+02  2.51188643e+03 -8.12230670e+00 
 2.71227258e+03  2.93740520e+02  2.71227258e+03 -8.76915674e+00 
 2.92864456e+03  2.93697189e+02  2.92864456e+03 -9.46732276e+00 
 3.16227766e+03  2.93646685e+02  3.16227766e+03 -1.02208245e+01 
 3.41454887e+03  2.93587823e+02  3.41454887e+03 -1.10339832e+01 
 3.68694506e+03  2.93519225e+02  3.68694506e+03 -1.19114410e+01 
 3.98107171e+03  2.93439286e+02  3.98107171e+03 -1.28581800e+01 
 4.29866235e+03  2.93346139e+02  4.29866235e+03 -1.38795422e+01 
 4.64158883e+03  2.93237613e+02  4.64158883e+03 -1.49812479e+01 
 5.01187234e+03  2.93111181e+02  5.01187234e+03 -1.61694142e+01 
 5.41169527e+03  2.92963910e+02  5.41169527e+03 -1.74505715e+01 
 5.84341413e+03  2.92792390e+02  5.84341413e+03 -1.88316769e+01 
 6.30957344e+03  2.92592667e+02  6.30957344e+03 -2.03201254e+01 
 6.81292069e+03  2.92360149e+02  6.81292069e+03 -2.19237542e+01 
 7.35642254e+03  2.92089519e+02  7.35642254e+03 -2.36508418e+01 
 7.94328235e+03  2.91774619e+02  7.94328235e+03 -2.55100971e+01 
 8.57695899e+03  2.91408328e+02  8.57695899e+03 -2.75106364e+01 
 9.26118728e+03  2.90982421e+02  9.26118728e+03 -2.96619454e+01 
 1.00000000e+04  2.90487418e+02  1.00000000e+04 -3.19738217e+01 
 1.07977516e+04  2.89912405e+02  1.07977516e+04 -3.44562916e+01 
 1.16591440e+04  2.89244854e+02  1.16591440e+04 -3.71194971e+01 
 1.25892541e+04  2.88470412e+02  1.25892541e+04 -3.99735440e+01 
 1.35935639e+04  2.87572692e+02  1.35935639e+04 -4.30283035e+01 
 1.46779927e+04  2.86533046e+02  1.46779927e+04 -4.62931582e+01 
 1.58489319e+04  2.85330347e+02  1.58489319e+04 -4.97766805e+01 
 1.71132830e+04  2.83940772e+02  1.71132830e+04 -5.34862339e+01 
 1.84784980e+04  2.82337615e+02  1.84784980e+04 -5.74274839e+01 
 1.99526231e+04  2.80491148e+02  1.99526231e+04 -6.16038090e+01 
 2.15443469e+04  2.78368547e+02  2.15443469e+04 -6.60156031e+01 
 2.32630507e+04  2.75933927e+02  2.32630507e+04 -7.06594643e+01 
 2.51188643e+04  2.73148521e+02  2.51188643e+04 -7.55272734e+01 
 2.71227258e+04  2.69971054e+02  2.71227258e+04 -8.06051755e+01 
 2.92864456e+04  2.66358359e+02  2.92864456e+04 -8.58724914e+01 
 3.16227766e+04  2.62266298e+02  3.16227766e+04 -9.13006070e+01 
 3.41454887e+04  2.57651037e+02  3.41454887e+04 -9.68519118e+01 
 3.68694506e+04  2.52470711e+02  3.68694506e+04 -1.02478884e+02 
 3.98107171e+04  2.46687502e+02  3.98107171e+04 -1.08123450e+02 
 4.29866235e+04  2.40270104e+02  4.29866235e+04 -1.13716768e+02 
 4.64158883e+04  2.33196493e+02  4.64158883e+04 -1.19179597e+02 
 5.01187234e+04  2.25456887e+02  5.01187234e+04 -1.24423423e+02 
 5.41169527e+04  2.17056645e+02  5.41169527e+04 -1.29352458e+02 
 5.84341413e+04  2.08018861e+02  5.84341413e+04 -1.33866587e+02 
 6.30957344e+04  1.98386291e+02  6.30957344e+04 -1.37865229e+02 
 6.81292069e+04  1.88222292e+02  6.81292069e+04 -1.41251948e+02 
 7.35642254e+04  1.77610466e+02  7.35642254e+04 -1.43939517e+02 
 7.94328235e+04  1.66652819e+02  7.94328235e+04 -1.45855008e+02 
 8.57695899e+04  1.55466412e+02  8.57695899e+04 -1.46944406e+02 
 9.26118728e+04  1.44178665e+02  9.26118728e+04 -1.47176223e+02 
 1.00000000e+05  1.32921689e+02  1.00000000e+05 -1.46543685e+02 
 1.07977516e+05  1.21826165e+02  1.07977516e+05 -1.45065208e+02 
 1.16591440e+05  1.11015359e+02  1.16591440e+05 -1.42783107e+02 
 1.25892541e+05  1.00599849e+02  1.25892541e+05 -1.39760700e+02 
 1.35935639e+05  9.06734233e+01  1.35935639e+05 -1.36078168e+02 
 1.46779927e+05  8.13104185e+01  1.46779927e+05 -1.31827656e+02 
 1.58489319e+05  7.25645858e+01  1.58489319e+05 -1.27108136e+02 
 1.71132830e+05  6.44693662e+01  1.71132830e+05 -1.22020504e+02 
 1.84784980e+05  5.70393306e+01  1.84784980e+05 -1.16663292e+02 
 1.99526231e+05  5.02724588e+01  1.99526231e+05 -1.11129218e+02 
 2.15443469e+05  4.41529143e+01  2.15443469e+05 -1.05502683e+02 
 2.32630507e+05  3.86540033e+01  2.32630507e+05 -9.98581859e+01 
 2.51188643e+05  3.37410661e+01  2.51188643e+05 -9.42595762e+01 
 2.71227258e+05  2.93741220e+01  2.71227258e+05 -8.87599696e+01 
 2.92864456e+05  2.55101585e+01  2.92864456e+05 -8.34021848e+01 
 3.16227766e+05  2.21050180e+01  3.16227766e+05 -7.82195281e+01 
 3.41454887e+05  1.91148778e+01  3.41454887e+05 -7.32367908e+01 
 3.68694506e+05  1.64973543e+01  3.68694506e+05 -6.84713435e+01 
 3.98107171e+05  1.42122762e+01  3.98107171e+05 -6.39342443e+01 
 4.29866235e+05  1.22221817e+01  4.29866235e+05 -5.96312989e+01 
 4.64158883e+05  1.04925952e+01  4.64158883e+05 -5.55640367e+01 
 5.01187234e+05  8.99213303e+00  5.01187234e+05 -5.17305819e+01 
 5.41169527e+05  7.69248459e+00  5.41169527e+05 -4.81264119e+01 
 5.84341413e+05  6.56830444e+00  5.84341413e+05 -4.47450036e+01 
 6.30957344e+05  5.59704626e+00  6.30957344e+05 -4.15783745e+01 
 6.81292069e+05  4.75876156e+00  6.81292069e+05 -3.86175288e+01 
 7.35642254e+05  4.03588081e+00  7.35642254e+05 -3.58528184e+01 
 7.94328235e+05  3.41298956e+00  7.94328235e+05 -3.32742321e+01 
 8.57695899e+05  2.87660865e+00  8.57695899e+05 -3.08716224e+01 
 9.26118728e+05  2.41498427e+00  9.26118728e+05 -2.86348811e+01 
 1.00000000e+06  2.01789165e+00  1.00000000e+06 -2.65540721e+01 
 1.07977516e+06  1.67645433e+00  1.07977516e+06 -2.46195300e+01 
 1.16591440e+06  1.38297986e+00  1.16591440e+06 -2.28219302e+01 
 1.25892541e+06  1.13081185e+00  1.25892541e+06 -2.11523370e+01 
 1.35935639e+06  9.14197858e-01  1.35935639e+06 -1.96022343e+01 
 1.46779927e+06  7.28172129e-01  1.46779927e+06 -1.81635423e+01 
 1.58489319e+06  5.68452136e-01  1.58489319e+06 -1.68286234e+01 
 1.71132830e+06  4.31347651e-01  1.71132830e+06 -1.55902805e+01 
 1.84784980e+06  3.13681154e-01  1.84784980e+06 -1.44417495e+01 
 1.99526231e+06  2.12718379e-01  1.99526231e+06 -1.33766864e+01 
 2.15443469e+06  1.26107873e-01  2.15443469e+06 -1.23891528e+01 
 2.32630507e+06  5.18285066e-02  2.32630507e+06 -1.14735979e+01 
 2.51188643e+06 -1.18560050e-02  2.51188643e+06 -1.06248404e+01 
 2.71227258e+06 -6.64364533e-02  2.71227258e+06 -9.83804896e+00 
 2.92864456e+06 -1.13192125e-01  2.92864456e+06 -9.10872279e+00 
 3.16227766e+06 -1.53220119e-01  3.16227766e+06 -8.43267233e+00 
 3.41454887e+06 -1.87460609e-01  3.41454887e+06 -7.80600029e+00 
 3.68694506e+06 -2.16718574e-01  3.68694506e+06 -7.22508328e+00 
 3.98107171e+06 -2.41682478e-01  3.98107171e+06 -6.68655415e+00 
 4.29866235e+06 -2.62940304e-01  4.29866235e+06 -6.18728516e+00 
 4.64158883e+06 -2.80993296e-01  4.64158883e+06 -5.72437199e+00 
 5.01187234e+06 -2.96267730e-01  5.01187234e+06 -5.29511860e+00 
 5.41169527e+06 -3.09124979e-01  5.41169527e+06 -4.89702305e+00 
 5.84341413e+06 -3.19870096e-01  5.84341413e+06 -4.52776421e+00 
 6.30957344e+06 -3.28759150e-01  6.30957344e+06 -4.18518932e+00 
 6.81292069e+06 -3.36005472e-01  6.81292069e+06 -3.86730251e+00 
 7.35642254e+06 -3.41784976e-01  7.35642254e+06 -3.57225414e+00 
 7.94328235e+06 -3.46240716e-01  7.94328235e+06 -3.29833097e+00 
 8.57695899e+06 -3.49486797e-01  8.57695899e+06 -3.04394721e+00 
 9.26118728e+06 -3.51611769e-01  9.26118728e+06 -2.80763629e+00 
 1.00000000e+07 -3.52681632e-01  1.00000000e+07 -2.58804350e+00 
 1.07977516e+07 -3.52742567e-01  1.07977516e+07 -2.38391928e+00 
 1.16591440e+07 -3.51823505e-01  1.16591440e+07 -2.19411325e+00 
 1.25892541e+07 -3.49938665e-01  1.25892541e+07 -2.01756884e+00 
 1.35935639e+07 -3.47090174e-01  1.35935639e+07 -1.85331855e+00 
 1.46779927e+07 -3.43270876e-01  1.46779927e+07 -1.70047953e+00 
 1.58489319e+07 -3.38467433e-01  1.58489319e+07 -1.55824959e+00 
 1.71132830e+07 -3.32663790e-01  1.71132830e+07 -1.42590327e+00 
 1.84784980e+07 -3.25845033e-01  1.84784980e+07 -1.30278791e+00 
 1.99526231e+07 -3.18001603e-01  1.99526231e+07 -1.18831930e+00 
 2.15443469e+07 -3.09133764e-01  2.15443469e+07 -1.08197690e+00 
 2.32630507e+07 -2.99256110e-01  2.32630507e+07 -9.83298223e-01 
 2.51188643e+07 -2.88401810e-01  2.51188643e+07 -8.91872259e-01 
 2.71227258e+07 -2.76626191e-01  2.71227258e+07 -8.07331929e-01 
 2.92864456e+07 -2.64009230e-01  2.92864456e+07 -7.29345594e-01 
 3.16227766e+07 -2.50656504e-01  3.16227766e+07 -6.57607914e-01 
 3.41454887e+07 -2.36698268e-01  3.41454887e+07 -5.91830493e-01 
 3.68694506e+07 -2.22286473e-01  3.68694506e+07 -5.31732923e-01 
 3.98107171e+07 -2.07589799e-01  3.98107171e+07 -4.77034894e-01 
 4.29866235e+07 -1.92787025e-01  4.29866235e+07 -4.27450021e-01 
 4.64158883e+07 -1.78059317e-01  4.64158883e+07 -3.82681890e-01 
 5.01187234e+07 -1.63582177e-01  5.01187234e+07 -3.42422581e-01 
 5.41169527e+07 -1.49517862e-01  5.41169527e+07 -3.06353625e-01 
 5.84341413e+07 -1.36008973e-01  5.84341413e+07 -2.74149055e-01 
 6.30957344e+07 -1.23173760e-01  6.30957344e+07 -2.45480002e-01 
 6.81292069e+07 -1.11103406e-01  6.81292069e+07 -2.20020138e-01 
 7.35642254e+07 -9.98612965e-02  7.35642254e+07 -1.97451287e-01 
 7.94328235e+07 -8.94840595e-02  7.94328235e+07 -1.77468603e-01 
 8.57695899e+07 -7.99839902e-02  8.57695899e+07 -1.59784879e-01 
 9.26118728e+07 -7.13524153e-02  9.26118728e+07 -1.44133740e-01 
 1.00000000e+08 -6.35635508e-02  1.00000000e+08 -1.30271642e-01 
 1.07977516e+08 -5.65784657e-02  1.07977516e+08 -1.17978747e-01 
 1.16591440e+08 -5.03488515e-02  1.16591440e+08 -1.07058826e-01 
 1.25892541e+08 -4.48203962e-02  1.25892541e+08 -9.73383945e-02 
 1.35935639e+08 -3.99356514e-02  1.35935639e+08 -8.86653014e-02 
 1.46779927e+08 -3.56363526e-02  1.46779927e+08 -8.09069725e-02 
 1.58489319e+08 -3.18652089e-02  1.58489319e+08 -7.39484720e-02 
 1.71132830e+08 -2.85672106e-02  1.71132830e+08 -6.76905236e-02 
 1.84784980e+08 -2.56905211e-02  1.84784980e+08 -6.20475847e-02 
 1.99526231e+08 -2.31870296e-02  1.99526231e+08 -5.69460387e-02 
 2.15443469e+08 -2.10126330e-02  2.15443469e+08 -5.23225452e-02 
 2.32630507e+08 -1.91273147e-02  2.32630507e+08 -4.81225641e-02 
 2.51188643e+08 -1.74950752e-02  2.51188643e+08 -4.42990588e-02 
 2.71227258e+08 -1.60837595e-02  2.71227258e+08 -4.08113700e-02 
 2.92864456e+08 -1.48648194e-02  2.92864456e+08 -3.76242495e-02 
 3.16227766e+08 -1.38130382e-02  3.16227766e+08 -3.47070368e-02 
 3.41454887e+08 -1.29062375e-02  3.41454887e+08 -3.20329626e-02 
 3.68694506e+08 -1.21249832e-02  3.68694506e+08 -2.95785618e-02 
 3.98107171e+08 -1.14522987e-02  3.98107171e+08 -2.73231812e-02 
 4.29866235e+08 -1.08733941e-02  4.29866235e+08 -2.52485669e-02 
 4.64158883e+08 -1.03754134e-02  4.64158883e+08 -2.33385188e-02 
 5.01187234e+08 -9.94720420e-03  5.01187234e+08 -2.15786021e-02 
 5.41169527e+08 -9.57910734e-03  5.41169527e+08 -1.99559049e-02 
 5.84341413e+08 -9.26276934e-03  5.84341413e+08 -1.84588360e-02 
 6.30957344e+08 -8.99097451e-03  6.30957344e+08 -1.70769536e-02 
 6.81292069e+08 -8.75749648e-03  6.81292069e+08 -1.58008222e-02 
 7.35642254e+08 -8.55696718e-03  7.35642254e+08 -1.46218907e-02 
 7.94328235e+08 -8.38476193e-03  7.94328235e+08 -1.35323890e-02 
 8.57695899e+08 -8.23689890e-03  8.57695899e+08 -1.25252404e-02 
 9.26118728e+08 -8.10995147e-03  9.26118728e+08 -1.15939860e-02 
 1.00000000e+09 -8.00097205e-03  1.00000000e+09 -1.07327195e-02 
 1.07977516e+09 -7.90742595e-03  1.07977516e+09 -9.93603147e-03 
 1.16591440e+09 -7.82713415e-03  1.16591440e+09 -9.19896006e-03 
 1.25892541e+09 -7.75822386e-03  1.25892541e+09 -8.51694843e-03 
 1.35935639e+09 -7.69908578e-03  1.35935639e+09 -7.88580698e-03 
 1.46779927e+09 -7.64833730e-03  1.46779927e+09 -7.30168008e-03 
 1.58489319e+09 -7.60479071e-03  1.58489319e+09 -6.76101652e-03 
 1.71132830e+09 -7.56742593e-03  1.71132830e+09 -6.26054306e-03 
 1.84784980e+09 -7.53536690e-03  1.84784980e+09 -5.79724078e-03 
 1.99526231e+09 -7.50786138e-03  1.99526231e+09 -5.36832379e-03 
 2.15443469e+09 -7.48426353e-03  2.15443469e+09 -4.97122003e-03 
 2.32630507e+09 -7.46401887e-03  2.32630507e+09 -4.60355384e-03 
 2.51188643e+09 -7.44665146e-03  2.51188643e+09 -4.26313019e-03 
 2.71227258e+09 -7.43175277e-03  2.71227258e+09 -3.94792030e-03 
 2.92864456e+09 -7.41897219e-03  2.92864456e+09 -3.65604852e-03 
 3.16227766e+09 -7.40800882e-03  3.16227766e+09 -3.38578041e-03 
 3.41454887e+09 -7.39860445e-03  3.41454887e+09 -3.13551172e-03 
 3.68694506e+09 -7.39053753e-03  3.68694506e+09 -2.90375839e-03 
 3.98107171e+09 -7.38361794e-03  3.98107171e+09 -2.68914734e-03 
 4.29866235e+09 -7.37768258e-03  4.29866235e+09 -2.49040796e-03 
 4.64158883e+09 -7.37259150e-03  4.64158883e+09 -2.30636438e-03 
 5.01187234e+09 -7.36822465e-03  5.01187234e+09 -2.13592824e-03 
 5.41169527e+09 -7.36447904e-03  5.41169527e+09 -1.97809215e-03 
 5.84341413e+09 -7.36126630e-03  5.84341413e+09 -1.83192356e-03 
 6.30957344e+09 -7.35851065e-03  6.30957344e+09 -1.69655914e-03 
 6.81292069e+09 -7.35614707e-03  6.81292069e+09 -1.57119965e-03 
 7.35642254e+09 -7.35411977e-03  7.35642254e+09 -1.45510507e-03 
 7.94328235e+09 -7.35238093e-03  7.94328235e+09 -1.34759024e-03 
 8.57695899e+09 -7.35088950e-03  8.57695899e+09 -1.24802076e-03 
 9.26118728e+09 -7.34961029e-03  9.26118728e+09 -1.15580920e-03 
 1.00000000e+10 -7.34851310e-03  1.00000000e+10 -1.07041163e-03 
