 1.00000000e+00  7.79209575e+04  1.00000000e+00 -9.05710189e+02 
 1.07977516e+00  7.79192112e+04  1.07977516e+00 -9.77941449e+02 
 1.16591440e+00  7.79171751e+04  1.16591440e+00 -1.05592930e+03 
 1.25892541e+00  7.79148015e+04  1.25892541e+00 -1.14013149e+03 
 1.35935639e+00  7.79120341e+04  1.35935639e+00 -1.23104194e+03 
 1.46779927e+00  7.79088079e+04  1.46779927e+00 -1.32919347e+03 
 1.58489319e+00  7.79050468e+04  1.58489319e+00 -1.43516081e+03 
 1.71132830e+00  7.79006620e+04  1.71132830e+00 -1.54956378e+03 
 1.84784980e+00  7.78955504e+04  1.84784980e+00 -1.67307069e+03 
 1.99526231e+00  7.78895916e+04  1.99526231e+00 -1.80640198e+03 
 2.15443469e+00  7.78826453e+04  2.15443469e+00 -1.95033405e+03 
 2.32630507e+00  7.78745480e+04  2.32630507e+00 -2.10570332e+03 
 2.51188643e+00  7.78651094e+04  2.51188643e+00 -2.27341057e+03 
 2.71227258e+00  7.78541077e+04  2.71227258e+00 -2.45442543e+03 
 2.92864456e+00  7.78412845e+04  2.92864456e+00 -2.64979111e+03 
 3.16227766e+00  7.78263392e+04  3.16227766e+00 -2.86062929e+03 
 3.41454887e+00  7.78089214e+04  3.41454887e+00 -3.08814518e+03 
 3.68694506e+00  7.77886236e+04  3.68694506e+00 -3.33363261e+03 
 3.98107171e+00  7.77649716e+04  3.98107171e+00 -3.59847923e+03 
 4.29866235e+00  7.77374134e+04  4.29866235e+00 -3.88417156e+03 
 4.64158883e+00  7.77053076e+04  4.64158883e+00 -4.19229985e+03 
 5.01187234e+00  7.76679084e+04  5.01187234e+00 -4.52456258e+03 
 5.41169527e+00  7.76243497e+04  5.41169527e+00 -4.88277036e+03 
 5.84341413e+00  7.75736255e+04  5.84341413e+00 -5.26884899e+03 
 6.30957344e+00  7.75145691e+04  6.30957344e+00 -5.68484118e+03 
 6.81292069e+00  7.74458278e+04  6.81292069e+00 -6.13290678e+03 
 7.35642254e+00  7.73658352e+04  7.35642254e+00 -6.61532056e+03 
 7.94328235e+00  7.72727790e+04  7.94328235e+00 -7.13446721e+03 
 8.57695899e+00  7.71645657e+04  8.57695899e+00 -7.69283241e+03 
 9.26118728e+00  7.70387803e+04  9.26118728e+00 -8.29298911e+03 
 1.00000000e+01  7.68926421e+04  1.00000000e+01 -8.93757756e+03 
 1.07977516e+01  7.67229560e+04  1.07977516e+01 -9.62927769e+03 
 1.16591440e+01  7.65260597e+04  1.16591440e+01 -1.03707719e+04 
 1.25892541e+01  7.62977676e+04  1.25892541e+01 -1.11646962e+04 
 1.35935639e+01  7.60333124e+04  1.35935639e+01 -1.20135771e+04 
 1.46779927e+01  7.57272857e+04  1.46779927e+01 -1.29197519e+04 
 1.58489319e+01  7.53735807e+04  1.58489319e+01 -1.38852687e+04 
 1.71132830e+01  7.49653401e+04  1.71132830e+01 -1.49117639e+04 
 1.84784980e+01  7.44949152e+04  1.84784980e+01 -1.60003138e+04 
 1.99526231e+01  7.39538404e+04  1.99526231e+01 -1.71512577e+04 
 2.15443469e+01  7.33328343e+04  2.15443469e+01 -1.83639918e+04 
 2.32630507e+01  7.26218351e+04  2.32630507e+01 -1.96367324e+04 
 2.51188643e+01  7.18100840e+04  2.51188643e+01 -2.09662535e+04 
 2.71227258e+01  7.08862700e+04  2.71227258e+01 -2.23476019e+04 
 2.92864456e+01  6.98387498e+04  2.92864456e+01 -2.37738037e+04 
 3.16227766e+01  6.86558587e+04  3.16227766e+01 -2.52355776e+04 
 3.41454887e+01  6.73263229e+04  3.41454887e+01 -2.67210787e+04 
 3.68694506e+01  6.58397791e+04  3.68694506e+01 -2.82157059e+04 
 3.98107171e+01  6.41874005e+04  3.98107171e+01 -2.97020091e+04 
 4.29866235e+01  6.23626121e+04  4.29866235e+01 -3.11597416e+04 
 4.64158883e+01  6.03618641e+04  4.64158883e+01 -3.25660986e+04 
 5.01187234e+01  5.81854110e+04  5.01187234e+01 -3.38961810e+04 
 5.41169527e+01  5.58380281e+04  5.41169527e+01 -3.51237074e+04 
 5.84341413e+01  5.33295792e+04  5.84341413e+01 -3.62219724e+04 
 6.30957344e+01  5.06753448e+04  6.30957344e+01 -3.71650196e+04 
 6.81292069e+01  4.78960276e+04  6.81292069e+01 -3.79289594e+04 
 7.35642254e+01  4.50173754e+04  7.35642254e+01 -3.84933276e+04 
 7.94328235e+01  4.20694003e+04  7.94328235e+01 -3.88423541e+04 
 8.57695899e+01  3.90852256e+04  8.57695899e+01 -3.89660052e+04 
 9.26118728e+01  3.60996435e+04  9.26118728e+01 -3.88606740e+04 
 1.00000000e+02  3.31475114e+04  1.00000000e+02 -3.85294347e+04 
 1.07977516e+02  3.02621429e+04  1.07977516e+02 -3.79818257e+04 
 1.16591440e+02  2.74738467e+04  1.16591440e+02 -3.72331916e+04 
 1.25892541e+02  2.48087464e+04  1.25892541e+02 -3.63036647e+04 
 1.35935639e+02  2.22879689e+04  1.35935639e+02 -3.52169097e+04 
 1.46779927e+02  1.99272339e+04  1.46779927e+02 -3.39987671e+04 
 1.58489319e+02  1.77368315e+04  1.58489319e+02 -3.26759280e+04 
 1.71132830e+02  1.57219266e+04  1.71132830e+02 -3.12747464e+04 
 1.84784980e+02  1.38831115e+04  1.84784980e+02 -2.98202617e+04 
 1.99526231e+02  1.22171129e+04  1.99526231e+02 -2.83354670e+04 
 2.15443469e+02  1.07175694e+04  2.15443469e+02 -2.68408259e+04 
 2.32630507e+02  9.37580751e+03  2.32630507e+02 -2.53540167e+04 
 2.51188643e+02  8.18156280e+03  2.51188643e+02 -2.38898674e+04 
 2.71227258e+02  7.12361370e+03  2.71227258e+02 -2.24604378e+04 
 2.92864456e+02  6.19031027e+03  2.92864456e+02 -2.10752060e+04 
 3.16227766e+02  5.36999490e+03  3.16227766e+02 -1.97413207e+04 
 3.41454887e+02  4.65132057e+03  3.41454887e+02 -1.84638861e+04 
 3.68694506e+02  4.02347799e+03  3.68694506e+02 -1.72462563e+04 
 3.98107171e+02  3.47634571e+03  3.98107171e+02 -1.60903204e+04 
 4.29866235e+02  3.00057776e+03  4.29866235e+02 -1.49967679e+04 
 4.64158883e+02  2.58764286e+03  4.64158883e+02 -1.39653269e+04 
 5.01187234e+02  2.22982722e+03  5.01187234e+02 -1.29949736e+04 
 5.41169527e+02  1.92021157e+03  5.41169527e+02 -1.20841104e+04 
 5.84341413e+02  1.65263073e+03  5.84341413e+02 -1.12307175e+04 
 6.30957344e+02  1.42162234e+03  6.30957344e+02 -1.04324769e+04 
 6.81292069e+02  1.22236978e+03  6.81292069e+02 -9.68687397e+03 
 7.35642254e+02  1.05064303e+03  7.35642254e+02 -8.99127898e+03 
 7.94328235e+02  9.02739986e+02  7.94328235e+02 -8.34301128e+03 
 8.57695899e+02  7.75430038e+02  8.57695899e+02 -7.73938922e+03 
 9.26118728e+02  6.65901083e+02  9.26118728e+02 -7.17776824e+03 
 1.00000000e+03  5.71710506e+02  1.00000000e+03 -6.65556917e+03 
 1.07977516e+03  4.90740490e+02  1.07977516e+03 -6.17029874e+03 
 1.16591440e+03  4.21157686e+02  1.16591440e+03 -5.71956379e+03 
 1.25892541e+03  3.61377104e+02  1.25892541e+03 -5.30108048e+03 
 1.35935639e+03  3.10030032e+02  1.35935639e+03 -4.91267966e+03 
 1.46779927e+03  2.65935673e+02  1.46779927e+03 -4.55230918e+03 
 1.58489319e+03  2.28076192e+02  1.58489319e+03 -4.21803392e+03 
 1.71132830e+03  1.95574852e+02  1.71132830e+03 -3.90803413e+03 
 1.84784980e+03  1.67676917e+02  1.84784980e+03 -3.62060247e+03 
 1.99526231e+03  1.43733016e+02  1.99526231e+03 -3.35414017e+03 
 2.15443469e+03  1.23184680e+02  2.15443469e+03 -3.10715256e+03 
 2.32630507e+03  1.05551806e+02  2.32630507e+03 -2.87824426e+03 
 2.51188643e+03  9.04217946e+01  2.51188643e+03 -2.66611410e+03 
 2.71227258e+03  7.74401580e+01  2.71227258e+03 -2.46954994e+03 
 2.92864456e+03  6.63024116e+01  2.92864456e+03 -2.28742360e+03 
 3.16227766e+03  5.67470731e+01  3.16227766e+03 -2.11868575e+03 
 3.41454887e+03  4.85496300e+01  3.41454887e+03 -1.96236105e+03 
 3.68694506e+03  4.15173416e+01  3.68694506e+03 -1.81754337e+03 
 3.98107171e+03  3.54847649e+01  3.98107171e+03 -1.68339126e+03 
 4.29866235e+03  3.03099041e+01  4.29866235e+03 -1.55912369e+03 
 4.64158883e+03  2.58708995e+01  4.64158883e+03 -1.44401586e+03 
 5.01187234e+03  2.20631803e+01  5.01187234e+03 -1.33739542e+03 
 5.41169527e+03  1.87970187e+01  5.41169527e+03 -1.23863880e+03 
 5.84341413e+03  1.59954272e+01  5.84341413e+03 -1.14716775e+03 
 6.30957344e+03  1.35923531e+01  6.30957344e+03 -1.06244622e+03 
 6.81292069e+03  1.15311282e+01  6.81292069e+03 -9.83977275e+02 
 7.35642254e+03  9.76313720e+00  7.35642254e+03 -9.11300355e+02 
 7.94328235e+03  8.24667469e+00  7.94328235e+03 -8.43988639e+02 
 8.57695899e+03  6.94596403e+00  8.57695899e+03 -7.81646611e+02 
 9.26118728e+03  5.83031526e+00  9.26118728e+03 -7.23907799e+02 
 1.00000000e+04  4.87340248e+00  1.00000000e+04 -6.70432662e+02 
 1.07977516e+04  4.05264364e+00  1.07977516e+04 -6.20906632e+02 
 1.16591440e+04  3.34866843e+00  1.16591440e+04 -5.75038291e+02 
 1.25892541e+04  2.74486171e+00  1.25892541e+04 -5.32557680e+02 
 1.35935639e+04  2.22697178e+00  1.35935639e+04 -4.93214727e+02 
 1.46779927e+04  1.78277432e+00  1.46779927e+04 -4.56777793e+02 
 1.58489319e+04  1.40178405e+00  1.58489319e+04 -4.23032314e+02 
 1.71132830e+04  1.07500740e+00  1.71132830e+04 -3.91779550e+02 
 1.84784980e+04  7.94730374e-01  1.84784980e+04 -3.62835424e+02 
 1.99526231e+04  5.54336470e-01  1.99526231e+04 -3.36029437e+02 
 2.15443469e+04  3.48150612e-01  2.15443469e+04 -3.11203675e+02 
 2.32630507e+04  1.71305198e-01  2.32630507e+04 -2.88211878e+02 
 2.51188643e+04  1.96252299e-02  2.51188643e+04 -2.66918584e+02 
 2.71227258e+04 -1.10470228e-01  2.71227258e+04 -2.47198330e+02 
 2.92864456e+04 -2.22052565e-01  2.92864456e+04 -2.28934918e+02 
 3.16227766e+04 -3.17756126e-01  3.16227766e+04 -2.12020731e+02 
 3.41454887e+04 -3.99840390e-01  3.41454887e+04 -1.96356095e+02 
 3.68694506e+04 -4.70243311e-01  3.68694506e+04 -1.81848703e+02 
 3.98107171e+04 -5.30627064e-01  3.98107171e+04 -1.68413059e+02 
 4.29866235e+04 -5.82417283e-01  4.29866235e+04 -1.55969987e+02 
 4.64158883e+04 -6.26836719e-01  4.64158883e+04 -1.44446155e+02 
 5.01187234e+04 -6.64934106e-01  5.01187234e+04 -1.33773649e+02 
 5.41169527e+04 -6.97608915e-01  5.41169527e+04 -1.23889572e+02 
 5.84341413e+04 -7.25632597e-01  5.84341413e+04 -1.14735671e+02 
 6.30957344e+04 -7.49666789e-01  6.30957344e+04 -1.06257998e+02 
 6.81292069e+04 -7.70278940e-01  6.81292069e+04 -9.84065892e+01 
 7.35642254e+04 -7.87955703e-01  7.35642254e+04 -9.11351703e+01 
 7.94328235e+04 -8.03114428e-01  7.94328235e+04 -8.44008862e+01 
 8.57695899e+04 -8.16113015e-01  8.57695899e+04 -7.81640471e+01 
 9.26118728e+04 -8.27258362e-01  9.26118728e+04 -7.23878946e+01 
 1.00000000e+05 -8.36813613e-01  1.00000000e+05 -6.70383856e+01 
 1.07977516e+05 -8.45004369e-01  1.07977516e+05 -6.20839911e+01 
 1.16591440e+05 -8.52024017e-01  1.16591440e+05 -5.74955111e+01 
 1.25892541e+05 -8.58038292e-01  1.25892541e+05 -5.32459019e+01 
 1.35935639e+05 -8.63189192e-01  1.35935639e+05 -4.93101171e+01 
 1.46779927e+05 -8.67598334e-01  1.46779927e+05 -4.56649601e+01 
 1.58489319e+05 -8.71369818e-01  1.58489319e+05 -4.22889467e+01 
 1.71132830e+05 -8.74592693e-01  1.71132830e+05 -3.91621793e+01 
 1.84784980e+05 -8.77343053e-01  1.84784980e+05 -3.62662294e+01 
 1.99526231e+05 -8.79685837e-01  1.99526231e+05 -3.35840286e+01 
 2.15443469e+05 -8.81676364e-01  2.15443469e+05 -3.10997686e+01 
 2.32630507e+05 -8.83361635e-01  2.32630507e+05 -2.87988075e+01 
 2.51188643e+05 -8.84781448e-01  2.51188643e+05 -2.66675840e+01 
 2.71227258e+05 -8.85969333e-01  2.71227258e+05 -2.46935370e+01 
 2.92864456e+05 -8.86953351e-01  2.92864456e+05 -2.28650320e+01 
 3.16227766e+05 -8.87756753e-01  3.16227766e+05 -2.11712923e+01 
 3.41454887e+05 -8.88398530e-01  3.41454887e+05 -1.96023355e+01 
 3.68694506e+05 -8.88893870e-01  3.68694506e+05 -1.81489150e+01 
 3.98107171e+05 -8.89254511e-01  3.98107171e+05 -1.68024649e+01 
 4.29866235e+05 -8.89489029e-01  4.29866235e+05 -1.55550502e+01 
 4.64158883e+05 -8.89603044e-01  4.64158883e+05 -1.43993196e+01 
 5.01187234e+05 -8.89599359e-01  5.01187234e+05 -1.33284626e+01 
 5.41169527e+05 -8.89478040e-01  5.41169527e+05 -1.23361690e+01 
 5.84341413e+05 -8.89236428e-01  5.84341413e+05 -1.14165923e+01 
 6.30957344e+05 -8.88869099e-01  6.30957344e+05 -1.05643147e+01 
 6.81292069e+05 -8.88367760e-01  6.81292069e+05 -9.77431583e+00 
 7.35642254e+05 -8.87721087e-01  7.35642254e+05 -9.04194314e+00 
 7.94328235e+05 -8.86914509e-01  7.94328235e+05 -8.36288454e+00 
 8.57695899e+05 -8.85929926e-01  8.57695899e+05 -7.73314328e+00 
 9.26118728e+05 -8.84745367e-01  9.26118728e+05 -7.14901472e+00 
 1.00000000e+06 -8.83334589e-01  1.00000000e+06 -6.60706479e+00 
 1.07977516e+06 -8.81666613e-01  1.07977516e+06 -6.10411019e+00 
 1.16591440e+06 -8.79705204e-01  1.16591440e+06 -5.63720015e+00 
 1.25892541e+06 -8.77408288e-01  1.25892541e+06 -5.20359966e+00 
 1.35935639e+06 -8.74727340e-01  1.35935639e+06 -4.80077418e+00 
 1.46779927e+06 -8.71606725e-01  1.46779927e+06 -4.42637560e+00 
 1.58489319e+06 -8.67983046e-01  1.58489319e+06 -4.07822956e+00 
 1.71132830e+06 -8.63784502e-01  1.71132830e+06 -3.75432402e+00 
 1.84784980e+06 -8.58930332e-01  1.84784980e+06 -3.45279899e+00 
 1.99526231e+06 -8.53330372e-01  1.99526231e+06 -3.17193748e+00 
 2.15443469e+06 -8.46884837e-01  2.15443469e+06 -2.91015756e+00 
 2.32630507e+06 -8.39484406e-01  2.32630507e+06 -2.66600553e+00 
 2.51188643e+06 -8.31010742e-01  2.51188643e+06 -2.43815010e+00 
 2.71227258e+06 -8.21337597e-01  2.71227258e+06 -2.22537751e+00 
 2.92864456e+06 -8.10332657e-01  2.92864456e+06 -2.02658751e+00 
 3.16227766e+06 -7.97860303e-01  3.16227766e+06 -1.84078989e+00 
 3.41454887e+06 -7.83785447e-01  3.41454887e+06 -1.66710149e+00 
 3.68694506e+06 -7.67978576e-01  3.68694506e+06 -1.50474313e+00 
 3.98107171e+06 -7.50322053e-01  3.98107171e+06 -1.35303630e+00 
 4.29866235e+06 -7.30717621e-01  4.29866235e+06 -1.21139888e+00 
 4.64158883e+06 -7.09094911e-01  4.64158883e+06 -1.07933948e+00 
 5.01187234e+06 -6.85420513e-01  5.01187234e+06 -9.56449947e-01 
 5.41169527e+06 -6.59706993e-01  5.41169527e+06 -8.42395349e-01 
 5.84341413e+06 -6.32021000e-01  5.84341413e+06 -7.36901481e-01 
 6.30957344e+06 -6.02489438e-01  6.30957344e+06 -6.39739733e-01 
 6.81292069e+06 -5.71302662e-01  6.81292069e+06 -5.50709864e-01 
 7.35642254e+06 -5.38713757e-01  7.35642254e+06 -4.69621511e-01 
 7.94328235e+06 -5.05033265e-01  7.94328235e+06 -3.96275713e-01 
 8.57695899e+06 -4.70619253e-01  8.57695899e+06 -3.30447973e-01 
 9.26118728e+06 -4.35863159e-01  9.26118728e+06 -2.71874444e-01 
 1.00000000e+07 -4.01172525e-01  1.00000000e+07 -2.20242605e-01 
 1.07977516e+07 -3.66952182e-01  1.07977516e+07 -1.75187309e-01 
 1.16591440e+07 -3.33585699e-01  1.16591440e+07 -1.36292436e-01 
 1.25892541e+07 -3.01418895e-01  1.25892541e+07 -1.03097710e-01 
 1.35935639e+07 -2.70746845e-01  1.35935639e+07 -7.51095704e-02 
 1.46779927e+07 -2.41805291e-01  1.46779927e+07 -5.18146437e-02 
 1.58489319e+07 -2.14766752e-01  1.58489319e+07 -3.26941835e-02 
 1.71132830e+07 -1.89741032e-01  1.71132830e+07 -1.72379906e-02 
 1.84784980e+07 -1.66779379e-01  1.84784980e+07 -4.95662443e-03 
 1.99526231e+07 -1.45881321e-01  1.99526231e+07  4.60885764e-03 
 2.15443469e+07 -1.27003102e-01  2.15443469e+07  1.18799792e-02 
 2.32630507e+07 -1.10066746e-01  2.32630507e+07  1.72367175e-02 
 2.51188643e+07 -9.49689625e-02  2.51188643e+07  2.10158816e-02 
 2.71227258e+07 -8.15893049e-02  2.71227258e+07  2.35115492e-02 
 2.92864456e+07 -6.97972428e-02  2.92864456e+07  2.49770526e-02 
 3.16227766e+07 -5.94579807e-02  3.16227766e+07  2.56280147e-02 
 3.41454887e+07 -5.04370110e-02  3.41454887e+07  2.56459948e-02 
 3.68694506e+07 -4.26034898e-02  3.68694506e+07  2.51823830e-02 
 3.98107171e+07 -3.58325859e-02  3.98107171e+07  2.43622737e-02 
 4.29866235e+07 -3.00069810e-02  4.29866235e+07  2.32881279e-02 
 4.64158883e+07 -2.50177042e-02  4.64158883e+07  2.20431104e-02 
 5.01187234e+07 -2.07644735e-02  5.01187234e+07  2.06940455e-02 
 5.41169527e+07 -1.71556942e-02  5.41169527e+07  1.92939798e-02 
 5.84341413e+07 -1.41082351e-02  5.84341413e+07  1.78843758e-02 
 6.30957344e+07 -1.15470769e-02  6.30957344e+07  1.64969750e-02 
 6.81292069e+07 -9.40489645e-03  6.81292069e+07  1.51553858e-02 
 7.35642254e+07 -7.62162388e-03  7.35642254e+07  1.38764434e-02 
 7.94328235e+07 -6.14399338e-03  7.94328235e+07  1.26713916e-02 
 8.57695899e+07 -4.92509056e-03  8.57695899e+07  1.15469173e-02 
 9.26118728e+07 -3.92389538e-03  9.26118728e+07  1.05060643e-02 
 1.00000000e+08 -3.10481667e-03  1.00000000e+08  9.54903781e-03 
 1.07977516e+08 -2.43721722e-03  1.07977516e+08  8.67390699e-03 
 1.16591440e+08 -1.89493241e-03  1.16591440e+08  7.87720650e-03 
 1.25892541e+08 -1.45578919e-03  1.25892541e+08  7.15444036e-03 
 1.35935639e+08 -1.10113506e-03  1.35935639e+08  6.50049128e-03 
 1.46779927e+08 -8.15386914e-04  1.46779927e+08  5.90994246e-03 
 1.58489319e+08 -5.85608863e-04  1.58489319e+08  5.37732114e-03 
 1.71132830e+08 -4.01125600e-04  1.71132830e+08  4.89727519e-03 
 1.84784980e+08 -2.53175134e-04  1.84784980e+08  4.46469450e-03 
 1.99526231e+08 -1.34602095e-04  1.99526231e+08  4.07478847e-03 
 2.15443469e+08 -3.95906445e-05  2.15443469e+08  3.72313003e-03 
 2.32630507e+08  3.65654417e-05  2.32630507e+08  3.40567449e-03 
 2.51188643e+08  9.76587960e-05  2.51188643e+08  3.11876043e-03 
 2.71227258e+08  1.46734193e-04  2.71227258e+08  2.85909806e-03 
 2.92864456e+08  1.86227635e-04  2.92864456e+08  2.62374923e-03 
 3.16227766e+08  2.18082240e-04  3.16227766e+08  2.41010221e-03 
 3.41454887e+08  2.43844125e-04  3.41454887e+08  2.21584389e-03 
 3.68694506e+08  2.64741177e-04  3.68694506e+08  2.03893089e-03 
 3.98107171e+08  2.81747326e-04  3.98107171e+08  1.87756106e-03 
 4.29866235e+08  2.95634617e-04  4.29866235e+08  1.73014620e-03 
 4.64158883e+08  3.07015130e-04  4.64158883e+08  1.59528658e-03 
 5.01187234e+08  3.16374519e-04  5.01187234e+08  1.47174763e-03 
 5.41169527e+08  3.24098708e-04  5.41169527e+08  1.35843899e-03 
 5.84341413e+08  3.30495028e-04  5.84341413e+08  1.25439580e-03 
 6.30957344e+08  3.35808887e-04  6.30957344e+08  1.15876231e-03 
 6.81292069e+08  3.40236891e-04  6.81292069e+08  1.07077754e-03 
 7.35642254e+08  3.43937122e-04  7.35642254e+08  9.89762906e-04 
 7.94328235e+08  3.47037197e-04  7.94328235e+08  9.15111489e-04 
 8.57695899e+08  3.49640577e-04  8.57695899e+08  8.46278863e-04 
 9.26118728e+08  3.51831497e-04  9.26118728e+08  7.82775221e-04 
 1.00000000e+09  3.53678841e-04  1.00000000e+09  7.24158636e-04 
 1.07977516e+09  3.55239172e-04  1.07977516e+09  6.70029296e-04 
 1.16591440e+09  3.56559123e-04  1.16591440e+09  6.20024563e-04 
 1.25892541e+09  3.57677282e-04  1.25892541e+09  5.73814749e-04 
 1.35935639e+09  3.58625692e-04  1.35935639e+09  5.31099463e-04 
 1.46779927e+09  3.59431039e-04  1.46779927e+09  4.91604481e-04 
 1.58489319e+09  3.60115613e-04  1.58489319e+09  4.55079023e-04 
 1.71132830e+09  3.60698075e-04  1.71132830e+09  4.21293393e-04 
 1.84784980e+09  3.61194081e-04  1.84784980e+09  3.90036910e-04 
 1.99526231e+09  3.61616795e-04  1.99526231e+09  3.61116103e-04 
 2.15443469e+09  3.61977305e-04  2.15443469e+09  3.34353111e-04 
 2.32630507e+09  3.62284963e-04  2.32630507e+09  3.09584270e-04 
 2.51188643e+09  3.62547672e-04  2.51188643e+09  2.86658852e-04 
 2.71227258e+09  3.62772118e-04  2.71227258e+09  2.65437947e-04 
 2.92864456e+09  3.62963964e-04  2.92864456e+09  2.45793450e-04 
 3.16227766e+09  3.63128015e-04  3.16227766e+09  2.27607157e-04 
 3.41454887e+09  3.63268352e-04  3.41454887e+09  2.10769946e-04 
 3.68694506e+09  3.63388443e-04  3.68694506e+09  1.95181039e-04 
 3.98107171e+09  3.63491239e-04  3.98107171e+09  1.80747323e-04 
 4.29866235e+09  3.63579254e-04  4.29866235e+09  1.67382748e-04 
 4.64158883e+09  3.63654630e-04  4.64158883e+09  1.55007761e-04 
 5.01187234e+09  3.63719196e-04  5.01187234e+09  1.43548801e-04 
 5.41169527e+09  3.63774512e-04  5.41169527e+09  1.32937835e-04 
 5.84341413e+09  3.63821909e-04  5.84341413e+09  1.23111927e-04 
 6.30957344e+09  3.63862528e-04  6.30957344e+09  1.14012850e-04 
 6.81292069e+09  3.63897341e-04  6.81292069e+09  1.05586724e-04 
 7.35642254e+09  3.63927182e-04  7.35642254e+09  9.77836873e-05 
 7.94328235e+09  3.63952762e-04  7.94328235e+09  9.05575914e-05 
 8.57695899e+09  3.63974692e-04  8.57695899e+09  8.38657203e-05 
 9.26118728e+09  3.63993494e-04  9.26118728e+09  7.76685328e-05 
 1.00000000e+10  3.64009614e-04  1.00000000e+10  7.19294235e-05 
