 1.00000000e+00  7.79078735e+04  1.00000000e+00 -1.35629211e+03 
 1.07977516e+00  7.79039574e+04  1.07977516e+00 -1.46441692e+03 
 1.16591440e+00  7.78993921e+04  1.16591440e+00 -1.58114836e+03 
 1.25892541e+00  7.78940700e+04  1.25892541e+00 -1.70716808e+03 
 1.35935639e+00  7.78878658e+04  1.35935639e+00 -1.84321087e+03 
 1.46779927e+00  7.78806334e+04  1.46779927e+00 -1.99006852e+03 
 1.58489319e+00  7.78722029e+04  1.58489319e+00 -2.14859395e+03 
 1.71132830e+00  7.78623758e+04  1.71132830e+00 -2.31970561e+03 
 1.84784980e+00  7.78509215e+04  1.84784980e+00 -2.50439203e+03 
 1.99526231e+00  7.78375710e+04  1.99526231e+00 -2.70371658e+03 
 2.15443469e+00  7.78220112e+04  2.15443469e+00 -2.91882242e+03 
 2.32630507e+00  7.78038777e+04  2.32630507e+00 -3.15093758e+03 
 2.51188643e+00  7.77827463e+04  2.51188643e+00 -3.40138008e+03 
 2.71227258e+00  7.77581233e+04  2.71227258e+00 -3.67156310e+03 
 2.92864456e+00  7.77294347e+04  2.92864456e+00 -3.96299997e+03 
 3.16227766e+00  7.76960129e+04  3.16227766e+00 -4.27730903e+03 
 3.41454887e+00  7.76570823e+04  3.41454887e+00 -4.61621789e+03 
 3.68694506e+00  7.76117417e+04  3.68694506e+00 -4.98156722e+03 
 3.98107171e+00  7.75589453e+04  3.98107171e+00 -5.37531347e+03 
 4.29866235e+00  7.74974799e+04  4.29866235e+00 -5.79953024e+03 
 4.64158883e+00  7.74259393e+04  4.64158883e+00 -6.25640791e+03 
 5.01187234e+00  7.73426957e+04  5.01187234e+00 -6.74825081e+03 
 5.41169527e+00  7.72458666e+04  5.41169527e+00 -7.27747123e+03 
 5.84341413e+00  7.71332777e+04  5.84341413e+00 -7.84657938e+03 
 6.30957344e+00  7.70024225e+04  6.30957344e+00 -8.45816812e+03 
 6.81292069e+00  7.68504159e+04  6.81292069e+00 -9.11489116e+03 
 7.35642254e+00  7.66739453e+04  7.35642254e+00 -9.81943313e+03 
 7.94328235e+00  7.64692162e+04  7.94328235e+00 -1.05744695e+04 
 8.57695899e+00  7.62318958e+04  8.57695899e+00 -1.13826141e+04 
 9.26118728e+00  7.59570537e+04  9.26118728e+00 -1.22463523e+04 
 1.00000000e+01  7.56391032e+04  1.00000000e+01 -1.31679557e+04 
 1.07977516e+01  7.52717446e+04  1.07977516e+01 -1.41493770e+04 
 1.16591440e+01  7.48479160e+04  1.16591440e+01 -1.51921207e+04 
 1.25892541e+01  7.43597552e+04  1.25892541e+01 -1.62970874e+04 
 1.35935639e+01  7.37985808e+04  1.35935639e+01 -1.74643897e+04 
 1.46779927e+01  7.31549007e+04  1.46779927e+01 -1.86931372e+04 
 1.58489319e+01  7.24184594e+04  1.58489319e+01 -1.99811932e+04 
 1.71132830e+01  7.15783361e+04  1.71132830e+01 -2.13249053e+04 
 1.84784980e+01  7.06231075e+04  1.84784980e+01 -2.27188172e+04 
 1.99526231e+01  6.95410907e+04  1.99526231e+01 -2.41553749e+04 
 2.15443469e+01  6.83206797e+04  2.15443469e+01 -2.56246452e+04 
 2.32630507e+01  6.69507851e+04  2.32630507e+01 -2.71140735e+04 
 2.51188643e+01  6.54213837e+04  2.51188643e+01 -2.86083126e+04 
 2.71227258e+01  6.37241686e+04  2.71227258e+01 -3.00891648e+04 
 2.92864456e+01  6.18532849e+04  2.92864456e+01 -3.15356785e+04 
 3.16227766e+01  5.98061092e+04  3.16227766e+01 -3.29244430e+04 
 3.41454887e+01  5.75840209e+04  3.41454887e+01 -3.42301162e+04 
 3.68694506e+01  5.51930876e+04  3.68694506e+01 -3.54262027e+04 
 3.98107171e+01  5.26445783e+04  3.98107171e+01 -3.64860731e+04 
 4.29866235e+01  4.99552147e+04  4.29866235e+01 -3.73841834e+04 
 4.64158883e+01  4.71470802e+04  4.64158883e+01 -3.80974152e+04 
 5.01187234e+01  4.42471364e+04  5.01187234e+01 -3.86064235e+04 
 5.41169527e+01  4.12863397e+04  5.41169527e+01 -3.88968590e+04 
 5.84341413e+01  3.82984012e+04  5.84341413e+01 -3.89603290e+04 
 6.30957344e+01  3.53182889e+04  6.30957344e+01 -3.87949795e+04 
 6.81292069e+01  3.23806063e+04  6.81292069e+01 -3.84056256e+04 
 7.35642254e+01  2.95180083e+04  7.35642254e+01 -3.78034140e+04 
 7.94328235e+01  2.67598028e+04  7.94328235e+01 -3.70050599e+04 
 8.57695899e+01  2.41308608e+04  8.57695899e+01 -3.60317536e+04 
 9.26118728e+01  2.16509093e+04  9.26118728e+01 -3.49078646e+04 
 1.00000000e+02  1.93342270e+04  1.00000000e+02 -3.36595815e+04 
 1.07977516e+02  1.71897137e+04  1.07977516e+02 -3.23136143e+04 
 1.16591440e+02  1.52212696e+04  1.16591440e+02 -3.08960560e+04 
 1.25892541e+02  1.34283969e+04  1.25892541e+02 -2.94314680e+04 
 1.35935639e+02  1.18069331e+04  1.35935639e+02 -2.79422148e+04 
 1.46779927e+02  1.03498348e+04  1.46779927e+02 -2.64480431e+04 
 1.58489319e+02  9.04794287e+03  1.58489319e+02 -2.49658806e+04 
 1.71132830e+02  7.89068385e+03  1.71132830e+02 -2.35098138e+04 
 1.84784980e+02  6.86667661e+03  1.84784980e+02 -2.20912017e+04 
 1.99526231e+02  5.96423279e+03  1.99526231e+02 -2.07188831e+04 
 2.15443469e+02  5.17174965e+03  2.15443469e+02 -1.93994401e+04 
 2.32630507e+02  4.47800311e+03  2.32630507e+02 -1.81374880e+04 
 2.51188643e+02  3.87235319e+03  2.51188643e+02 -1.69359684e+04 
 2.71227258e+02  3.34487625e+03  2.71227258e+02 -1.57964299e+04 
 2.92864456e+02  2.88643865e+03  2.92864456e+02 -1.47192873e+04 
 3.16227766e+02  2.48872522e+03  3.16227766e+02 -1.37040516e+04 
 3.41454887e+02  2.14423435e+03  3.41454887e+02 -1.27495318e+04 
 3.68694506e+02  1.84624971e+03  3.68694506e+02 -1.18540059e+04 
 3.98107171e+02  1.58879639e+03  3.98107171e+02 -1.10153644e+04 
 4.29866235e+02  1.36658764e+03  4.29866235e+02 -1.02312286e+04 
 4.64158883e+02  1.17496699e+03  4.64158883e+02 -9.49904654e+03 
 5.01187234e+02  1.00984898e+03  5.01187234e+02 -8.81616946e+03 
 5.41169527e+02  8.67660945e+02  5.41169527e+02 -8.17991214e+03 
 5.84341413e+02  7.45287402e+02  5.84341413e+02 -7.58759945e+03 
 6.30957344e+02  6.40018071e+02  6.30957344e+02 -7.03660165e+03 
 6.81292069e+02  5.49499974e+02  6.81292069e+02 -6.52436048e+03 
 7.35642254e+02  4.71693897e+02  7.35642254e+02 -6.04840787e+03 
 7.94328235e+02  4.04835185e+02  7.94328235e+02 -5.60637872e+03 
 8.57695899e+02  3.47398725e+02  8.57695899e+02 -5.19601900e+03 
 9.26118728e+02  2.98067866e+02  9.26118728e+02 -4.81519023e+03 
 1.00000000e+03  2.55706985e+02  1.00000000e+03 -4.46187114e+03 
 1.07977516e+03  2.19337385e+02  1.07977516e+03 -4.13415722e+03 
 1.16591440e+03  1.88116185e+02  1.16591440e+03 -3.83025862e+03 
 1.25892541e+03  1.61317897e+02  1.25892541e+03 -3.54849699e+03 
 1.35935639e+03  1.38318392e+02  1.35935639e+03 -3.28730139e+03 
 1.46779927e+03  1.18580971e+02  1.46779927e+03 -3.04520379e+03 
 1.58489319e+03  1.01644285e+02  1.58489319e+03 -2.82083410e+03 
 1.71132830e+03  8.71118845e+01  1.71132830e+03 -2.61291506e+03 
 1.84784980e+03  7.46431798e+01  1.84784980e+03 -2.42025716e+03 
 1.99526231e+03  6.39456403e+01  1.99526231e+03 -2.24175344e+03 
 2.15443469e+03  5.47680623e+01  2.15443469e+03 -2.07637452e+03 
 2.32630507e+03  4.68947676e+01  2.32630507e+03 -1.92316372e+03 
 2.51188643e+03  4.01406067e+01  2.51188643e+03 -1.78123237e+03 
 2.71227258e+03  3.43466573e+01  2.71227258e+03 -1.64975534e+03 
 2.92864456e+03  2.93765239e+01  2.92864456e+03 -1.52796678e+03 
 3.16227766e+03  2.51131555e+01  3.16227766e+03 -1.41515606e+03 
 3.41454887e+03  2.14561102e+01  3.41454887e+03 -1.31066402e+03 
 3.68694506e+03  1.83192039e+01  3.68694506e+03 -1.21387934e+03 
 3.98107171e+03  1.56284910e+01  3.98107171e+03 -1.12423518e+03 
 4.29866235e+03  1.33205295e+01  4.29866235e+03 -1.04120605e+03 
 4.64158883e+03  1.13408915e+01  4.64158883e+03 -9.64304884e+02 
 5.01187234e+03  9.64288393e+00  5.01187234e+03 -8.93080229e+02 
 5.41169527e+03  8.18645087e+00  5.41169527e+03 -8.27113737e+02 
 5.84341413e+03  6.93723084e+00  5.84341413e+03 -7.66017749e+02 
 6.30957344e+03  5.86574804e+00  6.30957344e+03 -7.09433082e+02 
 6.81292069e+03  4.94671818e+00  6.81292069e+03 -6.57026951e+02 
 7.35642254e+03  4.15845278e+00  7.35642254e+03 -6.08491053e+02 
 7.94328235e+03  3.48234809e+00  7.94328235e+03 -5.63539778e+02 
 8.57695899e+03  2.90244654e+00  8.57695899e+03 -5.21908549e+02 
 9.26118728e+03  2.40506051e+00  9.26118728e+03 -4.83352283e+02 
 1.00000000e+04  1.97844951e+00  1.00000000e+04 -4.47643963e+02 
 1.07977516e+04  1.61254332e+00  1.07977516e+04 -4.14573307e+02 
 1.16591440e+04  1.29870438e+00  1.16591440e+04 -3.83945545e+02 
 1.25892541e+04  1.02952403e+00  1.25892541e+04 -3.55580275e+02 
 1.35935639e+04  7.98647712e-01  1.35935639e+04 -3.29310405e+02 
 1.46779927e+04  6.00625007e-01  1.46779927e+04 -3.04981176e+02 
 1.58489319e+04  4.30781007e-01  1.58489319e+04 -2.82449252e+02 
 1.71132830e+04  2.85105988e-01  1.71132830e+04 -2.61581877e+02 
 1.84784980e+04  1.60160774e-01  1.84784980e+04 -2.42256098e+02 
 1.99526231e+04  5.29955572e-02  1.99526231e+04 -2.24358038e+02 
 2.15443469e+04 -3.89197279e-02  2.15443469e+04 -2.07782232e+02 
 2.32630507e+04 -1.17755128e-01  2.32630507e+04 -1.92431002e+02 
 2.51188643e+04 -1.85371895e-01  2.51188643e+04 -1.78213884e+02 
 2.71227258e+04 -2.43366428e-01  2.71227258e+04 -1.65047094e+02 
 2.92864456e+04 -2.93107954e-01  2.92864456e+04 -1.52853039e+02 
 3.16227766e+04 -3.35770856e-01  3.16227766e+04 -1.41559855e+02 
 3.41454887e+04 -3.72362397e-01  3.41454887e+04 -1.31100988e+02 
 3.68694506e+04 -4.03746496e-01  3.68694506e+04 -1.21414797e+02 
 3.98107171e+04 -4.30664132e-01  3.98107171e+04 -1.12444198e+02 
 4.29866235e+04 -4.53750828e-01  4.29866235e+04 -1.04136322e+02 
 4.64158883e+04 -4.73551662e-01  4.64158883e+04 -9.64422054e+01 
 5.01187234e+04 -4.90534133e-01  5.01187234e+04 -8.93165014e+01 
 5.41169527e+04 -5.05099198e-01  5.41169527e+04 -8.27172134e+01 
 5.84341413e+04 -5.17590741e-01  5.84341413e+04 -7.66054473e+01 
 6.30957344e+04 -5.28303689e-01  6.30957344e+04 -7.09451818e+01 
 6.81292069e+04 -5.37490976e-01  6.81292069e+04 -6.57030566e+01 
 7.35642254e+04 -5.45369517e-01  7.35642254e+04 -6.08481758e+01 
 7.94328235e+04 -5.52125324e-01  7.94328235e+04 -5.63519258e+01 
 8.57695899e+04 -5.57917905e-01  8.57695899e+04 -5.21878065e+01 
 9.26118728e+04 -5.62884023e-01  9.26118728e+04 -4.83312753e+01 
 1.00000000e+05 -5.67140930e-01  1.00000000e+05 -4.47596025e+01 
 1.07977516e+05 -5.70789133e-01  1.07977516e+05 -4.14517372e+01 
 1.16591440e+05 -5.73914766e-01  1.16591440e+05 -3.83881834e+01 
 1.25892541e+05 -5.76591627e-01  1.25892541e+05 -3.55508850e+01 
 1.35935639e+05 -5.78882919e-01  1.35935639e+05 -3.29231193e+01 
 1.46779927e+05 -5.80842738e-01  1.46779927e+05 -3.04893986e+01 
 1.58489319e+05 -5.82517359e-01  1.58489319e+05 -2.82353791e+01 
 1.71132830e+05 -5.83946319e-01  1.71132830e+05 -2.61477757e+01 
 1.84784980e+05 -5.85163359e-01  1.84784980e+05 -2.42142844e+01 
 1.99526231e+05 -5.86197214e-01  1.99526231e+05 -2.24235096e+01 
 2.15443469e+05 -5.87072297e-01  2.15443469e+05 -2.07648967e+01 
 2.32630507e+05 -5.87809271e-01  2.32630507e+05 -1.92286701e+01 
 2.51188643e+05 -5.88425541e-01  2.51188643e+05 -1.78057755e+01 
 2.71227258e+05 -5.88935663e-01  2.71227258e+05 -1.64878267e+01 
 2.92864456e+05 -5.89351688e-01  2.92864456e+05 -1.52670560e+01 
 3.16227766e+05 -5.89683449e-01  3.16227766e+05 -1.41362685e+01 
 3.41454887e+05 -5.89938794e-01  3.41454887e+05 -1.30887995e+01 
 3.68694506e+05 -5.90123769e-01  3.68694506e+05 -1.21184759e+01 
 3.98107171e+05 -5.90242768e-01  3.98107171e+05 -1.12195789e+01 
 4.29866235e+05 -5.90298636e-01  4.29866235e+05 -1.03868109e+01 
 4.64158883e+05 -5.90292740e-01  4.64158883e+05 -9.61526426e+00 
 5.01187234e+05 -5.90225004e-01  5.01187234e+05 -8.90039226e+00 
 5.41169527e+05 -5.90093918e-01  5.41169527e+05 -8.23798237e+00 
 5.84341413e+05 -5.89896506e-01  5.84341413e+05 -7.62413148e+00 
 6.30957344e+05 -5.89628268e-01  6.30957344e+05 -7.05522298e+00 
 6.81292069e+05 -5.89283090e-01  6.81292069e+05 -6.52790547e+00 
 7.35642254e+05 -5.88853120e-01  7.35642254e+05 -6.03907312e+00 
 7.94328235e+05 -5.88328609e-01  7.94328235e+05 -5.58584746e+00 
 8.57695899e+05 -5.87697718e-01  8.57695899e+05 -5.16556058e+00 
 9.26118728e+05 -5.86946289e-01  9.26118728e+05 -4.77573952e+00 
 1.00000000e+06 -5.86057580e-01  1.00000000e+06 -4.41409193e+00 
 1.07977516e+06 -5.85011956e-01  1.07977516e+06 -4.07849283e+00 
 1.16591440e+06 -5.83786551e-01  1.16591440e+06 -3.76697239e+00 
 1.25892541e+06 -5.82354889e-01  1.25892541e+06 -3.47770468e+00 
 1.35935639e+06 -5.80686474e-01  1.35935639e+06 -3.20899741e+00 
 1.46779927e+06 -5.78746363e-01  1.46779927e+06 -2.95928256e+00 
 1.58489319e+06 -5.76494718e-01  1.58489319e+06 -2.72710775e+00 
 1.71132830e+06 -5.73886376e-01  1.71132830e+06 -2.51112860e+00 
 1.84784980e+06 -5.70870441e-01  1.84784980e+06 -2.31010176e+00 
 1.99526231e+06 -5.67389951e-01  1.99526231e+06 -2.12287874e+00 
 2.15443469e+06 -5.63381660e-01  2.15443469e+06 -1.94840054e+00 
 2.32630507e+06 -5.58775989e-01  2.32630507e+06 -1.78569292e+00 
 2.51188643e+06 -5.53497233e-01  2.51188643e+06 -1.63386243e+00 
 2.71227258e+06 -5.47464103e-01  2.71227258e+06 -1.49209304e+00 
 2.92864456e+06 -5.40590717e-01  2.92864456e+06 -1.35964336e+00 
 3.16227766e+06 -5.32788142e-01  3.16227766e+06 -1.23584431e+00 
 3.41454887e+06 -5.23966597e-01  3.41454887e+06 -1.12009712e+00 
 3.68694506e+06 -5.14038430e-01  3.68694506e+06 -1.01187147e+00 
 3.98107171e+06 -5.02921911e-01  3.98107171e+06 -9.10703459e-01 
 4.29866235e+06 -4.90545845e-01  4.29866235e+06 -8.16193198e-01 
 4.64158883e+06 -4.76854925e-01  4.64158883e+06 -7.28001596e-01 
 5.01187234e+06 -4.61815598e-01  5.01187234e+06 -6.45846026e-01 
 5.41169527e+06 -4.45422096e-01  5.41169527e+06 -5.69494539e-01 
 5.84341413e+06 -4.27702125e-01  5.84341413e+06 -4.98758407e-01 
 6.30957344e+06 -4.08721585e-01  6.30957344e+06 -4.33482915e-01 
 6.81292069e+06 -3.88587619e-01  6.81292069e+06 -3.73536593e-01 
 7.35642254e+06 -3.67449336e-01  7.35642254e+06 -3.18799330e-01 
 7.94328235e+06 -3.45495676e-01  7.94328235e+06 -2.69150095e-01 
 8.57695899e+06 -3.22950181e-01  8.57695899e+06 -2.24455221e-01 
 9.26118728e+06 -3.00062802e-01  9.26118728e+06 -1.84558292e-01 
 1.00000000e+07 -2.77099292e-01  1.00000000e+07 -1.49272637e-01 
 1.07977516e+07 -2.54329077e-01  1.07977516e+07 -1.18377143e-01 
 1.16591440e+07 -2.32012787e-01  1.16591440e+07 -9.16157816e-02 
 1.25892541e+07 -2.10390634e-01  1.25892541e+07 -6.87007026e-02 
 1.35935639e+07 -1.89672724e-01  1.35935639e+07 -4.93183817e-02 
 1.46779927e+07 -1.70032065e-01  1.46779927e+07 -3.31379202e-02 
 1.58489319e+07 -1.51600644e-01  1.58489319e+07 -1.98204552e-02 
 1.71132830e+07 -1.34468535e-01  1.71132830e+07 -9.02863729e-03 
 1.84784980e+07 -1.18685665e-01  1.84784980e+07 -4.35292289e-04 
 1.99526231e+07 -1.04265644e-01  1.99526231e+07  6.26936438e-03 
 2.15443469e+07 -9.11909583e-02  2.15443469e+07  1.13723071e-02 
 2.32630507e+07 -7.94188583e-02  2.32630507e+07  1.51341570e-02 
 2.51188643e+07 -6.88873464e-02  2.51188643e+07  1.77873952e-02 
 2.71227258e+07 -5.95208333e-02  2.71227258e+07  1.95360738e-02 
 2.92864456e+07 -5.12351604e-02  2.92864456e+07  2.05567020e-02 
 3.16227766e+07 -4.39418337e-02  3.16227766e+07  2.09999711e-02 
 3.41454887e+07 -3.75514189e-02  3.41454887e+07  2.09930083e-02 
 3.68694506e+07 -3.19761319e-02  3.68694506e+07  2.06419017e-02 
 3.98107171e+07 -2.71317034e-02  3.98107171e+07  2.00342900e-02 
 4.29866235e+07 -2.29386305e-02  4.29866235e+07  1.92418733e-02 
 4.64158883e+07 -1.93229305e-02  4.64158883e+07  1.83227487e-02 
 5.01187234e+07 -1.62165112e-02  5.01187234e+07  1.73235149e-02 
 5.41169527e+07 -1.35572608e-02  5.41169527e+07  1.62811274e-02 
 5.84341413e+07 -1.12889417e-02  5.84341413e+07  1.52245032e-02 
 6.30957344e+07 -9.36095774e-03  6.30957344e+07  1.41758937e-02 
 6.81292069e+07 -7.72804384e-03  6.81292069e+07  1.31520516e-02 
 7.35642254e+07 -6.34991564e-03  7.35642254e+07  1.21652186e-02 
 7.94328235e+07 -5.19090034e-03  7.94328235e+07  1.12239631e-02 
 8.57695899e+07 -4.21956342e-03  8.57695899e+07  1.03338892e-02 
 9.26118728e+07 -3.40833892e-03  9.26118728e+07  9.49823894e-03 
 1.00000000e+08 -2.73316815e-03  1.00000000e+08  8.71840028e-03 
 1.07977516e+08 -2.17315062e-03  1.07977516e+08  7.99433301e-03 
 1.16591440e+08 -1.71021054e-03  1.16591440e+08  7.32492238e-03 
 1.25892541e+08 -1.32878239e-03  1.25892541e+08  6.70826861e-03 
 1.35935639e+08 -1.01551863e-03  1.35935639e+08  6.14192064e-03 
 1.46779927e+08 -7.59021553e-04  1.46779927e+08  5.62306255e-03 
 1.58489319e+08 -5.49600218e-04  1.58489319e+08  5.14866069e-03 
 1.71132830e+08 -3.79052125e-04  1.71132830e+08  4.71557867e-03 
 1.84784980e+08 -2.40468125e-04  1.84784980e+08  4.32066686e-03 
 1.99526231e+08 -1.28058557e-04  1.99526231e+08  3.96083113e-03 
 2.15443469e+08 -3.69983935e-05  2.15443469e+08  3.63308484e-03 
 2.32630507e+08  3.67106715e-05  2.32630507e+08  3.33458693e-03 
 2.51188643e+08  9.63628794e-05  2.51188643e+08  3.06266820e-03 
 2.71227258e+08  1.44657120e-04  2.71227258e+08  2.81484754e-03 
 2.92864456e+08  1.83792722e-04  2.92864456e+08  2.58883982e-03 
 3.16227766e+08  2.15553157e-04  3.16227766e+08  2.38255667e-03 
 3.41454887e+08  2.41378463e-04  3.41454887e+08  2.19410192e-03 
 3.68694506e+08  2.62427206e-04  3.68694506e+08  2.02176284e-03 
 3.98107171e+08  2.79628893e-04  3.98107171e+08  1.86399860e-03 
 4.29866235e+08  2.93727802e-04  4.29866235e+08  1.71942704e-03 
 4.64158883e+08  3.05319242e-04  4.64158883e+08  1.58681063e-03 
 5.01187234e+08  3.14879256e-04  5.01187234e+08  1.46504238e-03 
 5.41169527e+08  3.22788734e-04  5.41169527e+08  1.35313220e-03 
 5.84341413e+08  3.29352843e-04  5.84341413e+08  1.25019410e-03 
 6.30957344e+08  3.34816579e-04  6.30957344e+08  1.15543432e-03 
 6.81292069e+08  3.39377153e-04  6.81292069e+08  1.06814069e-03 
 7.35642254e+08  3.43193810e-04  7.35642254e+08  9.87673013e-04 
 7.94328235e+08  3.46395590e-04  7.94328235e+08  9.13454644e-04 
 8.57695899e+08  3.49087459e-04  8.57695899e+08  8.44965013e-04 
 9.26118728e+08  3.51355139e-04  9.26118728e+08  7.81733135e-04 
 1.00000000e+09  3.53268910e-04  1.00000000e+09  7.23331942e-04 
 1.07977516e+09  3.54886625e-04  1.07977516e+09  6.69373363e-04 
 1.16591440e+09  3.56256076e-04  1.16591440e+09  6.19504044e-04 
 1.25892541e+09  3.57416889e-04  1.25892541e+09  5.73401634e-04 
 1.35935639e+09  3.58402020e-04  1.35935639e+09  5.30771554e-04 
 1.46779927e+09  3.59238960e-04  1.46779927e+09  4.91344178e-04 
 1.58489319e+09  3.59950699e-04  1.58489319e+09  4.54872371e-04 
 1.71132830e+09  3.60556508e-04  1.71132830e+09  4.21129320e-04 
 1.84784980e+09  3.61072573e-04  1.84784980e+09  3.89906636e-04 
 1.99526231e+09  3.61512517e-04  1.99526231e+09  3.61012659e-04 
 2.15443469e+09  3.61887821e-04  2.15443469e+09  3.34270968e-04 
 2.32630507e+09  3.62208181e-04  2.32630507e+09  3.09519038e-04 
 2.51188643e+09  3.62481793e-04  2.51188643e+09  2.86607048e-04 
 2.71227258e+09  3.62715596e-04  2.71227258e+09  2.65396806e-04 
 2.92864456e+09  3.62915473e-04  2.92864456e+09  2.45760776e-04 
 3.16227766e+09  3.63086416e-04  3.16227766e+09  2.27581207e-04 
 3.41454887e+09  3.63232666e-04  3.41454887e+09  2.10749336e-04 
 3.68694506e+09  3.63357831e-04  3.68694506e+09  1.95164669e-04 
 3.98107171e+09  3.63464979e-04  3.98107171e+09  1.80734322e-04 
 4.29866235e+09  3.63556728e-04  4.29866235e+09  1.67372421e-04 
 4.64158883e+09  3.63635308e-04  4.64158883e+09  1.54999558e-04 
 5.01187234e+09  3.63702623e-04  5.01187234e+09  1.43542286e-04 
 5.41169527e+09  3.63760296e-04  5.41169527e+09  1.32932660e-04 
 5.84341413e+09  3.63809716e-04  5.84341413e+09  1.23107817e-04 
 6.30957344e+09  3.63852069e-04  6.30957344e+09  1.14009585e-04 
 6.81292069e+09  3.63888370e-04  6.81292069e+09  1.05584131e-04 
 7.35642254e+09  3.63919487e-04  7.35642254e+09  9.77816275e-05 
 7.94328235e+09  3.63946162e-04  7.94328235e+09  9.05559553e-05 
 8.57695899e+09  3.63969031e-04  8.57695899e+09  8.38644207e-05 
 9.26118728e+09  3.63988638e-04  9.26118728e+09  7.76675005e-05 
 1.00000000e+10  3.64005450e-04  1.00000000e+10  7.19286035e-05 
