 1.00000000e+00  7.79078734e+04  1.00000000e+00 -1.35629211e+03 
 1.07977516e+00  7.79039574e+04  1.07977516e+00 -1.46441692e+03 
 1.16591440e+00  7.78993920e+04  1.16591440e+00 -1.58114836e+03 
 1.25892541e+00  7.78940699e+04  1.25892541e+00 -1.70716808e+03 
 1.35935639e+00  7.78878657e+04  1.35935639e+00 -1.84321087e+03 
 1.46779927e+00  7.78806334e+04  1.46779927e+00 -1.99006851e+03 
 1.58489319e+00  7.78722028e+04  1.58489319e+00 -2.14859394e+03 
 1.71132830e+00  7.78623758e+04  1.71132830e+00 -2.31970561e+03 
 1.84784980e+00  7.78509214e+04  1.84784980e+00 -2.50439202e+03 
 1.99526231e+00  7.78375709e+04  1.99526231e+00 -2.70371657e+03 
 2.15443469e+00  7.78220111e+04  2.15443469e+00 -2.91882241e+03 
 2.32630507e+00  7.78038776e+04  2.32630507e+00 -3.15093757e+03 
 2.51188643e+00  7.77827461e+04  2.51188643e+00 -3.40138007e+03 
 2.71227258e+00  7.77581231e+04  2.71227258e+00 -3.67156308e+03 
 2.92864456e+00  7.77294344e+04  2.92864456e+00 -3.96299995e+03 
 3.16227766e+00  7.76960127e+04  3.16227766e+00 -4.27730900e+03 
 3.41454887e+00  7.76570820e+04  3.41454887e+00 -4.61621785e+03 
 3.68694506e+00  7.76117414e+04  3.68694506e+00 -4.98156718e+03 
 3.98107171e+00  7.75589449e+04  3.98107171e+00 -5.37531341e+03 
 4.29866235e+00  7.74974794e+04  4.29866235e+00 -5.79953017e+03 
 4.64158883e+00  7.74259388e+04  4.64158883e+00 -6.25640782e+03 
 5.01187234e+00  7.73426951e+04  5.01187234e+00 -6.74825070e+03 
 5.41169527e+00  7.72458658e+04  5.41169527e+00 -7.27747110e+03 
 5.84341413e+00  7.71332769e+04  5.84341413e+00 -7.84657921e+03 
 6.30957344e+00  7.70024215e+04  6.30957344e+00 -8.45816790e+03 
 6.81292069e+00  7.68504148e+04  6.81292069e+00 -9.11489089e+03 
 7.35642254e+00  7.66739440e+04  7.35642254e+00 -9.81943278e+03 
 7.94328235e+00  7.64692147e+04  7.94328235e+00 -1.05744690e+04 
 8.57695899e+00  7.62318941e+04  8.57695899e+00 -1.13826136e+04 
 9.26118728e+00  7.59570517e+04  9.26118728e+00 -1.22463516e+04 
 1.00000000e+01  7.56391008e+04  1.00000000e+01 -1.31679548e+04 
 1.07977516e+01  7.52717419e+04  1.07977516e+01 -1.41493759e+04 
 1.16591440e+01  7.48479130e+04  1.16591440e+01 -1.51921194e+04 
 1.25892541e+01  7.43597517e+04  1.25892541e+01 -1.62970858e+04 
 1.35935639e+01  7.37985768e+04  1.35935639e+01 -1.74643877e+04 
 1.46779927e+01  7.31548961e+04  1.46779927e+01 -1.86931347e+04 
 1.58489319e+01  7.24184543e+04  1.58489319e+01 -1.99811901e+04 
 1.71132830e+01  7.15783304e+04  1.71132830e+01 -2.13249015e+04 
 1.84784980e+01  7.06231011e+04  1.84784980e+01 -2.27188126e+04 
 1.99526231e+01  6.95410836e+04  1.99526231e+01 -2.41553693e+04 
 2.15443469e+01  6.83206718e+04  2.15443469e+01 -2.56246384e+04 
 2.32630507e+01  6.69507766e+04  2.32630507e+01 -2.71140652e+04 
 2.51188643e+01  6.54213745e+04  2.51188643e+01 -2.86083027e+04 
 2.71227258e+01  6.37241589e+04  2.71227258e+01 -3.00891530e+04 
 2.92864456e+01  6.18532747e+04  2.92864456e+01 -3.15356645e+04 
 3.16227766e+01  5.98060987e+04  3.16227766e+01 -3.29244264e+04 
 3.41454887e+01  5.75840104e+04  3.41454887e+01 -3.42300969e+04 
 3.68694506e+01  5.51930773e+04  3.68694506e+01 -3.54261804e+04 
 3.98107171e+01  5.26445687e+04  3.98107171e+01 -3.64860475e+04 
 4.29866235e+01  4.99552062e+04  4.29866235e+01 -3.73841545e+04 
 4.64158883e+01  4.71470732e+04  4.64158883e+01 -3.80973828e+04 
 5.01187234e+01  4.42471315e+04  5.01187234e+01 -3.86063874e+04 
 5.41169527e+01  4.12863373e+04  5.41169527e+01 -3.88968195e+04 
 5.84341413e+01  3.82984020e+04  5.84341413e+01 -3.89602863e+04 
 6.30957344e+01  3.53182932e+04  6.30957344e+01 -3.87949337e+04 
 6.81292069e+01  3.23806146e+04  6.81292069e+01 -3.84055771e+04 
 7.35642254e+01  2.95180210e+04  7.35642254e+01 -3.78033633e+04 
 7.94328235e+01  2.67598201e+04  7.94328235e+01 -3.70050075e+04 
 8.57695899e+01  2.41308829e+04  8.57695899e+01 -3.60316999e+04 
 9.26118728e+01  2.16509363e+04  9.26118728e+01 -3.49078101e+04 
 1.00000000e+02  1.93342589e+04  1.00000000e+02 -3.36595269e+04 
 1.07977516e+02  1.71897503e+04  1.07977516e+02 -3.23135599e+04 
 1.16591440e+02  1.52213109e+04  1.16591440e+02 -3.08960023e+04 
 1.25892541e+02  1.34284425e+04  1.25892541e+02 -2.94314154e+04 
 1.35935639e+02  1.18069829e+04  1.35935639e+02 -2.79421636e+04 
 1.46779927e+02  1.03498884e+04  1.46779927e+02 -2.64479936e+04 
 1.58489319e+02  9.04799996e+03  1.58489319e+02 -2.49658330e+04 
 1.71132830e+02  7.89074414e+03  1.71132830e+02 -2.35097682e+04 
 1.84784980e+02  6.86673980e+03  1.84784980e+02 -2.20911582e+04 
 1.99526231e+02  5.96429859e+03  1.99526231e+02 -2.07188417e+04 
 2.15443469e+02  5.17181777e+03  2.15443469e+02 -1.93994010e+04 
 2.32630507e+02  4.47807329e+03  2.32630507e+02 -1.81374511e+04 
 2.51188643e+02  3.87242519e+03  2.51188643e+02 -1.69359336e+04 
 2.71227258e+02  3.34494985e+03  2.71227258e+02 -1.57963973e+04 
 2.92864456e+02  2.88651366e+03  2.92864456e+02 -1.47192567e+04 
 3.16227766e+02  2.48880146e+03  3.16227766e+02 -1.37040229e+04 
 3.41454887e+02  2.14431166e+03  3.41454887e+02 -1.27495050e+04 
 3.68694506e+02  1.84632795e+03  3.68694506e+02 -1.18539809e+04 
 3.98107171e+02  1.58887544e+03  3.98107171e+02 -1.10153411e+04 
 4.29866235e+02  1.36666739e+03  4.29866235e+02 -1.02312069e+04 
 4.64158883e+02  1.17504735e+03  4.64158883e+02 -9.49902634e+03 
 5.01187234e+02  1.00992987e+03  5.01187234e+02 -8.81615067e+03 
 5.41169527e+02  8.67742282e+02  5.41169527e+02 -8.17989468e+03 
 5.84341413e+02  7.45369130e+02  5.84341413e+02 -7.58758323e+03 
 6.30957344e+02  6.40100136e+02  6.30957344e+02 -7.03658659e+03 
 6.81292069e+02  5.49582330e+02  6.81292069e+02 -6.52434650e+03 
 7.35642254e+02  4.71776502e+02  7.35642254e+02 -6.04839490e+03 
 7.94328235e+02  4.04918005e+02  7.94328235e+02 -5.60636668e+03 
 8.57695899e+02  3.47481730e+02  8.57695899e+02 -5.19600784e+03 
 9.26118728e+02  2.98151029e+02  9.26118728e+02 -4.81517988e+03 
 1.00000000e+03  2.55790285e+02  1.00000000e+03 -4.46186155e+03 
 1.07977516e+03  2.19420803e+02  1.07977516e+03 -4.13414833e+03 
 1.16591440e+03  1.88199703e+02  1.16591440e+03 -3.83025039e+03 
 1.25892541e+03  1.61401502e+02  1.25892541e+03 -3.54848935e+03 
 1.35935639e+03  1.38402071e+02  1.35935639e+03 -3.28729432e+03 
 1.46779927e+03  1.18664714e+02  1.46779927e+03 -3.04519725e+03 
 1.58489319e+03  1.01728083e+02  1.58489319e+03 -2.82082803e+03 
 1.71132830e+03  8.71957292e+01  1.71132830e+03 -2.61290945e+03 
 1.84784980e+03  7.47270648e+01  1.84784980e+03 -2.42025196e+03 
 1.99526231e+03  6.40295599e+01  1.99526231e+03 -2.24174863e+03 
 2.15443469e+03  5.48520116e+01  2.15443469e+03 -2.07637007e+03 
 2.32630507e+03  4.69787424e+01  2.32630507e+03 -1.92315960e+03 
 2.51188643e+03  4.02246034e+01  2.51188643e+03 -1.78122856e+03 
 2.71227258e+03  3.44306727e+01  2.71227258e+03 -1.64975181e+03 
 2.92864456e+03  2.94605553e+01  2.92864456e+03 -1.52796351e+03 
 3.16227766e+03  2.51972008e+01  3.16227766e+03 -1.41515304e+03 
 3.41454887e+03  2.15401673e+01  3.41454887e+03 -1.31066123e+03 
 3.68694506e+03  1.84032712e+01  3.68694506e+03 -1.21387676e+03 
 3.98107171e+03  1.57125670e+01  3.98107171e+03 -1.12423279e+03 
 4.29866235e+03  1.34046130e+01  4.29866235e+03 -1.04120385e+03 
 4.64158883e+03  1.14249813e+01  4.64158883e+03 -9.64302854e+02 
 5.01187234e+03  9.72697928e+00  5.01187234e+03 -8.93078357e+02 
 5.41169527e+03  8.27055092e+00  5.41169527e+03 -8.27112011e+02 
 5.84341413e+03  7.02133493e+00  5.84341413e+03 -7.66016161e+02 
 6.30957344e+03  5.94985560e+00  6.30957344e+03 -7.09431620e+02 
 6.81292069e+03  5.03082870e+00  6.81292069e+03 -6.57025608e+02 
 7.35642254e+03  4.24256584e+00  7.35642254e+03 -6.08489821e+02 
 7.94328235e+03  3.56646333e+00  7.94328235e+03 -5.63538650e+02 
 8.57695899e+03  2.98656365e+00  8.57695899e+03 -5.21907518e+02 
 9.26118728e+03  2.48917921e+00  9.26118728e+03 -4.83351343e+02 
 1.00000000e+04  2.06256958e+00  1.00000000e+04 -4.47643107e+02 
 1.07977516e+04  1.69666455e+00  1.07977516e+04 -4.14572532e+02 
 1.16591440e+04  1.38282660e+00  1.16591440e+04 -3.83944846e+02 
 1.25892541e+04  1.11364710e+00  1.25892541e+04 -3.55579647e+02 
 1.35935639e+04  8.82771494e-01  1.35935639e+04 -3.29309845e+02 
 1.46779927e+04  6.84749391e-01  1.46779927e+04 -3.04980681e+02 
 1.58489319e+04  5.14905895e-01  1.58489319e+04 -2.82448819e+02 
 1.71132830e+04  3.69231296e-01  1.71132830e+04 -2.61581503e+02 
 1.84784980e+04  2.44286424e-01  1.84784980e+04 -2.42255780e+02 
 1.99526231e+04  1.37121483e-01  1.99526231e+04 -2.24357776e+02 
 2.15443469e+04  4.52064115e-02  2.15443469e+04 -2.07782023e+02 
 2.32630507e+04 -3.36288307e-02  2.32630507e+04 -1.92430845e+02 
 2.51188643e+04 -1.01245493e-01  2.51188643e+04 -1.78213778e+02 
 2.71227258e+04 -1.59239971e-01  2.71227258e+04 -1.65047039e+02 
 2.92864456e+04 -2.08981491e-01  2.92864456e+04 -1.52853035e+02 
 3.16227766e+04 -2.51644436e-01  3.16227766e+04 -1.41559901e+02 
 3.41454887e+04 -2.88236068e-01  3.41454887e+04 -1.31101084e+02 
 3.68694506e+04 -3.19620312e-01  3.68694506e+04 -1.21414945e+02 
 3.98107171e+04 -3.46538146e-01  3.98107171e+04 -1.12444398e+02 
 4.29866235e+04 -3.69625101e-01  4.29866235e+04 -1.04136575e+02 
 4.64158883e+04 -3.89426260e-01  4.64158883e+04 -9.64425130e+01 
 5.01187234e+04 -4.06409129e-01  5.01187234e+04 -8.93168655e+01 
 5.41169527e+04 -4.20974677e-01  5.41169527e+04 -8.27176363e+01 
 5.84341413e+04 -4.33466796e-01  5.84341413e+04 -7.66059313e+01 
 6.30957344e+04 -4.44180428e-01  6.30957344e+04 -7.09457298e+01 
 6.81292069e+04 -4.53368524e-01  6.81292069e+04 -6.57036718e+01 
 7.35642254e+04 -4.61248016e-01  7.35642254e+04 -6.08488620e+01 
 7.94328235e+04 -4.68004941e-01  7.94328235e+04 -5.63526868e+01 
 8.57695899e+04 -4.73798831e-01  8.57695899e+04 -5.21886469e+01 
 9.26118728e+04 -4.78766482e-01  9.26118728e+04 -4.83322001e+01 
 1.00000000e+05 -4.83025181e-01  1.00000000e+05 -4.47606170e+01 
 1.07977516e+05 -4.86675477e-01  1.07977516e+05 -4.14528475e+01 
 1.16591440e+05 -4.89803554e-01  1.16591440e+05 -3.83893960e+01 
 1.25892541e+05 -4.92483269e-01  1.25892541e+05 -3.55522070e+01 
 1.35935639e+05 -4.94777888e-01  1.35935639e+05 -3.29245585e+01 
 1.46779927e+05 -4.96741591e-01  1.46779927e+05 -3.04909636e+01 
 1.58489319e+05 -4.98420740e-01  1.58489319e+05 -2.82370789e+01 
 1.71132830e+05 -4.99854981e-01  1.71132830e+05 -2.61496204e+01 
 1.84784980e+05 -5.01078179e-01  1.84784980e+05 -2.42162849e+01 
 1.99526231e+05 -5.02119215e-01  1.99526231e+05 -2.24256775e+01 
 2.15443469e+05 -5.03002669e-01  2.15443469e+05 -2.07672448e+01 
 2.32630507e+05 -5.03749402e-01  2.32630507e+05 -1.92312121e+01 
 2.51188643e+05 -5.04377050e-01  2.51188643e+05 -1.78085264e+01 
 2.71227258e+05 -5.04900433e-01  2.71227258e+05 -1.64908026e+01 
 2.92864456e+05 -5.05331917e-01  2.92864456e+05 -1.52702742e+01 
 3.16227766e+05 -5.05681697e-01  3.16227766e+05 -1.41397478e+01 
 3.41454887e+05 -5.05958041e-01  3.41454887e+05 -1.30925604e+01 
 3.68694506e+05 -5.06167490e-01  3.68694506e+05 -1.21225401e+01 
 3.98107171e+05 -5.06315009e-01  3.98107171e+05 -1.12239700e+01 
 4.29866235e+05 -5.06404109e-01  4.29866235e+05 -1.03915545e+01 
 4.64158883e+05 -5.06436932e-01  4.64158883e+05 -9.62038776e+00 
 5.01187234e+05 -5.06414302e-01  5.01187234e+05 -8.90592517e+00 
 5.41169527e+05 -5.06335756e-01  5.41169527e+05 -8.24395646e+00 
 5.84341413e+05 -5.06199532e-01  5.84341413e+05 -7.63058091e+00 
 6.30957344e+05 -5.06002543e-01  6.30957344e+05 -7.06218444e+00 
 6.81292069e+05 -5.05740310e-01  6.81292069e+05 -6.53541833e+00 
 7.35642254e+05 -5.05406876e-01  7.35642254e+05 -6.04717957e+00 
 7.94328235e+05 -5.04994687e-01  7.94328235e+05 -5.59459268e+00 
 8.57695899e+05 -5.04494442e-01  8.57695899e+05 -5.17499282e+00 
 9.26118728e+05 -5.03894914e-01  9.26118728e+05 -4.78591025e+00 
 1.00000000e+06 -5.03182734e-01  1.00000000e+06 -4.42505594e+00 
 1.07977516e+06 -5.02342155e-01  1.07977516e+06 -4.09030828e+00 
 1.16591440e+06 -5.01354770e-01  1.16591440e+06 -3.77970083e+00 
 1.25892541e+06 -5.00199206e-01  1.25892541e+06 -3.49141102e+00 
 1.35935639e+06 -4.98850796e-01  1.35935639e+06 -3.22374982e+00 
 1.46779927e+06 -4.97281220e-01  1.46779927e+06 -2.97515224e+00 
 1.58489319e+06 -4.95458143e-01  1.58489319e+06 -2.74416864e+00 
 1.71132830e+06 -4.93344850e-01  1.71132830e+06 -2.52945690e+00 
 1.84784980e+06 -4.90899907e-01  1.84784980e+06 -2.32977529e+00 
 1.99526231e+06 -4.88076873e-01  1.99526231e+06 -2.14397609e+00 
 2.15443469e+06 -4.84824094e-01  2.15443469e+06 -1.97099994e+00 
 2.32630507e+06 -4.81084643e-01  2.32630507e+06 -1.80987085e+00 
 2.51188643e+06 -4.76796445e-01  2.51188643e+06 -1.65969188e+00 
 2.71227258e+06 -4.71892678e-01  2.71227258e+06 -1.51964143e+00 
 2.92864456e+06 -4.66302528e-01  2.92864456e+06 -1.38897002e+00 
 3.16227766e+06 -4.59952380e-01  3.16227766e+06 -1.26699763e+00 
 3.41454887e+06 -4.52767553e-01  3.41454887e+06 -1.15311129e+00 
 3.68694506e+06 -4.44674659e-01  3.68694506e+06 -1.04676290e+00 
 3.98107171e+06 -4.35604627e-01  3.98107171e+06 -9.47467036e-01 
 4.29866235e+06 -4.25496429e-01  4.29866235e+06 -8.54798456e-01 
 4.64158883e+06 -4.14301417e-01  4.64158883e+06 -7.68389070e-01 
 5.01187234e+06 -4.01988138e-01  5.01187234e+06 -6.87924055e-01 
 5.41169527e+06 -3.88547332e-01  5.41169527e+06 -6.13136846e-01 
 5.84341413e+06 -3.73996725e-01  5.84341413e+06 -5.43802773e-01 
 6.30957344e+06 -3.58385106e-01  6.30957344e+06 -4.79731303e-01 
 6.81292069e+06 -3.41795113e-01  6.81292069e+06 -4.20756956e-01 
 7.35642254e+06 -3.24344173e-01  7.35642254e+06 -3.66729244e-01 
 7.94328235e+06 -3.06183118e-01  7.94328235e+06 -3.17502212e-01 
 8.57695899e+06 -2.87492260e-01  8.57695899e+06 -2.72924310e-01 
 9.26118728e+06 -2.68474957e-01  9.26118728e+06 -2.32829499e-01 
 1.00000000e+07 -2.49349072e-01  1.00000000e+07 -1.97030398e-01 
 1.07977516e+07 -2.30337045e-01  1.07977516e+07 -1.65314146e-01 
 1.16591440e+07 -2.11655506e-01  1.16591440e+07 -1.37441321e-01 
 1.25892541e+07 -1.93505436e-01  1.25892541e+07 -1.13147906e-01 
 1.35935639e+07 -1.76063809e-01  1.35935639e+07 -9.21498813e-02 
 1.46779927e+07 -1.59477391e-01  1.46779927e+07 -7.41497692e-02 
 1.58489319e+07 -1.43859059e-01  1.58489319e+07 -5.88442617e-02 
 1.71132830e+07 -1.29286682e-01  1.71132830e+07 -4.59320554e-02 
 1.84784980e+07 -1.15804276e-01  1.84784980e+07 -3.51211342e-02 
 1.99526231e+07 -1.03424984e-01  1.99526231e+07 -2.61349349e-02 
 2.15443469e+07 -9.21352965e-02  2.15443469e+07 -1.87170666e-02 
 2.32630507e+07 -8.18999647e-02  2.32630507e+07 -1.26344761e-02 
 2.51188643e+07 -7.26670922e-02  2.51188643e+07 -7.67913047e-03 
 2.71227258e+07 -6.43730336e-02  2.71227258e+07 -3.66840587e-03 
 2.92864456e+07 -5.69468278e-02  2.92864456e+07 -4.44435791e-04 
 3.16227766e+07 -5.03140160e-02  3.16227766e+07  2.12731431e-03 
 3.41454887e+07 -4.43997825e-02  3.41454887e+07  4.15999735e-03 
 3.68694506e+07 -3.91314228e-02  3.68694506e+07  5.74764824e-03 
 3.98107171e+07 -3.44401806e-02  3.98107171e+07  6.96759217e-03 
 4.29866235e+07 -3.02625191e-02  4.29866235e+07  7.88287059e-03 
 4.64158883e+07 -2.65408964e-02  4.64158883e+07  8.54459129e-03 
 5.01187234e+07 -2.32241153e-02  5.01187234e+07  8.99413455e-03 
 5.41169527e+07 -2.02673131e-02  5.41169527e+07  9.26516390e-03 
 5.84341413e+07 -1.76316568e-02  5.84341413e+07  9.38540206e-03 
 6.30957344e+07 -1.52838080e-02  6.30957344e+07  9.37814145e-03 
 6.81292069e+07 -1.31952255e-02  6.81292069e+07  9.26346903e-03 
 7.35642254e+07 -1.13413771e-02  7.35642254e+07  9.05919827e-03 
 7.94328235e+07 -9.70092803e-03  7.94328235e+07  8.78151662e-03 
 8.57695899e+07 -8.25497584e-03  8.57695899e+07  8.44537446e-03 
 9.26118728e+07 -6.98638278e-03  9.26118728e+07  8.06465795e-03 
 1.00000000e+08 -5.87924608e-03  1.00000000e+08  7.65220013e-03 
 1.07977516e+08 -4.91852380e-03  1.07977516e+08  7.21969055e-03 
 1.16591440e+08 -4.08981448e-03  1.16591440e+08  6.77754175e-03 
 1.25892541e+08 -3.37927163e-03  1.25892541e+08  6.33476263e-03 
 1.35935639e+08 -2.77362165e-03  1.35935639e+08  5.89887467e-03 
 1.46779927e+08 -2.26024809e-03  1.46779927e+08  5.47589173e-03 
 1.58489319e+08 -1.82730604e-03  1.58489319e+08  5.07036877e-03 
 1.71132830e+08 -1.46383544e-03  1.71132830e+08  4.68551253e-03 
 1.84784980e+08 -1.15985114e-03  1.84784980e+08  4.32333916e-03 
 1.99526231e+08 -9.06396801e-04  1.99526231e+08  3.98486023e-03 
 2.15443469e+08 -6.95558419e-04  2.15443469e+08  3.67027834e-03 
 2.32630507e+08 -5.20439950e-04  2.32630507e+08  3.37917681e-03 
 2.51188643e+08 -3.75107926e-04  2.51188643e+08  3.11069185e-03 
 2.71227258e+08 -2.54513820e-04  2.71227258e+08  2.86366041e-03 
 2.92864456e+08 -1.54403160e-04  2.92864456e+08  2.63674090e-03 
 3.16227766e+08 -7.12193413e-05  3.16227766e+08  2.42850711e-03 
 3.41454887e+08 -2.00839442e-06  3.41454887e+08  2.23751776e-03 
 3.68694506e+08  5.56708494e-05  3.68694506e+08  2.06236533e-03 
 3.98107171e+08  1.03828457e-04  3.98107171e+08  1.90170800e-03 
 4.29866235e+08  1.44115599e-04  4.29866235e+08  1.75428863e-03 
 4.64158883e+08  1.77886948e-04  4.64158883e+08  1.61894414e-03 
 5.01187234e+08  2.06253636e-04  5.01187234e+08  1.49460812e-03 
 5.41169527e+08  2.30127573e-04  5.41169527e+08  1.38030895e-03 
 5.84341413e+08  2.50258129e-04  5.84341413e+08  1.27516502e-03 
 6.30957344e+08  2.67262234e-04  6.30957344e+08  1.17837847e-03 
 6.81292069e+08  2.81648936e-04  6.81292069e+08  1.08922810e-03 
 7.35642254e+08  2.93839328e-04  7.35642254e+08  1.00706224e-03 
 7.94328235e+08  3.04182699e-04  7.94328235e+08  9.31291754e-04 
 8.57695899e+08  3.12969589e-04  8.57695899e+08  8.61383576e-04 
 9.26118728e+08  3.20442339e-04  9.26118728e+08  7.96854717e-04 
 1.00000000e+09  3.26803641e-04  1.00000000e+09  7.37266892e-04 
 1.07977516e+09  3.32223457e-04  1.07977516e+09  6.82221728e-04 
 1.16591440e+09  3.36844644e-04  1.16591440e+09  6.31356516e-04 
 1.25892541e+09  3.40787545e-04  1.25892541e+09  5.84340466e-04 
 1.35935639e+09  3.44153731e-04  1.35935639e+09  5.40871418e-04 
 1.46779927e+09  3.47029089e-04  1.46779927e+09  5.00672949e-04 
 1.58489319e+09  3.49486352e-04  1.58489319e+09  4.63491831e-04 
 1.71132830e+09  3.51587201e-04  1.71132830e+09  4.29095793e-04 
 1.84784980e+09  3.53384011e-04  1.84784980e+09  3.97271543e-04 
 1.99526231e+09  3.54921301e-04  1.99526231e+09  3.67823014e-04 
 2.15443469e+09  3.56236949e-04  2.15443469e+09  3.40569813e-04 
 2.32630507e+09  3.57363213e-04  2.32630507e+09  3.15345834e-04 
 2.51188643e+09  3.58327583e-04  2.51188643e+09  2.91998011e-04 
 2.71227258e+09  3.59153507e-04  2.71227258e+09  2.70385210e-04 
 2.92864456e+09  3.59860991e-04  2.92864456e+09  2.50377224e-04 
 3.16227766e+09  3.60467120e-04  3.16227766e+09  2.31853869e-04 
 3.41454887e+09  3.60986491e-04  3.41454887e+09  2.14704163e-04 
 3.68694506e+09  3.61431578e-04  3.68694506e+09  1.98825583e-04 
 3.98107171e+09  3.61813049e-04  3.98107171e+09  1.84123389e-04 
 4.29866235e+09  3.62140028e-04  4.29866235e+09  1.70510006e-04 
 4.64158883e+09  3.62420323e-04  4.64158883e+09  1.57904463e-04 
 5.01187234e+09  3.62660618e-04  5.01187234e+09  1.46231880e-04 
 5.41169527e+09  3.62866634e-04  5.41169527e+09  1.35422993e-04 
 5.84341413e+09  3.63043271e-04  5.84341413e+09  1.25413722e-04 
 6.30957344e+09  3.63194726e-04  6.30957344e+09  1.16144778e-04 
 6.81292069e+09  3.63324594e-04  6.81292069e+09  1.07561296e-04 
 7.35642254e+09  3.63435956e-04  7.35642254e+09  9.96124972e-05 
 7.94328235e+09  3.63531453e-04  7.94328235e+09  9.22513829e-05 
 8.57695899e+09  3.63613347e-04  8.57695899e+09  8.54344488e-05 
 9.26118728e+09  3.63683576e-04  9.26118728e+09  7.91214223e-05 
 1.00000000e+10  3.63743805e-04  1.00000000e+10  7.32750198e-05 
