 1.00000000e+00  3.35410071e+02  1.00000000e+00 -4.71691937e-03 
 1.07977516e+00  3.35410071e+02  1.07977516e+00 -5.09321237e-03 
 1.16591440e+00  3.35410071e+02  1.16591440e+00 -5.49952422e-03 
 1.25892541e+00  3.35410071e+02  1.25892541e+00 -5.93824965e-03 
 1.35935639e+00  3.35410071e+02  1.35935639e+00 -6.41197448e-03 
 1.46779927e+00  3.35410071e+02  1.46779927e+00 -6.92349079e-03 
 1.58489319e+00  3.35410071e+02  1.58489319e+00 -7.47581339e-03 
 1.71132830e+00  3.35410071e+02  1.71132830e+00 -8.07219762e-03 
 1.84784980e+00  3.35410071e+02  1.84784980e+00 -8.71615849e-03 
 1.99526231e+00  3.35410071e+02  1.99526231e+00 -9.41149145e-03 
 2.15443469e+00  3.35410071e+02  2.15443469e+00 -1.01622947e-02 
 2.32630507e+00  3.35410071e+02  2.32630507e+00 -1.09729934e-02 
 2.51188643e+00  3.35410071e+02  2.51188643e+00 -1.18483657e-02 
 2.71227258e+00  3.35410071e+02  2.71227258e+00 -1.27935710e-02 
 2.92864456e+00  3.35410071e+02  2.92864456e+00 -1.38141802e-02 
 3.16227766e+00  3.35410071e+02  3.16227766e+00 -1.49162087e-02 
 3.41454887e+00  3.35410071e+02  3.41454887e+00 -1.61061517e-02 
 3.68694506e+00  3.35410071e+02  3.68694506e+00 -1.73910225e-02 
 3.98107171e+00  3.35410070e+02  3.98107171e+00 -1.87783942e-02 
 4.29866235e+00  3.35410070e+02  4.29866235e+00 -2.02764436e-02 
 4.64158883e+00  3.35410070e+02  4.64158883e+00 -2.18940002e-02 
 5.01187234e+00  3.35410070e+02  5.01187234e+00 -2.36405976e-02 
 5.41169527e+00  3.35410070e+02  5.41169527e+00 -2.55265301e-02 
 5.84341413e+00  3.35410069e+02  5.84341413e+00 -2.75629131e-02 
 6.30957344e+00  3.35410069e+02  6.30957344e+00 -2.97617489e-02 
 6.81292069e+00  3.35410068e+02  6.81292069e+00 -3.21359973e-02 
 7.35642254e+00  3.35410068e+02  7.35642254e+00 -3.46996516e-02 
 7.94328235e+00  3.35410067e+02  7.94328235e+00 -3.74678219e-02 
 8.57695899e+00  3.35410067e+02  8.57695899e+00 -4.04568234e-02 
 9.26118728e+00  3.35410066e+02  9.26118728e+00 -4.36842729e-02 
 1.00000000e+01  3.35410065e+02  1.00000000e+01 -4.71691927e-02 
 1.07977516e+01  3.35410064e+02  1.07977516e+01 -5.09321226e-02 
 1.16591440e+01  3.35410062e+02  1.16591440e+01 -5.49952407e-02 
 1.25892541e+01  3.35410061e+02  1.25892541e+01 -5.93824947e-02 
 1.35935639e+01  3.35410059e+02  1.35935639e+01 -6.41197425e-02 
 1.46779927e+01  3.35410057e+02  1.46779927e+01 -6.92349050e-02 
 1.58489319e+01  3.35410055e+02  1.58489319e+01 -7.47581302e-02 
 1.71132830e+01  3.35410052e+02  1.71132830e+01 -8.07219715e-02 
 1.84784980e+01  3.35410049e+02  1.84784980e+01 -8.71615791e-02 
 1.99526231e+01  3.35410045e+02  1.99526231e+01 -9.41149072e-02 
 2.15443469e+01  3.35410041e+02  2.15443469e+01 -1.01622938e-01 
 2.32630507e+01  3.35410036e+02  2.32630507e+01 -1.09729923e-01 
 2.51188643e+01  3.35410030e+02  2.51188643e+01 -1.18483643e-01 
 2.71227258e+01  3.35410023e+02  2.71227258e+01 -1.27935692e-01 
 2.92864456e+01  3.35410015e+02  2.92864456e+01 -1.38141779e-01 
 3.16227766e+01  3.35410005e+02  3.16227766e+01 -1.49162058e-01 
 3.41454887e+01  3.35409994e+02  3.41454887e+01 -1.61061480e-01 
 3.68694506e+01  3.35409981e+02  3.68694506e+01 -1.73910179e-01 
 3.98107171e+01  3.35409966e+02  3.98107171e+01 -1.87783884e-01 
 4.29866235e+01  3.35409949e+02  4.29866235e+01 -2.02764363e-01 
 4.64158883e+01  3.35409929e+02  4.64158883e+01 -2.18939909e-01 
 5.01187234e+01  3.35409905e+02  5.01187234e+01 -2.36405860e-01 
 5.41169527e+01  3.35409877e+02  5.41169527e+01 -2.55265154e-01 
 5.84341413e+01  3.35409845e+02  5.84341413e+01 -2.75628947e-01 
 6.30957344e+01  3.35409808e+02  6.30957344e+01 -2.97617258e-01 
 6.81292069e+01  3.35409764e+02  6.81292069e+01 -3.21359681e-01 
 7.35642254e+01  3.35409713e+02  7.35642254e+01 -3.46996149e-01 
 7.94328235e+01  3.35409653e+02  7.94328235e+01 -3.74677757e-01 
 8.57695899e+01  3.35409584e+02  8.57695899e+01 -4.04567652e-01 
 9.26118728e+01  3.35409503e+02  9.26118728e+01 -4.36841997e-01 
 1.00000000e+02  3.35409409e+02  1.00000000e+02 -4.71691005e-01 
 1.07977516e+02  3.35409299e+02  1.07977516e+02 -5.09320065e-01 
 1.16591440e+02  3.35409170e+02  1.16591440e+02 -5.49950946e-01 
 1.25892541e+02  3.35409021e+02  1.25892541e+02 -5.93823107e-01 
 1.35935639e+02  3.35408847e+02  1.35935639e+02 -6.41195109e-01 
 1.46779927e+02  3.35408643e+02  1.46779927e+02 -6.92346134e-01 
 1.58489319e+02  3.35408406e+02  1.58489319e+02 -7.47577631e-01 
 1.71132830e+02  3.35408130e+02  1.71132830e+02 -8.07215094e-01 
 1.84784980e+02  3.35407808e+02  1.84784980e+02 -8.71609972e-01 
 1.99526231e+02  3.35407433e+02  1.99526231e+02 -9.41141747e-01 
 2.15443469e+02  3.35406995e+02  2.15443469e+02 -1.01622016e+00 
 2.32630507e+02  3.35406484e+02  2.32630507e+02 -1.09728762e+00 
 2.51188643e+02  3.35405889e+02  2.51188643e+02 -1.18482181e+00 
 2.71227258e+02  3.35405195e+02  2.71227258e+02 -1.27933852e+00 
 2.92864456e+02  3.35404386e+02  2.92864456e+02 -1.38139463e+00 
 3.16227766e+02  3.35403443e+02  3.16227766e+02 -1.49159142e+00 
 3.41454887e+02  3.35402343e+02  3.41454887e+02 -1.61057809e+00 
 3.68694506e+02  3.35401061e+02  3.68694506e+02 -1.73905557e+00 
 3.98107171e+02  3.35399566e+02  3.98107171e+02 -1.87778065e+00 
 4.29866235e+02  3.35397823e+02  4.29866235e+02 -2.02757038e+00 
 4.64158883e+02  3.35395791e+02  4.64158883e+02 -2.18930688e+00 
 5.01187234e+02  3.35393422e+02  5.01187234e+02 -2.36394251e+00 
 5.41169527e+02  3.35390660e+02  5.41169527e+02 -2.55250540e+00 
 5.84341413e+02  3.35387440e+02  5.84341413e+02 -2.75610549e+00 
 6.30957344e+02  3.35383685e+02  6.30957344e+02 -2.97594096e+00 
 6.81292069e+02  3.35379307e+02  6.81292069e+02 -3.21330522e+00 
 7.35642254e+02  3.35374204e+02  7.35642254e+02 -3.46959441e+00 
 7.94328235e+02  3.35368254e+02  7.94328235e+02 -3.74631545e+00 
 8.57695899e+02  3.35361316e+02  8.57695899e+02 -4.04509476e+00 
 9.26118728e+02  3.35353229e+02  9.26118728e+02 -4.36768759e+00 
 1.00000000e+03  3.35343800e+02  1.00000000e+03 -4.71598807e+00 
 1.07977516e+03  3.35332807e+02  1.07977516e+03 -5.09203999e+00 
 1.16591440e+03  3.35319991e+02  1.16591440e+03 -5.49804832e+00 
 1.25892541e+03  3.35305050e+02  1.25892541e+03 -5.93639170e+00 
 1.35935639e+03  3.35287631e+02  1.35935639e+03 -6.40963558e+00 
 1.46779927e+03  3.35267325e+02  1.46779927e+03 -6.92054646e+00 
 1.58489319e+03  3.35243654e+02  1.58489319e+03 -7.47210696e+00 
 1.71132830e+03  3.35216058e+02  1.71132830e+03 -8.06753188e+00 
 1.84784980e+03  3.35183890e+02  1.84784980e+03 -8.71028524e+00 
 1.99526231e+03  3.35146393e+02  1.99526231e+03 -9.40409828e+00 
 2.15443469e+03  3.35102685e+02  2.15443469e+03 -1.01529885e+01 
 2.32630507e+03  3.35051740e+02  2.32630507e+03 -1.09612793e+01 
 2.51188643e+03  3.34992362e+02  2.51188643e+03 -1.18336212e+01 
 2.71227258e+03  3.34923158e+02  2.71227258e+03 -1.27750126e+01 
 2.92864456e+03  3.34842509e+02  2.92864456e+03 -1.37908222e+01 
 3.16227766e+03  3.34748528e+02  3.16227766e+03 -1.48868109e+01 
 3.41454887e+03  3.34639020e+02  3.41454887e+03 -1.60691541e+01 
 3.68694506e+03  3.34511434e+02  3.68694506e+03 -1.73444631e+01 
 3.98107171e+03  3.34362802e+02  3.98107171e+03 -1.87198054e+01 
 4.29866235e+03  3.34189677e+02  4.29866235e+03 -2.02027229e+01 
 4.64158883e+03  3.33988054e+02  4.64158883e+03 -2.18012472e+01 
 5.01187234e+03  3.33753285e+02  5.01187234e+03 -2.35239105e+01 
 5.41169527e+03  3.33479981e+02  5.41169527e+03 -2.53797500e+01 
 5.84341413e+03  3.33161896e+02  5.84341413e+03 -2.73783040e+01 
 6.30957344e+03  3.32791801e+02  6.30957344e+03 -2.95295979e+01 
 6.81292069e+03  3.32361338e+02  6.81292069e+03 -3.18441141e+01 
 7.35642254e+03  3.31860857e+02  7.35642254e+03 -3.43327454e+01 
 7.94328235e+03  3.31279239e+02  7.94328235e+03 -3.70067233e+01 
 8.57695899e+03  3.30603688e+02  8.57695899e+03 -3.98775175e+01 
 9.26118728e+03  3.29819521e+02  9.26118728e+03 -4.29566985e+01 
 1.00000000e+04  3.28909930e+02  1.00000000e+04 -4.62557550e+01 
 1.07977516e+04  3.27855735e+02  1.07977516e+04 -4.97858555e+01 
 1.16591440e+04  3.26635128e+02  1.16591440e+04 -5.35575444e+01 
 1.25892541e+04  3.25223422e+02  1.25892541e+04 -5.75803588e+01 
 1.35935639e+04  3.23592812e+02  1.35935639e+04 -6.18623542e+01 
 1.46779927e+04  3.21712170e+02  1.46779927e+04 -6.64095249e+01 
 1.58489319e+04  3.19546896e+02  1.58489319e+04 -7.12251087e+01 
 1.71132830e+04  3.17058859e+02  1.71132830e+04 -7.63087650e+01 
 1.84784980e+04  3.14206462e+02  1.84784980e+04 -8.16556248e+01 
 1.99526231e+04  3.10944891e+02  1.99526231e+04 -8.72552160e+01 
 2.15443469e+04  3.07226585e+02  2.15443469e+04 -9.30902829e+01 
 2.32630507e+04  3.03002010e+02  2.32630507e+04 -9.91355351e+01 
 2.51188643e+04  2.98220780e+02  2.51188643e+04 -1.05356385e+02 
 2.71227258e+04  2.92833202e+02  2.71227258e+04 -1.11707760e+02 
 2.92864456e+04  2.86792264e+02  2.92864456e+04 -1.18133113e+02 
 3.16227766e+04  2.80056097e+02  3.16227766e+04 -1.24563769e+02 
 3.41454887e+04  2.72590867e+02  3.41454887e+04 -1.30918801e+02 
 3.68694506e+04  2.64373991e+02  3.68694506e+04 -1.37105612e+02 
 3.98107171e+04  2.55397517e+02  3.98107171e+04 -1.43021400e+02 
 4.29866235e+04  2.45671394e+02  4.29866235e+04 -1.48555659e+02 
 4.64158883e+04  2.35226300e+02  4.64158883e+04 -1.53593755e+02 
 5.01187234e+04  2.24115651e+02  5.01187234e+04 -1.58021511e+02 
 5.41169527e+04  2.12416398e+02  5.41169527e+04 -1.61730611e+02 
 5.84341413e+04  2.00228291e+02  5.84341413e+04 -1.64624415e+02 
 6.30957344e+04  1.87671436e+02  6.30957344e+04 -1.66623706e+02 
 6.81292069e+04  1.74882140e+02  6.81292069e+04 -1.67671764e+02 
 7.35642254e+04  1.62007296e+02  7.35642254e+04 -1.67738199e+02 
 7.94328235e+04  1.49197770e+02  7.94328235e+04 -1.66821068e+02 
 8.57695899e+04  1.36601393e+02  8.57695899e+04 -1.64947014e+02 
 9.26118728e+04  1.24356249e+02  9.26118728e+04 -1.62169402e+02 
 1.00000000e+05  1.12584904e+02  1.00000000e+05 -1.58564694e+02 
 1.07977516e+05  1.01390029e+02  1.07977516e+05 -1.54227511e+02 
 1.16591440e+05  9.08517215e+01  1.16591440e+05 -1.49264940e+02 
 1.25892541e+05  8.10265508e+01  1.25892541e+05 -1.43790696e+02 
 1.35935639e+05  7.19481620e+01  1.35935639e+05 -1.37919640e+02 
 1.46779927e+05  6.36291431e+01  1.46779927e+05 -1.31763066e+02 
 1.58489319e+05  5.60637668e+01  1.58489319e+05 -1.25424981e+02 
 1.71132830e+05  4.92312230e+01  1.71132830e+05 -1.18999462e+02 
 1.84784980e+05  4.30989979e+01  1.84784980e+05 -1.12569058e+02 
 1.99526231e+05  3.76261276e+01  1.99526231e+05 -1.06204100e+02 
 2.15443469e+05  3.27661397e+01  2.15443469e+05 -9.99627380e+01 
 2.32630507e+05  2.84695743e+01  2.32630507e+05 -9.38915374e+01 
 2.51188643e+05  2.46860406e+01  2.51188643e+05 -8.80264301e+01 
 2.71227258e+05  2.13658150e+01  2.71227258e+05 -8.23938847e+01 
 2.92864456e+05  1.84610199e+01  2.92864456e+05 -7.70121640e+01 
 3.16227766e+05  1.59264367e+01  3.16227766e+05 -7.18925818e+01 
 3.41454887e+05  1.37200176e+01  3.41454887e+05 -6.70406956e+01 
 3.68694506e+05  1.18031573e+01  3.68694506e+05 -6.24573967e+01 
 3.98107171e+05  1.01407819e+01  3.98107171e+05 -5.81398775e+01 
 4.29866235e+05  8.70130307e+00  4.29866235e+05 -5.40824709e+01 
 4.64158883e+05  7.45647959e+00  4.64158883e+05 -5.02773617e+01 
 5.01187234e+05  6.38121823e+00  5.01187234e+05 -4.67151817e+01 
 5.41169527e+05  5.45333863e+00  5.41169527e+05 -4.33854970e+01 
 5.84341413e+05  4.65332163e+00  5.84341413e+05 -4.02772025e+01 
 6.30957344e+05  3.96405427e+00  6.30957344e+05 -3.73788367e+01 
 6.81292069e+05  3.37058097e+00  6.81292069e+05 -3.46788271e+01 
 7.35642254e+05  2.85986699e+00  7.35642254e+05 -3.21656801e+01 
 7.94328235e+05  2.42057808e+00  7.94328235e+05 -2.98281244e+01 
 8.57695899e+05  2.04287806e+00  8.57695899e+05 -2.76552153e+01 
 9.26118728e+05  1.71824528e+00  9.26118728e+05 -2.56364105e+01 
 1.00000000e+06  1.43930758e+00  1.00000000e+06 -2.37616193e+01 
 1.07977516e+06  1.19969513e+00  1.07977516e+06 -2.20212348e+01 
 1.16591440e+06  9.93910014e-01  1.16591440e+06 -2.04061501e+01 
 1.25892541e+06  8.17211134e-01  1.25892541e+06 -1.89077631e+01 
 1.35935639e+06  6.65513268e-01  1.35935639e+06 -1.75179729e+01 
 1.46779927e+06  5.35298680e-01  1.46779927e+06 -1.62291702e+01 
 1.58489319e+06  4.23540049e-01  1.58489319e+06 -1.50342218e+01 
 1.71132830e+06  3.27633407e-01  1.71132830e+06 -1.39264536e+01 
 1.84784980e+06  2.45339917e-01  1.84784980e+06 -1.28996295e+01 
 1.99526231e+06  1.74735418e-01  1.99526231e+06 -1.19479310e+01 
 2.15443469e+06  1.14166765e-01  2.15443469e+06 -1.10659344e+01 
 2.32630507e+06  6.22141059e-02  2.32630507e+06 -1.02485887e+01 
 2.51188643e+06  1.76583214e-02  2.51188643e+06 -9.49119407e+00 
 2.71227258e+06 -2.05470522e-02  2.71227258e+06 -8.78937980e+00 
 2.92864456e+06 -5.33000078e-02  2.92864456e+06 -8.13908380e+00 
 3.16227766e+06 -8.13708864e-02  3.16227766e+06 -7.53653242e+00 
 3.41454887e+06 -1.05420285e-01  3.41454887e+06 -6.97822145e+00 
 3.68694506e+06 -1.26014446e-01  3.68694506e+06 -6.46089787e+00 
 3.98107171e+06 -1.43638482e-01  3.98107171e+06 -5.98154275e+00 
 4.29866235e+06 -1.58707717e-01  4.29866235e+06 -5.53735501e+00 
 4.64158883e+06 -1.71577423e-01  4.64158883e+06 -5.12573621e+00 
 5.01187234e+06 -1.82551157e-01  5.01187234e+06 -4.74427625e+00 
 5.41169527e+06 -1.91887896e-01  5.41169527e+06 -4.39074003e+00 
 5.84341413e+06 -1.99808145e-01  5.84341413e+06 -4.06305499e+00 
 6.30957344e+06 -2.06499145e-01  6.30957344e+06 -3.75929942e+00 
 6.81292069e+06 -2.12119315e-01  6.81292069e+06 -3.47769169e+00 
 7.35642254e+06 -2.16802031e-01  7.35642254e+06 -3.21658020e+00 
 7.94328235e+06 -2.20658836e-01  7.94328235e+06 -2.97443402e+00 
 8.57695899e+06 -2.23782159e-01  8.57695899e+06 -2.74983428e+00 
 9.26118728e+06 -2.26247619e-01  9.26118728e+06 -2.54146624e+00 
 1.00000000e+07 -2.28115967e-01  1.00000000e+07 -2.34811190e+00 
 1.07977516e+07 -2.29434733e-01  1.07977516e+07 -2.16864333e+00 
 1.16591440e+07 -2.30239638e-01  1.16591440e+07 -2.00201650e+00 
 1.25892541e+07 -2.30555798e-01  1.25892541e+07 -1.84726567e+00 
 1.35935639e+07 -2.30398803e-01  1.35935639e+07 -1.70349830e+00 
 1.46779927e+07 -2.29775700e-01  1.46779927e+07 -1.56989054e+00 
 1.58489319e+07 -2.28685948e-01  1.58489319e+07 -1.44568307e+00 
 1.71132830e+07 -2.27122394e-01  1.71132830e+07 -1.33017748e+00 
 1.84784980e+07 -2.25072341e-01  1.84784980e+07 -1.22273296e+00 
 1.99526231e+07 -2.22518754e-01  1.99526231e+07 -1.12276344e+00 
 2.15443469e+07 -2.19441679e-01  2.15443469e+07 -1.02973485e+00 
 2.32630507e+07 -2.15819906e-01  2.32630507e+07 -9.43162677e-01 
 2.51188643e+07 -2.11632919e-01  2.51188643e+07 -8.62609524e-01 
 2.71227258e+07 -2.06863125e-01  2.71227258e+07 -7.87682563e-01 
 2.92864456e+07 -2.01498341e-01  2.92864456e+07 -7.18030799e-01 
 3.16227766e+07 -1.95534420e-01  3.16227766e+07 -6.53341921e-01 
 3.41454887e+07 -1.88977894e-01  3.41454887e+07 -5.93338646e-01 
 3.68694506e+07 -1.81848401e-01  3.68694506e+07 -5.37774446e-01 
 3.98107171e+07 -1.74180647e-01  3.98107171e+07 -4.86428655e-01 
 4.29866235e+07 -1.66025615e-01  4.29866235e+07 -4.39101031e-01 
 4.64158883e+07 -1.57450759e-01  4.64158883e+07 -3.95605982e-01 
 5.01187234e+07 -1.48538997e-01  5.01187234e+07 -3.55766747e-01 
 5.41169527e+07 -1.39386417e-01  5.41169527e+07 -3.19409962e-01 
 5.84341413e+07 -1.30098795e-01  5.84341413e+07 -2.86360990e-01 
 6.30957344e+07 -1.20787170e-01  6.30957344e+07 -2.56440450e-01 
 6.81292069e+07 -1.11562872e-01  6.81292069e+07 -2.29462176e-01 
 7.35642254e+07 -1.02532493e-01  7.35642254e+07 -2.05232749e-01 
 7.94328235e+07 -9.37932796e-02  7.94328235e+07 -1.83552502e-01 
 8.57695899e+07 -8.54293863e-02  8.57695899e+07 -1.64217745e-01 
 9.26118728e+07 -7.75092572e-02  9.26118728e+07 -1.47023845e-01 
 1.00000000e+08 -7.00842728e-02  1.00000000e+08 -1.31768703e-01 
 1.07977516e+08 -6.31886130e-02  1.07977516e+08 -1.18256220e-01 
 1.16591440e+08 -5.68401665e-02  1.16591440e+08 -1.06299410e-01 
 1.25892541e+08 -5.10422324e-02  1.25892541e+08 -9.57229079e-02 
 1.35935639e+08 -4.57857286e-02  1.35935639e+08 -8.63647567e-02 
 1.46779927e+08 -4.10516366e-02  1.46779927e+08 -7.80774530e-02 
 1.58489319e+08 -3.68134537e-02  1.58489319e+08 -7.07283120e-02 
 1.71132830e+08 -3.30394829e-02  1.71132830e+08 -6.41992589e-02 
 1.84784980e+08 -2.96948513e-02  1.84784980e+08 -5.83861810e-02 
 1.99526231e+08 -2.67432012e-02  1.99526231e+08 -5.31979744e-02 
 2.15443469e+08 -2.41480402e-02  2.15443469e+08 -4.85554052e-02 
 2.32630507e+08 -2.18737666e-02  2.32630507e+08 -4.43898858e-02 
 2.51188643e+08 -1.98864055e-02  2.51188643e+08 -4.06422443e-02 
 2.71227258e+08 -1.81540989e-02  2.71227258e+08 -3.72615399e-02 
 2.92864456e+08 -1.66473965e-02  2.92864456e+08 -3.42039609e-02 
 3.16227766e+08 -1.53393899e-02  3.16227766e+08 -3.14318257e-02 
 3.41454887e+08 -1.42057310e-02  3.41454887e+08 -2.89126932e-02 
 3.68694506e+08 -1.32245664e-02  3.68694506e+08 -2.66185846e-02 
 3.98107171e+08 -1.23764145e-02  3.98107171e+08 -2.45253103e-02 
 4.29866235e+08 -1.16440083e-02  4.29866235e+08 -2.26118928e-02 
 4.64158883e+08 -1.10121175e-02  4.64158883e+08 -2.08600767e-02 
 5.01187234e+08 -1.04673642e-02  5.01187234e+08 -1.92539149e-02 
 5.41169527e+08 -9.99803866e-03  5.41169527e+08 -1.77794199e-02 
 5.84341413e+08 -9.59392206e-03  5.84341413e+08 -1.64242717e-02 
 6.30957344e+08 -9.24611938e-03  6.30957344e+08 -1.51775732e-02 
 6.81292069e+08 -8.94690469e-03  6.81292069e+08 -1.40296458e-02 
 7.35642254e+08 -8.68957984e-03  7.35642254e+08 -1.29718584e-02 
 7.94328235e+08 -8.46834666e-03  7.94328235e+08 -1.19964844e-02 
 8.57695899e+08 -8.27819254e-03  8.57695899e+08 -1.10965816e-02 
 9.26118728e+08 -8.11478872e-03  9.26118728e+08 -1.02658916e-02 
 1.00000000e+09 -7.97440031e-03  1.00000000e+09 -9.49875519e-03 
 1.07977516e+09 -7.85380720e-03  1.07977516e+09 -8.79004049e-03 
 1.16591440e+09 -7.75023484e-03  1.16591440e+09 -8.13508199e-03 
 1.25892541e+09 -7.66129378e-03  1.25892541e+09 -7.52962867e-03 
 1.35935639e+09 -7.58492715e-03  1.35935639e+09 -6.96979935e-03 
 1.46779927e+09 -7.51936499e-03  1.46779927e+09 -6.45204425e-03 
 1.58489319e+09 -7.46308476e-03  1.58489319e+09 -5.97311160e-03 
 1.71132830e+09 -7.41477711e-03  1.71132830e+09 -5.53001847e-03 
 1.84784980e+09 -7.37331631e-03  1.84784980e+09 -5.12002524e-03 
 1.99526231e+09 -7.33773477e-03  1.99526231e+09 -4.74061306e-03 
 2.15443469e+09 -7.30720097e-03  2.15443469e+09 -4.38946389e-03 
 2.32630507e+09 -7.28100050e-03  2.32630507e+09 -4.06444275e-03 
 2.51188643e+09 -7.25851965e-03  2.51188643e+09 -3.76358181e-03 
 2.71227258e+09 -7.23923132e-03  2.71227258e+09 -3.48506617e-03 
 2.92864456e+09 -7.22268287e-03  2.92864456e+09 -3.22722108e-03 
 3.16227766e+09 -7.20848568e-03  3.16227766e+09 -2.98850034e-03 
 3.41454887e+09 -7.19630607e-03  3.41454887e+09 -2.76747584e-03 
 3.68694506e+09 -7.18585765e-03  3.68694506e+09 -2.56282807e-03 
 3.98107171e+09 -7.17689458e-03  3.98107171e+09 -2.37333746e-03 
 4.29866235e+09 -7.16920587e-03  4.29866235e+09 -2.19787651e-03 
 4.64158883e+09 -7.16261048e-03  4.64158883e+09 -2.03540257e-03 
 5.01187234e+09 -7.15695303e-03  5.01187234e+09 -1.88495130e-03 
 5.41169527e+09 -7.15210020e-03  5.41169527e+09 -1.74563056e-03 
 5.84341413e+09 -7.14793762e-03  5.84341413e+09 -1.61661496e-03 
 6.30957344e+09 -7.14436715e-03  6.30957344e+09 -1.49714068e-03 
 6.81292069e+09 -7.14130458e-03  6.81292069e+09 -1.38650085e-03 
 7.35642254e+09 -7.13867770e-03  7.35642254e+09 -1.28404122e-03 
 7.94328235e+09 -7.13642454e-03  7.94328235e+09 -1.18915621e-03 
 8.57695899e+09 -7.13449194e-03  8.57695899e+09 -1.10128520e-03 
 9.26118728e+09 -7.13283430e-03  9.26118728e+09 -1.01990922e-03 
 1.00000000e+10 -7.13141251e-03  1.00000000e+10 -9.44547798e-04 
