 1.00000000e+00  3.32589664e+02  1.00000000e+00 -4.36670008e-03 
 1.07977516e+00  3.32589664e+02  1.07977516e+00 -4.71505429e-03 
 1.16591440e+00  3.32589664e+02  1.16591440e+00 -5.09119851e-03 
 1.25892541e+00  3.32589664e+02  1.25892541e+00 -5.49734969e-03 
 1.35935639e+00  3.32589664e+02  1.35935639e+00 -5.93590166e-03 
 1.46779927e+00  3.32589664e+02  1.46779927e+00 -6.40943918e-03 
 1.58489319e+00  3.32589664e+02  1.58489319e+00 -6.92075323e-03 
 1.71132830e+00  3.32589664e+02  1.71132830e+00 -7.47285744e-03 
 1.84784980e+00  3.32589664e+02  1.84784980e+00 -8.06900585e-03 
 1.99526231e+00  3.32589664e+02  1.99526231e+00 -8.71271210e-03 
 2.15443469e+00  3.32589664e+02  2.15443469e+00 -9.40777012e-03 
 2.32630507e+00  3.32589664e+02  2.32630507e+00 -1.01582765e-02 
 2.51188643e+00  3.32589664e+02  2.51188643e+00 -1.09686547e-02 
 2.71227258e+00  3.32589664e+02  2.71227258e+00 -1.18436809e-02 
 2.92864456e+00  3.32589664e+02  2.92864456e+00 -1.27885124e-02 
 3.16227766e+00  3.32589664e+02  3.16227766e+00 -1.38087181e-02 
 3.41454887e+00  3.32589664e+02  3.41454887e+00 -1.49103108e-02 
 3.68694506e+00  3.32589664e+02  3.68694506e+00 -1.60997833e-02 
 3.98107171e+00  3.32589663e+02  3.98107171e+00 -1.73841461e-02 
 4.29866235e+00  3.32589663e+02  4.29866235e+00 -1.87709692e-02 
 4.64158883e+00  3.32589663e+02  4.64158883e+00 -2.02684263e-02 
 5.01187234e+00  3.32589663e+02  5.01187234e+00 -2.18853432e-02 
 5.41169527e+00  3.32589663e+02  5.41169527e+00 -2.36312500e-02 
 5.84341413e+00  3.32589662e+02  5.84341413e+00 -2.55164368e-02 
 6.30957344e+00  3.32589662e+02  6.30957344e+00 -2.75520147e-02 
 6.81292069e+00  3.32589662e+02  6.81292069e+00 -2.97499811e-02 
 7.35642254e+00  3.32589661e+02  7.35642254e+00 -3.21232906e-02 
 7.94328235e+00  3.32589661e+02  7.94328235e+00 -3.46859313e-02 
 8.57695899e+00  3.32589660e+02  8.57695899e+00 -3.74530070e-02 
 9.26118728e+00  3.32589659e+02  9.26118728e+00 -4.04408266e-02 
 1.00000000e+01  3.32589659e+02  1.00000000e+01 -4.36670000e-02 
 1.07977516e+01  3.32589658e+02  1.07977516e+01 -4.71505419e-02 
 1.16591440e+01  3.32589657e+02  1.16591440e+01 -5.09119839e-02 
 1.25892541e+01  3.32589655e+02  1.25892541e+01 -5.49734955e-02 
 1.35935639e+01  3.32589654e+02  1.35935639e+01 -5.93590147e-02 
 1.46779927e+01  3.32589652e+02  1.46779927e+01 -6.40943894e-02 
 1.58489319e+01  3.32589650e+02  1.58489319e+01 -6.92075293e-02 
 1.71132830e+01  3.32589648e+02  1.71132830e+01 -7.47285706e-02 
 1.84784980e+01  3.32589645e+02  1.84784980e+01 -8.06900538e-02 
 1.99526231e+01  3.32589642e+02  1.99526231e+01 -8.71271151e-02 
 2.15443469e+01  3.32589638e+02  2.15443469e+01 -9.40776938e-02 
 2.32630507e+01  3.32589633e+02  2.32630507e+01 -1.01582756e-01 
 2.51188643e+01  3.32589628e+02  2.51188643e+01 -1.09686535e-01 
 2.71227258e+01  3.32589622e+02  2.71227258e+01 -1.18436794e-01 
 2.92864456e+01  3.32589615e+02  2.92864456e+01 -1.27885106e-01 
 3.16227766e+01  3.32589607e+02  3.16227766e+01 -1.38087157e-01 
 3.41454887e+01  3.32589598e+02  3.41454887e+01 -1.49103078e-01 
 3.68694506e+01  3.32589586e+02  3.68694506e+01 -1.60997795e-01 
 3.98107171e+01  3.32589574e+02  3.98107171e+01 -1.73841414e-01 
 4.29866235e+01  3.32589559e+02  4.29866235e+01 -1.87709632e-01 
 4.64158883e+01  3.32589541e+02  4.64158883e+01 -2.02684188e-01 
 5.01187234e+01  3.32589520e+02  5.01187234e+01 -2.18853339e-01 
 5.41169527e+01  3.32589497e+02  5.41169527e+01 -2.36312382e-01 
 5.84341413e+01  3.32589469e+02  5.84341413e+01 -2.55164220e-01 
 6.30957344e+01  3.32589436e+02  6.30957344e+01 -2.75519960e-01 
 6.81292069e+01  3.32589398e+02  6.81292069e+01 -2.97499576e-01 
 7.35642254e+01  3.32589354e+02  7.35642254e+01 -3.21232610e-01 
 7.94328235e+01  3.32589303e+02  7.94328235e+01 -3.46858940e-01 
 8.57695899e+01  3.32589243e+02  8.57695899e+01 -3.74529601e-01 
 9.26118728e+01  3.32589173e+02  9.26118728e+01 -4.04407675e-01 
 1.00000000e+02  3.32589092e+02  1.00000000e+02 -4.36669256e-01 
 1.07977516e+02  3.32588996e+02  1.07977516e+02 -4.71504483e-01 
 1.16591440e+02  3.32588886e+02  1.16591440e+02 -5.09118660e-01 
 1.25892541e+02  3.32588756e+02  1.25892541e+02 -5.49733470e-01 
 1.35935639e+02  3.32588606e+02  1.35935639e+02 -5.93588278e-01 
 1.46779927e+02  3.32588430e+02  1.46779927e+02 -6.40941542e-01 
 1.58489319e+02  3.32588225e+02  1.58489319e+02 -6.92072331e-01 
 1.71132830e+02  3.32587987e+02  1.71132830e+02 -7.47281978e-01 
 1.84784980e+02  3.32587708e+02  1.84784980e+02 -8.06895844e-01 
 1.99526231e+02  3.32587384e+02  1.99526231e+02 -8.71265242e-01 
 2.15443469e+02  3.32587006e+02  2.15443469e+02 -9.40769499e-01 
 2.32630507e+02  3.32586564e+02  2.32630507e+02 -1.01581819e+00 
 2.51188643e+02  3.32586050e+02  2.51188643e+02 -1.09685356e+00 
 2.71227258e+02  3.32585450e+02  2.71227258e+02 -1.18435310e+00 
 2.92864456e+02  3.32584751e+02  2.92864456e+02 -1.27883237e+00 
 3.16227766e+02  3.32583936e+02  3.16227766e+02 -1.38084805e+00 
 3.41454887e+02  3.32582986e+02  3.41454887e+02 -1.49100117e+00 
 3.68694506e+02  3.32581878e+02  3.68694506e+02 -1.60994067e+00 
 3.98107171e+02  3.32580586e+02  3.98107171e+02 -1.73836720e+00 
 4.29866235e+02  3.32579080e+02  4.29866235e+02 -1.87703723e+00 
 4.64158883e+02  3.32577324e+02  4.64158883e+02 -2.02676749e+00 
 5.01187234e+02  3.32575276e+02  5.01187234e+02 -2.18843974e+00 
 5.41169527e+02  3.32572889e+02  5.41169527e+02 -2.36300593e+00 
 5.84341413e+02  3.32570106e+02  5.84341413e+02 -2.55149377e+00 
 6.30957344e+02  3.32566861e+02  6.30957344e+02 -2.75501275e+00 
 6.81292069e+02  3.32563078e+02  6.81292069e+02 -2.97476053e+00 
 7.35642254e+02  3.32558668e+02  7.35642254e+02 -3.21202997e+00 
 7.94328235e+02  3.32553525e+02  7.94328235e+02 -3.46821660e+00 
 8.57695899e+02  3.32547530e+02  8.57695899e+02 -3.74482668e+00 
 9.26118728e+02  3.32540541e+02  9.26118728e+02 -4.04348593e+00 
 1.00000000e+03  3.32532392e+02  1.00000000e+03 -4.36594877e+00 
 1.07977516e+03  3.32522891e+02  1.07977516e+03 -4.71410848e+00 
 1.16591440e+03  3.32511815e+02  1.16591440e+03 -5.09000784e+00 
 1.25892541e+03  3.32498902e+02  1.25892541e+03 -5.49585079e+00 
 1.35935639e+03  3.32483848e+02  1.35935639e+03 -5.93401474e+00 
 1.46779927e+03  3.32466298e+02  1.46779927e+03 -6.40706381e+00 
 1.58489319e+03  3.32445839e+02  1.58489319e+03 -6.91776300e+00 
 1.71132830e+03  3.32421988e+02  1.71132830e+03 -7.46909324e+00 
 1.84784980e+03  3.32394185e+02  1.84784980e+03 -8.06426740e+00 
 1.99526231e+03  3.32361774e+02  1.99526231e+03 -8.70674733e+00 
 2.15443469e+03  3.32323994e+02  2.15443469e+03 -9.40026177e+00 
 2.32630507e+03  3.32279957e+02  2.32630507e+03 -1.01488253e+01 
 2.51188643e+03  3.32228628e+02  2.51188643e+03 -1.09567581e+01 
 2.71227258e+03  3.32168802e+02  2.71227258e+03 -1.18287067e+01 
 2.92864456e+03  3.32099078e+02  2.92864456e+03 -1.27696651e+01 
 3.16227766e+03  3.32017822e+02  3.16227766e+03 -1.37849964e+01 
 3.41454887e+03  3.31923135e+02  3.41454887e+03 -1.48804555e+01 
 3.68694506e+03  3.31812807e+02  3.68694506e+03 -1.60622102e+01 
 3.98107171e+03  3.31684265e+02  3.98107171e+03 -1.73368627e+01 
 4.29866235e+03  3.31534523e+02  4.29866235e+03 -1.87114698e+01 
 4.64158883e+03  3.31360106e+02  4.64158883e+03 -2.01935603e+01 
 5.01187234e+03  3.31156983e+02  5.01187234e+03 -2.17911503e+01 
 5.41169527e+03  3.30920472e+02  5.41169527e+03 -2.35127528e+01 
 5.84341413e+03  3.30645147e+02  5.84341413e+03 -2.53673817e+01 
 6.30957344e+03  3.30324719e+02  6.30957344e+03 -2.73645471e+01 
 6.81292069e+03  3.29951910e+02  6.81292069e+03 -2.95142395e+01 
 7.35642254e+03  3.29518306e+02  7.35642254e+03 -3.18268992e+01 
 7.94328235e+03  3.29014197e+02  7.94328235e+03 -3.43133669e+01 
 8.57695899e+03  3.28428391e+02  8.57695899e+03 -3.69848106e+01 
 9.26118728e+03  3.27748018e+02  9.26118728e+03 -3.98526223e+01 
 1.00000000e+04  3.26958309e+02  1.00000000e+04 -4.29282773e+01 
 1.07977516e+04  3.26042363e+02  1.07977516e+04 -4.62231482e+01 
 1.16591440e+04  3.24980901e+02  1.16591440e+04 -4.97482619e+01 
 1.25892541e+04  3.23752014e+02  1.25892541e+04 -5.35139913e+01 
 1.35935639e+04  3.22330909e+02  1.35935639e+04 -5.75296660e+01 
 1.46779927e+04  3.20689681e+02  1.46779927e+04 -6.18030917e+01 
 1.58489319e+04  3.18797110e+02  1.58489319e+04 -6.63399646e+01 
 1.71132830e+04  3.16618520e+02  1.71132830e+04 -7.11431686e+01 
 1.84784980e+04  3.14115738e+02  1.84784980e+04 -7.62119477e+01 
 1.99526231e+04  3.11247166e+02  1.99526231e+04 -8.15409501e+01 
 2.15443469e+04  3.07968053e+02  2.15443469e+04 -8.71191512e+01 
 2.32630507e+04  3.04230991e+02  2.32630507e+04 -9.29286727e+01 
 2.51188643e+04  2.99986710e+02  2.51188643e+04 -9.89435385e+01 
 2.71227258e+04  2.95185236e+02  2.71227258e+04 -1.05128425e+02 
 2.92864456e+04  2.89777463e+02  2.92864456e+04 -1.11437500e+02 
 3.16227766e+04  2.83717174e+02  3.16227766e+04 -1.17813462e+02 
 3.41454887e+04  2.76963534e+02  3.41454887e+04 -1.24186947e+02 
 3.68694506e+04  2.69483989e+02  3.68694506e+04 -1.30476462e+02 
 3.98107171e+04  2.61257488e+02  3.98107171e+04 -1.36589046e+02 
 4.29866235e+04  2.52277834e+02  4.29866235e+04 -1.42421831e+02 
 4.64158883e+04  2.42556900e+02  4.64158883e+04 -1.47864619e+02 
 5.01187234e+04  2.32127364e+02  5.01187234e+04 -1.52803547e+02 
 5.41169527e+04  2.21044601e+02  5.41169527e+04 -1.57125728e+02 
 5.84341413e+04  2.09387320e+02  5.84341413e+04 -1.60724671e+02 
 6.30957344e+04  1.97256675e+02  6.30957344e+04 -1.63506065e+02 
 6.81292069e+04  1.84773653e+02  6.81292069e+04 -1.65393440e+02 
 7.35642254e+04  1.72074795e+02  7.35642254e+04 -1.66333096e+02 
 7.94328235e+04  1.59306500e+02  7.94328235e+04 -1.66297744e+02 
 8.57695899e+04  1.46618393e+02  8.57695899e+04 -1.65288418e+02 
 9.26118728e+04  1.34156377e+02  9.26118728e+04 -1.63334396e+02 
 1.00000000e+05  1.22056047e+02  1.00000000e+05 -1.60491161e+02 
 1.07977516e+05  1.10437083e+02  1.07977516e+05 -1.56836649e+02 
 1.16591440e+05  9.93990851e+01  1.16591440e+05 -1.52466239e+02 
 1.25892541e+05  8.90190919e+01  1.25892541e+05 -1.47487079e+02 
 1.35935639e+05  7.93507999e+01  1.35935639e+05 -1.42012297e+02 
 1.46779927e+05  7.04253131e+01  1.46779927e+05 -1.36155638e+02 
 1.58489319e+05  6.22531002e+01  1.58489319e+05 -1.30026879e+02 
 1.71132830e+05  5.48267816e+01  1.71132830e+05 -1.23728248e+02 
 1.84784980e+05  4.81243651e+01  1.84784980e+05 -1.17351918e+02 
 1.99526231e+05  4.21125948e+01  1.99526231e+05 -1.10978519e+02 
 2.15443469e+05  3.67501531e+01  2.15443469e+05 -1.04676534e+02 
 2.32630507e+05  3.19905388e+01  2.32630507e+05 -9.85024127e+01 
 2.51188643e+05  2.77845202e+01  2.51188643e+05 -9.25011926e+01 
 2.71227258e+05  2.40821268e+01  2.71227258e+05 -8.67074818e+01 
 2.92864456e+05  2.08341893e+01  2.92864456e+05 -8.11466297e+01 
 3.16227766e+05  1.79934680e+01  3.16227766e+05 -7.58359780e+01 
 3.41454887e+05  1.55154254e+01  3.41454887e+05 -7.07861031e+01 
 3.68694506e+05  1.33587064e+01  3.68694506e+05 -6.60019896e+01 
 3.98107171e+05  1.14853867e+01  3.98107171e+05 -6.14840998e+01 
 4.29866235e+05  9.86104443e+00  4.29866235e+05 -5.72293198e+01 
 4.64158883e+05  8.45470405e+00  4.64158883e+05 -5.32317783e+01 
 5.01187234e+05  7.23869136e+00  5.01187234e+05 -4.94835400e+01 
 5.41169527e+05  6.18843105e+00  5.41169527e+05 -4.59751842e+01 
 5.84341413e+05  5.28221131e+00  5.84341413e+05 -4.26962778e+01 
 6.30957344e+05  4.50093326e+00  6.30957344e+05 -3.96357578e+01 
 6.81292069e+05  3.82785836e+00  6.81292069e+05 -3.67822356e+01 
 7.35642254e+05  3.24836266e+00  7.35642254e+05 -3.41242346e+01 
 7.94328235e+05  2.74970375e+00  7.94328235e+05 -3.16503733e+01 
 8.57695899e+05  2.32080402e+00  8.57695899e+05 -2.93495024e+01 
 9.26118728e+05  1.95205183e+00  9.26118728e+05 -2.72108060e+01 
 1.00000000e+06  1.63512141e+00  1.00000000e+06 -2.52238729e+01 
 1.07977516e+06  1.36281110e+00  1.07977516e+06 -2.33787442e+01 
 1.16591440e+06  1.12889913e+00  1.16591440e+06 -2.16659427e+01 
 1.25892541e+06  9.28015948e-01  1.25892541e+06 -2.00764880e+01 
 1.35935639e+06  7.55531611e-01  1.35935639e+06 -1.86019005e+01 
 1.46779927e+06  6.07457014e-01  1.46779927e+06 -1.72341967e+01 
 1.58489319e+06  4.80357469e-01  1.58489319e+06 -1.59658792e+01 
 1.71132830e+06  3.71277359e-01  1.71132830e+06 -1.47899211e+01 
 1.84784980e+06  2.77674595e-01  1.84784980e+06 -1.36997484e+01 
 1.99526231e+06  1.97363733e-01  1.99526231e+06 -1.26892199e+01 
 2.15443469e+06  1.28466678e-01  2.15443469e+06 -1.17526056e+01 
 2.32630507e+06  6.93700507e-02  2.32630507e+06 -1.08845649e+01 
 2.51188643e+06  1.86883447e-02  2.51188643e+06 -1.00801247e+01 
 2.71227258e+06 -2.47678587e-02  2.71227258e+06 -9.33465757e+00 
 2.92864456e+06 -6.20192947e-02  2.92864456e+06 -8.64386026e+00 
 3.16227766e+06 -9.39416152e-02  3.16227766e+06 -8.00373348e+00 
 3.41454887e+06 -1.21285697e-01  3.41454887e+06 -7.41056189e+00 
 3.68694506e+06 -1.44695105e-01  3.68694506e+06 -6.86089536e+00 
 3.98107171e+06 -1.64721092e-01  3.98107171e+06 -6.35153102e+00 
 4.29866235e+06 -1.81835474e-01  4.29866235e+06 -5.87949637e+00 
 4.64158883e+06 -1.96441681e-01  4.64158883e+06 -5.44203328e+00 
 5.01187234e+06 -2.08884216e-01  5.01187234e+06 -5.03658306e+00 
 5.41169527e+06 -2.19456753e-01  5.41169527e+06 -4.66077238e+00 
 5.84341413e+06 -2.28409064e-01  5.84341413e+06 -4.31240018e+00 
 6.30957344e+06 -2.35952925e-01  6.30957344e+06 -3.98942537e+00 
 6.81292069e+06 -2.42267155e-01  6.81292069e+06 -3.68995550e+00 
 7.35642254e+06 -2.47501899e-01  7.35642254e+06 -3.41223612e+00 
 7.94328235e+06 -2.51782261e-01  7.94328235e+06 -3.15464100e+00 
 8.57695899e+06 -2.55211396e-01  8.57695899e+06 -2.91566305e+00 
 9.26118728e+06 -2.57873120e-01  9.26118728e+06 -2.69390598e+00 
 1.00000000e+07 -2.59834129e-01  1.00000000e+07 -2.48807659e+00 
 1.07977516e+07 -2.61145895e-01  1.07977516e+07 -2.29697777e+00 
 1.16591440e+07 -2.61846295e-01  1.16591440e+07 -2.11950211e+00 
 1.25892541e+07 -2.61961049e-01  1.25892541e+07 -1.95462604e+00 
 1.35935639e+07 -2.61505024e-01  1.35935639e+07 -1.80140465e+00 
 1.46779927e+07 -2.60483480e-01  1.46779927e+07 -1.65896700e+00 
 1.58489319e+07 -2.58893313e-01  1.58489319e+07 -1.52651184e+00 
 1.71132830e+07 -2.56724379e-01  1.71132830e+07 -1.40330398e+00 
 1.84784980e+07 -2.53960967e-01  1.84784980e+07 -1.28867083e+00 
 1.99526231e+07 -2.50583488e-01  1.99526231e+07 -1.18199941e+00 
 2.15443469e+07 -2.46570435e-01  2.15443469e+07 -1.08273347e+00 
 2.32630507e+07 -2.41900659e-01  2.32630507e+07 -9.90370664e-01 
 2.51188643e+07 -2.36555954e-01  2.51188643e+07 -9.04459736e-01 
 2.71227258e+07 -2.30523923e-01  2.71227258e+07 -8.24597318e-01 
 2.92864456e+07 -2.23801015e-01  2.92864456e+07 -7.50424379e-01 
 3.16227766e+07 -2.16395559e-01  3.16227766e+07 -6.81622053e-01 
 3.41454887e+07 -2.08330576e-01  3.41454887e+07 -6.17906785e-01 
 3.68694506e+07 -1.99646049e-01  3.68694506e+07 -5.59024761e-01 
 3.98107171e+07 -1.90400347e-01  3.98107171e+07 -5.04745718e-01 
 4.29866235e+07 -1.80670496e-01  4.29866235e+07 -4.54856365e-01 
 4.64158883e+07 -1.70551081e-01  4.64158883e+07 -4.09153747e-01 
 5.01187234e+07 -1.60151686e-01  5.01187234e+07 -3.67439026e-01 
 5.41169527e+07 -1.49592967e-01  5.41169527e+07 -3.29512135e-01 
 5.84341413e+07 -1.39001646e-01  5.84341413e+07 -2.95167774e-01 
 6.30957344e+07 -1.28504865e-01  6.30957344e+07 -2.64193044e-01 
 6.81292069e+07 -1.18224464e-01  6.81292069e+07 -2.36366857e-01 
 7.35642254e+07 -1.08271721e-01  7.35642254e+07 -2.11461041e-01 
 7.94328235e+07 -9.87430630e-02  7.94328235e+07 -1.89242840e-01 
 8.57695899e+07 -8.97170539e-02  8.57695899e+07 -1.69478393e-01 
 9.26118728e+07 -8.12528245e-02  9.26118728e+07 -1.51936689e-01 
 1.00000000e+08 -7.33898864e-02  1.00000000e+08 -1.36393512e-01 
 1.07977516e+08 -6.61491452e-02  1.07977516e+08 -1.22634997e-01 
 1.16591440e+08 -5.95348221e-02  1.16591440e+08 -1.10460499e-01 
 1.25892541e+08 -5.35369616e-02  1.25892541e+08 -9.96846456e-02 
 1.35935639e+08 -4.81342127e-02  1.35935639e+08 -9.01385474e-02 
 1.46779927e+08 -4.32966264e-02  1.46779927e+08 -8.16702247e-02 
 1.58489319e+08 -3.89882700e-02  1.58489319e+08 -7.41443828e-02 
 1.71132830e+08 -3.51695363e-02  1.71132830e+08 -6.74416821e-02 
 1.84784980e+08 -3.17990788e-02  1.84784980e+08 -6.14576567e-02 
 1.99526231e+08 -2.88353600e-02  1.99526231e+08 -5.61014188e-02 
 2.15443469e+08 -2.62378281e-02  2.15443469e+08 -5.12942651e-02 
 2.32630507e+08 -2.39677639e-02  2.32630507e+08 -4.69682720e-02 
 2.51188643e+08 -2.19888452e-02  2.51188643e+08 -4.30649438e-02 
 2.71227258e+08 -2.02674839e-02  2.71227258e+08 -3.95339532e-02 
 2.92864456e+08 -1.87729829e-02  2.92864456e+08 -3.63319987e-02 
 3.16227766e+08 -1.74775606e-02  3.16227766e+08 -3.34217873e-02 
 3.41454887e+08 -1.63562777e-02  3.41454887e+08 -3.07711439e-02 
 3.68694506e+08 -1.53868998e-02  3.68694506e+08 -2.83522395e-02 
 3.98107171e+08 -1.45497183e-02  3.98107171e+08 -2.61409316e-02 
 4.29866235e+08 -1.38273489e-02  4.29866235e+08 -2.41162015e-02 
 4.64158883e+08 -1.32045213e-02  4.64158883e+08 -2.22596805e-02 
 5.01187234e+08 -1.26678688e-02  5.01187234e+08 -2.05552496e-02 
 5.41169527e+08 -1.22057266e-02  5.41169527e+08 -1.89887055e-02 
 5.84341413e+08 -1.18079406e-02  5.84341413e+08 -1.75474792e-02 
 6.30957344e+08 -1.14656906e-02  6.30957344e+08 -1.62204026e-02 
 6.81292069e+08 -1.11713285e-02  6.81292069e+08 -1.49975118e-02 
 7.35642254e+08 -1.09182333e-02  7.35642254e+08 -1.38698840e-02 
 7.94328235e+08 -1.07006796e-02  7.94328235e+08 -1.28294994e-02 
 8.57695899e+08 -1.05137218e-02  8.57695899e+08 -1.18691268e-02 
 9.26118728e+08 -1.03530918e-02  9.26118728e+08 -1.09822253e-02 
 1.00000000e+09 -1.02151088e-02  1.00000000e+09 -1.01628631e-02 
 1.07977516e+09 -1.00966005e-02  1.07977516e+09 -9.40564681e-03 
 1.16591440e+09 -9.99483405e-03  1.16591440e+09 -8.70566199e-03 
 1.25892541e+09 -9.90745660e-03  1.25892541e+09 -8.05842171e-03 
 1.35935639e+09 -9.83244312e-03  1.35935639e+09 -7.45982216e-03 
 1.46779927e+09 -9.76805136e-03  1.46779927e+09 -6.90610408e-03 
 1.58489319e+09 -9.71278291e-03  1.58489319e+09 -6.39381912e-03 
 1.71132830e+09 -9.66534940e-03  1.71132830e+09 -5.91980024e-03 
 1.84784980e+09 -9.62464339e-03  1.84784980e+09 -5.48113567e-03 
 1.99526231e+09 -9.58971321e-03  1.99526231e+09 -5.07514579e-03 
 2.15443469e+09 -9.55974118e-03  2.15443469e+09 -4.69936260e-03 
 2.32630507e+09 -9.53402494e-03  2.32630507e+09 -4.35151133e-03 
 2.51188643e+09 -9.51196126e-03  2.51188643e+09 -4.02949399e-03 
 2.71227258e+09 -9.49303217e-03  2.71227258e+09 -3.73137457e-03 
 2.92864456e+09 -9.47679292e-03  2.92864456e+09 -3.45536563e-03 
 3.16227766e+09 -9.46286174e-03  3.16227766e+09 -3.19981626e-03 
 3.41454887e+09 -9.45091092e-03  3.41454887e+09 -2.96320102e-03 
 3.68694506e+09 -9.44065919e-03  3.68694506e+09 -2.74411003e-03 
 3.98107171e+09 -9.43186517e-03  3.98107171e+09 -2.54123981e-03 
 4.29866235e+09 -9.42432173e-03  4.29866235e+09 -2.35338497e-03 
 4.64158883e+09 -9.41785112e-03  4.64158883e+09 -2.17943060e-03 
 5.01187234e+09 -9.41230084e-03  5.01187234e+09 -2.01834530e-03 
 5.41169527e+09 -9.40754004e-03  5.41169527e+09 -1.86917479e-03 
 5.84341413e+09 -9.40345648e-03  5.84341413e+09 -1.73103599e-03 
 6.30957344e+09 -9.39995383e-03  6.30957344e+09 -1.60311164e-03 
 6.81292069e+09 -9.39694949e-03  6.81292069e+09 -1.48464533e-03 
 7.35642254e+09 -9.39437258e-03  7.35642254e+09 -1.37493689e-03 
 7.94328235e+09 -9.39216230e-03  7.94328235e+09 -1.27333815e-03 
 8.57695899e+09 -9.39026650e-03  8.57695899e+09 -1.17924908e-03 
 9.26118728e+09 -9.38864043e-03  9.26118728e+09 -1.09211415e-03 
 1.00000000e+10 -9.38724574e-03  1.00000000e+10 -1.01141902e-03 
