 1.00000000e+00  3.37225448e+02  1.00000000e+00 -3.55282006e-03 
 1.07977516e+00  3.37225448e+02  1.07977516e+00 -3.83624686e-03 
 1.16591440e+00  3.37225448e+02  1.16591440e+00 -4.14228408e-03 
 1.25892541e+00  3.37225448e+02  1.25892541e+00 -4.47273546e-03 
 1.35935639e+00  3.37225448e+02  1.35935639e+00 -4.82954866e-03 
 1.46779927e+00  3.37225448e+02  1.46779927e+00 -5.21482669e-03 
 1.58489319e+00  3.37225448e+02  1.58489319e+00 -5.63084033e-03 
 1.71132830e+00  3.37225448e+02  1.71132830e+00 -6.08004153e-03 
 1.84784980e+00  3.37225448e+02  1.84784980e+00 -6.56507783e-03 
 1.99526231e+00  3.37225448e+02  1.99526231e+00 -7.08880798e-03 
 2.15443469e+00  3.37225448e+02  2.15443469e+00 -7.65431879e-03 
 2.32630507e+00  3.37225448e+02  2.32630507e+00 -8.26494331e-03 
 2.51188643e+00  3.37225448e+02  2.51188643e+00 -8.92428050e-03 
 2.71227258e+00  3.37225448e+02  2.71227258e+00 -9.63621643e-03 
 2.92864456e+00  3.37225448e+02  2.92864456e+00 -1.04049472e-02 
 3.16227766e+00  3.37225447e+02  3.16227766e+00 -1.12350035e-02 
 3.41454887e+00  3.37225447e+02  3.41454887e+00 -1.21312777e-02 
 3.68694506e+00  3.37225447e+02  3.68694506e+00 -1.30990524e-02 
 3.98107171e+00  3.37225447e+02  3.98107171e+00 -1.41440314e-02 
 4.29866235e+00  3.37225447e+02  4.29866235e+00 -1.52723738e-02 
 4.64158883e+00  3.37225447e+02  4.64158883e+00 -1.64907299e-02 
 5.01187234e+00  3.37225447e+02  5.01187234e+00 -1.78062805e-02 
 5.41169527e+00  3.37225447e+02  5.41169527e+00 -1.92267795e-02 
 5.84341413e+00  3.37225447e+02  5.84341413e+00 -2.07605989e-02 
 6.30957344e+00  3.37225446e+02  6.30957344e+00 -2.24167790e-02 
 6.81292069e+00  3.37225446e+02  6.81292069e+00 -2.42050812e-02 
 7.35642254e+00  3.37225446e+02  7.35642254e+00 -2.61360455e-02 
 7.94328235e+00  3.37225445e+02  7.94328235e+00 -2.82210527e-02 
 8.57695899e+00  3.37225445e+02  8.57695899e+00 -3.04723917e-02 
 9.26118728e+00  3.37225445e+02  9.26118728e+00 -3.29033317e-02 
 1.00000000e+01  3.37225444e+02  1.00000000e+01 -3.55282002e-02 
 1.07977516e+01  3.37225443e+02  1.07977516e+01 -3.83624681e-02 
 1.16591440e+01  3.37225443e+02  1.16591440e+01 -4.14228401e-02 
 1.25892541e+01  3.37225442e+02  1.25892541e+01 -4.47273538e-02 
 1.35935639e+01  3.37225441e+02  1.35935639e+01 -4.82954856e-02 
 1.46779927e+01  3.37225440e+02  1.46779927e+01 -5.21482656e-02 
 1.58489319e+01  3.37225438e+02  1.58489319e+01 -5.63084017e-02 
 1.71132830e+01  3.37225437e+02  1.71132830e+01 -6.08004134e-02 
 1.84784980e+01  3.37225435e+02  1.84784980e+01 -6.56507759e-02 
 1.99526231e+01  3.37225433e+02  1.99526231e+01 -7.08880767e-02 
 2.15443469e+01  3.37225430e+02  2.15443469e+01 -7.65431840e-02 
 2.32630507e+01  3.37225428e+02  2.32630507e+01 -8.26494282e-02 
 2.51188643e+01  3.37225424e+02  2.51188643e+01 -8.92427989e-02 
 2.71227258e+01  3.37225420e+02  2.71227258e+01 -9.63621565e-02 
 2.92864456e+01  3.37225416e+02  2.92864456e+01 -1.04049462e-01 
 3.16227766e+01  3.37225410e+02  3.16227766e+01 -1.12350023e-01 
 3.41454887e+01  3.37225404e+02  3.41454887e+01 -1.21312762e-01 
 3.68694506e+01  3.37225397e+02  3.68694506e+01 -1.30990504e-01 
 3.98107171e+01  3.37225389e+02  3.98107171e+01 -1.41440289e-01 
 4.29866235e+01  3.37225379e+02  4.29866235e+01 -1.52723707e-01 
 4.64158883e+01  3.37225367e+02  4.64158883e+01 -1.64907260e-01 
 5.01187234e+01  3.37225354e+02  5.01187234e+01 -1.78062756e-01 
 5.41169527e+01  3.37225338e+02  5.41169527e+01 -1.92267733e-01 
 5.84341413e+01  3.37225320e+02  5.84341413e+01 -2.07605911e-01 
 6.30957344e+01  3.37225299e+02  6.30957344e+01 -2.24167692e-01 
 6.81292069e+01  3.37225274e+02  6.81292069e+01 -2.42050689e-01 
 7.35642254e+01  3.37225245e+02  7.35642254e+01 -2.61360299e-01 
 7.94328235e+01  3.37225212e+02  7.94328235e+01 -2.82210332e-01 
 8.57695899e+01  3.37225173e+02  8.57695899e+01 -3.04723671e-01 
 9.26118728e+01  3.37225127e+02  9.26118728e+01 -3.29033007e-01 
 1.00000000e+02  3.37225074e+02  1.00000000e+02 -3.55281613e-01 
 1.07977516e+02  3.37225012e+02  1.07977516e+02 -3.83624190e-01 
 1.16591440e+02  3.37224939e+02  1.16591440e+02 -4.14227784e-01 
 1.25892541e+02  3.37224855e+02  1.25892541e+02 -4.47272761e-01 
 1.35935639e+02  3.37224757e+02  1.35935639e+02 -4.82953877e-01 
 1.46779927e+02  3.37224642e+02  1.46779927e+02 -5.21481424e-01 
 1.58489319e+02  3.37224508e+02  1.58489319e+02 -5.63082466e-01 
 1.71132830e+02  3.37224353e+02  1.71132830e+02 -6.08002180e-01 
 1.84784980e+02  3.37224171e+02  1.84784980e+02 -6.56505299e-01 
 1.99526231e+02  3.37223959e+02  1.99526231e+02 -7.08877671e-01 
 2.15443469e+02  3.37223712e+02  2.15443469e+02 -7.65427942e-01 
 2.32630507e+02  3.37223424e+02  2.32630507e+02 -8.26489375e-01 
 2.51188643e+02  3.37223088e+02  2.51188643e+02 -8.92421812e-01 
 2.71227258e+02  3.37222697e+02  2.71227258e+02 -9.63613789e-01 
 2.92864456e+02  3.37222240e+02  2.92864456e+02 -1.04048483e+00 
 3.16227766e+02  3.37221708e+02  3.16227766e+02 -1.12348790e+00 
 3.41454887e+02  3.37221088e+02  3.41454887e+02 -1.21311210e+00 
 3.68694506e+02  3.37220364e+02  3.68694506e+02 -1.30988551e+00 
 3.98107171e+02  3.37219521e+02  3.98107171e+02 -1.41437830e+00 
 4.29866235e+02  3.37218537e+02  4.29866235e+02 -1.52720611e+00 
 4.64158883e+02  3.37217391e+02  4.64158883e+02 -1.64903363e+00 
 5.01187234e+02  3.37216054e+02  5.01187234e+02 -1.78057850e+00 
 5.41169527e+02  3.37214495e+02  5.41169527e+02 -1.92261556e+00 
 5.84341413e+02  3.37212678e+02  5.84341413e+02 -2.07598135e+00 
 6.30957344e+02  3.37210560e+02  6.30957344e+02 -2.24157903e+00 
 6.81292069e+02  3.37208090e+02  6.81292069e+02 -2.42038364e+00 
 7.35642254e+02  3.37205210e+02  7.35642254e+02 -2.61344784e+00 
 7.94328235e+02  3.37201852e+02  7.94328235e+02 -2.82190799e+00 
 8.57695899e+02  3.37197938e+02  8.57695899e+02 -3.04699082e+00 
 9.26118728e+02  3.37193374e+02  9.26118728e+02 -3.29002051e+00 
 1.00000000e+03  3.37188053e+02  1.00000000e+03 -3.55242642e+00 
 1.07977516e+03  3.37181849e+02  1.07977516e+03 -3.83575131e+00 
 1.16591440e+03  3.37174617e+02  1.16591440e+03 -4.14166022e+00 
 1.25892541e+03  3.37166185e+02  1.25892541e+03 -4.47195010e+00 
 1.35935639e+03  3.37156354e+02  1.35935639e+03 -4.82855997e+00 
 1.46779927e+03  3.37144893e+02  1.46779927e+03 -5.21358205e+00 
 1.58489319e+03  3.37131532e+02  1.58489319e+03 -5.62927349e+00 
 1.71132830e+03  3.37115955e+02  1.71132830e+03 -6.07806908e+00 
 1.84784980e+03  3.37097795e+02  1.84784980e+03 -6.56259480e+00 
 1.99526231e+03  3.37076625e+02  1.99526231e+03 -7.08568222e+00 
 2.15443469e+03  3.37051946e+02  2.15443469e+03 -7.65038398e+00 
 2.32630507e+03  3.37023177e+02  2.32630507e+03 -8.25999010e+00 
 2.51188643e+03  3.36989641e+02  2.51188643e+03 -8.91804541e+00 
 2.71227258e+03  3.36950549e+02  2.71227258e+03 -9.62836782e+00 
 2.92864456e+03  3.36904982e+02  2.92864456e+03 -1.03950677e+01 
 3.16227766e+03  3.36851871e+02  3.16227766e+03 -1.12225679e+01 
 3.41454887e+03  3.36789970e+02  3.41454887e+03 -1.21156251e+01 
 3.68694506e+03  3.36717826e+02  3.68694506e+03 -1.30793512e+01 
 3.98107171e+03  3.36633752e+02  3.98107171e+03 -1.41192352e+01 
 4.29866235e+03  3.36535782e+02  4.29866235e+03 -1.52411663e+01 
 4.64158883e+03  3.36421629e+02  4.64158883e+03 -1.64514553e+01 
 5.01187234e+03  3.36288634e+02  5.01187234e+03 -1.77568563e+01 
 5.41169527e+03  3.36133706e+02  5.41169527e+03 -1.91645867e+01 
 5.84341413e+03  3.35953253e+02  5.84341413e+03 -2.06823449e+01 
 6.30957344e+03  3.35743105e+02  6.30957344e+03 -2.23183246e+01 
 6.81292069e+03  3.35498421e+02  6.81292069e+03 -2.40812247e+01 
 7.35642254e+03  3.35213590e+02  7.35642254e+03 -2.59802517e+01 
 7.94328235e+03  3.34882112e+02  7.94328235e+03 -2.80251137e+01 
 8.57695899e+03  3.34496462e+02  8.57695899e+03 -3.02260030e+01 
 9.26118728e+03  3.34047947e+02  9.26118728e+03 -3.25935622e+01 
 1.00000000e+04  3.33526531e+02  1.00000000e+04 -3.51388317e+01 
 1.07977516e+04  3.32920655e+02  1.07977516e+04 -3.78731719e+01 
 1.16591440e+04  3.32217027e+02  1.16591440e+04 -4.08081535e+01 
 1.25892541e+04  3.31400399e+02  1.25892541e+04 -4.39554098e+01 
 1.35935639e+04  3.30453332e+02  1.35935639e+04 -4.73264405e+01 
 1.46779927e+04  3.29355938e+02  1.46779927e+04 -5.09323580e+01 
 1.58489319e+04  3.28085631e+02  1.58489319e+04 -5.47835636e+01 
 1.71132830e+04  3.26616868e+02  1.71132830e+04 -5.88893422e+01 
 1.84784980e+04  3.24920920e+02  1.84784980e+04 -6.32573615e+01 
 1.99526231e+04  3.22965675e+02  1.99526231e+04 -6.78930625e+01 
 2.15443469e+04  3.20715505e+02  2.15443469e+04 -7.27989313e+01 
 2.32630507e+04  3.18131237e+02  2.32630507e+04 -7.79736421e+01 
 2.51188643e+04  3.15170251e+02  2.51188643e+04 -8.34110719e+01 
 2.71227258e+04  3.11786782e+02  2.71227258e+04 -8.90991921e+01 
 2.92864456e+04  3.07932456e+02  2.92864456e+04 -9.50188611e+01 
 3.16227766e+04  3.03557148e+02  3.16227766e+04 -1.01142557e+02 
 3.41454887e+04  2.98610205e+02  3.41454887e+04 -1.07433118e+02 
 3.68694506e+04  2.93042095e+02  3.68694506e+04 -1.13842580e+02 
 3.98107171e+04  2.86806529e+02  3.98107171e+04 -1.20311251e+02 
 4.29866235e+04  2.79863038e+02  4.29866235e+04 -1.26767160e+02 
 4.64158883e+04  2.72179966e+02  4.64158883e+04 -1.33126083e+02 
 5.01187234e+04  2.63737773e+02  5.01187234e+04 -1.39292322e+02 
 5.41169527e+04  2.54532420e+02  5.41169527e+04 -1.45160416e+02 
 5.84341413e+04  2.44578598e+02  5.84341413e+04 -1.50617908e+02 
 6.30957344e+04  2.33912404e+02  6.30957344e+04 -1.55549188e+02 
 6.81292069e+04  2.22593110e+02  6.81292069e+04 -1.59840331e+02 
 7.35642254e+04  2.10703629e+02  7.35642254e+04 -1.63384658e+02 
 7.94328235e+04  1.98349375e+02  7.94328235e+04 -1.66088626e+02 
 8.57695899e+04  1.85655394e+02  8.57695899e+04 -1.67877495e+02 
 9.26118728e+04  1.72761811e+02  9.26118728e+04 -1.68700189e+02 
 1.00000000e+05  1.59817895e+02  1.00000000e+05 -1.68532775e+02 
 1.07977516e+05  1.46975258e+02  1.07977516e+05 -1.67380147e+02 
 1.16591440e+05  1.34380815e+02  1.16591440e+05 -1.65275671e+02 
 1.25892541e+05  1.22170209e+02  1.25892541e+05 -1.62278872e+02 
 1.35935639e+05  1.10462295e+02  1.35935639e+05 -1.58471426e+02 
 1.46779927e+05  9.93551343e+01  1.46779927e+05 -1.53951962e+02 
 1.58489319e+05  8.89237085e+01  1.58489319e+05 -1.48830253e+02 
 1.71132830e+05  7.92193522e+01  1.71132830e+05 -1.43221385e+02 
 1.84784980e+05  7.02706932e+01  1.84784980e+05 -1.37240398e+02 
 1.99526231e+05  6.20857712e+01  1.99526231e+05 -1.30997768e+02 
 2.15443469e+05  5.46549462e+01  2.15443469e+05 -1.24595917e+02 
 2.32630507e+05  4.79542119e+01  2.32630507e+05 -1.18126815e+02 
 2.51188643e+05  4.19485855e+01  2.51188643e+05 -1.11670599e+02 
 2.71227258e+05  3.65953187e+01  2.71227258e+05 -1.05295070e+02 
 2.92864456e+05  3.18467632e+01  2.92864456e+05 -9.90558822e+01 
 3.16227766e+05  2.76527972e+01  3.16227766e+05 -9.29972362e+01 
 3.41454887e+05  2.39627821e+01  3.41454887e+05 -8.71529065e+01 
 3.68694506e+05  2.07270665e+01  3.68694506e+05 -8.15474456e+01 
 3.98107171e+05  1.78980783e+01  3.98107171e+05 -7.61974562e+01 
 4.29866235e+05  1.54310657e+01  4.29866235e+05 -7.11128441e+01 
 4.64158883e+05  1.32845491e+01  4.64158883e+05 -6.62979959e+01 
 5.01187234e+05  1.14205459e+01  5.01187234e+05 -6.17528474e+01 
 5.41169527e+05  9.80462419e+00  5.41169527e+05 -5.74738260e+01 
 5.84341413e+05  8.40583087e+00  5.84341413e+05 -5.34546636e+01 
 6.30957344e+05  7.19653579e+00  6.30957344e+05 -4.96870837e+01 
 6.81292069e+05  6.15222066e+00  6.81292069e+05 -4.61613730e+01 
 7.35642254e+05  5.25123739e+00  7.35642254e+05 -4.28668482e+01 
 7.94328235e+05  4.47455313e+00  7.94328235e+05 -3.97922325e+01 
 8.57695899e+05  3.80549463e+00  8.57695899e+05 -3.69259545e+01 
 9.26118728e+05  3.22950052e+00  9.26118728e+05 -3.42563813e+01 
 1.00000000e+06  2.73388701e+00  1.00000000e+06 -3.17719970e+01 
 1.07977516e+06  2.30763048e+00  1.07977516e+06 -2.94615370e+01 
 1.16591440e+06  1.94116841e+00  1.16591440e+06 -2.73140857e+01 
 1.25892541e+06  1.62621923e+00  1.25892541e+06 -2.53191455e+01 
 1.35935639e+06  1.35562073e+00  1.35935639e+06 -2.34666824e+01 
 1.46779927e+06  1.12318614e+00  1.46779927e+06 -2.17471538e+01 
 1.58489319e+06  9.23576801e-01  1.58489319e+06 -2.01515216e+01 
 1.71132830e+06  7.52189877e-01  1.71132830e+06 -1.86712553e+01 
 1.84784980e+06  6.05059989e-01  1.84784980e+06 -1.72983266e+01 
 1.99526231e+06  4.78773140e-01  1.99526231e+06 -1.60251980e+01 
 2.15443469e+06  3.70391711e-01  2.15443469e+06 -1.48448070e+01 
 2.32630507e+06  2.77389232e-01  2.32630507e+06 -1.37505477e+01 
 2.51188643e+06  1.97593783e-01  2.51188643e+06 -1.27362501e+01 
 2.71227258e+06  1.29138965e-01  2.71227258e+06 -1.17961583e+01 
 2.92864456e+06  7.04214861e-02  2.92864456e+06 -1.09249081e+01 
 3.16227766e+06  2.00645364e-02  3.16227766e+06 -1.01175054e+01 
 3.41454887e+06 -2.31138252e-02  3.41454887e+06 -9.36930312e+00 
 3.68694506e+06 -6.01279120e-02  3.68694506e+06 -8.67598060e+00 
 3.98107171e+06 -9.18478722e-02  3.98107171e+06 -8.03352238e+00 
 4.29866235e+06 -1.19019877e-01  4.29866235e+06 -7.43819844e+00 
 4.64158883e+06 -1.42283479e-01  4.64158883e+06 -6.88654515e+00 
 5.01187234e+06 -1.62186521e-01  5.01187234e+06 -6.37534732e+00 
 5.41169527e+06 -1.79197938e-01  5.41169527e+06 -5.90162108e+00 
 5.84341413e+06 -1.93718737e-01  5.84341413e+06 -5.46259792e+00 
 6.30957344e+06 -2.06091401e-01  6.30957344e+06 -5.05570954e+00 
 6.81292069e+06 -2.16607941e-01  6.81292069e+06 -4.67857381e+00 
 7.35642254e+06 -2.25516782e-01  7.35642254e+06 -4.32898151e+00 
 7.94328235e+06 -2.33028634e-01  7.94328235e+06 -4.00488406e+00 
 8.57695899e+06 -2.39321503e-01  8.57695899e+06 -3.70438205e+00 
 9.26118728e+06 -2.44544948e-01  9.26118728e+06 -3.42571458e+00 
 1.00000000e+07 -2.48823697e-01  1.00000000e+07 -3.16724945e+00 
 1.07977516e+07 -2.52260719e-01  1.07977516e+07 -2.92747397e+00 
 1.16591440e+07 -2.54939816e-01  1.16591440e+07 -2.70498661e+00 
 1.25892541e+07 -2.56927830e-01  1.25892541e+07 -2.49848923e+00 
 1.35935639e+07 -2.58276515e-01  1.35935639e+07 -2.30678003e+00 
 1.46779927e+07 -2.59024153e-01  1.46779927e+07 -2.12874707e+00 
 1.58489319e+07 -2.59196965e-01  1.58489319e+07 -1.96336245e+00 
 1.71132830e+07 -2.58810388e-01  1.71132830e+07 -1.80967697e+00 
 1.84784980e+07 -2.57870275e-01  1.84784980e+07 -1.66681544e+00 
 1.99526231e+07 -2.56374099e-01  1.99526231e+07 -1.53397239e+00 
 2.15443469e+07 -2.54312214e-01  2.15443469e+07 -1.41040832e+00 
 2.32630507e+07 -2.51669252e-01  2.32630507e+07 -1.29544628e+00 
 2.51188643e+07 -2.48425732e-01  2.51188643e+07 -1.18846883e+00 
 2.71227258e+07 -2.44559924e-01  2.71227258e+07 -1.08891517e+00 
 2.92864456e+07 -2.40050020e-01  2.92864456e+07 -9.96278386e-01 
 3.16227766e+07 -2.34876625e-01  3.16227766e+07 -9.10102653e-01 
 3.41454887e+07 -2.29025536e-01  3.41454887e+07 -8.29980197e-01 
 3.68694506e+07 -2.22490718e-01  3.68694506e+07 -7.55547861e-01 
 3.98107171e+07 -2.15277332e-01  3.98107171e+07 -6.86483133e-01 
 4.29866235e+07 -2.07404582e-01  4.29866235e+07 -6.22499487e-01 
 4.64158883e+07 -1.98908113e-01  4.64158883e+07 -5.63341024e-01 
 5.01187234e+07 -1.89841623e-01  5.01187234e+07 -5.08776458e-01 
 5.41169527e+07 -1.80277407e-01  5.41169527e+07 -4.58592653e-01 
 5.84341413e+07 -1.70305566e-01  5.84341413e+07 -4.12588033e-01 
 6.30957344e+07 -1.60031780e-01  6.30957344e+07 -3.70566275e-01 
 6.81292069e+07 -1.49573686e-01  6.81292069e+07 -3.32330796e-01 
 7.35642254e+07 -1.39056110e-01  7.35642254e+07 -2.97680456e-01 
 7.94328235e+07 -1.28605554e-01  7.94328235e+07 -2.66406847e-01 
 8.57695899e+07 -1.18344486e-01  8.57695899e+07 -2.38293332e-01 
 9.26118728e+07 -1.08385971e-01  9.26118728e+07 -2.13115796e-01 
 1.00000000e+08 -9.88291714e-02  1.00000000e+08 -1.90644866e-01 
 1.07977516e+08 -8.97560615e-02  1.07977516e+08 -1.70649195e-01 
 1.16591440e+08 -8.12295536e-02  1.16591440e+08 -1.52899334e-01 
 1.25892541e+08 -7.32930256e-02  1.25892541e+08 -1.37171690e-01 
 1.35935639e+08 -6.59710883e-02  1.35935639e+08 -1.23252170e-01 
 1.46779927e+08 -5.92713226e-02  1.46779927e+08 -1.10939198e-01 
 1.58489319e+08 -5.31866675e-02  1.58489319e+08 -1.00045939e-01 
 1.71132830e+08 -4.76981457e-02  1.71132830e+08 -9.04016787e-02 
 1.84784980e+08 -4.27776537e-02  1.84784980e+08 -8.18524164e-02 
 1.99526231e+08 -3.83906096e-02  1.99526231e+08 -7.42607683e-02 
 2.15443469e+08 -3.44983169e-02  2.15443469e+08 -6.75053445e-02 
 2.32630507e+08 -3.10599687e-02  2.32630507e+08 -6.14797406e-02 
 2.51188643e+08 -2.80342672e-02  2.51188643e+08 -5.60912909e-02 
 2.71227258e+08 -2.53806685e-02  2.71227258e+08 -5.12596996e-02 
 2.92864456e+08 -2.30602903e-02  2.92864456e+08 -4.69156452e-02 
 3.16227766e+08 -2.10365284e-02  3.16227766e+08 -4.29994252e-02 
 3.41454887e+08 -1.92754354e-02  3.41454887e+08 -3.94596852e-02 
 3.68694506e+08 -1.77459119e-02  3.68694506e+08 -3.62522606e-02 
 3.98107171e+08 -1.64197547e-02  3.98107171e+08 -3.33391410e-02 
 4.29866235e+08 -1.52716036e-02  4.29866235e+08 -3.06875610e-02 
 4.64158883e+08 -1.42788157e-02  4.64158883e+08 -2.82692106e-02 
 5.01187234e+08 -1.34212952e-02  5.01187234e+08 -2.60595590e-02 
 5.41169527e+08 -1.26812976e-02  5.41169527e+08 -2.40372773e-02 
 5.84341413e+08 -1.20432212e-02  5.84341413e+08 -2.21837512e-02 
 6.30957344e+08 -1.14933993e-02  6.30957344e+08 -2.04826705e-02 
 6.81292069e+08 -1.10198970e-02  6.81292069e+08 -1.89196836e-02 
 7.35642254e+08 -1.06123198e-02  7.35642254e+08 -1.74821101e-02 
 7.94328235e+08 -1.02616351e-02  7.94328235e+08 -1.61586982e-02 
 8.57695899e+08 -9.96000886e-03  8.57695899e+08 -1.49394236e-02 
 9.26118728e+08 -9.70065744e-03  9.26118728e+08 -1.38153206e-02 
 1.00000000e+09 -9.47771481e-03  1.00000000e+09 -1.27783405e-02 
 1.07977516e+09 -9.28611412e-03  1.07977516e+09 -1.18212329e-02 
 1.16591440e+09 -9.12148286e-03  1.16591440e+09 -1.09374460e-02 
 1.25892541e+09 -8.98005063e-03  1.25892541e+09 -1.01210422e-02 
 1.35935639e+09 -8.85856827e-03  1.35935639e+09 -9.36662649e-03 
 1.46779927e+09 -8.75423727e-03  1.46779927e+09 -8.66928558e-03 
 1.58489319e+09 -8.66464828e-03  1.58489319e+09 -8.02453557e-03 
 1.71132830e+09 -8.58772780e-03  1.71132830e+09 -7.42827697e-03 
 1.84784980e+09 -8.52169189e-03  1.84784980e+09 -6.87675577e-03 
 1.99526231e+09 -8.46500623e-03  1.99526231e+09 -6.36652939e-03 
 2.15443469e+09 -8.41635146e-03  2.15443469e+09 -5.89443695e-03 
 2.32630507e+09 -8.37459338e-03  2.32630507e+09 -5.45757300e-03 
 2.51188643e+09 -8.33875719e-03  2.51188643e+09 -5.05326436e-03 
 2.71227258e+09 -8.30800521e-03  2.71227258e+09 -4.67904941e-03 
 2.92864456e+09 -8.28161777e-03  2.92864456e+09 -4.33265973e-03 
 3.16227766e+09 -8.25897668e-03  3.16227766e+09 -4.01200352e-03 
 3.41454887e+09 -8.23955100e-03  3.41454887e+09 -3.71515079e-03 
 3.68694506e+09 -8.22288483e-03  3.68694506e+09 -3.44031995e-03 
 3.98107171e+09 -8.20858670e-03  3.98107171e+09 -3.18586566e-03 
 4.29866235e+09 -8.19632056e-03  4.29866235e+09 -2.95026788e-03 
 4.64158883e+09 -8.18579794e-03  4.64158883e+09 -2.73212180e-03 
 5.01187234e+09 -8.17677126e-03  5.01187234e+09 -2.53012879e-03 
 5.41169527e+09 -8.16902801e-03  5.41169527e+09 -2.34308805e-03 
 5.84341413e+09 -8.16238584e-03  5.84341413e+09 -2.16988901e-03 
 6.30957344e+09 -8.15668828e-03  6.30957344e+09 -2.00950433e-03 
 6.81292069e+09 -8.15180105e-03  6.81292069e+09 -1.86098354e-03 
 7.35642254e+09 -8.14760898e-03  7.35642254e+09 -1.72344717e-03 
 7.94328235e+09 -8.14401321e-03  7.94328235e+09 -1.59608130e-03 
 8.57695899e+09 -8.14092895e-03  8.57695899e+09 -1.47813266e-03 
 9.26118728e+09 -8.13828346e-03  9.26118728e+09 -1.36890399e-03 
 1.00000000e+10 -8.13601434e-03  1.00000000e+10 -1.26774986e-03 
