 1.00000000e+00  3.32210380e+02  1.00000000e+00 -6.20238027e-03 
 1.07977516e+00  3.32210380e+02  1.07977516e+00 -6.69717616e-03 
 1.16591440e+00  3.32210380e+02  1.16591440e+00 -7.23144448e-03 
 1.25892541e+00  3.32210380e+02  1.25892541e+00 -7.80833413e-03 
 1.35935639e+00  3.32210380e+02  1.35935639e+00 -8.43124526e-03 
 1.46779927e+00  3.32210380e+02  1.46779927e+00 -9.10384921e-03 
 1.58489319e+00  3.32210380e+02  1.58489319e+00 -9.83011026e-03 
 1.71132830e+00  3.32210380e+02  1.71132830e+00 -1.06143089e-02 
 1.84784980e+00  3.32210380e+02  1.84784980e+00 -1.14610671e-02 
 1.99526231e+00  3.32210380e+02  1.99526231e+00 -1.23753756e-02 
 2.15443469e+00  3.32210380e+02  2.15443469e+00 -1.33626232e-02 
 2.32630507e+00  3.32210380e+02  2.32630507e+00 -1.44286286e-02 
 2.51188643e+00  3.32210380e+02  2.51188643e+00 -1.55796748e-02 
 2.71227258e+00  3.32210379e+02  2.71227258e+00 -1.68225459e-02 
 2.92864456e+00  3.32210379e+02  2.92864456e+00 -1.81645672e-02 
 3.16227766e+00  3.32210379e+02  3.16227766e+00 -1.96136485e-02 
 3.41454887e+00  3.32210379e+02  3.41454887e+00 -2.11783305e-02 
 3.68694506e+00  3.32210379e+02  3.68694506e+00 -2.28678352e-02 
 3.98107171e+00  3.32210378e+02  3.98107171e+00 -2.46921205e-02 
 4.29866235e+00  3.32210378e+02  4.29866235e+00 -2.66619384e-02 
 4.64158883e+00  3.32210378e+02  4.64158883e+00 -2.87888988e-02 
 5.01187234e+00  3.32210377e+02  5.01187234e+00 -3.10855378e-02 
 5.41169527e+00  3.32210377e+02  5.41169527e+00 -3.35653916e-02 
 5.84341413e+00  3.32210376e+02  5.84341413e+00 -3.62430761e-02 
 6.30957344e+00  3.32210376e+02  6.30957344e+00 -3.91343733e-02 
 6.81292069e+00  3.32210375e+02  6.81292069e+00 -4.22563242e-02 
 7.35642254e+00  3.32210374e+02  7.35642254e+00 -4.56273292e-02 
 7.94328235e+00  3.32210373e+02  7.94328235e+00 -4.92672566e-02 
 8.57695899e+00  3.32210372e+02  8.57695899e+00 -5.31975598e-02 
 9.26118728e+00  3.32210370e+02  9.26118728e+00 -5.74414036e-02 
 1.00000000e+01  3.32210369e+02  1.00000000e+01 -6.20238006e-02 
 1.07977516e+01  3.32210367e+02  1.07977516e+01 -6.69717589e-02 
 1.16591440e+01  3.32210365e+02  1.16591440e+01 -7.23144414e-02 
 1.25892541e+01  3.32210362e+02  1.25892541e+01 -7.80833371e-02 
 1.35935639e+01  3.32210359e+02  1.35935639e+01 -8.43124472e-02 
 1.46779927e+01  3.32210355e+02  1.46779927e+01 -9.10384854e-02 
 1.58489319e+01  3.32210351e+02  1.58489319e+01 -9.83010941e-02 
 1.71132830e+01  3.32210346e+02  1.71132830e+01 -1.06143078e-01 
 1.84784980e+01  3.32210341e+02  1.84784980e+01 -1.14610658e-01 
 1.99526231e+01  3.32210334e+02  1.99526231e+01 -1.23753739e-01 
 2.15443469e+01  3.32210327e+02  2.15443469e+01 -1.33626211e-01 
 2.32630507e+01  3.32210318e+02  2.32630507e+01 -1.44286259e-01 
 2.51188643e+01  3.32210307e+02  2.51188643e+01 -1.55796714e-01 
 2.71227258e+01  3.32210295e+02  2.71227258e+01 -1.68225416e-01 
 2.92864456e+01  3.32210281e+02  2.92864456e+01 -1.81645618e-01 
 3.16227766e+01  3.32210265e+02  3.16227766e+01 -1.96136417e-01 
 3.41454887e+01  3.32210245e+02  3.41454887e+01 -2.11783220e-01 
 3.68694506e+01  3.32210223e+02  3.68694506e+01 -2.28678245e-01 
 3.98107171e+01  3.32210197e+02  3.98107171e+01 -2.46921070e-01 
 4.29866235e+01  3.32210166e+02  4.29866235e+01 -2.66619214e-01 
 4.64158883e+01  3.32210131e+02  4.64158883e+01 -2.87888774e-01 
 5.01187234e+01  3.32210090e+02  5.01187234e+01 -3.10855109e-01 
 5.41169527e+01  3.32210041e+02  5.41169527e+01 -3.35653577e-01 
 5.84341413e+01  3.32209985e+02  5.84341413e+01 -3.62430335e-01 
 6.30957344e+01  3.32209920e+02  6.30957344e+01 -3.91343196e-01 
 6.81292069e+01  3.32209843e+02  6.81292069e+01 -4.22562566e-01 
 7.35642254e+01  3.32209754e+02  7.35642254e+01 -4.56272441e-01 
 7.94328235e+01  3.32209650e+02  7.94328235e+01 -4.92671495e-01 
 8.57695899e+01  3.32209529e+02  8.57695899e+01 -5.31974250e-01 
 9.26118728e+01  3.32209388e+02  9.26118728e+01 -5.74412338e-01 
 1.00000000e+02  3.32209223e+02  1.00000000e+02 -6.20235868e-01 
 1.07977516e+02  3.32209031e+02  1.07977516e+02 -6.69714898e-01 
 1.16591440e+02  3.32208807e+02  1.16591440e+02 -7.23141026e-01 
 1.25892541e+02  3.32208546e+02  1.25892541e+02 -7.80829106e-01 
 1.35935639e+02  3.32208242e+02  1.35935639e+02 -8.43119103e-01 
 1.46779927e+02  3.32207887e+02  1.46779927e+02 -9.10378095e-01 
 1.58489319e+02  3.32207474e+02  1.58489319e+02 -9.83002432e-01 
 1.71132830e+02  3.32206991e+02  1.71132830e+02 -1.06142007e+00 
 1.84784980e+02  3.32206429e+02  1.84784980e+02 -1.14609309e+00 
 1.99526231e+02  3.32205773e+02  1.99526231e+02 -1.23752041e+00 
 2.15443469e+02  3.32205009e+02  2.15443469e+02 -1.33624073e+00 
 2.32630507e+02  3.32204118e+02  2.32630507e+02 -1.44283568e+00 
 2.51188643e+02  3.32203079e+02  2.51188643e+02 -1.55793327e+00 
 2.71227258e+02  3.32201868e+02  2.71227258e+02 -1.68221152e+00 
 2.92864456e+02  3.32200455e+02  2.92864456e+02 -1.81640250e+00 
 3.16227766e+02  3.32198809e+02  3.16227766e+02 -1.96129658e+00 
 3.41454887e+02  3.32196889e+02  3.41454887e+02 -2.11774711e+00 
 3.68694506e+02  3.32194650e+02  3.68694506e+02 -2.28667533e+00 
 3.98107171e+02  3.32192041e+02  3.98107171e+02 -2.46907584e+00 
 4.29866235e+02  3.32188998e+02  4.29866235e+02 -2.66602236e+00 
 4.64158883e+02  3.32185451e+02  4.64158883e+02 -2.87867401e+00 
 5.01187234e+02  3.32181315e+02  5.01187234e+02 -3.10828202e+00 
 5.41169527e+02  3.32176493e+02  5.41169527e+02 -3.35619704e+00 
 5.84341413e+02  3.32170871e+02  5.84341413e+02 -3.62387691e+00 
 6.30957344e+02  3.32164317e+02  6.30957344e+02 -3.91289513e+00 
 6.81292069e+02  3.32156676e+02  6.81292069e+02 -4.22494984e+00 
 7.35642254e+02  3.32147767e+02  7.35642254e+02 -4.56187362e+00 
 7.94328235e+02  3.32137381e+02  7.94328235e+02 -4.92564391e+00 
 8.57695899e+02  3.32125273e+02  8.57695899e+02 -5.31839418e+00 
 9.26118728e+02  3.32111156e+02  9.26118728e+02 -5.74242602e+00 
 1.00000000e+03  3.32094699e+02  1.00000000e+03 -6.20022194e+00 
 1.07977516e+03  3.32075514e+02  1.07977516e+03 -6.69445915e+00 
 1.16591440e+03  3.32053148e+02  1.16591440e+03 -7.22802419e+00 
 1.25892541e+03  3.32027075e+02  1.25892541e+03 -7.80402858e+00 
 1.35935639e+03  3.31996682e+02  1.35935639e+03 -8.42582539e+00 
 1.46779927e+03  3.31961253e+02  1.46779927e+03 -9.09702673e+00 
 1.58489319e+03  3.31919955e+02  1.58489319e+03 -9.82152233e+00 
 1.71132830e+03  3.31871819e+02  1.71132830e+03 -1.06034989e+01 
 1.84784980e+03  3.31815713e+02  1.84784980e+03 -1.14474604e+01 
 1.99526231e+03  3.31750323e+02  1.99526231e+03 -1.23582492e+01 
 2.15443469e+03  3.31674116e+02  2.15443469e+03 -1.33410673e+01 
 2.32630507e+03  3.31585309e+02  2.32630507e+03 -1.44014986e+01 
 2.51188643e+03  3.31481828e+02  2.51188643e+03 -1.55455307e+01 
 2.71227258e+03  3.31361259e+02  2.71227258e+03 -1.67795767e+01 
 2.92864456e+03  3.31220797e+02  2.92864456e+03 -1.81104951e+01 
 3.16227766e+03  3.31057181e+02  3.16227766e+03 -1.95456093e+01 
 3.41454887e+03  3.30866622e+02  3.41454887e+03 -2.10927235e+01 
 3.68694506e+03  3.30644723e+02  3.68694506e+03 -2.27601347e+01 
 3.98107171e+03  3.30386383e+02  3.98107171e+03 -2.45566394e+01 
 4.29866235e+03  3.30085690e+02  4.29866235e+03 -2.64915329e+01 
 4.64158883e+03  3.29735797e+02  4.64158883e+03 -2.85745983e+01 
 5.01187234e+03  3.29328787e+02  5.01187234e+03 -3.08160823e+01 
 5.41169527e+03  3.28855514e+02  5.41169527e+03 -3.32266543e+01 
 5.84341413e+03  3.28305432e+02  5.84341413e+03 -3.58173440e+01 
 6.30957344e+03  3.27666401e+02  6.30957344e+03 -3.85994508e+01 
 6.81292069e+03  3.26924477e+02  6.81292069e+03 -4.15844205e+01 
 7.35642254e+03  3.26063685e+02  7.35642254e+03 -4.47836782e+01 
 7.94328235e+03  3.25065778e+02  7.94328235e+03 -4.82084112e+01 
 8.57695899e+03  3.23909983e+02  8.57695899e+03 -5.18692888e+01 
 9.26118728e+03  3.22572753e+02  9.26118728e+03 -5.57761082e+01 
 1.00000000e+04  3.21027522e+02  1.00000000e+04 -5.99373538e+01 
 1.07977516e+04  3.19244491e+02  1.07977516e+04 -6.43596570e+01 
 1.16591440e+04  3.17190460e+02  1.16591440e+04 -6.90471431e+01 
 1.25892541e+04  3.14828737e+02  1.25892541e+04 -7.40006574e+01 
 1.35935639e+04  3.12119164e+02  1.35935639e+04 -7.92168624e+01 
 1.46779927e+04  3.09018297e+02  1.46779927e+04 -8.46872107e+01 
 1.58489319e+04  3.05479802e+02  1.58489319e+04 -9.03968051e+01 
 1.71132830e+04  3.01455121e+02  1.71132830e+04 -9.63231756e+01 
 1.84784980e+04  2.96894469e+02  1.84784980e+04 -1.02435025e+02 
 1.99526231e+04  2.91748231e+02  1.99526231e+04 -1.08691020e+02 
 2.15443469e+04  2.85968796e+02  2.15443469e+04 -1.15038732e+02 
 2.32630507e+04  2.79512846e+02  2.32630507e+04 -1.21413878e+02 
 2.51188643e+04  2.72344103e+02  2.51188643e+04 -1.27740010e+02 
 2.71227258e+04  2.64436428e+02  2.71227258e+04 -1.33928858e+02 
 2.92864456e+04  2.55777139e+02  2.92864456e+04 -1.39881500e+02 
 3.16227766e+04  2.46370321e+02  3.16227766e+04 -1.45490510e+02 
 3.41454887e+04  2.36239796e+02  3.41454887e+04 -1.50643169e+02 
 3.68694506e+04  2.25431406e+02  3.68694506e+04 -1.55225724e+02 
 3.98107171e+04  2.14014206e+02  3.98107171e+04 -1.59128516e+02 
 4.29866235e+04  2.02080231e+02  4.29866235e+04 -1.62251665e+02 
 4.64158883e+04  1.89742602e+02  4.64158883e+04 -1.64510840e+02 
 5.01187234e+04  1.77131919e+02  5.01187234e+04 -1.65842554e+02 
 5.41169527e+04  1.64391107e+02  5.41169527e+04 -1.66208394e+02 
 5.84341413e+04  1.51669105e+02  5.84341413e+04 -1.65597677e+02 
 6.30957344e+04  1.39113977e+02  6.30957344e+04 -1.64028202e+02 
 6.81292069e+04  1.26866107e+02  6.81292069e+04 -1.61545004e+02 
 7.35642254e+04  1.15052133e+02  7.35642254e+04 -1.58217257e+02 
 7.94328235e+04  1.03780149e+02  7.94328235e+04 -1.54133725e+02 
 8.57695899e+04  9.31365264e+01  8.57695899e+04 -1.49397295e+02 
 9.26118728e+04  8.31844483e+01  9.26118728e+04 -1.44119174e+02 
 1.00000000e+05  7.39640609e+01  1.00000000e+05 -1.38413307e+02 
 1.07977516e+05  6.54939782e+01  1.07977516e+05 -1.32391445e+02 
 1.16591440e+05  5.77737723e+01  1.16591440e+05 -1.26159135e+02 
 1.25892541e+05  5.07870648e+01  1.25892541e+05 -1.19812785e+02 
 1.35935639e+05  4.45048606e+01  1.35935639e+05 -1.13437768e+02 
 1.46779927e+05  3.88888326e+01  1.46779927e+05 -1.07107477e+02 
 1.58489319e+05  3.38943443e+01  1.58489319e+05 -1.00883167e+02 
 1.71132830e+05  2.94730819e+01  1.71132830e+05 -9.48143925e+01 
 1.84784980e+05  2.55752335e+01  1.84784980e+05 -8.89398560e+01 
 1.99526231e+05  2.21512085e+01  1.99526231e+05 -8.32885192e+01 
 2.15443469e+05  1.91529274e+01  2.15443469e+05 -7.78808306e+01 
 2.32630507e+05  1.65347315e+01  2.32630507e+05 -7.27299791e+01 
 2.51188643e+05  1.42539747e+01  2.51188643e+05 -6.78430991e+01 
 2.71227258e+05  1.22713596e+01  2.71227258e+05 -6.32223846e+01 
 2.92864456e+05  1.05510754e+01  2.92864456e+05 -5.88660857e+01 
 3.16227766e+05  9.06078864e+00  3.16227766e+05 -5.47693788e+01 
 3.41454887e+05  7.77153077e+00  3.41454887e+05 -5.09251095e+01 
 3.68694506e+05  6.65751620e+00  3.68694506e+05 -4.73244161e+01 
 3.98107171e+05  5.69591822e+00  3.98107171e+05 -4.39572435e+01 
 4.29866235e+05  4.86662309e+00  4.29866235e+05 -4.08127616e+01 
 4.64158883e+05  4.15197740e+00  4.64158883e+05 -3.78796987e+01 
 5.01187234e+05  3.53653896e+00  5.01187234e+05 -3.51466053e+01 
 5.41169527e+05  3.00683830e+00  5.41169527e+05 -3.26020576e+01 
 5.84341413e+05  2.55115522e+00  5.84341413e+05 -3.02348126e+01 
 6.30957344e+05  2.15931280e+00  6.30957344e+05 -2.80339230e+01 
 6.81292069e+05  1.82248980e+00  6.81292069e+05 -2.59888194e+01 
 7.35642254e+05  1.53305168e+00  7.35642254e+05 -2.40893670e+01 
 7.94328235e+05  1.28439952e+00  7.94328235e+05 -2.23259025e+01 
 8.57695899e+05  1.07083587e+00  8.57695899e+05 -2.06892537e+01 
 9.26118728e+05  8.87446267e-01  9.26118728e+05 -1.91707482e+01 
 1.00000000e+06  7.29995107e-01  1.00000000e+06 -1.77622120e+01 
 1.07977516e+06  5.94834417e-01  1.07977516e+06 -1.64559613e+01 
 1.16591440e+06  4.78824232e-01  1.16591440e+06 -1.52447891e+01 
 1.25892541e+06  3.79263250e-01  1.25892541e+06 -1.41219483e+01 
 1.35935639e+06  2.93828600e-01  1.35935639e+06 -1.30811326e+01 
 1.46779927e+06  2.20523616e-01  1.46779927e+06 -1.21164554e+01 
 1.58489319e+06  1.57632614e-01  1.58489319e+06 -1.12224281e+01 
 1.71132830e+06  1.03681815e-01  1.71132830e+06 -1.03939380e+01 
 1.84784980e+06  5.74055870e-02  1.84784980e+06 -9.62622682e+00 
 1.99526231e+06  1.77173424e-02  1.99526231e+06 -8.91486888e+00 
 2.15443469e+06 -1.63155547e-02  2.15443469e+06 -8.25575034e+00 
 2.32630507e+06 -4.54933874e-02  2.32630507e+06 -7.64504915e+00 
 2.51188643e+06 -7.05026748e-02  2.51188643e+06 -7.07921584e+00 
 2.71227258e+06 -9.19321555e-02  2.71227258e+06 -6.55495522e+00 
 2.92864456e+06 -1.10286523e-01  2.92864456e+06 -6.06920907e+00 
 3.16227766e+06 -1.25998223e-01  3.16227766e+06 -5.61913982e+00 
 3.41454887e+06 -1.39437574e-01  3.41454887e+06 -5.20211516e+00 
 3.68694506e+06 -1.50921456e-01  3.68694506e+06 -4.81569360e+00 
 3.98107171e+06 -1.60720745e-01  3.98107171e+06 -4.45761095e+00 
 4.29866235e+06 -1.69066688e-01  4.29866235e+06 -4.12576770e+00 
 4.64158883e+06 -1.76156350e-01  4.64158883e+06 -3.81821719e+00 
 5.01187234e+06 -1.82157264e-01  5.01187234e+06 -3.53315467e+00 
 5.41169527e+06 -1.87211404e-01  5.41169527e+06 -3.26890702e+00 
 5.84341413e+06 -1.91438562e-01  5.84341413e+06 -3.02392332e+00 
 6.30957344e+06 -1.94939214e-01  6.30957344e+06 -2.79676598e+00 
 6.81292069e+06 -1.97796955e-01  6.81292069e+06 -2.58610263e+00 
 7.35642254e+06 -2.00080555e-01  7.35642254e+06 -2.39069856e+00 
 7.94328235e+06 -2.01845692e-01  7.94328235e+06 -2.20940978e+00 
 8.57695899e+06 -2.03136421e-01  8.57695899e+06 -2.04117661e+00 
 9.26118728e+06 -2.03986411e-01  9.26118728e+06 -1.88501785e+00 
 1.00000000e+07 -2.04420007e-01  1.00000000e+07 -1.74002544e+00 
 1.07977516e+07 -2.04453139e-01  1.07977516e+07 -1.60535954e+00 
 1.16591440e+07 -2.04094155e-01  1.16591440e+07 -1.48024419e+00 
 1.25892541e+07 -2.03344578e-01  1.25892541e+07 -1.36396331e+00 
 1.35935639e+07 -2.02199876e-01  1.35935639e+07 -1.25585718e+00 
 1.46779927e+07 -2.00650261e-01  1.46779927e+07 -1.15531924e+00 
 1.58489319e+07 -1.98681596e-01  1.58489319e+07 -1.06179332e+00 
 1.71132830e+07 -1.96276441e-01  1.71132830e+07 -9.74771036e-01 
 1.84784980e+07 -1.93415295e-01  1.84784980e+07 -8.93789525e-01 
 1.99526231e+07 -1.90078075e-01  1.99526231e+07 -8.18429236e-01 
 2.15443469e+07 -1.86245856e-01  2.15443469e+07 -7.48311780e-01 
 2.32630507e+07 -1.81902854e-01  2.32630507e+07 -6.83097672e-01 
 2.51188643e+07 -1.77038625e-01  2.51188643e+07 -6.22483847e-01 
 2.71227258e+07 -1.71650384e-01  2.71227258e+07 -5.66200809e-01 
 2.92864456e+07 -1.65745296e-01  2.92864456e+07 -5.14009304e-01 
 3.16227766e+07 -1.59342542e-01  3.16227766e+07 -4.65696445e-01 
 3.41454887e+07 -1.52474937e-01  3.41454887e+07 -4.21071295e-01 
 3.68694506e+07 -1.45189828e-01  3.68694506e+07 -3.79959997e-01 
 3.98107171e+07 -1.37549075e-01  3.98107171e+07 -3.42200645e-01 
 4.29866235e+07 -1.29627931e-01  4.29866235e+07 -3.07638190e-01 
 4.64158883e+07 -1.21512812e-01  4.64158883e+07 -2.76119736e-01 
 5.01187234e+07 -1.13298035e-01  5.01187234e+07 -2.47490601e-01 
 5.41169527e+07 -1.05081792e-01  5.41169527e+07 -2.21591473e-01 
 5.84341413e+07 -9.69617124e-02  5.84341413e+07 -1.98256871e-01 
 6.30957344e+07 -8.90304576e-02  6.30957344e+07 -1.77314984e-01 
 6.81292069e+07 -8.13717754e-02  6.81292069e+07 -1.58588784e-01 
 7.35642254e+07 -7.40573580e-02  7.35642254e+07 -1.41898159e-01 
 7.94328235e+07 -6.71447393e-02  7.94328235e+07 -1.27062725e-01 
 8.57695899e+07 -6.06763059e-02  8.57695899e+07 -1.13904924e-01 
 9.26118728e+07 -5.46793637e-02  9.26118728e+07 -1.02253039e-01 
 1.00000000e+08 -4.91670885e-02  1.00000000e+08 -9.19438565e-02 
 1.07977516e+08 -4.41401300e-02  1.07977516e+08 -8.28247641e-02 
 1.16591440e+08 -3.95886165e-02  1.16591440e+08 -7.47552036e-02 
 1.25892541e+08 -3.54943258e-02  1.25892541e+08 -6.76074750e-02 
 1.35935639e+08 -3.18328314e-02  1.35935639e+08 -6.12669543e-02 
 1.46779927e+08 -2.85754833e-02  1.46779927e+08 -5.56318280e-02 
 1.58489319e+08 -2.56911365e-02  1.58489319e+08 -5.06124611e-02 
 1.71132830e+08 -2.31475860e-02  1.71132830e+08 -4.61305180e-02 
 1.84784980e+08 -2.09127020e-02  1.84784980e+08 -4.21179370e-02 
 1.99526231e+08 -1.89552836e-02  1.99526231e+08 -3.85158452e-02 
 2.15443469e+08 -1.72456644e-02  2.15443469e+08 -3.52734766e-02 
 2.32630507e+08 -1.57561079e-02  2.32630507e+08 -3.23471391e-02 
 2.51188643e+08 -1.44610355e-02  2.51188643e+08 -2.96992578e-02 
 2.71227258e+08 -1.33371227e-02  2.71227258e+08 -2.72975115e-02 
 2.92864456e+08 -1.23632994e-02  2.92864456e+08 -2.51140668e-02 
 3.16227766e+08 -1.15206803e-02  3.16227766e+08 -2.31249085e-02 
 3.41454887e+08 -1.07924498e-02  3.41454887e+08 -2.13092627e-02 
 3.68694506e+08 -1.01637184e-02  3.68694506e+08 -1.96491030e-02 
 3.98107171e+08 -9.62136400e-03  3.98107171e+08 -1.81287311e-02 
 4.29866235e+08 -9.15386851e-03  4.29866235e+08 -1.67344231e-02 
 4.64158883e+08 -8.75115621e-03  4.64158883e+08 -1.54541323e-02 
 5.01187234e+08 -8.40443864e-03  5.01187234e+08 -1.42772393e-02 
 5.41169527e+08 -8.10606907e-03  5.41169527e+08 -1.31943442e-02 
 5.84341413e+08 -7.84940809e-03  5.84341413e+08 -1.21970914e-02 
 6.30957344e+08 -7.62870111e-03  6.30957344e+08 -1.12780241e-02 
 6.81292069e+08 -7.43896788e-03  6.81292069e+08 -1.04304625e-02 
 7.35642254e+08 -7.27590371e-03  7.35642254e+08 -9.64840107e-03 
 7.94328235e+08 -7.13579168e-03  7.94328235e+08 -8.92642277e-03 
 8.57695899e+08 -7.01542520e-03  8.57695899e+08 -8.25962658e-03 
 9.26118728e+08 -6.91203993e-03  9.26118728e+08 -7.64356610e-03 
 1.00000000e+09 -6.82325425e-03  1.00000000e+09 -7.07419745e-03 
 1.07977516e+09 -6.74701732e-03  1.07977516e+09 -6.54783462e-03 
 1.16591440e+09 -6.68156391e-03  1.16591440e+09 -6.06111125e-03 
 1.25892541e+09 -6.62537518e-03  1.25892541e+09 -5.61094753e-03 
 1.35935639e+09 -6.57714474e-03  1.35935639e+09 -5.19452147e-03 
 1.46779927e+09 -6.53574929e-03  1.46779927e+09 -4.80924380e-03 
 1.58489319e+09 -6.50022315e-03  1.58489319e+09 -4.45273596e-03 
 1.71132830e+09 -6.46973641e-03  1.71132830e+09 -4.12281066e-03 
 1.84784980e+09 -6.44357597e-03  1.84784980e+09 -3.81745461e-03 
 1.99526231e+09 -6.42112921e-03  1.99526231e+09 -3.53481324e-03 
 2.15443469e+09 -6.40186995e-03  2.15443469e+09 -3.27317692e-03 
 2.32630507e+09 -6.38534631e-03  2.32630507e+09 -3.03096870e-03 
 2.51188643e+09 -6.37117030e-03  2.51188643e+09 -2.80673323e-03 
 2.71227258e+09 -6.35900879e-03  2.71227258e+09 -2.59912671e-03 
 2.92864456e+09 -6.34857585e-03  2.92864456e+09 -2.40690790e-03 
 3.16227766e+09 -6.33962601e-03  3.16227766e+09 -2.22892981e-03 
 3.41454887e+09 -6.33194863e-03  3.41454887e+09 -2.06413227e-03 
 3.68694506e+09 -6.32536293e-03  3.68694506e+09 -1.91153508e-03 
 3.98107171e+09 -6.31971378e-03  3.98107171e+09 -1.77023176e-03 
 4.29866235e+09 -6.31486807e-03  4.29866235e+09 -1.63938384e-03 
 4.64158883e+09 -6.31071158e-03  4.64158883e+09 -1.51821565e-03 
 5.01187234e+09 -6.30714632e-03  5.01187234e+09 -1.40600947e-03 
 5.41169527e+09 -6.30408823e-03  5.41169527e+09 -1.30210112e-03 
 5.84341413e+09 -6.30146518e-03  5.84341413e+09 -1.20587594e-03 
 6.30957344e+09 -6.29921530e-03  6.30957344e+09 -1.11676499e-03 
 6.81292069e+09 -6.29728552e-03  6.81292069e+09 -1.03424163e-03 
 7.35642254e+09 -6.29563029e-03  7.35642254e+09 -9.57818362e-04 
 7.94328235e+09 -6.29421057e-03  7.94328235e+09 -8.87043843e-04 
 8.57695899e+09 -6.29299285e-03  8.57695899e+09 -8.21500225e-04 
 9.26118728e+09 -6.29194840e-03  9.26118728e+09 -7.60800635e-04 
 1.00000000e+10 -6.29105256e-03  1.00000000e+10 -7.04586863e-04 
