 1.00000000e+00  2.51054062e+02  1.00000000e+00 -5.30290546e-03 
 1.07977516e+00  2.51054062e+02  1.07977516e+00 -5.72594560e-03 
 1.16591440e+00  2.51054062e+02  1.16591440e+00 -6.18273384e-03 
 1.25892541e+00  2.51054062e+02  1.25892541e+00 -6.67596243e-03 
 1.35935639e+00  2.51054062e+02  1.35935639e+00 -7.20853842e-03 
 1.46779927e+00  2.51054062e+02  1.46779927e+00 -7.78360074e-03 
 1.58489319e+00  2.51054062e+02  1.58489319e+00 -8.40453875e-03 
 1.71132830e+00  2.51054062e+02  1.71132830e+00 -9.07501219e-03 
 1.84784980e+00  2.51054062e+02  1.84784980e+00 -9.79897276e-03 
 1.99526231e+00  2.51054062e+02  1.99526231e+00 -1.05806874e-02 
 2.15443469e+00  2.51054062e+02  2.15443469e+00 -1.14247635e-02 
 2.32630507e+00  2.51054062e+02  2.32630507e+00 -1.23361758e-02 
 2.51188643e+00  2.51054062e+02  2.51188643e+00 -1.33202962e-02 
 2.71227258e+00  2.51054062e+02  2.71227258e+00 -1.43829250e-02 
 2.92864456e+00  2.51054061e+02  2.92864456e+00 -1.55303252e-02 
 3.16227766e+00  2.51054061e+02  3.16227766e+00 -1.67692594e-02 
 3.41454887e+00  2.51054061e+02  3.41454887e+00 -1.81070298e-02 
 3.68694506e+00  2.51054061e+02  3.68694506e+00 -1.95515210e-02 
 3.98107171e+00  2.51054061e+02  3.98107171e+00 -2.11112467e-02 
 4.29866235e+00  2.51054060e+02  4.29866235e+00 -2.27953998e-02 
 4.64158883e+00  2.51054060e+02  4.64158883e+00 -2.46139065e-02 
 5.01187234e+00  2.51054060e+02  5.01187234e+00 -2.65774849e-02 
 5.41169527e+00  2.51054059e+02  5.41169527e+00 -2.86977080e-02 
 5.84341413e+00  2.51054059e+02  5.84341413e+00 -3.09870722e-02 
 6.30957344e+00  2.51054058e+02  6.30957344e+00 -3.34590709e-02 
 6.81292069e+00  2.51054057e+02  6.81292069e+00 -3.61282736e-02 
 7.35642254e+00  2.51054056e+02  7.35642254e+00 -3.90104123e-02 
 7.94328235e+00  2.51054055e+02  7.94328235e+00 -4.21224741e-02 
 8.57695899e+00  2.51054054e+02  8.57695899e+00 -4.54828011e-02 
 9.26118728e+00  2.51054053e+02  9.26118728e+00 -4.91111987e-02 
 1.00000000e+01  2.51054051e+02  1.00000000e+01 -5.30290522e-02 
 1.07977516e+01  2.51054049e+02  1.07977516e+01 -5.72594530e-02 
 1.16591440e+01  2.51054047e+02  1.16591440e+01 -6.18273347e-02 
 1.25892541e+01  2.51054045e+02  1.25892541e+01 -6.67596197e-02 
 1.35935639e+01  2.51054042e+02  1.35935639e+01 -7.20853783e-02 
 1.46779927e+01  2.51054038e+02  1.46779927e+01 -7.78360000e-02 
 1.58489319e+01  2.51054034e+02  1.58489319e+01 -8.40453782e-02 
 1.71132830e+01  2.51054030e+02  1.71132830e+01 -9.07501102e-02 
 1.84784980e+01  2.51054024e+02  1.84784980e+01 -9.79897128e-02 
 1.99526231e+01  2.51054018e+02  1.99526231e+01 -1.05806855e-01 
 2.15443469e+01  2.51054010e+02  2.15443469e+01 -1.14247611e-01 
 2.32630507e+01  2.51054002e+02  2.32630507e+01 -1.23361729e-01 
 2.51188643e+01  2.51053992e+02  2.51188643e+01 -1.33202925e-01 
 2.71227258e+01  2.51053980e+02  2.71227258e+01 -1.43829203e-01 
 2.92864456e+01  2.51053966e+02  2.92864456e+01 -1.55303193e-01 
 3.16227766e+01  2.51053950e+02  3.16227766e+01 -1.67692520e-01 
 3.41454887e+01  2.51053932e+02  3.41454887e+01 -1.81070204e-01 
 3.68694506e+01  2.51053910e+02  3.68694506e+01 -1.95515093e-01 
 3.98107171e+01  2.51053885e+02  3.98107171e+01 -2.11112320e-01 
 4.29866235e+01  2.51053855e+02  4.29866235e+01 -2.27953812e-01 
 4.64158883e+01  2.51053821e+02  4.64158883e+01 -2.46138831e-01 
 5.01187234e+01  2.51053781e+02  5.01187234e+01 -2.65774554e-01 
 5.41169527e+01  2.51053734e+02  5.41169527e+01 -2.86976709e-01 
 5.84341413e+01  2.51053680e+02  5.84341413e+01 -3.09870255e-01 
 6.30957344e+01  2.51053617e+02  6.30957344e+01 -3.34590120e-01 
 6.81292069e+01  2.51053543e+02  6.81292069e+01 -3.61281995e-01 
 7.35642254e+01  2.51053456e+02  7.35642254e+01 -3.90103191e-01 
 7.94328235e+01  2.51053356e+02  7.94328235e+01 -4.21223568e-01 
 8.57695899e+01  2.51053239e+02  8.57695899e+01 -4.54826534e-01 
 9.26118728e+01  2.51053102e+02  9.26118728e+01 -4.91110127e-01 
 1.00000000e+02  2.51052942e+02  1.00000000e+02 -5.30288181e-01 
 1.07977516e+02  2.51052757e+02  1.07977516e+02 -5.72591583e-01 
 1.16591440e+02  2.51052540e+02  1.16591440e+02 -6.18269636e-01 
 1.25892541e+02  2.51052287e+02  1.25892541e+02 -6.67591525e-01 
 1.35935639e+02  2.51051993e+02  1.35935639e+02 -7.20847902e-01 
 1.46779927e+02  2.51051650e+02  1.46779927e+02 -7.78352596e-01 
 1.58489319e+02  2.51051249e+02  1.58489319e+02 -8.40444460e-01 
 1.71132830e+02  2.51050783e+02  1.71132830e+02 -9.07489367e-01 
 1.84784980e+02  2.51050238e+02  1.84784980e+02 -9.79882355e-01 
 1.99526231e+02  2.51049604e+02  1.99526231e+02 -1.05804996e+00 
 2.15443469e+02  2.51048864e+02  2.15443469e+02 -1.14245270e+00 
 2.32630507e+02  2.51048002e+02  2.32630507e+02 -1.23358781e+00 
 2.51188643e+02  2.51046996e+02  2.51188643e+02 -1.33199214e+00 
 2.71227258e+02  2.51045824e+02  2.71227258e+02 -1.43824532e+00 
 2.92864456e+02  2.51044457e+02  2.92864456e+02 -1.55297312e+00 
 3.16227766e+02  2.51042864e+02  3.16227766e+02 -1.67685116e+00 
 3.41454887e+02  2.51041006e+02  3.41454887e+02 -1.81060883e+00 
 3.68694506e+02  2.51038840e+02  3.68694506e+02 -1.95503358e+00 
 3.98107171e+02  2.51036314e+02  3.98107171e+02 -2.11097547e+00 
 4.29866235e+02  2.51033370e+02  4.29866235e+02 -2.27935215e+00 
 4.64158883e+02  2.51029937e+02  4.64158883e+02 -2.46115419e+00 
 5.01187234e+02  2.51025935e+02  5.01187234e+02 -2.65745080e+00 
 5.41169527e+02  2.51021268e+02  5.41169527e+02 -2.86939604e+00 
 5.84341413e+02  2.51015828e+02  5.84341413e+02 -3.09823544e+00 
 6.30957344e+02  2.51009486e+02  6.30957344e+02 -3.34531316e+00 
 6.81292069e+02  2.51002091e+02  6.81292069e+02 -3.61207967e+00 
 7.35642254e+02  2.50993471e+02  7.35642254e+02 -3.90009998e+00 
 7.94328235e+02  2.50983421e+02  7.94328235e+02 -4.21106249e+00 
 8.57695899e+02  2.50971704e+02  8.57695899e+02 -4.54678845e+00 
 9.26118728e+02  2.50958045e+02  9.26118728e+02 -4.90924209e+00 
 1.00000000e+03  2.50942121e+02  1.00000000e+03 -5.30054138e+00 
 1.07977516e+03  2.50923558e+02  1.07977516e+03 -5.72296963e+00 
 1.16591440e+03  2.50901918e+02  1.16591440e+03 -6.17898763e+00 
 1.25892541e+03  2.50876693e+02  1.25892541e+03 -6.67124671e+00 
 1.35935639e+03  2.50847290e+02  1.35935639e+03 -7.20260238e+00 
 1.46779927e+03  2.50813016e+02  1.46779927e+03 -7.77612873e+00 
 1.58489319e+03  2.50773068e+02  1.58489319e+03 -8.39513354e+00 
 1.71132830e+03  2.50726507e+02  1.71132830e+03 -9.06317394e+00 
 1.84784980e+03  2.50672244e+02  1.84784980e+03 -9.78407250e+00 
 1.99526231e+03  2.50609007e+02  1.99526231e+03 -1.05619338e+01 
 2.15443469e+03  2.50535318e+02  2.15443469e+03 -1.14011610e+01 
 2.32630507e+03  2.50449459e+02  2.32630507e+03 -1.23064723e+01 
 2.51188643e+03  2.50349428e+02  2.51188643e+03 -1.32829167e+01 
 2.71227258e+03  2.50232901e+02  2.71227258e+03 -1.43358888e+01 
 2.92864456e+03  2.50097178e+02  2.92864456e+03 -1.54711423e+01 
 3.16227766e+03  2.49939122e+02  3.16227766e+03 -1.66947996e+01 
 3.41454887e+03  2.49755094e+02  3.41454887e+03 -1.80133594e+01 
 3.68694506e+03  2.49540875e+02  3.68694506e+03 -1.94336981e+01 
 3.98107171e+03  2.49291578e+02  3.98107171e+03 -2.09630647e+01 
 4.29866235e+03  2.49001546e+02  4.29866235e+03 -2.26090667e+01 
 4.64158883e+03  2.48664245e+02  4.64158883e+03 -2.43796447e+01 
 5.01187234e+03  2.48272133e+02  5.01187234e+03 -2.62830317e+01 
 5.41169527e+03  2.47816522e+02  5.41169527e+03 -2.83276936e+01 
 5.84341413e+03  2.47287425e+02  5.84341413e+03 -3.05222460e+01 
 6.30957344e+03  2.46673389e+02  6.30957344e+03 -3.28753422e+01 
 6.81292069e+03  2.45961313e+02  6.81292069e+03 -3.53955237e+01 
 7.35642254e+03  2.45136267e+02  7.35642254e+03 -3.80910286e+01 
 7.94328235e+03  2.44181293e+02  7.94328235e+03 -4.09695468e+01 
 8.57695899e+03  2.43077226e+02  8.57695899e+03 -4.40379132e+01 
 9.26118728e+03  2.41802517e+02  9.26118728e+03 -4.73017298e+01 
 1.00000000e+04  2.40333089e+02  1.00000000e+04 -5.07649066e+01 
 1.07977516e+04  2.38642250e+02  1.07977516e+04 -5.44291126e+01 
 1.16591440e+04  2.36700666e+02  1.16591440e+04 -5.82931318e+01 
 1.25892541e+04  2.34476455e+02  1.25892541e+04 -6.23521230e+01 
 1.35935639e+04  2.31935412e+02  1.35935639e+04 -6.65967895e+01 
 1.46779927e+04  2.29041432e+02  1.46779927e+04 -7.10124760e+01 
 1.58489319e+04  2.25757162e+02  1.58489319e+04 -7.55782250e+01 
 1.71132830e+04  2.22044932e+02  1.71132830e+04 -8.02658414e+01 
 1.84784980e+04  2.17868008e+02  1.84784980e+04 -8.50390384e+01 
 1.99526231e+04  2.13192193e+02  1.99526231e+04 -8.98527620e+01 
 2.15443469e+04  2.07987772e+02  2.15443469e+04 -9.46528098e+01 
 2.32630507e+04  2.02231756e+02  2.32630507e+04 -9.93758842e+01 
 2.51188643e+04  1.95910347e+02  2.51188643e+04 -1.03950218e+02 
 2.71227258e+04  1.89021462e+02  2.71227258e+04 -1.08296902e+02 
 2.92864456e+04  1.81577108e+02  2.92864456e+04 -1.12331998e+02 
 3.16227766e+04  1.73605341e+02  3.16227766e+04 -1.15969459e+02 
 3.41454887e+04  1.65151517e+02  3.41454887e+04 -1.19124770e+02 
 3.68694506e+04  1.56278560e+02  3.68694506e+04 -1.21719120e+02 
 3.98107171e+04  1.47066027e+02  3.98107171e+04 -1.23683779e+02 
 4.29866235e+04  1.37607877e+02  4.29866235e+04 -1.24964293e+02 
 4.64158883e+04  1.28009002e+02  4.64158883e+04 -1.25524033e+02 
 5.01187234e+04  1.18380752e+02  5.01187234e+04 -1.25346707e+02 
 5.41169527e+04  1.08835845e+02  5.41169527e+04 -1.24437494e+02 
 5.84341413e+04  9.94831368e+01  5.84341413e+04 -1.22822686e+02 
 6.30957344e+04  9.04227731e+01  6.30957344e+04 -1.20547858e+02 
 6.81292069e+04  8.17421567e+01  6.81292069e+04 -1.17674811e+02 
 7.35642254e+04  7.35130550e+01  7.35642254e+04 -1.14277663e+02 
 7.94328235e+04  6.57899940e+01  7.94328235e+04 -1.10438507e+02 
 8.57695899e+04  5.86099219e+01  8.57695899e+04 -1.06243087e+02 
 9.26118728e+04  5.19929802e+01  9.26118728e+04 -1.01776850e+02 
 1.00000000e+05  4.59441328e+01  1.00000000e+05 -9.71216347e+01 
 1.07977516e+05  4.04553594e+01  1.07977516e+05 -9.23531349e+01 
 1.16591440e+05  3.55081332e+01  1.16591440e+05 -8.75391700e+01 
 1.25892541e+05  3.10759378e+01  1.25892541e+05 -8.27387093e+01 
 1.35935639e+05  2.71266417e+01  1.35935639e+05 -7.80015382e+01 
 1.46779927e+05  2.36246087e+01  1.46779927e+05 -7.33684320e+01 
 1.58489319e+05  2.05324776e+01  1.58489319e+05 -6.88716933e+01 
 1.71132830e+05  1.78125943e+01  1.71132830e+05 -6.45359282e+01 
 1.84784980e+05  1.54281062e+01  1.84784980e+05 -6.03789488e+01 
 1.99526231e+05  1.33437558e+01  1.99526231e+05 -5.64127208e+01 
 2.15443469e+05  1.15264142e+01  2.15443469e+05 -5.26442924e+01 
 2.32630507e+05  9.94540386e+00  2.32630507e+05 -4.90766656e+01 
 2.51188643e+05  8.57265582e+00  2.51188643e+05 -4.57095842e+01 
 2.71227258e+05  7.38274127e+00  2.71227258e+05 -4.25402287e+01 
 2.92864456e+05  6.35281331e+00  2.92864456e+05 -3.95638136e+01 
 3.16227766e+05  5.46248695e+00  3.16227766e+05 -3.67740927e+01 
 3.41454887e+05  4.69368011e+00  3.41454887e+05 -3.41637780e+01 
 3.68694506e+05  4.03043264e+00  3.68694506e+05 -3.17248821e+01 
 3.98107171e+05  3.45871638e+00  3.98107171e+05 -2.94489939e+01 
 4.29866235e+05  2.96624522e+00  4.29866235e+05 -2.73274971e+01 
 4.64158883e+05  2.54229135e+00  4.64158883e+05 -2.53517404e+01 
 5.01187234e+05  2.17751181e+00  5.01187234e+05 -2.35131678e+01 
 5.41169527e+05  1.86378769e+00  5.41169527e+05 -2.18034165e+01 
 5.84341413e+05  1.59407702e+00  5.84341413e+05 -2.02143878e+01 
 6.30957344e+05  1.36228174e+00  6.30957344e+05 -1.87382967e+01 
 6.81292069e+05  1.16312846e+00  6.81292069e+05 -1.73677056e+01 
 7.35642254e+05  9.92062271e-01  7.35642254e+05 -1.60955430e+01 
 7.94328235e+05  8.45152835e-01  7.94328235e+05 -1.49151140e+01 
 8.57695899e+05  7.19011666e-01  8.57695899e+05 -1.38201007e+01 
 9.26118728e+05  6.10719577e-01  9.26118728e+05 -1.28045590e+01 
 1.00000000e+06  5.17763280e-01  1.00000000e+06 -1.18629090e+01 
 1.07977516e+06  4.37980115e-01  1.07977516e+06 -1.09899237e+01 
 1.16591440e+06  3.69509999e-01  1.16591440e+06 -1.01807148e+01 
 1.25892541e+06  3.10753732e-01  1.25892541e+06 -9.43071718e+00 
 1.35935639e+06  2.60336872e-01  1.35935639e+06 -8.73567315e+00 
 1.46779927e+06  2.17078495e-01  1.46779927e+06 -8.09161545e+00 
 1.58489319e+06  1.79964204e-01  1.58489319e+06 -7.49485085e+00 
 1.71132830e+06  1.48122831e-01  1.71132830e+06 -6.94194380e+00 
 1.84784980e+06  1.20806354e-01  1.84784980e+06 -6.42970048e+00 
 1.99526231e+06  9.73725931e-02  1.99526231e+06 -5.95515342e+00 
 2.15443469e+06  7.72703079e-02  2.15443469e+06 -5.51554671e+00 
 2.32630507e+06  6.00263775e-02  2.32630507e+06 -5.10832196e+00 
 2.51188643e+06  4.52347711e-02  2.51188643e+06 -4.73110495e+00 
 2.71227258e+06  3.25470667e-02  2.71227258e+06 -4.38169298e+00 
 2.92864456e+06  2.16643011e-02  2.92864456e+06 -4.05804302e+00 
 3.16227766e+06  1.23299688e-02  3.16227766e+06 -3.75826051e+00 
 3.41454887e+06  4.32400675e-03  3.41454887e+06 -3.48058889e+00 
 3.68694506e+06 -2.54237032e-03  3.68694506e+06 -3.22339979e+00 
 3.98107171e+06 -8.43110466e-03  3.98107171e+06 -2.98518391e+00 
 4.29866235e+06 -1.34811024e-02  4.29866235e+06 -2.76454239e+00 
 4.64158883e+06 -1.78115011e-02  4.64158883e+06 -2.56017893e+00 
 5.01187234e+06 -2.15244734e-02  5.01187234e+06 -2.37089229e+00 
 5.41169527e+06 -2.47076328e-02  5.41169527e+06 -2.19556946e+00 
 5.84341413e+06 -2.74360979e-02  5.84341413e+06 -2.03317917e+00 
 6.30957344e+06 -2.97742616e-02  6.30957344e+06 -1.88276596e+00 
 6.81292069e+06 -3.17773096e-02  6.81292069e+06 -1.74344464e+00 
 7.35642254e+06 -3.34925215e-02  7.35642254e+06 -1.61439512e+00 
 7.94328235e+06 -3.49603852e-02  7.94328235e+06 -1.49485764e+00 
 8.57695899e+06 -3.62155528e-02  8.57695899e+06 -1.38412837e+00 
 9.26118728e+06 -3.72876578e-02  9.26118728e+06 -1.28155523e+00 
 1.00000000e+07 -3.82020149e-02  1.00000000e+07 -1.18653414e+00 
 1.07977516e+07 -3.89802176e-02  1.07977516e+07 -1.09850547e+00 
 1.16591440e+07 -3.96406487e-02  1.16591440e+07 -1.01695074e+00 
 1.25892541e+07 -4.01989153e-02  1.25892541e+07 -9.41389597e-01 
 1.35935639e+07 -4.06682183e-02  1.35935639e+07 -8.71377014e-01 
 1.46779927e+07 -4.10596659e-02  1.46779927e+07 -8.06500664e-01 
 1.58489319e+07 -4.13825390e-02  1.58489319e+07 -7.46378514e-01 
 1.71132830e+07 -4.16445131e-02  1.71132830e+07 -6.90656589e-01 
 1.84784980e+07 -4.18518448e-02  1.84784980e+07 -6.39006910e-01 
 1.99526231e+07 -4.20095260e-02  1.99526231e+07 -5.91125578e-01 
 2.15443469e+07 -4.21214101e-02  2.15443469e+07 -5.46731007e-01 
 2.32630507e+07 -4.21903151e-02  2.32630507e+07 -5.05562299e-01 
 2.51188643e+07 -4.22181051e-02  2.51188643e+07 -4.67377739e-01 
 2.71227258e+07 -4.22057557e-02  2.71227258e+07 -4.31953410e-01 
 2.92864456e+07 -4.21534038e-02  2.92864456e+07 -3.99081931e-01 
 3.16227766e+07 -4.20603876e-02  3.16227766e+07 -3.68571288e-01 
 3.41454887e+07 -4.19252780e-02  3.41454887e+07 -3.40243779e-01 
 3.68694506e+07 -4.17459076e-02  3.68694506e+07 -3.13935046e-01 
 3.98107171e+07 -4.15193992e-02  3.98107171e+07 -2.89493207e-01 
 4.29866235e+07 -4.12422025e-02  4.29866235e+07 -2.66778069e-01 
 4.64158883e+07 -4.09101415e-02  4.64158883e+07 -2.45660426e-01 
 5.01187234e+07 -4.05184834e-02  5.01187234e+07 -2.26021433e-01 
 5.41169527e+07 -4.00620335e-02  5.41169527e+07 -2.07752051e-01 
 5.84341413e+07 -3.95352682e-02  5.84341413e+07 -1.90752542e-01 
 6.30957344e+07 -3.89325105e-02  6.30957344e+07 -1.74932023e-01 
 6.81292069e+07 -3.82481585e-02  6.81292069e+07 -1.60208043e-01 
 7.35642254e+07 -3.74769691e-02  7.35642254e+07 -1.46506170e-01 
 7.94328235e+07 -3.66143978e-02  7.94328235e+07 -1.33759572e-01 
 8.57695899e+07 -3.56569874e-02  8.57695899e+07 -1.21908559e-01 
 9.26118728e+07 -3.46027906e-02  9.26118728e+07 -1.10900052e-01 
 1.00000000e+08 -3.34518009e-02  1.00000000e+08 -1.00686977e-01 
 1.07977516e+08 -3.22063554e-02  1.07977516e+08 -9.12275469e-02 
 1.16591440e+08 -3.08714651e-02  1.16591440e+08 -8.24844374e-02 
 1.25892541e+08 -2.94550237e-02  1.25892541e+08 -7.44238647e-02 
 1.35935639e+08 -2.79678493e-02  1.35935639e+08 -6.70146018e-02 
 1.46779927e+08 -2.64235221e-02  1.46779927e+08 -6.02269808e-02 
 1.58489319e+08 -2.48380039e-02  1.58489319e+08 -5.40319494e-02 
 1.71132830e+08 -2.32290506e-02  1.71132830e+08 -4.84002556e-02 
 1.84784980e+08 -2.16154579e-02  1.84784980e+08 -4.33018277e-02 
 1.99526231e+08 -2.00162049e-02  1.99526231e+08 -3.87053994e-02 
 2.15443469e+08 -1.84495800e-02  2.15443469e+08 -3.45784030e-02 
 2.32630507e+08 -1.69323711e-02  2.32630507e+08 -3.08871202e-02 
 2.51188643e+08 -1.54791967e-02  2.51188643e+08 -2.75970484e-02 
 2.71227258e+08 -1.41020297e-02  2.71227258e+08 -2.46734215e-02 
 2.92864456e+08 -1.28099372e-02  2.92864456e+08 -2.20818074e-02 
 3.16227766e+08 -1.16090325e-02  3.16227766e+08 -1.97887118e-02 
 3.41454887e+08 -1.05026119e-02  3.41454887e+08 -1.77621247e-02 
 3.68694506e+08 -9.49143335e-03  3.68694506e+08 -1.59719676e-02 
 3.98107171e+08 -8.57408794e-03  3.98107171e+08 -1.43904174e-02 
 4.29866235e+08 -7.74741724e-03  4.29866235e+08 -1.29921023e-02 
 4.64158883e+08 -7.00693585e-03  4.64158883e+08 -1.17541779e-02 
 5.01187234e+08 -6.34722890e-03  5.01187234e+08 -1.06563032e-02 
 5.41169527e+08 -5.76230456e-03  5.41169527e+08 -9.68053739e-03 
 5.84341413e+08 -5.24589092e-03  5.84341413e+08 -8.81118203e-03 
 6.30957344e+08 -4.79167423e-03  6.30957344e+08 -8.03458851e-03 
 6.81292069e+08 -4.39348088e-03  6.81292069e+08 -7.33894970e-03 
 7.35642254e+08 -4.04540880e-03  7.35642254e+08 -6.71408856e-03 
 7.94328235e+08 -3.74191577e-03  7.94328235e+08 -6.15125400e-03 
 8.57695899e+08 -3.47787250e-03  8.57695899e+08 -5.64293025e-03 
 9.26118728e+08 -3.24858812e-03  9.26118728e+08 -5.18266354e-03 
 1.00000000e+09 -3.04981491e-03  1.00000000e+09 -4.76490763e-03 
 1.07977516e+09 -2.87773803e-03  1.07977516e+09 -4.38488839e-03 
 1.16591440e+09 -2.72895507e-03  1.16591440e+09 -4.03848656e-03 
 1.25892541e+09 -2.60044908e-03  1.25892541e+09 -3.72213737e-03 
 1.35935639e+09 -2.48955805e-03  1.35935639e+09 -3.43274514e-03 
 1.46779927e+09 -2.39394287e-03  1.46779927e+09 -3.16761129e-03 
 1.58489319e+09 -2.31155538e-03  1.58489319e+09 -2.92437373e-03 
 1.71132830e+09 -2.24060750e-03  1.71132830e+09 -2.70095620e-03 
 1.84784980e+09 -2.17954207e-03  1.84784980e+09 -2.49552587e-03 
 1.99526231e+09 -2.12700595e-03  1.99526231e+09 -2.30645804e-03 
 2.15443469e+09 -2.08182533e-03  2.15443469e+09 -2.13230661e-03 
 2.32630507e+09 -2.04298356e-03  2.32630507e+09 -1.97177938e-03 
 2.51188643e+09 -2.00960119e-03  2.51188643e+09 -1.82371753e-03 
 2.71227258e+09 -1.98091836e-03  2.71227258e+09 -1.68707819e-03 
 2.92864456e+09 -1.95627907e-03  2.92864456e+09 -1.56091992e-03 
 3.16227766e+09 -1.93511754e-03  3.16227766e+09 -1.44439040e-03 
 3.41454887e+09 -1.91694608e-03  3.41454887e+09 -1.33671590e-03 
 3.68694506e+09 -1.90134461e-03  3.68694506e+09 -1.23719240e-03 
 3.98107171e+09 -1.88795144e-03  3.98107171e+09 -1.14517795e-03 
 4.29866235e+09 -1.87645537e-03  4.29866235e+09 -1.06008603e-03 
 4.64158883e+09 -1.86658869e-03  4.64158883e+09 -9.81379878e-04 
 5.01187234e+09 -1.85812122e-03  5.01187234e+09 -9.08567517e-04 
 5.41169527e+09 -1.85085510e-03  5.41169527e+09 -8.41197417e-04 
 5.84341413e+09 -1.84462031e-03  5.84341413e+09 -7.78854673e-04 
 6.30957344e+09 -1.83927077e-03  6.30957344e+09 -7.21157647e-04 
 6.81292069e+09 -1.83468104e-03  6.81292069e+09 -6.67754975e-04 
 7.35642254e+09 -1.83074336e-03  7.35642254e+09 -6.18322912e-04 
 7.94328235e+09 -1.82736523e-03  7.94328235e+09 -5.72562953e-04 
 8.57695899e+09 -1.82446723e-03  8.57695899e+09 -5.30199700e-04 
 9.26118728e+09 -1.82198119e-03  9.26118728e+09 -4.90978939e-04 
 1.00000000e+10 -1.81984861e-03  1.00000000e+10 -4.54665907e-04 
