 1.00000000e+00  2.42688759e+02  1.00000000e+00 -2.98211928e-03 
 1.07977516e+00  2.42688759e+02  1.07977516e+00 -3.22001833e-03 
 1.16591440e+00  2.42688759e+02  1.16591440e+00 -3.47689581e-03 
 1.25892541e+00  2.42688759e+02  1.25892541e+00 -3.75426574e-03 
 1.35935639e+00  2.42688759e+02  1.35935639e+00 -4.05376290e-03 
 1.46779927e+00  2.42688759e+02  1.46779927e+00 -4.37715249e-03 
 1.58489319e+00  2.42688759e+02  1.58489319e+00 -4.72634054e-03 
 1.71132830e+00  2.42688759e+02  1.71132830e+00 -5.10338513e-03 
 1.84784980e+00  2.42688759e+02  1.84784980e+00 -5.51050850e-03 
 1.99526231e+00  2.42688759e+02  1.99526231e+00 -5.95011021e-03 
 2.15443469e+00  2.42688759e+02  2.15443469e+00 -6.42478122e-03 
 2.32630507e+00  2.42688759e+02  2.32630507e+00 -6.93731918e-03 
 2.51188643e+00  2.42688759e+02  2.51188643e+00 -7.49074495e-03 
 2.71227258e+00  2.42688759e+02  2.71227258e+00 -8.08832034e-03 
 2.92864456e+00  2.42688759e+02  2.92864456e+00 -8.73356740e-03 
 3.16227766e+00  2.42688759e+02  3.16227766e+00 -9.43028916e-03 
 3.41454887e+00  2.42688759e+02  3.41454887e+00 -1.01825920e-02 
 3.68694506e+00  2.42688759e+02  3.68694506e+00 -1.09949099e-02 
 3.98107171e+00  2.42688759e+02  3.98107171e+00 -1.18720307e-02 
 4.29866235e+00  2.42688759e+02  4.29866235e+00 -1.28191238e-02 
 4.64158883e+00  2.42688759e+02  4.64158883e+00 -1.38417715e-02 
 5.01187234e+00  2.42688758e+02  5.01187234e+00 -1.49460011e-02 
 5.41169527e+00  2.42688758e+02  5.41169527e+00 -1.61383207e-02 
 5.84341413e+00  2.42688758e+02  5.84341413e+00 -1.74257578e-02 
 6.30957344e+00  2.42688758e+02  6.30957344e+00 -1.88159005e-02 
 6.81292069e+00  2.42688758e+02  6.81292069e+00 -2.03169420e-02 
 7.35642254e+00  2.42688757e+02  7.35642254e+00 -2.19377293e-02 
 7.94328235e+00  2.42688757e+02  7.94328235e+00 -2.36878152e-02 
 8.57695899e+00  2.42688757e+02  8.57695899e+00 -2.55775145e-02 
 9.26118728e+00  2.42688756e+02  9.26118728e+00 -2.76179648e-02 
 1.00000000e+01  2.42688756e+02  1.00000000e+01 -2.98211923e-02 
 1.07977516e+01  2.42688755e+02  1.07977516e+01 -3.22001827e-02 
 1.16591440e+01  2.42688754e+02  1.16591440e+01 -3.47689574e-02 
 1.25892541e+01  2.42688754e+02  1.25892541e+01 -3.75426565e-02 
 1.35935639e+01  2.42688753e+02  1.35935639e+01 -4.05376279e-02 
 1.46779927e+01  2.42688751e+02  1.46779927e+01 -4.37715235e-02 
 1.58489319e+01  2.42688750e+02  1.58489319e+01 -4.72634036e-02 
 1.71132830e+01  2.42688749e+02  1.71132830e+01 -5.10338490e-02 
 1.84784980e+01  2.42688747e+02  1.84784980e+01 -5.51050822e-02 
 1.99526231e+01  2.42688745e+02  1.99526231e+01 -5.95010986e-02 
 2.15443469e+01  2.42688742e+02  2.15443469e+01 -6.42478077e-02 
 2.32630507e+01  2.42688740e+02  2.32630507e+01 -6.93731862e-02 
 2.51188643e+01  2.42688736e+02  2.51188643e+01 -7.49074424e-02 
 2.71227258e+01  2.42688732e+02  2.71227258e+01 -8.08831945e-02 
 2.92864456e+01  2.42688728e+02  2.92864456e+01 -8.73356629e-02 
 3.16227766e+01  2.42688723e+02  3.16227766e+01 -9.43028775e-02 
 3.41454887e+01  2.42688717e+02  3.41454887e+01 -1.01825902e-01 
 3.68694506e+01  2.42688710e+02  3.68694506e+01 -1.09949077e-01 
 3.98107171e+01  2.42688701e+02  3.98107171e+01 -1.18720278e-01 
 4.29866235e+01  2.42688692e+02  4.29866235e+01 -1.28191203e-01 
 4.64158883e+01  2.42688680e+02  4.64158883e+01 -1.38417670e-01 
 5.01187234e+01  2.42688667e+02  5.01187234e+01 -1.49459954e-01 
 5.41169527e+01  2.42688652e+02  5.41169527e+01 -1.61383136e-01 
 5.84341413e+01  2.42688634e+02  5.84341413e+01 -1.74257490e-01 
 6.30957344e+01  2.42688614e+02  6.30957344e+01 -1.88158893e-01 
 6.81292069e+01  2.42688589e+02  6.81292069e+01 -2.03169279e-01 
 7.35642254e+01  2.42688561e+02  7.35642254e+01 -2.19377116e-01 
 7.94328235e+01  2.42688528e+02  7.94328235e+01 -2.36877929e-01 
 8.57695899e+01  2.42688490e+02  8.57695899e+01 -2.55774863e-01 
 9.26118728e+01  2.42688445e+02  9.26118728e+01 -2.76179294e-01 
 1.00000000e+02  2.42688393e+02  1.00000000e+02 -2.98211478e-01 
 1.07977516e+02  2.42688332e+02  1.07977516e+02 -3.22001266e-01 
 1.16591440e+02  2.42688261e+02  1.16591440e+02 -3.47688868e-01 
 1.25892541e+02  2.42688179e+02  1.25892541e+02 -3.75425676e-01 
 1.35935639e+02  2.42688082e+02  1.35935639e+02 -4.05375159e-01 
 1.46779927e+02  2.42687970e+02  1.46779927e+02 -4.37713826e-01 
 1.58489319e+02  2.42687839e+02  1.58489319e+02 -4.72632263e-01 
 1.71132830e+02  2.42687686e+02  1.71132830e+02 -5.10336257e-01 
 1.84784980e+02  2.42687508e+02  1.84784980e+02 -5.51048011e-01 
 1.99526231e+02  2.42687301e+02  1.99526231e+02 -5.95007446e-01 
 2.15443469e+02  2.42687059e+02  2.15443469e+02 -6.42473622e-01 
 2.32630507e+02  2.42686777e+02  2.32630507e+02 -6.93726253e-01 
 2.51188643e+02  2.42686448e+02  2.51188643e+02 -7.49067362e-01 
 2.71227258e+02  2.42686064e+02  2.71227258e+02 -8.08823055e-01 
 2.92864456e+02  2.42685617e+02  2.92864456e+02 -8.73345436e-01 
 3.16227766e+02  2.42685096e+02  3.16227766e+02 -9.43014685e-01 
 3.41454887e+02  2.42684488e+02  3.41454887e+02 -1.01824128e+00 
 3.68694506e+02  2.42683779e+02  3.68694506e+02 -1.09946844e+00 
 3.98107171e+02  2.42682953e+02  3.98107171e+02 -1.18717467e+00 
 4.29866235e+02  2.42681990e+02  4.29866235e+02 -1.28187664e+00 
 4.64158883e+02  2.42680867e+02  4.64158883e+02 -1.38413215e+00 
 5.01187234e+02  2.42679557e+02  5.01187234e+02 -1.49454345e+00 
 5.41169527e+02  2.42678031e+02  5.41169527e+02 -1.61376075e+00 
 5.84341413e+02  2.42676251e+02  5.84341413e+02 -1.74248600e+00 
 6.30957344e+02  2.42674175e+02  6.30957344e+02 -1.88147701e+00 
 6.81292069e+02  2.42671756e+02  6.81292069e+02 -2.03155190e+00 
 7.35642254e+02  2.42668935e+02  7.35642254e+02 -2.19359378e+00 
 7.94328235e+02  2.42665646e+02  7.94328235e+02 -2.36855599e+00 
 8.57695899e+02  2.42661811e+02  8.57695899e+02 -2.55746753e+00 
 9.26118728e+02  2.42657341e+02  9.26118728e+02 -2.76143905e+00 
 1.00000000e+03  2.42652129e+02  1.00000000e+03 -2.98166927e+00 
 1.07977516e+03  2.42646053e+02  1.07977516e+03 -3.21945181e+00 
 1.16591440e+03  2.42638968e+02  1.16591440e+03 -3.47618263e+00 
 1.25892541e+03  2.42630709e+02  1.25892541e+03 -3.75336793e+00 
 1.35935639e+03  2.42621081e+02  1.35935639e+03 -4.05263267e+00 
 1.46779927e+03  2.42609855e+02  1.46779927e+03 -4.37572968e+00 
 1.58489319e+03  2.42596769e+02  1.58489319e+03 -4.72454943e+00 
 1.71132830e+03  2.42581513e+02  1.71132830e+03 -5.10113039e+00 
 1.84784980e+03  2.42563729e+02  1.84784980e+03 -5.50767017e+00 
 1.99526231e+03  2.42542997e+02  1.99526231e+03 -5.94653727e+00 
 2.15443469e+03  2.42518830e+02  2.15443469e+03 -6.42028360e+00 
 2.32630507e+03  2.42490659e+02  2.32630507e+03 -6.93165767e+00 
 2.51188643e+03  2.42457823e+02  2.51188643e+03 -7.48361849e+00 
 2.71227258e+03  2.42419549e+02  2.71227258e+03 -8.07935007e+00 
 2.92864456e+03  2.42374941e+02  2.92864456e+03 -8.72227659e+00 
 3.16227766e+03  2.42322953e+02  3.16227766e+03 -9.41607791e+00 
 3.41454887e+03  2.42262367e+02  3.41454887e+03 -1.01647056e+01 
 3.68694506e+03  2.42191767e+02  3.68694506e+03 -1.09723988e+01 
 3.98107171e+03  2.42109506e+02  3.98107171e+03 -1.18437005e+01 
 4.29866235e+03  2.42013667e+02  4.29866235e+03 -1.27834723e+01 
 4.64158883e+03  2.41902022e+02  4.64158883e+03 -1.37969096e+01 
 5.01187234e+03  2.41771984e+02  5.01187234e+03 -1.48895537e+01 
 5.41169527e+03  2.41620547e+02  5.41169527e+03 -1.60673022e+01 
 5.84341413e+03  2.41444224e+02  5.84341413e+03 -1.73364160e+01 
 6.30957344e+03  2.41238971e+02  6.30957344e+03 -1.87035214e+01 
 6.81292069e+03  2.41000103e+02  6.81292069e+03 -2.01756051e+01 
 7.35642254e+03  2.40722201e+02  7.35642254e+03 -2.17600019e+01 
 7.94328235e+03  2.40398998e+02  7.94328235e+03 -2.34643700e+01 
 8.57695899e+03  2.40023265e+02  8.57695899e+03 -2.52966532e+01 
 9.26118728e+03  2.39586673e+02  9.26118728e+03 -2.72650244e+01 
 1.00000000e+04  2.39079645e+02  1.00000000e+04 -2.93778068e+01 
 1.07977516e+04  2.38491195e+02  1.07977516e+04 -3.16433670e+01 
 1.16591440e+04  2.37808760e+02  1.16591440e+04 -3.40699733e+01 
 1.25892541e+04  2.37018012e+02  1.25892541e+04 -3.66656131e+01 
 1.35935639e+04  2.36102681e+02  1.35935639e+04 -3.94377587e+01 
 1.46779927e+04  2.35044368e+02  1.46779927e+04 -4.23930755e+01 
 1.58489319e+04  2.33822380e+02  1.58489319e+04 -4.55370605e+01 
 1.71132830e+04  2.32413590e+02  1.71132830e+04 -4.88736032e+01 
 1.84784980e+04  2.30792341e+02  1.84784980e+04 -5.24044607e+01 
 1.99526231e+04  2.28930426e+02  1.99526231e+04 -5.61286398e+01 
 2.15443469e+04  2.26797163e+02  2.15443469e+04 -6.00416875e+01 
 2.32630507e+04  2.24359608e+02  2.32630507e+04 -6.41348927e+01 
 2.51188643e+04  2.21582952e+02  2.51188643e+04 -6.83944170e+01 
 2.71227258e+04  2.18431132e+02  2.71227258e+04 -7.28003831e+01 
 2.92864456e+04  2.14867720e+02  2.92864456e+04 -7.73259687e+01 
 3.16227766e+04  2.10857112e+02  3.16227766e+04 -8.19365741e+01 
 3.41454887e+04  2.06366057e+02  3.41454887e+04 -8.65891553e+01 
 3.68694506e+04  2.01365516e+02  3.68694506e+04 -9.12318363e+01 
 3.98107171e+04  1.95832820e+02  3.98107171e+04 -9.58039312e+01 
 4.29866235e+04  1.89754041e+02  4.29866235e+04 -1.00236514e+02 
 4.64158883e+04  1.83126435e+02  4.64158883e+04 -1.04453657e+02 
 5.01187234e+04  1.75960753e+02  5.01187234e+04 -1.08374430e+02 
 5.41169527e+04  1.68283164e+02  5.41169527e+04 -1.11915680e+02 
 5.84341413e+04  1.60136517e+02  5.84341413e+04 -1.14995509e+02 
 6.30957344e+04  1.51580658e+02  6.30957344e+04 -1.17537288e+02 
 6.81292069e+04  1.42691600e+02  6.81292069e+04 -1.19473888e+02 
 7.35642254e+04  1.33559439e+02  7.35642254e+04 -1.20751754e+02 
 7.94328235e+04  1.24285068e+02  7.94328235e+04 -1.21334387e+02 
 8.57695899e+04  1.14975898e+02  8.57695899e+04 -1.21204838e+02 
 9.26118728e+04  1.05740957e+02  9.26118728e+04 -1.20366893e+02 
 1.00000000e+05  9.66858332e+01  1.00000000e+05 -1.18844805e+02 
 1.07977516e+05  8.79079506e+01  1.07977516e+05 -1.16681610e+02 
 1.16591440e+05  7.94926151e+01  1.16591440e+05 -1.13936232e+02 
 1.25892541e+05  7.15101477e+01  1.25892541e+05 -1.10679736e+02 
 1.35935639e+05  6.40142583e+01  1.35935639e+05 -1.06991148e+02 
 1.46779927e+05  5.70416511e+01  1.46779927e+05 -1.02953262e+02 
 1.58489319e+05  5.06127143e+01  1.58489319e+05 -9.86487936e+01 
 1.71132830e+05  4.47330528e+01  1.71132830e+05 -9.41571376e+01 
 1.84784980e+05  3.93955852e+01  1.84784980e+05 -8.95518708e+01 
 1.99526231e+05  3.45829294e+01  1.99526231e+05 -8.48990350e+01 
 2.15443469e+05  3.02698392e+01  2.15443469e+05 -8.02561533e+01 
 2.32630507e+05  2.64255120e+01  2.32630507e+05 -7.56718750e+01 
 2.51188643e+05  2.30156454e+01  2.51188643e+05 -7.11861175e+01 
 2.71227258e+05  2.00041782e+01  2.71227258e+05 -6.68305703e+01 
 2.92864456e+05  1.73546934e+01  2.92864456e+05 -6.26294336e+01 
 3.16227766e+05  1.50314959e+01  3.16227766e+05 -5.86002871e+01 
 3.41454887e+05  1.30003946e+01  3.41454887e+05 -5.47550046e+01 
 3.68694506e+05  1.12292318e+01  3.68694506e+05 -5.11006548e+01 
 3.98107171e+05  9.68820645e+00  3.98107171e+05 -4.76403472e+01 
 4.29866235e+05  8.35003394e+00  4.29866235e+05 -4.43739998e+01 
 4.64158883e+05  7.18998279e+00  4.64158883e+05 -4.12990152e+01 
 5.01187234e+05  6.18582274e+00  5.01187234e+05 -3.84108645e+01 
 5.41169527e+05  5.31771153e+00  5.41169527e+05 -3.57035802e+01 
 5.84341413e+05  4.56804291e+00  5.84341413e+05 -3.31701661e+01 
 6.30957344e+05  3.92127256e+00  6.30957344e+05 -3.08029324e+01 
 6.81292069e+05  3.36373472e+00  6.81292069e+05 -2.85937656e+01 
 7.35642254e+05  2.88345830e+00  7.35642254e+05 -2.65343428e+01 
 7.94328235e+05  2.46998887e+00  7.94328235e+05 -2.46162988e+01 
 8.57695899e+05  2.11422029e+00  8.57695899e+05 -2.28313539e+01 
 9.26118728e+05  1.80823847e+00  9.26118728e+05 -2.11714107e+01 
 1.00000000e+06  1.54517839e+00  1.00000000e+06 -1.96286232e+01 
 1.07977516e+06  1.31909470e+00  1.07977516e+06 -1.81954471e+01 
 1.16591440e+06  1.12484570e+00  1.16591440e+06 -1.68646715e+01 
 1.25892541e+06  9.57989917e-01  1.25892541e+06 -1.56294395e+01 
 1.35935639e+06  8.14694712e-01  1.35935639e+06 -1.44832571e+01 
 1.46779927e+06  6.91655659e-01  1.46779927e+06 -1.34199957e+01 
 1.58489319e+06  5.86025878e-01  1.58489319e+06 -1.24338877e+01 
 1.71132830e+06  4.95354252e-01  1.71132830e+06 -1.15195186e+01 
 1.84784980e+06  4.17531555e-01  1.84784980e+06 -1.06718155e+01 
 1.99526231e+06  3.50743620e-01  1.99526231e+06 -9.88603407e+00 
 2.15443469e+06  2.93430688e-01  2.15443469e+06 -9.15774318e+00 
 2.32630507e+06  2.44252193e-01  2.32630507e+06 -8.48280966e+00 
 2.51188643e+06  2.02056301e-01  2.51188643e+06 -7.85738221e+00 
 2.71227258e+06  1.65853591e-01  2.71227258e+06 -7.27787534e+00 
 2.92864456e+06  1.34794336e-01  2.92864456e+06 -6.74095358e+00 
 3.16227766e+06  1.08148923e-01  3.16227766e+06 -6.24351599e+00 
 3.41454887e+06  8.52909711e-02  3.41454887e+06 -5.78268134e+00 
 3.68694506e+06  6.56828033e-02  3.68694506e+06 -5.35577371e+00 
 3.98107171e+06  4.88629412e-02  3.98107171e+06 -4.96030890e+00 
 4.29866235e+06  3.44353490e-02  4.29866235e+06 -4.59398147e+00 
 4.64158883e+06  2.20601863e-02  4.64158883e+06 -4.25465251e+00 
 5.01187234e+06  1.14458598e-02  5.01187234e+06 -3.94033807e+00 
 5.41169527e+06  2.34219475e-03  5.41169527e+06 -3.64919837e+00 
 5.84341413e+06 -5.46543094e-03  5.84341413e+06 -3.37952758e+00 
 6.30957344e+06 -1.21611237e-02  6.30957344e+06 -3.12974432e+00 
 6.81292069e+06 -1.79027989e-02  6.81292069e+06 -2.89838281e+00 
 7.35642254e+06 -2.28258930e-02  7.35642254e+06 -2.68408450e+00 
 7.94328235e+06 -2.70465492e-02  7.94328235e+06 -2.48559039e+00 
 8.57695899e+06 -3.06643509e-02  8.57695899e+06 -2.30173379e+00 
 9.26118728e+06 -3.37646665e-02  9.26118728e+06 -2.13143365e+00 
 1.00000000e+07 -3.64206602e-02  1.00000000e+07 -1.97368826e+00 
 1.07977516e+07 -3.86950163e-02  1.07977516e+07 -1.82756954e+00 
 1.16591440e+07 -4.06414164e-02  1.16591440e+07 -1.69221761e+00 
 1.25892541e+07 -4.23058059e-02  1.25892541e+07 -1.56683577e+00 
 1.35935639e+07 -4.37274776e-02  1.35935639e+07 -1.45068591e+00 
 1.46779927e+07 -4.49399985e-02  1.46779927e+07 -1.34308417e+00 
 1.58489319e+07 -4.59720035e-02  1.58489319e+07 -1.24339700e+00 
 1.71132830e+07 -4.68478711e-02  1.71132830e+07 -1.15103736e+00 
 1.84784980e+07 -4.75883006e-02  1.84784980e+07 -1.06546140e+00 
 1.99526231e+07 -4.82108025e-02  1.99526231e+07 -9.86165196e-01 
 2.15443469e+07 -4.87301149e-02  2.15443469e+07 -9.12681862e-01 
 2.32630507e+07 -4.91585548e-02  2.32630507e+07 -8.44578780e-01 
 2.51188643e+07 -4.95063142e-02  2.51188643e+07 -7.81455100e-01 
 2.71227258e+07 -4.97817077e-02  2.71227258e+07 -7.22939396e-01 
 2.92864456e+07 -4.99913779e-02  2.92864456e+07 -6.68687507e-01 
 3.16227766e+07 -5.01404655e-02  3.16227766e+07 -6.18380546e-01 
 3.41454887e+07 -5.02327466e-02  3.41454887e+07 -5.71723062e-01 
 3.68694506e+07 -5.02707451e-02  3.68694506e+07 -5.28441344e-01 
 3.98107171e+07 -5.02558214e-02  3.98107171e+07 -4.88281869e-01 
 4.29866235e+07 -5.01882445e-02  4.29866235e+07 -4.51009873e-01 
 4.64158883e+07 -5.00672498e-02  4.64158883e+07 -4.16408052e-01 
 5.01187234e+07 -4.98910889e-02  5.01187234e+07 -3.84275374e-01 
 5.41169527e+07 -4.96570764e-02  5.41169527e+07 -3.54426006e-01 
 5.84341413e+07 -4.93616408e-02  5.84341413e+07 -3.26688343e-01 
 6.30957344e+07 -4.90003848e-02  6.30957344e+07 -3.00904144e-01 
 6.81292069e+07 -4.85681664e-02  6.81292069e+07 -2.76927754e-01 
 7.35642254e+07 -4.80592079e-02  7.35642254e+07 -2.54625411e-01 
 7.94328235e+07 -4.74672436e-02  7.94328235e+07 -2.33874638e-01 
 8.57695899e+07 -4.67857165e-02  8.57695899e+07 -2.14563679e-01 
 9.26118728e+07 -4.60080338e-02  9.26118728e+07 -1.96590995e-01 
 1.00000000e+08 -4.51278864e-02  1.00000000e+08 -1.79864769e-01 
 1.07977516e+08 -4.41396357e-02  1.07977516e+08 -1.64302416e-01 
 1.16591440e+08 -4.30387625e-02  1.16591440e+08 -1.49830049e-01 
 1.25892541e+08 -4.18223633e-02  1.25892541e+08 -1.36381887e-01 
 1.35935639e+08 -4.04896669e-02  1.35935639e+08 -1.23899565e-01 
 1.46779927e+08 -3.90425347e-02  1.46779927e+08 -1.12331317e-01 
 1.58489319e+08 -3.74858913e-02  1.58489319e+08 -1.01631042e-01 
 1.71132830e+08 -3.58280315e-02  1.71132830e+08 -9.17572372e-02 
 1.84784980e+08 -3.40807432e-02  1.84784980e+08 -8.26718454e-02 
 1.99526231e+08 -3.22592005e-02  1.99526231e+08 -7.43390588e-02 
 2.15443469e+08 -3.03815982e-02  2.15443469e+08 -6.67241643e-02 
 2.32630507e+08 -2.84685307e-02  2.32630507e+08 -5.97925082e-02 
 2.51188643e+08 -2.65421514e-02  2.51188643e+08 -5.35086705e-02 
 2.71227258e+08 -2.46251823e-02  2.71227258e+08 -4.78359142e-02 
 2.92864456e+08 -2.27398658e-02  2.92864456e+08 -4.27359497e-02 
 3.16227766e+08 -2.09069617e-02  3.16227766e+08 -3.81690153e-02 
 3.41454887e+08 -1.91448837e-02  3.41454887e+08 -3.40942361e-02 
 3.68694506e+08 -1.74690489e-02  3.68694506e+08 -3.04701931e-02 
 3.98107171e+08 -1.58914788e-02  3.98107171e+08 -2.72556163e-02 
 4.29866235e+08 -1.44206600e-02  4.29866235e+08 -2.44101128e-02 
 4.64158883e+08 -1.30616377e-02  4.64158883e+08 -2.18948491e-02 
 5.01187234e+08 -1.18162984e-02  5.01187234e+08 -1.96731300e-02 
 5.41169527e+08 -1.06837822e-02  5.41169527e+08 -1.77108368e-02 
 5.84341413e+08 -9.66096919e-03  5.84341413e+08 -1.59767121e-02 
 6.30957344e+08 -8.74298624e-03  6.30957344e+08 -1.44424977e-02 
 6.81292069e+08 -7.92369512e-03  6.81292069e+08 -1.30829429e-02 
 7.35642254e+08 -7.19613355e-03  7.35642254e+08 -1.18757108e-02 
 7.94328235e+08 -6.55289285e-03  7.94328235e+08 -1.08012086e-02 
 8.57695899e+08 -5.98642603e-03  8.57695899e+08 -9.84236957e-03 
 9.26118728e+08 -5.48928712e-03  9.26118728e+08 -8.98440865e-03 
 1.00000000e+09 -5.05430758e-03  1.00000000e+09 -8.21456981e-03 
 1.07977516e+09 -4.67471803e-03  1.07977516e+09 -7.52187856e-03 
 1.16591440e+09 -4.34422482e-03  1.16591440e+09 -6.89690833e-03 
 1.25892541e+09 -4.05705061e-03  1.25892541e+09 -6.33156633e-03 
 1.35935639e+09 -3.80794757e-03  1.35935639e+09 -5.81890154e-03 
 1.46779927e+09 -3.59219045e-03  1.46779927e+09 -5.35293547e-03 
 1.58489319e+09 -3.40555570e-03  1.58489319e+09 -4.92851513e-03 
 1.71132830e+09 -3.24429144e-03  1.71132830e+09 -4.54118660e-03 
 1.84784980e+09 -3.10508211e-03  1.84784980e+09 -4.18708742e-03 
 1.99526231e+09 -2.98501054e-03  1.99526231e+09 -3.86285552e-03 
 2.15443469e+09 -2.88151962e-03  2.15443469e+09 -3.56555257e-03 
 2.32630507e+09 -2.79237480e-03  2.32630507e+09 -3.29259981e-03 
 2.51188643e+09 -2.71562858e-03  2.51188643e+09 -3.04172437e-03 
 2.71227258e+09 -2.64958738e-03  2.71227258e+09 -2.81091451e-03 
 2.92864456e+09 -2.59278119e-03  2.92864456e+09 -2.59838226e-03 
 3.16227766e+09 -2.54393609e-03  3.16227766e+09 -2.40253219e-03 
 3.41454887e+09 -2.50194955e-03  3.41454887e+09 -2.22193542e-03 
 3.68694506e+09 -2.46586849e-03  3.68694506e+09 -2.05530765e-03 
 3.98107171e+09 -2.43486984e-03  3.98107171e+09 -1.90149085e-03 
 4.29866235e+09 -2.40824338e-03  4.29866235e+09 -1.75943771e-03 
 4.64158883e+09 -2.38537674e-03  4.64158883e+09 -1.62819846e-03 
 5.01187234e+09 -2.36574228e-03  5.01187234e+09 -1.50690967e-03 
 5.41169527e+09 -2.34888556e-03  5.41169527e+09 -1.39478467e-03 
 5.84341413e+09 -2.33441547e-03  5.84341413e+09 -1.29110528e-03 
 6.30957344e+09 -2.32199548e-03  6.30957344e+09 -1.19521468e-03 
 6.81292069e+09 -2.31133619e-03  6.81292069e+09 -1.10651120e-03 
 7.35642254e+09 -2.30218876e-03  7.35642254e+09 -1.02444295e-03 
 7.94328235e+09 -2.29433934e-03  7.94328235e+09 -9.48503048e-04 
 8.57695899e+09 -2.28760418e-03  8.57695899e+09 -8.78225446e-04 
 9.26118728e+09 -2.28182543e-03  9.26118728e+09 -8.13181227e-04 
 1.00000000e+10 -2.27686752e-03  1.00000000e+10 -7.52975319e-04 
