 1.00000000e+00  2.68905058e+02  1.00000000e+00 -2.77507128e-03 
 1.07977516e+00  2.68905058e+02  1.07977516e+00 -2.99645304e-03 
 1.16591440e+00  2.68905058e+02  1.16591440e+00 -3.23549557e-03 
 1.25892541e+00  2.68905058e+02  1.25892541e+00 -3.49360776e-03 
 1.35935639e+00  2.68905058e+02  1.35935639e+00 -3.77231088e-03 
 1.46779927e+00  2.68905058e+02  1.46779927e+00 -4.07324759e-03 
 1.58489319e+00  2.68905058e+02  1.58489319e+00 -4.39819158e-03 
 1.71132830e+00  2.68905058e+02  1.71132830e+00 -4.74905803e-03 
 1.84784980e+00  2.68905058e+02  1.84784980e+00 -5.12791490e-03 
 1.99526231e+00  2.68905058e+02  1.99526231e+00 -5.53699515e-03 
 2.15443469e+00  2.68905058e+02  2.15443469e+00 -5.97870983e-03 
 2.32630507e+00  2.68905058e+02  2.32630507e+00 -6.45566238e-03 
 2.51188643e+00  2.68905058e+02  2.51188643e+00 -6.97066389e-03 
 2.71227258e+00  2.68905058e+02  2.71227258e+00 -7.52674974e-03 
 2.92864456e+00  2.68905058e+02  2.92864456e+00 -8.12719742e-03 
 3.16227766e+00  2.68905058e+02  3.16227766e+00 -8.77554591e-03 
 3.41454887e+00  2.68905058e+02  3.41454887e+00 -9.47561651e-03 
 3.68694506e+00  2.68905057e+02  3.68694506e+00 -1.02315354e-02 
 3.98107171e+00  2.68905057e+02  3.98107171e+00 -1.10477577e-02 
 4.29866235e+00  2.68905057e+02  4.29866235e+00 -1.19290944e-02 
 4.64158883e+00  2.68905057e+02  4.64158883e+00 -1.28807398e-02 
 5.01187234e+00  2.68905057e+02  5.01187234e+00 -1.39083030e-02 
 5.41169527e+00  2.68905057e+02  5.41169527e+00 -1.50178401e-02 
 5.84341413e+00  2.68905057e+02  5.84341413e+00 -1.62158907e-02 
 6.30957344e+00  2.68905057e+02  6.30957344e+00 -1.75095160e-02 
 6.81292069e+00  2.68905057e+02  6.81292069e+00 -1.89063405e-02 
 7.35642254e+00  2.68905056e+02  7.35642254e+00 -2.04145968e-02 
 7.94328235e+00  2.68905056e+02  7.94328235e+00 -2.20431746e-02 
 8.57695899e+00  2.68905056e+02  8.57695899e+00 -2.38016724e-02 
 9.26118728e+00  2.68905055e+02  9.26118728e+00 -2.57004546e-02 
 1.00000000e+01  2.68905055e+02  1.00000000e+01 -2.77507125e-02 
 1.07977516e+01  2.68905055e+02  1.07977516e+01 -2.99645301e-02 
 1.16591440e+01  2.68905054e+02  1.16591440e+01 -3.23549552e-02 
 1.25892541e+01  2.68905053e+02  1.25892541e+01 -3.49360770e-02 
 1.35935639e+01  2.68905053e+02  1.35935639e+01 -3.77231081e-02 
 1.46779927e+01  2.68905052e+02  1.46779927e+01 -4.07324750e-02 
 1.58489319e+01  2.68905051e+02  1.58489319e+01 -4.39819147e-02 
 1.71132830e+01  2.68905049e+02  1.71132830e+01 -4.74905788e-02 
 1.84784980e+01  2.68905048e+02  1.84784980e+01 -5.12791472e-02 
 1.99526231e+01  2.68905046e+02  1.99526231e+01 -5.53699492e-02 
 2.15443469e+01  2.68905045e+02  2.15443469e+01 -5.97870954e-02 
 2.32630507e+01  2.68905042e+02  2.32630507e+01 -6.45566201e-02 
 2.51188643e+01  2.68905040e+02  2.51188643e+01 -6.97066343e-02 
 2.71227258e+01  2.68905037e+02  2.71227258e+01 -7.52674915e-02 
 2.92864456e+01  2.68905033e+02  2.92864456e+01 -8.12719668e-02 
 3.16227766e+01  2.68905029e+02  3.16227766e+01 -8.77554499e-02 
 3.41454887e+01  2.68905025e+02  3.41454887e+01 -9.47561535e-02 
 3.68694506e+01  2.68905019e+02  3.68694506e+01 -1.02315339e-01 
 3.98107171e+01  2.68905013e+02  3.98107171e+01 -1.10477559e-01 
 4.29866235e+01  2.68905005e+02  4.29866235e+01 -1.19290921e-01 
 4.64158883e+01  2.68904996e+02  4.64158883e+01 -1.28807369e-01 
 5.01187234e+01  2.68904986e+02  5.01187234e+01 -1.39082993e-01 
 5.41169527e+01  2.68904974e+02  5.41169527e+01 -1.50178354e-01 
 5.84341413e+01  2.68904960e+02  5.84341413e+01 -1.62158849e-01 
 6.30957344e+01  2.68904944e+02  6.30957344e+01 -1.75095087e-01 
 6.81292069e+01  2.68904925e+02  6.81292069e+01 -1.89063312e-01 
 7.35642254e+01  2.68904903e+02  7.35642254e+01 -2.04145852e-01 
 7.94328235e+01  2.68904877e+02  7.94328235e+01 -2.20431599e-01 
 8.57695899e+01  2.68904847e+02  8.57695899e+01 -2.38016540e-01 
 9.26118728e+01  2.68904812e+02  9.26118728e+01 -2.57004314e-01 
 1.00000000e+02  2.68904772e+02  1.00000000e+02 -2.77506833e-01 
 1.07977516e+02  2.68904724e+02  1.07977516e+02 -2.99644933e-01 
 1.16591440e+02  2.68904669e+02  1.16591440e+02 -3.23549090e-01 
 1.25892541e+02  2.68904604e+02  1.25892541e+02 -3.49360187e-01 
 1.35935639e+02  2.68904529e+02  1.35935639e+02 -3.77230347e-01 
 1.46779927e+02  2.68904441e+02  1.46779927e+02 -4.07323827e-01 
 1.58489319e+02  2.68904339e+02  1.58489319e+02 -4.39817984e-01 
 1.71132830e+02  2.68904220e+02  1.71132830e+02 -4.74904325e-01 
 1.84784980e+02  2.68904081e+02  1.84784980e+02 -5.12789629e-01 
 1.99526231e+02  2.68903919e+02  1.99526231e+02 -5.53697172e-01 
 2.15443469e+02  2.68903730e+02  2.15443469e+02 -5.97868034e-01 
 2.32630507e+02  2.68903510e+02  2.32630507e+02 -6.45562525e-01 
 2.51188643e+02  2.68903253e+02  2.51188643e+02 -6.97061715e-01 
 2.71227258e+02  2.68902953e+02  2.71227258e+02 -7.52669089e-01 
 2.92864456e+02  2.68902604e+02  2.92864456e+02 -8.12712333e-01 
 3.16227766e+02  2.68902197e+02  3.16227766e+02 -8.77545264e-01 
 3.41454887e+02  2.68901722e+02  3.41454887e+02 -9.47549909e-01 
 3.68694506e+02  2.68901169e+02  3.68694506e+02 -1.02313875e+00 
 3.98107171e+02  2.68900523e+02  3.98107171e+02 -1.10475716e+00 
 4.29866235e+02  2.68899771e+02  4.29866235e+02 -1.19288601e+00 
 4.64158883e+02  2.68898894e+02  4.64158883e+02 -1.28804449e+00 
 5.01187234e+02  2.68897871e+02  5.01187234e+02 -1.39079316e+00 
 5.41169527e+02  2.68896679e+02  5.41169527e+02 -1.50173726e+00 
 5.84341413e+02  2.68895289e+02  5.84341413e+02 -1.62153022e+00 
 6.30957344e+02  2.68893668e+02  6.30957344e+02 -1.75087752e+00 
 6.81292069e+02  2.68891779e+02  6.81292069e+02 -1.89054078e+00 
 7.35642254e+02  2.68889576e+02  7.35642254e+02 -2.04134227e+00 
 7.94328235e+02  2.68887007e+02  7.94328235e+02 -2.20416965e+00 
 8.57695899e+02  2.68884012e+02  8.57695899e+02 -2.37998116e+00 
 9.26118728e+02  2.68880521e+02  9.26118728e+02 -2.56981120e+00 
 1.00000000e+03  2.68876450e+02  1.00000000e+03 -2.77477634e+00 
 1.07977516e+03  2.68871704e+02  1.07977516e+03 -2.99608174e+00 
 1.16591440e+03  2.68866171e+02  1.16591440e+03 -3.23502814e+00 
 1.25892541e+03  2.68859721e+02  1.25892541e+03 -3.49301931e+00 
 1.35935639e+03  2.68852200e+02  1.35935639e+03 -3.77157009e+00 
 1.46779927e+03  2.68843432e+02  1.46779927e+03 -4.07231502e+00 
 1.58489319e+03  2.68833210e+02  1.58489319e+03 -4.39701759e+00 
 1.71132830e+03  2.68821293e+02  1.71132830e+03 -4.74758012e+00 
 1.84784980e+03  2.68807401e+02  1.84784980e+03 -5.12605442e+00 
 1.99526231e+03  2.68791205e+02  1.99526231e+03 -5.53465308e+00 
 2.15443469e+03  2.68772324e+02  2.15443469e+03 -5.97576156e+00 
 2.32630507e+03  2.68750314e+02  2.32630507e+03 -6.45195102e+00 
 2.51188643e+03  2.68724657e+02  2.51188643e+03 -6.96599202e+00 
 2.71227258e+03  2.68694750e+02  2.71227258e+03 -7.52086885e+00 
 2.92864456e+03  2.68659888e+02  2.92864456e+03 -8.11979477e+00 
 3.16227766e+03  2.68619254e+02  3.16227766e+03 -8.76622794e+00 
 3.41454887e+03  2.68571894e+02  3.41454887e+03 -9.46388795e+00 
 3.68694506e+03  2.68516697e+02  3.68694506e+03 -1.02167730e+01 
 3.98107171e+03  2.68452371e+02  3.98107171e+03 -1.10291775e+01 
 4.29866235e+03  2.68377411e+02  4.29866235e+03 -1.19057098e+01 
 4.64158883e+03  2.68290067e+02  4.64158883e+03 -1.28513099e+01 
 5.01187234e+03  2.68188303e+02  5.01187234e+03 -1.38712669e+01 
 5.41169527e+03  2.68069752e+02  5.41169527e+03 -1.49712350e+01 
 5.84341413e+03  2.67931663e+02  5.84341413e+03 -1.61572486e+01 
 6.30957344e+03  2.67770844e+02  6.30957344e+03 -1.74357343e+01 
 6.81292069e+03  2.67583585e+02  6.81292069e+03 -1.88135197e+01 
 7.35642254e+03  2.67365588e+02  7.35642254e+03 -2.02978375e+01 
 7.94328235e+03  2.67111869e+02  7.94328235e+03 -2.18963226e+01 
 8.57695899e+03  2.66816662e+02  8.57695899e+03 -2.36170009e+01 
 9.26118728e+03  2.66473297e+02  9.26118728e+03 -2.54682659e+01 
 1.00000000e+04  2.66074076e+02  1.00000000e+04 -2.74588417e+01 
 1.07977516e+04  2.65610126e+02  1.07977516e+04 -2.95977265e+01 
 1.16591440e+04  2.65071235e+02  1.16591440e+04 -3.18941129e+01 
 1.25892541e+04  2.64445687e+02  1.25892541e+04 -3.43572787e+01 
 1.35935639e+04  2.63720066e+02  1.35935639e+04 -3.69964416e+01 
 1.46779927e+04  2.62879060e+02  1.46779927e+04 -3.98205706e+01 
 1.58489319e+04  2.61905261e+02  1.58489319e+04 -4.28381435e+01 
 1.71132830e+04  2.60778955e+02  1.71132830e+04 -4.60568423e+01 
 1.84784980e+04  2.59477937e+02  1.84784980e+04 -4.94831758e+01 
 1.99526231e+04  2.57977342e+02  1.99526231e+04 -5.31220177e+01 
 2.15443469e+04  2.56249523e+02  2.15443469e+04 -5.69760521e+01 
 2.32630507e+04  2.54264000e+02  2.32630507e+04 -6.10451192e+01 
 2.51188643e+04  2.51987515e+02  2.51188643e+04 -6.53254557e+01 
 2.71227258e+04  2.49384214e+02  2.71227258e+04 -6.98088373e+01 
 2.92864456e+04  2.46416028e+02  2.92864456e+04 -7.44816342e+01 
 3.16227766e+04  2.43043277e+02  3.16227766e+04 -7.93238093e+01 
 3.41454887e+04  2.39225563e+02  3.41454887e+04 -8.43079050e+01 
 3.68694506e+04  2.34922991e+02  3.68694506e+04 -8.93980879e+01 
 3.98107171e+04  2.30097757e+02  3.98107171e+04 -9.45493456e+01 
 4.29866235e+04  2.24716105e+02  4.29866235e+04 -9.97069542e+01 
 4.64158883e+04  2.18750634e+02  4.64158883e+04 -1.04806359e+02 
 5.01187234e+04  2.12182872e+02  5.01187234e+04 -1.09773619e+02 
 5.41169527e+04  2.05005988e+02  5.41169527e+04 -1.14526556e+02 
 5.84341413e+04  1.97227412e+02  5.84341413e+04 -1.18976730e+02 
 6.30957344e+04  1.88871132e+02  6.30957344e+04 -1.23032272e+02 
 6.81292069e+04  1.79979324e+02  6.81292069e+04 -1.26601543e+02 
 7.35642254e+04  1.70613036e+02  7.35642254e+04 -1.29597441e+02 
 7.94328235e+04  1.60851640e+02  7.94328235e+04 -1.31942063e+02 
 8.57695899e+04  1.50790925e+02  8.57695899e+04 -1.33571321e+02 
 9.26118728e+04  1.40539809e+02  9.26118728e+04 -1.34439040e+02 
 1.00000000e+05  1.30215875e+02  1.00000000e+05 -1.34520071e+02 
 1.07977516e+05  1.19940085e+02  1.07977516e+05 -1.33812046e+02 
 1.16591440e+05  1.09831162e+02  1.16591440e+05 -1.32335541e+02 
 1.25892541e+05  1.00000196e+02  1.25892541e+05 -1.30132640e+02 
 1.35935639e+05  9.05459726e+01  1.35935639e+05 -1.27264070e+02 
 1.46779927e+05  8.15514286e+01  1.46779927e+05 -1.23805271e+02 
 1.58489319e+05  7.30814503e+01  1.58489319e+05 -1.19841845e+02 
 1.71132830e+05  6.51820600e+01  1.71132830e+05 -1.15464870e+02 
 1.84784980e+05  5.78808623e+01  1.84784980e+05 -1.10766489e+02 
 1.99526231e+05  5.11885096e+01  1.99526231e+05 -1.05836105e+02 
 2.15443469e+05  4.51008819e+01  2.15443469e+05 -1.00757364e+02 
 2.32630507e+05  3.96016702e+01  2.32630507e+05 -9.56060129e+01 
 2.51188643e+05  3.46650857e+01  2.51188643e+05 -9.04485856e+01 
 2.71227258e+05  3.02584753e+01  2.71227258e+05 -8.53418245e+01 
 2.92864456e+05  2.63446919e+01  2.92864456e+05 -8.03326979e+01 
 3.16227766e+05  2.28841275e+01  3.16227766e+05 -7.54588596e+01 
 3.41454887e+05  1.98363762e+01  3.41454887e+05 -7.07494071e+01 
 3.68694506e+05  1.71615285e+01  3.68694506e+05 -6.62258144e+01 
 3.98107171e+05  1.48211269e+01  3.98107171e+05 -6.19029397e+01 
 4.29866235e+05  1.27788276e+01  4.29866235e+05 -5.77900342e+01 
 4.64158883e+05  1.10008189e+01  4.64158883e+05 -5.38917006e+01 
 5.01187234e+05  9.45604475e+00  5.01187234e+05 -5.02087707e+01 
 5.41169527e+05  8.11628009e+00  5.41169527e+05 -4.67390848e+01 
 5.84341413e+05  6.95609790e+00  5.84341413e+05 -4.34781683e+01 
 6.30957344e+05  5.95276012e+00  6.30957344e+05 -4.04198056e+01 
 6.81292069e+05  5.08605911e+00  6.81292069e+05 -3.75565203e+01 
 7.35642254e+05  4.33813001e+00  7.35642254e+05 -3.48799693e+01 
 7.94328235e+05  3.69324917e+00  7.94328235e+05 -3.23812612e+01 
 8.57695899e+05  3.13762960e+00  8.57695899e+05 -3.00512107e+01 
 9.26118728e+05  2.65922115e+00  9.26118728e+05 -2.78805376e+01 
 1.00000000e+06  2.24752047e+00  1.00000000e+06 -2.58600203e+01 
 1.07977516e+06  1.89339380e+00  1.07977516e+06 -2.39806114e+01 
 1.16591440e+06  1.58891414e+00  1.16591440e+06 -2.22335236e+01 
 1.25892541e+06  1.32721354e+00  1.25892541e+06 -2.06102897e+01 
 1.35935639e+06  1.10235023e+00  1.35935639e+06 -1.91028042e+01 
 1.46779927e+06  9.09190186e-01  1.46779927e+06 -1.77033482e+01 
 1.58489319e+06  7.43302014e-01  1.58489319e+06 -1.64046038e+01 
 1.71132830e+06  6.00864331e-01  1.71132830e+06 -1.51996573e+01 
 1.84784980e+06  4.78584400e-01  1.84784980e+06 -1.40819977e+01 
 1.99526231e+06  3.73626942e-01  1.99526231e+06 -1.30455079e+01 
 2.15443469e+06  2.83552040e-01  2.15443469e+06 -1.20844533e+01 
 2.32630507e+06  2.06261106e-01  2.32630507e+06 -1.11934675e+01 
 2.51188643e+06  1.39949980e-01  2.51188643e+06 -1.03675364e+01 
 2.71227258e+06  8.30682724e-02  2.71227258e+06 -9.60198054e+00 
 2.92864456e+06  3.42842008e-02  2.92864456e+06 -8.89243806e+00 
 3.16227766e+06 -7.54579963e-03  3.16227766e+06 -8.23484644e+00 
 3.41454887e+06 -4.34032967e-02  3.41454887e+06 -7.62542500e+00 
 3.68694506e+06 -7.41304646e-02  3.68694506e+06 -7.06065766e+00 
 3.98107171e+06 -1.00449549e-01  3.98107171e+06 -6.53727614e+00 
 4.29866235e+06 -1.22979613e-01  4.29866235e+06 -6.05224398e+00 
 4.64158883e+06 -1.42250932e-01  4.64158883e+06 -5.60274113e+00 
 5.01187234e+06 -1.58717357e-01  5.01187234e+06 -5.18614940e+00 
 5.41169527e+06 -1.72766918e-01  5.41169527e+06 -4.80003870e+00 
 5.84341413e+06 -1.84730916e-01  5.84341413e+06 -4.44215401e+00 
 6.30957344e+06 -1.94891704e-01  6.30957344e+06 -4.11040321e+00 
 6.81292069e+06 -2.03489341e-01  6.81292069e+06 -3.80284565e+00 
 7.35642254e+06 -2.10727274e-01  7.35642254e+06 -3.51768147e+00 
 7.94328235e+06 -2.16777177e-01  7.94328235e+06 -3.25324167e+00 
 8.57695899e+06 -2.21783073e-01  8.57695899e+06 -3.00797887e+00 
 9.26118728e+06 -2.25864841e-01  9.26118728e+06 -2.78045872e+00 
 1.00000000e+07 -2.29121184e-01  1.00000000e+07 -2.56935202e+00 
 1.07977516e+07 -2.31632164e-01  1.07977516e+07 -2.37342742e+00 
 1.16591440e+07 -2.33461351e-01  1.16591440e+07 -2.19154473e+00 
 1.25892541e+07 -2.34657673e-01  1.25892541e+07 -2.02264881e+00 
 1.35935639e+07 -2.35257028e-01  1.35935639e+07 -1.86576403e+00 
 1.46779927e+07 -2.35283719e-01  1.46779927e+07 -1.71998926e+00 
 1.58489319e+07 -2.34751784e-01  1.58489319e+07 -1.58449331e+00 
 1.71132830e+07 -2.33666276e-01  1.71132830e+07 -1.45851092e+00 
 1.84784980e+07 -2.32024582e-01  1.84784980e+07 -1.34133916e+00 
 1.99526231e+07 -2.29817826e-01  1.99526231e+07 -1.23233416e+00 
 2.15443469e+07 -2.27032446e-01  2.15443469e+07 -1.13090820e+00 
 2.32630507e+07 -2.23651981e-01  2.32630507e+07 -1.03652703e+00 
 2.51188643e+07 -2.19659133e-01  2.51188643e+07 -9.48707214e-01 
 2.71227258e+07 -2.15038110e-01  2.71227258e+07 -8.67013553e-01 
 2.92864456e+07 -2.09777226e-01  2.92864456e+07 -7.91056243e-01 
 3.16227766e+07 -2.03871697e-01  3.16227766e+07 -7.20487725e-01 
 3.41454887e+07 -1.97326494e-01  3.41454887e+07 -6.54999029e-01 
 3.68694506e+07 -1.90159057e-01  3.68694506e+07 -5.94315516e-01 
 3.98107171e+07 -1.82401609e-01  3.98107171e+07 -5.38191962e-01 
 4.29866235e+07 -1.74102792e-01  4.29866235e+07 -4.86407026e-01 
 4.64158883e+07 -1.65328327e-01  4.64158883e+07 -4.38757274e-01 
 5.01187234e+07 -1.56160468e-01  5.01187234e+07 -3.95051046e-01 
 5.41169527e+07 -1.46696122e-01  5.41169527e+07 -3.55102536e-01 
 5.84341413e+07 -1.37043661e-01  5.84341413e+07 -3.18726544e-01 
 6.30957344e+07 -1.27318636e-01  6.30957344e+07 -2.85734318e-01 
 6.81292069e+07 -1.17638736e-01  6.81292069e+07 -2.55930831e-01 
 7.35642254e+07 -1.08118508e-01  7.35642254e+07 -2.29113666e-01 
 7.94328235e+07 -9.88643236e-02  7.94328235e+07 -2.05073511e-01 
 8.57695899e+07 -8.99700927e-02  8.57695899e+07 -1.83596045e-01 
 9.26118728e+07 -8.15140784e-02  9.26118728e+07 -1.64464875e-01 
 1.00000000e+08 -7.35569974e-02  1.00000000e+08 -1.47465059e-01 
 1.07977516e+08 -6.61414316e-02  1.07977516e+08 -1.32386779e-01 
 1.16591440e+08 -5.92924117e-02  1.16591440e+08 -1.19028761e-01 
 1.25892541e+08 -5.30189338e-02  1.25892541e+08 -1.07201138e-01 
 1.35935639e+08 -4.73161158e-02  1.35935639e+08 -9.67276000e-02 
 1.46779927e+08 -4.21677000e-02  1.46779927e+08 -8.74467632e-02 
 1.58489319e+08 -3.75486450e-02  1.58489319e+08 -7.92127900e-02 
 1.71132830e+08 -3.34276038e-02  1.71132830e+08 -7.18953704e-02 
 1.84784980e+08 -2.97691538e-02  1.84784980e+08 -6.53791884e-02 
 1.99526231e+08 -2.65356979e-02  1.99526231e+08 -5.95630195e-02 
 2.15443469e+08 -2.36890097e-02  2.15443469e+08 -5.43585900e-02 
 2.32630507e+08 -2.11914302e-02  2.32630507e+08 -4.96893133e-02 
 2.51188643e+08 -1.90067450e-02  2.51188643e+08 -4.54889910e-02 
 2.71227258e+08 -1.71007876e-02  2.71227258e+08 -4.17005448e-02 
 2.92864456e+08 -1.54418156e-02  2.92864456e+08 -3.82748248e-02 
 3.16227766e+08 -1.40007066e-02  3.16227766e+08 -3.51695175e-02 
 3.41454887e+08 -1.27510187e-02  3.41454887e+08 -3.23481692e-02 
 3.68694506e+08 -1.16689503e-02  3.68694506e+08 -2.97793259e-02 
 3.98107171e+08 -1.07332316e-02  3.98107171e+08 -2.74357852e-02 
 4.29866235e+08 -9.92497071e-03  4.29866235e+08 -2.52939548e-02 
 4.64158883e+08 -9.22747468e-03  4.64158883e+08 -2.33333048e-02 
 5.01187234e+08 -8.62605768e-03  5.01187234e+08 -2.15359037e-02 
 5.41169527e+08 -8.10784792e-03  5.41169527e+08 -1.98860280e-02 
 5.84341413e+08 -7.66159929e-03  5.84341413e+08 -1.83698338e-02 
 6.30957344e+08 -7.27751277e-03  6.30957344e+08 -1.69750817e-02 
 6.81292069e+08 -6.94706997e-03  6.81292069e+08 -1.56909063e-02 
 7.35642254e+08 -6.66288056e-03  7.35642254e+08 -1.45076237e-02 
 7.94328235e+08 -6.41854381e-03  7.94328235e+08 -1.34165695e-02 
 8.57695899e+08 -6.20852414e-03  8.57695899e+08 -1.24099631e-02 
 9.26118728e+08 -6.02804013e-03  9.26118728e+08 -1.14807944e-02 
 1.00000000e+09 -5.87296607e-03  1.00000000e+09 -1.06227268e-02 
 1.07977516e+09 -5.73974519e-03  1.07977516e+09 -9.83001640e-03 
 1.16591440e+09 -5.62531338e-03  1.16591440e+09 -9.09744271e-03 
 1.25892541e+09 -5.52703247e-03  1.25892541e+09 -8.42024990e-03 
 1.35935639e+09 -5.44263213e-03  1.35935639e+09 -7.79409633e-03 
 1.46779927e+09 -5.37015925e-03  1.46779927e+09 -7.21501114e-03 
 1.58489319e+09 -5.30793411e-03  1.58489319e+09 -6.67935674e-03 
 1.71132830e+09 -5.25451243e-03  1.71132830e+09 -6.18379609e-03 
 1.84784980e+09 -5.20865263e-03  1.84784980e+09 -5.72526413e-03 
 1.99526231e+09 -5.16928750e-03  1.99526231e+09 -5.30094257e-03 
 2.15443469e+09 -5.13549986e-03  2.15443469e+09 -4.90823765e-03 
 2.32630507e+09 -5.10650154e-03  2.32630507e+09 -4.54476030e-03 
 2.51188643e+09 -5.08161537e-03  2.51188643e+09 -4.20830847e-03 
 2.71227258e+09 -5.06025955e-03  2.71227258e+09 -3.89685124e-03 
 2.92864456e+09 -5.04193433e-03  2.92864456e+09 -3.60851449e-03 
 3.16227766e+09 -5.02621048e-03  3.16227766e+09 -3.34156805e-03 
 3.41454887e+09 -5.01271938e-03  3.41454887e+09 -3.09441393e-03 
 3.68694506e+09 -5.00114447e-03  3.68694506e+09 -2.86557573e-03 
 3.98107171e+09 -4.99121399e-03  3.98107171e+09 -2.65368897e-03 
 4.29866235e+09 -4.98269461e-03  4.29866235e+09 -2.45749221e-03 
 4.64158883e+09 -4.97538604e-03  4.64158883e+09 -2.27581905e-03 
 5.01187234e+09 -4.96911636e-03  5.01187234e+09 -2.10759071e-03 
 5.41169527e+09 -4.96373804e-03  5.41169527e+09 -1.95180927e-03 
 5.84341413e+09 -4.95912445e-03  5.84341413e+09 -1.80755147e-03 
 6.30957344e+09 -4.95516691e-03  6.30957344e+09 -1.67396302e-03 
 6.81292069e+09 -4.95177221e-03  6.81292069e+09 -1.55025331e-03 
 7.35642254e+09 -4.94886032e-03  7.35642254e+09 -1.43569065e-03 
 7.94328235e+09 -4.94636262e-03  7.94328235e+09 -1.32959776e-03 
 8.57695899e+09 -4.94422021e-03  8.57695899e+09 -1.23134772e-03 
 9.26118728e+09 -4.94238257e-03  9.26118728e+09 -1.14036013e-03 
 1.00000000e+10 -4.94080636e-03  1.00000000e+10 -1.05609771e-03 
