 1.00000000e+00  3.36587077e+02  1.00000000e+00 -6.25731122e-03 
 1.07977516e+00  3.36587077e+02  1.07977516e+00 -6.75648923e-03 
 1.16591440e+00  3.36587077e+02  1.16591440e+00 -7.29548926e-03 
 1.25892541e+00  3.36587077e+02  1.25892541e+00 -7.87748810e-03 
 1.35935639e+00  3.36587077e+02  1.35935639e+00 -8.50591599e-03 
 1.46779927e+00  3.36587077e+02  1.46779927e+00 -9.18447682e-03 
 1.58489319e+00  3.36587077e+02  1.58489319e+00 -9.91716994e-03 
 1.71132830e+00  3.36587077e+02  1.71132830e+00 -1.07083138e-02 
 1.84784980e+00  3.36587077e+02  1.84784980e+00 -1.15625713e-02 
 1.99526231e+00  3.36587077e+02  1.99526231e+00 -1.24849772e-02 
 2.15443469e+00  3.36587077e+02  2.15443469e+00 -1.34809683e-02 
 2.32630507e+00  3.36587077e+02  2.32630507e+00 -1.45564148e-02 
 2.51188643e+00  3.36587077e+02  2.51188643e+00 -1.57176551e-02 
 2.71227258e+00  3.36587076e+02  2.71227258e+00 -1.69715336e-02 
 2.92864456e+00  3.36587076e+02  2.92864456e+00 -1.83254404e-02 
 3.16227766e+00  3.36587076e+02  3.16227766e+00 -1.97873554e-02 
 3.41454887e+00  3.36587076e+02  3.41454887e+00 -2.13658949e-02 
 3.68694506e+00  3.36587076e+02  3.68694506e+00 -2.30703626e-02 
 3.98107171e+00  3.36587076e+02  3.98107171e+00 -2.49108045e-02 
 4.29866235e+00  3.36587075e+02  4.29866235e+00 -2.68980680e-02 
 4.64158883e+00  3.36587075e+02  4.64158883e+00 -2.90438657e-02 
 5.01187234e+00  3.36587074e+02  5.01187234e+00 -3.13608447e-02 
 5.41169527e+00  3.36587074e+02  5.41169527e+00 -3.38626611e-02 
 5.84341413e+00  3.36587073e+02  5.84341413e+00 -3.65640604e-02 
 6.30957344e+00  3.36587073e+02  6.30957344e+00 -3.94809642e-02 
 6.81292069e+00  3.36587072e+02  6.81292069e+00 -4.26305644e-02 
 7.35642254e+00  3.36587071e+02  7.35642254e+00 -4.60314245e-02 
 7.94328235e+00  3.36587070e+02  7.94328235e+00 -4.97035887e-02 
 8.57695899e+00  3.36587069e+02  8.57695899e+00 -5.36687003e-02 
 9.26118728e+00  3.36587067e+02  9.26118728e+00 -5.79501293e-02 
 1.00000000e+01  3.36587066e+02  1.00000000e+01 -6.25731100e-02 
 1.07977516e+01  3.36587064e+02  1.07977516e+01 -6.75648896e-02 
 1.16591440e+01  3.36587062e+02  1.16591440e+01 -7.29548892e-02 
 1.25892541e+01  3.36587059e+02  1.25892541e+01 -7.87748767e-02 
 1.35935639e+01  3.36587056e+02  1.35935639e+01 -8.50591545e-02 
 1.46779927e+01  3.36587052e+02  1.46779927e+01 -9.18447614e-02 
 1.58489319e+01  3.36587048e+02  1.58489319e+01 -9.91716909e-02 
 1.71132830e+01  3.36587043e+02  1.71132830e+01 -1.07083127e-01 
 1.84784980e+01  3.36587038e+02  1.84784980e+01 -1.15625699e-01 
 1.99526231e+01  3.36587031e+02  1.99526231e+01 -1.24849755e-01 
 2.15443469e+01  3.36587023e+02  2.15443469e+01 -1.34809662e-01 
 2.32630507e+01  3.36587014e+02  2.32630507e+01 -1.45564121e-01 
 2.51188643e+01  3.36587004e+02  2.51188643e+01 -1.57176517e-01 
 2.71227258e+01  3.36586992e+02  2.71227258e+01 -1.69715293e-01 
 2.92864456e+01  3.36586978e+02  2.92864456e+01 -1.83254351e-01 
 3.16227766e+01  3.36586961e+02  3.16227766e+01 -1.97873486e-01 
 3.41454887e+01  3.36586942e+02  3.41454887e+01 -2.13658864e-01 
 3.68694506e+01  3.36586919e+02  3.68694506e+01 -2.30703519e-01 
 3.98107171e+01  3.36586893e+02  3.98107171e+01 -2.49107910e-01 
 4.29866235e+01  3.36586863e+02  4.29866235e+01 -2.68980510e-01 
 4.64158883e+01  3.36586827e+02  4.64158883e+01 -2.90438443e-01 
 5.01187234e+01  3.36586785e+02  5.01187234e+01 -3.13608178e-01 
 5.41169527e+01  3.36586737e+02  5.41169527e+01 -3.38626273e-01 
 5.84341413e+01  3.36586680e+02  5.84341413e+01 -3.65640177e-01 
 6.30957344e+01  3.36586615e+02  6.30957344e+01 -3.94809104e-01 
 6.81292069e+01  3.36586538e+02  6.81292069e+01 -4.26304968e-01 
 7.35642254e+01  3.36586448e+02  7.35642254e+01 -4.60313393e-01 
 7.94328235e+01  3.36586344e+02  7.94328235e+01 -4.97034815e-01 
 8.57695899e+01  3.36586222e+02  8.57695899e+01 -5.36685654e-01 
 9.26118728e+01  3.36586080e+02  9.26118728e+01 -5.79499595e-01 
 1.00000000e+02  3.36585915e+02  1.00000000e+02 -6.25728962e-01 
 1.07977516e+02  3.36585722e+02  1.07977516e+02 -6.75646204e-01 
 1.16591440e+02  3.36585497e+02  1.16591440e+02 -7.29545503e-01 
 1.25892541e+02  3.36585235e+02  1.25892541e+02 -7.87744500e-01 
 1.35935639e+02  3.36584929e+02  1.35935639e+02 -8.50586173e-01 
 1.46779927e+02  3.36584573e+02  1.46779927e+02 -9.18440851e-01 
 1.58489319e+02  3.36584157e+02  1.58489319e+02 -9.91708396e-01 
 1.71132830e+02  3.36583673e+02  1.71132830e+02 -1.07082055e+00 
 1.84784980e+02  3.36583108e+02  1.84784980e+02 -1.15624350e+00 
 1.99526231e+02  3.36582449e+02  1.99526231e+02 -1.24848057e+00 
 2.15443469e+02  3.36581681e+02  2.15443469e+02 -1.34807523e+00 
 2.32630507e+02  3.36580786e+02  2.32630507e+02 -1.45561429e+00 
 2.51188643e+02  3.36579742e+02  2.51188643e+02 -1.57173128e+00 
 2.71227258e+02  3.36578525e+02  2.71227258e+02 -1.69711026e+00 
 2.92864456e+02  3.36577106e+02  2.92864456e+02 -1.83248979e+00 
 3.16227766e+02  3.36575452e+02  3.16227766e+02 -1.97866724e+00 
 3.41454887e+02  3.36573523e+02  3.41454887e+02 -2.13650350e+00 
 3.68694506e+02  3.36571274e+02  3.68694506e+02 -2.30692801e+00 
 3.98107171e+02  3.36568652e+02  3.98107171e+02 -2.49094418e+00 
 4.29866235e+02  3.36565595e+02  4.29866235e+02 -2.68963524e+00 
 4.64158883e+02  3.36562032e+02  4.64158883e+02 -2.90417059e+00 
 5.01187234e+02  3.36557877e+02  5.01187234e+02 -3.13581258e+00 
 5.41169527e+02  3.36553032e+02  5.41169527e+02 -3.38592383e+00 
 5.84341413e+02  3.36547384e+02  5.84341413e+02 -3.65597513e+00 
 6.30957344e+02  3.36540800e+02  6.30957344e+02 -3.94755395e+00 
 6.81292069e+02  3.36533123e+02  6.81292069e+02 -4.26237353e+00 
 7.35642254e+02  3.36524172e+02  7.35642254e+02 -4.60228273e+00 
 7.94328235e+02  3.36513738e+02  7.94328235e+02 -4.96927659e+00 
 8.57695899e+02  3.36501573e+02  8.57695899e+02 -5.36550757e+00 
 9.26118728e+02  3.36487391e+02  9.26118728e+02 -5.79329777e+00 
 1.00000000e+03  3.36470857e+02  1.00000000e+03 -6.25515184e+00 
 1.07977516e+03  3.36451582e+02  1.07977516e+03 -6.75377090e+00 
 1.16591440e+03  3.36429112e+02  1.16591440e+03 -7.29206731e+00 
 1.25892541e+03  3.36402917e+02  1.25892541e+03 -7.87318045e+00 
 1.35935639e+03  3.36372382e+02  1.35935639e+03 -8.50049348e+00 
 1.46779927e+03  3.36336787e+02  1.46779927e+03 -9.17765100e+00 
 1.58489319e+03  3.36295297e+02  1.58489319e+03 -9.90857781e+00 
 1.71132830e+03  3.36246935e+02  1.71132830e+03 -1.06974985e+01 
 1.84784980e+03  3.36190567e+02  1.84784980e+03 -1.15489579e+01 
 1.99526231e+03  3.36124870e+02  1.99526231e+03 -1.24678424e+01 
 2.15443469e+03  3.36048306e+02  2.15443469e+03 -1.34594017e+01 
 2.32630507e+03  3.35959083e+02  2.32630507e+03 -1.45292712e+01 
 2.51188643e+03  3.35855116e+02  2.51188643e+03 -1.56834940e+01 
 2.71227258e+03  3.35733981e+02  2.71227258e+03 -1.69285428e+01 
 2.92864456e+03  3.35592858e+02  2.92864456e+03 -1.82713409e+01 
 3.16227766e+03  3.35428470e+02  3.16227766e+03 -1.97192815e+01 
 3.41454887e+03  3.35237011e+02  3.41454887e+03 -2.12802438e+01 
 3.68694506e+03  3.35014062e+02  3.68694506e+03 -2.29626060e+01 
 3.98107171e+03  3.34754496e+02  3.98107171e+03 -2.47752520e+01 
 4.29866235e+03  3.34452372e+02  4.29866235e+03 -2.67275714e+01 
 4.64158883e+03  3.34100808e+02  4.64158883e+03 -2.88294487e+01 
 5.01187234e+03  3.33691847e+02  5.01187234e+03 -3.10912399e+01 
 5.41169527e+03  3.33216294e+02  5.41169527e+03 -3.35237323e+01 
 5.84341413e+03  3.32663548e+02  5.84341413e+03 -3.61380816e+01 
 6.30957344e+03  3.32021404e+02  6.30957344e+03 -3.89457232e+01 
 6.81292069e+03  3.31275839e+02  6.81292069e+03 -4.19582482e+01 
 7.35642254e+03  3.30410789e+02  7.35642254e+03 -4.51872374e+01 
 7.94328235e+03  3.29407898e+02  7.94328235e+03 -4.86440441e+01 
 8.57695899e+03  3.28246269e+02  8.57695899e+03 -5.23395139e+01 
 9.26118728e+03  3.26902206e+02  9.26118728e+03 -5.62836307e+01 
 1.00000000e+04  3.25348966e+02  1.00000000e+04 -6.04850751e+01 
 1.07977516e+04  3.23556545e+02  1.07977516e+04 -6.49506830e+01 
 1.16591440e+04  3.21491498e+02  1.16591440e+04 -6.96847905e+01 
 1.25892541e+04  3.19116849e+02  1.25892541e+04 -7.46884566e+01 
 1.35935639e+04  3.16392099e+02  1.35935639e+04 -7.99585561e+01 
 1.46779927e+04  3.13273412e+02  1.46779927e+04 -8.54867451e+01 
 1.58489319e+04  3.09713991e+02  1.58489319e+04 -9.12583122e+01 
 1.71132830e+04  3.05664743e+02  1.71132830e+04 -9.72509429e+01 
 1.84784980e+04  3.01075268e+02  1.84784980e+04 -1.03433449e+02 
 1.99526231e+04  2.95895251e+02  1.99526231e+04 -1.09764538e+02 
 2.15443469e+04  2.90076290e+02  2.15443469e+04 -1.16191732e+02 
 2.32630507e+04  2.83574200e+02  2.32630507e+04 -1.22650570e+02 
 2.51188643e+04  2.76351763e+02  2.51188643e+04 -1.29064272e+02 
 2.71227258e+04  2.68381854e+02  2.71227258e+04 -1.35344045e+02 
 2.92864456e+04  2.59650799e+02  2.92864456e+04 -1.41390212e+02 
 3.16227766e+04  2.50161732e+02  3.16227766e+04 -1.47094337e+02 
 3.41454887e+04  2.39937632e+02  3.41454887e+04 -1.52342419e+02 
 3.68694506e+04  2.29023688e+02  3.68694506e+04 -1.57019147e+02 
 3.98107171e+04  2.17488570e+02  3.98107171e+04 -1.61013059e+02 
 4.29866235e+04  2.05424287e+02  4.29866235e+04 -1.64222281e+02 
 4.64158883e+04  1.92944356e+02  4.64158883e+04 -1.66560378e+02 
 5.01187234e+04  1.80180245e+02  5.01187234e+04 -1.67961767e+02 
 5.41169527e+04  1.67276223e+02  5.41169527e+04 -1.68386066e+02 
 5.84341413e+04  1.54383023e+02  5.84341413e+04 -1.67820889e+02 
 6.30957344e+04  1.41650872e+02  6.30957344e+04 -1.66282717e+02 
 6.81292069e+04  1.29222579e+02  6.81292069e+04 -1.63815739e+02 
 7.35642254e+04  1.17227331e+02  7.35642254e+04 -1.60488813e+02 
 7.94328235e+04  1.05775754e+02  7.94328235e+04 -1.56390921e+02 
 8.57695899e+04  9.49565982e+01  8.57695899e+04 -1.51625669e+02 
 9.26118728e+04  8.48351558e+01  9.26118728e+04 -1.46305409e+02 
 1.00000000e+05  7.54533376e+01  1.00000000e+05 -1.40545562e+02 
 1.07977516e+05  6.68311279e+01  1.07977516e+05 -1.34459571e+02 
 1.16591440e+05  5.89690640e+01  1.16591440e+05 -1.28154793e+02 
 1.25892541e+05  5.18513450e+01  1.25892541e+05 -1.21729455e+02 
 1.35935639e+05  4.54492040e+01  1.35935639e+05 -1.15270687e+02 
 1.46779927e+05  3.97242444e+01  1.46779927e+05 -1.08853510e+02 
 1.58489319e+05  3.46315212e+01  1.58489319e+05 -1.02540642e+02 
 1.71132830e+05  3.01222305e+01  1.71132830e+05 -9.63829078e+01 
 1.84784980e+05  2.61459428e+01  1.84784980e+05 -9.04200869e+01 
 1.99526231e+05  2.26523700e+01  1.99526231e+05 -8.46820239e+01 
 2.15443469e+05  1.95926941e+01  2.15443469e+05 -7.91898704e+01 
 2.32630507e+05  1.69205085e+01  2.32630507e+05 -7.39573548e+01 
 2.51188643e+05  1.45924332e+01  2.51188643e+05 -6.89920082e+01 
 2.71227258e+05  1.25684680e+01  2.71227258e+05 -6.42962980e+01 
 2.92864456e+05  1.08121410e+01  2.92864456e+05 -5.98686449e+01 
 3.16227766e+05  9.29050717e+00  3.16227766e+05 -5.57043108e+01 
 3.41454887e+05  7.97403849e+00  3.41454887e+05 -5.17961591e+01 
 3.68694506e+05  6.83644276e+00  3.68694506e+05 -4.81352920e+01 
 3.98107171e+05  5.85443840e+00  3.98107171e+05 -4.47115772e+01 
 4.29866235e+05  5.00750611e+00  4.29866235e+05 -4.15140764e+01 
 4.64158883e+05  4.27763294e+00  4.64158883e+05 -3.85313877e+01 
 5.01187234e+05  3.64905951e+00  5.01187234e+05 -3.57519161e+01 
 5.41169527e+05  3.10803773e+00  5.41169527e+05 -3.31640831e+01 
 5.84341413e+05  2.64260350e+00  5.84341413e+05 -3.07564857e+01 
 6.30957344e+05  2.24236697e+00  6.30957344e+05 -2.85180151e+01 
 6.81292069e+05  1.89832158e+00  6.81292069e+05 -2.64379416e+01 
 7.35642254e+05  1.60267175e+00  7.35642254e+05 -2.45059735e+01 
 7.94328235e+05  1.34867892e+00  7.94328235e+05 -2.27122946e+01 
 8.57695899e+05  1.13052473e+00  8.57695899e+05 -2.10475862e+01 
 9.26118728e+05  9.43190161e-01  9.26118728e+05 -1.95030355e+01 
 1.00000000e+06  7.82349302e-01  1.00000000e+06 -1.80703348e+01 
 1.07977516e+06  6.44276230e-01  1.07977516e+06 -1.67416737e+01 
 1.16591440e+06  5.25763753e-01  1.16591440e+06 -1.55097257e+01 
 1.25892541e+06  4.24052624e-01  1.25892541e+06 -1.43676316e+01 
 1.35935639e+06  3.36770043e-01  1.35935639e+06 -1.33089793e+01 
 1.46779927e+06  2.61876328e-01  1.46779927e+06 -1.23277836e+01 
 1.58489319e+06  1.97618740e-01  1.58489319e+06 -1.14184634e+01 
 1.71132830e+06  1.42491571e-01  1.71132830e+06 -1.05758201e+01 
 1.84784980e+06  9.52016630e-02  1.84784980e+06 -9.79501504e+00 
 1.99526231e+06  5.46386801e-02  1.99526231e+06 -9.07154792e+00 
 2.15443469e+06  1.98494727e-02  2.15443469e+06 -8.40123549e+00 
 2.32630507e+06 -9.98399319e-03  2.32630507e+06 -7.78019125e+00 
 2.51188643e+06 -3.55636334e-02  2.51188643e+06 -7.20480593e+00 
 2.71227258e+06 -5.74915849e-02  2.71227258e+06 -6.67172895e+00 
 2.92864456e+06 -7.62842515e-02  2.92864456e+06 -6.17785078e+00 
 3.16227766e+06 -9.23843708e-02  3.16227766e+06 -5.72028635e+00 
 3.41454887e+06 -1.06171376e-01  3.41454887e+06 -5.29635945e+00 
 3.68694506e+06 -1.17970289e-01  3.68694506e+06 -4.90358798e+00 
 3.98107171e+06 -1.28059345e-01  3.98107171e+06 -4.53967026e+00 
 4.29866235e+06 -1.36676534e-01  4.29866235e+06 -4.20247214e+00 
 4.64158883e+06 -1.44025195e-01  4.64158883e+06 -3.89001500e+00 
 5.01187234e+06 -1.50278807e-01  5.01187234e+06 -3.60046452e+00 
 5.41169527e+06 -1.55585083e-01  5.41169527e+06 -3.33212033e+00 
 5.84341413e+06 -1.60069461e-01  5.84341413e+06 -3.08340623e+00 
 6.30957344e+06 -1.63838083e-01  6.30957344e+06 -2.85286123e+00 
 6.81292069e+06 -1.66980319e-01  6.81292069e+06 -2.63913120e+00 
 7.35642254e+06 -1.69570920e-01  7.35642254e+06 -2.44096108e+00 
 7.94328235e+06 -1.71671824e-01  7.94328235e+06 -2.25718777e+00 
 8.57695899e+06 -1.73333695e-01  8.57695899e+06 -2.08673347e+00 
 9.26118728e+06 -1.74597203e-01  9.26118728e+06 -1.92859960e+00 
 1.00000000e+07 -1.75494114e-01  1.00000000e+07 -1.78186121e+00 
 1.07977516e+07 -1.76048199e-01  1.07977516e+07 -1.64566178e+00 
 1.16591440e+07 -1.76276011e-01  1.16591440e+07 -1.51920860e+00 
 1.25892541e+07 -1.76187556e-01  1.25892541e+07 -1.40176843e+00 
 1.35935639e+07 -1.75786893e-01  1.35935639e+07 -1.29266368e+00 
 1.46779927e+07 -1.75072696e-01  1.46779927e+07 -1.19126889e+00 
 1.58489319e+07 -1.74038822e-01  1.58489319e+07 -1.09700764e+00 
 1.71132830e+07 -1.72674912e-01  1.71132830e+07 -1.00934973e+00 
 1.84784980e+07 -1.70967084e-01  1.84784980e+07 -9.27808728e-01 
 1.99526231e+07 -1.68898750e-01  1.99526231e+07 -8.51939725e-01 
 2.15443469e+07 -1.66451597e-01  2.15443469e+07 -7.81337318e-01 
 2.32630507e+07 -1.63606780e-01  2.32630507e+07 -7.15633717e-01 
 2.51188643e+07 -1.60346330e-01  2.51188643e+07 -6.54496895e-01 
 2.71227258e+07 -1.56654800e-01  2.71227258e+07 -5.97628683e-01 
 2.92864456e+07 -1.52521094e-01  2.92864456e+07 -5.44762681e-01 
 3.16227766e+07 -1.47940435e-01  3.16227766e+07 -4.95661884e-01 
 3.41454887e+07 -1.42916332e-01  3.41454887e+07 -4.50115916e-01 
 3.68694506e+07 -1.37462411e-01  3.68694506e+07 -4.07937792e-01 
 3.98107171e+07 -1.31603884e-01  3.98107171e+07 -3.68960213e-01 
 4.29866235e+07 -1.25378468e-01  4.29866235e+07 -3.33031443e-01 
 4.64158883e+07 -1.18836529e-01  4.64158883e+07 -3.00010922e-01 
 5.01187234e+07 -1.12040323e-01  5.01187234e+07 -2.69764846e-01 
 5.41169527e+07 -1.05062256e-01  5.41169527e+07 -2.42162018e-01 
 5.84341413e+07 -9.79822408e-02  5.84341413e+07 -2.17070296e-01 
 6.30957344e+07 -9.08843366e-02  6.30957344e+07 -1.94353923e-01 
 6.81292069e+07 -8.38529598e-02  6.81292069e+07 -1.73871957e-01 
 7.35642254e+07 -7.69690477e-02  7.35642254e+07 -1.55477893e-01 
 7.94328235e+07 -7.03065390e-02  7.94328235e+07 -1.39020404e-01 
 8.57695899e+07 -6.39294971e-02  8.57695899e+07 -1.24345027e-01 
 9.26118728e+07 -5.78900963e-02  9.26118728e+07 -1.11296488e-01 
 1.00000000e+08 -5.22275659e-02  1.00000000e+08 -9.97213528e-02 
 1.07977516e+08 -4.69680636e-02  1.07977516e+08 -8.94706686e-02 
 1.16591440e+08 -4.21253492e-02  1.16591440e+08 -8.04023417e-02 
 1.25892541e+08 -3.77020654e-02  1.25892541e+08 -7.23830582e-02 
 1.35935639e+08 -3.36914099e-02  1.35935639e+08 -6.52896584e-02 
 1.46779927e+08 -3.00789915e-02  1.46779927e+08 -5.90099463e-02 
 1.58489319e+08 -2.68446949e-02  1.58489319e+08 -5.34429785e-02 
 1.71132830e+08 -2.39644261e-02  1.71132830e+08 -4.84989157e-02 
 1.84784980e+08 -2.14116510e-02  1.84784980e+08 -4.40985370e-02 
 1.99526231e+08 -1.91586870e-02  1.99526231e+08 -4.01725203e-02 
 2.15443469e+08 -1.71777346e-02  2.15443469e+08 -3.66605788e-02 
 2.32630507e+08 -1.54416619e-02  2.32630507e+08 -3.35105324e-02 
 2.51188643e+08 -1.39245682e-02  2.51188643e+08 -3.06773711e-02 
 2.71227258e+08 -1.26021603e-02  2.71227258e+08 -2.81223546e-02 
 2.92864456e+08 -1.14519755e-02  2.92864456e+08 -2.58121726e-02 
 3.16227766e+08 -1.04534861e-02  3.16227766e+08 -2.37181839e-02 
 3.41454887e+08 -9.58811422e-03  3.41454887e+08 -2.18157386e-02 
 3.68694506e+08 -8.83918264e-03  3.68694506e+08 -2.00835851e-02 
 3.98107171e+08 -8.19182198e-03  3.98107171e+08 -1.85033567e-02 
 4.29866235e+08 -7.63285084e-03  4.29866235e+08 -1.70591324e-02 
 4.64158883e+08 -7.15064094e-03  4.64158883e+08 -1.57370630e-02 
 5.01187234e+08 -6.73497640e-03  5.01187234e+08 -1.45250558e-02 
 5.41169527e+08 -6.37691369e-03  5.41169527e+08 -1.34125092e-02 
 5.84341413e+08 -6.06864664e-03  5.84341413e+08 -1.23900901e-02 
 6.30957344e+08 -5.80337918e-03  6.30957344e+08 -1.14495475e-02 
 6.81292069e+08 -5.57520763e-03  6.81292069e+08 -1.05835573e-02 
 7.35642254e+08 -5.37901310e-03  7.35642254e+08 -9.78559119e-03 
 7.94328235e+08 -5.21036429e-03  7.94328235e+08 -9.04980841e-03 
 8.57695899e+08 -5.06543030e-03  8.57695899e+08 -8.37096378e-03 
 9.26118728e+08 -4.94090321e-03  9.26118728e+08 -7.74433112e-03 
 1.00000000e+09 -4.83392939e-03  1.00000000e+09 -7.16563843e-03 
 1.07977516e+09 -4.74204920e-03  1.07977516e+09 -6.63101311e-03 
 1.16591440e+09 -4.66314396e-03  1.16591440e+09 -6.13693550e-03 
 1.25892541e+09 -4.59538977e-03  1.25892541e+09 -5.68019925e-03 
 1.35935639e+09 -4.53721716e-03  1.35935639e+09 -5.25787731e-03 
 1.46779927e+09 -4.48727614e-03  1.46779927e+09 -4.86729272e-03 
 1.58489319e+09 -4.44440584e-03  1.58489319e+09 -4.50599326e-03 
 1.71132830e+09 -4.40760827e-03  1.71132830e+09 -4.17172943e-03 
 1.84784980e+09 -4.37602566e-03  1.84784980e+09 -3.86243509e-03 
 1.99526231e+09 -4.34892087e-03  1.99526231e+09 -3.57621050e-03 
 2.15443469e+09 -4.32566057e-03  2.15443469e+09 -3.31130726e-03 
 2.32630507e+09 -4.30570066e-03  2.32630507e+09 -3.06611494e-03 
 2.51188643e+09 -4.28857381e-03  2.51188643e+09 -2.83914915e-03 
 2.71227258e+09 -4.27387862e-03  2.71227258e+09 -2.62904078e-03 
 2.92864456e+09 -4.26127042e-03  2.92864456e+09 -2.43452640e-03 
 3.16227766e+09 -4.25045326e-03  3.16227766e+09 -2.25443953e-03 
 3.41454887e+09 -4.24117306e-03  3.41454887e+09 -2.08770279e-03 
 3.68694506e+09 -4.23321170e-03  3.68694506e+09 -1.93332068e-03 
 3.98107171e+09 -4.22638194e-03  3.98107171e+09 -1.79037312e-03 
 4.29866235e+09 -4.22052309e-03  4.29866235e+09 -1.65800949e-03 
 4.64158883e+09 -4.21549724e-03  4.64158883e+09 -1.53544319e-03 
 5.01187234e+09 -4.21118604e-03  5.01187234e+09 -1.42194666e-03 
 5.41169527e+09 -4.20748794e-03  5.41169527e+09 -1.31684689e-03 
 5.84341413e+09 -4.20431579e-03  5.84341413e+09 -1.21952116e-03 
 6.30957344e+09 -4.20159483e-03  6.30957344e+09 -1.12939323e-03 
 6.81292069e+09 -4.19926091e-03  6.81292069e+09 -1.04592985e-03 
 7.35642254e+09 -4.19725899e-03  7.35642254e+09 -9.68637441e-04 
 7.94328235e+09 -4.19554186e-03  7.94328235e+09 -8.97059144e-04 
 8.57695899e+09 -4.19406902e-03  8.57695899e+09 -8.30772045e-04 
 9.26118728e+09 -4.19280572e-03  9.26118728e+09 -7.69384627e-04 
 1.00000000e+10 -4.19172216e-03  1.00000000e+10 -7.12534423e-04 
