 1.00000000e+00  7.02084851e+02  1.00000000e+00 -5.10855518e-02 
 1.07977516e+00  7.02084850e+02  1.07977516e+00 -5.51609099e-02 
 1.16591440e+00  7.02084850e+02  1.16591440e+00 -5.95613804e-02 
 1.25892541e+00  7.02084849e+02  1.25892541e+00 -6.43128991e-02 
 1.35935639e+00  7.02084848e+02  1.35935639e+00 -6.94434710e-02 
 1.46779927e+00  7.02084847e+02  1.46779927e+00 -7.49833350e-02 
 1.58489319e+00  7.02084845e+02  1.58489319e+00 -8.09651426e-02 
 1.71132830e+00  7.02084844e+02  1.71132830e+00 -8.74241498e-02 
 1.84784980e+00  7.02084842e+02  1.84784980e+00 -9.43984253e-02 
 1.99526231e+00  7.02084840e+02  1.99526231e+00 -1.01929075e-01 
 2.15443469e+00  7.02084837e+02  2.15443469e+00 -1.10060483e-01 
 2.32630507e+00  7.02084834e+02  2.32630507e+00 -1.18840575e-01 
 2.51188643e+00  7.02084831e+02  2.51188643e+00 -1.28321101e-01 
 2.71227258e+00  7.02084827e+02  2.71227258e+00 -1.38557937e-01 
 2.92864456e+00  7.02084823e+02  2.92864456e+00 -1.49611418e-01 
 3.16227766e+00  7.02084817e+02  3.16227766e+00 -1.61546691e-01 
 3.41454887e+00  7.02084811e+02  3.41454887e+00 -1.74434103e-01 
 3.68694506e+00  7.02084804e+02  3.68694506e+00 -1.88349610e-01 
 3.98107171e+00  7.02084796e+02  3.98107171e+00 -2.03375229e-01 
 4.29866235e+00  7.02084786e+02  4.29866235e+00 -2.19599518e-01 
 4.64158883e+00  7.02084774e+02  4.64158883e+00 -2.37118101e-01 
 5.01187234e+00  7.02084761e+02  5.01187234e+00 -2.56034231e-01 
 5.41169527e+00  7.02084746e+02  5.41169527e+00 -2.76459397e-01 
 5.84341413e+00  7.02084728e+02  5.84341413e+00 -2.98513983e-01 
 6.30957344e+00  7.02084707e+02  6.30957344e+00 -3.22327975e-01 
 6.81292069e+00  7.02084682e+02  6.81292069e+00 -3.48041729e-01 
 7.35642254e+00  7.02084653e+02  7.35642254e+00 -3.75806799e-01 
 7.94328235e+00  7.02084620e+02  7.94328235e+00 -4.05786828e-01 
 8.57695899e+00  7.02084581e+02  8.57695899e+00 -4.38158514e-01 
 9.26118728e+00  7.02084536e+02  9.26118728e+00 -4.73112650e-01 
 1.00000000e+01  7.02084483e+02  1.00000000e+01 -5.10855250e-01 
 1.07977516e+01  7.02084421e+02  1.07977516e+01 -5.51608762e-01 
 1.16591440e+01  7.02084349e+02  1.16591440e+01 -5.95613379e-01 
 1.25892541e+01  7.02084265e+02  1.25892541e+01 -6.43128457e-01 
 1.35935639e+01  7.02084168e+02  1.35935639e+01 -6.94434037e-01 
 1.46779927e+01  7.02084054e+02  1.46779927e+01 -7.49832503e-01 
 1.58489319e+01  7.02083921e+02  1.58489319e+01 -8.09650360e-01 
 1.71132830e+01  7.02083766e+02  1.71132830e+01 -8.74240156e-01 
 1.84784980e+01  7.02083585e+02  1.84784980e+01 -9.43982563e-01 
 1.99526231e+01  7.02083375e+02  1.99526231e+01 -1.01928862e+00 
 2.15443469e+01  7.02083129e+02  2.15443469e+01 -1.10060215e+00 
 2.32630507e+01  7.02082843e+02  2.32630507e+01 -1.18840238e+00 
 2.51188643e+01  7.02082509e+02  2.51188643e+01 -1.28320676e+00 
 2.71227258e+01  7.02082120e+02  2.71227258e+01 -1.38557402e+00 
 2.92864456e+01  7.02081666e+02  2.92864456e+01 -1.49610745e+00 
 3.16227766e+01  7.02081137e+02  3.16227766e+01 -1.61545844e+00 
 3.41454887e+01  7.02080520e+02  3.41454887e+01 -1.74433037e+00 
 3.68694506e+01  7.02079801e+02  3.68694506e+01 -1.88348268e+00 
 3.98107171e+01  7.02078963e+02  3.98107171e+01 -2.03373539e+00 
 4.29866235e+01  7.02077985e+02  4.29866235e+01 -2.19597390e+00 
 4.64158883e+01  7.02076845e+02  4.64158883e+01 -2.37115422e+00 
 5.01187234e+01  7.02075516e+02  5.01187234e+01 -2.56030859e+00 
 5.41169527e+01  7.02073967e+02  5.41169527e+01 -2.76455152e+00 
 5.84341413e+01  7.02072161e+02  5.84341413e+01 -2.98508639e+00 
 6.30957344e+01  7.02070055e+02  6.30957344e+01 -3.22321247e+00 
 6.81292069e+01  7.02067599e+02  6.81292069e+01 -3.48033259e+00 
 7.35642254e+01  7.02064736e+02  7.35642254e+01 -3.75796136e+00 
 7.94328235e+01  7.02061398e+02  7.94328235e+01 -4.05773405e+00 
 8.57695899e+01  7.02057507e+02  8.57695899e+01 -4.38141615e+00 
 9.26118728e+01  7.02052970e+02  9.26118728e+01 -4.73091375e+00 
 1.00000000e+02  7.02047680e+02  1.00000000e+02 -5.10828467e+00 
 1.07977516e+02  7.02041512e+02  1.07977516e+02 -5.51575045e+00 
 1.16591440e+02  7.02034322e+02  1.16591440e+02 -5.95570932e+00 
 1.25892541e+02  7.02025938e+02  1.25892541e+02 -6.43075019e+00 
 1.35935639e+02  7.02016164e+02  1.35935639e+02 -6.94366765e+00 
 1.46779927e+02  7.02004769e+02  1.46779927e+02 -7.49747814e+00 
 1.58489319e+02  7.01991483e+02  1.58489319e+02 -8.09543744e+00 
 1.71132830e+02  7.01975994e+02  1.71132830e+02 -8.74105937e+00 
 1.84784980e+02  7.01957936e+02  1.84784980e+02 -9.43813596e+00 
 1.99526231e+02  7.01936882e+02  1.99526231e+02 -1.01907591e+01 
 2.15443469e+02  7.01912338e+02  2.15443469e+02 -1.10033437e+01 
 2.32630507e+02  7.01883723e+02  2.32630507e+02 -1.18806528e+01 
 2.51188643e+02  7.01850363e+02  2.51188643e+02 -1.28278240e+01 
 2.71227258e+02  7.01811473e+02  2.71227258e+02 -1.38503982e+01 
 2.92864456e+02  7.01766136e+02  2.92864456e+02 -1.49543496e+01 
 3.16227766e+02  7.01713284e+02  3.16227766e+02 -1.61461190e+01 
 3.41454887e+02  7.01651673e+02  3.41454887e+02 -1.74326473e+01 
 3.68694506e+02  7.01579854e+02  3.68694506e+02 -1.88214126e+01 
 3.98107171e+02  7.01496137e+02  3.98107171e+02 -2.03204684e+01 
 4.29866235e+02  7.01398556e+02  4.29866235e+02 -2.19384845e+01 
 4.64158883e+02  7.01284818e+02  4.64158883e+02 -2.36847888e+01 
 5.01187234e+02  7.01152257e+02  5.01187234e+02 -2.55694117e+01 
 5.41169527e+02  7.00997766e+02  5.41169527e+02 -2.76031314e+01 
 5.84341413e+02  7.00817727e+02  5.84341413e+02 -2.97975196e+01 
 6.30957344e+02  7.00607935e+02  6.30957344e+02 -3.21649885e+01 
 6.81292069e+02  7.00363494e+02  6.81292069e+02 -3.47188363e+01 
 7.35642254e+02  7.00078712e+02  7.35642254e+02 -3.74732912e+01 
 7.94328235e+02  6.99746972e+02  7.94328235e+02 -4.04435525e+01 
 8.57695899e+02  6.99360589e+02  8.57695899e+02 -4.36458264e+01 
 9.26118728e+02  6.98910638e+02  9.26118728e+02 -4.70973540e+01 
 1.00000000e+03  6.98386764e+02  1.00000000e+03 -5.08164289e+01 
 1.07977516e+03  6.97776963e+02  1.07977516e+03 -5.48224001e+01 
 1.16591440e+03  6.97067330e+02  1.16591440e+03 -5.91356553e+01 
 1.25892541e+03  6.96241780e+02  1.25892541e+03 -6.37775778e+01 
 1.35935639e+03  6.95281725e+02  1.35935639e+03 -6.87704708e+01 
 1.46779927e+03  6.94165722e+02  1.46779927e+03 -7.41374382e+01 
 1.58489319e+03  6.92869073e+02  1.58489319e+03 -7.99022111e+01 
 1.71132830e+03  6.91363395e+02  1.71132830e+03 -8.60889067e+01 
 1.84784980e+03  6.89616146e+02  1.84784980e+03 -9.27217027e+01 
 1.99526231e+03  6.87590124e+02  1.99526231e+03 -9.98244084e+01 
 2.15443469e+03  6.85242938e+02  2.15443469e+03 -1.07419911e+02 
 2.32630507e+03  6.82526476e+02  2.32630507e+03 -1.15529473e+02 
 2.51188643e+03  6.79386387e+02  2.51188643e+03 -1.24171850e+02 
 2.71227258e+03  6.75761604e+02  2.71227258e+03 -1.33362214e+02 
 2.92864456e+03  6.71583961e+02  2.92864456e+03 -1.43110834e+02 
 3.16227766e+03  6.66777949e+02  3.16227766e+03 -1.53421516e+02 
 3.41454887e+03  6.61260697e+02  3.41454887e+03 -1.64289767e+02 
 3.68694506e+03  6.54942254e+02  3.68694506e+03 -1.75700695e+02 
 3.98107171e+03  6.47726295e+02  3.98107171e+03 -1.87626663e+02 
 4.29866235e+03  6.39511357e+02  4.29866235e+03 -2.00024740e+02 
 4.64158883e+03  6.30192753e+02  4.64158883e+03 -2.12834063e+02 
 5.01187234e+03  6.19665279e+02  5.01187234e+03 -2.25973231e+02 
 5.41169527e+03  6.07826836e+02  5.41169527e+03 -2.39337969e+02 
 5.84341413e+03  5.94583009e+02  5.84341413e+03 -2.52799310e+02 
 6.30957344e+03  5.79852618e+02  6.30957344e+03 -2.66202662e+02 
 6.81292069e+03  5.63574086e+02  6.81292069e+03 -2.79368120e+02 
 7.35642254e+03  5.45712372e+02  7.35642254e+03 -2.92092435e+02 
 7.94328235e+03  5.26266011e+02  7.94328235e+03 -3.04152977e+02 
 8.57695899e+03  5.05273657e+02  8.57695899e+03 -3.15313912e+02 
 9.26118728e+03  4.82819365e+02  9.26118728e+03 -3.25334624e+02 
 1.00000000e+04  4.59035809e+02  1.00000000e+04 -3.33980109e+02 
 1.07977516e+04  4.34104643e+02  1.07977516e+04 -3.41032749e+02 
 1.16591440e+04  4.08253476e+02  1.16591440e+04 -3.46304564e+02 
 1.25892541e+04  3.81749193e+02  1.25892541e+04 -3.49648779e+02 
 1.35935639e+04  3.54887886e+02  1.35935639e+04 -3.50969469e+02 
 1.46779927e+04  3.27982072e+02  1.46779927e+04 -3.50228144e+02 
 1.58489319e+04  3.01346342e+02  1.58489319e+04 -3.47446452e+02 
 1.71132830e+04  2.75282794e+02  1.71132830e+04 -3.42704656e+02 
 1.84784980e+04  2.50067695e+02  1.84784980e+04 -3.36136075e+02 
 1.99526231e+04  2.25940539e+02  1.99526231e+04 -3.27918196e+02 
 2.15443469e+04  2.03096387e+02  2.15443469e+04 -3.18261525e+02 
 2.32630507e+04  1.81681805e+02  2.32630507e+04 -3.07397400e+02 
 2.51188643e+04  1.61794323e+02  2.51188643e+04 -2.95565984e+02 
 2.71227258e+04  1.43484921e+02  2.71227258e+04 -2.83005399e+02 
 2.92864456e+04  1.26762808e+02  2.92864456e+04 -2.69942720e+02 
 3.16227766e+04  1.11601693e+02  3.16227766e+04 -2.56587147e+02 
 3.41454887e+04  9.79467568e+01  3.41454887e+04 -2.43125437e+02 
 3.68694506e+04  8.57216634e+01  3.68694506e+04 -2.29719408e+02 
 3.98107171e+04  7.48351257e+01  3.98107171e+04 -2.16505192e+02 
 4.29866235e+04  6.51867010e+01  4.29866235e+04 -2.03593869e+02 
 4.64158883e+04  5.66716529e+01  4.64158883e+04 -1.91073058e+02 
 5.01187234e+04  4.91848373e+01  5.01187234e+04 -1.79009151e+02 
 5.41169527e+04  4.26236584e+01  5.41169527e+04 -1.67449860e+02 
 5.84341413e+04  3.68901918e+01  5.84341413e+04 -1.56426866e+02 
 6.30957344e+04  3.18925998e+01  6.30957344e+04 -1.45958402e+02 
 6.81292069e+04  2.75459728e+01  6.81292069e+04 -1.36051665e+02 
 7.35642254e+04  2.37727200e+01  7.35642254e+04 -1.26704992e+02 
 7.94328235e+04  2.05026238e+01  7.94328235e+04 -1.17909762e+02 
 8.57695899e+04  1.76726523e+01  8.57695899e+04 -1.09652042e+02 
 9.26118728e+04  1.52266081e+01  9.26118728e+04 -1.01913968e+02 
 1.00000000e+05  1.31146740e+01  1.00000000e+05 -9.46748862e+01 
 1.07977516e+05  1.12929024e+01  1.07977516e+05 -8.79122894e+01 
 1.16591440e+05  9.72268318e+00  1.16591440e+05 -8.16025669e+01 
 1.25892541e+05  8.37021405e+00  1.25892541e+05 -7.57215973e+01 
 1.35935639e+05  7.20598971e+00  1.35935639e+05 -7.02452102e+01 
 1.46779927e+05  6.20432099e+00  1.46779927e+05 -6.51495392e+01 
 1.58489319e+05  5.34288959e+00  1.58489319e+05 -6.04112846e+01 
 1.71132830e+05  4.60234165e+00  1.71132830e+05 -5.60079048e+01 
 1.84784980e+05  3.96592041e+00  1.84784980e+05 -5.19177494e+01 
 1.99526231e+05  3.41913733e+00  1.99526231e+05 -4.81201462e+01 
 2.15443469e+05  2.94947951e+00  2.15443469e+05 -4.45954525e+01 
 2.32630507e+05  2.54615095e+00  2.32630507e+05 -4.13250786e+01 
 2.51188643e+05  2.19984486e+00  2.51188643e+05 -3.82914901e+01 
 2.71227258e+05  1.90254404e+00  2.71227258e+05 -3.54781936e+01 
 2.92864456e+05  1.64734644e+00  2.92864456e+05 -3.28697119e+01 
 3.16227766e+05  1.42831321e+00  3.16227766e+05 -3.04515492e+01 
 3.41454887e+05  1.24033660e+00  3.41454887e+05 -2.82101523e+01 
 3.68694506e+05  1.07902531e+00  3.68694506e+05 -2.61328667e+01 
 3.98107171e+05  9.40605286e-01  3.98107171e+05 -2.42078913e+01 
 4.29866235e+05  8.21833805e-01  4.29866235e+05 -2.24242323e+01 
 4.64158883e+05  7.19925360e-01  4.64158883e+05 -2.07716566e+01 
 5.01187234e+05  6.32487644e-01  5.01187234e+05 -1.92406463e+01 
 5.41169527e+05  5.57466370e-01  5.41169527e+05 -1.78223544e+01 
 5.84341413e+05  4.93097729e-01  5.84341413e+05 -1.65085622e+01 
 6.30957344e+05  4.37867454e-01  6.30957344e+05 -1.52916377e+01 
 6.81292069e+05  3.90475585e-01  6.81292069e+05 -1.41644972e+01 
 7.35642254e+05  3.49806165e-01  7.35642254e+05 -1.31205678e+01 
 7.94328235e+05  3.14901169e-01  7.94328235e+05 -1.21537527e+01 
 8.57695899e+05  2.84938097e-01  8.57695899e+05 -1.12583979e+01 
 9.26118728e+05  2.59210703e-01  9.26118728e+05 -1.04292614e+01 
 1.00000000e+06  2.37112437e-01  1.00000000e+06 -9.66148427e+00 
 1.07977516e+06  2.18122210e-01  1.07977516e+06 -8.95056336e+00 
 1.16591440e+06  2.01792145e-01  1.16591440e+06 -8.29232599e+00 
 1.25892541e+06  1.87737058e-01  1.25892541e+06 -7.68290622e+00 
 1.35935639e+06  1.75625394e-01  1.35935639e+06 -7.11872287e+00 
 1.46779927e+06  1.65171427e-01  1.46779927e+06 -6.59645891e+00 
 1.58489319e+06  1.56128538e-01  1.58489319e+06 -6.11304240e+00 
 1.71132830e+06  1.48283408e-01  1.71132830e+06 -5.66562869e+00 
 1.84784980e+06  1.41451004e-01  1.84784980e+06 -5.25158391e+00 
 1.99526231e+06  1.35470224e-01  1.99526231e+06 -4.86846958e+00 
 2.15443469e+06  1.30200117e-01  2.15443469e+06 -4.51402839e+00 
 2.32630507e+06  1.25516576e-01  2.32630507e+06 -4.18617091e+00 
 2.51188643e+06  1.21309442e-01  2.51188643e+06 -3.88296323e+00 
 2.71227258e+06  1.17479941e-01  2.71227258e+06 -3.60261553e+00 
 2.92864456e+06  1.13938404e-01  2.92864456e+06 -3.34347137e+00 
 3.16227766e+06  1.10602221e-01  3.16227766e+06 -3.10399773e+00 
 3.41454887e+06  1.07393986e-01  3.41454887e+06 -2.88277564e+00 
 3.68694506e+06  1.04239798e-01  3.68694506e+06 -2.67849151e+00 
 3.98107171e+06  1.01067687e-01  3.98107171e+06 -2.48992884e+00 
 4.29866235e+06  9.78061543e-02  4.29866235e+06 -2.31596045e+00 
 4.64158883e+06  9.43827958e-02  4.64158883e+06 -2.15554107e+00 
 5.01187234e+06  9.07230266e-02  5.01187234e+06 -2.00770018e+00 
 5.41169527e+06  8.67488967e-02  5.41169527e+06 -1.87153515e+00 
 5.84341413e+06  8.23780320e-02  5.84341413e+06 -1.74620440e+00 
 6.30957344e+06  7.75227407e-02  6.30957344e+06 -1.63092069e+00 
 6.81292069e+06  7.20893527e-02  6.81292069e+06 -1.52494437e+00 
 7.35642254e+06  6.59778960e-02  7.35642254e+06 -1.42757645e+00 
 7.94328235e+06  5.90822510e-02  7.94328235e+06 -1.33815147e+00 
 8.57695899e+06  5.12909786e-02  8.57695899e+06 -1.25603021e+00 
 9.26118728e+06  4.24890786e-02  9.26118728e+06 -1.18059199e+00 
 1.00000000e+07  3.25610027e-02  1.00000000e+07 -1.11122688e+00 
 1.07977516e+07  2.13953167e-02  1.07977516e+07 -1.04732781e+00 
 1.16591440e+07  8.89146193e-03  1.16591440e+07 -9.88282942e-01 
 1.25892541e+07 -5.03091880e-03  1.25892541e+07 -9.33468993e-01 
 1.35935639e+07 -2.04196891e-02  1.35935639e+07 -8.82246191e-01 
 1.46779927e+07 -3.72747684e-02  1.46779927e+07 -8.33956292e-01 
 1.58489319e+07 -5.55297563e-02  1.58489319e+07 -7.87925242e-01 
 1.71132830e+07 -7.50315967e-02  1.71132830e+07 -7.43472481e-01 
 1.84784980e+07 -9.55203246e-02  1.84784980e+07 -6.99928957e-01 
 1.99526231e+07 -1.16612319e-01  1.99526231e+07 -6.56665404e-01 
 2.15443469e+07 -1.37791923e-01  2.15443469e+07 -6.13131166e-01 
 2.32630507e+07 -1.58417269e-01  2.32630507e+07 -5.68901419e-01 
 2.51188643e+07 -1.77745882e-01  2.51188643e+07 -5.23727333e-01 
 2.71227258e+07 -1.94983324e-01  2.71227258e+07 -4.77580057e-01 
 2.92864456e+07 -2.09353338e-01  2.92864456e+07 -4.30676930e-01 
 3.16227766e+07 -2.20181398e-01  3.16227766e+07 -3.83478757e-01 
 3.41454887e+07 -2.26977266e-01  3.41454887e+07 -3.36651532e-01 
 3.68694506e+07 -2.29499025e-01  3.68694506e+07 -2.90994386e-01 
 3.98107171e+07 -2.27783413e-01  3.98107171e+07 -2.47345094e-01 
 4.29866235e+07 -2.22135166e-01  4.29866235e+07 -2.06481434e-01 
 4.64158883e+07 -2.13078737e-01  4.64158883e+07 -1.69037769e-01 
 5.01187234e+07 -2.01284946e-01  5.01187234e+07 -1.35451135e-01 
 5.41169527e+07 -1.87489436e-01  5.41169527e+07 -1.05942197e-01 
 5.84341413e+07 -1.72418468e-01  5.84341413e+07 -8.05274980e-02 
 6.30957344e+07 -1.56732346e-01  6.30957344e+07 -5.90536504e-02 
 6.81292069e+07 -1.40990309e-01  6.81292069e+07 -4.12422931e-02 
 7.35642254e+07 -1.25635513e-01  7.35642254e+07 -2.67361637e-02 
 7.94328235e+07 -1.10995632e-01  7.94328235e+07 -1.51397474e-02 
 8.57695899e+07 -9.72937237e-02  8.57695899e+07 -6.05125527e-03 
 9.26118728e+07 -8.46644514e-02  9.26118728e+07  9.14743540e-04 
 1.00000000e+08 -7.31719721e-02  1.00000000e+08  6.11310798e-03 
 1.07977516e+08 -6.28270624e-02  1.07977516e+08  9.86066447e-03 
 1.16591440e+08 -5.36021550e-02  1.16591440e+08  1.24336847e-02 
 1.25892541e+08 -4.54437490e-02  1.25892541e+08  1.40686730e-02 
 1.35935639e+08 -3.82821627e-02  1.35935639e+08  1.49651565e-02 
 1.46779927e+08 -3.20388750e-02  1.46779927e+08  1.52895105e-02 
 1.58489319e+08 -2.66318290e-02  1.58489319e+08  1.51791546e-02 
 1.71132830e+08 -2.19790963e-02  1.71132830e+08  1.47466875e-02 
 1.84784980e+08 -1.80012818e-02  1.84784980e+08  1.40837116e-02 
 1.99526231e+08 -1.46229964e-02  1.99526231e+08  1.32642187e-02 
 2.15443469e+08 -1.17736718e-02  2.15443469e+08  1.23474949e-02 
 2.32630507e+08 -9.38793546e-03  2.32630507e+08  1.13805586e-02 
 2.51188643e+08 -7.40570897e-03  2.51188643e+08  1.04001781e-02 
 2.71227258e+08 -5.77215180e-03  2.71227258e+08  9.43453376e-03 
 2.92864456e+08 -4.43752672e-03  2.92864456e+08  8.50459540e-03 
 3.16227766e+08 -3.35703357e-03  3.16227766e+08  7.62528342e-03 
 3.41454887e+08 -2.49063061e-03  3.41454887e+08  6.80646995e-03 
 3.68694506e+08 -1.80284569e-03  3.68694506e+08  6.05386415e-03 
 3.98107171e+08 -1.26256982e-03  3.98107171e+08  5.36980896e-03 
 4.29866235e+08 -8.42823567e-04  4.29866235e+08  4.75400334e-03 
 4.64158883e+08 -5.20489229e-04  4.64158883e+08  4.20415266e-03 
 5.01187234e+08 -2.76007738e-04  5.01187234e+08  3.71654420e-03 
 5.41169527e+08 -9.30452805e-05  5.41169527e+08  3.28654259e-03 
 5.84341413e+08  4.18602610e-05  5.84341413e+08  2.90900159e-03 
 6.30957344e+08  1.39660130e-04  6.30957344e+08  2.57859216e-03 
 6.81292069e+08  2.09149380e-04  6.81292069e+08  2.29005105e-03 
 7.35642254e+08  2.57303527e-04  7.35642254e+08  2.03835762e-03 
 7.94328235e+08  2.89588015e-04  7.94328235e+08  1.81884920e-03 
 8.57695899e+08  3.10234583e-04  8.57695899e+08  1.62728643e-03 
 9.26118728e+08  3.22481765e-04  9.26118728e+08  1.45987996e-03 
 1.00000000e+09  3.28779396e-04  1.00000000e+09  1.31328914e-03 
 1.07977516e+09  3.30958988e-04  1.07977516e+09  1.18460141e-03 
 1.16591440e+09  3.30373080e-04  1.16591440e+09  1.07129993e-03 
 1.25892541e+09  3.28007385e-04  1.25892541e+09  9.71224893e-04 
 1.35935639e+09  3.24569732e-04  1.35935639e+09  8.82532616e-04 
 1.46779927e+09  3.20559682e-04  1.46779927e+09  8.03655213e-04 
 1.58489319e+09  3.16322373e-04  1.58489319e+09  7.33262599e-04 
 1.71132830e+09  3.12089719e-04  1.71132830e+09  6.70227838e-04 
 1.84784980e+09  3.08011604e-04  1.84784980e+09  6.13596293e-04 
 1.99526231e+09  3.04179280e-04  1.99526231e+09  5.62558660e-04 
 2.15443469e+09  3.00642750e-04  2.15443469e+09  5.16427734e-04 
 2.32630507e+09  2.97423565e-04  2.32630507e+09  4.74618609e-04 
 2.51188643e+09  2.94524143e-04  2.51188643e+09  4.36631955e-04 
 2.71227258e+09  2.91934496e-04  2.71227258e+09  4.02039995e-04 
 2.92864456e+09  2.89637015e-04  2.92864456e+09  3.70474795e-04 
 3.16227766e+09  2.87609833e-04  3.16227766e+09  3.41618532e-04 
 3.41454887e+09  2.85829145e-04  3.41454887e+09  3.15195425e-04 
 3.68694506e+09  2.84270761e-04  3.68694506e+09  2.90965059e-04 
 3.98107171e+09  2.82911130e-04  3.98107171e+09  2.68716855e-04 
 4.29866235e+09  2.81727959e-04  4.29866235e+09  2.48265509e-04 
 4.64158883e+09  2.80700577e-04  4.64158883e+09  2.29447204e-04 
 5.01187234e+09  2.79810103e-04  5.01187234e+09  2.12116484e-04 
 5.41169527e+09  2.79039484e-04  5.41169527e+09  1.96143646e-04 
 5.84341413e+09  2.78373464e-04  5.84341413e+09  1.81412578e-04 
 6.30957344e+09  2.77798484e-04  6.30957344e+09  1.67818950e-04 
 6.81292069e+09  2.77302571e-04  6.81292069e+09  1.55268697e-04 
 7.35642254e+09  2.76875198e-04  7.35642254e+09  1.43676747e-04 
 7.94328235e+09  2.76507144e-04  7.94328235e+09  1.32965940e-04 
 8.57695899e+09  2.76190363e-04  8.57695899e+09  1.23066114e-04 
 9.26118728e+09  2.75917848e-04  9.26118728e+09  1.13913325e-04 
 1.00000000e+10  2.75683515e-04  1.00000000e+10  1.05449179e-04 
