 1.00000000e+00  8.03157739e+04  1.00000000e+00 -1.51735048e+03 
 1.07977516e+00  8.03110197e+04  1.07977516e+00 -1.63830038e+03 
 1.16591440e+00  8.03054775e+04  1.16591440e+00 -1.76887398e+03 
 1.25892541e+00  8.02990168e+04  1.25892541e+00 -1.90983252e+03 
 1.35935639e+00  8.02914854e+04  1.35935639e+00 -2.06199631e+03 
 1.46779927e+00  8.02827062e+04  1.46779927e+00 -2.22624895e+03 
 1.58489319e+00  8.02724729e+04  1.58489319e+00 -2.40354192e+03 
 1.71132830e+00  8.02605449e+04  1.71132830e+00 -2.59489923e+03 
 1.84784980e+00  8.02466425e+04  1.84784980e+00 -2.80142240e+03 
 1.99526231e+00  8.02304395e+04  1.99526231e+00 -3.02429556e+03 
 2.15443469e+00  8.02115565e+04  2.15443469e+00 -3.26479065e+03 
 2.32630507e+00  8.01895517e+04  2.32630507e+00 -3.52427276e+03 
 2.51188643e+00  8.01639112e+04  2.51188643e+00 -3.80420543e+03 
 2.71227258e+00  8.01340374e+04  2.71227258e+00 -4.10615577e+03 
 2.92864456e+00  8.00992351e+04  2.92864456e+00 -4.43179945e+03 
 3.16227766e+00  8.00586967e+04  3.16227766e+00 -4.78292512e+03 
 3.41454887e+00  8.00114843e+04  3.41454887e+00 -5.16143815e+03 
 3.68694506e+00  7.99565089e+04  3.68694506e+00 -5.56936343e+03 
 3.98107171e+00  7.98925076e+04  3.98107171e+00 -6.00884669e+03 
 4.29866235e+00  7.98180167e+04  4.29866235e+00 -6.48215393e+03 
 4.64158883e+00  7.97313420e+04  4.64158883e+00 -6.99166832e+03 
 5.01187234e+00  7.96305241e+04  5.01187234e+00 -7.53988383e+03 
 5.41169527e+00  7.95133005e+04  5.41169527e+00 -8.12939449e+03 
 5.84341413e+00  7.93770628e+04  5.84341413e+00 -8.76287831e+03 
 6.30957344e+00  7.92188097e+04  6.30957344e+00 -9.44307430e+03 
 6.81292069e+00  7.90350949e+04  6.81292069e+00 -1.01727510e+04 
 7.35642254e+00  7.88219722e+04  7.35642254e+00 -1.09546643e+04 
 7.94328235e+00  7.85749361e+04  7.94328235e+00 -1.17915027e+04 
 8.57695899e+00  7.82888612e+04  8.57695899e+00 -1.26858168e+04 
 9.26118728e+00  7.79579413e+04  9.26118728e+00 -1.36399308e+04 
 1.00000000e+01  7.75756320e+04  1.00000000e+01 -1.46558319e+04 
 1.07977516e+01  7.71345997e+04  1.07977516e+01 -1.57350357e+04 
 1.16591440e+01  7.66266837e+04  1.16591440e+01 -1.68784237e+04 
 1.25892541e+01  7.60428786e+04  1.25892541e+01 -1.80860513e+04 
 1.35935639e+01  7.53733451e+04  1.35935639e+01 -1.93569245e+04 
 1.46779927e+01  7.46074615e+04  1.46779927e+01 -2.06887472e+04 
 1.58489319e+01  7.37339289e+04  1.58489319e+01 -2.20776413e+04 
 1.71132830e+01  7.27409443e+04  1.71132830e+01 -2.35178494e+04 
 1.84784980e+01  7.16164566e+04  1.84784980e+01 -2.50014318e+04 
 1.99526231e+01  7.03485201e+04  1.99526231e+01 -2.65179779e+04 
 2.15443469e+01  6.89257556e+04  2.15443469e+01 -2.80543604e+04 
 2.32630507e+01  6.73379236e+04  2.32630507e+01 -2.95945652e+04 
 2.51188643e+01  6.55766016e+04  2.51188643e+01 -3.11196403e+04 
 2.71227258e+01  6.36359463e+04  2.71227258e+01 -3.26078079e+04 
 2.92864456e+01  6.15134995e+04  2.92864456e+01 -3.40347827e+04 
 3.16227766e+01  5.92109792e+04  3.16227766e+01 -3.53743331e+04 
 3.41454887e+01  5.67349778e+04  3.41454887e+01 -3.65990995e+04 
 3.68694506e+01  5.40974766e+04  3.68694506e+01 -3.76816609e+04 
 3.98107171e+01  5.13160836e+04  3.98107171e+01 -3.85958033e+04 
 4.29866235e+01  4.84139147e+04  4.29866235e+01 -3.93179049e+04 
 4.64158883e+01  4.54190679e+04  4.64158883e+01 -3.98283223e+04 
 5.01187234e+01  4.23636864e+04  5.01187234e+01 -4.01126372e+04 
 5.41169527e+01  3.92826592e+04  5.41169527e+01 -4.01626245e+04 
 5.84341413e+01  3.62120638e+04  5.84341413e+01 -3.99768235e+04 
 6.30957344e+01  3.31874924e+04  6.30957344e+01 -3.95606414e+04 
 6.81292069e+01  3.02424264e+04  6.81292069e+01 -3.89259737e+04 
 7.35642254e+01  2.74068120e+04  7.35642254e+01 -3.80903926e+04 
 7.94328235e+01  2.47059615e+04  7.94328235e+01 -3.70760009e+04 
 8.57695899e+01  2.21598501e+04  8.57695899e+01 -3.59080881e+04 
 9.26118728e+01  1.97828298e+04  9.26118728e+01 -3.46137287e+04 
 1.00000000e+02  1.75837239e+04  1.00000000e+02 -3.32204513e+04 
 1.07977516e+02  1.55662358e+04  1.07977516e+02 -3.17550798e+04 
 1.16591440e+02  1.37295811e+04  1.16591440e+02 -3.02428060e+04 
 1.25892541e+02  1.20692494e+04  1.25892541e+02 -2.87065208e+04 
 1.35935639e+02  1.05778127e+04  1.35935639e+02 -2.71663964e+04 
 1.46779927e+02  9.24571197e+03  1.46779927e+02 -2.56396919e+04 
 1.58489319e+02  8.06197385e+03  1.58489319e+02 -2.41407412e+04 
 1.71132830e+02  7.01482961e+03  1.71132830e+02 -2.26810775e+04 
 1.84784980e+02  6.09222355e+03  1.84784980e+02 -2.12696524e+04 
 1.99526231e+02  5.28221105e+03  1.99526231e+02 -1.99131101e+04 
 2.15443469e+02  4.57325436e+03  2.15443469e+02 -1.86160865e+04 
 2.32630507e+02  3.95442891e+03  2.32630507e+02 -1.73815117e+04 
 2.51188643e+02  3.41555539e+03  2.51188643e+02 -1.62108980e+04 
 2.71227258e+02  2.94727208e+03  2.71227258e+02 -1.51046050e+04 
 2.92864456e+02  2.54106169e+03  2.92864456e+02 -1.40620755e+04 
 3.16227766e+02  2.18924443e+03  3.16227766e+02 -1.30820406e+04 
 3.41454887e+02  1.88494753e+03  3.41454887e+02 -1.21626945e+04 
 3.68694506e+02  1.62205926e+03  3.68694506e+02 -1.13018409e+04 
 3.98107171e+02  1.39517354e+03  3.98107171e+02 -1.04970130e+04 
 4.29866235e+02  1.19953011e+03  4.29866235e+02 -9.74557106e+03 
 4.64158883e+02  1.03095342e+03  4.64158883e+02 -9.04478008e+03 
 5.01187234e+02  8.85792721e+02  5.01187234e+02 -8.39187109e+03 
 5.41169527e+02  7.60865009e+02  5.41169527e+02 -7.78408818e+03 
 5.84341413e+02  6.53401645e+02  5.84341413e+02 -7.21872429e+03 
 6.30957344e+02  5.60999280e+02  6.30957344e+02 -6.69314752e+03 
 6.81292069e+02  4.81575269e+02  6.81292069e+02 -6.20481999e+03 
 7.35642254e+02  4.13327533e+02  7.35642254e+02 -5.75131064e+03 
 7.94328235e+02  3.54698736e+02  7.94328235e+02 -5.33030336e+03 
 8.57695899e+02  3.04344494e+02  8.57695899e+02 -4.93960132e+03 
 9.26118728e+02  2.61105333e+02  9.26118728e+02 -4.57712860e+03 
 1.00000000e+03  2.23982047e+02  1.00000000e+03 -4.24092952e+03 
 1.07977516e+03  1.92114127e+02  1.07977516e+03 -3.92916645e+03 
 1.16591440e+03  1.64760939e+02  1.16591440e+03 -3.64011644e+03 
 1.25892541e+03  1.41285345e+02  1.25892541e+03 -3.37216704e+03 
 1.35935639e+03  1.21139469e+02  1.35935639e+03 -3.12381150e+03 
 1.46779927e+03  1.03852370e+02  1.46779927e+03 -2.89364373e+03 
 1.58489319e+03  8.90193587e+01  1.58489319e+03 -2.68035302e+03 
 1.71132830e+03  7.62927766e+01  1.71132830e+03 -2.48271875e+03 
 1.84784980e+03  6.53740233e+01  1.84784980e+03 -2.29960509e+03 
 1.99526231e+03  5.60066865e+01  1.99526231e+03 -2.12995582e+03 
 2.15443469e+03  4.79706185e+01  2.15443469e+03 -1.97278940e+03 
 2.32630507e+03  4.10768342e+01  2.32630507e+03 -1.82719405e+03 
 2.51188643e+03  3.51631207e+01  2.51188643e+03 -1.69232322e+03 
 2.71227258e+03  3.00902588e+01  2.71227258e+03 -1.56739120e+03 
 2.92864456e+03  2.57387755e+01  2.92864456e+03 -1.45166897e+03 
 3.16227766e+03  2.20061503e+01  3.16227766e+03 -1.34448027e+03 
 3.41454887e+03  1.88044167e+01  3.41454887e+03 -1.24519796e+03 
 3.68694506e+03  1.60580995e+01  3.68694506e+03 -1.15324055e+03 
 3.98107171e+03  1.37024450e+01  3.98107171e+03 -1.06806895e+03 
 4.29866235e+03  1.16818996e+01  4.29866235e+03 -9.89183504e+02 
 4.64158883e+03  9.94880520e+00  4.64158883e+03 -9.16121091e+02 
 5.01187234e+03  8.46227766e+00  5.01187234e+03 -8.48452555e+02 
 5.41169527e+03  7.18724526e+00  5.41169527e+03 -7.85780224e+02 
 5.84341413e+03  6.09362297e+00  5.84341413e+03 -7.27735636e+02 
 6.30957344e+03  5.15560391e+00  6.30957344e+03 -6.73977415e+02 
 6.81292069e+03  4.35105137e+00  6.81292069e+03 -6.24189296e+02 
 7.35642254e+03  3.66097714e+00  7.35642254e+03 -5.78078297e+02 
 7.94328235e+03  3.06909388e+00  7.94328235e+03 -5.35373011e+02 
 8.57695899e+03  2.56143110e+00  8.57695899e+03 -4.95822029e+02 
 9.26118728e+03  2.12600574e+00  9.26118728e+03 -4.59192473e+02 
 1.00000000e+04  1.75253946e+00  1.00000000e+04 -4.25268637e+02 
 1.07977516e+04  1.43221624e+00  1.07977516e+04 -3.93850724e+02 
 1.16591440e+04  1.15747433e+00  1.16591440e+04 -3.64753675e+02 
 1.25892541e+04  9.21827872e-01  1.25892541e+04 -3.37806088e+02 
 1.35935639e+04  7.19713829e-01  1.35935639e+04 -3.12849211e+02 
 1.46779927e+04  5.46360700e-01  1.46779927e+04 -2.89736008e+02 
 1.58489319e+04  3.97675914e-01  1.58489319e+04 -2.68330299e+02 
 1.71132830e+04  2.70149234e-01  1.71132830e+04 -2.48505958e+02 
 1.84784980e+04  1.60769908e-01  1.84784980e+04 -2.30146171e+02 
 1.99526231e+04  6.69555938e-02  1.99526231e+04 -2.13142750e+02 
 2.15443469e+04 -1.35085895e-02  2.15443469e+04 -1.97395499e+02 
 2.32630507e+04 -8.25223505e-02  2.32630507e+04 -1.82811619e+02 
 2.51188643e+04 -1.41715070e-01  2.51188643e+04 -1.69305166e+02 
 2.71227258e+04 -1.92484264e-01  2.71227258e+04 -1.56796543e+02 
 2.92864456e+04 -2.36028580e-01  2.92864456e+04 -1.45212033e+02 
 3.16227766e+04 -2.73376089e-01  3.16227766e+04 -1.34483365e+02 
 3.41454887e+04 -3.05408561e-01  3.41454887e+04 -1.24547309e+02 
 3.68694506e+04 -3.32882282e-01  3.68694506e+04 -1.15345307e+02 
 3.98107171e+04 -3.56445904e-01  3.98107171e+04 -1.06823127e+02 
 4.29866235e+04 -3.76655765e-01  4.29866235e+04 -9.89305413e+01 
 4.64158883e+04 -3.93989022e-01  4.64158883e+04 -9.16210344e+01 
 5.01187234e+04 -4.08854915e-01  5.01187234e+04 -8.48515262e+01 
 5.41169527e+04 -4.21604429e-01  5.41169527e+04 -7.85821191e+01 
 5.84341413e+04 -4.32538582e-01  5.84341413e+04 -7.27758629e+01 
 6.30957344e+04 -4.41915531e-01  6.30957344e+04 -6.73985368e+01 
 6.81292069e+04 -4.49956669e-01  6.81292069e+04 -6.24184481e+01 
 7.35642254e+04 -4.56851847e-01  7.35642254e+04 -5.78062451e+01 
 7.94328235e+04 -4.62763864e-01  7.94328235e+04 -5.35347444e+01 
 8.57695899e+04 -4.67832302e-01  8.57695899e+04 -4.95787705e+01 
 9.26118728e+04 -4.72176830e-01  9.26118728e+04 -4.59150076e+01 
 1.00000000e+05 -4.75900022e-01  1.00000000e+05 -4.25218621e+01 
 1.07977516e+05 -4.79089785e-01  1.07977516e+05 -3.93793352e+01 
 1.16591440e+05 -4.81821430e-01  1.16591440e+05 -3.64689055e+01 
 1.25892541e+05 -4.84159452e-01  1.25892541e+05 -3.37734192e+01 
 1.35935639e+05 -4.86159054e-01  1.35935639e+05 -3.12769895e+01 
 1.46779927e+05 -4.87867447e-01  1.46779927e+05 -2.89649029e+01 
 1.58489319e+05 -4.89324969e-01  1.58489319e+05 -2.68235323e+01 
 1.71132830e+05 -4.90566034e-01  1.71132830e+05 -2.48402567e+01 
 1.84784980e+05 -4.91619945e-01  1.84784980e+05 -2.30033869e+01 
 1.99526231e+05 -4.92511590e-01  1.99526231e+05 -2.13020969e+01 
 2.15443469e+05 -4.93262024e-01  2.15443469e+05 -1.97263594e+01 
 2.32630507e+05 -4.93888971e-01  2.32630507e+05 -1.82668874e+01 
 2.51188643e+05 -4.94407243e-01  2.51188643e+05 -1.69150790e+01 
 2.71227258e+05 -4.94829085e-01  2.71227258e+05 -1.56629670e+01 
 2.92864456e+05 -4.95164473e-01  2.92864456e+05 -1.45031718e+01 
 3.16227766e+05 -4.95421345e-01  3.16227766e+05 -1.34288580e+01 
 3.41454887e+05 -4.95605794e-01  3.41454887e+05 -1.24336941e+01 
 3.68694506e+05 -4.95722210e-01  3.68694506e+05 -1.15118150e+01 
 3.98107171e+05 -4.95773393e-01  3.98107171e+05 -1.06577878e+01 
 4.29866235e+05 -4.95760618e-01  4.29866235e+05 -9.86657966e+00 
 4.64158883e+05 -4.95683677e-01  4.64158883e+05 -9.13352813e+00 
 5.01187234e+05 -4.95540878e-01  5.01187234e+05 -8.45431371e+00 
 5.41169527e+05 -4.95329018e-01  5.41169527e+05 -7.82493450e+00 
 5.84341413e+05 -4.95043325e-01  5.84341413e+05 -7.24168265e+00 
 6.30957344e+05 -4.94677366e-01  6.30957344e+05 -6.70112260e+00 
 6.81292069e+05 -4.94222920e-01  6.81292069e+05 -6.20007093e+00 
 7.35642254e+05 -4.93669830e-01  7.35642254e+05 -5.73557773e+00 
 7.94328235e+05 -4.93005808e-01  7.94328235e+05 -5.30490936e+00 
 8.57695899e+05 -4.92216220e-01  8.57695899e+05 -4.90553257e+00 
 9.26118728e+05 -4.91283829e-01  9.26118728e+05 -4.53509979e+00 
 1.00000000e+06 -4.90188522e-01  1.00000000e+06 -4.19143559e+00 
 1.07977516e+06 -4.88906995e-01  1.07977516e+06 -3.87252422e+00 
 1.16591440e+06 -4.87412428e-01  1.16591440e+06 -3.57649821e+00 
 1.25892541e+06 -4.85674150e-01  1.25892541e+06 -3.30162787e+00 
 1.35935639e+06 -4.83657304e-01  1.35935639e+06 -3.04631175e+00 
 1.46779927e+06 -4.81322537e-01  1.46779927e+06 -2.80906799e+00 
 1.58489319e+06 -4.78625740e-01  1.58489319e+06 -2.58852646e+00 
 1.71132830e+06 -4.75517880e-01  1.71132830e+06 -2.38342176e+00 
 1.84784980e+06 -4.71944960e-01  1.84784980e+06 -2.19258696e+00 
 1.99526231e+06 -4.67848176e-01  1.99526231e+06 -2.01494810e+00 
 2.15443469e+06 -4.63164332e-01  2.15443469e+06 -1.84951931e+00 
 2.32630507e+06 -4.57826602e-01  2.32630507e+06 -1.69539858e+00 
 2.51188643e+06 -4.51765717e-01  2.51188643e+06 -1.55176406e+00 
 2.71227258e+06 -4.44911668e-01  2.71227258e+06 -1.41787070e+00 
 2.92864456e+06 -4.37196000e-01  2.92864456e+06 -1.29304718e+00 
 3.16227766e+06 -4.28554748e-01  3.16227766e+06 -1.17669283e+00 
 3.41454887e+06 -4.18932009e-01  3.41454887e+06 -1.06827433e+00 
 3.68694506e+06 -4.08284083e-01  3.68694506e+06 -9.67321937e-01 
 3.98107171e+06 -3.96584030e-01  3.98107171e+06 -8.73424960e-01 
 4.29866235e+06 -3.83826347e-01  4.29866235e+06 -7.86226126e-01 
 4.64158883e+06 -3.70031398e-01  4.64158883e+06 -7.05414795e-01 
 5.01187234e+06 -3.55249092e-01  5.01187234e+06 -6.30718870e-01 
 5.41169527e+06 -3.39561275e-01  5.41169527e+06 -5.61895551e-01 
 5.84341413e+06 -3.23082318e-01  5.84341413e+06 -4.98721293e-01 
 6.30957344e+06 -3.05957486e-01  6.30957344e+06 -4.40981491e-01 
 6.81292069e+06 -2.88358903e-01  6.81292069e+06 -3.88460656e-01 
 7.35642254e+06 -2.70479197e-01  7.35642254e+06 -3.40933872e-01 
 7.94328235e+06 -2.52523252e-01  7.94328235e+06 -2.98160314e-01 
 8.57695899e+06 -2.34698768e-01  8.57695899e+06 -2.59879401e-01 
 9.26118728e+06 -2.17206517e-01  9.26118728e+06 -2.25809867e-01 
 1.00000000e+07 -2.00231252e-01  1.00000000e+07 -1.95651672e-01 
 1.07977516e+07 -1.83934093e-01  1.07977516e+07 -1.69090339e-01 
 1.16591440e+07 -1.68447010e-01  1.16591440e+07 -1.45803024e-01 
 1.25892541e+07 -1.53869690e-01  1.25892541e+07 -1.25465513e-01 
 1.35935639e+07 -1.40268766e-01  1.35935639e+07 -1.07759331e-01 
 1.46779927e+07 -1.27679139e-01  1.46779927e+07 -9.23782675e-02 
 1.58489319e+07 -1.16106921e-01  1.58489319e+07 -7.90338272e-02 
 1.71132830e+07 -1.05533474e-01  1.71132830e+07 -6.74593271e-02 
 1.84784980e+07 -9.59200200e-02  1.84784980e+07 -5.74125704e-02 
 1.99526231e+07 -8.72123721e-02  1.99526231e+07 -4.86771849e-02 
 2.15443469e+07 -7.93454540e-02  2.15443469e+07 -4.10628162e-02 
 2.32630507e+07 -7.22473784e-02  2.32630507e+07 -3.44044206e-02 
 2.51188643e+07 -6.58429717e-02  2.51188643e+07 -2.85609040e-02 
 2.71227258e+07 -6.00567096e-02  2.71227258e+07 -2.34133309e-02 
 2.92864456e+07 -5.48150912e-02  2.92864456e+07 -1.88628858e-02 
 3.16227766e+07 -5.00485083e-02  3.16227766e+07 -1.48287194e-02 
 3.41454887e+07 -4.56926854e-02  3.41454887e+07 -1.12457665e-02 
 3.68694506e+07 -4.16897557e-02  3.68694506e+07 -8.06258393e-03 
 3.98107171e+07 -3.79890280e-02  3.98107171e+07 -5.23922723e-03 
 4.29866235e+07 -3.45474765e-02  4.29866235e+07 -2.74517160e-03 
 4.64158883e+07 -3.13299629e-02  4.64158883e+07 -5.57278216e-04 
 5.01187234e+07 -2.83091858e-02  5.01187234e+07  1.34218194e-03 
 5.41169527e+07 -2.54653395e-02  5.41169527e+07  2.96741710e-03 
 5.84341413e+07 -2.27854734e-02  5.84341413e+07  4.33086521e-03 
 6.30957344e+07 -2.02625579e-02  6.30957344e+07  5.44473528e-03 
 6.81292069e+07 -1.78942913e-02  6.81292069e+07  6.32225963e-03 
 7.35642254e+07 -1.56817188e-02  7.35642254e+07  6.97858272e-03 
 7.94328235e+07 -1.36277657e-02  7.94328235e+07  7.43123519e-03 
 8.57695899e+07 -1.17358079e-02  8.57695899e+07  7.70017997e-03 
 9.26118728e+07 -1.00084058e-02  9.26118728e+07  7.80746375e-03 
 1.00000000e+08 -8.44631045e-03  1.00000000e+08  7.77655285e-03 
 1.07977516e+08 -7.04781330e-03  1.07977516e+08  7.63146658e-03 
 1.16591440e+08 -5.80846449e-03  1.16591440e+08  7.39583718e-03 
 1.25892541e+08 -4.72113555e-03  1.25892541e+08  7.09202016e-03 
 1.35935639e+08 -3.77636260e-03  1.35935639e+08  6.74035470e-03 
 1.46779927e+08 -2.96288105e-03  1.46779927e+08  6.35863806e-03 
 1.58489319e+08 -2.26825520e-03  1.58489319e+08  5.96183792e-03 
 1.71132830e+08 -1.67951468e-03  1.71132830e+08  5.56203119e-03 
 1.84784980e+08 -1.18372932e-03  1.84784980e+08  5.16853167e-03 
 1.99526231e+08 -7.68478319e-04  1.99526231e+08  4.78815502e-03 
 2.15443469e+08 -4.22194159e-04  2.15443469e+08  4.42556626e-03 
 2.32630507e+08 -1.34381621e-04  2.32630507e+08  4.08366049e-03 
 2.51188643e+08  1.04273962e-04  2.51188643e+08  3.76393816e-03 
 2.71227258e+08  3.01887426e-04  2.71227258e+08  3.46684811e-03 
 2.92864456e+08  4.65419472e-04  2.92864456e+08  3.19208346e-03 
 3.16227766e+08  6.00764803e-04  3.16227766e+08  2.93882440e-03 
 3.41454887e+08  7.12863733e-04  3.41454887e+08  2.70592890e-03 
 3.68694506e+08  8.05822728e-04  3.68694506e+08  2.49207661e-03 
 3.98107171e+08  8.83033653e-04  3.98107171e+08  2.29587277e-03 
 4.29866235e+08  9.47285236e-04  4.29866235e+08  2.11592017e-03 
 4.64158883e+08  1.00086320e-03  4.64158883e+08  1.95086622e-03 
 5.01187234e+08  1.04563759e-03  5.01187234e+08  1.79943156e-03 
 5.41169527e+08  1.08313734e-03  5.41169527e+08  1.66042546e-03 
 5.84341413e+08  1.11461279e-03  5.84341413e+08  1.53275202e-03 
 6.30957344e+08  1.14108747e-03  6.30957344e+08  1.41541037e-03 
 6.81292069e+08  1.16340066e-03  6.81292069e+08  1.30749110e-03 
 7.35642254e+08  1.18224199e-03  7.35642254e+08  1.20817054e-03 
 7.94328235e+08  1.19817952e-03  7.94328235e+08  1.11670392e-03 
 8.57695899e+08  1.21168247e-03  8.57695899e+08  1.03241825e-03 
 9.26118728e+08  1.22313946e-03  9.26118728e+08  9.54705271e-04 
 1.00000000e+09  1.23287333e-03  1.00000000e+09  8.83014802e-04 
 1.07977516e+09  1.24115302e-03  1.07977516e+09  8.16848600e-04 
 1.16591440e+09  1.24820322e-03  1.16591440e+09  7.55754811e-04 
 1.25892541e+09  1.25421212e-03  1.25892541e+09  6.99322991e-04 
 1.35935639e+09  1.25933773e-03  1.35935639e+09  6.47179691e-04 
 1.46779927e+09  1.26371309e-03  1.46779927e+09  5.98984563e-04 
 1.58489319e+09  1.26745037e-03  1.58489319e+09  5.54426916e-04 
 1.71132830e+09  1.27064442e-03  1.71132830e+09  5.13222702e-04 
 1.84784980e+09  1.27337552e-03  1.84784980e+09  4.75111856e-04 
 1.99526231e+09  1.27571174e-03  1.99526231e+09  4.39855953e-04 
 2.15443469e+09  1.27771093e-03  2.15443469e+09  4.07236147e-04 
 2.32630507e+09  1.27942223e-03  2.32630507e+09  3.77051339e-04 
 2.51188643e+09  1.28088751e-03  2.51188643e+09  3.49116557e-04 
 2.71227258e+09  1.28214244e-03  2.71227258e+09  3.23261516e-04 
 2.92864456e+09  1.28321743e-03  2.92864456e+09  2.99329329e-04 
 3.16227766e+09  1.28413845e-03  3.16227766e+09  2.77175356e-04 
 3.41454887e+09  1.28492766e-03  3.41454887e+09  2.56666162e-04 
 3.68694506e+09  1.28560403e-03  3.68694506e+09  2.37678592e-04 
 3.98107171e+09  1.28618375e-03  3.98107171e+09  2.20098922e-04 
 4.29866235e+09  1.28668067e-03  4.29866235e+09  2.03822096e-04 
 4.64158883e+09  1.28710667e-03  4.64158883e+09  1.88751032e-04 
 5.01187234e+09  1.28747189e-03  5.01187234e+09  1.74795988e-04 
 5.41169527e+09  1.28778501e-03  5.41169527e+09  1.61873989e-04 
 5.84341413e+09  1.28805350e-03  5.84341413e+09  1.49908295e-04 
 6.30957344e+09  1.28828371e-03  6.30957344e+09  1.38827923e-04 
 6.81292069e+09  1.28848111e-03  6.81292069e+09  1.28567202e-04 
 7.35642254e+09  1.28865039e-03  7.35642254e+09  1.19065365e-04 
 7.94328235e+09  1.28879556e-03  7.94328235e+09  1.10266179e-04 
 8.57695899e+09  1.28892005e-03  8.57695899e+09  1.02117598e-04 
 9.26118728e+09  1.28902681e-03  9.26118728e+09  9.45714514e-05 
 1.00000000e+10  1.28911836e-03  1.00000000e+10  8.75831460e-05 
