 1.00000000e+00  8.03297851e+04  1.00000000e+00 -1.08500250e+03 
 1.07977516e+00  8.03273542e+04  1.07977516e+00 -1.17152330e+03 
 1.16591440e+00  8.03245201e+04  1.16591440e+00 -1.26493713e+03 
 1.25892541e+00  8.03212161e+04  1.25892541e+00 -1.36579151e+03 
 1.35935639e+00  8.03173642e+04  1.35935639e+00 -1.47467703e+03 
 1.46779927e+00  8.03128737e+04  1.46779927e+00 -1.59223060e+03 
 1.58489319e+00  8.03076388e+04  1.58489319e+00 -1.71913899e+03 
 1.71132830e+00  8.03015363e+04  1.71132830e+00 -1.85614253e+03 
 1.84784980e+00  8.02944224e+04  1.84784980e+00 -2.00403905e+03 
 1.99526231e+00  8.02861297e+04  1.99526231e+00 -2.16368811e+03 
 2.15443469e+00  8.02764634e+04  2.15443469e+00 -2.33601539e+03 
 2.32630507e+00  8.02651963e+04  2.32630507e+00 -2.52201738e+03 
 2.51188643e+00  8.02520637e+04  2.51188643e+00 -2.72276617e+03 
 2.71227258e+00  8.02367577e+04  2.71227258e+00 -2.93941457e+03 
 2.92864456e+00  8.02189196e+04  2.92864456e+00 -3.17320123e+03 
 3.16227766e+00  8.01981319e+04  3.16227766e+00 -3.42545599e+03 
 3.41454887e+00  8.01739088e+04  3.41454887e+00 -3.69760514e+03 
 3.68694506e+00  8.01456852e+04  3.68694506e+00 -3.99117670e+03 
 3.98107171e+00  8.01128040e+04  3.98107171e+00 -4.30780540e+03 
 4.29866235e+00  8.00745013e+04  4.29866235e+00 -4.64923740e+03 
 4.64158883e+00  8.00298900e+04  4.64158883e+00 -5.01733426e+03 
 5.01187234e+00  7.99779397e+04  5.01187234e+00 -5.41407619e+03 
 5.41169527e+00  7.99174551e+04  5.41169527e+00 -5.84156393e+03 
 5.84341413e+00  7.98470508e+04  5.84341413e+00 -6.30201895e+03 
 6.30957344e+00  7.97651218e+04  6.30957344e+00 -6.79778141e+03 
 6.81292069e+00  7.96698116e+04  6.81292069e+00 -7.33130506e+03 
 7.35642254e+00  7.95589753e+04  7.35642254e+00 -7.90514829e+03 
 7.94328235e+00  7.94301384e+04  7.94328235e+00 -8.52196016e+03 
 8.57695899e+00  7.92804515e+04  8.57695899e+00 -9.18446019e+03 
 9.26118728e+00  7.91066401e+04  9.26118728e+00 -9.89541023e+03 
 1.00000000e+01  7.89049507e+04  1.00000000e+01 -1.06575766e+04 
 1.07977516e+01  7.86710929e+04  1.07977516e+01 -1.14736801e+04 
 1.16591440e+01  7.84001789e+04  1.16591440e+01 -1.23463321e+04 
 1.25892541e+01  7.80866628e+04  1.25892541e+01 -1.32779527e+04 
 1.35935639e+01  7.77242812e+04  1.35935639e+01 -1.42706686e+04 
 1.46779927e+01  7.73059991e+04  1.46779927e+01 -1.53261884e+04 
 1.58489319e+01  7.68239670e+04  1.58489319e+01 -1.64456504e+04 
 1.71132830e+01  7.62694941e+04  1.71132830e+01 -1.76294415e+04 
 1.84784980e+01  7.56330475e+04  1.84784980e+01 -1.88769862e+04 
 1.99526231e+01  7.49042875e+04  1.99526231e+01 -2.01865040e+04 
 2.15443469e+01  7.40721509e+04  2.15443469e+01 -2.15547393e+04 
 2.32630507e+01  7.31249969e+04  2.32630507e+01 -2.29766692e+04 
 2.51188643e+01  7.20508308e+04  2.51188643e+01 -2.44452006e+04 
 2.71227258e+01  7.08376198e+04  2.71227258e+01 -2.59508738e+04 
 2.92864456e+01  6.94737130e+04  2.92864456e+01 -2.74815967e+04 
 3.16227766e+01  6.79483730e+04  3.16227766e+01 -2.90224422e+04 
 3.41454887e+01  6.62524162e+04  3.41454887e+01 -3.05555478e+04 
 3.68694506e+01  6.43789471e+04  3.68694506e+01 -3.20601613e+04 
 3.98107171e+01  6.23241536e+04  3.98107171e+01 -3.35128782e+04 
 4.29866235e+01  6.00881119e+04  4.29866235e+01 -3.48881090e+04 
 4.64158883e+01  5.76755292e+04  4.64158883e+01 -3.61588015e+04 
 5.01187234e+01  5.50963379e+04  5.01187234e+01 -3.72974189e+04 
 5.41169527e+01  5.23660465e+04  5.41169527e+01 -3.82771401e+04 
 5.84341413e+01  4.95057610e+04  5.84341413e+01 -3.90732143e+04 
 6.30957344e+01  4.65418145e+04  6.30957344e+01 -3.96643621e+04 
 6.81292069e+01  4.35049795e+04  6.81292069e+01 -4.00340907e+04 
 7.35642254e+01  4.04292949e+04  7.35642254e+01 -4.01717810e+04 
 7.94328235e+01  3.73505889e+04  7.94328235e+01 -4.00734183e+04 
 8.57695899e+01  3.43048302e+04  8.57695899e+01 -3.97418739e+04 
 9.26118728e+01  3.13264659e+04  9.26118728e+01 -3.91867036e+04 
 1.00000000e+02  2.84469051e+04  1.00000000e+02 -3.84234866e+04 
 1.07977516e+02  2.56932880e+04  1.07977516e+02 -3.74727899e+04 
 1.16591440e+02  2.30876307e+04  1.16591440e+02 -3.63588817e+04 
 1.25892541e+02  2.06463851e+04  1.25892541e+02 -3.51083341e+04 
 1.35935639e+02  1.83803980e+04  1.35935639e+02 -3.37486533e+04 
 1.46779927e+02  1.62952137e+04  1.46779927e+02 -3.23070469e+04 
 1.58489319e+02  1.43916328e+04  1.58489319e+02 -3.08094061e+04 
 1.71132830e+02  1.26664373e+04  1.71132830e+02 -2.92795394e+04 
 1.84784980e+02  1.11131902e+04  1.84784980e+02 -2.77386644e+04 
 1.99526231e+02  9.72303699e+03  1.99526231e+02 -2.62051338e+04 
 2.15443469e+02  8.48545228e+03  2.15443469e+02 -2.46943615e+04 
 2.32630507e+02  7.38889779e+03  2.32630507e+02 -2.32189012e+04 
 2.51188643e+02  6.42137226e+03  2.51188643e+02 -2.17886349e+04 
 2.71227258e+02  5.57084995e+03  2.71227258e+02 -2.04110309e+04 
 2.92864456e+02  4.82561313e+03  2.92864456e+02 -1.90914366e+04 
 3.16227766e+02  4.17449008e+03  3.16227766e+02 -1.78333819e+04 
 3.41454887e+02  3.60701290e+03  3.41454887e+02 -1.66388743e+04 
 3.68694506e+02  3.11351044e+03  3.68694506e+02 -1.55086729e+04 
 3.98107171e+02  2.68515051e+03  3.98107171e+02 -1.44425358e+04 
 4.29866235e+02  2.31394426e+03  4.29866235e+02 -1.34394369e+04 
 4.64158883e+02  1.99272342e+03  4.64158883e+02 -1.24977516e+04 
 5.01187234e+02  1.71509922e+03  5.01187234e+02 -1.16154135e+04 
 5.41169527e+02  1.47540993e+03  5.41169527e+02 -1.07900437e+04 
 5.84341413e+02  1.26866218e+03  5.84341413e+02 -1.00190569e+04 
 6.30957344e+02  1.09046999e+03  6.30957344e+02 -9.29974551e+03 
 6.81292069e+02  9.36994242e+02  6.81292069e+02 -8.62934696e+03 
 7.35642254e+02  8.04884386e+02  7.35642254e+02 -8.00509574e+03 
 7.94328235e+02  6.91223603e+02  7.94328235e+02 -7.42426310e+03 
 8.57695899e+02  5.93478109e+02  8.57695899e+02 -6.88418658e+03 
 9.26118728e+02  5.09450882e+02  9.26118728e+02 -6.38229154e+03 
 1.00000000e+03  4.37239884e+02  1.00000000e+03 -5.91610601e+03 
 1.07977516e+03  3.75200657e+02  1.07977516e+03 -5.48327041e+03 
 1.16591440e+03  3.21913070e+02  1.16591440e+03 -5.08154324e+03 
 1.25892541e+03  2.76151916e+02  1.25892541e+03 -4.70880355e+03 
 1.35935639e+03  2.36861046e+02  1.35935639e+03 -4.36305111e+03 
 1.46779927e+03  2.03130694e+02  1.46779927e+03 -4.04240472e+03 
 1.58489319e+03  1.74177672e+02  1.58489319e+03 -3.74509921e+03 
 1.71132830e+03  1.49328112e+02  1.71132830e+03 -3.46948156e+03 
 1.84784980e+03  1.28002471e+02  1.84784980e+03 -3.21400627e+03 
 1.99526231e+03  1.09702518e+02  1.99526231e+03 -2.97723042e+03 
 2.15443469e+03  9.40000700e+01  2.15443469e+03 -2.75780843e+03 
 2.32630507e+03  8.05272477e+01  2.32630507e+03 -2.55448679e+03 
 2.51188643e+03  6.89680589e+01  2.51188643e+03 -2.36609873e+03 
 2.71227258e+03  5.90511373e+01  2.71227258e+03 -2.19155901e+03 
 2.92864456e+03  5.05434821e+01  2.92864456e+03 -2.02985888e+03 
 3.16227766e+03  4.32450646e+01  3.16227766e+03 -1.88006115e+03 
 3.41454887e+03  3.69841847e+01  3.41454887e+03 -1.74129555e+03 
 3.68694506e+03  3.16134759e+01  3.68694506e+03 -1.61275421e+03 
 3.98107171e+03  2.70064686e+01  3.98107171e+03 -1.49368750e+03 
 4.29866235e+03  2.30546363e+01  4.29866235e+03 -1.38339997e+03 
 4.64158883e+03  1.96648561e+01  4.64158883e+03 -1.28124662e+03 
 5.01187234e+03  1.67572277e+01  5.01187234e+03 -1.18662937e+03 
 5.41169527e+03  1.42631989e+01  5.41169527e+03 -1.09899373e+03 
 5.84341413e+03  1.21239574e+01  5.84341413e+03 -1.01782570e+03 
 6.30957344e+03  1.02890479e+01  6.30957344e+03 -9.42648879e+02 
 6.81292069e+03  8.71518681e+00  6.81292069e+03 -8.73021786e+02 
 7.35642254e+03  7.36524351e+00  7.35642254e+03 -8.08535307e+02 
 7.94328235e+03  6.20736656e+00  7.94328235e+03 -7.48810368e+02 
 8.57695899e+03  5.21423371e+00  8.57695899e+03 -6.93495755e+02 
 9.26118728e+03  4.36240821e+00  9.26118728e+03 -6.42266083e+02 
 1.00000000e+04  3.63178663e+00  1.00000000e+04 -5.94819914e+02 
 1.07977516e+04  3.00512498e+00  1.07977516e+04 -5.50878003e+02 
 1.16591440e+04  2.46763212e+00  1.16591440e+04 -5.10181681e+02 
 1.25892541e+04  2.00662106e+00  1.25892541e+04 -4.72491340e+02 
 1.35935639e+04  1.61120964e+00  1.35935639e+04 -4.37585037e+02 
 1.46779927e+04  1.27206390e+00  1.46779927e+04 -4.05257197e+02 
 1.58489319e+04  9.81177838e-01  1.58489319e+04 -3.75317411e+02 
 1.71132830e+04  7.31684525e-01  1.71132830e+04 -3.47589317e+02 
 1.84784980e+04  5.17694073e-01  1.84784980e+04 -3.21909568e+02 
 1.99526231e+04  3.34154636e-01  1.99526231e+04 -2.98126873e+02 
 2.15443469e+04  1.76733183e-01  2.15443469e+04 -2.76101112e+02 
 2.32630507e+04  4.17132326e-02  2.32630507e+04 -2.55702506e+02 
 2.51188643e+04 -7.40928639e-02  2.51188643e+04 -2.36810859e+02 
 2.71227258e+04 -1.73419168e-01  2.71227258e+04 -2.19314853e+02 
 2.92864456e+04 -2.58610689e-01  2.92864456e+04 -2.03111387e+02 
 3.16227766e+04 -3.31678740e-01  3.16227766e+04 -1.88104976e+02 
 3.41454887e+04 -3.94348418e-01  3.41454887e+04 -1.74207186e+02 
 3.68694506e+04 -4.48099328e-01  3.68694506e+04 -1.61336115e+02 
 3.98107171e+04 -4.94200510e-01  3.98107171e+04 -1.49415911e+02 
 4.29866235e+04 -5.33740403e-01  4.29866235e+04 -1.38376323e+02 
 4.64158883e+04 -5.67652537e-01  4.64158883e+04 -1.28152291e+02 
 5.01187234e+04 -5.96737575e-01  5.01187234e+04 -1.18683559e+02 
 5.41169527e+04 -6.21682214e-01  5.41169527e+04 -1.09914323e+02 
 5.84341413e+04 -6.43075396e-01  5.84341413e+04 -1.01792899e+02 
 6.30957344e+04 -6.61422216e-01  6.30957344e+04 -9.42714248e+01 
 6.81292069e+04 -6.77155844e-01  6.81292069e+04 -8.73055694e+01 
 7.35642254e+04 -6.90647753e-01  7.35642254e+04 -8.08542787e+01 
 7.94328235e+04 -7.02216489e-01  7.94328235e+04 -7.48795304e+01 
 8.57695899e+04 -7.12135192e-01  8.57695899e+04 -6.93461108e+01 
 9.26118728e+04 -7.20638044e-01  9.26118728e+04 -6.42214072e+01 
 1.00000000e+05 -7.27925800e-01  1.00000000e+05 -5.94752156e+01 
 1.07977516e+05 -7.34170526e-01  1.07977516e+05 -5.50795630e+01 
 1.16591440e+05 -7.39519661e-01  1.16591440e+05 -5.10085422e+01 
 1.25892541e+05 -7.44099502e-01  1.25892541e+05 -4.72381593e+01 
 1.35935639e+05 -7.48018180e-01  1.35935639e+05 -4.37461924e+01 
 1.46779927e+05 -7.51368218e-01  1.46779927e+05 -4.05120603e+01 
 1.58489319e+05 -7.54228714e-01  1.58489319e+05 -3.75167016e+01 
 1.71132830e+05 -7.56667207e-01  1.71132830e+05 -3.47424623e+01 
 1.84784980e+05 -7.58741275e-01  1.84784980e+05 -3.21729913e+01 
 1.99526231e+05 -7.60499893e-01  1.99526231e+05 -2.97931447e+01 
 2.15443469e+05 -7.61984589e-01  2.15443469e+05 -2.75888961e+01 
 2.32630507e+05 -7.63230427e-01  2.32630507e+05 -2.55472542e+01 
 2.51188643e+05 -7.64266837e-01  2.51188643e+05 -2.36561860e+01 
 2.71227258e+05 -7.65118305e-01  2.71227258e+05 -2.19045460e+01 
 2.92864456e+05 -7.65804962e-01  2.92864456e+05 -2.02820106e+01 
 3.16227766e+05 -7.66343052e-01  3.16227766e+05 -1.87790173e+01 
 3.41454887e+05 -7.66745327e-01  3.41454887e+05 -1.73867082e+01 
 3.68694506e+05 -7.67021348e-01  3.68694506e+05 -1.60968778e+01 
 3.98107171e+05 -7.67177717e-01  3.98107171e+05 -1.49019249e+01 
 4.29866235e+05 -7.67218241e-01  4.29866235e+05 -1.37948078e+01 
 4.64158883e+05 -7.67144035e-01  4.64158883e+05 -1.27690025e+01 
 5.01187234e+05 -7.66953561e-01  5.01187234e+05 -1.18184649e+01 
 5.41169527e+05 -7.66642610e-01  5.41169527e+05 -1.09375948e+01 
 5.84341413e+05 -7.66204232e-01  5.84341413e+05 -1.01212032e+01 
 6.30957344e+05 -7.65628610e-01  6.30957344e+05 -9.36448179e+00 
 6.81292069e+05 -7.64902872e-01  6.81292069e+05 -8.66297497e+00 
 7.35642254e+05 -7.64010857e-01  7.35642254e+05 -8.01255352e+00 
 7.94328235e+05 -7.62932821e-01  7.94328235e+05 -7.40939070e+00 
 8.57695899e+05 -7.61645090e-01  8.57695899e+05 -6.84994003e+00 
 9.26118728e+05 -7.60119662e-01  9.26118728e+05 -6.33091474e+00 
 1.00000000e+06 -7.58323760e-01  1.00000000e+06 -5.84926892e+00 
 1.07977516e+06 -7.56219340e-01  1.07977516e+06 -5.40218020e+00 
 1.16591440e+06 -7.53762576e-01  1.16591440e+06 -4.98703384e+00 
 1.25892541e+06 -7.50903327e-01  1.25892541e+06 -4.60140822e+00 
 1.35935639e+06 -7.47584614e-01  1.35935639e+06 -4.24306163e+00 
 1.46779927e+06 -7.43742146e-01  1.46779927e+06 -3.90992037e+00 
 1.58489319e+06 -7.39303937e-01  1.58489319e+06 -3.60006799e+00 
 1.71132830e+06 -7.34190077e-01  1.71132830e+06 -3.31173573e+00 
 1.84784980e+06 -7.28312734e-01  1.84784980e+06 -3.04329413e+00 
 1.99526231e+06 -7.21576487e-01  1.99526231e+06 -2.79324557e+00 
 2.15443469e+06 -7.13879109e-01  2.15443469e+06 -2.56021790e+00 
 2.32630507e+06 -7.05112915e-01  2.32630507e+06 -2.34295886e+00 
 2.51188643e+06 -6.95166838e-01  2.51188643e+06 -2.14033124e+00 
 2.71227258e+06 -6.83929350e-01  2.71227258e+06 -1.95130857e+00 
 2.92864456e+06 -6.71292354e-01  2.92864456e+06 -1.77497097e+00 
 3.16227766e+06 -6.57156099e-01  3.16227766e+06 -1.61050102e+00 
 3.41454887e+06 -6.41435116e-01  3.41454887e+06 -1.45717903e+00 
 3.68694506e+06 -6.24065014e-01  3.68694506e+06 -1.31437744e+00 
 3.98107171e+06 -6.05009852e-01  3.98107171e+06 -1.18155379e+00 
 4.29866235e+06 -5.84269609e-01  4.29866235e+06 -1.05824197e+00 
 4.64158883e+06 -5.61887072e-01  4.64158883e+06 -9.44041384e-01 
 5.01187234e+06 -5.37953365e-01  5.01187234e+06 -8.38604064e-01 
 5.41169527e+06 -5.12611225e-01  5.41169527e+06 -7.41620014e-01 
 5.84341413e+06 -4.86055229e-01  5.84341413e+06 -6.52801366e-01 
 6.30957344e+06 -4.58528384e-01  6.30957344e+06 -5.71866332e-01 
 6.81292069e+06 -4.30314853e-01  6.81292069e+06 -4.98524175e-01 
 7.35642254e+06 -4.01729090e-01  7.35642254e+06 -4.32462486e-01 
 7.94328235e+06 -3.73102146e-01  7.94328235e+06 -3.73337953e-01 
 8.57695899e+06 -3.44766365e-01  8.57695899e+06 -3.20771470e-01 
 9.26118728e+06 -3.17039926e-01  9.26118728e+06 -2.74347903e-01 
 1.00000000e+07 -2.90212738e-01  1.00000000e+07 -2.33620273e-01 
 1.07977516e+07 -2.64534956e-01  1.07977516e+07 -1.98117583e-01 
 1.16591440e+07 -2.40208979e-01  1.16591440e+07 -1.67355128e-01 
 1.25892541e+07 -2.17385300e-01  1.25892541e+07 -1.40845968e-01 
 1.35935639e+07 -1.96162067e-01  1.35935639e+07 -1.18112293e-01 
 1.46779927e+07 -1.76587838e-01  1.46779927e+07 -9.86956355e-02 
 1.58489319e+07 -1.58666740e-01  1.58489319e+07 -8.21652123e-02 
 1.71132830e+07 -1.42365185e-01  1.71132830e+07 -6.81240305e-02 
 1.84784980e+07 -1.27619304e-01  1.84784980e+07 -5.62127049e-02 
 1.99526231e+07 -1.14342434e-01  1.99526231e+07 -4.61111766e-02 
 2.15443469e+07 -1.02432126e-01  2.15443469e+07 -3.75386665e-02 
 2.32630507e+07 -9.17763733e-02  2.32630507e+07 -3.02522657e-02 
 2.51188643e+07 -8.22588802e-02  2.51188643e+07 -2.40445650e-02 
 2.71227258e+07 -7.37633512e-02  2.71227258e+07 -1.87406785e-02 
 2.92864456e+07 -6.61768472e-02  2.92864456e+07 -1.41949539e-02 
 3.16227766e+07 -5.93923174e-02  3.16227766e+07 -1.02875852e-02 
 3.41454887e+07 -5.33104325e-02  3.41454887e+07 -6.92126996e-03 
 3.68694506e+07 -4.78408421e-02  3.68694506e+07 -4.01800042e-03 
 3.98107171e+07 -4.29029643e-02  3.98107171e+07 -1.51602639e-03 
 4.29866235e+07 -3.84263875e-02  4.29866235e+07  6.32996229e-04 
 4.64158883e+07 -3.43509387e-02  4.64158883e+07  2.46667211e-03 
 5.01187234e+07 -3.06264486e-02  5.01187234e+07  4.01434726e-03 
 5.41169527e+07 -2.72122277e-02  5.41169527e+07  5.29939150e-03 
 5.84341413e+07 -2.40762657e-02  5.84341413e+07  6.34125355e-03 
 6.30957344e+07 -2.11941739e-02  6.30957344e+07  7.15724335e-03 
 6.81292069e+07 -1.85479098e-02  6.81292069e+07  7.76398742e-03 
 7.35642254e+07 -1.61243519e-02  7.35642254e+07  8.17850629e-03 
 7.94328235e+07 -1.39138124e-02  7.94328235e+07  8.41888051e-03 
 8.57695899e+07 -1.19085981e-02  8.57695899e+07  8.50450254e-03 
 9.26118728e+07 -1.01017260e-02  9.26118728e+07  8.45594977e-03 
 1.00000000e+08 -8.48588839e-03  1.00000000e+08  8.29455168e-03 
 1.07977516e+08 -7.05272984e-03  1.07977516e+08  8.04175280e-03 
 1.16591440e+08 -5.79245785e-03  1.16591440e+08  7.71838667e-03 
 1.25892541e+08 -4.69376776e-03  1.25892541e+08  7.34397148e-03 
 1.35935639e+08 -3.74402728e-03  1.35935639e+08  6.93611818e-03 
 1.46779927e+08 -2.92964343e-03  1.46779927e+08  6.51011042e-03 
 1.58489319e+08 -2.23652733e-03  1.58489319e+08  6.07868142e-03 
 1.71132830e+08 -1.65057886e-03  1.71132830e+08  5.65198144e-03 
 1.84784980e+08 -1.15812901e-03  1.84784980e+08  5.23770590e-03 
 1.99526231e+08 -7.46299552e-04  1.99526231e+08  4.84134103e-03 
 2.15443469e+08 -4.03260381e-04  2.15443469e+08  4.46648014e-03 
 2.32630507e+08 -1.18383024e-04  2.32630507e+08  4.11516793e-03 
 2.51188643e+08  1.17698562e-04  2.51188643e+08  3.78823856e-03 
 2.71227258e+08  3.13101799e-04  2.71227258e+08  3.48562423e-03 
 2.92864456e+08  4.74763303e-04  2.92864456e+08  3.20662044e-03 
 3.16227766e+08  6.08541159e-04  3.16227766e+08  2.95010313e-03 
 3.41454887e+08  7.19335131e-04  3.41454887e+08  2.71469837e-03 
 3.68694506e+08  8.11212072e-04  3.68694506e+08  2.49890933e-03 
 3.98107171e+08  8.87527664e-04  3.98107171e+08  2.30120715e-03 
 4.29866235e+08  9.51038916e-04  4.29866235e+08  2.12009265e-03 
 4.64158883e+08  1.00400447e-03  4.64158883e+08  1.95413560e-03 
 5.01187234e+08  1.04827168e-03  5.01187234e+08  1.80199743e-03 
 5.41169527e+08  1.08535065e-03  5.41169527e+08  1.66244213e-03 
 5.84341413e+08  1.11647628e-03  5.84341413e+08  1.53433912e-03 
 6.30957344e+08  1.14265946e-03  6.30957344e+08  1.41666087e-03 
 6.81292069e+08  1.16472915e-03  6.81292069e+08  1.30847742e-03 
 7.35642254e+08  1.18336660e-03  7.35642254e+08  1.20894920e-03 
 7.94328235e+08  1.19913301e-03  7.94328235e+08  1.11731915e-03 
 8.57695899e+08  1.21249200e-03  8.57695899e+08  1.03290469e-03 
 9.26118728e+08  1.22382764e-03  9.26118728e+08  9.55090128e-04 
 1.00000000e+09  1.23345901e-03  1.00000000e+09  8.83319451e-04 
 1.07977516e+09  1.24165197e-03  1.07977516e+09  8.17089871e-04 
 1.16591440e+09  1.24862866e-03  1.16591440e+09  7.55945968e-04 
 1.25892541e+09  1.25457515e-03  1.25892541e+09  6.99474496e-04 
 1.35935639e+09  1.25964773e-03  1.35935639e+09  6.47299807e-04 
 1.46779927e+09  1.26397796e-03  1.46779927e+09  5.99079817e-04 
 1.58489319e+09  1.26767680e-03  1.58489319e+09  5.54502472e-04 
 1.71132830e+09  1.27083808e-03  1.71132830e+09  5.13282646e-04 
 1.84784980e+09  1.27354120e-03  1.84784980e+09  4.75159421e-04 
 1.99526231e+09  1.27585355e-03  1.99526231e+09  4.39893702e-04 
 2.15443469e+09  1.27783233e-03  2.15443469e+09  4.07266109e-04 
 2.32630507e+09  1.27952620e-03  2.32630507e+09  3.77075122e-04 
 2.51188643e+09  1.28097657e-03  2.51188643e+09  3.49135438e-04 
 2.71227258e+09  1.28221873e-03  2.71227258e+09  3.23276506e-04 
 2.92864456e+09  1.28328280e-03  2.92864456e+09  2.99341232e-04 
 3.16227766e+09  1.28419447e-03  3.16227766e+09  2.77184807e-04 
 3.41454887e+09  1.28497568e-03  3.41454887e+09  2.56673667e-04 
 3.68694506e+09  1.28564518e-03  3.68694506e+09  2.37684552e-04 
 3.98107171e+09  1.28621902e-03  3.98107171e+09  2.20103655e-04 
 4.29866235e+09  1.28671092e-03  4.29866235e+09  2.03825855e-04 
 4.64158883e+09  1.28713260e-03  4.64158883e+09  1.88754017e-04 
 5.01187234e+09  1.28749412e-03  5.01187234e+09  1.74798359e-04 
 5.41169527e+09  1.28780408e-03  5.41169527e+09  1.61875872e-04 
 5.84341413e+09  1.28806984e-03  5.84341413e+09  1.49909791e-04 
 6.30957344e+09  1.28829772e-03  6.30957344e+09  1.38829111e-04 
 6.81292069e+09  1.28849313e-03  6.81292069e+09  1.28568146e-04 
 7.35642254e+09  1.28866070e-03  7.35642254e+09  1.19066114e-04 
 7.94328235e+09  1.28880440e-03  7.94328235e+09  1.10266774e-04 
 8.57695899e+09  1.28892763e-03  8.57695899e+09  1.02118071e-04 
 9.26118728e+09  1.28903331e-03  9.26118728e+09  9.45718270e-05 
 1.00000000e+10  1.28912394e-03  1.00000000e+10  8.75834442e-05 
