 1.00000000e+00  1.88305692e+01  1.00000000e+00 -1.45024922e-04 
 1.07977516e+00  1.88305692e+01  1.07977516e+00 -1.56594308e-04 
 1.16591440e+00  1.88305692e+01  1.16591440e+00 -1.69086645e-04 
 1.25892541e+00  1.88305692e+01  1.25892541e+00 -1.82575559e-04 
 1.35935639e+00  1.88305692e+01  1.35935639e+00 -1.97140554e-04 
 1.46779927e+00  1.88305692e+01  1.46779927e+00 -2.12867474e-04 
 1.58489319e+00  1.88305692e+01  1.58489319e+00 -2.29849011e-04 
 1.71132830e+00  1.88305692e+01  1.71132830e+00 -2.48185253e-04 
 1.84784980e+00  1.88305692e+01  1.84784980e+00 -2.67984272e-04 
 1.99526231e+00  1.88305692e+01  1.99526231e+00 -2.89362761e-04 
 2.15443469e+00  1.88305692e+01  2.15443469e+00 -3.12446722e-04 
 2.32630507e+00  1.88305692e+01  2.32630507e+00 -3.37372210e-04 
 2.51188643e+00  1.88305692e+01  2.51188643e+00 -3.64286133e-04 
 2.71227258e+00  1.88305692e+01  2.71227258e+00 -3.93347118e-04 
 2.92864456e+00  1.88305692e+01  2.92864456e+00 -4.24726449e-04 
 3.16227766e+00  1.88305692e+01  3.16227766e+00 -4.58609070e-04 
 3.41454887e+00  1.88305692e+01  3.41454887e+00 -4.95194683e-04 
 3.68694506e+00  1.88305692e+01  3.68694506e+00 -5.34698919e-04 
 3.98107171e+00  1.88305692e+01  3.98107171e+00 -5.77354612e-04 
 4.29866235e+00  1.88305692e+01  4.29866235e+00 -6.23413170e-04 
 4.64158883e+00  1.88305692e+01  4.64158883e+00 -6.73146057e-04 
 5.01187234e+00  1.88305692e+01  5.01187234e+00 -7.26846392e-04 
 5.41169527e+00  1.88305692e+01  5.41169527e+00 -7.84830681e-04 
 5.84341413e+00  1.88305692e+01  5.84341413e+00 -8.47440676e-04 
 6.30957344e+00  1.88305692e+01  6.30957344e+00 -9.15045393e-04 
 6.81292069e+00  1.88305692e+01  6.81292069e+00 -9.88043288e-04 
 7.35642254e+00  1.88305692e+01  7.35642254e+00 -1.06686460e-03 
 7.94328235e+00  1.88305692e+01  7.94328235e+00 -1.15197390e-03 
 8.57695899e+00  1.88305691e+01  8.57695899e+00 -1.24387280e-03 
 9.26118728e+00  1.88305691e+01  9.26118728e+00 -1.34310295e-03 
 1.00000000e+01  1.88305691e+01  1.00000000e+01 -1.45024921e-03 
 1.07977516e+01  1.88305691e+01  1.07977516e+01 -1.56594307e-03 
 1.16591440e+01  1.88305691e+01  1.16591440e+01 -1.69086643e-03 
 1.25892541e+01  1.88305691e+01  1.25892541e+01 -1.82575558e-03 
 1.35935639e+01  1.88305690e+01  1.35935639e+01 -1.97140552e-03 
 1.46779927e+01  1.88305690e+01  1.46779927e+01 -2.12867471e-03 
 1.58489319e+01  1.88305690e+01  1.58489319e+01 -2.29849008e-03 
 1.71132830e+01  1.88305689e+01  1.71132830e+01 -2.48185249e-03 
 1.84784980e+01  1.88305689e+01  1.84784980e+01 -2.67984267e-03 
 1.99526231e+01  1.88305688e+01  1.99526231e+01 -2.89362754e-03 
 2.15443469e+01  1.88305687e+01  2.15443469e+01 -3.12446714e-03 
 2.32630507e+01  1.88305686e+01  2.32630507e+01 -3.37372200e-03 
 2.51188643e+01  1.88305685e+01  2.51188643e+01 -3.64286120e-03 
 2.71227258e+01  1.88305684e+01  2.71227258e+01 -3.93347102e-03 
 2.92864456e+01  1.88305683e+01  2.92864456e+01 -4.24726428e-03 
 3.16227766e+01  1.88305681e+01  3.16227766e+01 -4.58609043e-03 
 3.41454887e+01  1.88305679e+01  3.41454887e+01 -4.95194649e-03 
 3.68694506e+01  1.88305677e+01  3.68694506e+01 -5.34698877e-03 
 3.98107171e+01  1.88305675e+01  3.98107171e+01 -5.77354559e-03 
 4.29866235e+01  1.88305672e+01  4.29866235e+01 -6.23413103e-03 
 4.64158883e+01  1.88305668e+01  4.64158883e+01 -6.73145973e-03 
 5.01187234e+01  1.88305664e+01  5.01187234e+01 -7.26846287e-03 
 5.41169527e+01  1.88305660e+01  5.41169527e+01 -7.84830548e-03 
 5.84341413e+01  1.88305654e+01  5.84341413e+01 -8.47440508e-03 
 6.30957344e+01  1.88305648e+01  6.30957344e+01 -9.15045182e-03 
 6.81292069e+01  1.88305641e+01  6.81292069e+01 -9.88043022e-03 
 7.35642254e+01  1.88305632e+01  7.35642254e+01 -1.06686427e-02 
 7.94328235e+01  1.88305622e+01  7.94328235e+01 -1.15197348e-02 
 8.57695899e+01  1.88305611e+01  8.57695899e+01 -1.24387227e-02 
 9.26118728e+01  1.88305597e+01  9.26118728e+01 -1.34310229e-02 
 1.00000000e+02  1.88305581e+01  1.00000000e+02 -1.45024837e-02 
 1.07977516e+02  1.88305563e+01  1.07977516e+02 -1.56594202e-02 
 1.16591440e+02  1.88305541e+01  1.16591440e+02 -1.69086510e-02 
 1.25892541e+02  1.88305516e+01  1.25892541e+02 -1.82575390e-02 
 1.35935639e+02  1.88305487e+01  1.35935639e+02 -1.97140341e-02 
 1.46779927e+02  1.88305453e+01  1.46779927e+02 -2.12867205e-02 
 1.58489319e+02  1.88305413e+01  1.58489319e+02 -2.29848673e-02 
 1.71132830e+02  1.88305367e+01  1.71132830e+02 -2.48184828e-02 
 1.84784980e+02  1.88305313e+01  1.84784980e+02 -2.67983736e-02 
 1.99526231e+02  1.88305250e+01  1.99526231e+02 -2.89362086e-02 
 2.15443469e+02  1.88305177e+01  2.15443469e+02 -3.12445873e-02 
 2.32630507e+02  1.88305092e+01  2.32630507e+02 -3.37371141e-02 
 2.51188643e+02  1.88304992e+01  2.51188643e+02 -3.64284787e-02 
 2.71227258e+02  1.88304876e+01  2.71227258e+02 -3.93345424e-02 
 2.92864456e+02  1.88304740e+01  2.92864456e+02 -4.24724315e-02 
 3.16227766e+02  1.88304582e+01  3.16227766e+02 -4.58606384e-02 
 3.41454887e+02  1.88304398e+01  3.41454887e+02 -4.95191302e-02 
 3.68694506e+02  1.88304184e+01  3.68694506e+02 -5.34694662e-02 
 3.98107171e+02  1.88303933e+01  3.98107171e+02 -5.77349253e-02 
 4.29866235e+02  1.88303641e+01  4.29866235e+02 -6.23406423e-02 
 4.64158883e+02  1.88303301e+01  4.64158883e+02 -6.73137563e-02 
 5.01187234e+02  1.88302904e+01  5.01187234e+02 -7.26835700e-02 
 5.41169527e+02  1.88302442e+01  5.41169527e+02 -7.84817220e-02 
 5.84341413e+02  1.88301902e+01  5.84341413e+02 -8.47423729e-02 
 6.30957344e+02  1.88301274e+01  6.30957344e+02 -9.15024058e-02 
 6.81292069e+02  1.88300541e+01  6.81292069e+02 -9.88016429e-02 
 7.35642254e+02  1.88299686e+01  7.35642254e+02 -1.06683079e-01 
 7.94328235e+02  1.88298689e+01  7.94328235e+02 -1.15193133e-01 
 8.57695899e+02  1.88297528e+01  8.57695899e+02 -1.24381921e-01 
 9.26118728e+02  1.88296173e+01  9.26118728e+02 -1.34303549e-01 
 1.00000000e+03  1.88294594e+01  1.00000000e+03 -1.45016428e-01 
 1.07977516e+03  1.88292752e+01  1.07977516e+03 -1.56583615e-01 
 1.16591440e+03  1.88290606e+01  1.16591440e+03 -1.69073183e-01 
 1.25892541e+03  1.88288103e+01  1.25892541e+03 -1.82558612e-01 
 1.35935639e+03  1.88285185e+01  1.35935639e+03 -1.97119219e-01 
 1.46779927e+03  1.88281783e+01  1.46779927e+03 -2.12840615e-01 
 1.58489319e+03  1.88277816e+01  1.58489319e+03 -2.29815199e-01 
 1.71132830e+03  1.88273192e+01  1.71132830e+03 -2.48142687e-01 
 1.84784980e+03  1.88267801e+01  1.84784980e+03 -2.67930686e-01 
 1.99526231e+03  1.88261516e+01  1.99526231e+03 -2.89295302e-01 
 2.15443469e+03  1.88254188e+01  2.15443469e+03 -3.12361799e-01 
 2.32630507e+03  1.88245645e+01  2.32630507e+03 -3.37265304e-01 
 2.51188643e+03  1.88235686e+01  2.51188643e+03 -3.64151553e-01 
 2.71227258e+03  1.88224076e+01  2.71227258e+03 -3.93177702e-01 
 2.92864456e+03  1.88210542e+01  2.92864456e+03 -4.24513181e-01 
 3.16227766e+03  1.88194764e+01  3.16227766e+03 -4.58340605e-01 
 3.41454887e+03  1.88176373e+01  3.41454887e+03 -4.94856738e-01 
 3.68694506e+03  1.88154934e+01  3.68694506e+03 -5.34273520e-01 
 3.98107171e+03  1.88129944e+01  3.98107171e+03 -5.76819137e-01 
 4.29866235e+03  1.88100816e+01  4.29866235e+03 -6.22739150e-01 
 4.64158883e+03  1.88066867e+01  4.64158883e+03 -6.72297668e-01 
 5.01187234e+03  1.88027301e+01  5.01187234e+03 -7.25778558e-01 
 5.41169527e+03  1.87981191e+01  5.41169527e+03 -7.83486685e-01 
 5.84341413e+03  1.87927458e+01  5.84341413e+03 -8.45749165e-01 
 6.30957344e+03  1.87864850e+01  6.30957344e+03 -9.12916612e-01 
 6.81292069e+03  1.87791906e+01  6.81292069e+03 -9.85364345e-01 
 7.35642254e+03  1.87706931e+01  7.35642254e+03 -1.06349353e+00 
 7.94328235e+03  1.87607954e+01  7.94328235e+03 -1.14773219e+00 
 8.57695899e+03  1.87492686e+01  8.57695899e+03 -1.23853607e+00 
 9.26118728e+03  1.87358470e+01  9.26118728e+03 -1.33638919e+00 
 1.00000000e+04  1.87202228e+01  1.00000000e+04 -1.44180408e+00 
 1.07977516e+04  1.87020389e+01  1.07977516e+04 -1.55532155e+00 
 1.16591440e+04  1.86808823e+01  1.16591440e+04 -1.67750976e+00 
 1.25892541e+04  1.86562755e+01  1.25892541e+04 -1.80896253e+00 
 1.35935639e+04  1.86276673e+01  1.35935639e+04 -1.95029655e+00 
 1.46779927e+04  1.85944225e+01  1.46779927e+04 -2.10214721e+00 
 1.58489319e+04  1.85558104e+01  1.58489319e+04 -2.26516284e+00 
 1.71132830e+04  1.85109928e+01  1.71132830e+04 -2.43999668e+00 
 1.84784980e+04  1.84590101e+01  1.84784980e+04 -2.62729635e+00 
 1.99526231e+04  1.83987678e+01  1.99526231e+04 -2.82769016e+00 
 2.15443469e+04  1.83290220e+01  2.15443469e+04 -3.04176954e+00 
 2.32630507e+04  1.82483647e+01  2.32630507e+04 -3.27006708e+00 
 2.51188643e+04  1.81552113e+01  2.51188643e+04 -3.51302921e+00 
 2.71227258e+04  1.80477884e+01  2.71227258e+04 -3.77098305e+00 
 2.92864456e+04  1.79241262e+01  2.92864456e+04 -4.04409650e+00 
 3.16227766e+04  1.77820558e+01  3.16227766e+04 -4.33233130e+00 
 3.41454887e+04  1.76192130e+01  3.41454887e+04 -4.63538879e+00 
 3.68694506e+04  1.74330538e+01  3.68694506e+04 -4.95264867e+00 
 3.98107171e+04  1.72208821e+01  3.98107171e+04 -5.28310193e+00 
 4.29866235e+04  1.69798948e+01  4.29866235e+04 -5.62528005e+00 
 4.64158883e+04  1.67072470e+01  4.64158883e+04 -5.97718387e+00 
 5.01187234e+04  1.64001412e+01  5.01187234e+04 -6.33621717e+00 
 5.41169527e+04  1.60559418e+01  5.41169527e+04 -6.69913194e+00 
 5.84341413e+04  1.56723162e+01  5.84341413e+04 -7.06199377e+00 
 6.30957344e+04  1.52473997e+01  6.30957344e+04 -7.42017759e+00 
 6.81292069e+04  1.47799786e+01  6.81292069e+04 -7.76840421e+00 
 7.35642254e+04  1.42696806e+01  7.35642254e+04 -8.10082795e+00 
 7.94328235e+04  1.37171588e+01  7.94328235e+04 -8.41118244e+00 
 8.57695899e+04  1.31242478e+01  8.57695899e+04 -8.69298752e+00 
 9.26118728e+04  1.24940724e+01  9.26118728e+04 -8.93981286e+00 
 1.00000000e+05  1.18310861e+01  1.00000000e+05 -9.14558533e+00 
 1.07977516e+05  1.11410221e+01  1.07977516e+05 -9.30491858e+00 
 1.16591440e+05  1.04307466e+01  1.16591440e+05 -9.41343539e+00 
 1.25892541e+05  9.70801703e+00  1.25892541e+05 -9.46804958e+00 
 1.35935639e+05  8.98115964e+00  1.35935639e+05 -9.46717521e+00 
 1.46779927e+05  8.25869219e+00  1.46779927e+05 -9.41083736e+00 
 1.58489319e+05  7.54892866e+00  1.58489319e+05 -9.30067037e+00 
 1.71132830e+05  6.85960356e+00  1.71132830e+05 -9.13980371e+00 
 1.84784980e+05  6.19755131e+00  1.84784980e+05 -8.93265012e+00 
 1.99526231e+05  5.56846710e+00  1.99526231e+05 -8.68462195e+00 
 2.15443469e+05  4.97676367e+00  2.15443469e+05 -8.40180807e+00 
 2.32630507e+05  4.42552506e+00  2.32630507e+05 -8.09064460e+00 
 2.51188643e+05  3.91654751e+00  2.51188643e+05 -7.75760859e+00 
 2.71227258e+05  3.45044970e+00  2.71227258e+05 -7.40895601e+00 
 2.92864456e+05  3.02683070e+00  2.92864456e+05 -7.05051672e+00 
 3.16227766e+05  2.64445380e+00  3.16227766e+05 -6.68755052e+00 
 3.41454887e+05  2.30143720e+00  3.41454887e+05 -6.32466124e+00 
 3.68694506e+05  1.99543657e+00  3.68694506e+05 -5.96576162e+00 
 3.98107171e+05  1.72380937e+00  3.98107171e+05 -5.61407865e+00 
 4.29866235e+05  1.48375498e+00  4.29866235e+05 -5.27218892e+00 
 4.64158883e+05  1.27242868e+00  4.64158883e+05 -4.94207393e+00 
 5.01187234e+05  1.08702977e+00  5.01187234e+05 -4.62518663e+00 
 5.41169527e+05  9.24866295e-01  5.41169527e+05 -4.32252265e+00 
 5.84341413e+05  7.83399418e-01  5.84341413e+05 -4.03469104e+00 
 6.30957344e+05  6.60271038e-01  6.30957344e+05 -3.76198120e+00 
 6.81292069e+05  5.53318170e-01  6.81292069e+05 -3.50442385e+00 
 7.35642254e+05  4.60577218e-01  7.35642254e+05 -3.26184508e+00 
 7.94328235e+05  3.80280902e-01  7.94328235e+05 -3.03391311e+00 
 8.57695899e+05  3.10850082e-01  8.57695899e+05 -2.82017788e+00 
 9.26118728e+05  2.50882297e-01  9.26118728e+05 -2.62010411e+00 
 1.00000000e+06  1.99138381e-01  1.00000000e+06 -2.43309837e+00 
 1.07977516e+06  1.54528220e-01  1.07977516e+06 -2.25853093e+00 
 1.16591440e+06  1.16096364e-01  1.16591440e+06 -2.09575316e+00 
 1.25892541e+06  8.30080266e-02  1.25892541e+06 -1.94411113e+00 
 1.35935639e+06  5.45358076e-02  1.35935639e+06 -1.80295610e+00 
 1.46779927e+06  3.00473283e-02  1.46779927e+06 -1.67165236e+00 
 1.58489319e+06  8.99389829e-03  1.58489319e+06 -1.54958301e+00 
 1.71132830e+06 -9.09975975e-03  1.71132830e+06 -1.43615407e+00 
 1.84784980e+06 -2.46447375e-02  1.84784980e+06 -1.33079719e+00 
 1.99526231e+06 -3.79961661e-02  1.99526231e+06 -1.23297138e+00 
 2.15443469e+06 -4.94605029e-02  2.15443469e+06 -1.14216381e+00 
 2.32630507e+06 -5.93019526e-02  2.32630507e+06 -1.05789010e+00 
 2.51188643e+06 -6.77481034e-02  2.51188643e+06 -9.79694026e-01 
 2.71227258e+06 -7.49948550e-02  2.71227258e+06 -9.07146956e-01 
 2.92864456e+06 -8.12107143e-02  2.92864456e+06 -8.39846982e-01 
 3.16227766e+06 -8.65405317e-02  3.16227766e+06 -7.77417887e-01 
 3.41454887e+06 -9.11087411e-02  3.41454887e+06 -7.19507995e-01 
 3.68694506e+06 -9.50221664e-02  3.68694506e+06 -6.65788954e-01 
 3.98107171e+06 -9.83724454e-02  3.98107171e+06 -6.15954476e-01 
 4.29866235e+06 -1.01238123e-01  4.29866235e+06 -5.69719081e-01 
 4.64158883e+06 -1.03686451e-01  4.64158883e+06 -5.26816842e-01 
 5.01187234e+06 -1.05774940e-01  5.01187234e+06 -4.87000170e-01 
 5.41169527e+06 -1.07552688e-01  5.41169527e+06 -4.50038632e-01 
 5.84341413e+06 -1.09061519e-01  5.84341413e+06 -4.15717815e-01 
 6.30957344e+06 -1.10336959e-01  6.30957344e+06 -3.83838246e-01 
 6.81292069e+06 -1.11409061e-01  6.81292069e+06 -3.54214365e-01 
 7.35642254e+06 -1.12303112e-01  7.35642254e+06 -3.26673554e-01 
 7.94328235e+06 -1.13040227e-01  7.94328235e+06 -3.01055225e-01 
 8.57695899e+06 -1.13637849e-01  8.57695899e+06 -2.77209966e-01 
 9.26118728e+06 -1.14110162e-01  9.26118728e+06 -2.54998738e-01 
 1.00000000e+07 -1.14468435e-01  1.00000000e+07 -2.34292142e-01 
 1.07977516e+07 -1.14721296e-01  1.07977516e+07 -2.14969727e-01 
 1.16591440e+07 -1.14874955e-01  1.16591440e+07 -1.96919363e-01 
 1.25892541e+07 -1.14933370e-01  1.25892541e+07 -1.80036673e-01 
 1.35935639e+07 -1.14898368e-01  1.35935639e+07 -1.64224509e-01 
 1.46779927e+07 -1.14769735e-01  1.46779927e+07 -1.49392500e-01 
 1.58489319e+07 -1.14545259e-01  1.58489319e+07 -1.35456651e-01 
 1.71132830e+07 -1.14220752e-01  1.71132830e+07 -1.22339009e-01 
 1.84784980e+07 -1.13790049e-01  1.84784980e+07 -1.09967387e-01 
 1.99526231e+07 -1.13244989e-01  1.99526231e+07 -9.82751709e-02 
 2.15443469e+07 -1.12575391e-01  2.15443469e+07 -8.72011860e-02 
 2.32630507e+07 -1.11769032e-01  2.32630507e+07 -7.66896532e-02 
 2.51188643e+07 -1.10811651e-01  2.51188643e+07 -6.66902228e-02 
 2.71227258e+07 -1.09686978e-01  2.71227258e+07 -5.71580966e-02 
 2.92864456e+07 -1.08376829e-01  2.92864456e+07 -4.80542360e-02 
 3.16227766e+07 -1.06861282e-01  3.16227766e+07 -3.93456535e-02 
 3.41454887e+07 -1.05118965e-01  3.41454887e+07 -3.10057780e-02 
 3.68694506e+07 -1.03127489e-01  3.68694506e+07 -2.30148734e-02 
 3.98107171e+07 -1.00864064e-01  3.98107171e+07 -1.53604821e-02 
 4.29866235e+07 -9.83063260e-02  4.29866235e+07 -8.03784727e-03 
 4.64158883e+07 -9.54334007e-02  4.64158883e+07 -1.05025119e-03 
 5.01187234e+07 -9.22272162e-02  5.01187234e+07  5.59080764e-03 
 5.41169527e+07 -8.86740489e-02  5.41169527e+07  1.18656952e-02 
 5.84341413e+07 -8.47662586e-02  5.84341413e+07  1.77470834e-02 
 6.30957344e+07 -8.05041271e-02  6.30957344e+07  2.32008563e-02 
 6.81292069e+07 -7.58976660e-02  6.81292069e+07  2.81875644e-02 
 7.35642254e+07 -7.09682165e-02  7.35642254e+07  3.26644760e-02 
 7.94328235e+07 -6.57496297e-02  7.94328235e+07  3.65882096e-02 
 8.57695899e+07 -6.02888063e-02  8.57695899e+07  3.99178549e-02 
 9.26118728e+07 -5.46453930e-02  9.26118728e+07  4.26183981e-02 
 1.00000000e+08 -4.88904993e-02  1.00000000e+08  4.46641832e-02 
 1.07977516e+08 -4.31043926e-02  1.07977516e+08  4.60420816e-02 
 1.16591440e+08 -3.73732599e-02  1.16591440e+08  4.67540245e-02 
 1.25892541e+08 -3.17852492e-02  1.25892541e+08  4.68185887e-02 
 1.35935639e+08 -2.64261181e-02  1.35935639e+08  4.62714165e-02 
 1.46779927e+08 -2.13748802e-02  1.46779927e+08  4.51643791e-02 
 1.58489319e+08 -1.66998507e-02  1.58489319e+08  4.35635405e-02 
 1.71132830e+08 -1.24554426e-02  1.71132830e+08  4.15461126e-02 
 1.84784980e+08 -8.67997194e-03  1.84784980e+08  3.91966969e-02 
 1.99526231e+08 -5.39460893e-03  1.99526231e+08  3.66031639e-02 
 2.15443469e+08 -2.60348994e-03  2.15443469e+08  3.38525301e-02 
 2.32630507e+08 -2.94894071e-04  2.32630507e+08  3.10271605e-02 
 2.51188643e+08  1.55669814e-03  2.51188643e+08  2.82015639e-02 
 2.71227258e+08  2.98790450e-03  2.71227258e+08  2.54399682e-02 
 2.92864456e+08  4.04336983e-03  2.92864456e+08  2.27947773e-02 
 3.16227766e+08  4.77259662e-03  3.16227766e+08  2.03059254e-02 
 3.41454887e+08  5.22692796e-03  3.41454887e+08  1.80010637e-02 
 3.68694506e+08  5.45688957e-03  3.68694506e+08  1.58964501e-02 
 3.98107171e+08  5.51003676e-03  3.98107171e+08  1.39983659e-02 
 4.29866235e+08  5.42938449e-03  4.29866235e+08  1.23048630e-02 
 4.64158883e+08  5.25243051e-03  4.64158883e+08  1.08076446e-02 
 5.01187234e+08  5.01072427e-03  5.01187234e+08  9.49391027e-03 
 5.41169527e+08  4.72989214e-03  5.41169527e+08  8.34803309e-03 
 5.84341413e+08  4.43000724e-03  5.84341413e+08  7.35298162e-03 
 6.30957344e+08  4.12618716e-03  6.30957344e+08  6.49144758e-03 
 6.81292069e+08  3.82931290e-03  6.81292069e+08  5.74667554e-03 
 7.35642254e+08  3.54678159e-03  7.35642254e+08  5.10302063e-03 
 7.94328235e+08  3.28322856e-03  7.94328235e+08  4.54627623e-03 
 8.57695899e+08  3.04117741e-03  8.57695899e+08  4.06382115e-03 
 9.26118728e+08  2.82159671e-03  9.26118728e+08  3.64463508e-03 
 1.00000000e+09  2.62435694e-03  1.00000000e+09  3.27922540e-03 
 1.07977516e+09  2.44859190e-03  1.07977516e+09  2.95950075e-03 
 1.16591440e+09  2.29297506e-03  1.16591440e+09  2.67861830e-03 
 1.25892541e+09  2.15592391e-03  1.25892541e+09  2.43082332e-03 
 1.35935639e+09  2.03574605e-03  1.35935639e+09  2.21129377e-03 
 1.46779927e+09  1.93073967e-03  1.46779927e+09  2.01599690e-03 
 1.58489319e+09  1.83925965e-03  1.58489319e+09  1.84156163e-03 
 1.71132830e+09  1.75975808e-03  1.71132830e+09  1.68516768e-03 
 1.84784980e+09  1.69080675e-03  1.84784980e+09  1.54445110e-03 
 1.99526231e+09  1.63110693e-03  1.99526231e+09  1.41742490e-03 
 2.15443469e+09  1.57949065e-03  2.15443469e+09  1.30241299e-03 
 2.32630507e+09  1.53491662e-03  2.32630507e+09  1.19799562e-03 
 2.51188643e+09  1.49646274e-03  2.51188643e+09  1.10296462e-03 
 2.71227258e+09  1.46331691e-03  2.71227258e+09  1.01628672e-03 
 2.92864456e+09  1.43476704e-03  2.92864456e+09  9.37073614e-04 
 3.16227766e+09  1.41019093e-03  3.16227766e+09  8.64557544e-04 
 3.41454887e+09  1.38904653e-03  3.41454887e+09  7.98071353e-04 
 3.68694506e+09  1.37086276e-03  3.68694506e+09  7.37032218e-04 
 3.98107171e+09  1.35523102e-03  3.98107171e+09  6.80928333e-04 
 4.29866235e+09  1.34179752e-03  4.29866235e+09  6.29308001e-04 
 4.64158883e+09  1.33025634e-03  4.64158883e+09  5.81770664e-04 
 5.01187234e+09  1.32034329e-03  5.01187234e+09  5.37959517e-04 
 5.41169527e+09  1.31183042e-03  5.41169527e+09  4.97555391e-04 
 5.84341413e+09  1.30452124e-03  5.84341413e+09  4.60271671e-04 
 6.30957344e+09  1.29824650e-03  6.30957344e+09  4.25850066e-04 
 6.81292069e+09  1.29286050e-03  6.81292069e+09  3.94057051e-04 
 7.35642254e+09  1.28823786e-03  7.35642254e+09  3.64680876e-04 
 7.94328235e+09  1.28427078e-03  7.94328235e+09  3.37529035e-04 
 8.57695899e+09  1.28086655e-03  8.57695899e+09  3.12426105e-04 
 9.26118728e+09  1.27794553e-03  9.26118728e+09  2.89211899e-04 
 1.00000000e+10  1.27543928e-03  1.00000000e+10  2.67739871e-04 
