 1.00000000e+00  2.76082453e+02  1.00000000e+00 -2.99226317e-03 
 1.07977516e+00  2.76082453e+02  1.07977516e+00 -3.23097145e-03 
 1.16591440e+00  2.76082453e+02  1.16591440e+00 -3.48872272e-03 
 1.25892541e+00  2.76082453e+02  1.25892541e+00 -3.76703614e-03 
 1.35935639e+00  2.76082453e+02  1.35935639e+00 -4.06755206e-03 
 1.46779927e+00  2.76082453e+02  1.46779927e+00 -4.39204169e-03 
 1.58489319e+00  2.76082453e+02  1.58489319e+00 -4.74241753e-03 
 1.71132830e+00  2.76082453e+02  1.71132830e+00 -5.12074466e-03 
 1.84784980e+00  2.76082453e+02  1.84784980e+00 -5.52925289e-03 
 1.99526231e+00  2.76082453e+02  1.99526231e+00 -5.97034994e-03 
 2.15443469e+00  2.76082453e+02  2.15443469e+00 -6.44663557e-03 
 2.32630507e+00  2.76082453e+02  2.32630507e+00 -6.96091697e-03 
 2.51188643e+00  2.76082453e+02  2.51188643e+00 -7.51622525e-03 
 2.71227258e+00  2.76082453e+02  2.71227258e+00 -8.11583334e-03 
 2.92864456e+00  2.76082453e+02  2.92864456e+00 -8.76327526e-03 
 3.16227766e+00  2.76082453e+02  3.16227766e+00 -9.46236697e-03 
 3.41454887e+00  2.76082452e+02  3.41454887e+00 -1.02172288e-02 
 3.68694506e+00  2.76082452e+02  3.68694506e+00 -1.10323099e-02 
 3.98107171e+00  2.76082452e+02  3.98107171e+00 -1.19124142e-02 
 4.29866235e+00  2.76082452e+02  4.29866235e+00 -1.28627290e-02 
 4.64158883e+00  2.76082452e+02  4.64158883e+00 -1.38888553e-02 
 5.01187234e+00  2.76082452e+02  5.01187234e+00 -1.49968410e-02 
 5.41169527e+00  2.76082452e+02  5.41169527e+00 -1.61932164e-02 
 5.84341413e+00  2.76082452e+02  5.84341413e+00 -1.74850328e-02 
 6.30957344e+00  2.76082452e+02  6.30957344e+00 -1.88799042e-02 
 6.81292069e+00  2.76082451e+02  6.81292069e+00 -2.03860516e-02 
 7.35642254e+00  2.76082451e+02  7.35642254e+00 -2.20123521e-02 
 7.94328235e+00  2.76082451e+02  7.94328235e+00 -2.37683910e-02 
 8.57695899e+00  2.76082450e+02  8.57695899e+00 -2.56645183e-02 
 9.26118728e+00  2.76082450e+02  9.26118728e+00 -2.77119093e-02 
 1.00000000e+01  2.76082450e+02  1.00000000e+01 -2.99226314e-02 
 1.07977516e+01  2.76082449e+02  1.07977516e+01 -3.23097141e-02 
 1.16591440e+01  2.76082448e+02  1.16591440e+01 -3.48872267e-02 
 1.25892541e+01  2.76082448e+02  1.25892541e+01 -3.76703607e-02 
 1.35935639e+01  2.76082447e+02  1.35935639e+01 -4.06755198e-02 
 1.46779927e+01  2.76082446e+02  1.46779927e+01 -4.39204158e-02 
 1.58489319e+01  2.76082445e+02  1.58489319e+01 -4.74241739e-02 
 1.71132830e+01  2.76082443e+02  1.71132830e+01 -5.12074448e-02 
 1.84784980e+01  2.76082442e+02  1.84784980e+01 -5.52925267e-02 
 1.99526231e+01  2.76082440e+02  1.99526231e+01 -5.97034966e-02 
 2.15443469e+01  2.76082438e+02  2.15443469e+01 -6.44663522e-02 
 2.32630507e+01  2.76082435e+02  2.32630507e+01 -6.96091653e-02 
 2.51188643e+01  2.76082432e+02  2.51188643e+01 -7.51622470e-02 
 2.71227258e+01  2.76082429e+02  2.71227258e+01 -8.11583265e-02 
 2.92864456e+01  2.76082425e+02  2.92864456e+01 -8.76327439e-02 
 3.16227766e+01  2.76082420e+02  3.16227766e+01 -9.46236587e-02 
 3.41454887e+01  2.76082415e+02  3.41454887e+01 -1.02172274e-01 
 3.68694506e+01  2.76082409e+02  3.68694506e+01 -1.10323082e-01 
 3.98107171e+01  2.76082401e+02  3.98107171e+01 -1.19124120e-01 
 4.29866235e+01  2.76082393e+02  4.29866235e+01 -1.28627262e-01 
 4.64158883e+01  2.76082383e+02  4.64158883e+01 -1.38888518e-01 
 5.01187234e+01  2.76082371e+02  5.01187234e+01 -1.49968366e-01 
 5.41169527e+01  2.76082358e+02  5.41169527e+01 -1.61932109e-01 
 5.84341413e+01  2.76082342e+02  5.84341413e+01 -1.74850259e-01 
 6.30957344e+01  2.76082324e+02  6.30957344e+01 -1.88798954e-01 
 6.81292069e+01  2.76082302e+02  6.81292069e+01 -2.03860406e-01 
 7.35642254e+01  2.76082277e+02  7.35642254e+01 -2.20123383e-01 
 7.94328235e+01  2.76082248e+02  7.94328235e+01 -2.37683736e-01 
 8.57695899e+01  2.76082214e+02  8.57695899e+01 -2.56644963e-01 
 9.26118728e+01  2.76082175e+02  9.26118728e+01 -2.77118817e-01 
 1.00000000e+02  2.76082129e+02  1.00000000e+02 -2.99225966e-01 
 1.07977516e+02  2.76082075e+02  1.07977516e+02 -3.23096703e-01 
 1.16591440e+02  2.76082012e+02  1.16591440e+02 -3.48871716e-01 
 1.25892541e+02  2.76081939e+02  1.25892541e+02 -3.76702914e-01 
 1.35935639e+02  2.76081854e+02  1.35935639e+02 -4.06754324e-01 
 1.46779927e+02  2.76081754e+02  1.46779927e+02 -4.39203058e-01 
 1.58489319e+02  2.76081639e+02  1.58489319e+02 -4.74240355e-01 
 1.71132830e+02  2.76081503e+02  1.71132830e+02 -5.12072705e-01 
 1.84784980e+02  2.76081346e+02  1.84784980e+02 -5.52923073e-01 
 1.99526231e+02  2.76081162e+02  1.99526231e+02 -5.97032204e-01 
 2.15443469e+02  2.76080948e+02  2.15443469e+02 -6.44660045e-01 
 2.32630507e+02  2.76080698e+02  2.32630507e+02 -6.96087276e-01 
 2.51188643e+02  2.76080407e+02  2.51188643e+02 -7.51616959e-01 
 2.71227258e+02  2.76080068e+02  2.71227258e+02 -8.11576326e-01 
 2.92864456e+02  2.76079672e+02  2.92864456e+02 -8.76318704e-01 
 3.16227766e+02  2.76079211e+02  3.16227766e+02 -9.46225590e-01 
 3.41454887e+02  2.76078673e+02  3.41454887e+02 -1.02170890e+00 
 3.68694506e+02  2.76078046e+02  3.68694506e+02 -1.10321339e+00 
 3.98107171e+02  2.76077315e+02  3.98107171e+02 -1.19121926e+00 
 4.29866235e+02  2.76076462e+02  4.29866235e+02 -1.28624500e+00 
 4.64158883e+02  2.76075468e+02  4.64158883e+02 -1.38885041e+00 
 5.01187234e+02  2.76074310e+02  5.01187234e+02 -1.49963988e+00 
 5.41169527e+02  2.76072959e+02  5.41169527e+02 -1.61926598e+00 
 5.84341413e+02  2.76071383e+02  5.84341413e+02 -1.74843321e+00 
 6.30957344e+02  2.76069547e+02  6.30957344e+02 -1.88790220e+00 
 6.81292069e+02  2.76067406e+02  6.81292069e+02 -2.03849410e+00 
 7.35642254e+02  2.76064909e+02  7.35642254e+02 -2.20109540e+00 
 7.94328235e+02  2.76061999e+02  7.94328235e+02 -2.37666309e+00 
 8.57695899e+02  2.76058606e+02  8.57695899e+02 -2.56623024e+00 
 9.26118728e+02  2.76054649e+02  9.26118728e+02 -2.77091198e+00 
 1.00000000e+03  2.76050037e+02  1.00000000e+03 -2.99191196e+00 
 1.07977516e+03  2.76044659e+02  1.07977516e+03 -3.23052931e+00 
 1.16591440e+03  2.76038390e+02  1.16591440e+03 -3.48816612e+00 
 1.25892541e+03  2.76031081e+02  1.25892541e+03 -3.76633544e+00 
 1.35935639e+03  2.76022559e+02  1.35935639e+03 -4.06666995e+00 
 1.46779927e+03  2.76012624e+02  1.46779927e+03 -4.39093122e+00 
 1.58489319e+03  2.76001042e+02  1.58489319e+03 -4.74101959e+00 
 1.71132830e+03  2.75987540e+02  1.71132830e+03 -5.11898484e+00 
 1.84784980e+03  2.75971799e+02  1.84784980e+03 -5.52703754e+00 
 1.99526231e+03  2.75953448e+02  1.99526231e+03 -5.96756116e+00 
 2.15443469e+03  2.75932056e+02  2.15443469e+03 -6.44312498e+00 
 2.32630507e+03  2.75907119e+02  2.32630507e+03 -6.95649780e+00 
 2.51188643e+03  2.75878050e+02  2.51188643e+03 -7.51066243e+00 
 2.71227258e+03  2.75844166e+02  2.71227258e+03 -8.10883102e+00 
 2.92864456e+03  2.75804670e+02  2.92864456e+03 -8.75446113e+00 
 3.16227766e+03  2.75758636e+02  3.16227766e+03 -9.45127248e+00 
 3.41454887e+03  2.75704984e+02  3.41454887e+03 -1.02032644e+01 
 3.68694506e+03  2.75642456e+02  3.68694506e+03 -1.10147337e+01 
 3.98107171e+03  2.75569590e+02  3.98107171e+03 -1.18902930e+01 
 4.29866235e+03  2.75484683e+02  4.29866235e+03 -1.28348886e+01 
 4.64158883e+03  2.75385754e+02  4.64158883e+03 -1.38538189e+01 
 5.01187234e+03  2.75270502e+02  5.01187234e+03 -1.49527512e+01 
 5.41169527e+03  2.75136249e+02  5.41169527e+03 -1.61377377e+01 
 5.84341413e+03  2.74979887e+02  5.84341413e+03 -1.74152290e+01 
 6.30957344e+03  2.74797806e+02  6.30957344e+03 -1.87920845e+01 
 6.81292069e+03  2.74585820e+02  6.81292069e+03 -2.02755784e+01 
 7.35642254e+03  2.74339074e+02  7.35642254e+03 -2.18733995e+01 
 7.94328235e+03  2.74051949e+02  7.94328235e+03 -2.35936431e+01 
 8.57695899e+03  2.73717944e+02  8.57695899e+03 -2.54447917e+01 
 9.26118728e+03  2.73329548e+02  9.26118728e+03 -2.74356824e+01 
 1.00000000e+04  2.72878101e+02  1.00000000e+04 -2.95754564e+01 
 1.07977516e+04  2.72353631e+02  1.07977516e+04 -3.18734864e+01 
 1.16591440e+04  2.71744683e+02  1.16591440e+04 -3.43392760e+01 
 1.25892541e+04  2.71038129e+02  1.25892541e+04 -3.69823247e+01 
 1.35935639e+04  2.70218972e+02  1.35935639e+04 -3.98119506e+01 
 1.46779927e+04  2.69270132e+02  1.46779927e+04 -4.28370628e+01 
 1.58489319e+04  2.68172242e+02  1.58489319e+04 -4.60658721e+01 
 1.71132830e+04  2.66903443e+02  1.71132830e+04 -4.95055317e+01 
 1.84784980e+04  2.65439203e+02  1.84784980e+04 -5.31616951e+01 
 1.99526231e+04  2.63752174e+02  1.99526231e+04 -5.70379817e+01 
 2.15443469e+04  2.61812109e+02  2.15443469e+04 -6.11353419e+01 
 2.32630507e+04  2.59585877e+02  2.32630507e+04 -6.54513166e+01 
 2.51188643e+04  2.57037598e+02  2.51188643e+04 -6.99791912e+01 
 2.71227258e+04  2.54128956e+02  2.71227258e+04 -7.47070560e+01 
 2.92864456e+04  2.50819733e+02  2.92864456e+04 -7.96167943e+01 
 3.16227766e+04  2.47068614e+02  3.16227766e+04 -8.46830405e+01 
 3.41454887e+04  2.42834316e+02  3.41454887e+04 -8.98721691e+01 
 3.68694506e+04  2.38077082e+02  3.68694506e+04 -9.51414023e+01 
 3.98107171e+04  2.32760555e+02  3.98107171e+04 -1.00438151e+02 
 4.29866235e+04  2.26854027e+02  4.29866235e+04 -1.05699724e+02 
 4.64158883e+04  2.20334993e+02  4.64158883e+04 -1.10853562e+02 
 5.01187234e+04  2.13191904e+02  5.01187234e+04 -1.15818147e+02 
 5.41169527e+04  2.05426923e+02  5.41169527e+04 -1.20504718e+02 
 5.84341413e+04  1.97058424e+02  5.84341413e+04 -1.24819868e+02 
 6.30957344e+04  1.88122953e+02  6.30957344e+04 -1.28669012e+02 
 6.81292069e+04  1.78676299e+02  6.81292069e+04 -1.31960597e+02 
 7.35642254e+04  1.68793408e+02  7.35642254e+04 -1.34610803e+02 
 7.94328235e+04  1.58566928e+02  7.94328235e+04 -1.36548344e+02 
 8.57695899e+04  1.48104322e+02  8.57695899e+04 -1.37718922e+02 
 9.26118728e+04  1.37523680e+02  9.26118728e+04 -1.38088825e+02 
 1.00000000e+05  1.26948544e+02  1.00000000e+05 -1.37647258e+02 
 1.07977516e+05  1.16502197e+02  1.07977516e+05 -1.36407098e+02 
 1.16591440e+05  1.06301988e+02  1.16591440e+05 -1.34403997e+02 
 1.25892541e+05  9.64542184e+01  1.25892541e+05 -1.31693916e+02 
 1.35935639e+05  8.70500651e+01  1.35935639e+05 -1.28349439e+02 
 1.46779927e+05  7.81628167e+01  1.46779927e+05 -1.24455266e+02 
 1.58489319e+05  6.98465441e+01  1.58489319e+05 -1.20103403e+02 
 1.71132830e+05  6.21361247e+01  1.71132830e+05 -1.15388492e+02 
 1.84784980e+05  5.50484102e+01  1.84784980e+05 -1.10403654e+02 
 1.99526231e+05  4.85842412e+01  1.99526231e+05 -1.05237103e+02 
 2.15443469e+05  4.27309868e+01  2.15443469e+05 -9.99696199e+01 
 2.32630507e+05  3.74653077e+01  2.32630507e+05 -9.46729155e+01 
 2.51188643e+05  3.27558955e+01  2.51188643e+05 -8.94087874e+01 
 2.71227258e+05  2.85660071e+01  2.71227258e+05 -8.42289385e+01 
 2.92864456e+05  2.48556801e+01  2.92864456e+05 -7.91753052e+01 
 3.16227766e+05  2.15835743e+01  3.16227766e+05 -7.42807432e+01 
 3.41454887e+05  1.87084313e+01  3.41454887e+05 -6.95699348e+01 
 3.68694506e+05  1.61901729e+01  3.68694506e+05 -6.50604050e+01 
 3.98107171e+05  1.39906813e+01  3.98107171e+05 -6.07635638e+01 
 4.29866235e+05  1.20743104e+01  4.29866235e+05 -5.66857121e+01 
 4.64158883e+05  1.04081799e+01  4.64158883e+05 -5.28289747e+01 
 5.01187234e+05  8.96230183e+00  5.01187234e+05 -4.91921364e+01 
 5.41169527e+05  7.70958156e+00  5.41169527e+05 -4.57713734e+01 
 5.84341413e+05  6.62573003e+00  5.84341413e+05 -4.25608794e+01 
 6.30957344e+05  5.68911639e+00  6.30957344e+05 -3.95533908e+01 
 6.81292069e+05  4.88058396e+00  6.81292069e+05 -3.67406214e+01 
 7.35642254e+05  4.18324698e+00  7.35642254e+05 -3.41136151e+01 
 7.94328235e+05  3.58228073e+00  7.94328235e+05 -3.16630291e+01 
 8.57695899e+05  3.06471410e+00  8.57695899e+05 -2.93793571e+01 
 9.26118728e+05  2.61923055e+00  9.26118728e+05 -2.72531018e+01 
 1.00000000e+06  2.23598144e+00  1.00000000e+06 -2.52749073e+01 
 1.07977516e+06  1.90641355e+00  1.07977516e+06 -2.34356564e+01 
 1.16591440e+06  1.62311206e+00  1.16591440e+06 -2.17265414e+01 
 1.25892541e+06  1.37965887e+00  1.25892541e+06 -2.01391128e+01 
 1.35935639e+06  1.17050592e+00  1.35935639e+06 -1.86653104e+01 
 1.46779927e+06  9.90862643e-01  1.46779927e+06 -1.72974816e+01 
 1.58489319e+06  8.36596469e-01  1.58489319e+06 -1.60283886e+01 
 1.71132830e+06  7.04145422e-01  1.71132830e+06 -1.48512083e+01 
 1.84784980e+06  5.90441482e-01  1.84784980e+06 -1.37595252e+01 
 1.99526231e+06  4.92843686e-01  1.99526231e+06 -1.27473216e+01 
 2.15443469e+06  4.09079862e-01  2.15443469e+06 -1.18089630e+01 
 2.32630507e+06  3.37195995e-01  2.32630507e+06 -1.09391823e+01 
 2.51188643e+06  2.75512321e-01  2.51188643e+06 -1.01330630e+01 
 2.71227258e+06  2.22585310e-01  2.71227258e+06 -9.38602057e+00 
 2.92864456e+06  1.77174792e-01  2.92864456e+06 -8.69378471e+00 
 3.16227766e+06  1.38215569e-01  3.16227766e+06 -8.05238089e+00 
 3.41454887e+06  1.04792927e-01  3.41454887e+06 -7.45811257e+00 
 3.68694506e+06  7.61215145e-02  3.68694506e+06 -6.90754381e+00 
 3.98107171e+06  5.15271673e-02  3.98107171e+06 -6.39748259e+00 
 4.29866235e+06  3.04312468e-02  4.29866235e+06 -5.92496475e+00 
 4.64158883e+06  1.23371742e-02  4.64158883e+06 -5.48723877e+00 
 5.01187234e+06 -3.18115214e-03  5.01187234e+06 -5.08175134e+00 
 5.41169527e+06 -1.64893118e-02  5.41169527e+06 -4.70613368e+00 
 5.84341413e+06 -2.79009174e-02  5.84341413e+06 -4.35818876e+00 
 6.30957344e+06 -3.76849618e-02  6.30957344e+06 -4.03587917e+00 
 6.81292069e+06 -4.60721280e-02  6.81292069e+06 -3.73731590e+00 
 7.35642254e+06 -5.32602048e-02  7.35642254e+06 -3.46074770e+00 
 7.94328235e+06 -5.94187347e-02  7.94328235e+06 -3.20455126e+00 
 8.57695899e+06 -6.46930005e-02  8.57695899e+06 -2.96722198e+00 
 9.26118728e+06 -6.92074437e-02  9.26118728e+06 -2.74736539e+00 
 1.00000000e+07 -7.30685950e-02  1.00000000e+07 -2.54368915e+00 
 1.07977516e+07 -7.63675836e-02  1.07977516e+07 -2.35499563e+00 
 1.16591440e+07 -7.91822858e-02  1.16591440e+07 -2.18017502e+00 
 1.25892541e+07 -8.15791625e-02  1.25892541e+07 -2.01819887e+00 
 1.35935639e+07 -8.36148282e-02  1.35935639e+07 -1.86811417e+00 
 1.46779927e+07 -8.53373905e-02  1.46779927e+07 -1.72903780e+00 
 1.58489319e+07 -8.67875897e-02  1.58489319e+07 -1.60015138e+00 
 1.71132830e+07 -8.79997671e-02  1.71132830e+07 -1.48069657e+00 
 1.84784980e+07 -8.90026850e-02  1.84784980e+07 -1.36997064e+00 
 1.99526231e+07 -8.98202189e-02  1.99526231e+07 -1.26732237e+00 
 2.15443469e+07 -9.04719388e-02  2.15443469e+07 -1.17214832e+00 
 2.32630507e+07 -9.09735950e-02  2.32630507e+07 -1.08388934e+00 
 2.51188643e+07 -9.13375222e-02  2.51188643e+07 -1.00202733e+00 
 2.71227258e+07 -9.15729735e-02  2.71227258e+07 -9.26082320e-01 
 2.92864456e+07 -9.16863958e-02  2.92864456e+07 -8.55609755e-01 
 3.16227766e+07 -9.16816571e-02  3.16227766e+07 -7.90197977e-01 
 3.41454887e+07 -9.15602368e-02  3.41454887e+07 -7.29465979e-01 
 3.68694506e+07 -9.13213898e-02  3.68694506e+07 -6.73061329e-01 
 3.98107171e+07 -9.09622966e-02  3.98107171e+07 -6.20658304e-01 
 4.29866235e+07 -9.04782137e-02  4.29866235e+07 -5.71956209e-01 
 4.64158883e+07 -8.98626366e-02  4.64158883e+07 -5.26677868e-01 
 5.01187234e+07 -8.91074965e-02  5.01187234e+07 -4.84568282e-01 
 5.41169527e+07 -8.82034040e-02  5.41169527e+07 -4.45393433e-01 
 5.84341413e+07 -8.71399636e-02  5.84341413e+07 -4.08939223e-01 
 6.30957344e+07 -8.59061752e-02  6.30957344e+07 -3.75010504e-01 
 6.81292069e+07 -8.44909399e-02  6.81292069e+07 -3.43430191e-01 
 7.35642254e+07 -8.28836827e-02  7.35642254e+07 -3.14038393e-01 
 7.94328235e+07 -8.10750921e-02  7.94328235e+07 -2.86691533e-01 
 8.57695899e+07 -7.90579672e-02  8.57695899e+07 -2.61261385e-01 
 9.26118728e+07 -7.68281408e-02  9.26118728e+07 -2.37633984e-01 
 1.00000000e+08 -7.43854272e-02  1.00000000e+08 -2.15708351e-01 
 1.07977516e+08 -7.17345212e-02  1.07977516e+08 -1.95394991e-01 
 1.16591440e+08 -6.88857531e-02  1.16591440e+08 -1.76614157e-01 
 1.25892541e+08 -6.58555953e-02  1.25892541e+08 -1.59293901e-01 
 1.35935639e+08 -6.26668177e-02  1.35935639e+08 -1.43367964e-01 
 1.46779927e+08 -5.93482123e-02  1.46779927e+08 -1.28773628e-01 
 1.58489319e+08 -5.59338441e-02  1.58489319e+08 -1.15449658e-01 
 1.71132830e+08 -5.24618463e-02  1.71132830e+08 -1.03334493e-01 
 1.84784980e+08 -4.89728361e-02  1.84784980e+08 -9.23648458e-02 
 1.99526231e+08 -4.55080874e-02  1.99526231e+08 -8.24748179e-02 
 2.15443469e+08 -4.21076341e-02  2.15443469e+08 -7.35955887e-02 
 2.32630507e+08 -3.88084888e-02  2.32630507e+08 -6.56556720e-02 
 2.51188643e+08 -3.56431438e-02  2.51188643e+08 -5.85816562e-02 
 2.71227258e+08 -3.26384753e-02  2.71227258e+08 -5.22992976e-02 
 2.92864456e+08 -2.98151124e-02  2.92864456e+08 -4.67348065e-02 
 3.16227766e+08 -2.71872696e-02  3.16227766e+08 -4.18161668e-02 
 3.41454887e+08 -2.47629906e-02  3.41454887e+08 -3.74743495e-02 
 3.68694506e+08 -2.25447140e-02  3.68694506e+08 -3.36443216e-02 
 3.98107171e+08 -2.05300556e-02  3.98107171e+08 -3.02657925e-02 
 4.29866235e+08 -1.87127041e-02  4.29866235e+08 -2.72836822e-02 
 4.64158883e+08 -1.70833398e-02  4.64158883e+08 -2.46483263e-02 
 5.01187234e+08 -1.56305069e-02  5.01187234e+08 -2.23154559e-02 
 5.41169527e+08 -1.43413935e-02  5.41169527e+08 -2.02459996e-02 
 5.84341413e+08 -1.32024938e-02  5.84341413e+08 -1.84057584e-02 
 6.30957344e+08 -1.22001423e-02  6.30957344e+08 -1.67650006e-02 
 6.81292069e+08 -1.13209256e-02  6.81292069e+08 -1.52980157e-02 
 7.35642254e+08 -1.05519822e-02  7.35642254e+08 -1.39826577e-02 
 7.94328235e+08 -9.88120621e-03  7.94328235e+08 -1.27999025e-02 
 8.57695899e+08 -9.29737240e-03  8.57695899e+08 -1.17334314e-02 
 9.26118728e+08 -8.79019878e-03  9.26118728e+08 -1.07692521e-02 
 1.00000000e+09 -8.35036235e-03  1.00000000e+09 -9.89535995e-03 
 1.07977516e+09 -7.96948059e-03  1.07977516e+09 -9.10144033e-03 
 1.16591440e+09 -7.64006953e-03  1.16591440e+09 -8.37861122e-03 
 1.25892541e+09 -7.35548680e-03  1.25892541e+09 -7.71920236e-03 
 1.35935639e+09 -7.10986630e-03  1.35935639e+09 -7.11656774e-03 
 1.46779927e+09 -6.89804913e-03  1.46779927e+09 -6.56492723e-03 
 1.58489319e+09 -6.71551443e-03  1.58489319e+09 -6.05923363e-03 
 1.71132830e+09 -6.55831234e-03  1.71132830e+09 -5.59506136e-03 
 1.84784980e+09 -6.42300069e-03  1.84784980e+09 -5.16851344e-03 
 1.99526231e+09 -6.30658629e-03  1.99526231e+09 -4.77614388e-03 
 2.15443469e+09 -6.20647121e-03  2.15443469e+09 -4.41489297e-03 
 2.32630507e+09 -6.12040416e-03  2.32630507e+09 -4.08203312e-03 
 2.51188643e+09 -6.04643699e-03  2.51188643e+09 -3.77512361e-03 
 2.71227258e+09 -5.98288581e-03  2.71227258e+09 -3.49197267e-03 
 2.92864456e+09 -5.92829669e-03  2.92864456e+09 -3.23060547e-03 
 3.16227766e+09 -5.88141536e-03  3.16227766e+09 -2.98923725e-03 
 3.41454887e+09 -5.84116063e-03  3.41454887e+09 -2.76625045e-03 
 3.68694506e+09 -5.80660114e-03  3.68694506e+09 -2.56017532e-03 
 3.98107171e+09 -5.77693507e-03  3.98107171e+09 -2.36967331e-03 
 4.29866235e+09 -5.75147245e-03  4.29866235e+09 -2.19352284e-03 
 4.64158883e+09 -5.72961987e-03  4.64158883e+09 -2.03060703e-03 
 5.01187234e+09 -5.71086709e-03  5.01187234e+09 -1.87990301e-03 
 5.41169527e+09 -5.69477561e-03  5.41169527e+09 -1.74047267e-03 
 5.84341413e+09 -5.68096862e-03  5.84341413e+09 -1.61145456e-03 
 6.30957344e+09 -5.66912244e-03  6.30957344e+09 -1.49205667e-03 
 6.81292069e+09 -5.65895909e-03  6.81292069e+09 -1.38155016e-03 
 7.35642254e+09 -5.65023987e-03  7.35642254e+09 -1.27926376e-03 
 7.94328235e+09 -5.64275984e-03  7.94328235e+09 -1.18457871e-03 
 8.57695899e+09 -5.63634307e-03  8.57695899e+09 -1.09692433e-03 
 9.26118728e+09 -5.63083857e-03  9.26118728e+09 -1.01577395e-03 
 1.00000000e+10 -5.62611675e-03  1.00000000e+10 -9.40641295e-04 
