 1.00000000e+00  3.34627714e+02  1.00000000e+00 -4.14829681e-03 
 1.07977516e+00  3.34627714e+02  1.07977516e+00 -4.47922787e-03 
 1.16591440e+00  3.34627714e+02  1.16591440e+00 -4.83655900e-03 
 1.25892541e+00  3.34627714e+02  1.25892541e+00 -5.22239627e-03 
 1.35935639e+00  3.34627714e+02  1.35935639e+00 -5.63901378e-03 
 1.46779927e+00  3.34627714e+02  1.46779927e+00 -6.08886702e-03 
 1.58489319e+00  3.34627714e+02  1.58489319e+00 -6.57460738e-03 
 1.71132830e+00  3.34627714e+02  1.71132830e+00 -7.09909775e-03 
 1.84784980e+00  3.34627714e+02  1.84784980e+00 -7.66542942e-03 
 1.99526231e+00  3.34627714e+02  1.99526231e+00 -8.27694030e-03 
 2.15443469e+00  3.34627714e+02  2.15443469e+00 -8.93723456e-03 
 2.32630507e+00  3.34627714e+02  2.32630507e+00 -9.65020389e-03 
 2.51188643e+00  3.34627714e+02  2.51188643e+00 -1.04200505e-02 
 2.71227258e+00  3.34627713e+02  2.71227258e+00 -1.12513117e-02 
 2.92864456e+00  3.34627713e+02  2.92864456e+00 -1.21488869e-02 
 3.16227766e+00  3.34627713e+02  3.16227766e+00 -1.31180663e-02 
 3.41454887e+00  3.34627713e+02  3.41454887e+00 -1.41645622e-02 
 3.68694506e+00  3.34627713e+02  3.68694506e+00 -1.52945424e-02 
 3.98107171e+00  3.34627713e+02  3.98107171e+00 -1.65146670e-02 
 4.29866235e+00  3.34627713e+02  4.29866235e+00 -1.78321273e-02 
 4.64158883e+00  3.34627713e+02  4.64158883e+00 -1.92546881e-02 
 5.01187234e+00  3.34627713e+02  5.01187234e+00 -2.07907340e-02 
 5.41169527e+00  3.34627712e+02  5.41169527e+00 -2.24493181e-02 
 5.84341413e+00  3.34627712e+02  5.84341413e+00 -2.42402161e-02 
 6.30957344e+00  3.34627712e+02  6.30957344e+00 -2.61739833e-02 
 6.81292069e+00  3.34627711e+02  6.81292069e+00 -2.82620170e-02 
 7.35642254e+00  3.34627711e+02  7.35642254e+00 -3.05166240e-02 
 7.94328235e+00  3.34627711e+02  7.94328235e+00 -3.29510925e-02 
 8.57695899e+00  3.34627710e+02  8.57695899e+00 -3.55797712e-02 
 9.26118728e+00  3.34627709e+02  9.26118728e+00 -3.84181532e-02 
 1.00000000e+01  3.34627709e+02  1.00000000e+01 -4.14829675e-02 
 1.07977516e+01  3.34627708e+02  1.07977516e+01 -4.47922779e-02 
 1.16591440e+01  3.34627707e+02  1.16591440e+01 -4.83655890e-02 
 1.25892541e+01  3.34627706e+02  1.25892541e+01 -5.22239615e-02 
 1.35935639e+01  3.34627704e+02  1.35935639e+01 -5.63901363e-02 
 1.46779927e+01  3.34627703e+02  1.46779927e+01 -6.08886683e-02 
 1.58489319e+01  3.34627701e+02  1.58489319e+01 -6.57460713e-02 
 1.71132830e+01  3.34627699e+02  1.71132830e+01 -7.09909743e-02 
 1.84784980e+01  3.34627696e+02  1.84784980e+01 -7.66542903e-02 
 1.99526231e+01  3.34627693e+02  1.99526231e+01 -8.27693980e-02 
 2.15443469e+01  3.34627690e+02  2.15443469e+01 -8.93723393e-02 
 2.32630507e+01  3.34627686e+02  2.32630507e+01 -9.65020310e-02 
 2.51188643e+01  3.34627681e+02  2.51188643e+01 -1.04200495e-01 
 2.71227258e+01  3.34627676e+02  2.71227258e+01 -1.12513104e-01 
 2.92864456e+01  3.34627670e+02  2.92864456e+01 -1.21488853e-01 
 3.16227766e+01  3.34627662e+02  3.16227766e+01 -1.31180643e-01 
 3.41454887e+01  3.34627654e+02  3.41454887e+01 -1.41645597e-01 
 3.68694506e+01  3.34627644e+02  3.68694506e+01 -1.52945393e-01 
 3.98107171e+01  3.34627632e+02  3.98107171e+01 -1.65146631e-01 
 4.29866235e+01  3.34627619e+02  4.29866235e+01 -1.78321223e-01 
 4.64158883e+01  3.34627603e+02  4.64158883e+01 -1.92546818e-01 
 5.01187234e+01  3.34627585e+02  5.01187234e+01 -2.07907260e-01 
 5.41169527e+01  3.34627563e+02  5.41169527e+01 -2.24493081e-01 
 5.84341413e+01  3.34627538e+02  5.84341413e+01 -2.42402035e-01 
 6.30957344e+01  3.34627509e+02  6.30957344e+01 -2.61739674e-01 
 6.81292069e+01  3.34627475e+02  6.81292069e+01 -2.82619971e-01 
 7.35642254e+01  3.34627436e+02  7.35642254e+01 -3.05165989e-01 
 7.94328235e+01  3.34627390e+02  7.94328235e+01 -3.29510610e-01 
 8.57695899e+01  3.34627336e+02  8.57695899e+01 -3.55797315e-01 
 9.26118728e+01  3.34627273e+02  9.26118728e+01 -3.84181031e-01 
 1.00000000e+02  3.34627200e+02  1.00000000e+02 -4.14829045e-01 
 1.07977516e+02  3.34627115e+02  1.07977516e+02 -4.47921985e-01 
 1.16591440e+02  3.34627015e+02  1.16591440e+02 -4.83654891e-01 
 1.25892541e+02  3.34626899e+02  1.25892541e+02 -5.22238358e-01 
 1.35935639e+02  3.34626764e+02  1.35935639e+02 -5.63899780e-01 
 1.46779927e+02  3.34626607e+02  1.46779927e+02 -6.08884690e-01 
 1.58489319e+02  3.34626423e+02  1.58489319e+02 -6.57458204e-01 
 1.71132830e+02  3.34626209e+02  1.71132830e+02 -7.09906585e-01 
 1.84784980e+02  3.34625959e+02  1.84784980e+02 -7.66538927e-01 
 1.99526231e+02  3.34625668e+02  1.99526231e+02 -8.27688975e-01 
 2.15443469e+02  3.34625329e+02  2.15443469e+02 -8.93717091e-01 
 2.32630507e+02  3.34624933e+02  2.32630507e+02 -9.65012377e-01 
 2.51188643e+02  3.34624472e+02  2.51188643e+02 -1.04199496e+00 
 2.71227258e+02  3.34623934e+02  2.71227258e+02 -1.12511847e+00 
 2.92864456e+02  3.34623307e+02  2.92864456e+02 -1.21487270e+00 
 3.16227766e+02  3.34622575e+02  3.16227766e+02 -1.31178651e+00 
 3.41454887e+02  3.34621723e+02  3.41454887e+02 -1.41643088e+00 
 3.68694506e+02  3.34620729e+02  3.68694506e+02 -1.52942235e+00 
 3.98107171e+02  3.34619570e+02  3.98107171e+02 -1.65142655e+00 
 4.29866235e+02  3.34618219e+02  4.29866235e+02 -1.78316217e+00 
 4.64158883e+02  3.34616644e+02  4.64158883e+02 -1.92540517e+00 
 5.01187234e+02  3.34614807e+02  5.01187234e+02 -2.07899328e+00 
 5.41169527e+02  3.34612666e+02  5.41169527e+02 -2.24483095e+00 
 5.84341413e+02  3.34610169e+02  5.84341413e+02 -2.42389463e+00 
 6.30957344e+02  3.34607258e+02  6.30957344e+02 -2.61723847e+00 
 6.81292069e+02  3.34603865e+02  6.81292069e+02 -2.82600045e+00 
 7.35642254e+02  3.34599908e+02  7.35642254e+02 -3.05140905e+00 
 7.94328235e+02  3.34595295e+02  7.94328235e+02 -3.29479031e+00 
 8.57695899e+02  3.34589917e+02  8.57695899e+02 -3.55757560e+00 
 9.26118728e+02  3.34583647e+02  9.26118728e+02 -3.84130984e+00 
 1.00000000e+03  3.34576337e+02  1.00000000e+03 -4.14766041e+00 
 1.07977516e+03  3.34567814e+02  1.07977516e+03 -4.47842670e+00 
 1.16591440e+03  3.34557878e+02  1.16591440e+03 -4.83555042e+00 
 1.25892541e+03  3.34546294e+02  1.25892541e+03 -5.22112659e+00 
 1.35935639e+03  3.34532789e+02  1.35935639e+03 -5.63741542e+00 
 1.46779927e+03  3.34517045e+02  1.46779927e+03 -6.08685489e+00 
 1.58489319e+03  3.34498691e+02  1.58489319e+03 -6.57207440e+00 
 1.71132830e+03  3.34477293e+02  1.71132830e+03 -7.09590912e+00 
 1.84784980e+03  3.34452350e+02  1.84784980e+03 -7.66141547e+00 
 1.99526231e+03  3.34423272e+02  1.99526231e+03 -8.27188747e+00 
 2.15443469e+03  3.34389376e+02  2.15443469e+03 -8.93087407e+00 
 2.32630507e+03  3.34349865e+02  2.32630507e+03 -9.64219746e+00 
 2.51188643e+03  3.34303811e+02  2.51188643e+03 -1.04099724e+01 
 2.71227258e+03  3.34250131e+02  2.71227258e+03 -1.12386261e+01 
 2.92864456e+03  3.34187567e+02  2.92864456e+03 -1.21329197e+01 
 3.16227766e+03  3.34114652e+02  3.16227766e+03 -1.30979692e+01 
 3.41454887e+03  3.34029680e+02  3.41454887e+03 -1.41392678e+01 
 3.68694506e+03  3.33930664e+02  3.68694506e+03 -1.52627082e+01 
 3.98107171e+03  3.33815294e+02  3.98107171e+03 -1.64746039e+01 
 4.29866235e+03  3.33680883e+02  4.29866235e+03 -1.77817111e+01 
 4.64158883e+03  3.33524308e+02  4.64158883e+03 -1.91912476e+01 
 5.01187234e+03  3.33341940e+02  5.01187234e+03 -2.07109108e+01 
 5.41169527e+03  3.33129566e+02  5.41169527e+03 -2.23488907e+01 
 5.84341413e+03  3.32882297e+02  5.84341413e+03 -2.41138792e+01 
 6.30957344e+03  3.32594466e+02  6.30957344e+03 -2.60150719e+01 
 6.81292069e+03  3.32259506e+02  6.81292069e+03 -2.80621608e+01 
 7.35642254e+03  3.31869822e+02  7.35642254e+03 -3.02653148e+01 
 7.94328235e+03  3.31416636e+02  7.94328235e+03 -3.26351447e+01 
 8.57695899e+03  3.30889818e+02  8.57695899e+03 -3.51826482e+01 
 9.26118728e+03  3.30277703e+02  9.26118728e+03 -3.79191291e+01 
 1.00000000e+04  3.29566880e+02  1.00000000e+04 -4.08560844e+01 
 1.07977516e+04  3.28741972e+02  1.07977516e+04 -4.40050525e+01 
 1.16591440e+04  3.27785394e+02  1.16591440e+04 -4.73774125e+01 
 1.25892541e+04  3.26677106e+02  1.25892541e+04 -5.09841239e+01 
 1.35935639e+04  3.25394355e+02  1.35935639e+04 -5.48353972e+01 
 1.46779927e+04  3.23911429e+02  1.46779927e+04 -5.89402805e+01 
 1.58489319e+04  3.22199427e+02  1.58489319e+04 -6.33061503e+01 
 1.71132830e+04  3.20226070e+02  1.71132830e+04 -6.79380934e+01 
 1.84784980e+04  3.17955585e+02  1.84784980e+04 -7.28381687e+01 
 1.99526231e+04  3.15348680e+02  1.99526231e+04 -7.80045424e+01 
 2.15443469e+04  3.12362671e+02  2.15443469e+04 -8.34304940e+01 
 2.32630507e+04  3.08951803e+02  2.32630507e+04 -8.91033041e+01 
 2.51188643e+04  3.05067816e+02  2.51188643e+04 -9.50030459e+01 
 2.71227258e+04  3.00660840e+02  2.71227258e+04 -1.01101325e+02 
 2.92864456e+04  2.95680650e+02  2.92864456e+04 -1.07360035e+02 
 3.16227766e+04  2.90078368e+02  3.16227766e+04 -1.13730228e+02 
 3.41454887e+04  2.83808614e+02  3.41454887e+04 -1.20151227e+02 
 3.68694506e+04  2.76832119e+02  3.68694506e+04 -1.26550141e+02 
 3.98107171e+04  2.69118744e+02  3.98107171e+04 -1.32841971e+02 
 4.29866235e+04  2.60650773e+02  4.29866235e+04 -1.38930488e+02 
 4.64158883e+04  2.51426274e+02  4.64158883e+04 -1.44710046e+02 
 5.01187234e+04  2.41462252e+02  5.01187234e+04 -1.50068460e+02 
 5.41169527e+04  2.30797221e+02  5.41169527e+04 -1.54890948e+02 
 5.84341413e+04  2.19492823e+02  5.84341413e+04 -1.59065030e+02 
 6.30957344e+04  2.07634106e+02  6.30957344e+04 -1.62486113e+02 
 6.81292069e+04  1.95328196e+02  6.81292069e+04 -1.65063338e+02 
 7.35642254e+04  1.82701241e+02  7.35642254e+04 -1.66725137e+02 
 7.94328235e+04  1.69893703e+02  7.94328235e+04 -1.67423921e+02 
 8.57695899e+04  1.57054344e+02  8.57695899e+04 -1.67139336e+02 
 9.26118728e+04  1.44333404e+02  9.26118728e+04 -1.65879694e+02 
 1.00000000e+05  1.31875643e+02  1.00000000e+05 -1.63681387e+02 
 1.07977516e+05  1.19813909e+02  1.07977516e+05 -1.60606362e+02 
 1.16591440e+05  1.08263832e+02  1.16591440e+05 -1.56737975e+02 
 1.25892541e+05  9.73200404e+01  1.25892541e+05 -1.52175732e+02 
 1.35935639e+05  8.70541090e+01  1.35935639e+05 -1.47029492e+02 
 1.46779927e+05  7.75141868e+01  1.46779927e+05 -1.41413708e+02 
 1.58489319e+05  6.87260903e+01  1.58489319e+05 -1.35442203e+02 
 1.71132830e+05  6.06955218e+01  1.71132830e+05 -1.29223794e+02 
 1.84784980e+05  5.34110221e+01  1.84784980e+05 -1.22858968e+02 
 1.99526231e+05  4.68472841e+01  1.99526231e+05 -1.16437621e+02 
 2.15443469e+05  4.09685056e+01  2.15443469e+05 -1.10037808e+02 
 2.32630507e+05  3.57315425e+01  2.32630507e+05 -1.03725330e+02 
 2.51188643e+05  3.10887023e+01  2.51188643e+05 -9.75539985e+01 
 2.71227258e+05  2.69900967e+01  2.71227258e+05 -9.15663677e+01 
 2.92864456e+05  2.33855273e+01  2.92864456e+05 -8.57947833e+01 
 3.16227766e+05  2.02259261e+01  3.16227766e+05 -8.02625911e+01 
 3.41454887e+05  1.74643943e+01  3.41454887e+05 -7.49854006e+01 
 3.68694506e+05  1.50568991e+01  3.68694506e+05 -6.99723219e+01 
 3.98107171e+05  1.29626922e+01  3.98107171e+05 -6.52271223e+01 
 4.29866235e+05  1.11445098e+01  4.29866235e+05 -6.07492724e+01 
 4.64158883e+05  9.56860805e+00  4.64158883e+05 -5.65348654e+01 
 5.01187234e+05  8.20468034e+00  5.01187234e+05 -5.25774083e+01 
 5.41169527e+05  7.02569426e+00  5.41169527e+05 -4.88684896e+01 
 5.84341413e+05  6.00767753e+00  5.84341413e+05 -4.53983329e+01 
 6.30957344e+05  5.12947574e+00  6.30957344e+05 -4.21562490e+01 
 6.81292069e+05  4.37249875e+00  6.81292069e+05 -3.91309992e+01 
 7.35642254e+05  3.72046758e+00  7.35642254e+05 -3.63110837e+01 
 7.94328235e+05  3.15916999e+00  7.94328235e+05 -3.36849655e+01 
 8.57695899e+05  2.67622986e+00  8.57695899e+05 -3.12412418e+01 
 9.26118728e+05  2.26089359e+00  9.26118728e+05 -2.89687730e+01 
 1.00000000e+06  1.90383484e+00  1.00000000e+06 -2.68567751e+01 
 1.07977516e+06  1.59697803e+00  1.07977516e+06 -2.48948855e+01 
 1.16591440e+06  1.33334016e+00  1.16591440e+06 -2.30732060e+01 
 1.25892541e+06  1.10689003e+00  1.25892541e+06 -2.13823278e+01 
 1.35935639e+06  9.12423791e-01  1.35935639e+06 -1.98133440e+01 
 1.46779927e+06  7.45455260e-01  1.46779927e+06 -1.83578510e+01 
 1.58489319e+06  6.02119848e-01  1.58489319e+06 -1.70079425e+01 
 1.71132830e+06  4.79090544e-01  1.71132830e+06 -1.57561973e+01 
 1.84784980e+06  3.73504721e-01  1.84784980e+06 -1.45956638e+01 
 1.99526231e+06  2.82900500e-01  1.99526231e+06 -1.35198409e+01 
 2.15443469e+06  2.05161546e-01  2.15443469e+06 -1.25226574e+01 
 2.32630507e+06  1.38469246e-01  2.32630507e+06 -1.15984506e+01 
 2.51188643e+06  8.12613601e-02  2.51188643e+06 -1.07419440e+01 
 2.71227258e+06  3.21963071e-02  2.71227258e+06 -9.94822504e+00 
 2.92864456e+06 -9.87765292e-03  2.92864456e+06 -9.21272368e+00 
 3.16227766e+06 -4.59489765e-02  3.16227766e+06 -8.53119084e+00 
 3.41454887e+06 -7.68657093e-02  3.41454887e+06 -7.89967803e+00 
 3.68694506e+06 -1.03355167e-01  3.68694506e+06 -7.31451767e+00 
 3.98107171e+06 -1.26040857e-01  3.98107171e+06 -6.77230438e+00 
 4.29866235e+06 -1.45457020e-01  4.29866235e+06 -6.26987718e+00 
 4.64158883e+06 -1.62061109e-01  4.64158883e+06 -5.80430273e+00 
 5.01187234e+06 -1.76244505e-01  5.01187234e+06 -5.37285952e+00 
 5.41169527e+06 -1.88341686e-01  5.41169527e+06 -4.97302299e+00 
 5.84341413e+06 -1.98638097e-01  5.84341413e+06 -4.60245167e+00 
 6.30957344e+06 -2.07376863e-01  6.30957344e+06 -4.25897416e+00 
 6.81292069e+06 -2.14764535e-01  6.81292069e+06 -3.94057696e+00 
 7.35642254e+06 -2.20975987e-01  7.35642254e+06 -3.64539325e+00 
 7.94328235e+06 -2.26158581e-01  7.94328235e+06 -3.37169231e+00 
 8.57695899e+06 -2.30435711e-01  8.57695899e+06 -3.11786986e+00 
 9.26118728e+06 -2.33909805e-01  9.26118728e+06 -2.88243899e+00 
 1.00000000e+07 -2.36664869e-01  1.00000000e+07 -2.66402184e+00 
 1.07977516e+07 -2.38768642e-01  1.07977516e+07 -2.46134197e+00 
 1.16591440e+07 -2.40274416e-01  1.16591440e+07 -2.27321728e+00 
 1.25892541e+07 -2.41222600e-01  1.25892541e+07 -2.09855360e+00 
 1.35935639e+07 -2.41642060e-01  1.35935639e+07 -1.93633882e+00 
 1.46779927e+07 -2.41551310e-01  1.46779927e+07 -1.78563761e+00 
 1.58489319e+07 -2.40959603e-01  1.58489319e+07 -1.64558658e+00 
 1.71132830e+07 -2.39867980e-01  1.71132830e+07 -1.51539005e+00 
 1.84784980e+07 -2.38270345e-01  1.84784980e+07 -1.39431616e+00 
 1.99526231e+07 -2.36154622e-01  1.99526231e+07 -1.28169352e+00 
 2.15443469e+07 -2.33504062e-01  2.15443469e+07 -1.17690806e+00 
 2.32630507e+07 -2.30298768e-01  2.32630507e+07 -1.07940030e+00 
 2.51188643e+07 -2.26517469e-01  2.51188643e+07 -9.88662704e-01 
 2.71227258e+07 -2.22139598e-01  2.71227258e+07 -9.04237098e-01 
 2.92864456e+07 -2.17147656e-01  2.92864456e+07 -8.25712023e-01 
 3.16227766e+07 -2.11529834e-01  3.16227766e+07 -7.52719817e-01 
 3.41454887e+07 -2.05282779e-01  3.41454887e+07 -6.84933290e-01 
 3.68694506e+07 -1.98414364e-01  3.68694506e+07 -6.22061854e-01 
 3.98107171e+07 -1.90946215e-01  3.98107171e+07 -5.63847012e-01 
 4.29866235e+07 -1.82915741e-01  4.29866235e+07 -5.10057200e-01 
 4.64158883e+07 -1.74377356e-01  4.64158883e+07 -4.60482065e-01 
 5.01187234e+07 -1.65402637e-01  5.01187234e+07 -4.14926406e-01 
 5.41169527e+07 -1.56079202e-01  5.41169527e+07 -3.73204099e-01 
 5.84341413e+07 -1.46508258e-01  5.84341413e+07 -3.35132420e-01 
 6.30957344e+07 -1.36800906e-01  6.30957344e+07 -3.00527226e-01 
 6.81292069e+07 -1.27073482e-01  6.81292069e+07 -2.69199372e-01 
 7.35642254e+07 -1.17442347e-01  7.35642254e+07 -2.40952658e-01 
 7.94328235e+07 -1.08018639e-01  7.94328235e+07 -2.15583408e-01 
 8.57695899e+07 -9.89035020e-02  8.57695899e+07 -1.92881584e-01 
 9.26118728e+07 -9.01842129e-02  9.26118728e+07 -1.72633167e-01 
 1.00000000e+08 -8.19315188e-02  1.00000000e+08 -1.54623391e-01 
 1.07977516e+08 -7.41982847e-02  1.07977516e+08 -1.38640390e-01 
 1.16591440e+08 -6.70194112e-02  1.16591440e+08 -1.24478805e-01 
 1.25892541e+08 -6.04128339e-02  1.25892541e+08 -1.11943004e-01 
 1.35935639e+08 -5.43813356e-02  1.35935639e+08 -1.00849663e-01 
 1.46779927e+08 -4.89148750e-02  1.46779927e+08 -9.10296002e-02 
 1.58489319e+08 -4.39931474e-02  1.58489319e+08 -8.23288186e-02 
 1.71132830e+08 -3.95881447e-02  1.71132830e+08 -7.46088574e-02 
 1.84784980e+08 -3.56665373e-02  1.84784980e+08 -6.77465432e-02 
 1.99526231e+08 -3.21917691e-02  1.99526231e+08 -6.16332915e-02 
 2.15443469e+08 -2.91258075e-02  2.15443469e+08 -5.61740944e-02 
 2.32630507e+08 -2.64305381e-02  2.32630507e+08 -5.12863217e-02 
 2.51188643e+08 -2.40688208e-02  2.51188643e+08 -4.68984378e-02 
 2.71227258e+08 -2.20052462e-02  2.71227258e+08 -4.29487134e-02 
 2.92864456e+08 -2.02066368e-02  2.92864456e+08 -3.93839897e-02 
 3.16227766e+08 -1.86423416e-02  3.16227766e+08 -3.61585292e-02 
 3.41454887e+08 -1.72843707e-02  3.41454887e+08 -3.32329749e-02 
 3.68694506e+08 -1.61074089e-02  3.68694506e+08 -3.05734249e-02 
 3.98107171e+08 -1.50887443e-02  3.98107171e+08 -2.81506225e-02 
 4.29866235e+08 -1.42081375e-02  4.29866235e+08 -2.59392561e-02 
 4.64158883e+08 -1.34476560e-02  4.64158883e+08 -2.39173594e-02 
 5.01187234e+08 -1.27914873e-02  5.01187234e+08 -2.20658022e-02 
 5.41169527e+08 -1.22257461e-02  5.41169527e+08 -2.03678591e-02 
 5.84341413e+08 -1.17382817e-02  5.84341413e+08 -1.88088483e-02 
 6.30957344e+08 -1.13184928e-02  6.30957344e+08 -1.73758270e-02 
 6.81292069e+08 -1.09571530e-02  6.81292069e+08 -1.60573374e-02 
 7.35642254e+08 -1.06462495e-02  7.35642254e+08 -1.48431946e-02 
 7.94328235e+08 -1.03788359e-02  7.94328235e+08 -1.37243084e-02 
 8.57695899e+08 -1.01488989e-02  8.57695899e+08 -1.26925351e-02 
 9.26118728e+08 -9.95123945e-03  9.26118728e+08 -1.17405527e-02 
 1.00000000e+09 -9.78136725e-03  1.00000000e+09 -1.08617565e-02 
 1.07977516e+09 -9.63540711e-03  1.07977516e+09 -1.00501711e-02 
 1.16591440e+09 -9.51001722e-03  1.16591440e+09 -9.30037534e-03 
 1.25892541e+09 -9.40231733e-03  1.25892541e+09 -8.60743906e-03 
 1.35935639e+09 -9.30982633e-03  1.35935639e+09 -7.96686894e-03 
 1.46779927e+09 -9.23040785e-03  1.46779927e+09 -7.37456170e-03 
 1.58489319e+09 -9.16222306e-03  1.58489319e+09 -6.82676382e-03 
 1.71132830e+09 -9.10368981e-03  1.71132830e+09 -6.32003646e-03 
 1.84784980e+09 -9.05344722e-03  1.84784980e+09 -5.85122484e-03 
 1.99526231e+09 -9.01032506e-03  1.99526231e+09 -5.41743131e-03 
 2.15443469e+09 -8.97331735e-03  2.15443469e+09 -5.01599160e-03 
 2.32630507e+09 -8.94155948e-03  2.32630507e+09 -4.64445371e-03 
 2.51188643e+09 -8.91430853e-03  2.51188643e+09 -4.30055921e-03 
 2.71227258e+09 -8.89092629e-03  2.71227258e+09 -3.98222645e-03 
 2.92864456e+09 -8.87086456e-03  2.92864456e+09 -3.68753550e-03 
 3.16227766e+09 -8.85365258e-03  3.16227766e+09 -3.41471464e-03 
 3.41454887e+09 -8.83888614e-03  3.41454887e+09 -3.16212810e-03 
 3.68694506e+09 -8.82621820e-03  3.68694506e+09 -2.92826503e-03 
 3.98107171e+09 -8.81535088e-03  3.98107171e+09 -2.71172945e-03 
 4.29866235e+09 -8.80602847e-03  4.29866235e+09 -2.51123107e-03 
 4.64158883e+09 -8.79803153e-03  4.64158883e+09 -2.32557701e-03 
 5.01187234e+09 -8.79117175e-03  5.01187234e+09 -2.15366416e-03 
 5.41169527e+09 -8.78528751e-03  5.41169527e+09 -1.99447221e-03 
 5.84341413e+09 -8.78024017e-03  5.84341413e+09 -1.84705726e-03 
 6.30957344e+09 -8.77591074e-03  6.30957344e+09 -1.71054601e-03 
 6.81292069e+09 -8.77219715e-03  6.81292069e+09 -1.58413030e-03 
 7.35642254e+09 -8.76901184e-03  7.35642254e+09 -1.46706223e-03 
 7.94328235e+09 -8.76627968e-03  7.94328235e+09 -1.35864957e-03 
 8.57695899e+09 -8.76393621e-03  8.57695899e+09 -1.25825156e-03 
 9.26118728e+09 -8.76192615e-03  9.26118728e+09 -1.16527503e-03 
 1.00000000e+10 -8.76020208e-03  1.00000000e+10 -1.07917088e-03 
