 1.00000000e+00  3.16080712e+02  1.00000000e+00 -4.89500048e-03 
 1.07977516e+00  3.16080712e+02  1.07977516e+00 -5.28549994e-03 
 1.16591440e+00  3.16080712e+02  1.16591440e+00 -5.70715156e-03 
 1.25892541e+00  3.16080712e+02  1.25892541e+00 -6.16244050e-03 
 1.35935639e+00  3.16080712e+02  1.35935639e+00 -6.65405019e-03 
 1.46779927e+00  3.16080712e+02  1.46779927e+00 -7.18487812e-03 
 1.58489319e+00  3.16080712e+02  1.58489319e+00 -7.75805294e-03 
 1.71132830e+00  3.16080712e+02  1.71132830e+00 -8.37695287e-03 
 1.84784980e+00  3.16080712e+02  1.84784980e+00 -9.04522565e-03 
 1.99526231e+00  3.16080712e+02  1.99526231e+00 -9.76680999e-03 
 2.15443469e+00  3.16080712e+02  2.15443469e+00 -1.05459588e-02 
 2.32630507e+00  3.16080712e+02  2.32630507e+00 -1.13872644e-02 
 2.51188643e+00  3.16080712e+02  2.51188643e+00 -1.22956853e-02 
 2.71227258e+00  3.16080712e+02  2.71227258e+00 -1.32765756e-02 
 2.92864456e+00  3.16080712e+02  2.92864456e+00 -1.43357165e-02 
 3.16227766e+00  3.16080712e+02  3.16227766e+00 -1.54793506e-02 
 3.41454887e+00  3.16080712e+02  3.41454887e+00 -1.67142183e-02 
 3.68694506e+00  3.16080712e+02  3.68694506e+00 -1.80475978e-02 
 3.98107171e+00  3.16080711e+02  3.98107171e+00 -1.94873479e-02 
 4.29866235e+00  3.16080711e+02  4.29866235e+00 -2.10419542e-02 
 4.64158883e+00  3.16080711e+02  4.64158883e+00 -2.27205795e-02 
 5.01187234e+00  3.16080711e+02  5.01187234e+00 -2.45331174e-02 
 5.41169527e+00  3.16080710e+02  5.41169527e+00 -2.64902508e-02 
 5.84341413e+00  3.16080710e+02  5.84341413e+00 -2.86035148e-02 
 6.30957344e+00  3.16080710e+02  6.30957344e+00 -3.08853648e-02 
 6.81292069e+00  3.16080709e+02  6.81292069e+00 -3.33492497e-02 
 7.35642254e+00  3.16080708e+02  7.35642254e+00 -3.60096915e-02 
 7.94328235e+00  3.16080708e+02  7.94328235e+00 -3.88823704e-02 
 8.57695899e+00  3.16080707e+02  8.57695899e+00 -4.19842177e-02 
 9.26118728e+00  3.16080706e+02  9.26118728e+00 -4.53335153e-02 
 1.00000000e+01  3.16080705e+02  1.00000000e+01 -4.89500037e-02 
 1.07977516e+01  3.16080704e+02  1.07977516e+01 -5.28549980e-02 
 1.16591440e+01  3.16080702e+02  1.16591440e+01 -5.70715137e-02 
 1.25892541e+01  3.16080701e+02  1.25892541e+01 -6.16244027e-02 
 1.35935639e+01  3.16080699e+02  1.35935639e+01 -6.65404990e-02 
 1.46779927e+01  3.16080696e+02  1.46779927e+01 -7.18487776e-02 
 1.58489319e+01  3.16080694e+02  1.58489319e+01 -7.75805248e-02 
 1.71132830e+01  3.16080690e+02  1.71132830e+01 -8.37695229e-02 
 1.84784980e+01  3.16080687e+02  1.84784980e+01 -9.04522491e-02 
 1.99526231e+01  3.16080682e+02  1.99526231e+01 -9.76680907e-02 
 2.15443469e+01  3.16080677e+02  2.15443469e+01 -1.05459577e-01 
 2.32630507e+01  3.16080672e+02  2.32630507e+01 -1.13872630e-01 
 2.51188643e+01  3.16080665e+02  2.51188643e+01 -1.22956834e-01 
 2.71227258e+01  3.16080657e+02  2.71227258e+01 -1.32765733e-01 
 2.92864456e+01  3.16080648e+02  2.92864456e+01 -1.43357136e-01 
 3.16227766e+01  3.16080637e+02  3.16227766e+01 -1.54793470e-01 
 3.41454887e+01  3.16080624e+02  3.41454887e+01 -1.67142137e-01 
 3.68694506e+01  3.16080610e+02  3.68694506e+01 -1.80475920e-01 
 3.98107171e+01  3.16080592e+02  3.98107171e+01 -1.94873405e-01 
 4.29866235e+01  3.16080573e+02  4.29866235e+01 -2.10419450e-01 
 4.64158883e+01  3.16080549e+02  4.64158883e+01 -2.27205679e-01 
 5.01187234e+01  3.16080522e+02  5.01187234e+01 -2.45331027e-01 
 5.41169527e+01  3.16080491e+02  5.41169527e+01 -2.64902324e-01 
 5.84341413e+01  3.16080454e+02  5.84341413e+01 -2.86034916e-01 
 6.30957344e+01  3.16080411e+02  6.30957344e+01 -3.08853356e-01 
 6.81292069e+01  3.16080361e+02  6.81292069e+01 -3.33492130e-01 
 7.35642254e+01  3.16080302e+02  7.35642254e+01 -3.60096452e-01 
 7.94328235e+01  3.16080234e+02  7.94328235e+01 -3.88823122e-01 
 8.57695899e+01  3.16080155e+02  8.57695899e+01 -4.19841444e-01 
 9.26118728e+01  3.16080063e+02  9.26118728e+01 -4.53334231e-01 
 1.00000000e+02  3.16079955e+02  1.00000000e+02 -4.89498875e-01 
 1.07977516e+02  3.16079829e+02  1.07977516e+02 -5.28548518e-01 
 1.16591440e+02  3.16079682e+02  1.16591440e+02 -5.70713297e-01 
 1.25892541e+02  3.16079512e+02  1.25892541e+02 -6.16241710e-01 
 1.35935639e+02  3.16079312e+02  1.35935639e+02 -6.65402073e-01 
 1.46779927e+02  3.16079080e+02  1.46779927e+02 -7.18484103e-01 
 1.58489319e+02  3.16078809e+02  1.58489319e+02 -7.75800625e-01 
 1.71132830e+02  3.16078493e+02  1.71132830e+02 -8.37689409e-01 
 1.84784980e+02  3.16078125e+02  1.84784980e+02 -9.04515164e-01 
 1.99526231e+02  3.16077696e+02  1.99526231e+02 -9.76671682e-01 
 2.15443469e+02  3.16077195e+02  2.15443469e+02 -1.05458416e+00 
 2.32630507e+02  3.16076612e+02  2.32630507e+02 -1.13871168e+00 
 2.51188643e+02  3.16075931e+02  2.51188643e+02 -1.22954994e+00 
 2.71227258e+02  3.16075138e+02  2.71227258e+02 -1.32763415e+00 
 2.92864456e+02  3.16074213e+02  2.92864456e+02 -1.43354219e+00 
 3.16227766e+02  3.16073135e+02  3.16227766e+02 -1.54789797e+00 
 3.41454887e+02  3.16071878e+02  3.41454887e+02 -1.67137514e+00 
 3.68694506e+02  3.16070412e+02  3.68694506e+02 -1.80470100e+00 
 3.98107171e+02  3.16068703e+02  3.98107171e+02 -1.94866078e+00 
 4.29866235e+02  3.16066711e+02  4.29866235e+02 -2.10410225e+00 
 4.64158883e+02  3.16064388e+02  4.64158883e+02 -2.27194066e+00 
 5.01187234e+02  3.16061680e+02  5.01187234e+02 -2.45316408e+00 
 5.41169527e+02  3.16058522e+02  5.41169527e+02 -2.64883919e+00 
 5.84341413e+02  3.16054841e+02  5.84341413e+02 -2.86011747e+00 
 6.30957344e+02  3.16050548e+02  6.30957344e+02 -3.08824188e+00 
 6.81292069e+02  3.16045544e+02  6.81292069e+02 -3.33455410e+00 
 7.35642254e+02  3.16039710e+02  7.35642254e+02 -3.60050226e+00 
 7.94328235e+02  3.16032908e+02  7.94328235e+02 -3.88764927e+00 
 8.57695899e+02  3.16024978e+02  8.57695899e+02 -4.19768184e+00 
 9.26118728e+02  3.16015733e+02  9.26118728e+02 -4.53242004e+00 
 1.00000000e+03  3.16004955e+02  1.00000000e+03 -4.89382773e+00 
 1.07977516e+03  3.15992389e+02  1.07977516e+03 -5.28402360e+00 
 1.16591440e+03  3.15977740e+02  1.16591440e+03 -5.70529303e+00 
 1.25892541e+03  3.15960661e+02  1.25892541e+03 -6.16010088e+00 
 1.35935639e+03  3.15940752e+02  1.35935639e+03 -6.65110497e+00 
 1.46779927e+03  3.15917542e+02  1.46779927e+03 -7.18117059e+00 
 1.58489319e+03  3.15890486e+02  1.58489319e+03 -7.75338583e+00 
 1.71132830e+03  3.15858947e+02  1.71132830e+03 -8.37107791e+00 
 1.84784980e+03  3.15822183e+02  1.84784980e+03 -9.03783037e+00 
 1.99526231e+03  3.15779331e+02  1.99526231e+03 -9.75750115e+00 
 2.15443469e+03  3.15729382e+02  2.15443469e+03 -1.05342416e+01 
 2.32630507e+03  3.15671167e+02  2.32630507e+03 -1.13725160e+01 
 2.51188643e+03  3.15603320e+02  2.51188643e+03 -1.22771221e+01 
 2.71227258e+03  3.15524254e+02  2.71227258e+03 -1.32532117e+01 
 2.92864456e+03  3.15432118e+02  2.92864456e+03 -1.43063118e+01 
 3.16227766e+03  3.15324764e+02  3.16227766e+03 -1.54423448e+01 
 3.41454887e+03  3.15199691e+02  3.41454887e+03 -1.66676492e+01 
 3.68694506e+03  3.15053992e+02  3.68694506e+03 -1.79889979e+01 
 3.98107171e+03  3.14884289e+02  3.98107171e+03 -1.94136146e+01 
 4.29866235e+03  3.14686660e+02  4.29866235e+03 -2.09491878e+01 
 4.64158883e+03  3.14456554e+02  4.64158883e+03 -2.26038789e+01 
 5.01187234e+03  3.14188695e+02  5.01187234e+03 -2.43863251e+01 
 5.41169527e+03  3.13876970e+02  5.41169527e+03 -2.63056335e+01 
 5.84341413e+03  3.13514305e+02  5.84341413e+03 -2.83713639e+01 
 6.30957344e+03  3.13092525e+02  6.30957344e+03 -3.05934971e+01 
 6.81292069e+03  3.12602196e+02  6.81292069e+03 -3.29823853e+01 
 7.35642254e+03  3.12032449e+02  7.35642254e+03 -3.55486780e+01 
 7.94328235e+03  3.11370788e+02  7.94328235e+03 -3.83032189e+01 
 8.57695899e+03  3.10602881e+02  8.57695899e+03 -4.12569066e+01 
 9.26118728e+03  3.09712334e+02  9.26118728e+03 -4.44205091e+01 
 1.00000000e+04  3.08680456e+02  1.00000000e+04 -4.78044249e+01 
 1.07977516e+04  3.07486019e+02  1.07977516e+04 -5.14183780e+01 
 1.16591440e+04  3.06105022e+02  1.16591440e+04 -5.52710359e+01 
 1.25892541e+04  3.04510472e+02  1.25892541e+04 -5.93695378e+01 
 1.35935639e+04  3.02672204e+02  1.35935639e+04 -6.37189218e+01 
 1.46779927e+04  3.00556757e+02  1.46779927e+04 -6.83214387e+01 
 1.58489319e+04  2.98127347e+02  1.58489319e+04 -7.31757470e+01 
 1.71132830e+04  2.95343967e+02  1.71132830e+04 -7.82759859e+01 
 1.84784980e+04  2.92163673e+02  1.84784980e+04 -8.36107353e+01 
 1.99526231e+04  2.88541093e+02  1.99526231e+04 -8.91618816e+01 
 2.15443469e+04  2.84429237e+02  2.15443469e+04 -9.49034305e+01 
 2.32630507e+04  2.79780654e+02  2.32630507e+04 -1.00800327e+02 
 2.51188643e+04  2.74548989e+02  2.51188643e+04 -1.06807373e+02 
 2.71227258e+04  2.68690978e+02  2.71227258e+04 -1.12868362e+02 
 2.92864456e+04  2.62168874e+02  2.92864456e+04 -1.18915579e+02 
 3.16227766e+04  2.54953264e+02  3.16227766e+04 -1.24869836e+02 
 3.41454887e+04  2.47026160e+02  3.41454887e+04 -1.30641228e+02 
 3.68694506e+04  2.38384180e+02  3.68694506e+04 -1.36130750e+02 
 3.98107171e+04  2.29041553e+02  3.98107171e+04 -1.41232922e+02 
 4.29866235e+04  2.19032623e+02  4.29866235e+04 -1.45839413e+02 
 4.64158883e+04  2.08413470e+02  4.64158883e+04 -1.49843589e+02 
 5.01187234e+04  1.97262313e+02  5.01187234e+04 -1.53145744e+02 
 5.41169527e+04  1.85678409e+02  5.41169527e+04 -1.55658611e+02 
 5.84341413e+04  1.73779320e+02  5.84341413e+04 -1.57312667e+02 
 6.30957344e+04  1.61696610e+02  6.30957344e+04 -1.58060654e+02 
 6.81292069e+04  1.49570261e+02  6.81292069e+04 -1.57880809e+02 
 7.35642254e+04  1.37542286e+02  7.35642254e+04 -1.56778388e+02 
 7.94328235e+04  1.25750138e+02  7.94328235e+04 -1.54785293e+02 
 8.57695899e+04  1.14320568e+02  8.57695899e+04 -1.51957855e+02 
 9.26118728e+04  1.03364485e+02  9.26118728e+04 -1.48373053e+02 
 1.00000000e+05  9.29732448e+01  1.00000000e+05 -1.44123615e+02 
 1.07977516e+05  8.32165496e+01  1.07977516e+05 -1.39312575e+02 
 1.16591440e+05  7.41419510e+01  1.16591440e+05 -1.34047813e+02 
 1.25892541e+05  6.57757648e+01  1.25892541e+05 -1.28437050e+02 
 1.35935639e+05  5.81250779e+01  1.35935639e+05 -1.22583638e+02 
 1.46779927e+05  5.11804872e+01  1.46779927e+05 -1.16583316e+02 
 1.58489319e+05  4.49192089e+01  1.58489319e+05 -1.10521986e+02 
 1.71132830e+05  3.93082527e+01  1.71132830e+05 -1.04474447e+02 
 1.84784980e+05  3.43074237e+01  1.84784980e+05 -9.85039326e+01 
 1.99526231e+05  2.98719980e+01  1.99526231e+05 -9.26623098e+01 
 2.15443469e+05  2.59549845e+01  2.15443469e+05 -8.69907364e+01 
 2.32630507e+05  2.25089484e+01  2.32630507e+05 -8.15206275e+01 
 2.51188643e+05  1.94874090e+01  2.51188643e+05 -7.62747876e+01 
 2.71227258e+05  1.68458551e+01  2.71227258e+05 -7.12686027e+01 
 2.92864456e+05  1.45424309e+01  2.92864456e+05 -6.65112129e+01 
 3.16227766e+05  1.25383541e+01  3.16227766e+05 -6.20066138e+01 
 3.41454887e+05  1.07981216e+01  3.41454887e+05 -5.77546541e+01 
 3.68694506e+05  9.28955626e+00  3.68694506e+05 -5.37519161e+01 
 3.98107171e+05  7.98373773e+00  3.98107171e+05 -4.99924742e+01 
 4.29866235e+05  6.85485430e+00  4.29866235e+05 -4.64685356e+01 
 4.64158883e+05  5.88000442e+00  4.64158883e+05 -4.31709734e+01 
 5.01187234e+05  5.03896976e+00  5.01187234e+05 -4.00897617e+01 
 5.41169527e+05  4.31397622e+00  5.41169527e+05 -3.72143264e+01 
 5.84341413e+05  3.68945448e+00  5.84341413e+05 -3.45338237e+01 
 6.30957344e+05  3.15180818e+00  6.30957344e+05 -3.20373566e+01 
 6.81292069e+05  2.68919483e+00  6.81292069e+05 -2.97141417e+01 
 7.35642254e+05  2.29132243e+00  7.35642254e+05 -2.75536338e+01 
 7.94328235e+05  1.94926348e+00  7.94328235e+05 -2.55456164e+01 
 8.57695899e+05  1.65528657e+00  8.57695899e+05 -2.36802665e+01 
 9.26118728e+05  1.40270546e+00  9.26118728e+05 -2.19481958e+01 
 1.00000000e+06  1.18574461e+00  1.00000000e+06 -2.03404773e+01 
 1.07977516e+06  9.99420225e-01  1.07977516e+06 -1.88486570e+01 
 1.16591440e+06  8.39435418e-01  1.16591440e+06 -1.74647564e+01 
 1.25892541e+06  7.02088329e-01  1.25892541e+06 -1.61812675e+01 
 1.35935639e+06  5.84191743e-01  1.35935639e+06 -1.49911421e+01 
 1.46779927e+06  4.83003049e-01  1.46779927e+06 -1.38877766e+01 
 1.58489319e+06  3.96163327e-01  1.58489319e+06 -1.28649951e+01 
 1.71132830e+06  3.21644491e-01  1.71132830e+06 -1.19170295e+01 
 1.84784980e+06  2.57703496e-01  1.84784980e+06 -1.10384996e+01 
 1.99526231e+06  2.02842727e-01  1.99526231e+06 -1.02243920e+01 
 2.15443469e+06  1.55775775e-01  2.15443469e+06 -9.47003926e+00 
 2.32630507e+06  1.15397906e-01  2.32630507e+06 -8.77109936e+00 
 2.51188643e+06  8.07605935e-02  2.51188643e+06 -8.12353552e+00 
 2.71227258e+06  5.10495769e-02  2.71227258e+06 -7.52359680e+00 
 2.92864456e+06  2.55659726e-02  2.92864456e+06 -6.96779946e+00 
 3.16227766e+06  3.71001975e-03  3.16227766e+06 -6.45290924e+00 
 3.41454887e+06 -1.50328996e-02  3.41454887e+06 -5.97592444e+00 
 3.68694506e+06 -3.11042767e-02  3.68694506e+06 -5.53406001e+00 
 3.98107171e+06 -4.48828024e-02  3.98107171e+06 -5.12473253e+00 
 4.29866235e+06 -5.66932354e-02  4.29866235e+06 -4.74554609e+00 
 4.64158883e+06 -6.68140180e-02  4.64158883e+06 -4.39427903e+00 
 5.01187234e+06 -7.54838109e-02  5.01187234e+06 -4.06887159e+00 
 5.41169527e+06 -8.29071005e-02  5.41169527e+06 -3.76741427e+00 
 5.84341413e+06 -8.92590071e-02  5.84341413e+06 -3.48813711e+00 
 6.30957344e+06 -9.46894054e-02  6.30957344e+06 -3.22939953e+00 
 6.81292069e+06 -9.93264541e-02  6.81292069e+06 -2.98968100e+00 
 7.35642254e+06 -1.03279617e-01  7.35642254e+06 -2.76757232e+00 
 7.94328235e+06 -1.06642243e-01  7.94328235e+06 -2.56176746e+00 
 8.57695899e+06 -1.09493777e-01  8.57695899e+06 -2.37105609e+00 
 9.26118728e+06 -1.11901633e-01  9.26118728e+06 -2.19431653e+00 
 1.00000000e+07 -1.13922801e-01  1.00000000e+07 -2.03050930e+00 
 1.07977516e+07 -1.15605198e-01  1.07977516e+07 -1.87867108e+00 
 1.16591440e+07 -1.16988825e-01  1.16591440e+07 -1.73790916e+00 
 1.25892541e+07 -1.18106728e-01  1.25892541e+07 -1.60739629e+00 
 1.35935639e+07 -1.18985820e-01  1.35935639e+07 -1.48636591e+00 
 1.46779927e+07 -1.19647556e-01  1.46779927e+07 -1.37410776e+00 
 1.58489319e+07 -1.20108504e-01  1.58489319e+07 -1.26996383e+00 
 1.71132830e+07 -1.20380815e-01  1.71132830e+07 -1.17332469e+00 
 1.84784980e+07 -1.20472620e-01  1.84784980e+07 -1.08362603e+00 
 1.99526231e+07 -1.20388359e-01  1.99526231e+07 -1.00034558e+00 
 2.15443469e+07 -1.20129071e-01  2.15443469e+07 -9.23000282e-01 
 2.32630507e+07 -1.19692658e-01  2.32630507e+07 -8.51143754e-01 
 2.51188643e+07 -1.19074142e-01  2.51188643e+07 -7.84363956e-01 
 2.71227258e+07 -1.18265936e-01  2.71227258e+07 -7.22281148e-01 
 2.92864456e+07 -1.17258160e-01  2.92864456e+07 -6.64546052e-01 
 3.16227766e+07 -1.16039020e-01  3.16227766e+07 -6.10838209e-01 
 3.41454887e+07 -1.14595281e-01  3.41454887e+07 -5.60864520e-01 
 3.68694506e+07 -1.12912861e-01  3.68694506e+07 -5.14357908e-01 
 3.98107171e+07 -1.10977564e-01  3.98107171e+07 -4.71076086e-01 
 4.29866235e+07 -1.08775973e-01  4.29866235e+07 -4.30800337e-01 
 4.64158883e+07 -1.06296491e-01  4.64158883e+07 -3.93334273e-01 
 5.01187234e+07 -1.03530528e-01  5.01187234e+07 -3.58502468e-01 
 5.41169527e+07 -1.00473772e-01  5.41169527e+07 -3.26148909e-01 
 5.84341413e+07 -9.71274775e-02  5.84341413e+07 -2.96135181e-01 
 6.30957344e+07 -9.34996652e-02  6.30957344e+07 -2.68338354e-01 
 6.81292069e+07 -8.96060971e-02  6.81292069e+07 -2.42648545e-01 
 7.35642254e+07 -8.54708895e-02  7.35642254e+07 -2.18966205e-01 
 7.94328235e+07 -8.11266266e-02  7.94328235e+07 -1.97199225e-01 
 8.57695899e+07 -7.66138731e-02  8.57695899e+07 -1.77260009e-01 
 9.26118728e+07 -7.19800449e-02  9.26118728e+07 -1.59062719e-01 
 1.00000000e+08 -6.72776747e-02  1.00000000e+08 -1.42520901e-01 
 1.07977516e+08 -6.25621932e-02  1.07977516e+08 -1.27545690e-01 
 1.16591440e+08 -5.78894224e-02  1.16591440e+08 -1.14044742e-01 
 1.25892541e+08 -5.33130214e-02  1.25892541e+08 -1.01921949e-01 
 1.35935639e+08 -4.88821339e-02  1.35935639e+08 -9.10779025e-02 
 1.46779927e+08 -4.46394539e-02  1.46779927e+08 -8.14109930e-02 
 1.58489319e+08 -4.06198579e-02  1.58489319e+08 -7.28189393e-02 
 1.71132830e+08 -3.68496730e-02  1.71132830e+08 -6.52005455e-02 
 1.84784980e+08 -3.33465631e-02  1.84784980e+08 -5.84574614e-02 
 1.99526231e+08 -3.01199514e-02  1.99526231e+08 -5.24957729e-02 
 2.15443469e+08 -2.71718527e-02  2.15443469e+08 -4.72272955e-02 
 2.32630507e+08 -2.44979715e-02  2.32630507e+08 -4.25705064e-02 
 2.51188643e+08 -2.20889289e-02  2.51188643e+08 -3.84511008e-02 
 2.71227258e+08 -1.99314998e-02  2.71227258e+08 -3.48022012e-02 
 2.92864456e+08 -1.80097744e-02  2.92864456e+08 -3.15642736e-02 
 3.16227766e+08 -1.63061858e-02  3.16227766e+08 -2.86848168e-02 
 3.41454887e+08 -1.48023726e-02  3.41454887e+08 -2.61178927e-02 
 3.68694506e+08 -1.34798715e-02  3.68694506e+08 -2.38235592e-02 
 3.98107171e+08 -1.23206438e-02  3.98107171e+08 -2.17672575e-02 
 4.29866235e+08 -1.13074556e-02  4.29866235e+08 -1.99191917e-02 
 4.64158883e+08 -1.04241323e-02  4.64158883e+08 -1.82537321e-02 
 5.01187234e+08 -9.65571029e-03  5.01187234e+08 -1.67488572e-02 
 5.41169527e+08 -8.98850988e-03  5.41169527e+08 -1.53856480e-02 
 5.84341413e+08 -8.41014693e-03  5.84341413e+08 -1.41478370e-02 
 6.30957344e+08 -7.90950191e-03  6.30957344e+08 -1.30214128e-02 
 6.81292069e+08 -7.47665937e-03  6.81292069e+08 -1.19942790e-02 
 7.35642254e+08 -7.10282880e-03  7.35642254e+08 -1.10559603e-02 
 7.94328235e+08 -6.78025527e-03  7.94328235e+08 -1.01973541e-02 
 8.57695899e+08 -6.50212585e-03  8.57695899e+08 -9.41052046e-03 
 9.26118728e+08 -6.26247625e-03  9.26118728e+08 -8.68850457e-03 
 1.00000000e+09 -6.05610072e-03  1.00000000e+09 -8.02518921e-03 
 1.07977516e+09 -5.87846698e-03  1.07977516e+09 -7.41517072e-03 
 1.16591440e+09 -5.72563750e-03  1.16591440e+09 -6.85365564e-03 
 1.25892541e+09 -5.59419758e-03  1.25892541e+09 -6.33637441e-03 
 1.35935639e+09 -5.48119032e-03  1.35935639e+09 -5.85950929e-03 
 1.46779927e+09 -5.38405854e-03  1.46779927e+09 -5.41963403e-03 
 1.58489319e+09 -5.30059302e-03  1.58489319e+09 -5.01366329e-03 
 1.71132830e+09 -5.22888693e-03  1.71132830e+09 -4.63880994e-03 
 1.84784980e+09 -5.16729566e-03  1.84784980e+09 -4.29254917e-03 
 1.99526231e+09 -5.11440171e-03  1.99526231e+09 -3.97258780e-03 
 2.15443469e+09 -5.06898401e-03  2.15443469e+09 -3.67683824e-03 
 2.32630507e+09 -5.02999125e-03  2.32630507e+09 -3.40339609e-03 
 2.51188643e+09 -4.99651864e-03  2.51188643e+09 -3.15052086e-03 
 2.71227258e+09 -4.96778783e-03  2.71227258e+09 -2.91661919e-03 
 2.92864456e+09 -4.94312945e-03  2.92864456e+09 -2.70023032e-03 
 3.16227766e+09 -4.92196806e-03  3.16227766e+09 -2.50001329e-03 
 3.41454887e+09 -4.90380908e-03  3.41454887e+09 -2.31473575e-03 
 3.68694506e+09 -4.88822753e-03  3.68694506e+09 -2.14326397e-03 
 3.98107171e+09 -4.87485835e-03  3.98107171e+09 -1.98455407e-03 
 4.29866235e+09 -4.86338799e-03  4.29866235e+09 -1.83764414e-03 
 4.64158883e+09 -4.85354717e-03  4.64158883e+09 -1.70164721e-03 
 5.01187234e+09 -4.84510473e-03  5.01187234e+09 -1.57574494e-03 
 5.41169527e+09 -4.83786219e-03  5.41169527e+09 -1.45918189e-03 
 5.84341413e+09 -4.83164918e-03  5.84341413e+09 -1.35126041e-03 
 6.30957344e+09 -4.82631950e-03  6.30957344e+09 -1.25133596e-03 
 6.81292069e+09 -4.82174765e-03  6.81292069e+09 -1.15881286e-03 
 7.35642254e+09 -4.81782594e-03  7.35642254e+09 -1.07314044e-03 
 7.94328235e+09 -4.81446199e-03  7.94328235e+09 -9.93809481e-04 
 8.57695899e+09 -4.81157649e-03  8.57695899e+09 -9.20349041e-04 
 9.26118728e+09 -4.80910144e-03  9.26118728e+09 -8.52323458e-04 
 1.00000000e+10 -4.80697846e-03  1.00000000e+10 -7.89329655e-04 
