 1.00000000e+00  2.36357064e+02  1.00000000e+00 -2.10149515e-03 
 1.07977516e+00  2.36357064e+02  1.07977516e+00 -2.26914226e-03 
 1.16591440e+00  2.36357064e+02  1.16591440e+00 -2.45016346e-03 
 1.25892541e+00  2.36357064e+02  1.25892541e+00 -2.64562564e-03 
 1.35935639e+00  2.36357064e+02  1.35935639e+00 -2.85668086e-03 
 1.46779927e+00  2.36357064e+02  1.46779927e+00 -3.08457304e-03 
 1.58489319e+00  2.36357064e+02  1.58489319e+00 -3.33064535e-03 
 1.71132830e+00  2.36357064e+02  1.71132830e+00 -3.59634813e-03 
 1.84784980e+00  2.36357064e+02  1.84784980e+00 -3.88324738e-03 
 1.99526231e+00  2.36357064e+02  1.99526231e+00 -4.19303407e-03 
 2.15443469e+00  2.36357064e+02  2.15443469e+00 -4.52753405e-03 
 2.32630507e+00  2.36357064e+02  2.32630507e+00 -4.88871881e-03 
 2.51188643e+00  2.36357064e+02  2.51188643e+00 -5.27871715e-03 
 2.71227258e+00  2.36357064e+02  2.71227258e+00 -5.69982766e-03 
 2.92864456e+00  2.36357064e+02  2.92864456e+00 -6.15453234e-03 
 3.16227766e+00  2.36357063e+02  3.16227766e+00 -6.64551115e-03 
 3.41454887e+00  2.36357063e+02  3.41454887e+00 -7.17565788e-03 
 3.68694506e+00  2.36357063e+02  3.68694506e+00 -7.74809715e-03 
 3.98107171e+00  2.36357063e+02  3.98107171e+00 -8.36620286e-03 
 4.29866235e+00  2.36357063e+02  4.29866235e+00 -9.03361805e-03 
 4.64158883e+00  2.36357063e+02  4.64158883e+00 -9.75427640e-03 
 5.01187234e+00  2.36357063e+02  5.01187234e+00 -1.05324254e-02 
 5.41169527e+00  2.36357063e+02  5.41169527e+00 -1.13726513e-02 
 5.84341413e+00  2.36357063e+02  5.84341413e+00 -1.22799064e-02 
 6.30957344e+00  2.36357063e+02  6.30957344e+00 -1.32595379e-02 
 6.81292069e+00  2.36357063e+02  6.81292069e+00 -1.43173197e-02 
 7.35642254e+00  2.36357063e+02  7.35642254e+00 -1.54594862e-02 
 7.94328235e+00  2.36357063e+02  7.94328235e+00 -1.66927692e-02 
 8.57695899e+00  2.36357062e+02  8.57695899e+00 -1.80244376e-02 
 9.26118728e+00  2.36357062e+02  9.26118728e+00 -1.94623400e-02 
 1.00000000e+01  2.36357062e+02  1.00000000e+01 -2.10149513e-02 
 1.07977516e+01  2.36357062e+02  1.07977516e+01 -2.26914224e-02 
 1.16591440e+01  2.36357061e+02  1.16591440e+01 -2.45016343e-02 
 1.25892541e+01  2.36357061e+02  1.25892541e+01 -2.64562561e-02 
 1.35935639e+01  2.36357060e+02  1.35935639e+01 -2.85668082e-02 
 1.46779927e+01  2.36357060e+02  1.46779927e+01 -3.08457299e-02 
 1.58489319e+01  2.36357059e+02  1.58489319e+01 -3.33064529e-02 
 1.71132830e+01  2.36357058e+02  1.71132830e+01 -3.59634804e-02 
 1.84784980e+01  2.36357057e+02  1.84784980e+01 -3.88324728e-02 
 1.99526231e+01  2.36357056e+02  1.99526231e+01 -4.19303394e-02 
 2.15443469e+01  2.36357055e+02  2.15443469e+01 -4.52753388e-02 
 2.32630507e+01  2.36357054e+02  2.32630507e+01 -4.88871860e-02 
 2.51188643e+01  2.36357052e+02  2.51188643e+01 -5.27871688e-02 
 2.71227258e+01  2.36357050e+02  2.71227258e+01 -5.69982733e-02 
 2.92864456e+01  2.36357048e+02  2.92864456e+01 -6.15453193e-02 
 3.16227766e+01  2.36357045e+02  3.16227766e+01 -6.64551063e-02 
 3.41454887e+01  2.36357042e+02  3.41454887e+01 -7.17565723e-02 
 3.68694506e+01  2.36357038e+02  3.68694506e+01 -7.74809633e-02 
 3.98107171e+01  2.36357034e+02  3.98107171e+01 -8.36620183e-02 
 4.29866235e+01  2.36357029e+02  4.29866235e+01 -9.03361675e-02 
 4.64158883e+01  2.36357023e+02  4.64158883e+01 -9.75427475e-02 
 5.01187234e+01  2.36357017e+02  5.01187234e+01 -1.05324233e-01 
 5.41169527e+01  2.36357009e+02  5.41169527e+01 -1.13726487e-01 
 5.84341413e+01  2.36357000e+02  5.84341413e+01 -1.22799031e-01 
 6.30957344e+01  2.36356989e+02  6.30957344e+01 -1.32595338e-01 
 6.81292069e+01  2.36356977e+02  6.81292069e+01 -1.43173145e-01 
 7.35642254e+01  2.36356963e+02  7.35642254e+01 -1.54594797e-01 
 7.94328235e+01  2.36356946e+02  7.94328235e+01 -1.66927610e-01 
 8.57695899e+01  2.36356926e+02  8.57695899e+01 -1.80244272e-01 
 9.26118728e+01  2.36356903e+02  9.26118728e+01 -1.94623270e-01 
 1.00000000e+02  2.36356877e+02  1.00000000e+02 -2.10149349e-01 
 1.07977516e+02  2.36356846e+02  1.07977516e+02 -2.26914017e-01 
 1.16591440e+02  2.36356810e+02  1.16591440e+02 -2.45016083e-01 
 1.25892541e+02  2.36356768e+02  1.25892541e+02 -2.64562233e-01 
 1.35935639e+02  2.36356719e+02  1.35935639e+02 -2.85667669e-01 
 1.46779927e+02  2.36356661e+02  1.46779927e+02 -3.08456779e-01 
 1.58489319e+02  2.36356595e+02  1.58489319e+02 -3.33063875e-01 
 1.71132830e+02  2.36356517e+02  1.71132830e+02 -3.59633981e-01 
 1.84784980e+02  2.36356426e+02  1.84784980e+02 -3.88323691e-01 
 1.99526231e+02  2.36356320e+02  1.99526231e+02 -4.19302089e-01 
 2.15443469e+02  2.36356197e+02  2.15443469e+02 -4.52751745e-01 
 2.32630507e+02  2.36356053e+02  2.32630507e+02 -4.88869792e-01 
 2.51188643e+02  2.36355885e+02  2.51188643e+02 -5.27869084e-01 
 2.71227258e+02  2.36355690e+02  2.71227258e+02 -5.69979455e-01 
 2.92864456e+02  2.36355462e+02  2.92864456e+02 -6.15449065e-01 
 3.16227766e+02  2.36355196e+02  3.16227766e+02 -6.64545867e-01 
 3.41454887e+02  2.36354886e+02  3.41454887e+02 -7.17559182e-01 
 3.68694506e+02  2.36354525e+02  3.68694506e+02 -7.74801398e-01 
 3.98107171e+02  2.36354104e+02  3.98107171e+02 -8.36609815e-01 
 4.29866235e+02  2.36353613e+02  4.29866235e+02 -9.03348623e-01 
 4.64158883e+02  2.36353040e+02  4.64158883e+02 -9.75411044e-01 
 5.01187234e+02  2.36352373e+02  5.01187234e+02 -1.05322165e+00 
 5.41169527e+02  2.36351594e+02  5.41169527e+02 -1.13723883e+00 
 5.84341413e+02  2.36350687e+02  5.84341413e+02 -1.22795753e+00 
 6.30957344e+02  2.36349629e+02  6.30957344e+02 -1.32591211e+00 
 6.81292069e+02  2.36348395e+02  6.81292069e+02 -1.43167949e+00 
 7.35642254e+02  2.36346957e+02  7.35642254e+02 -1.54588256e+00 
 7.94328235e+02  2.36345281e+02  7.94328235e+02 -1.66919375e+00 
 8.57695899e+02  2.36343326e+02  8.57695899e+02 -1.80233905e+00 
 9.26118728e+02  2.36341046e+02  9.26118728e+02 -1.94610218e+00 
 1.00000000e+03  2.36338389e+02  1.00000000e+03 -2.10132919e+00 
 1.07977516e+03  2.36335291e+02  1.07977516e+03 -2.26893334e+00 
 1.16591440e+03  2.36331679e+02  1.16591440e+03 -2.44990043e+00 
 1.25892541e+03  2.36327468e+02  1.25892541e+03 -2.64529452e+00 
 1.35935639e+03  2.36322558e+02  1.35935639e+03 -2.85626401e+00 
 1.46779927e+03  2.36316834e+02  1.46779927e+03 -3.08404827e+00 
 1.58489319e+03  2.36310161e+02  1.58489319e+03 -3.32998473e+00 
 1.71132830e+03  2.36302381e+02  1.71132830e+03 -3.59551648e+00 
 1.84784980e+03  2.36293311e+02  1.84784980e+03 -3.88220044e+00 
 1.99526231e+03  2.36282737e+02  1.99526231e+03 -4.19171611e+00 
 2.15443469e+03  2.36270409e+02  2.15443469e+03 -4.52587492e+00 
 2.32630507e+03  2.36256038e+02  2.32630507e+03 -4.88663022e+00 
 2.51188643e+03  2.36239285e+02  2.51188643e+03 -5.27608795e+00 
 2.71227258e+03  2.36219755e+02  2.71227258e+03 -5.69651798e+00 
 2.92864456e+03  2.36196989e+02  2.92864456e+03 -6.15036609e+00 
 3.16227766e+03  2.36170451e+02  3.16227766e+03 -6.64026675e+00 
 3.41454887e+03  2.36139518e+02  3.41454887e+03 -7.16905644e+00 
 3.68694506e+03  2.36103463e+02  3.68694506e+03 -7.73978769e+00 
 3.98107171e+03  2.36061439e+02  3.98107171e+03 -8.35574373e+00 
 4.29866235e+03  2.36012462e+02  4.29866235e+03 -9.02045352e+00 
 4.64158883e+03  2.35955385e+02  4.64158883e+03 -9.73770723e+00 
 5.01187234e+03  2.35888873e+02  5.01187234e+03 -1.05115719e+01 
 5.41169527e+03  2.35811372e+02  5.41169527e+03 -1.13464070e+01 
 5.84341413e+03  2.35721078e+02  5.84341413e+03 -1.22468794e+01 
 6.30957344e+03  2.35615889e+02  6.30957344e+03 -1.32179779e+01 
 6.81292069e+03  2.35493367e+02  6.81292069e+03 -1.42650260e+01 
 7.35642254e+03  2.35350677e+02  7.35642254e+03 -1.53936922e+01 
 7.94328235e+03  2.35184531e+02  7.94328235e+03 -1.66099979e+01 
 8.57695899e+03  2.34991114e+02  8.57695899e+03 -1.79203203e+01 
 9.26118728e+03  2.34766008e+02  9.26118728e+03 -1.93313896e+01 
 1.00000000e+04  2.34504098e+02  1.00000000e+04 -2.08502783e+01 
 1.07977516e+04  2.34199469e+02  1.07977516e+04 -2.24843806e+01 
 1.16591440e+04  2.33845296e+02  1.16591440e+04 -2.42413781e+01 
 1.25892541e+04  2.33433709e+02  1.25892541e+04 -2.61291894e+01 
 1.35935639e+04  2.32955659e+02  1.35935639e+04 -2.81558984e+01 
 1.46779927e+04  2.32400759e+02  1.46779927e+04 -3.03296567e+01 
 1.58489319e+04  2.31757120e+02  1.58489319e+04 -3.26585537e+01 
 1.71132830e+04  2.31011177e+02  1.71132830e+04 -3.51504478e+01 
 1.84784980e+04  2.30147509e+02  1.84784980e+04 -3.78127501e+01 
 1.99526231e+04  2.29148660e+02  1.99526231e+04 -4.06521535e+01 
 2.15443469e+04  2.27994975e+02  2.15443469e+04 -4.36742957e+01 
 2.32630507e+04  2.26664452e+02  2.32630507e+04 -4.68833489e+01 
 2.51188643e+04  2.25132641e+02  2.51188643e+04 -5.02815274e+01 
 2.71227258e+04  2.23372606e+02  2.71227258e+04 -5.38685060e+01 
 2.92864456e+04  2.21354972e+02  2.92864456e+04 -5.76407476e+01 
 3.16227766e+04  2.19048103e+02  3.16227766e+04 -6.15907442e+01 
 3.41454887e+04  2.16418443e+02  3.41454887e+04 -6.57061826e+01 
 3.68694506e+04  2.13431065e+02  3.68694506e+04 -6.99690627e+01 
 3.98107171e+04  2.10050471e+02  3.98107171e+04 -7.43548086e+01 
 4.29866235e+04  2.06241686e+02  4.29866235e+04 -7.88314348e+01 
 4.64158883e+04  2.01971674e+02  4.64158883e+04 -8.33588531e+01 
 5.01187234e+04  1.97211078e+02  5.01187234e+04 -8.78884244e+01 
 5.41169527e+04  1.91936265e+02  5.41169527e+04 -9.23628817e+01 
 5.84341413e+04  1.86131600e+02  5.84341413e+04 -9.67167572e+01 
 6.30957344e+04  1.79791826e+02  6.30957344e+04 -1.00877438e+02 
 6.81292069e+04  1.72924363e+02  6.81292069e+04 -1.04766947e+02 
 7.35642254e+04  1.65551287e+02  7.35642254e+04 -1.08304483e+02 
 7.94328235e+04  1.57710722e+02  7.94328235e+04 -1.11409681e+02 
 8.57695899e+04  1.49457372e+02  8.57695899e+04 -1.14006416e+02 
 9.26118728e+04  1.40861971e+02  9.26118728e+04 -1.16026920e+02 
 1.00000000e+05  1.32009522e+02  1.00000000e+05 -1.17415811e+02 
 1.07977516e+05  1.22996335e+02  1.07977516e+05 -1.18133653e+02 
 1.16591440e+05  1.13926051e+02  1.16591440e+05 -1.18159622e+02 
 1.25892541e+05  1.04904958e+02  1.25892541e+05 -1.17492958e+02 
 1.35935639e+05  9.60370614e+01  1.35935639e+05 -1.16153022e+02 
 1.46779927e+05  8.74193678e+01  1.46779927e+05 -1.14177937e+02 
 1.58489319e+05  7.91378404e+01  1.58489319e+05 -1.11622008e+02 
 1.71132830e+05  7.12643548e+01  1.71132830e+05 -1.08552217e+02 
 1.84784980e+05  6.38548462e+01  1.84784980e+05 -1.05044205e+02 
 1.99526231e+05  5.69486708e+01  1.99526231e+05 -1.01178159e+02 
 2.15443469e+05  5.05690640e+01  2.15443469e+05 -9.70349683e+01 
 2.32630507e+05  4.47244767e+01  2.32630507e+05 -9.26929173e+01 
 2.51188643e+05  3.94105216e+01  2.51188643e+05 -8.82250905e+01 
 2.71227258e+05  3.46122567e+01  2.71227258e+05 -8.36975344e+01 
 2.92864456e+05  3.03065656e+01  2.92864456e+05 -7.91681498e+01 
 3.16227766e+05  2.64644450e+01  3.16227766e+05 -7.46862230e+01 
 3.41454887e+05  2.30530686e+01  3.41454887e+05 -7.02924690e+01 
 3.68694506e+05  2.00375535e+01  3.68694506e+05 -6.60194565e+01 
 3.98107171e+05  1.73823995e+01  3.98107171e+05 -6.18922872e+01 
 4.29866235e+05  1.50526056e+01  4.29866235e+05 -5.79294216e+01 
 4.64158883e+05  1.30144916e+01  4.64158883e+05 -5.41435664e+01 
 5.01187234e+05  1.12362643e+01  5.01187234e+05 -5.05425590e+01 
 5.41169527e+05  9.68837246e+00  5.41169527e+05 -4.71302053e+01 
 5.84341413e+05  8.34369348e+00  5.84341413e+05 -4.39070461e+01 
 6.30957344e+05  7.17759266e+00  6.30957344e+05 -4.08710353e+01 
 6.81292069e+05  6.16788888e+00  6.81292069e+05 -3.80181285e+01 
 7.35642254e+05  5.29475534e+00  7.35642254e+05 -3.53427821e+01 
 7.94328235e+05  4.54057821e+00  7.94328235e+05 -3.28383694e+01 
 8.57695899e+05  3.88979053e+00  8.57695899e+05 -3.04975224e+01 
 9.26118728e+05  3.32869472e+00  9.26118728e+05 -2.83124078e+01 
 1.00000000e+06  2.84528299e+00  1.00000000e+06 -2.62749469e+01 
 1.07977516e+06  2.42906225e+00  1.07977516e+06 -2.43769874e+01 
 1.16591440e+06  2.07088777e+00  1.16591440e+06 -2.26104364e+01 
 1.25892541e+06  1.76280830e+00  1.25892541e+06 -2.09673596e+01 
 1.35935639e+06  1.49792391e+00  1.35935639e+06 -1.94400555e+01 
 1.46779927e+06  1.27025702e+00  1.46779927e+06 -1.80211066e+01 
 1.58489319e+06  1.07463656e+00  1.58489319e+06 -1.67034151e+01 
 1.71132830e+06  9.06594648e-01  1.71132830e+06 -1.54802244e+01 
 1.84784980e+06  7.62275037e-01  1.84784980e+06 -1.43451300e+01 
 1.99526231e+06  6.38352366e-01  1.99526231e+06 -1.32920836e+01 
 2.15443469e+06  5.31961298e-01  2.15443469e+06 -1.23153898e+01 
 2.32630507e+06  4.40634513e-01  2.32630507e+06 -1.14096990e+01 
 2.51188643e+06  3.62248629e-01  2.51188643e+06 -1.05699973e+01 
 2.71227258e+06  2.94977145e-01  2.71227258e+06 -9.79159342e+00 
 2.92864456e+06  2.37249597e-01  2.92864456e+06 -9.07010459e+00 
 3.16227766e+06  1.87716156e-01  3.16227766e+06 -8.40144161e+00 
 3.41454887e+06  1.45216994e-01  3.41454887e+06 -7.78179322e+00 
 3.68694506e+06  1.08755812e-01  3.68694506e+06 -7.20761044e+00 
 3.98107171e+06  7.74769911e-02  3.98107171e+06 -6.67559114e+00 
 4.29866235e+06  5.06458872e-02  4.29866235e+06 -6.18266486e+00 
 4.64158883e+06  2.76318479e-02  4.64158883e+06 -5.72597820e+00 
 5.01187234e+06  7.89359299e-03  5.01187234e+06 -5.30288069e+00 
 5.41169527e+06 -9.03336820e-03  5.41169527e+06 -4.91091142e+00 
 5.84341413e+06 -2.35475578e-02  5.84341413e+06 -4.54778620e+00 
 6.30957344e+06 -3.59908318e-02  6.30957344e+06 -4.21138555e+00 
 6.81292069e+06 -4.66563729e-02  6.81292069e+06 -3.89974325e+00 
 7.35642254e+06 -5.57955550e-02  7.35642254e+06 -3.61103565e+00 
 7.94328235e+06 -6.36238364e-02  7.94328235e+06 -3.34357162e+00 
 8.57695899e+06 -7.03258163e-02  8.57695899e+06 -3.09578314e+00 
 9.26118728e+06 -7.60595711e-02  9.26118728e+06 -2.86621651e+00 
 1.00000000e+07 -8.09603724e-02  1.00000000e+07 -2.65352410e+00 
 1.07977516e+07 -8.51438700e-02  1.07977516e+07 -2.45645676e+00 
 1.16591440e+07 -8.87088172e-02  1.16591440e+07 -2.27385663e+00 
 1.25892541e+07 -9.17394000e-02  1.25892541e+07 -2.10465057e+00 
 1.35935639e+07 -9.43072266e-02  1.35935639e+07 -1.94784393e+00 
 1.46779927e+07 -9.64730227e-02  1.46779927e+07 -1.80251488e+00 
 1.58489319e+07 -9.82880741e-02  1.58489319e+07 -1.66780907e+00 
 1.71132830e+07 -9.97954514e-02  1.71132830e+07 -1.54293475e+00 
 1.84784980e+07 -1.01031046e-01  1.84784980e+07 -1.42715813e+00 
 1.99526231e+07 -1.02024446e-01  1.99526231e+07 -1.31979927e+00 
 2.15443469e+07 -1.02799668e-01  2.15443469e+07 -1.22022811e+00 
 2.32630507e+07 -1.03375777e-01  2.32630507e+07 -1.12786091e+00 
 2.51188643e+07 -1.03767400e-01  2.51188643e+07 -1.04215699e+00 
 2.71227258e+07 -1.03985157e-01  2.71227258e+07 -9.62615624e-01 
 2.92864456e+07 -1.04036030e-01  2.92864456e+07 -8.88773357e-01 
 3.16227766e+07 -1.03923672e-01  3.16227766e+07 -8.20201441e-01 
 3.41454887e+07 -1.03648693e-01  3.41454887e+07 -7.56503569e-01 
 3.68694506e+07 -1.03208919e-01  3.68694506e+07 -6.97313814e-01 
 3.98107171e+07 -1.02599665e-01  3.98107171e+07 -6.42294787e-01 
 4.29866235e+07 -1.01814025e-01  4.29866235e+07 -5.91135982e-01 
 4.64158883e+07 -1.00843213e-01  4.64158883e+07 -5.43552311e-01 
 5.01187234e+07 -9.96769775e-02  5.01187234e+07 -4.99282784e-01 
 5.41169527e+07 -9.83041067e-02  5.41169527e+07 -4.58089320e-01 
 5.84341413e+07 -9.67130510e-02  5.84341413e+07 -4.19755646e-01 
 6.30957344e+07 -9.48926743e-02  6.30957344e+07 -3.84086226e-01 
 6.81292069e+07 -9.28331376e-02  6.81292069e+07 -3.50905184e-01 
 7.35642254e+07 -9.05269026e-02  7.35642254e+07 -3.20055135e-01 
 7.94328235e+07 -8.79698212e-02  7.94328235e+07 -2.91395869e-01 
 8.57695899e+07 -8.51622511e-02  8.57695899e+07 -2.64802832e-01 
 9.26118728e+07 -8.21101130e-02  9.26118728e+07 -2.40165341e-01 
 1.00000000e+08 -7.88257802e-02  1.00000000e+08 -2.17384536e-01 
 1.07977516e+08 -7.53286785e-02  1.07977516e+08 -1.96371081e-01 
 1.16591440e+08 -7.16454800e-02  1.16591440e+08 -1.77042690e-01 
 1.25892541e+08 -6.78097945e-02  1.25892541e+08 -1.59321599e-01 
 1.35935639e+08 -6.38613126e-02  1.35935639e+08 -1.43132153e-01 
 1.46779927e+08 -5.98444186e-02  1.46779927e+08 -1.28398680e-01 
 1.58489319e+08 -5.58063616e-02  1.58489319e+08 -1.15043834e-01 
 1.71132830e+08 -5.17951428e-02  1.71132830e+08 -1.02987542e-01 
 1.84784980e+08 -4.78573204e-02  1.84784980e+08 -9.21466189e-02 
 1.99526231e+08 -4.40359459e-02  1.99526231e+08 -8.24350388e-02 
 2.15443469e+08 -4.03688263e-02  2.15443469e+08 -7.37647697e-02 
 2.32630507e+08 -3.68872520e-02  2.32630507e+08 -6.60470221e-02 
 2.51188643e+08 -3.36152628e-02  2.51188643e+08 -5.91937225e-02 
 2.71227258e+08 -3.05694522e-02  2.71227258e+08 -5.31190289e-02 
 2.92864456e+08 -2.77592477e-02  2.92864456e+08 -4.77407248e-02 
 3.16227766e+08 -2.51875656e-02  3.16227766e+08 -4.29813783e-02 
 3.41454887e+08 -2.28517177e-02  3.41454887e+08 -3.87691984e-02 
 3.68694506e+08 -2.07444494e-02  3.68694506e+08 -3.50385684e-02 
 3.98107171e+08 -1.88550061e-02  3.98107171e+08 -3.17302764e-02 
 4.29866235e+08 -1.71701455e-02  4.29866235e+08 -2.87914840e-02 
 4.64158883e+08 -1.56750439e-02  4.64158883e+08 -2.61754896e-02 
 5.01187234e+08 -1.43540643e-02  5.01187234e+08 -2.38413447e-02 
 5.41169527e+08 -1.31913788e-02  5.41169527e+08 -2.17533770e-02 
 5.84341413e+08 -1.21714466e-02  5.84341413e+08 -1.98806667e-02 
 6.30957344e+08 -1.12793629e-02  6.30957344e+08 -1.81965108e-02 
 6.81292069e+08 -1.05010968e-02  6.81292069e+08 -1.66779037e-02 
 7.35642254e+08 -9.82363684e-03  7.35642254e+08 -1.53050482e-02 
 7.94328235e+08 -9.23506427e-03  7.94328235e+08 -1.40609111e-02 
 8.57695899e+08 -8.72457203e-03  8.57695899e+08 -1.29308243e-02 
 9.26118728e+08 -8.28244354e-03  9.26118728e+08 -1.19021358e-02 
 1.00000000e+09 -7.90000421e-03  1.00000000e+09 -1.09639062e-02 
 1.07977516e+09 -7.56955544e-03  1.07977516e+09 -1.01066484e-02 
 1.16591440e+09 -7.28429875e-03  1.16591440e+09 -9.32210644e-03 
 1.25892541e+09 -7.03825558e-03  1.25892541e+09 -8.60306879e-03 
 1.35935639e+09 -6.82618685e-03  1.35935639e+09 -7.94321075e-03 
 1.46779927e+09 -6.64351512e-03  1.46779927e+09 -7.33696281e-03 
 1.58489319e+09 -6.48625106e-03  1.58489319e+09 -6.77940027e-03 
 1.71132830e+09 -6.35092528e-03  1.71132830e+09 -6.26615106e-03 
 1.84784980e+09 -6.23452606e-03  1.84784980e+09 -5.79331855e-03 
 1.99526231e+09 -6.13444303e-03  1.99526231e+09 -5.35741690e-03 
 2.15443469e+09 -6.04841673e-03  2.15443469e+09 -4.95531680e-03 
 2.32630507e+09 -5.97449371e-03  2.32630507e+09 -4.58419980e-03 
 2.51188643e+09 -5.91098680e-03  2.51188643e+09 -4.24151968e-03 
 2.71227258e+09 -5.85644010e-03  2.71227258e+09 -3.92496977e-03 
 2.92864456e+09 -5.80959825e-03  2.92864456e+09 -3.63245502e-03 
 3.16227766e+09 -5.76937954e-03  3.16227766e+09 -3.36206828e-03 
 3.41454887e+09 -5.73485245e-03  3.41454887e+09 -3.11206974e-03 
 3.68694506e+09 -5.70521522e-03  3.68694506e+09 -2.88086935e-03 
 3.98107171e+09 -5.67977809e-03  3.98107171e+09 -2.66701147e-03 
 4.29866235e+09 -5.65794788e-03  4.29866235e+09 -2.46916155e-03 
 4.64158883e+09 -5.63921467e-03  4.64158883e+09 -2.28609446e-03 
 5.01187234e+09 -5.62314023e-03  5.01187234e+09 -2.11668423e-03 
 5.41169527e+09 -5.60934805e-03  5.41169527e+09 -1.95989494e-03 
 5.84341413e+09 -5.59751470e-03  5.84341413e+09 -1.81477271e-03 
 6.30957344e+09 -5.58736246e-03  6.30957344e+09 -1.68043852e-03 
 6.81292069e+09 -5.57865282e-03  6.81292069e+09 -1.55608174e-03 
 7.35642254e+09 -5.57118107e-03  7.35642254e+09 -1.44095446e-03 
 7.94328235e+09 -5.56477143e-03  7.94328235e+09 -1.33436619e-03 
 8.57695899e+09 -5.55927308e-03  8.57695899e+09 -1.23567924e-03 
 9.26118728e+09 -5.55455655e-03  9.26118728e+09 -1.14430441e-03 
 1.00000000e+10 -5.55051074e-03  1.00000000e+10 -1.05969718e-03 
