 1.00000000e+00  4.80810591e+04  1.00000000e+00 -2.12905539e+02 
 1.07977516e+00  4.80809027e+04  1.07977516e+00 -2.29889365e+02 
 1.16591440e+00  4.80807204e+04  1.16591440e+00 -2.48227885e+02 
 1.25892541e+00  4.80805078e+04  1.25892541e+00 -2.68029119e+02 
 1.35935639e+00  4.80802599e+04  1.35935639e+00 -2.89409694e+02 
 1.46779927e+00  4.80799709e+04  1.46779927e+00 -3.12495520e+02 
 1.58489319e+00  4.80796339e+04  1.58489319e+00 -3.37422537e+02 
 1.71132830e+00  4.80792410e+04  1.71132830e+00 -3.64337497e+02 
 1.84784980e+00  4.80787830e+04  1.84784980e+00 -3.93398832e+02 
 1.99526231e+00  4.80782490e+04  1.99526231e+00 -4.24777570e+02 
 2.15443469e+00  4.80776264e+04  2.15443469e+00 -4.58658330e+02 
 2.32630507e+00  4.80769005e+04  2.32630507e+00 -4.95240396e+02 
 2.51188643e+00  4.80760542e+04  2.51188643e+00 -5.34738866e+02 
 2.71227258e+00  4.80750675e+04  2.71227258e+00 -5.77385896e+02 
 2.92864456e+00  4.80739172e+04  2.92864456e+00 -6.23432032e+02 
 3.16227766e+00  4.80725761e+04  3.16227766e+00 -6.73147645e+02 
 3.41454887e+00  4.80710126e+04  3.41454887e+00 -7.26824468e+02 
 3.68694506e+00  4.80691898e+04  3.68694506e+00 -7.84777249e+02 
 3.98107171e+00  4.80670648e+04  3.98107171e+00 -8.47345521e+02 
 4.29866235e+00  4.80645874e+04  4.29866235e+00 -9.14895492e+02 
 4.64158883e+00  4.80616993e+04  4.64158883e+00 -9.87822070e+02 
 5.01187234e+00  4.80583325e+04  5.01187234e+00 -1.06655102e+03 
 5.41169527e+00  4.80544076e+04  5.41169527e+00 -1.15154125e+03 
 5.84341413e+00  4.80498324e+04  5.84341413e+00 -1.24328726e+03 
 6.30957344e+00  4.80444992e+04  6.30957344e+00 -1.34232169e+03 
 6.81292069e+00  4.80382826e+04  6.81292069e+00 -1.44921809e+03 
 7.35642254e+00  4.80310366e+04  7.35642254e+00 -1.56459366e+03 
 7.94328235e+00  4.80225912e+04  7.94328235e+00 -1.68911233e+03 
 8.57695899e+00  4.80127483e+04  8.57695899e+00 -1.82348772e+03 
 9.26118728e+00  4.80012774e+04  9.26118728e+00 -1.96848635e+03 
 1.00000000e+01  4.79879103e+04  1.00000000e+01 -2.12493077e+03 
 1.07977516e+01  4.79723347e+04  1.07977516e+01 -2.29370276e+03 
 1.16591440e+01  4.79541878e+04  1.16591440e+01 -2.47574641e+03 
 1.25892541e+01  4.79330472e+04  1.25892541e+01 -2.67207100e+03 
 1.35935639e+01  4.79084227e+04  1.35935639e+01 -2.88375370e+03 
 1.46779927e+01  4.78797446e+04  1.46779927e+01 -3.11194171e+03 
 1.58489319e+01  4.78463517e+04  1.58489319e+01 -3.35785389e+03 
 1.71132830e+01  4.78074771e+04  1.71132830e+01 -3.62278142e+03 
 1.84784980e+01  4.77622324e+04  1.84784980e+01 -3.90808737e+03 
 1.99526231e+01  4.77095890e+04  1.99526231e+01 -4.21520463e+03 
 2.15443469e+01  4.76483576e+04  2.15443469e+01 -4.54563190e+03 
 2.32630507e+01  4.75771651e+04  2.32630507e+01 -4.90092701e+03 
 2.51188643e+01  4.74944290e+04  2.51188643e+01 -5.28269685e+03 
 2.71227258e+01  4.73983283e+04  2.71227258e+01 -5.69258326e+03 
 2.92864456e+01  4.72867731e+04  2.92864456e+01 -6.13224353e+03 
 3.16227766e+01  4.71573703e+04  3.16227766e+01 -6.60332462e+03 
 3.41454887e+01  4.70073892e+04  3.41454887e+01 -7.10742942e+03 
 3.68694506e+01  4.68337242e+04  3.68694506e+01 -7.64607366e+03 
 3.98107171e+01  4.66328589e+04  3.98107171e+01 -8.22063164e+03 
 4.29866235e+01  4.64008317e+04  4.29866235e+01 -8.83226887e+03 
 4.64158883e+01  4.61332064e+04  4.64158883e+01 -9.48185984e+03 
 5.01187234e+01  4.58250501e+04  5.01187234e+01 -1.01698892e+04 
 5.41169527e+01  4.54709240e+04  5.41169527e+01 -1.08963348e+04 
 5.84341413e+01  4.50648921e+04  5.84341413e+01 -1.16605328e+04 
 6.30957344e+01  4.46005549e+04  6.30957344e+01 -1.24610240e+04 
 6.81292069e+01  4.40711158e+04  6.81292069e+01 -1.32953856e+04 
 7.35642254e+01  4.34694890e+04  7.35642254e+01 -1.41600526e+04 
 7.94328235e+01  4.27884584e+04  7.94328235e+01 -1.50501360e+04 
 8.57695899e+01  4.20208950e+04  8.57695899e+01 -1.59592529e+04 
 9.26118728e+01  4.11600391e+04  9.26118728e+01 -1.68793817e+04 
 1.00000000e+02  4.01998504e+04  1.00000000e+02 -1.78007671e+04 
 1.07977516e+02  3.91354185e+04  1.07977516e+02 -1.87118971e+04 
 1.16591440e+02  3.79634230e+04  1.16591440e+02 -1.95995815e+04 
 1.25892541e+02  3.66826166e+04  1.25892541e+02 -2.04491555e+04 
 1.35935639e+02  3.52942953e+04  1.35935639e+02 -2.12448306e+04 
 1.46779927e+02  3.38027082e+04  1.46779927e+02 -2.19701996e+04 
 1.58489319e+02  3.22153515e+04  1.58489319e+02 -2.26088876e+04 
 1.71132830e+02  3.05430918e+04  1.71132830e+02 -2.31453212e+04 
 1.84784980e+02  2.88000720e+04  1.84784980e+02 -2.35655607e+04 
 1.99526231e+02  2.70033726e+04  1.99526231e+02 -2.38581250e+04 
 2.15443469e+02  2.51724277e+04  2.15443469e+02 -2.40147255e+04 
 2.32630507e+02  2.33282293e+04  2.32630507e+02 -2.40308246e+04 
 2.51188643e+02  2.14923842e+04  2.51188643e+02 -2.39059516e+04 
 2.71227258e+02  1.96861108e+04  2.71227258e+02 -2.36437365e+04 
 2.92864456e+02  1.79292744e+04  2.92864456e+02 -2.32516555e+04 
 3.16227766e+02  1.62395509e+04  3.16227766e+02 -2.27405221e+04 
 3.41454887e+02  1.46317908e+04  3.41454887e+02 -2.21237872e+04 
 3.68694506e+02  1.31176234e+04  3.68694506e+02 -2.14167264e+04 
 3.98107171e+02  1.17053084e+04  3.98107171e+02 -2.06356030e+04 
 4.29866235e+02  1.03998134e+04  4.29866235e+02 -1.97968790e+04 
 4.64158883e+02  9.20307387e+03  4.64158883e+02 -1.89165337e+04 
 5.01187234e+02  8.11438164e+03  5.01187234e+02 -1.80095239e+04 
 5.41169527e+02  7.13084545e+03  5.41169527e+02 -1.70893986e+04 
 5.84341413e+02  6.24787514e+03  5.84341413e+02 -1.61680627e+04 
 6.30957344e+02  5.45964928e+03  6.30957344e+02 -1.52556726e+04 
 6.81292069e+02  4.75953903e+03  6.81292069e+02 -1.43606384e+04 
 7.35642254e+02  4.14047220e+03  7.35642254e+02 -1.34897048e+04 
 7.94328235e+02  3.59523108e+03  7.94328235e+02 -1.26480864e+04 
 8.57695899e+02  3.11668426e+03  8.57695899e+02 -1.18396339e+04 
 9.26118728e+02  2.69795812e+03  9.26118728e+02 -1.10670141e+04 
 1.00000000e+03  2.33255556e+03  1.00000000e+03 -1.03318902e+04 
 1.07977516e+03  2.01443112e+03  1.07977516e+03 -9.63509319e+03 
 1.16591440e+03  1.73803129e+03  1.16591440e+03 -8.97677860e+03 
 1.25892541e+03  1.49830828e+03  1.25892541e+03 -8.35656625e+03 
 1.35935639e+03  1.29071428e+03  1.35935639e+03 -7.77366109e+03 
 1.46779927e+03  1.11118208e+03  1.46779927e+03 -7.22695603e+03 
 1.58489319e+03  9.56096862e+02  1.58489319e+03 -6.71511790e+03 
 1.71132830e+03  8.22262723e+02  1.71132830e+03 -6.23665793e+03 
 1.84784980e+03  7.06866657e+02  1.84784980e+03 -5.78998892e+03 
 1.99526231e+03  6.07442032e+02  1.99526231e+03 -5.37347067e+03 
 2.15443469e+03  5.21832875e+02  2.15443469e+03 -4.98544570e+03 
 2.32630507e+03  4.48159898e+02  2.32630507e+03 -4.62426675e+03 
 2.51188643e+03  3.84788809e+02  2.51188643e+03 -4.28831753e+03 
 2.71227258e+03  3.30301202e+02  2.71227258e+03 -3.97602805e+03 
 2.92864456e+03  2.83468131e+02  2.92864456e+03 -3.68588546e+03 
 3.16227766e+03  2.43226351e+02  3.16227766e+03 -3.41644143e+03 
 3.41454887e+03  2.08657120e+02  3.41454887e+03 -3.16631676e+03 
 3.68694506e+03  1.78967406e+02  3.68694506e+03 -2.93420380e+03 
 3.98107171e+03  1.53473307e+02  3.98107171e+03 -2.71886729e+03 
 4.29866235e+03  1.31585494e+02  4.29866235e+03 -2.51914379e+03 
 4.64158883e+03  1.12796474e+02  4.64158883e+03 -2.33394039e+03 
 5.01187234e+03  9.66694743e+01  5.01187234e+03 -2.16223256e+03 
 5.41169527e+03  8.28287714e+01  5.41169527e+03 -2.00306162e+03 
 5.84341413e+03  7.09512947e+01  5.84341413e+03 -1.85553188e+03 
 6.30957344e+03  6.07593478e+01  6.30957344e+03 -1.71880758e+03 
 6.81292069e+03  5.20143088e+01  6.81292069e+03 -1.59210973e+03 
 7.35642254e+03  4.45111868e+01  7.35642254e+03 -1.47471293e+03 
 7.94328235e+03  3.80739221e+01  7.94328235e+03 -1.36594222e+03 
 8.57695899e+03  3.25513319e+01  8.57695899e+03 -1.26517003e+03 
 9.26118728e+03  2.78136174e+01  9.26118728e+03 -1.17181313e+03 
 1.00000000e+04  2.37493547e+01  1.00000000e+04 -1.08532980e+03 
 1.07977516e+04  2.02629055e+01  1.07977516e+04 -1.00521710e+03 
 1.16591440e+04  1.72721894e+01  1.16591440e+04 -9.31008235e+02 
 1.25892541e+04  1.47067679e+01  1.25892541e+04 -8.62270098e+02 
 1.35935639e+04  1.25061982e+01  1.35935639e+04 -7.98600954e+02 
 1.46779927e+04  1.06186182e+01  1.46779927e+04 -7.39628243e+02 
 1.58489319e+04  8.99953040e+00  1.58489319e+04 -6.85006531e+02 
 1.71132830e+04  7.61075861e+00  1.71132830e+04 -6.34415589e+02 
 1.84784980e+04  6.41955085e+00  1.84784980e+04 -5.87558592e+02 
 1.99526231e+04  5.39780986e+00  1.99526231e+04 -5.44160445e+02 
 2.15443469e+04  4.52143225e+00  2.15443469e+04 -5.03966220e+02 
 2.32630507e+04  3.76974137e+00  2.32630507e+04 -4.66739695e+02 
 2.51188643e+04  3.12500054e+00  2.51188643e+04 -4.32262000e+02 
 2.71227258e+04  2.57199527e+00  2.71227258e+04 -4.00330355e+02 
 2.92864456e+04  2.09767489e+00  2.92864456e+04 -3.70756898e+02 
 3.16227766e+04  1.69084489e+00  3.16227766e+04 -3.43367599e+02 
 3.41454887e+04  1.34190312e+00  3.41454887e+04 -3.18001241e+02 
 3.68694506e+04  1.04261330e+00  3.68694506e+04 -2.94508489e+02 
 3.98107171e+04  7.85910867e-01  3.98107171e+04 -2.72751014e+02 
 4.29866235e+04  5.65736262e-01  4.29866235e+04 -2.52600688e+02 
 4.64158883e+04  3.76892039e-01  4.64158883e+04 -2.33938833e+02 
 5.01187234e+04  2.14920221e-01  5.01187234e+04 -2.16655526e+02 
 5.41169527e+04  7.59971136e-02  5.41169527e+04 -2.00648954e+02 
 5.84341413e+04 -4.31569260e-02  5.84341413e+04 -1.85824819e+02 
 6.30957344e+04 -1.45354885e-01  6.30957344e+04 -1.72095784e+02 
 6.81292069e+04 -2.33009485e-01  6.81292069e+04 -1.59380959e+02 
 7.35642254e+04 -3.08190129e-01  7.35642254e+04 -1.47605424e+02 
 7.94328235e+04 -3.72671745e-01  7.94328235e+04 -1.36699794e+02 
 8.57695899e+04 -4.27976682e-01  8.57695899e+04 -1.26599805e+02 
 9.26118728e+04 -4.75410648e-01  9.26118728e+04 -1.17245940e+02 
 1.00000000e+05 -5.16093529e-01  1.00000000e+05 -1.08583077e+02 
 1.07977516e+05 -5.50985827e-01  1.07977516e+05 -1.00560164e+02 
 1.16591440e+05 -5.80911337e-01  1.16591440e+05 -9.31299209e+01 
 1.25892541e+05 -6.06576592e-01  1.25892541e+05 -8.62485588e+01 
 1.35935639e+05 -6.28587544e-01  1.35935639e+05 -7.98755232e+01 
 1.46779927e+05 -6.47463868e-01  1.46779927e+05 -7.39732548e+01 
 1.58489319e+05 -6.63651233e-01  1.58489319e+05 -6.85069683e+01 
 1.71132830e+05 -6.77531823e-01  1.71132830e+05 -6.34444478e+01 
 1.84784980e+05 -6.89433359e-01  1.84784980e+05 -5.87558568e+01 
 1.99526231e+05 -6.99636838e-01  1.99526231e+05 -5.44135623e+01 
 2.15443469e+05 -7.08383164e-01  2.15443469e+05 -5.03919721e+01 
 2.32630507e+05 -7.15878841e-01  2.32630507e+05 -4.66673841e+01 
 2.51188643e+05 -7.22300843e-01  2.51188643e+05 -4.32178466e+01 
 2.71227258e+05 -7.27800795e-01  2.71227258e+05 -4.00230288e+01 
 2.92864456e+05 -7.32508554e-01  2.92864456e+05 -3.70641013e+01 
 3.16227766e+05 -7.36535272e-01  3.16227766e+05 -3.43236247e+01 
 3.41454887e+05 -7.39976023e-01  3.41454887e+05 -3.17854472e+01 
 3.68694506e+05 -7.42912048e-01  3.68694506e+05 -2.94346093e+01 
 3.98107171e+05 -7.45412669e-01  3.98107171e+05 -2.72572557e+01 
 4.29866235e+05 -7.47536934e-01  4.29866235e+05 -2.52405535e+01 
 4.64158883e+05 -7.49335003e-01  4.64158883e+05 -2.33726168e+01 
 5.01187234e+05 -7.50849340e-01  5.01187234e+05 -2.16424363e+01 
 5.41169527e+05 -7.52115712e-01  5.41169527e+05 -2.00398148e+01 
 5.84341413e+05 -7.53164037e-01  5.84341413e+05 -1.85553070e+01 
 6.30957344e+05 -7.54019091e-01  6.30957344e+05 -1.71801638e+01 
 6.81292069e+05 -7.54701096e-01  6.81292069e+05 -1.59062806e+01 
 7.35642254e+05 -7.55226201e-01  7.35642254e+05 -1.47261499e+01 
 7.94328235e+05 -7.55606867e-01  7.94328235e+05 -1.36328170e+01 
 8.57695899e+05 -7.55852165e-01  8.57695899e+05 -1.26198387e+01 
 9.26118728e+05 -7.55968003e-01  9.26118728e+05 -1.16812457e+01 
 1.00000000e+06 -7.55957274e-01  1.00000000e+06 -1.08115075e+01 
 1.07977516e+06 -7.55819935e-01  1.07977516e+06 -1.00054997e+01 
 1.16591440e+06 -7.55553033e-01  1.16591440e+06 -9.25847404e+00 
 1.25892541e+06 -7.55150658e-01  1.25892541e+06 -8.56603038e+00 
 1.35935639e+06 -7.54603838e-01  1.35935639e+06 -7.92409100e+00 
 1.46779927e+06 -7.53900381e-01  1.46779927e+06 -7.32887673e+00 
 1.58489319e+06 -7.53024648e-01  1.58489319e+06 -6.77688491e+00 
 1.71132830e+06 -7.51957276e-01  1.71132830e+06 -6.26486896e+00 
 1.84784980e+06 -7.50674838e-01  1.84784980e+06 -5.78981962e+00 
 1.99526231e+06 -7.49149450e-01  1.99526231e+06 -5.34894764e+00 
 2.15443469e+06 -7.47348325e-01  2.15443469e+06 -4.93966781e+00 
 2.32630507e+06 -7.45233286e-01  2.32630507e+06 -4.55958433e+00 
 2.51188643e+06 -7.42760243e-01  2.51188643e+06 -4.20647750e+00 
 2.71227258e+06 -7.39878650e-01  2.71227258e+06 -3.87829146e+00 
 2.92864456e+06 -7.36530981e-01  2.92864456e+06 -3.57312324e+00 
 3.16227766e+06 -7.32652234e-01  3.16227766e+06 -3.28921276e+00 
 3.41454887e+06 -7.28169539e-01  3.41454887e+06 -3.02493402e+00 
 3.68694506e+06 -7.23001903e-01  3.68694506e+06 -2.77878726e+00 
 3.98107171e+06 -7.17060197e-01  3.98107171e+06 -2.54939211e+00 
 4.29866235e+06 -7.10247461e-01  4.29866235e+06 -2.33548173e+00 
 4.64158883e+06 -7.02459663e-01  4.64158883e+06 -2.13589779e+00 
 5.01187234e+06 -6.93587027e-01  5.01187234e+06 -1.94958621e+00 
 5.41169527e+06 -6.83516090e-01  5.41169527e+06 -1.77559359e+00 
 5.84341413e+06 -6.72132613e-01  5.84341413e+06 -1.61306400e+00 
 6.30957344e+06 -6.59325484e-01  6.30957344e+06 -1.46123602e+00 
 6.81292069e+06 -6.44991661e-01  6.81292069e+06 -1.31943959e+00 
 7.35642254e+06 -6.29042171e-01  7.35642254e+06 -1.18709230e+00 
 7.94328235e+06 -6.11409011e-01  7.94328235e+06 -1.06369472e+00 
 8.57695899e+06 -5.92052682e-01  8.57695899e+06 -9.48824273e-01 
 9.26118728e+06 -5.70969862e-01  9.26118728e+06 -8.42127200e-01 
 1.00000000e+07 -5.48200576e-01  1.00000000e+07 -7.43308482e-01 
 1.07977516e+07 -5.23834033e-01  1.07977516e+07 -6.52119512e-01 
 1.16591440e+07 -4.98012249e-01  1.16591440e+07 -5.68343871e-01 
 1.25892541e+07 -4.70930618e-01  1.25892541e+07 -4.91781769e-01 
 1.35935639e+07 -4.42834786e-01  1.35935639e+07 -4.22234127e-01 
 1.46779927e+07 -4.14013579e-01  1.46779927e+07 -3.59487530e-01 
 1.58489319e+07 -3.84788199e-01  1.58489319e+07 -3.03301390e-01 
 1.71132830e+07 -3.55498425e-01  1.71132830e+07 -2.53398546e-01 
 1.84784980e+07 -3.26487042e-01  1.84784980e+07 -2.09460212e-01 
 1.99526231e+07 -2.98083964e-01  1.99526231e+07 -1.71125666e-01 
 2.15443469e+07 -2.70591616e-01  2.15443469e+07 -1.37996475e-01 
 2.32630507e+07 -2.44272890e-01  2.32630507e+07 -1.09644517e-01 
 2.51188643e+07 -2.19342618e-01  2.51188643e+07 -8.56226393e-02 
 2.71227258e+07 -1.95962975e-01  2.71227258e+07 -6.54765974e-02 
 2.92864456e+07 -1.74242720e-01  2.92864456e+07 -4.87569709e-02 
 3.16227766e+07 -1.54239767e-01  3.16227766e+07 -3.50299487e-02 
 3.41454887e+07 -1.35966291e-01  3.41454887e+07 -2.38862172e-02 
 3.68694506e+07 -1.19395503e-01  3.68694506e+07 -1.49475451e-02 
 3.98107171e+07 -1.04469218e-01  3.98107171e+07 -7.87098642e-03 
 4.29866235e+07 -9.11055027e-02  4.29866235e+07 -2.35087602e-03 
 4.64158883e+07 -7.92058544e-02  4.64158883e+07  1.88104290e-03 
 5.01187234e+07 -6.86615537e-02  5.01187234e+07  5.05694619e-03 
 5.41169527e+07 -5.93590041e-02  5.41169527e+07  7.37528743e-03 
 5.84341413e+07 -5.11840097e-02  5.84341413e+07  9.00380336e-03 
 6.30957344e+07 -4.40250321e-02  6.30957344e+07  1.00828443e-02 
 6.81292069e+07 -3.77755342e-02  6.81292069e+07  1.07287804e-02 
 7.35642254e+07 -3.23355446e-02  7.35642254e+07  1.10373053e-02 
 7.94328235e+07 -2.76125860e-02  7.94328235e+07  1.10865183e-02 
 8.57695899e+07 -2.35221059e-02  8.57695899e+07  1.09397170e-02 
 9.26118728e+07 -1.99875316e-02  9.26118728e+07  1.06478685e-02 
 1.00000000e+08 -1.69400569e-02  1.00000000e+08  1.02517554e-02 
 1.07977516e+08 -1.43182449e-02  1.07977516e+08  9.78380804e-03 
 1.16591440e+08 -1.20675174e-02  1.16591440e+08  9.26964748e-03 
 1.25892541e+08 -1.01395836e-02  1.25892541e+08  8.72936867e-03 
 1.35935639e+08 -8.49184911e-03  1.35935639e+08  8.17859537e-03 
 1.46779927e+08 -7.08683379e-03  1.46779927e+08  7.62933941e-03 
 1.58489319e+08 -5.89161931e-03  1.58489319e+08  7.09069546e-03 
 1.71132830e+08 -4.87733882e-03  1.71132830e+08  6.56940040e-03 
 1.84784980e+08 -4.01871545e-03  1.84784980e+08  6.07028376e-03 
 1.99526231e+08 -3.29365124e-03  1.99526231e+08  5.59663234e-03 
 2.15443469e+08 -2.68286424e-03  2.15443469e+08  5.15048846e-03 
 2.32630507e+08 -2.16956911e-03  2.32630507e+08  4.73289742e-03 
 2.51188643e+08 -1.73919512e-03  2.51188643e+08  4.34411555e-03 
 2.71227258e+08 -1.37913524e-03  2.71227258e+08  3.98378694e-03 
 2.92864456e+08 -1.07852075e-03  2.92864456e+08  3.65109404e-03 
 3.16227766e+08 -8.28017145e-04  3.16227766e+08  3.34488522e-03 
 3.41454887e+08 -6.19638156e-04  3.41454887e+08  3.06378122e-03 
 3.68694506e+08 -4.46576505e-04  3.68694506e+08  2.80626218e-03 
 3.98107171e+08 -3.03050332e-04  3.98107171e+08  2.57073684e-03 
 4.29866235e+08 -1.84164989e-04  4.29866235e+08  2.35559595e-03 
 4.64158883e+08 -8.57898026e-05  4.64158883e+08  2.15925203e-03 
 5.01187234e+08 -4.44922982e-06  5.01187234e+08  1.98016795e-03 
 5.41169527e+08  6.27724742e-05  5.41169527e+08  1.81687663e-03 
 5.84341413e+08  1.18314216e-04  5.84341413e+08  1.66799380e-03 
 6.30957344e+08  1.64209940e-04  6.30957344e+08  1.53222556e-03 
 6.81292069e+08  2.02150733e-04  6.81292069e+08  1.40837210e-03 
 7.35642254e+08  2.33538402e-04  7.35642254e+08  1.29532839e-03 
 7.94328235e+08  2.59531607e-04  7.94328235e+08  1.19208270e-03 
 8.57695899e+08  2.81085503e-04  8.57695899e+08  1.09771350e-03 
 9.26118728e+08  2.98985667e-04  9.26118728e+08  1.01138499e-03 
 1.00000000e+09  3.13877015e-04  1.00000000e+09  9.32341824e-04 
 1.07977516e+09  3.26288278e-04  1.07977516e+09  8.59903304e-04 
 1.16591440e+09  3.36652612e-04  1.16591440e+09  7.93457202e-04 
 1.25892541e+09  3.45324802e-04  1.25892541e+09  7.32453592e-04 
 1.35935639e+09  3.52595552e-04  1.35935639e+09  6.76398801e-04 
 1.46779927e+09  3.58703268e-04  1.46779927e+09  6.24849651e-04 
 1.58489319e+09  3.63843723e-04  1.58489319e+09  5.77408071e-04 
 1.71132830e+09  3.68177953e-04  1.71132830e+09  5.33716160e-04 
 1.84784980e+09  3.71838680e-04  1.84784980e+09  4.93451702e-04 
 1.99526231e+09  3.74935534e-04  1.99526231e+09  4.56324154e-04 
 2.15443469e+09  3.77559281e-04  2.15443469e+09  4.22071075e-04 
 2.32630507e+09  3.79785253e-04  2.32630507e+09  3.90454965e-04 
 2.51188643e+09  3.81676128e-04  2.51188643e+09  3.61260496e-04 
 2.71227258e+09  3.83284182e-04  2.71227258e+09  3.34292073e-04 
 2.92864456e+09  3.84653125e-04  2.92864456e+09  3.09371699e-04 
 3.16227766e+09  3.85819587e-04  3.16227766e+09  2.86337110e-04 
 3.41454887e+09  3.86814337e-04  3.41454887e+09  2.65040140e-04 
 3.68694506e+09  3.87663274e-04  3.68694506e+09  2.45345288e-04 
 3.98107171e+09  3.88388239e-04  3.98107171e+09  2.27128455e-04 
 4.29866235e+09  3.89007690e-04  4.29866235e+09  2.10275841e-04 
 4.64158883e+09  3.89537251e-04  4.64158883e+09  1.94682965e-04 
 5.01187234e+09  3.89990163e-04  5.01187234e+09  1.80253799e-04 
 5.41169527e+09  3.90377669e-04  5.41169527e+09  1.66900001e-04 
 5.84341413e+09  3.90709327e-04  5.84341413e+09  1.54540230e-04 
 6.30957344e+09  3.90993266e-04  6.30957344e+09  1.43099537e-04 
 6.81292069e+09  3.91236415e-04  6.81292069e+09  1.32508813e-04 
 7.35642254e+09  3.91444679e-04  7.35642254e+09  1.22704300e-04 
 7.94328235e+09  3.91623096e-04  7.94328235e+09  1.13627146e-04 
 8.57695899e+09  3.91775969e-04  8.57695899e+09  1.05223001e-04 
 9.26118728e+09  3.91906973e-04  9.26118728e+09  9.74416569e-05 
 1.00000000e+10  3.92019251e-04  1.00000000e+10  9.02367128e-05 
