 1.00000000e+00  3.13890418e+02  1.00000000e+00 -3.16428513e-03 
 1.07977516e+00  3.13890418e+02  1.07977516e+00 -3.41671649e-03 
 1.16591440e+00  3.13890418e+02  1.16591440e+00 -3.68928560e-03 
 1.25892541e+00  3.13890418e+02  1.25892541e+00 -3.98359896e-03 
 1.35935639e+00  3.13890418e+02  1.35935639e+00 -4.30139121e-03 
 1.46779927e+00  3.13890418e+02  1.46779927e+00 -4.64453539e-03 
 1.58489319e+00  3.13890418e+02  1.58489319e+00 -5.01505396e-03 
 1.71132830e+00  3.13890418e+02  1.71132830e+00 -5.41513070e-03 
 1.84784980e+00  3.13890418e+02  1.84784980e+00 -5.84712363e-03 
 1.99526231e+00  3.13890418e+02  1.99526231e+00 -6.31357886e-03 
 2.15443469e+00  3.13890418e+02  2.15443469e+00 -6.81724564e-03 
 2.32630507e+00  3.13890418e+02  2.32630507e+00 -7.36109252e-03 
 2.51188643e+00  3.13890418e+02  2.51188643e+00 -7.94832487e-03 
 2.71227258e+00  3.13890417e+02  2.71227258e+00 -8.58240378e-03 
 2.92864456e+00  3.13890417e+02  2.92864456e+00 -9.26706643e-03 
 3.16227766e+00  3.13890417e+02  3.16227766e+00 -1.00063482e-02 
 3.41454887e+00  3.13890417e+02  3.41454887e+00 -1.08046062e-02 
 3.68694506e+00  3.13890417e+02  3.68694506e+00 -1.16665454e-02 
 3.98107171e+00  3.13890417e+02  3.98107171e+00 -1.25972460e-02 
 4.29866235e+00  3.13890417e+02  4.29866235e+00 -1.36021933e-02 
 4.64158883e+00  3.13890417e+02  4.64158883e+00 -1.46873105e-02 
 5.01187234e+00  3.13890417e+02  5.01187234e+00 -1.58589931e-02 
 5.41169527e+00  3.13890417e+02  5.41169527e+00 -1.71241468e-02 
 5.84341413e+00  3.13890417e+02  5.84341413e+00 -1.84902284e-02 
 6.30957344e+00  3.13890416e+02  6.30957344e+00 -1.99652893e-02 
 6.81292069e+00  3.13890416e+02  6.81292069e+00 -2.15580235e-02 
 7.35642254e+00  3.13890416e+02  7.35642254e+00 -2.32778183e-02 
 7.94328235e+00  3.13890416e+02  7.94328235e+00 -2.51348100e-02 
 8.57695899e+00  3.13890415e+02  8.57695899e+00 -2.71399436e-02 
 9.26118728e+00  3.13890415e+02  9.26118728e+00 -2.93050369e-02 
 1.00000000e+01  3.13890415e+02  1.00000000e+01 -3.16428509e-02 
 1.07977516e+01  3.13890414e+02  1.07977516e+01 -3.41671645e-02 
 1.16591440e+01  3.13890413e+02  1.16591440e+01 -3.68928555e-02 
 1.25892541e+01  3.13890413e+02  1.25892541e+01 -3.98359889e-02 
 1.35935639e+01  3.13890412e+02  1.35935639e+01 -4.30139113e-02 
 1.46779927e+01  3.13890411e+02  1.46779927e+01 -4.64453529e-02 
 1.58489319e+01  3.13890410e+02  1.58489319e+01 -5.01505383e-02 
 1.71132830e+01  3.13890408e+02  1.71132830e+01 -5.41513054e-02 
 1.84784980e+01  3.13890407e+02  1.84784980e+01 -5.84712343e-02 
 1.99526231e+01  3.13890405e+02  1.99526231e+01 -6.31357861e-02 
 2.15443469e+01  3.13890403e+02  2.15443469e+01 -6.81724533e-02 
 2.32630507e+01  3.13890400e+02  2.32630507e+01 -7.36109212e-02 
 2.51188643e+01  3.13890398e+02  2.51188643e+01 -7.94832437e-02 
 2.71227258e+01  3.13890394e+02  2.71227258e+01 -8.58240314e-02 
 2.92864456e+01  3.13890390e+02  2.92864456e+01 -9.26706563e-02 
 3.16227766e+01  3.13890386e+02  3.16227766e+01 -1.00063472e-01 
 3.41454887e+01  3.13890381e+02  3.41454887e+01 -1.08046049e-01 
 3.68694506e+01  3.13890374e+02  3.68694506e+01 -1.16665438e-01 
 3.98107171e+01  3.13890367e+02  3.98107171e+01 -1.25972440e-01 
 4.29866235e+01  3.13890359e+02  4.29866235e+01 -1.36021908e-01 
 4.64158883e+01  3.13890349e+02  4.64158883e+01 -1.46873073e-01 
 5.01187234e+01  3.13890338e+02  5.01187234e+01 -1.58589890e-01 
 5.41169527e+01  3.13890324e+02  5.41169527e+01 -1.71241418e-01 
 5.84341413e+01  3.13890309e+02  5.84341413e+01 -1.84902220e-01 
 6.30957344e+01  3.13890291e+02  6.30957344e+01 -1.99652813e-01 
 6.81292069e+01  3.13890270e+02  6.81292069e+01 -2.15580135e-01 
 7.35642254e+01  3.13890245e+02  7.35642254e+01 -2.32778057e-01 
 7.94328235e+01  3.13890217e+02  7.94328235e+01 -2.51347941e-01 
 8.57695899e+01  3.13890183e+02  8.57695899e+01 -2.71399235e-01 
 9.26118728e+01  3.13890144e+02  9.26118728e+01 -2.93050117e-01 
 1.00000000e+02  3.13890099e+02  1.00000000e+02 -3.16428192e-01 
 1.07977516e+02  3.13890046e+02  1.07977516e+02 -3.41671245e-01 
 1.16591440e+02  3.13889984e+02  1.16591440e+02 -3.68928051e-01 
 1.25892541e+02  3.13889913e+02  1.25892541e+02 -3.98359255e-01 
 1.35935639e+02  3.13889829e+02  1.35935639e+02 -4.30138315e-01 
 1.46779927e+02  3.13889731e+02  1.46779927e+02 -4.64452524e-01 
 1.58489319e+02  3.13889617e+02  1.58489319e+02 -5.01504118e-01 
 1.71132830e+02  3.13889484e+02  1.71132830e+02 -5.41511461e-01 
 1.84784980e+02  3.13889329e+02  1.84784980e+02 -5.84710338e-01 
 1.99526231e+02  3.13889149e+02  1.99526231e+02 -6.31355337e-01 
 2.15443469e+02  3.13888938e+02  2.15443469e+02 -6.81721354e-01 
 2.32630507e+02  3.13888693e+02  2.32630507e+02 -7.36105211e-01 
 2.51188643e+02  3.13888407e+02  2.51188643e+02 -7.94827400e-01 
 2.71227258e+02  3.13888073e+02  2.71227258e+02 -8.58233973e-01 
 2.92864456e+02  3.13887684e+02  2.92864456e+02 -9.26698580e-01 
 3.16227766e+02  3.13887231e+02  3.16227766e+02 -1.00062467e+00 
 3.41454887e+02  3.13886702e+02  3.41454887e+02 -1.08044784e+00 
 3.68694506e+02  3.13886085e+02  3.68694506e+02 -1.16663845e+00 
 3.98107171e+02  3.13885366e+02  3.98107171e+02 -1.25970434e+00 
 4.29866235e+02  3.13884528e+02  4.29866235e+02 -1.36019383e+00 
 4.64158883e+02  3.13883551e+02  4.64158883e+02 -1.46869895e+00 
 5.01187234e+02  3.13882412e+02  5.01187234e+02 -1.58585890e+00 
 5.41169527e+02  3.13881084e+02  5.41169527e+02 -1.71236381e+00 
 5.84341413e+02  3.13879535e+02  5.84341413e+02 -1.84895879e+00 
 6.30957344e+02  3.13877730e+02  6.30957344e+02 -1.99644831e+00 
 6.81292069e+02  3.13875625e+02  6.81292069e+02 -2.15570085e+00 
 7.35642254e+02  3.13873171e+02  7.35642254e+02 -2.32765405e+00 
 7.94328235e+02  3.13870309e+02  7.94328235e+02 -2.51332013e+00 
 8.57695899e+02  3.13866973e+02  8.57695899e+02 -2.71379184e+00 
 9.26118728e+02  3.13863084e+02  9.26118728e+02 -2.93024874e+00 
 1.00000000e+03  3.13858549e+02  1.00000000e+03 -3.16396413e+00 
 1.07977516e+03  3.13853262e+02  1.07977516e+03 -3.41631238e+00 
 1.16591440e+03  3.13847098e+02  1.16591440e+03 -3.68877687e+00 
 1.25892541e+03  3.13839912e+02  1.25892541e+03 -3.98295853e+00 
 1.35935639e+03  3.13831534e+02  1.35935639e+03 -4.30058498e+00 
 1.46779927e+03  3.13821767e+02  1.46779927e+03 -4.64352044e+00 
 1.58489319e+03  3.13810379e+02  1.58489319e+03 -5.01377625e+00 
 1.71132830e+03  3.13797104e+02  1.71132830e+03 -5.41352223e+00 
 1.84784980e+03  3.13781627e+02  1.84784980e+03 -5.84509878e+00 
 1.99526231e+03  3.13763584e+02  1.99526231e+03 -6.31102988e+00 
 2.15443469e+03  3.13742551e+02  2.15443469e+03 -6.81403688e+00 
 2.32630507e+03  3.13718031e+02  2.32630507e+03 -7.35705324e+00 
 2.51188643e+03  3.13689448e+02  2.51188643e+03 -7.94324019e+00 
 2.71227258e+03  3.13656129e+02  2.71227258e+03 -8.57600322e+00 
 2.92864456e+03  3.13617291e+02  2.92864456e+03 -9.25900960e+00 
 3.16227766e+03  3.13572021e+02  3.16227766e+03 -9.99620667e+00 
 3.41454887e+03  3.13519257e+02  3.41454887e+03 -1.07918410e+01 
 3.68694506e+03  3.13457760e+02  3.68694506e+03 -1.16504781e+01 
 3.98107171e+03  3.13386092e+02  3.98107171e+03 -1.25770230e+01 
 4.29866235e+03  3.13302573e+02  4.29866235e+03 -1.35767409e+01 
 4.64158883e+03  3.13205254e+02  4.64158883e+03 -1.46552778e+01 
 5.01187234e+03  3.13091864e+02  5.01187234e+03 -1.58186808e+01 
 5.41169527e+03  3.12959765e+02  5.41169527e+03 -1.70734181e+01 
 5.84341413e+03  3.12805890e+02  5.84341413e+03 -1.84263961e+01 
 6.30957344e+03  3.12626675e+02  6.30957344e+03 -1.98849753e+01 
 6.81292069e+03  3.12417985e+02  6.81292069e+03 -2.14569816e+01 
 7.35642254e+03  3.12175021e+02  7.35642254e+03 -2.31507129e+01 
 7.94328235e+03  3.11892222e+02  7.94328235e+03 -2.49749386e+01 
 8.57695899e+03  3.11563148e+02  8.57695899e+03 -2.69388896e+01 
 9.26118728e+03  3.11180352e+02  9.26118728e+03 -2.90522357e+01 
 1.00000000e+04  3.10735229e+02  1.00000000e+04 -3.13250479e+01 
 1.07977516e+04  3.10217857e+02  1.07977516e+04 -3.37677397e+01 
 1.16591440e+04  3.09616816e+02  1.16591440e+04 -3.63909829e+01 
 1.25892541e+04  3.08918984e+02  1.25892541e+04 -3.92055916e+01 
 1.35935639e+04  3.08109330e+02  1.35935639e+04 -4.22223663e+01 
 1.46779927e+04  3.07170681e+02  1.46779927e+04 -4.54518901e+01 
 1.58489319e+04  3.06083486e+02  1.58489319e+04 -4.89042656e+01 
 1.71132830e+04  3.04825579e+02  1.71132830e+04 -5.25887834e+01 
 1.84784980e+04  3.03371948e+02  1.84784980e+04 -5.65135081e+01 
 1.99526231e+04  3.01694532e+02  1.99526231e+04 -6.06847706e+01 
 2.15443469e+04  2.99762060e+02  2.15443469e+04 -6.51065551e+01 
 2.32630507e+04  2.97539963e+02  2.32630507e+04 -6.97797707e+01 
 2.51188643e+04  2.94990392e+02  2.51188643e+04 -7.47014030e+01 
 2.71227258e+04  2.92072386e+02  2.71227258e+04 -7.98635464e+01 
 2.92864456e+04  2.88742236e+02  2.92864456e+04 -8.52523300e+01 
 3.16227766e+04  2.84954109e+02  3.16227766e+04 -9.08467640e+01 
 3.41454887e+04  2.80660976e+02  3.41454887e+04 -9.66175541e+01 
 3.68694506e+04  2.75815921e+02  3.68694506e+04 -1.02525956e+02 
 3.98107171e+04  2.70373857e+02  3.98107171e+04 -1.08522770e+02 
 4.29866235e+04  2.64293686e+02  4.29866235e+04 -1.14547607e+02 
 4.64158883e+04  2.57540868e+02  4.64158883e+04 -1.20528586e+02 
 5.01187234e+04  2.50090351e+02  5.01187234e+04 -1.26382633e+02 
 5.41169527e+04  2.41929700e+02  5.41169527e+04 -1.32016556e+02 
 5.84341413e+04  2.33062227e+02  5.84341413e+04 -1.37329049e+02 
 6.30957344e+04  2.23509817e+02  6.30957344e+04 -1.42213694e+02 
 6.81292069e+04  2.13315110e+02  6.81292069e+04 -1.46562952e+02 
 7.35642254e+04  2.02542663e+02  7.35642254e+04 -1.50272990e+02 
 7.94328235e+04  1.91278783e+02  7.94328235e+04 -1.53249043e+02 
 8.57695899e+04  1.79629785e+02  8.57695899e+04 -1.55410871e+02 
 9.26118728e+04  1.67718634e+02  9.26118728e+04 -1.56697787e+02 
 1.00000000e+05  1.55680112e+02  1.00000000e+05 -1.57072692e+02 
 1.07977516e+05  1.43654888e+02  1.07977516e+05 -1.56524640e+02 
 1.16591440e+05  1.31783012e+02  1.16591440e+05 -1.55069608e+02 
 1.25892541e+05  1.20197473e+02  1.25892541e+05 -1.52749377e+02 
 1.35935639e+05  1.09018431e+02  1.35935639e+05 -1.49628653e+02 
 1.46779927e+05  9.83486494e+01  1.46779927e+05 -1.45790812e+02 
 1.58489319e+05  8.82704287e+01  1.58489319e+05 -1.41332743e+02 
 1.71132830e+05  7.88441761e+01  1.71132830e+05 -1.36359373e+02 
 1.84784980e+05  7.01085043e+01  1.84784980e+05 -1.30978378e+02 
 1.99526231e+05  6.20816157e+01  1.99526231e+05 -1.25295489e+02 
 2.15443469e+05  5.47636328e+01  2.15443469e+05 -1.19410686e+02 
 2.32630507e+05  4.81395070e+01  2.32630507e+05 -1.13415381e+02 
 2.51188643e+05  4.21821665e+01  2.51188643e+05 -1.07390601e+02 
 2.71227258e+05  3.68556251e+01  2.71227258e+05 -1.01406067e+02 
 2.92864456e+05  3.21178493e+01  2.92864456e+05 -9.55200262e+01 
 3.16227766e+05  2.79232577e+01  3.16227766e+05 -8.97796460e+01 
 3.41454887e+05  2.42247951e+01  3.41454887e+05 -8.42218113e+01 
 3.68694506e+05  2.09755703e+01  3.68694506e+05 -7.88741647e+01 
 3.98107171e+05  1.81300870e+01  3.98107171e+05 -7.37562668e+01 
 4.29866235e+05  1.56451148e+01  4.29866235e+05 -6.88807804e+01 
 4.64158883e+05  1.34802563e+01  4.64158883e+05 -6.42546118e+01 
 5.01187234e+05  1.15982720e+01  5.01187234e+05 -5.98799669e+01 
 5.41169527e+05  9.96521512e+00  5.41169527e+05 -5.57552965e+01 
 5.84341413e+05  8.55042734e+00  5.84341413e+05 -5.18761225e+01 
 6.30957344e+05  7.32643464e+00  6.30957344e+05 -4.82357437e+01 
 6.81292069e+05  6.26877714e+00  6.81292069e+05 -4.48258284e+01 
 7.35642254e+05  5.35579824e+00  7.35642254e+05 -4.16369035e+01 
 7.94328235e+05  4.56841268e+00  7.94328235e+05 -3.86587517e+01 
 8.57695899e+05  3.88986779e+00  8.57695899e+05 -3.58807298e+01 
 9.26118728e+05  3.30550789e+00  9.26118728e+05 -3.32920195e+01 
 1.00000000e+06  2.80254848e+00  1.00000000e+06 -3.08818215e+01 
 1.07977516e+06  2.36986461e+00  1.07977516e+06 -2.86395033e+01 
 1.16591440e+06  1.99779563e+00  1.16591440e+06 -2.65547087e+01 
 1.25892541e+06  1.67796743e+00  1.25892541e+06 -2.46174366e+01 
 1.35935639e+06  1.40313213e+00  1.35935639e+06 -2.28180954e+01 
 1.46779927e+06  1.16702481e+00  1.46779927e+06 -2.11475378e+01 
 1.58489319e+06  9.64236263e-01  1.58489319e+06 -1.95970804e+01 
 1.71132830e+06  7.90100572e-01  1.71132830e+06 -1.81585121e+01 
 1.84784980e+06  6.40596299e-01  1.84784980e+06 -1.68240924e+01 
 1.99526231e+06  5.12259915e-01  1.99526231e+06 -1.55865448e+01 
 2.15443469e+06  4.02110230e-01  2.15443469e+06 -1.44390435e+01 
 2.32630507e+06  3.07582581e-01  2.32630507e+06 -1.33751979e+01 
 2.51188643e+06  2.26471661e-01  2.51188643e+06 -1.23890345e+01 
 2.71227258e+06  1.56881944e-01  2.71227258e+06 -1.14749768e+01 
 2.92864456e+06  9.71847741e-02  2.92864456e+06 -1.06278251e+01 
 3.16227766e+06  4.59812613e-02  3.16227766e+06 -9.84273572e+00 
 3.41454887e+06  2.07025726e-03  3.41454887e+06 -9.11520019e+00 
 3.68694506e+06 -3.55792711e-02  3.68694506e+06 -8.44102497e+00 
 3.98107171e+06 -6.78520435e-02  3.98107171e+06 -7.81631175e+00 
 4.29866235e+06 -9.55069579e-02  4.29866235e+06 -7.23743844e+00 
 4.64158883e+06 -1.19194717e-01  4.64158883e+06 -6.70104100e+00 
 5.01187234e+06 -1.39472980e-01  5.01187234e+06 -6.20399612e+00 
 5.41169527e+06 -1.56819376e-01  5.41169527e+06 -5.74340487e+00 
 5.84341413e+06 -1.71642671e-01  5.84341413e+06 -5.31657720e+00 
 6.30957344e+06 -1.84292344e-01  6.30957344e+06 -4.92101743e+00 
 6.81292069e+06 -1.95066795e-01  6.81292069e+06 -4.55441054e+00 
 7.35642254e+06 -2.04220354e-01  7.35642254e+06 -4.21460945e+00 
 7.94328235e+06 -2.11969293e-01  7.94328235e+06 -3.89962307e+00 
 8.57695899e+06 -2.18496932e-01  8.57695899e+06 -3.60760513e+00 
 9.26118728e+06 -2.23958008e-01  9.26118728e+06 -3.33684392e+00 
 1.00000000e+07 -2.28482381e-01  1.00000000e+07 -3.08575257e+00 
 1.07977516e+07 -2.32178176e-01  1.07977516e+07 -2.85286025e+00 
 1.16591440e+07 -2.35134455e-01  1.16591440e+07 -2.63680388e+00 
 1.25892541e+07 -2.37423473e-01  1.25892541e+07 -2.43632058e+00 
 1.35935639e+07 -2.39102588e-01  1.35935639e+07 -2.25024066e+00 
 1.46779927e+07 -2.40215893e-01  1.46779927e+07 -2.07748131e+00 
 1.58489319e+07 -2.40795617e-01  1.58489319e+07 -1.91704073e+00 
 1.71132830e+07 -2.40863356e-01  1.71132830e+07 -1.76799287e+00 
 1.84784980e+07 -2.40431185e-01  1.84784980e+07 -1.62948272e+00 
 1.99526231e+07 -2.39502720e-01  1.99526231e+07 -1.50072197e+00 
 2.15443469e+07 -2.38074176e-01  2.15443469e+07 -1.38098526e+00 
 2.32630507e+07 -2.36135498e-01  2.32630507e+07 -1.26960676e+00 
 2.51188643e+07 -2.33671616e-01  2.51188643e+07 -1.16597710e+00 
 2.71227258e+07 -2.30663902e-01  2.71227258e+07 -1.06954066e+00 
 2.92864456e+07 -2.27091859e-01  2.92864456e+07 -9.79792978e-01 
 3.16227766e+07 -2.22935102e-01  3.16227766e+07 -8.96278280e-01 
 3.41454887e+07 -2.18175624e-01  3.41454887e+07 -8.18586924e-01 
 3.68694506e+07 -2.12800331e-01  3.68694506e+07 -7.46352658e-01 
 3.98107171e+07 -2.06803751e-01  3.98107171e+07 -6.79249492e-01 
 4.29866235e+07 -2.00190778e-01  4.29866235e+07 -6.16988071e-01 
 4.64158883e+07 -1.92979261e-01  4.64158883e+07 -5.59311418e-01 
 5.01187234e+07 -1.85202146e-01  5.01187234e+07 -5.05990038e-01 
 5.41169527e+07 -1.76908916e-01  5.41169527e+07 -4.56816433e-01 
 5.84341413e+07 -1.68166025e-01  5.84341413e+07 -4.11599211e-01 
 6.30957344e+07 -1.59056129e-01  6.30957344e+07 -3.70157091e-01 
 6.81292069e+07 -1.49675989e-01  6.81292069e+07 -3.32313195e-01 
 7.35642254e+07 -1.40133120e-01  7.35642254e+07 -2.97890065e-01 
 7.94328235e+07 -1.30541403e-01  7.94328235e+07 -2.66705815e-01 
 8.57695899e+07 -1.21016041e-01  8.57695899e+07 -2.38571739e-01 
 9.26118728e+07 -1.11668351e-01  9.26118728e+07 -2.13291504e-01 
 1.00000000e+08 -1.02600894e-01  1.00000000e+08 -1.90661915e-01 
 1.07977516e+08 -9.39034142e-02  1.07977516e+08 -1.70474988e-01 
 1.16591440e+08 -8.56498935e-02  1.16591440e+08 -1.52520990e-01 
 1.25892541e+08 -7.78968966e-02  1.25892541e+08 -1.36591983e-01 
 1.35935639e+08 -7.06831920e-02  1.35935639e+08 -1.22485439e-01 
 1.46779927e+08 -6.40304934e-02  1.46779927e+08 -1.10007544e-01 
 1.58489319e+08 -5.79450744e-02  1.58489319e+08 -9.89759290e-02 
 1.71132830e+08 -5.24199633e-02  1.71132830e+08 -8.92216686e-02 
 1.84784980e+08 -4.74374351e-02  1.84784980e+08 -8.05905152e-02 
 1.99526231e+08 -4.29715533e-02  1.99526231e+08 -7.29434105e-02 
 2.15443469e+08 -3.89905742e-02  2.15443469e+08 -6.61563825e-02 
 2.32630507e+08 -3.54590903e-02  2.32630507e+08 -6.01199614e-02 
 2.51188643e+08 -3.23398424e-02  2.51188643e+08 -5.47382529e-02 
 2.71227258e+08 -2.95951813e-02  2.71227258e+08 -4.99277974e-02 
 2.92864456e+08 -2.71881898e-02  2.92864456e+08 -4.56163223e-02 
 3.16227766e+08 -2.50834977e-02  3.16227766e+08 -4.17414726e-02 
 3.41454887e+08 -2.32478345e-02  3.41454887e+08 -3.82495792e-02 
 3.68694506e+08 -2.16503658e-02  3.68694506e+08 -3.50945065e-02 
 3.98107171e+08 -2.02628615e-02  3.98107171e+08 -3.22366019e-02 
 4.29866235e+08 -1.90597350e-02  4.29866235e+08 -2.96417579e-02 
 4.64158883e+08 -1.80179897e-02  4.64158883e+08 -2.72805888e-02 
 5.01187234e+08 -1.71171023e-02  5.01187234e+08 -2.51277171e-02 
 5.41169527e+08 -1.63388646e-02  5.41169527e+08 -2.31611617e-02 
 5.84341413e+08 -1.56672032e-02  5.84341413e+08 -2.13618176e-02 
 6.30957344e+08 -1.50879882e-02  6.30957344e+08 -1.97130161e-02 
 6.81292069e+08 -1.45888427e-02  6.81292069e+08 -1.82001550e-02 
 7.35642254e+08 -1.41589577e-02  7.35642254e+08 -1.68103891e-02 
 7.94328235e+08 -1.37889168e-02  7.94328235e+08 -1.55323712e-02 
 8.57695899e+08 -1.34705349e-02  8.57695899e+08 -1.43560357e-02 
 9.26118728e+08 -1.31967095e-02  9.26118728e+08 -1.32724184e-02 
 1.00000000e+09 -1.29612876e-02  1.00000000e+09 -1.22735048e-02 
 1.07977516e+09 -1.27589450e-02  1.07977516e+09 -1.13521039e-02 
 1.16591440e+09 -1.25850805e-02  1.16591440e+09 -1.05017421e-02 
 1.25892541e+09 -1.24357212e-02  1.25892541e+09 -9.71657292e-03 
 1.35935639e+09 -1.23074397e-02  1.35935639e+09 -8.99130181e-03 
 1.46779927e+09 -1.21972814e-02  1.46779927e+09 -8.32112114e-03 
 1.58489319e+09 -1.21027009e-02  1.58489319e+09 -7.70165537e-03 
 1.71132830e+09 -1.20215066e-02  1.71132830e+09 -7.12891375e-03 
 1.84784980e+09 -1.19518123e-02  1.84784980e+09 -6.59924964e-03 
 1.99526231e+09 -1.18919954e-02  1.99526231e+09 -6.10932514e-03 
 2.15443469e+09 -1.18406608e-02  2.15443469e+09 -5.65608044e-03 
 2.32630507e+09 -1.17966092e-02  2.32630507e+09 -5.23670692e-03 
 2.51188643e+09 -1.17588099e-02  2.51188643e+09 -4.84862352e-03 
 2.71227258e+09 -1.17263775e-02  2.71227258e+09 -4.48945588e-03 
 2.92864456e+09 -1.16985514e-02  2.92864456e+09 -4.15701781e-03 
 3.16227766e+09 -1.16746784e-02  3.16227766e+09 -3.84929481e-03 
 3.41454887e+09 -1.16541978e-02  3.41454887e+09 -3.56442934e-03 
 3.68694506e+09 -1.16366280e-02  3.68694506e+09 -3.30070753e-03 
 3.98107171e+09 -1.16215558e-02  3.98107171e+09 -3.05654728e-03 
 4.29866235e+09 -1.16086265e-02  4.29866235e+09 -2.83048747e-03 
 4.64158883e+09 -1.15975357e-02  4.64158883e+09 -2.62117817e-03 
 5.01187234e+09 -1.15880220e-02  5.01187234e+09 -2.42737180e-03 
 5.41169527e+09 -1.15798614e-02  5.41169527e+09 -2.24791499e-03 
 5.84341413e+09 -1.15728615e-02  5.84341413e+09 -2.08174124e-03 
 6.30957344e+09 -1.15668573e-02  6.30957344e+09 -1.92786413e-03 
 6.81292069e+09 -1.15617072e-02  6.81292069e+09 -1.78537115e-03 
 7.35642254e+09 -1.15572898e-02  7.35642254e+09 -1.65341806e-03 
 7.94328235e+09 -1.15535008e-02  7.94328235e+09 -1.53122362e-03 
 8.57695899e+09 -1.15502508e-02  8.57695899e+09 -1.41806483e-03 
 9.26118728e+09 -1.15474633e-02  9.26118728e+09 -1.31327253e-03 
 1.00000000e+10 -1.15450723e-02  1.00000000e+10 -1.21622733e-03 
