 1.00000000e+00  3.12953213e+02  1.00000000e+00 -3.44489142e-03 
 1.07977516e+00  3.12953213e+02  1.07977516e+00 -3.71970819e-03 
 1.16591440e+00  3.12953213e+02  1.16591440e+00 -4.01644851e-03 
 1.25892541e+00  3.12953213e+02  1.25892541e+00 -4.33686134e-03 
 1.35935639e+00  3.12953213e+02  1.35935639e+00 -4.68283516e-03 
 1.46779927e+00  3.12953213e+02  1.46779927e+00 -5.05640910e-03 
 1.58489319e+00  3.12953213e+02  1.58489319e+00 -5.45978495e-03 
 1.71132830e+00  3.12953213e+02  1.71132830e+00 -5.89534018e-03 
 1.84784980e+00  3.12953213e+02  1.84784980e+00 -6.36564190e-03 
 1.99526231e+00  3.12953213e+02  1.99526231e+00 -6.87346202e-03 
 2.15443469e+00  3.12953213e+02  2.15443469e+00 -7.42179357e-03 
 2.32630507e+00  3.12953213e+02  2.32630507e+00 -8.01386835e-03 
 2.51188643e+00  3.12953213e+02  2.51188643e+00 -8.65317600e-03 
 2.71227258e+00  3.12953213e+02  2.71227258e+00 -9.34348452e-03 
 2.92864456e+00  3.12953213e+02  2.92864456e+00 -1.00888625e-02 
 3.16227766e+00  3.12953213e+02  3.16227766e+00 -1.08937032e-02 
 3.41454887e+00  3.12953213e+02  3.41454887e+00 -1.17627501e-02 
 3.68694506e+00  3.12953213e+02  3.68694506e+00 -1.27011254e-02 
 3.98107171e+00  3.12953213e+02  3.98107171e+00 -1.37143597e-02 
 4.29866235e+00  3.12953213e+02  4.29866235e+00 -1.48084250e-02 
 4.64158883e+00  3.12953213e+02  4.64158883e+00 -1.59897695e-02 
 5.01187234e+00  3.12953213e+02  5.01187234e+00 -1.72653559e-02 
 5.41169527e+00  3.12953212e+02  5.41169527e+00 -1.86427025e-02 
 5.84341413e+00  3.12953212e+02  5.84341413e+00 -2.01299271e-02 
 6.30957344e+00  3.12953212e+02  6.30957344e+00 -2.17357953e-02 
 6.81292069e+00  3.12953212e+02  6.81292069e+00 -2.34697719e-02 
 7.35642254e+00  3.12953211e+02  7.35642254e+00 -2.53420767e-02 
 7.94328235e+00  3.12953211e+02  7.94328235e+00 -2.73637450e-02 
 8.57695899e+00  3.12953211e+02  8.57695899e+00 -2.95466921e-02 
 9.26118728e+00  3.12953210e+02  9.26118728e+00 -3.19037842e-02 
 1.00000000e+01  3.12953210e+02  1.00000000e+01 -3.44489137e-02 
 1.07977516e+01  3.12953209e+02  1.07977516e+01 -3.71970814e-02 
 1.16591440e+01  3.12953208e+02  1.16591440e+01 -4.01644845e-02 
 1.25892541e+01  3.12953208e+02  1.25892541e+01 -4.33686126e-02 
 1.35935639e+01  3.12953207e+02  1.35935639e+01 -4.68283506e-02 
 1.46779927e+01  3.12953205e+02  1.46779927e+01 -5.05640897e-02 
 1.58489319e+01  3.12953204e+02  1.58489319e+01 -5.45978479e-02 
 1.71132830e+01  3.12953202e+02  1.71132830e+01 -5.89533998e-02 
 1.84784980e+01  3.12953201e+02  1.84784980e+01 -6.36564164e-02 
 1.99526231e+01  3.12953198e+02  1.99526231e+01 -6.87346169e-02 
 2.15443469e+01  3.12953196e+02  2.15443469e+01 -7.42179315e-02 
 2.32630507e+01  3.12953193e+02  2.32630507e+01 -8.01386783e-02 
 2.51188643e+01  3.12953190e+02  2.51188643e+01 -8.65317534e-02 
 2.71227258e+01  3.12953186e+02  2.71227258e+01 -9.34348369e-02 
 2.92864456e+01  3.12953181e+02  2.92864456e+01 -1.00888615e-01 
 3.16227766e+01  3.12953176e+02  3.16227766e+01 -1.08937018e-01 
 3.41454887e+01  3.12953169e+02  3.41454887e+01 -1.17627484e-01 
 3.68694506e+01  3.12953162e+02  3.68694506e+01 -1.27011233e-01 
 3.98107171e+01  3.12953153e+02  3.98107171e+01 -1.37143571e-01 
 4.29866235e+01  3.12953144e+02  4.29866235e+01 -1.48084217e-01 
 4.64158883e+01  3.12953132e+02  4.64158883e+01 -1.59897654e-01 
 5.01187234e+01  3.12953118e+02  5.01187234e+01 -1.72653507e-01 
 5.41169527e+01  3.12953103e+02  5.41169527e+01 -1.86426960e-01 
 5.84341413e+01  3.12953084e+02  5.84341413e+01 -2.01299189e-01 
 6.30957344e+01  3.12953063e+02  6.30957344e+01 -2.17357849e-01 
 6.81292069e+01  3.12953038e+02  6.81292069e+01 -2.34697588e-01 
 7.35642254e+01  3.12953008e+02  7.35642254e+01 -2.53420603e-01 
 7.94328235e+01  3.12952974e+02  7.94328235e+01 -2.73637243e-01 
 8.57695899e+01  3.12952935e+02  8.57695899e+01 -2.95466661e-01 
 9.26118728e+01  3.12952889e+02  9.26118728e+01 -3.19037515e-01 
 1.00000000e+02  3.12952835e+02  1.00000000e+02 -3.44488725e-01 
 1.07977516e+02  3.12952772e+02  1.07977516e+02 -3.71970294e-01 
 1.16591440e+02  3.12952698e+02  1.16591440e+02 -4.01644191e-01 
 1.25892541e+02  3.12952613e+02  1.25892541e+02 -4.33685303e-01 
 1.35935639e+02  3.12952513e+02  1.35935639e+02 -4.68282469e-01 
 1.46779927e+02  3.12952397e+02  1.46779927e+02 -5.05639592e-01 
 1.58489319e+02  3.12952262e+02  1.58489319e+02 -5.45976836e-01 
 1.71132830e+02  3.12952104e+02  1.71132830e+02 -5.89531930e-01 
 1.84784980e+02  3.12951920e+02  1.84784980e+02 -6.36561561e-01 
 1.99526231e+02  3.12951705e+02  1.99526231e+02 -6.87342892e-01 
 2.15443469e+02  3.12951455e+02  2.15443469e+02 -7.42175190e-01 
 2.32630507e+02  3.12951163e+02  2.32630507e+02 -8.01381589e-01 
 2.51188643e+02  3.12950823e+02  2.51188643e+02 -8.65310996e-01 
 2.71227258e+02  3.12950426e+02  2.71227258e+02 -9.34340138e-01 
 2.92864456e+02  3.12949964e+02  2.92864456e+02 -1.00887578e+00 
 3.16227766e+02  3.12949425e+02  3.16227766e+02 -1.08935714e+00 
 3.41454887e+02  3.12948796e+02  3.41454887e+02 -1.17625842e+00 
 3.68694506e+02  3.12948063e+02  3.68694506e+02 -1.27009165e+00 
 3.98107171e+02  3.12947209e+02  3.98107171e+02 -1.37140968e+00 
 4.29866235e+02  3.12946212e+02  4.29866235e+02 -1.48080940e+00 
 4.64158883e+02  3.12945051e+02  4.64158883e+02 -1.59893528e+00 
 5.01187234e+02  3.12943696e+02  5.01187234e+02 -1.72648314e+00 
 5.41169527e+02  3.12942117e+02  5.41169527e+02 -1.86420421e+00 
 5.84341413e+02  3.12940276e+02  5.84341413e+02 -2.01290957e+00 
 6.30957344e+02  3.12938130e+02  6.30957344e+02 -2.17347486e+00 
 6.81292069e+02  3.12935628e+02  6.81292069e+02 -2.34684542e+00 
 7.35642254e+02  3.12932710e+02  7.35642254e+02 -2.53404179e+00 
 7.94328235e+02  3.12929309e+02  7.94328235e+02 -2.73616567e+00 
 8.57695899e+02  3.12925343e+02  8.57695899e+02 -2.95440632e+00 
 9.26118728e+02  3.12920719e+02  9.26118728e+02 -3.19004746e+00 
 1.00000000e+03  3.12915328e+02  1.00000000e+03 -3.44447473e+00 
 1.07977516e+03  3.12909044e+02  1.07977516e+03 -3.71918362e+00 
 1.16591440e+03  3.12901716e+02  1.16591440e+03 -4.01578813e+00 
 1.25892541e+03  3.12893174e+02  1.25892541e+03 -4.33603000e+00 
 1.35935639e+03  3.12883215e+02  1.35935639e+03 -4.68178859e+00 
 1.46779927e+03  3.12871604e+02  1.46779927e+03 -5.05509159e+00 
 1.58489319e+03  3.12858068e+02  1.58489319e+03 -5.45812639e+00 
 1.71132830e+03  3.12842288e+02  1.71132830e+03 -5.89325228e+00 
 1.84784980e+03  3.12823891e+02  1.84784980e+03 -6.36301354e+00 
 1.99526231e+03  3.12802445e+02  1.99526231e+03 -6.87015333e+00 
 2.15443469e+03  3.12777444e+02  2.15443469e+03 -7.41762851e+00 
 2.32630507e+03  3.12748301e+02  2.32630507e+03 -8.00862535e+00 
 2.51188643e+03  3.12714328e+02  2.51188643e+03 -8.64657617e+00 
 2.71227258e+03  3.12674729e+02  2.71227258e+03 -9.33517687e+00 
 2.92864456e+03  3.12628573e+02  2.92864456e+03 -1.00784053e+01 
 3.16227766e+03  3.12574775e+02  3.16227766e+03 -1.08805406e+01 
 3.41454887e+03  3.12512075e+02  3.41454887e+03 -1.17461828e+01 
 3.68694506e+03  3.12439004e+02  3.68694506e+03 -1.26802732e+01 
 3.98107171e+03  3.12353853e+02  3.98107171e+03 -1.36881156e+01 
 4.29866235e+03  3.12254632e+02  4.29866235e+03 -1.47753961e+01 
 4.64158883e+03  3.12139028e+02  4.64158883e+03 -1.59482039e+01 
 5.01187234e+03  3.12004352e+02  5.01187234e+03 -1.72130505e+01 
 5.41169527e+03  3.11847478e+02  5.41169527e+03 -1.85768870e+01 
 5.84341413e+03  3.11664776e+02  5.84341413e+03 -2.00471188e+01 
 6.30957344e+03  3.11452030e+02  6.30957344e+03 -2.16316169e+01 
 6.81292069e+03  3.11204353e+02  6.81292069e+03 -2.33387232e+01 
 7.35642254e+03  3.10916079e+02  7.35642254e+03 -2.51772490e+01 
 7.94328235e+03  3.10580649e+02  7.94328235e+03 -2.71564628e+01 
 8.57695899e+03  3.10190479e+02  8.57695899e+03 -2.92860669e+01 
 9.26118728e+03  3.09736809e+02  9.26118728e+03 -3.15761560e+01 
 1.00000000e+04  3.09209539e+02  1.00000000e+04 -3.40371558e+01 
 1.07977516e+04  3.08597048e+02  1.07977516e+04 -3.66797348e+01 
 1.16591440e+04  3.07885991e+02  1.16591440e+04 -3.95146832e+01 
 1.25892541e+04  3.07061082e+02  1.25892541e+04 -4.25527512e+01 
 1.35935639e+04  3.06104867e+02  1.35935639e+04 -4.58044378e+01 
 1.46779927e+04  3.04997490e+02  1.46779927e+04 -4.92797192e+01 
 1.58489319e+04  3.03716448e+02  1.58489319e+04 -5.29877070e+01 
 1.71132830e+04  3.02236372e+02  1.71132830e+04 -5.69362225e+01 
 1.84784980e+04  3.00528827e+02  1.84784980e+04 -6.11312760e+01 
 1.99526231e+04  2.98562158e+02  1.99526231e+04 -6.55764392e+01 
 2.15443469e+04  2.96301417e+02  2.15443469e+04 -7.02721018e+01 
 2.32630507e+04  2.93708401e+02  2.32630507e+04 -7.52146078e+01 
 2.51188643e+04  2.90741843e+02  2.51188643e+04 -8.03952744e+01 
 2.71227258e+04  2.87357812e+02  2.71227258e+04 -8.57993070e+01 
 2.92864456e+04  2.83510369e+02  2.92864456e+04 -9.14046415e+01 
 3.16227766e+04  2.79152556e+02  3.16227766e+04 -9.71807624e+01 
 3.41454887e+04  2.74237746e+02  3.41454887e+04 -1.03087574e+02 
 3.68694506e+04  2.68721426e+02  3.68694506e+04 -1.09074431e+02 
 3.98107171e+04  2.62563409e+02  3.98107171e+04 -1.15079455e+02 
 4.29866235e+04  2.55730454e+02  4.29866235e+04 -1.21029314e+02 
 4.64158883e+04  2.48199227e+02  4.64158883e+04 -1.26839621e+02 
 5.01187234e+04  2.39959438e+02  5.01187234e+04 -1.32416133e+02 
 5.41169527e+04  2.31016934e+02  5.41169527e+04 -1.37656892e+02 
 5.84341413e+04  2.21396445e+02  5.84341413e+04 -1.42455366e+02 
 6.30957344e+04  2.11143637e+02  6.30957344e+04 -1.46704564e+02 
 6.81292069e+04  2.00326093e+02  6.81292069e+04 -1.50301948e+02 
 7.35642254e+04  1.89032924e+02  7.35642254e+04 -1.53154822e+02 
 7.94328235e+04  1.77372801e+02  7.94328235e+04 -1.55185745e+02 
 8.57695899e+04  1.65470374e+02  8.57695899e+04 -1.56337433e+02 
 9.26118728e+04  1.53461269e+02  9.26118728e+04 -1.56576595e+02 
 1.00000000e+05  1.41486050e+02  1.00000000e+05 -1.55896243e+02 
 1.07977516e+05  1.29683706e+02  1.07977516e+05 -1.54316185e+02 
 1.16591440e+05  1.18185289e+02  1.16591440e+05 -1.51881636e+02 
 1.25892541e+05  1.07108311e+02  1.25892541e+05 -1.48660127e+02 
 1.35935639e+05  9.65523906e+01  1.35935639e+05 -1.44737084e+02 
 1.46779927e+05  8.65964380e+01  1.46779927e+05 -1.40210623e+02 
 1.58489319e+05  7.72974585e+01  1.58489319e+05 -1.35186073e+02 
 1.71132830e+05  6.86908575e+01  1.71132830e+05 -1.29770774e+02 
 1.84784980e+05  6.07919821e+01  1.84784980e+05 -1.24069515e+02 
 1.99526231e+05  5.35985505e+01  1.99526231e+05 -1.18180875e+02 
 2.15443469e+05  4.70936077e+01  2.15443469e+05 -1.12194566e+02 
 2.32630507e+05  4.12486733e+01  2.32630507e+05 -1.06189758e+02 
 2.51188643e+05  3.60268163e+01  2.51188643e+05 -1.00234284e+02 
 2.71227258e+05  3.13854664e+01  2.71227258e+05 -9.43845630e+01 
 2.92864456e+05  2.72788462e+01  2.92864456e+05 -8.86860624e+01 
 3.16227766e+05  2.36599740e+01  3.16227766e+05 -8.31741390e+01 
 3.41454887e+05  2.04822363e+01  3.41454887e+05 -7.78750994e+01 
 3.68694506e+05  1.77005582e+01  3.68694506e+05 -7.28073655e+01 
 3.98107171e+05  1.52722238e+01  3.98107171e+05 -6.79826525e+01 
 4.29866235e+05  1.31574033e+01  4.29866235e+05 -6.34070970e+01 
 4.64158883e+05  1.13194452e+01  4.64158883e+05 -5.90822944e+01 
 5.01187234e+05  9.72498786e+00  5.01187234e+05 -5.50062243e+01 
 5.41169527e+05  8.34393837e+00  5.41169527e+05 -5.11740566e+01 
 5.84341413e+05  7.14935711e+00  5.84341413e+05 -4.75788383e+01 
 6.30957344e+05  6.11728072e+00  6.30957344e+05 -4.42120681e+01 
 6.81292069e+05  5.22650779e+00  6.81292069e+05 -4.10641702e+01 
 7.35642254e+05  4.45836578e+00  7.35642254e+05 -3.81248780e+01 
 7.94328235e+05  3.79647297e+00  7.94328235e+05 -3.53835409e+01 
 8.57695899e+05  3.22650459e+00  8.57695899e+05 -3.28293650e+01 
 9.26118728e+05  2.73596961e+00  9.26118728e+05 -3.04516000e+01 
 1.00000000e+06  2.31400199e+00  1.00000000e+06 -2.82396796e+01 
 1.07977516e+06  1.95116854e+00  1.07977516e+06 -2.61833266e+01 
 1.16591440e+06  1.63929425e+00  1.16591440e+06 -2.42726270e+01 
 1.25892541e+06  1.37130500e+00  1.25892541e+06 -2.24980814e+01 
 1.35935639e+06  1.14108715e+00  1.35935639e+06 -2.08506368e+01 
 1.46779927e+06  9.43362862e-01  1.46779927e+06 -1.93217050e+01 
 1.58489319e+06  7.73580121e-01  1.58489319e+06 -1.79031685e+01 
 1.71132830e+06  6.27816081e-01  1.71132830e+06 -1.65873788e+01 
 1.84784980e+06  5.02692436e-01  1.84784980e+06 -1.53671480e+01 
 1.99526231e+06  3.95301572e-01  1.99526231e+06 -1.42357356e+01 
 2.15443469e+06  3.03142284e-01  2.15443469e+06 -1.31868326e+01 
 2.32630507e+06  2.24063947e-01  2.32630507e+06 -1.22145429e+01 
 2.51188643e+06  1.56218114e-01  2.51188643e+06 -1.13133632e+01 
 2.71227258e+06  9.80166314e-02  2.71227258e+06 -1.04781632e+01 
 2.92864456e+06  4.80954300e-02  2.92864456e+06 -9.70416402e+00 
 3.16227766e+06  5.28327472e-03  3.16227766e+06 -8.98691842e+00 
 3.41454887e+06 -3.14251890e-02  3.41454887e+06 -8.32229007e+00 
 3.68694506e+06 -6.28926563e-02  3.68694506e+06 -7.70643419e+00 
 3.98107171e+06 -8.98591522e-02  3.98107171e+06 -7.13577872e+00 
 4.29866235e+06 -1.12959226e-01  4.29866235e+06 -6.60700632e+00 
 4.64158883e+06 -1.32736733e-01  4.64158883e+06 -6.11703719e+00 
 5.01187234e+06 -1.49657524e-01  5.01187234e+06 -5.66301297e+00 
 5.41169527e+06 -1.64120344e-01  5.41169527e+06 -5.24228136e+00 
 5.84341413e+06 -1.76466173e-01  5.84341413e+06 -4.85238180e+00 
 6.30957344e+06 -1.86986228e-01  6.30957344e+06 -4.49103197e+00 
 6.81292069e+06 -1.95928814e-01  6.81292069e+06 -4.15611516e+00 
 7.35642254e+06 -2.03505181e-01  7.35642254e+06 -3.84566849e+00 
 7.94328235e+06 -2.09894514e-01  7.94328235e+06 -3.55787190e+00 
 8.57695899e+06 -2.15248196e-01  8.57695899e+06 -3.29103799e+00 
 9.26118728e+06 -2.19693427e-01  9.26118728e+06 -3.04360244e+00 
 1.00000000e+07 -2.23336299e-01  1.00000000e+07 -2.81411529e+00 
 1.07977516e+07 -2.26264396e-01  1.07977516e+07 -2.60123276e+00 
 1.16591440e+07 -2.28549001e-01  1.16591440e+07 -2.40370976e+00 
 1.25892541e+07 -2.30246963e-01  1.25892541e+07 -2.22039300e+00 
 1.35935639e+07 -2.31402275e-01  1.35935639e+07 -2.05021465e+00 
 1.46779927e+07 -2.32047439e-01  1.46779927e+07 -1.89218660e+00 
 1.58489319e+07 -2.32204646e-01  1.58489319e+07 -1.74539519e+00 
 1.71132830e+07 -2.31886839e-01  1.71132830e+07 -1.60899652e+00 
 1.84784980e+07 -2.31098705e-01  1.84784980e+07 -1.48221213e+00 
 1.99526231e+07 -2.29837665e-01  1.99526231e+07 -1.36432528e+00 
 2.15443469e+07 -2.28094902e-01  2.15443469e+07 -1.25467746e+00 
 2.32630507e+07 -2.25856507e-01  2.32630507e+07 -1.15266546e+00 
 2.51188643e+07 -2.23104793e-01  2.51188643e+07 -1.05773855e+00 
 2.71227258e+07 -2.19819830e-01  2.71227258e+07 -9.69396013e-01 
 2.92864456e+07 -2.15981246e-01  2.92864456e+07 -8.87184750e-01 
 3.16227766e+07 -2.11570311e-01  3.16227766e+07 -8.10696831e-01 
 3.41454887e+07 -2.06572290e-01  3.41454887e+07 -7.39566952e-01 
 3.68694506e+07 -2.00979000e-01  3.68694506e+07 -6.73469551e-01 
 3.98107171e+07 -1.94791452e-01  3.98107171e+07 -6.12115479e-01 
 4.29866235e+07 -1.88022407e-01  4.29866235e+07 -5.55248107e-01 
 4.64158883e+07 -1.80698597e-01  4.64158883e+07 -5.02638802e-01 
 5.01187234e+07 -1.72862353e-01  5.01187234e+07 -4.54081821e-01 
 5.41169527e+07 -1.64572346e-01  5.41169527e+07 -4.09388731e-01 
 5.84341413e+07 -1.55903226e-01  5.84341413e+07 -3.68382641e-01 
 6.30957344e+07 -1.46944010e-01  6.30957344e+07 -3.30892574e-01 
 6.81292069e+07 -1.37795218e-01  6.81292069e+07 -2.96748405e-01 
 7.35642254e+07 -1.28564929e-01  7.35642254e+07 -2.65776782e-01 
 7.94328235e+07 -1.19364079e-01  7.94328235e+07 -2.37798348e-01 
 8.57695899e+07 -1.10301443e-01  8.57695899e+07 -2.12626486e-01 
 9.26118728e+07 -1.01478794e-01  9.26118728e+07 -1.90067590e-01 
 1.00000000e+08 -9.29867065e-02  1.00000000e+08 -1.69922698e-01 
 1.07977516e+08 -8.49013560e-02  1.07977516e+08 -1.51990165e-01 
 1.16591440e+08 -7.72825308e-02  1.16591440e+08 -1.36068973e-01 
 1.25892541e+08 -7.01728866e-02  1.25892541e+08 -1.21962226e-01 
 1.35935639e+08 -6.35983427e-02  1.35935639e+08 -1.09480460e-01 
 1.46779927e+08 -5.75693989e-02  1.46779927e+08 -9.84444649e-02 
 1.58489319e+08 -5.20831018e-02  1.58489319e+08 -8.86874418e-02 
 1.71132830e+08 -4.71253802e-02  1.71132830e+08 -8.00564186e-02 
 1.84784980e+08 -4.26734977e-02  1.84784980e+08 -7.24129539e-02 
 1.99526231e+08 -3.86984239e-02  1.99526231e+08 -6.56332114e-02 
 2.15443469e+08 -3.51669851e-02  2.15443469e+08 -5.96075294e-02 
 2.32630507e+08 -3.20437133e-02  2.32630507e+08 -5.42396189e-02 
 2.51188643e+08 -2.92923585e-02  2.51188643e+08 -4.94455189e-02 
 2.71227258e+08 -2.68770690e-02  2.71227258e+08 -4.51524180e-02 
 2.92864456e+08 -2.47632645e-02  2.92864456e+08 -4.12974324e-02 
 3.16227766e+08 -2.29182426e-02  3.16227766e+08 -3.78264037e-02 
 3.41454887e+08 -2.13115634e-02  3.41454887e+08 -3.46927633e-02 
 3.68694506e+08 -1.99152574e-02  3.68694506e+08 -3.18564884e-02 
 3.98107171e+08 -1.87038988e-02  3.98107171e+08 -2.92831653e-02 
 4.29866235e+08 -1.76545783e-02  4.29866235e+08 -2.69431619e-02 
 4.64158883e+08 -1.67468077e-02  4.64158883e+08 -2.48109092e-02 
 5.01187234e+08 -1.59623779e-02  5.01187234e+08 -2.28642822e-02 
 5.41169527e+08 -1.52851905e-02  5.41169527e+08 -2.10840726e-02 
 5.84341413e+08 -1.47010762e-02  5.84341413e+08 -1.94535423e-02 
 6.30957344e+08 -1.41976099e-02  6.30957344e+08 -1.79580476e-02 
 6.81292069e+08 -1.37639309e-02  6.81292069e+08 -1.65847241e-02 
 7.35642254e+08 -1.33905707e-02  7.35642254e+08 -1.53222226e-02 
 7.94328235e+08 -1.30692935e-02  7.94328235e+08 -1.41604891e-02 
 8.57695899e+08 -1.27929490e-02  8.57695899e+08 -1.30905808e-02 
 9.26118728e+08 -1.25553399e-02  9.26118728e+08 -1.21045123e-02 
 1.00000000e+09 -1.23511017e-02  1.00000000e+09 -1.11951267e-02 
 1.07977516e+09 -1.21755967e-02  1.07977516e+09 -1.03559877e-02 
 1.16591440e+09 -1.20248196e-02  1.16591440e+09 -9.58128827e-03 
 1.25892541e+09 -1.18953140e-02  1.25892541e+09 -8.86577408e-03 
 1.35935639e+09 -1.17840999e-02  1.35935639e+09 -8.20467793e-03 
 1.46779927e+09 -1.16886094e-02  1.46779927e+09 -7.59366413e-03 
 1.58489319e+09 -1.16066313e-02  1.58489319e+09 -7.02878085e-03 
 1.71132830e+09 -1.15362623e-02  1.71132830e+09 -6.50641903e-03 
 1.84784980e+09 -1.14758650e-02  1.84784980e+09 -6.02327686e-03 
 1.99526231e+09 -1.14240313e-02  1.99526231e+09 -5.57632897e-03 
 2.15443469e+09 -1.13795505e-02  2.15443469e+09 -5.16279944e-03 
 2.32630507e+09 -1.13413825e-02  2.32630507e+09 -4.78013813e-03 
 2.51188643e+09 -1.13086333e-02  2.51188643e+09 -4.42599982e-03 
 2.71227258e+09 -1.12805350e-02  2.71227258e+09 -4.09822576e-03 
 2.92864456e+09 -1.12564283e-02  2.92864456e+09 -3.79482716e-03 
 3.16227766e+09 -1.12357471e-02  3.16227766e+09 -3.51397053e-03 
 3.41454887e+09 -1.12180050e-02  3.41454887e+09 -3.25396453e-03 
 3.68694506e+09 -1.12027850e-02  3.68694506e+09 -3.01324805e-03 
 3.98107171e+09 -1.11897288e-02  3.98107171e+09 -2.79037956e-03 
 4.29866235e+09 -1.11785290e-02  4.29866235e+09 -2.58402739e-03 
 4.64158883e+09 -1.11689219e-02  4.64158883e+09 -2.39296092e-03 
 5.01187234e+09 -1.11606811e-02  5.01187234e+09 -2.21604258e-03 
 5.41169527e+09 -1.11536124e-02  5.41169527e+09 -2.05222054e-03 
 5.84341413e+09 -1.11475491e-02  5.84341413e+09 -1.90052203e-03 
 6.30957344e+09 -1.11423484e-02  6.30957344e+09 -1.76004719e-03 
 6.81292069e+09 -1.11378875e-02  6.81292069e+09 -1.62996353e-03 
 7.35642254e+09 -1.11340612e-02  7.35642254e+09 -1.50950072e-03 
 7.94328235e+09 -1.11307793e-02  7.94328235e+09 -1.39794588e-03 
 8.57695899e+09 -1.11279643e-02  8.57695899e+09 -1.29463922e-03 
 9.26118728e+09 -1.11255498e-02  9.26118728e+09 -1.19897006e-03 
 1.00000000e+10 -1.11234789e-02  1.00000000e+10 -1.11037308e-03 
