 1.00000000e+00  2.77161602e+02  1.00000000e+00 -3.01424960e-03 
 1.07977516e+00  2.77161602e+02  1.07977516e+00 -3.25471185e-03 
 1.16591440e+00  2.77161602e+02  1.16591440e+00 -3.51435702e-03 
 1.25892541e+00  2.77161602e+02  1.25892541e+00 -3.79471542e-03 
 1.35935639e+00  2.77161602e+02  1.35935639e+00 -4.09743946e-03 
 1.46779927e+00  2.77161602e+02  1.46779927e+00 -4.42431336e-03 
 1.58489319e+00  2.77161602e+02  1.58489319e+00 -4.77726367e-03 
 1.71132830e+00  2.77161602e+02  1.71132830e+00 -5.15837066e-03 
 1.84784980e+00  2.77161601e+02  1.84784980e+00 -5.56988051e-03 
 1.99526231e+00  2.77161601e+02  1.99526231e+00 -6.01421864e-03 
 2.15443469e+00  2.77161601e+02  2.15443469e+00 -6.49400390e-03 
 2.32630507e+00  2.77161601e+02  2.32630507e+00 -7.01206412e-03 
 2.51188643e+00  2.77161601e+02  2.51188643e+00 -7.57145267e-03 
 2.71227258e+00  2.77161601e+02  2.71227258e+00 -8.17546653e-03 
 2.92864456e+00  2.77161601e+02  2.92864456e+00 -8.82766570e-03 
 3.16227766e+00  2.77161601e+02  3.16227766e+00 -9.53189417e-03 
 3.41454887e+00  2.77161601e+02  3.41454887e+00 -1.02923026e-02 
 3.68694506e+00  2.77161601e+02  3.68694506e+00 -1.11133727e-02 
 3.98107171e+00  2.77161601e+02  3.98107171e+00 -1.19999438e-02 
 4.29866235e+00  2.77161601e+02  4.29866235e+00 -1.29572412e-02 
 4.64158883e+00  2.77161601e+02  4.64158883e+00 -1.39909073e-02 
 5.01187234e+00  2.77161601e+02  5.01187234e+00 -1.51070341e-02 
 5.41169527e+00  2.77161601e+02  5.41169527e+00 -1.63122002e-02 
 5.84341413e+00  2.77161600e+02  5.84341413e+00 -1.76135087e-02 
 6.30957344e+00  2.77161600e+02  6.30957344e+00 -1.90186292e-02 
 6.81292069e+00  2.77161600e+02  6.81292069e+00 -2.05358434e-02 
 7.35642254e+00  2.77161600e+02  7.35642254e+00 -2.21740936e-02 
 7.94328235e+00  2.77161600e+02  7.94328235e+00 -2.39430355e-02 
 8.57695899e+00  2.77161599e+02  8.57695899e+00 -2.58530950e-02 
 9.26118728e+00  2.77161599e+02  9.26118728e+00 -2.79155298e-02 
 1.00000000e+01  2.77161598e+02  1.00000000e+01 -3.01424957e-02 
 1.07977516e+01  2.77161598e+02  1.07977516e+01 -3.25471181e-02 
 1.16591440e+01  2.77161597e+02  1.16591440e+01 -3.51435696e-02 
 1.25892541e+01  2.77161596e+02  1.25892541e+01 -3.79471535e-02 
 1.35935639e+01  2.77161596e+02  1.35935639e+01 -4.09743937e-02 
 1.46779927e+01  2.77161595e+02  1.46779927e+01 -4.42431325e-02 
 1.58489319e+01  2.77161593e+02  1.58489319e+01 -4.77726353e-02 
 1.71132830e+01  2.77161592e+02  1.71132830e+01 -5.15837048e-02 
 1.84784980e+01  2.77161590e+02  1.84784980e+01 -5.56988029e-02 
 1.99526231e+01  2.77161589e+02  1.99526231e+01 -6.01421836e-02 
 2.15443469e+01  2.77161586e+02  2.15443469e+01 -6.49400355e-02 
 2.32630507e+01  2.77161584e+02  2.32630507e+01 -7.01206367e-02 
 2.51188643e+01  2.77161581e+02  2.51188643e+01 -7.57145211e-02 
 2.71227258e+01  2.77161577e+02  2.71227258e+01 -8.17546583e-02 
 2.92864456e+01  2.77161573e+02  2.92864456e+01 -8.82766482e-02 
 3.16227766e+01  2.77161569e+02  3.16227766e+01 -9.53189305e-02 
 3.41454887e+01  2.77161563e+02  3.41454887e+01 -1.02923012e-01 
 3.68694506e+01  2.77161557e+02  3.68694506e+01 -1.11133709e-01 
 3.98107171e+01  2.77161550e+02  3.98107171e+01 -1.19999416e-01 
 4.29866235e+01  2.77161541e+02  4.29866235e+01 -1.29572384e-01 
 4.64158883e+01  2.77161531e+02  4.64158883e+01 -1.39909037e-01 
 5.01187234e+01  2.77161519e+02  5.01187234e+01 -1.51070297e-01 
 5.41169527e+01  2.77161506e+02  5.41169527e+01 -1.63121947e-01 
 5.84341413e+01  2.77161490e+02  5.84341413e+01 -1.76135016e-01 
 6.30957344e+01  2.77161471e+02  6.30957344e+01 -1.90186203e-01 
 6.81292069e+01  2.77161449e+02  6.81292069e+01 -2.05358322e-01 
 7.35642254e+01  2.77161424e+02  7.35642254e+01 -2.21740795e-01 
 7.94328235e+01  2.77161395e+02  7.94328235e+01 -2.39430178e-01 
 8.57695899e+01  2.77161361e+02  8.57695899e+01 -2.58530727e-01 
 9.26118728e+01  2.77161321e+02  9.26118728e+01 -2.79155018e-01 
 1.00000000e+02  2.77161274e+02  1.00000000e+02 -3.01424604e-01 
 1.07977516e+02  2.77161220e+02  1.07977516e+02 -3.25470737e-01 
 1.16591440e+02  2.77161156e+02  1.16591440e+02 -3.51435137e-01 
 1.25892541e+02  2.77161082e+02  1.25892541e+02 -3.79470831e-01 
 1.35935639e+02  2.77160996e+02  1.35935639e+02 -4.09743051e-01 
 1.46779927e+02  2.77160896e+02  1.46779927e+02 -4.42430209e-01 
 1.58489319e+02  2.77160778e+02  1.58489319e+02 -4.77724949e-01 
 1.71132830e+02  2.77160642e+02  1.71132830e+02 -5.15835280e-01 
 1.84784980e+02  2.77160483e+02  1.84784980e+02 -5.56985804e-01 
 1.99526231e+02  2.77160297e+02  1.99526231e+02 -6.01419034e-01 
 2.15443469e+02  2.77160081e+02  2.15443469e+02 -6.49396828e-01 
 2.32630507e+02  2.77159828e+02  2.32630507e+02 -7.01201927e-01 
 2.51188643e+02  2.77159534e+02  2.51188643e+02 -7.57139621e-01 
 2.71227258e+02  2.77159191e+02  2.71227258e+02 -8.17539546e-01 
 2.92864456e+02  2.77158791e+02  2.92864456e+02 -8.82757622e-01 
 3.16227766e+02  2.77158325e+02  3.16227766e+02 -9.53178152e-01 
 3.41454887e+02  2.77157781e+02  3.41454887e+02 -1.02921608e+00 
 3.68694506e+02  2.77157147e+02  3.68694506e+02 -1.11131941e+00 
 3.98107171e+02  2.77156408e+02  3.98107171e+02 -1.19997190e+00 
 4.29866235e+02  2.77155546e+02  4.29866235e+02 -1.29569583e+00 
 4.64158883e+02  2.77154542e+02  4.64158883e+02 -1.39905510e+00 
 5.01187234e+02  2.77153370e+02  5.01187234e+02 -1.51065857e+00 
 5.41169527e+02  2.77152005e+02  5.41169527e+02 -1.63116357e+00 
 5.84341413e+02  2.77150413e+02  5.84341413e+02 -1.76127979e+00 
 6.30957344e+02  2.77148556e+02  6.30957344e+02 -1.90177344e+00 
 6.81292069e+02  2.77146392e+02  6.81292069e+02 -2.05347169e+00 
 7.35642254e+02  2.77143868e+02  7.35642254e+02 -2.21726755e+00 
 7.94328235e+02  2.77140927e+02  7.94328235e+02 -2.39412502e+00 
 8.57695899e+02  2.77137497e+02  8.57695899e+02 -2.58508475e+00 
 9.26118728e+02  2.77133498e+02  9.26118728e+02 -2.79127004e+00 
 1.00000000e+03  2.77128835e+02  1.00000000e+03 -3.01389337e+00 
 1.07977516e+03  2.77123400e+02  1.07977516e+03 -3.25426340e+00 
 1.16591440e+03  2.77117062e+02  1.16591440e+03 -3.51379246e+00 
 1.25892541e+03  2.77109674e+02  1.25892541e+03 -3.79400470e+00 
 1.35935639e+03  2.77101060e+02  1.35935639e+03 -4.09654475e+00 
 1.46779927e+03  2.77091018e+02  1.46779927e+03 -4.42318702e+00 
 1.58489319e+03  2.77079311e+02  1.58489319e+03 -4.77584576e+00 
 1.71132830e+03  2.77065663e+02  1.71132830e+03 -5.15658570e+00 
 1.84784980e+03  2.77049751e+02  1.84784980e+03 -5.56763351e+00 
 1.99526231e+03  2.77031202e+02  1.99526231e+03 -6.01139002e+00 
 2.15443469e+03  2.77009579e+02  2.15443469e+03 -6.49044316e+00 
 2.32630507e+03  2.76984373e+02  2.32630507e+03 -7.00758182e+00 
 2.51188643e+03  2.76954990e+02  2.51188643e+03 -7.56581039e+00 
 2.71227258e+03  2.76920740e+02  2.71227258e+03 -8.16836420e+00 
 2.92864456e+03  2.76880818e+02  2.92864456e+03 -8.81872568e+00 
 3.16227766e+03  2.76834286e+02  3.16227766e+03 -9.52064123e+00 
 3.41454887e+03  2.76780055e+02  3.41454887e+03 -1.02781387e+01 
 3.68694506e+03  2.76716852e+02  3.68694506e+03 -1.10955455e+01 
 3.98107171e+03  2.76643200e+02  3.98107171e+03 -1.19775067e+01 
 4.29866235e+03  2.76557377e+02  4.29866235e+03 -1.29290034e+01 
 4.64158883e+03  2.76457382e+02  4.64158883e+03 -1.39553708e+01 
 5.01187234e+03  2.76340888e+02  5.01187234e+03 -1.50623152e+01 
 5.41169527e+03  2.76205189e+02  5.41169527e+03 -1.62559301e+01 
 5.84341413e+03  2.76047145e+02  5.84341413e+03 -1.75427093e+01 
 6.30957344e+03  2.75863106e+02  6.30957344e+03 -1.89295574e+01 
 6.81292069e+03  2.75648842e+02  6.81292069e+03 -2.04237958e+01 
 7.35642254e+03  2.75399449e+02  7.35642254e+03 -2.20331616e+01 
 7.94328235e+03  2.75109247e+02  7.94328235e+03 -2.37657995e+01 
 8.57695899e+03  2.74771667e+02  8.57695899e+03 -2.56302418e+01 
 9.26118728e+03  2.74379122e+02  9.26118728e+03 -2.76353749e+01 
 1.00000000e+04  2.73922861e+02  1.00000000e+04 -2.97903879e+01 
 1.07977516e+04  2.73392812e+02  1.07977516e+04 -3.21046981e+01 
 1.16591440e+04  2.72777403e+02  1.16591440e+04 -3.45878492e+01 
 1.25892541e+04  2.72063377e+02  1.25892541e+04 -3.72493736e+01 
 1.35935639e+04  2.71235588e+02  1.35935639e+04 -4.00986128e+01 
 1.46779927e+04  2.70276792e+02  1.46779927e+04 -4.31444856e+01 
 1.58489319e+04  2.69167438e+02  1.58489319e+04 -4.63951960e+01 
 1.71132830e+04  2.67885467e+02  1.71132830e+04 -4.98578676e+01 
 1.84784980e+04  2.66406127e+02  1.84784980e+04 -5.35380967e+01 
 1.99526231e+04  2.64701833e+02  1.99526231e+04 -5.74394113e+01 
 2.15443469e+04  2.62742092e+02  2.15443469e+04 -6.15626294e+01 
 2.32630507e+04  2.60493515e+02  2.32630507e+04 -6.59051097e+01 
 2.51188643e+04  2.57919965e+02  2.51188643e+04 -7.04598992e+01 
 2.71227258e+04  2.54982878e+02  2.71227258e+04 -7.52147850e+01 
 2.92864456e+04  2.51641811e+02  2.92864456e+04 -8.01512768e+01 
 3.16227766e+04  2.47855262e+02  3.16227766e+04 -8.52435602e+01 
 3.41454887e+04  2.43581822e+02  3.41454887e+04 -9.04574857e+01 
 3.68694506e+04  2.38781687e+02  3.68694506e+04 -9.57496802e+01 
 3.98107171e+04  2.33418563e+02  3.98107171e+04 -1.01066899e+02 
 4.29866235e+04  2.27461933e+02  4.29866235e+04 -1.06345753e+02 
 4.64158883e+04  2.20889637e+02  4.64158883e+04 -1.11512975e+02 
 5.01187234e+04  2.13690639e+02  5.01187234e+04 -1.16486359e+02 
 5.41169527e+04  2.05867787e+02  5.41169527e+04 -1.21176528e+02 
 5.84341413e+04  1.97440306e+02  5.84341413e+04 -1.25489579e+02 
 6.30957344e+04  1.88445733e+02  6.30957344e+04 -1.29330597e+02 
 6.81292069e+04  1.78940948e+02  6.81292069e+04 -1.32607919e+02 
 7.35642254e+04  1.69002024e+02  7.35642254e+04 -1.35237857e+02 
 7.94328235e+04  1.58722708e+02  7.94328235e+04 -1.37149522e+02 
 8.57695899e+04  1.48211458e+02  8.57695899e+04 -1.38289258e+02 
 9.26118728e+04  1.37587185e+02  9.26118728e+04 -1.38624212e+02 
 1.00000000e+05  1.26974025e+02  1.00000000e+05 -1.38144607e+02 
 1.07977516e+05  1.16495595e+02  1.07977516e+05 -1.36864425e+02 
 1.16591440e+05  1.06269307e+02  1.16591440e+05 -1.34820431e+02 
 1.25892541e+05  9.64012770e+01  1.25892541e+05 -1.32069639e+02 
 1.35935639e+05  8.69822809e+01  1.35935639e+05 -1.28685560e+02 
 1.46779927e+05  7.80850481e+01  1.46779927e+05 -1.24753655e+02 
 1.58489319e+05  6.97629881e+01  1.58489319e+05 -1.20366506e+02 
 1.71132830e+05  6.20502720e+01  1.71132830e+05 -1.15619136e+02 
 1.84784980e+05  5.49630497e+01  1.84784980e+05 -1.10604880e+02 
 1.99526231e+05  4.85015030e+01  1.99526231e+05 -1.05412004e+02 
 2.15443469e+05  4.26524108e+01  2.15443469e+05 -1.00121227e+02 
 2.32630507e+05  3.73919272e+01  2.32630507e+05 -9.48041075e+01 
 2.51188643e+05  3.26883257e+01  2.51188643e+05 -8.95222288e+01 
 2.71227258e+05  2.85045305e+01  2.71227258e+05 -8.43270464e+01 
 2.92864456e+05  2.48003250e+01  2.92864456e+05 -7.92602355e+01 
 3.16227766e+05  2.15341833e+01  3.16227766e+05 -7.43543921e+01 
 3.41454887e+05  1.86647181e+01  3.41454887e+05 -6.96339508e+01 
 3.68694506e+05  1.61517689e+01  3.68694506e+05 -6.51162081e+01 
 3.98107171e+05  1.39571711e+01  3.98107171e+05 -6.08123676e+01 
 4.29866235e+05  1.20452591e+01  4.29866235e+05 -5.67285481e+01 
 4.64158883e+05  1.03831529e+01  4.64158883e+05 -5.28667154e+01 
 5.01187234e+05  8.94087842e+00  5.01187234e+05 -4.92255175e+01 
 5.41169527e+05  7.69136388e+00  5.41169527e+05 -4.58010141e+01 
 5.84341413e+05  6.61034855e+00  5.84341413e+05 -4.25873002e+01 
 6.30957344e+05  5.67623259e+00  6.30957344e+05 -3.95770294e+01 
 6.81292069e+05  4.86989116e+00  6.81292069e+05 -3.67618461e+01 
 7.35642254e+05  4.17446981e+00  7.35642254e+05 -3.41327364e+01 
 7.94328235e+05  3.57517373e+00  7.94328235e+05 -3.16803095e+01 
 8.57695899e+05  3.05905977e+00  8.57695899e+05 -2.93950189e+01 
 9.26118728e+05  2.61483719e+00  9.26118728e+05 -2.72673343e+01 
 1.00000000e+06  2.23268071e+00  1.00000000e+06 -2.52878721e+01 
 1.07977516e+06  1.90405821e+00  1.07977516e+06 -2.34474924e+01 
 1.16591440e+06  1.62157365e+00  1.16591440e+06 -2.17373682e+01 
 1.25892541e+06  1.37882564e+00  1.25892541e+06 -2.01490341e+01 
 1.35935639e+06  1.17028085e+00  1.35935639e+06 -1.86744166e+01 
 1.46779927e+06  9.91161605e-01  1.46779927e+06 -1.73058517e+01 
 1.58489319e+06  8.37346686e-01  1.58489319e+06 -1.60360923e+01 
 1.71132830e+06  7.05283983e-01  1.71132830e+06 -1.48583071e+01 
 1.84784980e+06  5.91914071e-01  1.84784980e+06 -1.37660739e+01 
 1.99526231e+06  4.94603450e-01  1.99526231e+06 -1.27533691e+01 
 2.15443469e+06  4.11086414e-01  2.15443469e+06 -1.18145529e+01 
 2.32630507e+06  3.39414545e-01  2.32630507e+06 -1.09443543e+01 
 2.51188643e+06  2.77912914e-01  2.51188643e+06 -1.01378526e+01 
 2.71227258e+06  2.25142162e-01  2.71227258e+06 -9.39046012e+00 
 2.92864456e+06  1.79865718e-01  2.92864456e+06 -8.69790367e+00 
 3.16227766e+06  1.41021483e-01  3.16227766e+06 -8.05620613e+00 
 3.41454887e+06  1.07697404e-01  3.41454887e+06 -7.46166870e+00 
 3.68694506e+06  7.91104229e-02  3.68694506e+06 -6.91085344e+00 
 3.98107171e+06  5.45883406e-02  3.98107171e+06 -6.40056652e+00 
 4.29866235e+06  3.35542050e-02  4.29866235e+06 -5.92784219e+00 
 4.64158883e+06  1.55128814e-02  4.64158883e+06 -5.48992750e+00 
 5.01187234e+06  3.95031275e-05  5.01187234e+06 -5.08426784e+00 
 5.41169527e+06 -1.32304562e-02  5.41169527e+06 -4.70849330e+00 
 5.84341413e+06 -2.46097126e-02  5.84341413e+06 -4.36040579e+00 
 6.30957344e+06 -3.43664993e-02  6.30957344e+06 -4.03796700e+00 
 6.81292069e+06 -4.27308584e-02  6.81292069e+06 -3.73928705e+00 
 7.35642254e+06 -4.99000417e-02  7.35642254e+06 -3.46261397e+00 
 7.94328235e+06 -5.60431466e-02  7.94328235e+06 -3.20632377e+00 
 8.57695899e+06 -6.13050914e-02  8.57695899e+06 -2.96891125e+00 
 9.26118728e+06 -6.58100262e-02  9.26118728e+06 -2.74898140e+00 
 1.00000000e+07 -6.96642553e-02  1.00000000e+07 -2.54524141e+00 
 1.07977516e+07 -7.29587419e-02  1.07977516e+07 -2.35649325e+00 
 1.16591440e+07 -7.57712521e-02  1.16591440e+07 -2.18162673e+00 
 1.25892541e+07 -7.81681891e-02  1.25892541e+07 -2.01961309e+00 
 1.35935639e+07 -8.02061615e-02  1.35935639e+07 -1.86949904e+00 
 1.46779927e+07 -8.19333206e-02  1.46779927e+07 -1.73040121e+00 
 1.58489319e+07 -8.33905006e-02  1.58489319e+07 -1.60150104e+00 
 1.71132830e+07 -8.46121882e-02  1.71132830e+07 -1.48204000e+00 
 1.84784980e+07 -8.56273436e-02  1.84784980e+07 -1.37131521e+00 
 1.99526231e+07 -8.64600954e-02  1.99526231e+07 -1.26867530e+00 
 2.15443469e+07 -8.71303247e-02  2.15443469e+07 -1.17351672e+00 
 2.32630507e+07 -8.76541539e-02  2.32630507e+07 -1.08528018e+00 
 2.51188643e+07 -8.80443540e-02  2.51188643e+07 -1.00344745e+00 
 2.71227258e+07 -8.83106815e-02  2.71227258e+07 -9.27538394e-01 
 2.92864456e+07 -8.84601562e-02  2.92864456e+07 -8.57108260e-01 
 3.16227766e+07 -8.84972891e-02  3.16227766e+07 -7.91745138e-01 
 3.41454887e+07 -8.84242716e-02  3.41454887e+07 -7.31067694e-01 
 3.68694506e+07 -8.82411350e-02  3.68694506e+07 -6.74723075e-01 
 3.98107171e+07 -8.79458925e-02  3.98107171e+07 -6.22385016e-01 
 4.29866235e+07 -8.75346745e-02  4.29866235e+07 -5.73752128e-01 
 4.64158883e+07 -8.70018710e-02  4.64158883e+07 -5.28546366e-01 
 5.01187234e+07 -8.63402963e-02  5.01187234e+07 -4.86511657e-01 
 5.41169527e+07 -8.55413930e-02  5.41169527e+07 -4.47412678e-01 
 5.84341413e+07 -8.45954927e-02  5.84341413e+07 -4.11033769e-01 
 6.30957344e+07 -8.34921526e-02  6.30957344e+07 -3.77177960e-01 
 6.81292069e+07 -8.22205844e-02  6.81292069e+07 -3.45666085e-01 
 7.35642254e+07 -8.07701912e-02  7.35642254e+07 -3.16335937e-01 
 7.94328235e+07 -7.91312181e-02  7.94328235e+07 -2.89041435e-01 
 8.57695899e+07 -7.72955124e-02  8.57695899e+07 -2.63651753e-01 
 9.26118728e+07 -7.52573766e-02  9.26118728e+07 -2.40050334e-01 
 1.00000000e+08 -7.30144728e-02  1.00000000e+08 -2.18133770e-01 
 1.07977516e+08 -7.05687206e-02  1.07977516e+08 -1.97810470e-01 
 1.16591440e+08 -6.79271063e-02  1.16591440e+08 -1.78999116e-01 
 1.25892541e+08 -6.51023058e-02  1.25892541e+08 -1.61626884e-01 
 1.35935639e+08 -6.21130222e-02  1.35935639e+08 -1.45627493e-01 
 1.46779927e+08 -5.89839435e-02  1.46779927e+08 -1.30939139e-01 
 1.58489319e+08 -5.57452621e-02  1.58489319e+08 -1.17502458e-01 
 1.71132830e+08 -5.24317395e-02  1.71132830e+08 -1.05258641e-01 
 1.84784980e+08 -4.90813610e-02  1.84784980e+08 -9.41478655e-02 
 1.99526231e+08 -4.57336818e-02  1.99526231e+08 -8.41081786e-02 
 2.15443469e+08 -4.24280163e-02  2.15443469e+08 -7.50749032e-02 
 2.32630507e+08 -3.92016462e-02  2.32630507e+08 -6.69806078e-02 
 2.51188643e+08 -3.60882204e-02  2.51188643e+08 -5.97555875e-02 
 2.71227258e+08 -3.31164875e-02  2.71227258e+08 -5.33287558e-02 
 2.92864456e+08 -3.03094524e-02  2.92864456e+08 -4.76288034e-02 
 3.16227766e+08 -2.76839861e-02  3.16227766e+08 -4.25854686e-02 
 3.41454887e+08 -2.52508623e-02  3.41454887e+08 -3.81307709e-02 
 3.68694506e+08 -2.30151517e-02  3.68694506e+08 -3.42000933e-02 
 3.98107171e+08 -2.09768778e-02  3.98107171e+08 -3.07330357e-02 
 4.29866235e+08 -1.91318325e-02  4.29866235e+08 -2.76740040e-02 
 4.64158883e+08 -1.74724577e-02  4.64158883e+08 -2.49725367e-02 
 5.01187234e+08 -1.59887136e-02  5.01187234e+08 -2.25833921e-02 
 5.41169527e+08 -1.46688791e-02  5.41169527e+08 -2.04664420e-02 
 5.84341413e+08 -1.35002492e-02  5.84341413e+08 -1.85864169e-02 
 6.30957344e+08 -1.24697134e-02  6.30957344e+08 -1.69125512e-02 
 6.81292069e+08 -1.15642111e-02  6.81292069e+08 -1.54181707e-02 
 7.35642254e+08 -1.07710750e-02  7.35642254e+08 -1.40802561e-02 
 7.94328235e+08 -1.00782724e-02  7.94328235e+08 -1.28790077e-02 
 8.57695899e+08 -9.47456311e-03  8.57695899e+08 -1.17974306e-02 
 9.26118728e+08 -8.94958849e-03  9.26118728e+08 -1.08209514e-02 
 1.00000000e+09 -8.49390865e-03  1.00000000e+09 -9.93707129e-03 
 1.07977516e+09 -8.09900008e-03  1.07977516e+09 -9.13506001e-03 
 1.16591440e+09 -7.75722595e-03  1.16591440e+09 -8.40568857e-03 
 1.25892541e+09 -7.46178792e-03  1.25892541e+09 -7.74099906e-03 
 1.35935639e+09 -7.20666686e-03  1.35935639e+09 -7.13410829e-03 
 1.46779927e+09 -6.98655786e-03  1.46779927e+09 -6.57904153e-03 
 1.58489319e+09 -6.79680347e-03  1.58489319e+09 -6.07059252e-03 
 1.71132830e+09 -6.63332809e-03  1.71132830e+09 -5.60420613e-03 
 1.84784980e+09 -6.49257512e-03  1.84784980e+09 -5.17588014e-03 
 1.99526231e+09 -6.37144822e-03  1.99526231e+09 -4.78208335e-03 
 2.15443469e+09 -6.26725722e-03  2.15443469e+09 -4.41968713e-03 
 2.32630507e+09 -6.17766888e-03  2.32630507e+09 -4.08590827e-03 
 2.51188643e+09 -6.10066256e-03  2.51188643e+09 -3.77826130e-03 
 2.71227258e+09 -6.03449061e-03  2.71227258e+09 -3.49451840e-03 
 2.92864456e+09 -5.97764318e-03  2.92864456e+09 -3.23267582e-03 
 3.16227766e+09 -5.92881711e-03  3.16227766e+09 -2.99092556e-03 
 3.41454887e+09 -5.88688861e-03  3.41454887e+09 -2.76763148e-03 
 3.68694506e+09 -5.85088925e-03  3.68694506e+09 -2.56130890e-03 
 3.98107171e+09 -5.81998503e-03  3.98107171e+09 -2.37060734e-03 
 4.29866235e+09 -5.79345811e-03  4.29866235e+09 -2.19429569e-03 
 4.64158883e+09 -5.77069094e-03  4.64158883e+09 -2.03124943e-03 
 5.01187234e+09 -5.75115245e-03  5.01187234e+09 -1.88043958e-03 
 5.41169527e+09 -5.73438611e-03  5.41169527e+09 -1.74092319e-03 
 5.84341413e+09 -5.71999960e-03  5.84341413e+09 -1.61183487e-03 
 6.30957344e+09 -5.70765586e-03  6.30957344e+09 -1.49237953e-03 
 6.81292069e+09 -5.69706537e-03  6.81292069e+09 -1.38182583e-03 
 7.35642254e+09 -5.68797951e-03  7.35642254e+09 -1.27950051e-03 
 7.94328235e+09 -5.68018480e-03  7.94328235e+09 -1.18478323e-03 
 8.57695899e+09 -5.67349799e-03  8.57695899e+09 -1.09710201e-03 
 9.26118728e+09 -5.66776177e-03  9.26118728e+09 -1.01592919e-03 
 1.00000000e+10 -5.66284111e-03  1.00000000e+10 -9.40777669e-04 
