 1.00000000e+00  2.54840403e+02  1.00000000e+00 -2.82183611e-03 
 1.07977516e+00  2.54840403e+02  1.07977516e+00 -3.04694854e-03 
 1.16591440e+00  2.54840403e+02  1.16591440e+00 -3.29001936e-03 
 1.25892541e+00  2.54840403e+02  1.25892541e+00 -3.55248119e-03 
 1.35935639e+00  2.54840403e+02  1.35935639e+00 -3.83588095e-03 
 1.46779927e+00  2.54840403e+02  1.46779927e+00 -4.14188898e-03 
 1.58489319e+00  2.54840403e+02  1.58489319e+00 -4.47230884e-03 
 1.71132830e+00  2.54840403e+02  1.71132830e+00 -4.82908800e-03 
 1.84784980e+00  2.54840403e+02  1.84784980e+00 -5.21432928e-03 
 1.99526231e+00  2.54840403e+02  1.99526231e+00 -5.63030325e-03 
 2.15443469e+00  2.54840403e+02  2.15443469e+00 -6.07946160e-03 
 2.32630507e+00  2.54840403e+02  2.32630507e+00 -6.56445164e-03 
 2.51188643e+00  2.54840403e+02  2.51188643e+00 -7.08813183e-03 
 2.71227258e+00  2.54840403e+02  2.71227258e+00 -7.65358870e-03 
 2.92864456e+00  2.54840403e+02  2.92864456e+00 -8.26415498e-03 
 3.16227766e+00  2.54840403e+02  3.16227766e+00 -8.92342928e-03 
 3.41454887e+00  2.54840403e+02  3.41454887e+00 -9.63529730e-03 
 3.68694506e+00  2.54840403e+02  3.68694506e+00 -1.04039547e-02 
 3.98107171e+00  2.54840403e+02  3.98107171e+00 -1.12339319e-02 
 4.29866235e+00  2.54840403e+02  4.29866235e+00 -1.21301206e-02 
 4.64158883e+00  2.54840403e+02  4.64158883e+00 -1.30978029e-02 
 5.01187234e+00  2.54840402e+02  5.01187234e+00 -1.41426823e-02 
 5.41169527e+00  2.54840402e+02  5.41169527e+00 -1.52709171e-02 
 5.84341413e+00  2.54840402e+02  5.84341413e+00 -1.64891569e-02 
 6.30957344e+00  2.54840402e+02  6.30957344e+00 -1.78045821e-02 
 6.81292069e+00  2.54840402e+02  6.81292069e+00 -1.92249455e-02 
 7.35642254e+00  2.54840402e+02  7.35642254e+00 -2.07586186e-02 
 7.94328235e+00  2.54840401e+02  7.94328235e+00 -2.24146408e-02 
 8.57695899e+00  2.54840401e+02  8.57695899e+00 -2.42027724e-02 
 9.26118728e+00  2.54840401e+02  9.26118728e+00 -2.61335524e-02 
 1.00000000e+01  2.54840400e+02  1.00000000e+01 -2.82183608e-02 
 1.07977516e+01  2.54840400e+02  1.07977516e+01 -3.04694850e-02 
 1.16591440e+01  2.54840399e+02  1.16591440e+01 -3.29001930e-02 
 1.25892541e+01  2.54840398e+02  1.25892541e+01 -3.55248112e-02 
 1.35935639e+01  2.54840397e+02  1.35935639e+01 -3.83588086e-02 
 1.46779927e+01  2.54840397e+02  1.46779927e+01 -4.14188887e-02 
 1.58489319e+01  2.54840395e+02  1.58489319e+01 -4.47230870e-02 
 1.71132830e+01  2.54840394e+02  1.71132830e+01 -4.82908783e-02 
 1.84784980e+01  2.54840393e+02  1.84784980e+01 -5.21432907e-02 
 1.99526231e+01  2.54840391e+02  1.99526231e+01 -5.63030298e-02 
 2.15443469e+01  2.54840389e+02  2.15443469e+01 -6.07946126e-02 
 2.32630507e+01  2.54840386e+02  2.32630507e+01 -6.56445121e-02 
 2.51188643e+01  2.54840384e+02  2.51188643e+01 -7.08813129e-02 
 2.71227258e+01  2.54840380e+02  2.71227258e+01 -7.65358802e-02 
 2.92864456e+01  2.54840376e+02  2.92864456e+01 -8.26415412e-02 
 3.16227766e+01  2.54840372e+02  3.16227766e+01 -8.92342820e-02 
 3.41454887e+01  2.54840367e+02  3.41454887e+01 -9.63529594e-02 
 3.68694506e+01  2.54840361e+02  3.68694506e+01 -1.04039530e-01 
 3.98107171e+01  2.54840354e+02  3.98107171e+01 -1.12339297e-01 
 4.29866235e+01  2.54840346e+02  4.29866235e+01 -1.21301179e-01 
 4.64158883e+01  2.54840336e+02  4.64158883e+01 -1.30977995e-01 
 5.01187234e+01  2.54840325e+02  5.01187234e+01 -1.41426780e-01 
 5.41169527e+01  2.54840312e+02  5.41169527e+01 -1.52709116e-01 
 5.84341413e+01  2.54840297e+02  5.84341413e+01 -1.64891501e-01 
 6.30957344e+01  2.54840279e+02  6.30957344e+01 -1.78045735e-01 
 6.81292069e+01  2.54840258e+02  6.81292069e+01 -1.92249347e-01 
 7.35642254e+01  2.54840234e+02  7.35642254e+01 -2.07586050e-01 
 7.94328235e+01  2.54840206e+02  7.94328235e+01 -2.24146236e-01 
 8.57695899e+01  2.54840173e+02  8.57695899e+01 -2.42027508e-01 
 9.26118728e+01  2.54840135e+02  9.26118728e+01 -2.61335252e-01 
 1.00000000e+02  2.54840091e+02  1.00000000e+02 -2.82183265e-01 
 1.07977516e+02  2.54840039e+02  1.07977516e+02 -3.04694419e-01 
 1.16591440e+02  2.54839979e+02  1.16591440e+02 -3.29001388e-01 
 1.25892541e+02  2.54839908e+02  1.25892541e+02 -3.55247429e-01 
 1.35935639e+02  2.54839826e+02  1.35935639e+02 -3.83587227e-01 
 1.46779927e+02  2.54839730e+02  1.46779927e+02 -4.14187804e-01 
 1.58489319e+02  2.54839619e+02  1.58489319e+02 -4.47229508e-01 
 1.71132830e+02  2.54839488e+02  1.71132830e+02 -4.82907068e-01 
 1.84784980e+02  2.54839337e+02  1.84784980e+02 -5.21430747e-01 
 1.99526231e+02  2.54839160e+02  1.99526231e+02 -5.63027579e-01 
 2.15443469e+02  2.54838953e+02  2.15443469e+02 -6.07942703e-01 
 2.32630507e+02  2.54838713e+02  2.32630507e+02 -6.56440811e-01 
 2.51188643e+02  2.54838432e+02  2.51188643e+02 -7.08807704e-01 
 2.71227258e+02  2.54838105e+02  2.71227258e+02 -7.65351972e-01 
 2.92864456e+02  2.54837724e+02  2.92864456e+02 -8.26406814e-01 
 3.16227766e+02  2.54837280e+02  3.16227766e+02 -8.92331995e-01 
 3.41454887e+02  2.54836761e+02  3.41454887e+02 -9.63515966e-01 
 3.68694506e+02  2.54836157e+02  3.68694506e+02 -1.04037814e+00 
 3.98107171e+02  2.54835453e+02  3.98107171e+02 -1.12337137e+00 
 4.29866235e+02  2.54834631e+02  4.29866235e+02 -1.21298460e+00 
 4.64158883e+02  2.54833674e+02  4.64158883e+02 -1.30974572e+00 
 5.01187234e+02  2.54832557e+02  5.01187234e+02 -1.41422471e+00 
 5.41169527e+02  2.54831256e+02  5.41169527e+02 -1.52703691e+00 
 5.84341413e+02  2.54829738e+02  5.84341413e+02 -1.64884671e+00 
 6.30957344e+02  2.54827969e+02  6.30957344e+02 -1.78037137e+00 
 6.81292069e+02  2.54825906e+02  6.81292069e+02 -1.92238523e+00 
 7.35642254e+02  2.54823500e+02  7.35642254e+02 -2.07572423e+00 
 7.94328235e+02  2.54820696e+02  7.94328235e+02 -2.24129082e+00 
 8.57695899e+02  2.54817427e+02  8.57695899e+02 -2.42005911e+00 
 9.26118728e+02  2.54813615e+02  9.26118728e+02 -2.61308065e+00 
 1.00000000e+03  2.54809171e+02  1.00000000e+03 -2.82149038e+00 
 1.07977516e+03  2.54803990e+02  1.07977516e+03 -3.04651331e+00 
 1.16591440e+03  2.54797949e+02  1.16591440e+03 -3.28947145e+00 
 1.25892541e+03  2.54790907e+02  1.25892541e+03 -3.55179142e+00 
 1.35935639e+03  2.54782697e+02  1.35935639e+03 -3.83501262e+00 
 1.46779927e+03  2.54773125e+02  1.46779927e+03 -4.14079585e+00 
 1.58489319e+03  2.54761966e+02  1.58489319e+03 -4.47093274e+00 
 1.71132830e+03  2.54748956e+02  1.71132830e+03 -4.82735568e+00 
 1.84784980e+03  2.54733790e+02  1.84784980e+03 -5.21214855e+00 
 1.99526231e+03  2.54716110e+02  1.99526231e+03 -5.62755806e+00 
 2.15443469e+03  2.54695500e+02  2.15443469e+03 -6.07600589e+00 
 2.32630507e+03  2.54671474e+02  2.32630507e+03 -6.56010157e+00 
 2.51188643e+03  2.54643468e+02  2.51188643e+03 -7.08265602e+00 
 2.71227258e+03  2.54610823e+02  2.71227258e+03 -7.64669594e+00 
 2.92864456e+03  2.54572773e+02  2.92864456e+03 -8.25547881e+00 
 3.16227766e+03  2.54528423e+02  3.16227766e+03 -8.91250853e+00 
 3.41454887e+03  2.54476735e+02  3.41454887e+03 -9.62155168e+00 
 3.68694506e+03  2.54416498e+02  3.68694506e+03 -1.03866541e+01 
 3.98107171e+03  2.54346302e+02  3.98107171e+03 -1.12121577e+01 
 4.29866235e+03  2.54264509e+02  4.29866235e+03 -1.21027174e+01 
 4.64158883e+03  2.54169211e+02  4.64158883e+03 -1.30633172e+01 
 5.01187234e+03  2.54058193e+02  5.01187234e+03 -1.40992863e+01 
 5.41169527e+03  2.53928877e+02  5.41169527e+03 -1.52163125e+01 
 5.84341413e+03  2.53778272e+02  5.84341413e+03 -1.64204547e+01 
 6.30957344e+03  2.53602904e+02  6.30957344e+03 -1.77181508e+01 
 6.81292069e+03  2.53398746e+02  6.81292069e+03 -1.91162226e+01 
 7.35642254e+03  2.53161130e+02  7.35642254e+03 -2.06218729e+01 
 7.94328235e+03  2.52884652e+02  7.94328235e+03 -2.22426760e+01 
 8.57695899e+03  2.52563064e+02  8.57695899e+03 -2.39865567e+01 
 9.26118728e+03  2.52189150e+02  9.26118728e+03 -2.58617559e+01 
 1.00000000e+04  2.51754594e+02  1.00000000e+04 -2.78767787e+01 
 1.07977516e+04  2.51249825e+02  1.07977516e+04 -3.00403206e+01 
 1.16591440e+04  2.50663857e+02  1.16591440e+04 -3.23611667e+01 
 1.25892541e+04  2.49984108e+02  1.25892541e+04 -3.48480569e+01 
 1.35935639e+04  2.49196219e+02  1.35935639e+04 -3.75095098e+01 
 1.46779927e+04  2.48283853e+02  1.46779927e+04 -4.03535981e+01 
 1.58489319e+04  2.47228509e+02  1.58489319e+04 -4.33876644e+01 
 1.71132830e+04  2.46009336e+02  1.71132830e+04 -4.66179687e+01 
 1.84784980e+04  2.44602977e+02  1.84784980e+04 -5.00492580e+01 
 1.99526231e+04  2.42983443e+02  1.99526231e+04 -5.36842478e+01 
 2.15443469e+04  2.41122068e+02  2.15443469e+04 -5.75230086e+01 
 2.32630507e+04  2.38987541e+02  2.32630507e+04 -6.15622553e+01 
 2.51188643e+04  2.36546080e+02  2.51188643e+04 -6.57945404e+01 
 2.71227258e+04  2.33761767e+02  2.71227258e+04 -7.02073654e+01 
 2.92864456e+04  2.30597111e+02  2.92864456e+04 -7.47822348e+01 
 3.16227766e+04  2.27013865e+02  3.16227766e+04 -7.94936951e+01 
 3.41454887e+04  2.22974165e+02  3.41454887e+04 -8.43084235e+01 
 3.68694506e+04  2.18442001e+02  3.68694506e+04 -8.91844528e+01 
 3.98107171e+04  2.13385050e+02  3.98107171e+04 -9.40706440e+01 
 4.29866235e+04  2.07776836e+02  4.29866235e+04 -9.89065394e+01 
 4.64158883e+04  2.01599153e+02  4.64158883e+04 -1.03622739e+02 
 5.01187234e+04  1.94844630e+02  5.01187234e+04 -1.08141937e+02 
 5.41169527e+04  1.87519228e+02  5.41169527e+04 -1.12380728e+02 
 5.84341413e+04  1.79644443e+02  5.84341413e+04 -1.16252238e+02 
 6.30957344e+04  1.71258915e+02  6.30957344e+04 -1.19669527e+02 
 6.81292069e+04  1.62419142e+02  6.81292069e+04 -1.22549637e+02 
 7.35642254e+04  1.53199061e+02  7.35642254e+04 -1.24817992e+02 
 7.94328235e+04  1.43688333e+02  7.94328235e+04 -1.26412790e+02 
 8.57695899e+04  1.33989327e+02  8.57695899e+04 -1.27288931e+02 
 9.26118728e+04  1.24212962e+02  9.26118728e+04 -1.27421054e+02 
 1.00000000e+05  1.14473742e+02  1.00000000e+05 -1.26805299e+02 
 1.07977516e+05  1.04884443e+02  1.07977516e+05 -1.25459576e+02 
 1.16591440e+05  9.55509726e+01  1.16591440e+05 -1.23422317e+02 
 1.25892541e+05  8.65678779e+01  1.25892541e+05 -1.20749850e+02 
 1.35935639e+05  7.80149019e+01  1.35935639e+05 -1.17512734e+02 
 1.46779927e+05  6.99548014e+01  1.46779927e+05 -1.13791485e+02 
 1.58489319e+05  6.24324806e+01  1.58489319e+05 -1.09672127e+02 
 1.71132830e+05  5.54753340e+01  1.71132830e+05 -1.05241982e+02 
 1.84784980e+05  4.90945714e+01  1.84784980e+05 -1.00586020e+02 
 1.99526231e+05  4.32872433e+01  1.99526231e+05 -9.57839444e+01 
 2.15443469e+05  3.80386683e+01  2.15443469e+05 -9.09080977e+01 
 2.32630507e+05  3.33249984e+01  2.32630507e+05 -8.60221628e+01 
 2.51188643e+05  2.91157088e+01  2.51188643e+05 -8.11805697e+01 
 2.71227258e+05  2.53758621e+01  2.71227258e+05 -7.64284744e+01 
 2.92864456e+05  2.20680607e+01  2.92864456e+05 -7.18021678e+01 
 3.16227766e+05  1.91540468e+01  3.16227766e+05 -6.73297774e+01 
 3.41454887e+05  1.65959536e+01  3.41454887e+05 -6.30321421e+01 
 3.68694506e+05  1.43572327e+01  3.68694506e+05 -5.89237639e+01 
 3.98107171e+05  1.24033001e+01  3.98107171e+05 -5.50137653e+01 
 4.29866235e+05  1.07019473e+01  4.29866235e+05 -5.13068016e+01 
 4.64158883e+05  9.22356485e+00  4.64158883e+05 -4.78038984e+01 
 5.01187234e+05  7.94122374e+00  5.01187234e+05 -4.45031975e+01 
 5.41169527e+05  6.83064972e+00  5.41169527e+05 -4.14006037e+01 
 5.84341413e+05  5.87012467e+00  5.84341413e+05 -3.84903367e+01 
 6.30957344e+05  5.04033926e+00  6.30957344e+05 -3.57653912e+01 
 6.81292069e+05  4.32421664e+00  6.81292069e+05 -3.32179161e+01 
 7.35642254e+05  3.70672212e+00  7.35642254e+05 -3.08395212e+01 
 7.94328235e+05  3.17466936e+00  7.94328235e+05 -2.86215220e+01 
 8.57695899e+05  2.71653065e+00  8.57695899e+05 -2.65551320e+01 
 9.26118728e+05  2.32225610e+00  9.26118728e+05 -2.46316108e+01 
 1.00000000e+06  1.98310479e+00  1.00000000e+06 -2.28423763e+01 
 1.07977516e+06  1.69148958e+00  1.07977516e+06 -2.11790874e+01 
 1.16591440e+06  1.44083613e+00  1.16591440e+06 -1.96337029e+01 
 1.25892541e+06  1.22545605e+00  1.25892541e+06 -1.81985220e+01 
 1.35935639e+06  1.04043368e+00  1.35935639e+06 -1.68662089e+01 
 1.46779927e+06  8.81525734e-01  1.46779927e+06 -1.56298067e+01 
 1.58489319e+06  7.45072628e-01  1.58489319e+06 -1.44827422e+01 
 1.71132830e+06  6.27920725e-01  1.71132830e+06 -1.34188234e+01 
 1.84784980e+06  5.27354201e-01  1.84784980e+06 -1.24322326e+01 
 1.99526231e+06  4.41035620e-01  1.99526231e+06 -1.15175154e+01 
 2.15443469e+06  3.66954210e-01  2.15443469e+06 -1.06695676e+01 
 2.32630507e+06  3.03380950e-01  2.32630507e+06 -9.88361967e+00 
 2.51188643e+06  2.48829631e-01  2.51188643e+06 -9.15522090e+00 
 2.71227258e+06  2.02023158e-01  2.71227258e+06 -8.48022259e+00 
 2.92864456e+06  1.61864427e-01  2.92864456e+06 -7.85476118e+00 
 3.16227766e+06  1.27411173e-01  3.16227766e+06 -7.27524155e+00 
 3.41454887e+06  9.78542847e-02  3.41454887e+06 -6.73832064e+00 
 3.68694506e+06  7.24991099e-02  3.68694506e+06 -6.24089156e+00 
 3.98107171e+06  5.07493557e-02  3.98107171e+06 -5.78006837e+00 
 4.29866235e+06  3.20932338e-02  4.29866235e+06 -5.35317145e+00 
 4.64158883e+06  1.60915403e-02  4.64158883e+06 -4.95771367e+00 
 5.01187234e+06  2.36740674e-03  5.01187234e+06 -4.59138727e+00 
 5.41169527e+06 -9.40250925e-03  5.41169527e+06 -4.25205143e+00 
 5.84341413e+06 -1.94955927e-02  5.84341413e+06 -3.93772069e+00 
 6.30957344e+06 -2.81497724e-02  6.30957344e+06 -3.64655398e+00 
 6.81292069e+06 -3.55691035e-02  6.81292069e+06 -3.37684438e+00 
 7.35642254e+06 -4.19285590e-02  7.35642254e+06 -3.12700957e+00 
 7.94328235e+06 -4.73781425e-02  7.94328235e+06 -2.89558288e+00 
 8.57695899e+06 -5.20464154e-02  8.57695899e+06 -2.68120497e+00 
 9.26118728e+06 -5.60435228e-02  9.26118728e+06 -2.48261602e+00 
 1.00000000e+07 -5.94637871e-02  1.00000000e+07 -2.29864857e+00 
 1.07977516e+07 -6.23879296e-02  1.07977516e+07 -2.12822075e+00 
 1.16591440e+07 -6.48849738e-02  1.16591440e+07 -1.97033005e+00 
 1.25892541e+07 -6.70138733e-02  1.25892541e+07 -1.82404750e+00 
 1.35935639e+07 -6.88249036e-02  1.35935639e+07 -1.68851230e+00 
 1.46779927e+07 -7.03608498e-02  1.46779927e+07 -1.56292683e+00 
 1.58489319e+07 -7.16580196e-02  1.58489319e+07 -1.44655197e+00 
 1.71132830e+07 -7.27471042e-02  1.71132830e+07 -1.33870284e+00 
 1.84784980e+07 -7.36539090e-02  1.84784980e+07 -1.23874478e+00 
 1.99526231e+07 -7.43999712e-02  1.99526231e+07 -1.14608970e+00 
 2.15443469e+07 -7.50030798e-02  2.15443469e+07 -1.06019265e+00 
 2.32630507e+07 -7.54777112e-02  2.32630507e+07 -9.80548649e-01 
 2.51188643e+07 -7.58353924e-02  2.51188643e+07 -9.06689792e-01 
 2.71227258e+07 -7.60850012e-02  2.71227258e+07 -8.38182555e-01 
 2.92864456e+07 -7.62330134e-02  2.92864456e+07 -7.74625327e-01 
 3.16227766e+07 -7.62837061e-02  3.16227766e+07 -7.15646135e-01 
 3.41454887e+07 -7.62393245e-02  3.41454887e+07 -6.60900566e-01 
 3.68694506e+07 -7.61002217e-02  3.68694506e+07 -6.10069873e-01 
 3.98107171e+07 -7.58649807e-02  3.98107171e+07 -5.62859250e-01 
 4.29866235e+07 -7.55305278e-02  4.29866235e+07 -5.18996269e-01 
 4.64158883e+07 -7.50922495e-02  4.64158883e+07 -4.78229486e-01 
 5.01187234e+07 -7.45441246e-02  5.01187234e+07 -4.40327177e-01 
 5.41169527e+07 -7.38788867e-02  5.41169527e+07 -4.05076230e-01 
 5.84341413e+07 -7.30882316e-02  5.84341413e+07 -3.72281139e-01 
 6.30957344e+07 -7.21630861e-02  6.30957344e+07 -3.41763125e-01 
 6.81292069e+07 -7.10939547e-02  6.81292069e+07 -3.13359325e-01 
 7.35642254e+07 -6.98713555e-02  7.35642254e+07 -2.86922043e-01 
 7.94328235e+07 -6.84863569e-02  7.94328235e+07 -2.62318017e-01 
 8.57695899e+07 -6.69312131e-02  8.57695899e+07 -2.39427667e-01 
 9.26118728e+07 -6.52000865e-02  9.26118728e+07 -2.18144264e-01 
 1.00000000e+08 -6.32898309e-02  1.00000000e+08 -1.98372990e-01 
 1.07977516e+08 -6.12007871e-02  1.07977516e+08 -1.80029833e-01 
 1.16591440e+08 -5.89375264e-02  1.16591440e+08 -1.63040287e-01 
 1.25892541e+08 -5.65094604e-02  1.25892541e+08 -1.47337861e-01 
 1.35935639e+08 -5.39312284e-02  1.35935639e+08 -1.32862405e-01 
 1.46779927e+08 -5.12227765e-02  1.46779927e+08 -1.19558320e-01 
 1.58489319e+08 -4.84090662e-02  1.58489319e+08 -1.07372746e-01 
 1.71132830e+08 -4.55193827e-02  1.71132830e+08 -9.62538490e-02 
 1.84784980e+08 -4.25862649e-02  1.84784980e+08 -8.61493378e-02 
 1.99526231e+08 -3.96441300e-02  1.99526231e+08 -7.70053418e-02 
 2.15443469e+08 -3.67277136e-02  2.15443469e+08 -6.87657320e-02 
 2.32630507e+08 -3.38704745e-02  2.32630507e+08 -6.13719330e-02 
 2.51188643e+08 -3.11031192e-02  2.51188643e+08 -5.47632038e-02 
 2.71227258e+08 -2.84523834e-02  2.71227258e+08 -4.88773132e-02 
 2.92864456e+08 -2.59401634e-02  2.92864456e+08 -4.36514939e-02 
 3.16227766e+08 -2.35830432e-02  3.16227766e+08 -3.90235389e-02 
 3.41454887e+08 -2.13922090e-02  3.41454887e+08 -3.49329068e-02 
 3.68694506e+08 -1.93737001e-02  3.68694506e+08 -3.13217229e-02 
 3.98107171e+08 -1.75289183e-02  3.98107171e+08 -2.81355988e-02 
 4.29866235e+08 -1.58553074e-02  4.29866235e+08 -2.53242262e-02 
 4.64158883e+08 -1.43471155e-02  4.64158883e+08 -2.28417368e-02 
 5.01187234e+08 -1.29961667e-02  5.01187234e+08 -2.06468440e-02 
 5.41169527e+08 -1.17925873e-02  5.41169527e+08 -1.87028004e-02 
 5.84341413e+08 -1.07254491e-02  5.84341413e+08 -1.69772121e-02 
 6.30957344e+08 -9.78331211e-03  6.30957344e+08 -1.54417518e-02 
 6.81292069e+08 -8.95465874e-03  6.81292069e+08 -1.40718100e-02 
 7.35642254e+08 -8.22822654e-03  7.35642254e+08 -1.28461158e-02 
 7.94328235e+08 -7.59324796e-03  7.94328235e+08 -1.17463527e-02 
 8.57695899e+08 -7.03961150e-03  8.57695899e+08 -1.07567878e-02 
 9.26118728e+08 -6.55795865e-03  9.26118728e+08 -9.86392487e-03 
 1.00000000e+09 -6.13973047e-03  1.00000000e+09 -9.05618973e-03 
 1.07977516e+09 -5.77717623e-03  1.07977516e+09 -8.32364933e-03 
 1.16591440e+09 -5.46333473e-03  1.16591440e+09 -7.65776586e-03 
 1.25892541e+09 -5.19199699e-03  1.25892541e+09 -7.05118388e-03 
 1.35935639e+09 -4.95765719e-03  1.35935639e+09 -6.49754805e-03 
 1.46779927e+09 -4.75545697e-03  1.46779927e+09 -5.99134827e-03 
 1.58489319e+09 -4.58112710e-03  1.58489319e+09 -5.52778905e-03 
 1.71132830e+09 -4.43092923e-03  1.71132830e+09 -5.10267978e-03 
 1.84784980e+09 -4.30159963e-03  1.84784980e+09 -4.71234282e-03 
 1.99526231e+09 -4.19029608e-03  1.99526231e+09 -4.35353686e-03 
 2.15443469e+09 -4.09454875e-03  2.15443469e+09 -4.02339294e-03 
 2.32630507e+09 -4.01221529e-03  2.32630507e+09 -3.71936110e-03 
 2.51188643e+09 -3.94144028e-03  2.51188643e+09 -3.43916588e-03 
 2.71227258e+09 -3.88061889e-03  2.71227258e+09 -3.18076906e-03 
 2.92864456e+09 -3.82836460e-03  2.92864456e+09 -2.94233852e-03 
 3.16227766e+09 -3.78348066e-03  3.16227766e+09 -2.72222196e-03 
 3.41454887e+09 -3.74493499e-03  3.41454887e+09 -2.51892476e-03 
 3.68694506e+09 -3.71183814e-03  3.68694506e+09 -2.33109128e-03 
 3.98107171e+09 -3.68342403e-03  3.98107171e+09 -2.15748883e-03 
 4.29866235e+09 -3.65903327e-03  4.29866235e+09 -1.99699404e-03 
 4.64158883e+09 -3.63809850e-03  4.64158883e+09 -1.84858110e-03 
 5.01187234e+09 -3.62013177e-03  5.01187234e+09 -1.71131166e-03 
 5.41169527e+09 -3.60471359e-03  5.41169527e+09 -1.58432595e-03 
 5.84341413e+09 -3.59148341e-03  5.84341413e+09 -1.46683517e-03 
 6.30957344e+09 -3.58013145e-03  6.30957344e+09 -1.35811470e-03 
 6.81292069e+09 -3.57039161e-03  6.81292069e+09 -1.25749818e-03 
 7.35642254e+09 -3.56203534e-03  7.35642254e+09 -1.16437221e-03 
 7.94328235e+09 -3.55486639e-03  7.94328235e+09 -1.07817175e-03 
 8.57695899e+09 -3.54871628e-03  8.57695899e+09 -9.98375841e-04 
 9.26118728e+09 -3.54344037e-03  9.26118728e+09 -9.24503942e-04 
 1.00000000e+10 -3.53891451e-03  1.00000000e+10 -8.56112513e-04 
