 1.00000000e+00  2.82931907e+02  1.00000000e+00 -1.86119670e-03 
 1.07977516e+00  2.82931907e+02  1.07977516e+00 -2.00967397e-03 
 1.16591440e+00  2.82931907e+02  1.16591440e+00 -2.16999604e-03 
 1.25892541e+00  2.82931907e+02  1.25892541e+00 -2.34310782e-03 
 1.35935639e+00  2.82931907e+02  1.35935639e+00 -2.53002963e-03 
 1.46779927e+00  2.82931907e+02  1.46779927e+00 -2.73186316e-03 
 1.58489319e+00  2.82931907e+02  1.58489319e+00 -2.94979798e-03 
 1.71132830e+00  2.82931907e+02  1.71132830e+00 -3.18511860e-03 
 1.84784980e+00  2.82931907e+02  1.84784980e+00 -3.43921195e-03 
 1.99526231e+00  2.82931907e+02  1.99526231e+00 -3.71357564e-03 
 2.15443469e+00  2.82931907e+02  2.15443469e+00 -4.00982674e-03 
 2.32630507e+00  2.82931907e+02  2.32630507e+00 -4.32971132e-03 
 2.51188643e+00  2.82931907e+02  2.51188643e+00 -4.67511474e-03 
 2.71227258e+00  2.82931907e+02  2.71227258e+00 -5.04807278e-03 
 2.92864456e+00  2.82931907e+02  2.92864456e+00 -5.45078360e-03 
 3.16227766e+00  2.82931907e+02  3.16227766e+00 -5.88562075e-03 
 3.41454887e+00  2.82931907e+02  3.41454887e+00 -6.35514710e-03 
 3.68694506e+00  2.82931907e+02  3.68694506e+00 -6.86212999e-03 
 3.98107171e+00  2.82931907e+02  3.98107171e+00 -7.40955752e-03 
 4.29866235e+00  2.82931907e+02  4.29866235e+00 -8.00065618e-03 
 4.64158883e+00  2.82931907e+02  4.64158883e+00 -8.63890982e-03 
 5.01187234e+00  2.82931906e+02  5.01187234e+00 -9.32808025e-03 
 5.41169527e+00  2.82931906e+02  5.41169527e+00 -1.00722294e-02 
 5.84341413e+00  2.82931906e+02  5.84341413e+00 -1.08757431e-02 
 6.30957344e+00  2.82931906e+02  6.30957344e+00 -1.17433573e-02 
 6.81292069e+00  2.82931906e+02  6.81292069e+00 -1.26801855e-02 
 7.35642254e+00  2.82931906e+02  7.35642254e+00 -1.36917493e-02 
 7.94328235e+00  2.82931906e+02  7.94328235e+00 -1.47840109e-02 
 8.57695899e+00  2.82931906e+02  8.57695899e+00 -1.59634077e-02 
 9.26118728e+00  2.82931906e+02  9.26118728e+00 -1.72368912e-02 
 1.00000000e+01  2.82931906e+02  1.00000000e+01 -1.86119669e-02 
 1.07977516e+01  2.82931905e+02  1.07977516e+01 -2.00967396e-02 
 1.16591440e+01  2.82931905e+02  1.16591440e+01 -2.16999603e-02 
 1.25892541e+01  2.82931905e+02  1.25892541e+01 -2.34310781e-02 
 1.35935639e+01  2.82931905e+02  1.35935639e+01 -2.53002961e-02 
 1.46779927e+01  2.82931904e+02  1.46779927e+01 -2.73186313e-02 
 1.58489319e+01  2.82931904e+02  1.58489319e+01 -2.94979795e-02 
 1.71132830e+01  2.82931903e+02  1.71132830e+01 -3.18511856e-02 
 1.84784980e+01  2.82931903e+02  1.84784980e+01 -3.43921190e-02 
 1.99526231e+01  2.82931902e+02  1.99526231e+01 -3.71357558e-02 
 2.15443469e+01  2.82931901e+02  2.15443469e+01 -4.00982666e-02 
 2.32630507e+01  2.82931900e+02  2.32630507e+01 -4.32971122e-02 
 2.51188643e+01  2.82931899e+02  2.51188643e+01 -4.67511462e-02 
 2.71227258e+01  2.82931898e+02  2.71227258e+01 -5.04807262e-02 
 2.92864456e+01  2.82931896e+02  2.92864456e+01 -5.45078340e-02 
 3.16227766e+01  2.82931895e+02  3.16227766e+01 -5.88562050e-02 
 3.41454887e+01  2.82931893e+02  3.41454887e+01 -6.35514678e-02 
 3.68694506e+01  2.82931890e+02  3.68694506e+01 -6.86212959e-02 
 3.98107171e+01  2.82931887e+02  3.98107171e+01 -7.40955702e-02 
 4.29866235e+01  2.82931884e+02  4.29866235e+01 -8.00065555e-02 
 4.64158883e+01  2.82931880e+02  4.64158883e+01 -8.63890903e-02 
 5.01187234e+01  2.82931876e+02  5.01187234e+01 -9.32807925e-02 
 5.41169527e+01  2.82931871e+02  5.41169527e+01 -1.00722281e-01 
 5.84341413e+01  2.82931865e+02  5.84341413e+01 -1.08757415e-01 
 6.30957344e+01  2.82931858e+02  6.30957344e+01 -1.17433553e-01 
 6.81292069e+01  2.82931850e+02  6.81292069e+01 -1.26801830e-01 
 7.35642254e+01  2.82931841e+02  7.35642254e+01 -1.36917462e-01 
 7.94328235e+01  2.82931830e+02  7.94328235e+01 -1.47840069e-01 
 8.57695899e+01  2.82931817e+02  8.57695899e+01 -1.59634027e-01 
 9.26118728e+01  2.82931802e+02  9.26118728e+01 -1.72368848e-01 
 1.00000000e+02  2.82931784e+02  1.00000000e+02 -1.86119590e-01 
 1.07977516e+02  2.82931764e+02  1.07977516e+02 -2.00967296e-01 
 1.16591440e+02  2.82931740e+02  1.16591440e+02 -2.16999476e-01 
 1.25892541e+02  2.82931713e+02  1.25892541e+02 -2.34310622e-01 
 1.35935639e+02  2.82931681e+02  1.35935639e+02 -2.53002761e-01 
 1.46779927e+02  2.82931643e+02  1.46779927e+02 -2.73186061e-01 
 1.58489319e+02  2.82931599e+02  1.58489319e+02 -2.94979478e-01 
 1.71132830e+02  2.82931548e+02  1.71132830e+02 -3.18511456e-01 
 1.84784980e+02  2.82931489e+02  1.84784980e+02 -3.43920687e-01 
 1.99526231e+02  2.82931420e+02  1.99526231e+02 -3.71356925e-01 
 2.15443469e+02  2.82931339e+02  2.15443469e+02 -4.00981870e-01 
 2.32630507e+02  2.82931245e+02  2.32630507e+02 -4.32970119e-01 
 2.51188643e+02  2.82931135e+02  2.51188643e+02 -4.67510199e-01 
 2.71227258e+02  2.82931007e+02  2.71227258e+02 -5.04805673e-01 
 2.92864456e+02  2.82930857e+02  2.92864456e+02 -5.45076340e-01 
 3.16227766e+02  2.82930683e+02  3.16227766e+02 -5.88559531e-01 
 3.41454887e+02  2.82930480e+02  3.41454887e+02 -6.35511508e-01 
 3.68694506e+02  2.82930244e+02  3.68694506e+02 -6.86208968e-01 
 3.98107171e+02  2.82929968e+02  3.98107171e+02 -7.40950677e-01 
 4.29866235e+02  2.82929646e+02  4.29866235e+02 -8.00059229e-01 
 4.64158883e+02  2.82929271e+02  4.64158883e+02 -8.63882939e-01 
 5.01187234e+02  2.82928833e+02  5.01187234e+02 -9.32797900e-01 
 5.41169527e+02  2.82928323e+02  5.41169527e+02 -1.00721019e+00 
 5.84341413e+02  2.82927729e+02  5.84341413e+02 -1.08755826e+00 
 6.30957344e+02  2.82927036e+02  6.30957344e+02 -1.17431552e+00 
 6.81292069e+02  2.82926228e+02  6.81292069e+02 -1.26799311e+00 
 7.35642254e+02  2.82925285e+02  7.35642254e+02 -1.36914291e+00 
 7.94328235e+02  2.82924187e+02  7.94328235e+02 -1.47836078e+00 
 8.57695899e+02  2.82922906e+02  8.57695899e+02 -1.59629002e+00 
 9.26118728e+02  2.82921413e+02  9.26118728e+02 -1.72362523e+00 
 1.00000000e+03  2.82919671e+02  1.00000000e+03 -1.86111626e+00 
 1.07977516e+03  2.82917642e+02  1.07977516e+03 -2.00957271e+00 
 1.16591440e+03  2.82915275e+02  1.16591440e+03 -2.16986856e+00 
 1.25892541e+03  2.82912516e+02  1.25892541e+03 -2.34294733e+00 
 1.35935639e+03  2.82909299e+02  1.35935639e+03 -2.52982759e+00 
 1.46779927e+03  2.82905548e+02  1.46779927e+03 -2.73160880e+00 
 1.58489319e+03  2.82901175e+02  1.58489319e+03 -2.94947778e+00 
 1.71132830e+03  2.82896077e+02  1.71132830e+03 -3.18471549e+00 
 1.84784980e+03  2.82890133e+02  1.84784980e+03 -3.43870447e+00 
 1.99526231e+03  2.82883203e+02  1.99526231e+03 -3.71293678e+00 
 2.15443469e+03  2.82875124e+02  2.15443469e+03 -4.00902249e+00 
 2.32630507e+03  2.82865705e+02  2.32630507e+03 -4.32869886e+00 
 2.51188643e+03  2.82854725e+02  2.51188643e+03 -4.67384018e+00 
 2.71227258e+03  2.82841923e+02  2.71227258e+03 -5.04646828e+00 
 2.92864456e+03  2.82826999e+02  2.92864456e+03 -5.44876376e+00 
 3.16227766e+03  2.82809601e+02  3.16227766e+03 -5.88307808e+00 
 3.41454887e+03  2.82789319e+02  3.41454887e+03 -6.35194630e+00 
 3.68694506e+03  2.82765675e+02  3.68694506e+03 -6.85810075e+00 
 3.98107171e+03  2.82738114e+02  3.98107171e+03 -7.40448551e+00 
 4.29866235e+03  2.82705986e+02  4.29866235e+03 -7.99427161e+00 
 4.64158883e+03  2.82668538e+02  4.64158883e+03 -8.63087320e+00 
 5.01187234e+03  2.82624889e+02  5.01187234e+03 -9.31796430e+00 
 5.41169527e+03  2.82574014e+02  5.41169527e+03 -1.00594964e+01 
 5.84341413e+03  2.82514722e+02  5.84341413e+03 -1.08597166e+01 
 6.30957344e+03  2.82445624e+02  6.30957344e+03 -1.17231861e+01 
 6.81292069e+03  2.82365104e+02  6.81292069e+03 -1.26547987e+01 
 7.35642254e+03  2.82271283e+02  7.35642254e+03 -1.36597999e+01 
 7.94328235e+03  2.82161974e+02  7.94328235e+03 -1.47438045e+01 
 8.57695899e+03  2.82034636e+02  8.57695899e+03 -1.59128137e+01 
 9.26118728e+03  2.81886316e+02  9.26118728e+03 -1.71732305e+01 
 1.00000000e+04  2.81713584e+02  1.00000000e+04 -1.85318720e+01 
 1.07977516e+04  2.81512460e+02  1.07977516e+04 -1.99959780e+01 
 1.16591440e+04  2.81278329e+02  1.16591440e+04 -2.15732144e+01 
 1.25892541e+04  2.81005843e+02  1.25892541e+04 -2.32716689e+01 
 1.35935639e+04  2.80688813e+02  1.35935639e+04 -2.50998382e+01 
 1.46779927e+04  2.80320085e+02  1.46779927e+04 -2.70666010e+01 
 1.58489319e+04  2.79891400e+02  1.58489319e+04 -2.91811771e+01 
 1.71132830e+04  2.79393242e+02  1.71132830e+04 -3.14530643e+01 
 1.84784980e+04  2.78814665e+02  1.84784980e+04 -3.38919513e+01 
 1.99526231e+04  2.78143110e+02  1.99526231e+04 -3.65075977e+01 
 2.15443469e+04  2.77364205e+02  2.15443469e+04 -3.93096756e+01 
 2.32630507e+04  2.76461555e+02  2.32630507e+04 -4.23075638e+01 
 2.51188643e+04  2.75416529e+02  2.51188643e+04 -4.55100846e+01 
 2.71227258e+04  2.74208043e+02  2.71227258e+04 -4.89251735e+01 
 2.92864456e+04  2.72812365e+02  2.92864456e+04 -5.25594704e+01 
 3.16227766e+04  2.71202947e+02  3.16227766e+04 -5.64178215e+01 
 3.41454887e+04  2.69350300e+02  3.41454887e+04 -6.05026816e+01 
 3.68694506e+04  2.67221959e+02  3.68694506e+04 -6.48134103e+01 
 3.98107171e+04  2.64782550e+02  3.98107171e+04 -6.93454597e+01 
 4.29866235e+04  2.61994015e+02  4.29866235e+04 -7.40894575e+01 
 4.64158883e+04  2.58816035e+02  4.64158883e+04 -7.90302036e+01 
 5.01187234e+04  2.55206707e+02  5.01187234e+04 -8.41456117e+01 
 5.41169527e+04  2.51123531e+02  5.41169527e+04 -8.94056466e+01 
 5.84341413e+04  2.46524740e+02  5.84341413e+04 -9.47713353e+01 
 6.30957344e+04  2.41371027e+02  6.30957344e+04 -1.00193953e+02 
 6.81292069e+04  2.35627656e+02  6.81292069e+04 -1.05614514e+02 
 7.35642254e+04  2.29266935e+02  7.35642254e+04 -1.10963719e+02 
 7.94328235e+04  2.22270951e+02  7.94328235e+04 -1.16162514e+02 
 8.57695899e+04  2.14634424e+02  8.57695899e+04 -1.21123416e+02 
 9.26118728e+04  2.06367437e+02  9.26118728e+04 -1.25752709e+02 
 1.00000000e+05  1.97497769e+02  1.00000000e+05 -1.29953554e+02 
 1.07977516e+05  1.88072499e+02  1.07977516e+05 -1.33629943e+02 
 1.16591440e+05  1.78158553e+02  1.16591440e+05 -1.36691298e+02 
 1.25892541e+05  1.67841945e+02  1.25892541e+05 -1.39057402e+02 
 1.35935639e+05  1.57225561e+02  1.35935639e+05 -1.40663204e+02 
 1.46779927e+05  1.46425518e+02  1.46779927e+05 -1.41463018e+02 
 1.58489319e+05  1.35566322e+02  1.58489319e+05 -1.41433616e+02 
 1.71132830e+05  1.24775226e+02  1.71132830e+05 -1.40575857e+02 
 1.84784980e+05  1.14176321e+02  1.84784980e+05 -1.38914626e+02 
 1.99526231e+05  1.03884937e+02  1.99526231e+05 -1.36497093e+02 
 2.15443469e+05  9.40028737e+01  2.15443469e+05 -1.33389527e+02 
 2.32630507e+05  8.46148526e+01  2.32630507e+05 -1.29673037e+02 
 2.51188643e+05  7.57864081e+01  2.51188643e+05 -1.25438745e+02 
 2.71227258e+05  6.75632239e+01  2.71227258e+05 -1.20782861e+02 
 2.92864456e+05  5.99717681e+01  2.92864456e+05 -1.15802126e+02 
 3.16227766e+05  5.30209566e+01  3.16227766e+05 -1.10589907e+02 
 3.41454887e+05  4.67045242e+01  3.41454887e+05 -1.05233151e+02 
 3.68694506e+05  4.10037755e+01  3.68694506e+05 -9.98102596e+01 
 3.98107171e+05  3.58904332e+01  3.98107171e+05 -9.43898135e+01 
 4.29866235e+05  3.13293621e+01  4.29866235e+05 -8.90300660e+01 
 4.64158883e+05  2.72810161e+01  4.64158883e+05 -8.37790326e+01 
 5.01187234e+05  2.37035258e+01  5.01187234e+05 -7.86750256e+01 
 5.41169527e+05  2.05543921e+01  5.41169527e+05 -7.37474852e+01 
 5.84341413e+05  1.77917966e+01  5.84341413e+05 -6.90179764e+01 
 6.30957344e+05  1.53755611e+01  6.30957344e+05 -6.45012533e+01 
 6.81292069e+05  1.32678053e+01  6.81292069e+05 -6.02063154e+01 
 7.35642254e+05  1.14333554e+01  7.35642254e+05 -5.61374057e+01 
 7.94328235e+05  9.83995506e+00  7.94328235e+05 -5.22949203e+01 
 8.57695899e+05  8.45832673e+00  8.57695899e+05 -4.86762134e+01 
 9.26118728e+05  7.26212408e+00  9.26118728e+05 -4.52762936e+01 
 1.00000000e+06  6.22780854e+00  1.00000000e+06 -4.20884139e+01 
 1.07977516e+06  5.33447726e+00  1.07977516e+06 -3.91045633e+01 
 1.16591440e+06  4.56366288e+00  1.16591440e+06 -3.63158698e+01 
 1.25892541e+06  3.89912046e+00  1.25892541e+06 -3.37129256e+01 
 1.35935639e+06  3.32661261e+00  1.35935639e+06 -3.12860455e+01 
 1.46779927e+06  2.83370053e+00  1.46779927e+06 -2.90254697e+01 
 1.58489319e+06  2.40954579e+00  1.58489319e+06 -2.69215189e+01 
 1.71132830e+06  2.04472591e+00  1.71132830e+06 -2.49647117e+01 
 1.84784980e+06  1.73106534e+00  1.84784980e+06 -2.31458498e+01 
 1.99526231e+06  1.46148221e+00  1.99526231e+06 -2.14560795e+01 
 2.15443469e+06  1.22985076e+00  2.15443469e+06 -1.98869315e+01 
 2.32630507e+06  1.03087867e+00  2.32630507e+06 -1.84303466e+01 
 2.51188643e+06  8.59998448e-01  2.51188643e+06 -1.70786879e+01 
 2.71227258e+06  7.13271676e-01  2.71227258e+06 -1.58247446e+01 
 2.92864456e+06  5.87304951e-01  2.92864456e+06 -1.46617280e+01 
 3.16227766e+06  4.79176393e-01  3.16227766e+06 -1.35832627e+01 
 3.41454887e+06  3.86371542e-01  3.41454887e+06 -1.25833739e+01 
 3.68694506e+06  3.06727603e-01  3.68694506e+06 -1.16564719e+01 
 3.98107171e+06  2.38385041e-01  3.98107171e+06 -1.07973353e+01 
 4.29866235e+06  1.79745647e-01  4.29866235e+06 -1.00010926e+01 
 4.64158883e+06  1.29436250e-01  4.64158883e+06 -9.26320350e+00 
 5.01187234e+06  8.62773667e-02  5.01187234e+06 -8.57944053e+00 
 5.41169527e+06  4.92561368e-02  5.41169527e+06 -7.94587028e+00 
 5.84341413e+06  1.75029920e-02  5.84341413e+06 -7.35883536e+00 
 6.30957344e+06 -9.72844873e-03  6.30957344e+06 -6.81493693e+00 
 6.81292069e+06 -3.30786872e-02  6.81292069e+06 -6.31101787e+00 
 7.35642254e+06 -5.30972375e-02  7.35642254e+06 -5.84414680e+00 
 7.94328235e+06 -7.02554303e-02  7.94328235e+06 -5.41160278e+00 
 8.57695899e+06 -8.49574165e-02  8.57695899e+06 -5.01086095e+00 
 9.26118728e+06 -9.75496185e-02  9.26118728e+06 -4.63957891e+00 
 1.00000000e+07 -1.08328844e-01  1.00000000e+07 -4.29558401e+00 
 1.07977516e+07 -1.17549244e-01  1.07977516e+07 -3.97686132e+00 
 1.16591440e+07 -1.25428284e-01  1.16591440e+07 -3.68154244e+00 
 1.25892541e+07 -1.32151853e-01  1.25892541e+07 -3.40789504e+00 
 1.35935639e+07 -1.37878642e-01  1.35935639e+07 -3.15431306e+00 
 1.46779927e+07 -1.42743882e-01  1.46779927e+07 -2.91930761e+00 
 1.58489319e+07 -1.46862541e-01  1.58489319e+07 -2.70149852e+00 
 1.71132830e+07 -1.50332047e-01  1.71132830e+07 -2.49960643e+00 
 1.84784980e+07 -1.53234603e-01  1.84784980e+07 -2.31244549e+00 
 1.99526231e+07 -1.55639156e-01  1.99526231e+07 -2.13891660e+00 
 2.15443469e+07 -1.57603060e-01  2.15443469e+07 -1.97800110e+00 
 2.32630507e+07 -1.59173481e-01  2.32630507e+07 -1.82875499e+00 
 2.51188643e+07 -1.60388585e-01  2.51188643e+07 -1.69030358e+00 
 2.71227258e+07 -1.61278525e-01  2.71227258e+07 -1.56183654e+00 
 2.92864456e+07 -1.61866287e-01  2.92864456e+07 -1.44260341e+00 
 3.16227766e+07 -1.62168388e-01  3.16227766e+07 -1.33190944e+00 
 3.41454887e+07 -1.62195489e-01  3.41454887e+07 -1.22911185e+00 
 3.68694506e+07 -1.61952923e-01  3.68694506e+07 -1.13361639e+00 
 3.98107171e+07 -1.61441184e-01  3.98107171e+07 -1.04487425e+00 
 4.29866235e+07 -1.60656407e-01  4.29866235e+07 -9.62379335e-01 
 4.64158883e+07 -1.59590858e-01  4.64158883e+07 -8.85665751e-01 
 5.01187234e+07 -1.58233496e-01  5.01187234e+07 -8.14305642e-01 
 5.41169527e+07 -1.56570612e-01  5.41169527e+07 -7.47907213e-01 
 5.84341413e+07 -1.54586616e-01  5.84341413e+07 -6.86112967e-01 
 6.30957344e+07 -1.52264977e-01  6.30957344e+07 -6.28598085e-01 
 6.81292069e+07 -1.49589357e-01  6.81292069e+07 -5.75068867e-01 
 7.35642254e+07 -1.46544947e-01  7.35642254e+07 -5.25261165e-01 
 7.94328235e+07 -1.43119986e-01  7.94328235e+07 -4.78938704e-01 
 8.57695899e+07 -1.39307429e-01  8.57695899e+07 -4.35891194e-01 
 9.26118728e+07 -1.35106669e-01  9.26118728e+07 -3.95932131e-01 
 1.00000000e+08 -1.30525209e-01  1.00000000e+08 -3.58896221e-01 
 1.07977516e+08 -1.25580108e-01  1.07977516e+08 -3.24636375e-01 
 1.16591440e+08 -1.20299026e-01  1.16591440e+08 -2.93020314e-01 
 1.25892541e+08 -1.14720684e-01  1.25892541e+08 -2.63926867e-01 
 1.35935639e+08 -1.08894576e-01  1.35935639e+08 -2.37242134e-01 
 1.46779927e+08 -1.02879854e-01  1.46779927e+08 -2.12855763e-01 
 1.58489319e+08 -9.67433785e-02  1.58489319e+08 -1.90657598e-01 
 1.71132830e+08 -9.05570486e-02  1.71132830e+08 -1.70534997e-01 
 1.84784980e+08 -8.43946423e-02  1.84784980e+08 -1.52371022e-01 
 1.99526231e+08 -7.83284509e-02  1.99526231e+08 -1.36043650e-01 
 2.15443469e+08 -7.24260446e-02  2.15443469e+08 -1.21425995e-01 
 2.32630507e+08 -6.67474763e-02  2.32630507e+08 -1.08387440e-01 
 2.51188643e+08 -6.13431596e-02  2.51188643e+08 -9.67954545e-02 
 2.71227258e+08 -5.62525573e-02  2.71227258e+08 -8.65178263e-02 
 2.92864456e+08 -5.15037039e-02  2.92864456e+08 -7.74250112e-02 
 3.16227766e+08 -4.71134860e-02  3.16227766e+08 -6.93923500e-02 
 3.41454887e+08 -4.30885352e-02  3.41454887e+08 -6.23019547e-02 
 3.68694506e+08 -3.94265503e-02  3.68694506e+08 -5.60441447e-02 
 3.98107171e+08 -3.61178609e-02  3.98107171e+08 -5.05183898e-02 
 4.29866235e+08 -3.31470654e-02  4.29866235e+08 -4.56337745e-02 
 4.64158883e+08 -3.04946126e-02  4.64158883e+08 -4.13090449e-02 
 5.01187234e+08 -2.81382327e-02  5.01187234e+08 -3.74723184e-02 
 5.41169527e+08 -2.60541660e-02  5.41169527e+08 -3.40605480e-02 
 5.84341413e+08 -2.42181663e-02  5.84341413e+08 -3.10188244e-02 
 6.30957344e+08 -2.26062823e-02  6.30957344e+08 -2.82995923e-02 
 6.81292069e+08 -2.11954339e-02  6.81292069e+08 -2.58618369e-02 
 7.35642254e+08 -1.99638106e-02  7.35642254e+08 -2.36702856e-02 
 7.94328235e+08 -1.88911234e-02  7.94328235e+08 -2.16946544e-02 
 8.57695899e+08 -1.79587378e-02  8.57695899e+08 -1.99089566e-02 
 9.26118728e+08 -1.71497189e-02  9.26118728e+08 -1.82908832e-02 
 1.00000000e+09 -1.64488103e-02  1.00000000e+09 -1.68212565e-02 
 1.07977516e+09 -1.58423672e-02  1.07977516e+09 -1.54835571e-02 
 1.16591440e+09 -1.53182607e-02  1.16591440e+09 -1.42635159e-02 
 1.25892541e+09 -1.48657649e-02  1.25892541e+09 -1.31487685e-02 
 1.35935639e+09 -1.44754350e-02  1.35935639e+09 -1.21285620e-02 
 1.46779927e+09 -1.41389854e-02  1.46779927e+09 -1.11935086e-02 
 1.58489319e+09 -1.38491699e-02  1.58489319e+09 -1.03353788e-02 
 1.71132830e+09 -1.35996679e-02  1.71132830e+09 -9.54692871e-03 
 1.84784980e+09 -1.33849791e-02  1.84784980e+09 -8.82175569e-03 
 1.99526231e+09 -1.32003263e-02  1.99526231e+09 -8.15417726e-03 
 2.15443469e+09 -1.30415673e-02  2.15443469e+09 -7.53913036e-03 
 2.32630507e+09 -1.29051159e-02  2.32630507e+09 -6.97208665e-03 
 2.51188643e+09 -1.27878710e-02  2.51188643e+09 -6.44898163e-03 
 2.71227258e+09 -1.26871541e-02  2.71227258e+09 -5.96615486e-03 
 2.92864456e+09 -1.26006536e-02  2.92864456e+09 -5.52029961e-03 
 3.16227766e+09 -1.25263768e-02  3.16227766e+09 -5.10842017e-03 
 3.41454887e+09 -1.24626065e-02  3.41454887e+09 -4.72779554e-03 
 3.68694506e+09 -1.24078640e-02  3.68694506e+09 -4.37594846e-03 
 3.98107171e+09 -1.23608770e-02  3.98107171e+09 -4.05061880e-03 
 4.29866235e+09 -1.23205509e-02  4.29866235e+09 -3.74974067e-03 
 4.64158883e+09 -1.22859445e-02  4.64158883e+09 -3.47142253e-03 
 5.01187234e+09 -1.22562488e-02  5.01187234e+09 -3.21392994e-03 
 5.41169527e+09 -1.22307687e-02  5.41169527e+09 -2.97567041e-03 
 5.84341413e+09 -1.22089069e-02  5.84341413e+09 -2.75518011e-03 
 6.30957344e+09 -1.21901506e-02  6.30957344e+09 -2.55111212e-03 
 6.81292069e+09 -1.21740593e-02  6.81292069e+09 -2.36222604e-03 
 7.35642254e+09 -1.21602548e-02  7.35642254e+09 -2.18737863e-03 
 7.94328235e+09 -1.21484125e-02  7.94328235e+09 -2.02551556e-03 
 8.57695899e+09 -1.21382538e-02  8.57695899e+09 -1.87566389e-03 
 9.26118728e+09 -1.21295395e-02  9.26118728e+09 -1.73692538e-03 
 1.00000000e+10 -1.21220644e-02  1.00000000e+10 -1.60847035e-03 
