 1.00000000e+00  2.81390276e+02  1.00000000e+00 -2.79602161e-03 
 1.07977516e+00  2.81390276e+02  1.07977516e+00 -3.01907469e-03 
 1.16591440e+00  2.81390276e+02  1.16591440e+00 -3.25992186e-03 
 1.25892541e+00  2.81390276e+02  1.25892541e+00 -3.51998266e-03 
 1.35935639e+00  2.81390276e+02  1.35935639e+00 -3.80078984e-03 
 1.46779927e+00  2.81390276e+02  1.46779927e+00 -4.10399847e-03 
 1.58489319e+00  2.81390276e+02  1.58489319e+00 -4.43139561e-03 
 1.71132830e+00  2.81390276e+02  1.71132830e+00 -4.78491092e-03 
 1.84784980e+00  2.81390276e+02  1.84784980e+00 -5.16662796e-03 
 1.99526231e+00  2.81390276e+02  1.99526231e+00 -5.57879655e-03 
 2.15443469e+00  2.81390276e+02  2.15443469e+00 -6.02384595e-03 
 2.32630507e+00  2.81390276e+02  2.32630507e+00 -6.50439924e-03 
 2.51188643e+00  2.81390276e+02  2.51188643e+00 -7.02328874e-03 
 2.71227258e+00  2.81390276e+02  2.71227258e+00 -7.58357274e-03 
 2.92864456e+00  2.81390276e+02  2.92864456e+00 -8.18855348e-03 
 3.16227766e+00  2.81390276e+02  3.16227766e+00 -8.84179667e-03 
 3.41454887e+00  2.81390276e+02  3.41454887e+00 -9.54715243e-03 
 3.68694506e+00  2.81390276e+02  3.68694506e+00 -1.03087781e-02 
 3.98107171e+00  2.81390276e+02  3.98107171e+00 -1.11311625e-02 
 4.29866235e+00  2.81390276e+02  4.29866235e+00 -1.20191528e-02 
 4.64158883e+00  2.81390276e+02  4.64158883e+00 -1.29779827e-02 
 5.01187234e+00  2.81390276e+02  5.01187234e+00 -1.40133033e-02 
 5.41169527e+00  2.81390276e+02  5.41169527e+00 -1.51312169e-02 
 5.84341413e+00  2.81390276e+02  5.84341413e+00 -1.63383121e-02 
 6.30957344e+00  2.81390275e+02  6.30957344e+00 -1.76417036e-02 
 6.81292069e+00  2.81390275e+02  6.81292069e+00 -1.90490734e-02 
 7.35642254e+00  2.81390275e+02  7.35642254e+00 -2.05687163e-02 
 7.94328235e+00  2.81390275e+02  7.94328235e+00 -2.22095890e-02 
 8.57695899e+00  2.81390274e+02  8.57695899e+00 -2.39813625e-02 
 9.26118728e+00  2.81390274e+02  9.26118728e+00 -2.58944796e-02 
 1.00000000e+01  2.81390274e+02  1.00000000e+01 -2.79602158e-02 
 1.07977516e+01  2.81390273e+02  1.07977516e+01 -3.01907465e-02 
 1.16591440e+01  2.81390273e+02  1.16591440e+01 -3.25992182e-02 
 1.25892541e+01  2.81390272e+02  1.25892541e+01 -3.51998260e-02 
 1.35935639e+01  2.81390271e+02  1.35935639e+01 -3.80078978e-02 
 1.46779927e+01  2.81390271e+02  1.46779927e+01 -4.10399838e-02 
 1.58489319e+01  2.81390270e+02  1.58489319e+01 -4.43139551e-02 
 1.71132830e+01  2.81390268e+02  1.71132830e+01 -4.78491078e-02 
 1.84784980e+01  2.81390267e+02  1.84784980e+01 -5.16662779e-02 
 1.99526231e+01  2.81390265e+02  1.99526231e+01 -5.57879633e-02 
 2.15443469e+01  2.81390264e+02  2.15443469e+01 -6.02384567e-02 
 2.32630507e+01  2.81390261e+02  2.32630507e+01 -6.50439889e-02 
 2.51188643e+01  2.81390259e+02  2.51188643e+01 -7.02328831e-02 
 2.71227258e+01  2.81390256e+02  2.71227258e+01 -7.58357219e-02 
 2.92864456e+01  2.81390253e+02  2.92864456e+01 -8.18855280e-02 
 3.16227766e+01  2.81390249e+02  3.16227766e+01 -8.84179580e-02 
 3.41454887e+01  2.81390244e+02  3.41454887e+01 -9.54715134e-02 
 3.68694506e+01  2.81390239e+02  3.68694506e+01 -1.03087767e-01 
 3.98107171e+01  2.81390232e+02  3.98107171e+01 -1.11311608e-01 
 4.29866235e+01  2.81390225e+02  4.29866235e+01 -1.20191506e-01 
 4.64158883e+01  2.81390217e+02  4.64158883e+01 -1.29779799e-01 
 5.01187234e+01  2.81390207e+02  5.01187234e+01 -1.40132999e-01 
 5.41169527e+01  2.81390195e+02  5.41169527e+01 -1.51312125e-01 
 5.84341413e+01  2.81390182e+02  5.84341413e+01 -1.63383067e-01 
 6.30957344e+01  2.81390166e+02  6.30957344e+01 -1.76416968e-01 
 6.81292069e+01  2.81390148e+02  6.81292069e+01 -1.90490648e-01 
 7.35642254e+01  2.81390126e+02  7.35642254e+01 -2.05687054e-01 
 7.94328235e+01  2.81390101e+02  7.94328235e+01 -2.22095753e-01 
 8.57695899e+01  2.81390072e+02  8.57695899e+01 -2.39813453e-01 
 9.26118728e+01  2.81390038e+02  9.26118728e+01 -2.58944579e-01 
 1.00000000e+02  2.81389999e+02  1.00000000e+02 -2.79601885e-01 
 1.07977516e+02  2.81389953e+02  1.07977516e+02 -3.01907122e-01 
 1.16591440e+02  2.81389899e+02  1.16591440e+02 -3.25991749e-01 
 1.25892541e+02  2.81389836e+02  1.25892541e+02 -3.51997715e-01 
 1.35935639e+02  2.81389763e+02  1.35935639e+02 -3.80078292e-01 
 1.46779927e+02  2.81389678e+02  1.46779927e+02 -4.10398975e-01 
 1.58489319e+02  2.81389579e+02  1.58489319e+02 -4.43138464e-01 
 1.71132830e+02  2.81389463e+02  1.71132830e+02 -4.78489710e-01 
 1.84784980e+02  2.81389328e+02  1.84784980e+02 -5.16661057e-01 
 1.99526231e+02  2.81389171e+02  1.99526231e+02 -5.57877465e-01 
 2.15443469e+02  2.81388988e+02  2.15443469e+02 -6.02381837e-01 
 2.32630507e+02  2.81388774e+02  2.32630507e+02 -6.50436452e-01 
 2.51188643e+02  2.81388524e+02  2.51188643e+02 -7.02324504e-01 
 2.71227258e+02  2.81388234e+02  2.71227258e+02 -7.58351772e-01 
 2.92864456e+02  2.81387895e+02  2.92864456e+02 -8.18848422e-01 
 3.16227766e+02  2.81387500e+02  3.16227766e+02 -8.84170947e-01 
 3.41454887e+02  2.81387039e+02  3.41454887e+02 -9.54704265e-01 
 3.68694506e+02  2.81386502e+02  3.68694506e+02 -1.03086399e+00 
 3.98107171e+02  2.81385876e+02  3.98107171e+02 -1.11309885e+00 
 4.29866235e+02  2.81385145e+02  4.29866235e+02 -1.20189338e+00 
 4.64158883e+02  2.81384294e+02  4.64158883e+02 -1.29777069e+00 
 5.01187234e+02  2.81383302e+02  5.01187234e+02 -1.40129562e+00 
 5.41169527e+02  2.81382144e+02  5.41169527e+02 -1.51307799e+00 
 5.84341413e+02  2.81380795e+02  5.84341413e+02 -1.63377620e+00 
 6.30957344e+02  2.81379222e+02  6.30957344e+02 -1.76410110e+00 
 6.81292069e+02  2.81377388e+02  6.81292069e+02 -1.90482015e+00 
 7.35642254e+02  2.81375250e+02  7.35642254e+02 -2.05676186e+00 
 7.94328235e+02  2.81372757e+02  7.94328235e+02 -2.22082071e+00 
 8.57695899e+02  2.81369851e+02  8.57695899e+02 -2.39796228e+00 
 9.26118728e+02  2.81366462e+02  9.26118728e+02 -2.58922894e+00 
 1.00000000e+03  2.81362511e+02  1.00000000e+03 -2.79574587e+00 
 1.07977516e+03  2.81357905e+02  1.07977516e+03 -3.01872755e+00 
 1.16591440e+03  2.81352535e+02  1.16591440e+03 -3.25948485e+00 
 1.25892541e+03  2.81346274e+02  1.25892541e+03 -3.51943251e+00 
 1.35935639e+03  2.81338975e+02  1.35935639e+03 -3.80009726e+00 
 1.46779927e+03  2.81330465e+02  1.46779927e+03 -4.10312659e+00 
 1.58489319e+03  2.81320544e+02  1.58489319e+03 -4.43029802e+00 
 1.71132830e+03  2.81308977e+02  1.71132830e+03 -4.78352919e+00 
 1.84784980e+03  2.81295493e+02  1.84784980e+03 -5.16488855e+00 
 1.99526231e+03  2.81279773e+02  1.99526231e+03 -5.57660688e+00 
 2.15443469e+03  2.81261448e+02  2.15443469e+03 -6.02108950e+00 
 2.32630507e+03  2.81240085e+02  2.32630507e+03 -6.50092934e+00 
 2.51188643e+03  2.81215181e+02  2.51188643e+03 -7.01892078e+00 
 2.71227258e+03  2.81186151e+02  2.71227258e+03 -7.57807437e+00 
 2.92864456e+03  2.81152313e+02  2.92864456e+03 -8.18163229e+00 
 3.16227766e+03  2.81112870e+02  3.16227766e+03 -8.83308461e+00 
 3.41454887e+03  2.81066897e+02  3.41454887e+03 -9.53618640e+00 
 3.68694506e+03  2.81013316e+02  3.68694506e+03 -1.02949753e+01 
 3.98107171e+03  2.80950870e+02  3.98107171e+03 -1.11137897e+01 
 4.29866235e+03  2.80878099e+02  4.29866235e+03 -1.19972874e+01 
 4.64158883e+03  2.80793301e+02  4.64158883e+03 -1.29504640e+01 
 5.01187234e+03  2.80694499e+02  5.01187234e+03 -1.39786716e+01 
 5.41169527e+03  2.80579392e+02  5.41169527e+03 -1.50876360e+01 
 5.84341413e+03  2.80445306e+02  5.84341413e+03 -1.62834733e+01 
 6.30957344e+03  2.80289136e+02  6.30957344e+03 -1.75727040e+01 
 6.81292069e+03  2.80107273e+02  6.81292069e+03 -1.89622644e+01 
 7.35642254e+03  2.79895534e+02  7.35642254e+03 -2.04595128e+01 
 7.94328235e+03  2.79649069e+02  7.94328235e+03 -2.20722309e+01 
 8.57695899e+03  2.79362259e+02  8.57695899e+03 -2.38086162e+01 
 9.26118728e+03  2.79028604e+02  9.26118728e+03 -2.56772644e+01 
 1.00000000e+04  2.78640595e+02  1.00000000e+04 -2.76871382e+01 
 1.07977516e+04  2.78189570e+02  1.07977516e+04 -2.98475184e+01 
 1.16591440e+04  2.77665552e+02  1.16591440e+04 -3.21679330e+01 
 1.25892541e+04  2.77057078e+02  1.25892541e+04 -3.46580594e+01 
 1.35935639e+04  2.76351007e+02  1.35935639e+04 -3.73275912e+01 
 1.46779927e+04  2.75532316e+02  1.46779927e+04 -4.01860645e+01 
 1.58489319e+04  2.74583893e+02  1.58489319e+04 -4.32426327e+01 
 1.71132830e+04  2.73486319e+02  1.71132830e+04 -4.65057812e+01 
 1.84784980e+04  2.72217664e+02  1.84784980e+04 -4.99829706e+01 
 1.99526231e+04  2.70753294e+02  1.99526231e+04 -5.36801986e+01 
 2.15443469e+04  2.69065723e+02  2.15443469e+04 -5.76014682e+01 
 2.32630507e+04  2.67124514e+02  2.32630507e+04 -6.17481549e+01 
 2.51188643e+04  2.64896285e+02  2.51188643e+04 -6.61182656e+01 
 2.71227258e+04  2.62344819e+02  2.71227258e+04 -7.07055912e+01 
 2.92864456e+04  2.59431365e+02  2.92864456e+04 -7.54987597e+01 
 3.16227766e+04  2.56115143e+02  3.16227766e+04 -8.04802134e+01 
 3.41454887e+04  2.52354129e+02  3.41454887e+04 -8.56251470e+01 
 3.68694506e+04  2.48106153e+02  3.68694506e+04 -9.09004685e+01 
 3.98107171e+04  2.43330376e+02  3.98107171e+04 -9.62638673e+01 
 4.29866235e+04  2.37989147e+02  4.29866235e+04 -1.01663103e+02 
 4.64158883e+04  2.32050241e+02  4.64158883e+04 -1.07035647e+02 
 5.01187234e+04  2.25489438e+02  5.01187234e+04 -1.12308847e+02 
 5.41169527e+04  2.18293300e+02  5.41169527e+04 -1.17400745e+02 
 5.84341413e+04  2.10462000e+02  5.84341413e+04 -1.22221714e+02 
 6.30957344e+04  2.02011922e+02  6.30957344e+04 -1.26676984e+02 
 6.81292069e+04  1.92977747e+02  6.81292069e+04 -1.30670061e+02 
 7.35642254e+04  1.83413693e+02  7.35642254e+04 -1.34106931e+02 
 7.94328235e+04  1.73393595e+02  7.94328235e+04 -1.36900802e+02 
 8.57695899e+04  1.63009618e+02  8.57695899e+04 -1.38977017e+02 
 9.26118728e+04  1.52369503e+02  9.26118728e+04 -1.40277663e+02 
 1.00000000e+05  1.41592469e+02  1.00000000e+05 -1.40765388e+02 
 1.07977516e+05  1.30804040e+02  1.07977516e+05 -1.40425973e+02 
 1.16591440e+05  1.20130269e+02  1.16591440e+05 -1.39269326e+02 
 1.25892541e+05  1.09691914e+02  1.25892541e+05 -1.37328786e+02 
 1.35935639e+05  9.95991179e+01  1.35935639e+05 -1.34658821e+02 
 1.46779927e+05  8.99470896e+01  1.46779927e+05 -1.31331403e+02 
 1.58489319e+05  8.08130965e+01  1.58489319e+05 -1.27431501e+02 
 1.71132830e+05  7.22549133e+01  1.71132830e+05 -1.23052191e+02 
 1.84784980e+05  6.43106724e+01  1.84784980e+05 -1.18289851e+02 
 1.99526231e+05  5.69999134e+01  1.99526231e+05 -1.13239838e+02 
 2.15443469e+05  5.03255408e+01  2.15443469e+05 -1.07992916e+02 
 2.32630507e+05  4.42763592e+01  2.32630507e+05 -1.02632565e+02 
 2.51188643e+05  3.88298757e+01  2.51188643e+05 -9.72331957e+01 
 2.71227258e+05  3.39551083e+01  2.71227258e+05 -9.18591835e+01 
 2.92864456e+05  2.96152049e+01  2.92864456e+05 -8.65646048e+01 
 3.16227766e+05  2.57697503e+01  3.16227766e+05 -8.13935108e+01 
 3.41454887e+05  2.23766959e+01  3.41454887e+05 -7.63805866e+01 
 3.68694506e+05  1.93938988e+01  3.68694506e+05 -7.15520519e+01 
 3.98107171e+05  1.67802890e+01  3.98107171e+05 -6.69266885e+01 
 4.29866235e+05  1.44967056e+01  4.29866235e+05 -6.25169030e+01 
 4.64158883e+05  1.25064509e+01  4.64158883e+05 -5.83297599e+01 
 5.01187234e+05  1.07756179e+01  5.01187234e+05 -5.43679443e+01 
 5.41169527e+05  9.27323876e+00  5.41169527e+05 -5.06306284e+01 
 5.84341413e+05  7.97130115e+00  5.84341413e+05 -4.71142313e+01 
 6.30957344e+05  6.84466877e+00  6.30957344e+05 -4.38130717e+01 
 6.81292069e+05  5.87093791e+00  6.81292069e+05 -4.07199166e+01 
 7.35642254e+05  5.03025367e+00  7.35642254e+05 -3.78264361e+01 
 7.94328235e+05  4.30510456e+00  7.94328235e+05 -3.51235735e+01 
 8.57695899e+05  3.68010881e+00  8.57695899e+05 -3.26018431e+01 
 9.26118728e+05  3.14180222e+00  9.26118728e+05 -3.02515647e+01 
 1.00000000e+06  2.67843385e+00  1.00000000e+06 -2.80630469e+01 
 1.07977516e+06  2.27977380e+00  1.07977516e+06 -2.60267262e+01 
 1.16591440e+06  1.93693544e+00  1.16591440e+06 -2.41332709e+01 
 1.25892541e+06  1.64221318e+00  1.25892541e+06 -2.23736564e+01 
 1.35935639e+06  1.38893597e+00  1.35935639e+06 -2.07392177e+01 
 1.46779927e+06  1.17133616e+00  1.46779927e+06 -1.92216834e+01 
 1.58489319e+06  9.84432847e-01  1.58489319e+06 -1.78131957e+01 
 1.71132830e+06  8.23928798e-01  1.71132830e+06 -1.65063192e+01 
 1.84784980e+06  6.86119731e-01  1.84784980e+06 -1.52940413e+01 
 1.99526231e+06  5.67814790e-01  1.99526231e+06 -1.41697667e+01 
 2.15443469e+06  4.66267086e-01  2.15443469e+06 -1.31273066e+01 
 2.32630507e+06  3.79113181e-01  2.32630507e+06 -1.21608652e+01 
 2.51188643e+06  3.04320491e-01  2.51188643e+06 -1.12650234e+01 
 2.71227258e+06  2.40141655e-01  2.71227258e+06 -1.04347218e+01 
 2.92864456e+06  1.85075029e-01  2.92864456e+06 -9.66524193e+00 
 3.16227766e+06  1.37830513e-01  3.16227766e+06 -8.95218803e+00 
 3.41454887e+06  9.73000407e-02  3.41454887e+06 -8.29146831e+00 
 3.68694506e+06  6.25321149e-02  3.68694506e+06 -7.67927668e+00 
 3.98107171e+06  3.27098579e-02  3.98107171e+06 -7.11207503e+00 
 4.29866235e+06  7.13210233e-03  4.29866235e+06 -6.58657603e+00 
 4.64158883e+06 -1.48028842e-02  4.64158883e+06 -6.09972675e+00 
 5.01187234e+06 -3.36114015e-02  5.01187234e+06 -5.64869295e+00 
 5.41169527e+06 -4.97363553e-02  5.41169527e+06 -5.23084432e+00 
 5.84341413e+06 -6.35576044e-02  5.84341413e+06 -4.84374040e+00 
 6.30957344e+06 -7.54008474e-02  6.30957344e+06 -4.48511738e+00 
 6.81292069e+06 -8.55452536e-02  6.81292069e+06 -4.15287576e+00 
 7.35642254e+06 -9.42300111e-02  7.35642254e+06 -3.84506867e+00 
 7.94328235e+06 -1.01659943e-01  7.94328235e+06 -3.55989101e+00 
 8.57695899e+06 -1.08010324e-01  8.57695899e+06 -3.29566931e+00 
 9.26118728e+06 -1.13430999e-01  9.26118728e+06 -3.05085225e+00 
 1.00000000e+07 -1.18049920e-01  1.00000000e+07 -2.82400181e+00 
 1.07977516e+07 -1.21976157e-01  1.07977516e+07 -2.61378509e+00 
 1.16591440e+07 -1.25302480e-01  1.16591440e+07 -2.41896666e+00 
 1.25892541e+07 -1.28107551e-01  1.25892541e+07 -2.23840144e+00 
 1.35935639e+07 -1.30457797e-01  1.35935639e+07 -2.07102817e+00 
 1.46779927e+07 -1.32408991e-01  1.46779927e+07 -1.91586325e+00 
 1.58489319e+07 -1.34007600e-01  1.58489319e+07 -1.77199511e+00 
 1.71132830e+07 -1.35291912e-01  1.71132830e+07 -1.63857902e+00 
 1.84784980e+07 -1.36292994e-01  1.84784980e+07 -1.51483221e+00 
 1.99526231e+07 -1.37035484e-01  1.99526231e+07 -1.40002947e+00 
 2.15443469e+07 -1.37538265e-01  2.15443469e+07 -1.29349901e+00 
 2.32630507e+07 -1.37815019e-01  2.32630507e+07 -1.19461879e+00 
 2.51188643e+07 -1.37874706e-01  2.51188643e+07 -1.10281304e+00 
 2.71227258e+07 -1.37721971e-01  2.71227258e+07 -1.01754916e+00 
 2.92864456e+07 -1.37357504e-01  2.92864456e+07 -9.38334915e-01 
 3.16227766e+07 -1.36778393e-01  3.16227766e+07 -8.64715898e-01 
 3.41454887e+07 -1.35978471e-01  3.41454887e+07 -7.96273243e-01 
 3.68694506e+07 -1.34948702e-01  3.68694506e+07 -7.32621608e-01 
 3.98107171e+07 -1.33677629e-01  3.98107171e+07 -6.73407372e-01 
 4.29866235e+07 -1.32151915e-01  4.29866235e+07 -6.18307019e-01 
 4.64158883e+07 -1.30357014e-01  4.64158883e+07 -5.67025685e-01 
 5.01187234e+07 -1.28277984e-01  5.01187234e+07 -5.19295802e-01 
 5.41169527e+07 -1.25900474e-01  5.41169527e+07 -4.74875781e-01 
 5.84341413e+07 -1.23211879e-01  5.84341413e+07 -4.33548672e-01 
 6.30957344e+07 -1.20202654e-01  6.30957344e+07 -3.95120698e-01 
 6.81292069e+07 -1.16867727e-01  6.81292069e+07 -3.59419588e-01 
 7.35642254e+07 -1.13207950e-01  7.35642254e+07 -3.26292636e-01 
 7.94328235e+07 -1.09231461e-01  7.94328235e+07 -2.95604416e-01 
 8.57695899e+07 -1.04954822e-01  8.57695899e+07 -2.67234145e-01 
 9.26118728e+07 -1.00403769e-01  9.26118728e+07 -2.41072727e-01 
 1.00000000e+08 -9.56134367e-02  1.00000000e+08 -2.17019567e-01 
 1.07977516e+08 -9.06279106e-02  1.07977516e+08 -1.94979335e-01 
 1.16591440e+08 -8.54990820e-02  1.16591440e+08 -1.74858873e-01 
 1.25892541e+08 -8.02848092e-02  1.25892541e+08 -1.56564498e-01 
 1.35935639e+08 -7.50465195e-02  1.35935639e+08 -1.39999926e-01 
 1.46779927e+08 -6.98464549e-02  1.46779927e+08 -1.25064966e-01 
 1.58489319e+08 -6.47448267e-02  1.58489319e+08 -1.11655104e-01 
 1.71132830e+08 -5.97971566e-02  1.71132830e+08 -9.96619155e-02 
 1.84784980e+08 -5.50520520e-02  1.84784980e+08 -8.89742051e-02 
 1.99526231e+08 -5.05495937e-02  1.99526231e+08 -7.94796695e-02 
 2.15443469e+08 -4.63204244e-02  2.15443469e+08 -7.10668342e-02 
 2.32630507e+08 -4.23855324e-02  2.32630507e+08 -6.36270310e-02 
 2.51188643e+08 -3.87566473e-02  2.51188643e+08 -5.70562085e-02 
 2.71227258e+08 -3.54371118e-02  2.71227258e+08 -5.12564276e-02 
 2.92864456e+08 -3.24230727e-02  2.92864456e+08 -4.61369610e-02 
 3.16227766e+08 -2.97048332e-02  3.16227766e+08 -4.16149742e-02 
 3.41454887e+08 -2.72682346e-02  3.41454887e+08 -3.76158130e-02 
 3.68694506e+08 -2.50959644e-02  3.68694506e+08 -3.40729553e-02 
 3.98107171e+08 -2.31687217e-02  3.98107171e+08 -3.09276999e-02 
 4.29866235e+08 -2.14662035e-02  4.29866235e+08 -2.81286676e-02 
 4.64158883e+08 -1.99679001e-02  4.64158883e+08 -2.56311852e-02 
 5.01187234e+08 -1.86537050e-02  5.01187234e+08 -2.33966101e-02 
 5.41169527e+08 -1.75043573e-02  5.41169527e+08 -2.13916432e-02 
 5.84341413e+08 -1.65017418e-02  5.84341413e+08 -1.95876623e-02 
 6.30957344e+08 -1.56290707e-02  6.30957344e+08 -1.79600977e-02 
 6.81292069e+08 -1.48709737e-02  6.81292069e+08 -1.64878644e-02 
 7.35642254e+08 -1.42135179e-02  7.35642254e+08 -1.51528550e-02 
 7.94328235e+08 -1.36441782e-02  7.94328235e+08 -1.39394953e-02 
 8.57695899e+08 -1.31517728e-02  8.57695899e+08 -1.28343599e-02 
 9.26118728e+08 -1.27263772e-02  9.26118728e+08 -1.18258424e-02 
 1.00000000e+09 -1.23592259e-02  1.00000000e+09 -1.09038757e-02 
 1.07977516e+09 -1.20426093e-02  1.07977516e+09 -1.00596954e-02 
 1.16591440e+09 -1.17697703e-02  1.16591440e+09 -9.28564100e-03 
 1.25892541e+09 -1.15348045e-02  1.25892541e+09 -8.57498968e-03 
 1.35935639e+09 -1.13325657e-02  1.35935639e+09 -7.92181661e-03 
 1.46779927e+09 -1.11585786e-02  1.46779927e+09 -7.32087875e-03 
 1.58489319e+09 -1.10089585e-02  1.58489319e+09 -6.76751744e-03 
 1.71132830e+09 -1.08803389e-02  1.71132830e+09 -6.25757706e-03 
 1.84784980e+09 -1.07698066e-02  1.84784980e+09 -5.78733681e-03 
 1.99526231e+09 -1.06748437e-02  1.99526231e+09 -5.35345351e-03 
 2.15443469e+09 -1.05932760e-02  2.15443469e+09 -4.95291334e-03 
 2.32630507e+09 -1.05232282e-02  2.32630507e+09 -4.58299122e-03 
 2.51188643e+09 -1.04630838e-02  2.51188643e+09 -4.24121623e-03 
 2.71227258e+09 -1.04114503e-02  2.71227258e+09 -3.92534232e-03 
 2.92864456e+09 -1.03671293e-02  2.92864456e+09 -3.63332315e-03 
 3.16227766e+09 -1.03290892e-02  3.16227766e+09 -3.36329057e-03 
 3.41454887e+09 -1.02964432e-02  3.41454887e+09 -3.11353595e-03 
 3.68694506e+09 -1.02684287e-02  3.68694506e+09 -2.88249409e-03 
 3.98107171e+09 -1.02443903e-02  3.98107171e+09 -2.66872909e-03 
 4.29866235e+09 -1.02237650e-02  4.29866235e+09 -2.47092208e-03 
 4.64158883e+09 -1.02060691e-02  4.64158883e+09 -2.28786026e-03 
 5.01187234e+09 -1.01908872e-02  5.01187234e+09 -2.11842739e-03 
 5.41169527e+09 -1.01778626e-02  5.41169527e+09 -1.96159519e-03 
 5.84341413e+09 -1.01666893e-02  5.84341413e+09 -1.81641570e-03 
 6.30957344e+09 -1.01571043e-02  6.30957344e+09 -1.68201452e-03 
 6.81292069e+09 -1.01488820e-02  6.81292069e+09 -1.55758460e-03 
 7.35642254e+09 -1.01418289e-02  7.35642254e+09 -1.44238072e-03 
 7.94328235e+09 -1.01357789e-02  7.94328235e+09 -1.33571446e-03 
 8.57695899e+09 -1.01305892e-02  8.57695899e+09 -1.23694967e-03 
 9.26118728e+09 -1.01261378e-02  9.26118728e+09 -1.14549830e-03 
 1.00000000e+10 -1.01223195e-02  1.00000000e+10 -1.06081662e-03 
