 1.00000000e+00  2.78849613e+02  1.00000000e+00 -4.82011910e-03 
 1.07977516e+00  2.78849613e+02  1.07977516e+00 -5.20464488e-03 
 1.16591440e+00  2.78849613e+02  1.16591440e+00 -5.61984627e-03 
 1.25892541e+00  2.78849613e+02  1.25892541e+00 -6.06817042e-03 
 1.35935639e+00  2.78849613e+02  1.35935639e+00 -6.55225970e-03 
 1.46779927e+00  2.78849613e+02  1.46779927e+00 -7.07496728e-03 
 1.58489319e+00  2.78849613e+02  1.58489319e+00 -7.63937394e-03 
 1.71132830e+00  2.78849613e+02  1.71132830e+00 -8.24880623e-03 
 1.84784980e+00  2.78849613e+02  1.84784980e+00 -8.90685609e-03 
 1.99526231e+00  2.78849613e+02  1.99526231e+00 -9.61740198e-03 
 2.15443469e+00  2.78849613e+02  2.15443469e+00 -1.03846318e-02 
 2.32630507e+00  2.78849613e+02  2.32630507e+00 -1.12130675e-02 
 2.51188643e+00  2.78849613e+02  2.51188643e+00 -1.21075917e-02 
 2.71227258e+00  2.78849613e+02  2.71227258e+00 -1.30734768e-02 
 2.92864456e+00  2.78849612e+02  2.92864456e+00 -1.41164156e-02 
 3.16227766e+00  2.78849612e+02  3.16227766e+00 -1.52425549e-02 
 3.41454887e+00  2.78849612e+02  3.41454887e+00 -1.64585322e-02 
 3.68694506e+00  2.78849612e+02  3.68694506e+00 -1.77715142e-02 
 3.98107171e+00  2.78849612e+02  3.98107171e+00 -1.91892397e-02 
 4.29866235e+00  2.78849612e+02  4.29866235e+00 -2.07200644e-02 
 4.64158883e+00  2.78849611e+02  4.64158883e+00 -2.23730108e-02 
 5.01187234e+00  2.78849611e+02  5.01187234e+00 -2.41578214e-02 
 5.41169527e+00  2.78849611e+02  5.41169527e+00 -2.60850155e-02 
 5.84341413e+00  2.78849610e+02  5.84341413e+00 -2.81659518e-02 
 6.30957344e+00  2.78849610e+02  6.30957344e+00 -3.04128951e-02 
 6.81292069e+00  2.78849609e+02  6.81292069e+00 -3.28390887e-02 
 7.35642254e+00  2.78849609e+02  7.35642254e+00 -3.54588322e-02 
 7.94328235e+00  2.78849608e+02  7.94328235e+00 -3.82875662e-02 
 8.57695899e+00  2.78849607e+02  8.57695899e+00 -4.13419629e-02 
 9.26118728e+00  2.78849606e+02  9.26118728e+00 -4.46400245e-02 
 1.00000000e+01  2.78849605e+02  1.00000000e+01 -4.82011895e-02 
 1.07977516e+01  2.78849603e+02  1.07977516e+01 -5.20464470e-02 
 1.16591440e+01  2.78849602e+02  1.16591440e+01 -5.61984604e-02 
 1.25892541e+01  2.78849600e+02  1.25892541e+01 -6.06817013e-02 
 1.35935639e+01  2.78849598e+02  1.35935639e+01 -6.55225934e-02 
 1.46779927e+01  2.78849595e+02  1.46779927e+01 -7.07496683e-02 
 1.58489319e+01  2.78849592e+02  1.58489319e+01 -7.63937337e-02 
 1.71132830e+01  2.78849589e+02  1.71132830e+01 -8.24880552e-02 
 1.84784980e+01  2.78849585e+02  1.84784980e+01 -8.90685519e-02 
 1.99526231e+01  2.78849580e+02  1.99526231e+01 -9.61740085e-02 
 2.15443469e+01  2.78849574e+02  2.15443469e+01 -1.03846304e-01 
 2.32630507e+01  2.78849568e+02  2.32630507e+01 -1.12130657e-01 
 2.51188643e+01  2.78849561e+02  2.51188643e+01 -1.21075895e-01 
 2.71227258e+01  2.78849552e+02  2.71227258e+01 -1.30734740e-01 
 2.92864456e+01  2.78849542e+02  2.92864456e+01 -1.41164120e-01 
 3.16227766e+01  2.78849530e+02  3.16227766e+01 -1.52425504e-01 
 3.41454887e+01  2.78849516e+02  3.41454887e+01 -1.64585265e-01 
 3.68694506e+01  2.78849500e+02  3.68694506e+01 -1.77715071e-01 
 3.98107171e+01  2.78849481e+02  3.98107171e+01 -1.91892307e-01 
 4.29866235e+01  2.78849459e+02  4.29866235e+01 -2.07200530e-01 
 4.64158883e+01  2.78849434e+02  4.64158883e+01 -2.23729966e-01 
 5.01187234e+01  2.78849404e+02  5.01187234e+01 -2.41578034e-01 
 5.41169527e+01  2.78849369e+02  5.41169527e+01 -2.60849929e-01 
 5.84341413e+01  2.78849329e+02  5.84341413e+01 -2.81659233e-01 
 6.30957344e+01  2.78849282e+02  6.30957344e+01 -3.04128593e-01 
 6.81292069e+01  2.78849227e+02  6.81292069e+01 -3.28390436e-01 
 7.35642254e+01  2.78849162e+02  7.35642254e+01 -3.54587755e-01 
 7.94328235e+01  2.78849088e+02  7.94328235e+01 -3.82874948e-01 
 8.57695899e+01  2.78849000e+02  8.57695899e+01 -4.13418730e-01 
 9.26118728e+01  2.78848899e+02  9.26118728e+01 -4.46399114e-01 
 1.00000000e+02  2.78848780e+02  1.00000000e+02 -4.82010471e-01 
 1.07977516e+02  2.78848642e+02  1.07977516e+02 -5.20462676e-01 
 1.16591440e+02  2.78848481e+02  1.16591440e+02 -5.61982346e-01 
 1.25892541e+02  2.78848293e+02  1.25892541e+02 -6.06814170e-01 
 1.35935639e+02  2.78848074e+02  1.35935639e+02 -6.55222355e-01 
 1.46779927e+02  2.78847819e+02  1.46779927e+02 -7.07492177e-01 
 1.58489319e+02  2.78847521e+02  1.58489319e+02 -7.63931665e-01 
 1.71132830e+02  2.78847174e+02  1.71132830e+02 -8.24873411e-01 
 1.84784980e+02  2.78846769e+02  1.84784980e+02 -8.90676529e-01 
 1.99526231e+02  2.78846297e+02  1.99526231e+02 -9.61728767e-01 
 2.15443469e+02  2.78845747e+02  2.15443469e+02 -1.03844879e+00 
 2.32630507e+02  2.78845106e+02  2.32630507e+02 -1.12128863e+00 
 2.51188643e+02  2.78844358e+02  2.51188643e+02 -1.21073637e+00 
 2.71227258e+02  2.78843486e+02  2.71227258e+02 -1.30731897e+00 
 2.92864456e+02  2.78842470e+02  2.92864456e+02 -1.41160541e+00 
 3.16227766e+02  2.78841285e+02  3.16227766e+02 -1.52420999e+00 
 3.41454887e+02  2.78839903e+02  3.41454887e+02 -1.64579593e+00 
 3.68694506e+02  2.78838292e+02  3.68694506e+02 -1.77707931e+00 
 3.98107171e+02  2.78836413e+02  3.98107171e+02 -1.91883317e+00 
 4.29866235e+02  2.78834224e+02  4.29866235e+02 -2.07189214e+00 
 4.64158883e+02  2.78831670e+02  4.64158883e+02 -2.23715719e+00 
 5.01187234e+02  2.78828694e+02  5.01187234e+02 -2.41560099e+00 
 5.41169527e+02  2.78825223e+02  5.41169527e+02 -2.60827350e+00 
 5.84341413e+02  2.78821177e+02  5.84341413e+02 -2.81630808e+00 
 6.30957344e+02  2.78816459e+02  6.30957344e+02 -3.04092809e+00 
 6.81292069e+02  2.78810959e+02  6.81292069e+02 -3.28345387e+00 
 7.35642254e+02  2.78804547e+02  7.35642254e+02 -3.54531043e+00 
 7.94328235e+02  2.78797072e+02  7.94328235e+02 -3.82803554e+00 
 8.57695899e+02  2.78788356e+02  8.57695899e+02 -4.13328853e+00 
 9.26118728e+02  2.78778195e+02  9.26118728e+02 -4.46285969e+00 
 1.00000000e+03  2.78766350e+02  1.00000000e+03 -4.81868036e+00 
 1.07977516e+03  2.78752540e+02  1.07977516e+03 -5.20283371e+00 
 1.16591440e+03  2.78736441e+02  1.16591440e+03 -5.61756628e+00 
 1.25892541e+03  2.78717673e+02  1.25892541e+03 -6.06530027e+00 
 1.35935639e+03  2.78695794e+02  1.35935639e+03 -6.54864668e+00 
 1.46779927e+03  2.78670289e+02  1.46779927e+03 -7.07041918e+00 
 1.58489319e+03  2.78640559e+02  1.58489319e+03 -7.63364883e+00 
 1.71132830e+03  2.78605905e+02  1.71132830e+03 -8.24159964e+00 
 1.84784980e+03  2.78565511e+02  1.84784980e+03 -8.89778484e+00 
 1.99526231e+03  2.78518430e+02  1.99526231e+03 -9.60598389e+00 
 2.15443469e+03  2.78463558e+02  2.15443469e+03 -1.03702601e+01 
 2.32630507e+03  2.78399610e+02  2.32630507e+03 -1.11949787e+01 
 2.51188643e+03  2.78325088e+02  2.51188643e+03 -1.20848255e+01 
 2.71227258e+03  2.78238252e+02  2.71227258e+03 -1.30448247e+01 
 2.92864456e+03  2.78137078e+02  2.92864456e+03 -1.40803578e+01 
 3.16227766e+03  2.78019210e+02  3.16227766e+03 -1.51971801e+01 
 3.41454887e+03  2.77881912e+02  3.41454887e+03 -1.64014369e+01 
 3.68694506e+03  2.77722005e+02  3.68694506e+03 -1.76996769e+01 
 3.98107171e+03  2.77535800e+02  3.98107171e+03 -1.90988624e+01 
 4.29866235e+03  2.77319016e+02  4.29866235e+03 -2.06063750e+01 
 4.64158883e+03  2.77066691e+02  4.64158883e+03 -2.22300146e+01 
 5.01187234e+03  2.76773080e+02  5.01187234e+03 -2.39779905e+01 
 5.41169527e+03  2.76431540e+02  5.41169527e+03 -2.58589010e+01 
 5.84341413e+03  2.76034396e+02  5.84341413e+03 -2.78816993e+01 
 6.30957344e+03  2.75572797e+02  6.30957344e+03 -3.00556407e+01 
 6.81292069e+03  2.75036558e+02  6.81292069e+03 -3.23902069e+01 
 7.35642254e+03  2.74413976e+02  7.35642254e+03 -3.48950022e+01 
 7.94328235e+03  2.73691648e+02  7.94328235e+03 -3.75796140e+01 
 8.57695899e+03  2.72854260e+02  8.57695899e+03 -4.04534298e+01 
 9.26118728e+03  2.71884382e+02  9.26118728e+03 -4.35254022e+01 
 1.00000000e+04  2.70762254e+02  1.00000000e+04 -4.68037524e+01 
 1.07977516e+04  2.69465583e+02  1.07977516e+04 -5.02955998e+01 
 1.16591440e+04  2.67969364e+02  1.16591440e+04 -5.40065085e+01 
 1.25892541e+04  2.66245738e+02  1.25892541e+04 -5.79399401e+01 
 1.35935639e+04  2.64263914e+02  1.35935639e+04 -6.20966033e+01 
 1.46779927e+04  2.61990195e+02  1.46779927e+04 -6.64736972e+01 
 1.58489319e+04  2.59388126e+02  1.58489319e+04 -7.10640489e+01 
 1.71132830e+04  2.56418826e+02  1.71132830e+04 -7.58551567e+01 
 1.84784980e+04  2.53041547e+02  1.84784980e+04 -8.08281646e+01 
 1.99526231e+04  2.49214516e+02  1.99526231e+04 -8.59568094e+01 
 2.15443469e+04  2.44896098e+02  2.15443469e+04 -9.12064056e+01 
 2.32630507e+04  2.40046340e+02  2.32630507e+04 -9.65329588e+01 
 2.51188643e+04  2.34628896e+02  2.51188643e+04 -1.01882525e+02 
 2.71227258e+04  2.28613325e+02  2.71227258e+04 -1.07190952e+02 
 2.92864456e+04  2.21977692e+02  2.92864456e+04 -1.12384172e+02 
 3.16227766e+04  2.14711359e+02  3.16227766e+04 -1.17379174e+02 
 3.41454887e+04  2.06817755e+02  3.41454887e+04 -1.22085811e+02 
 3.68694506e+04  1.98316872e+02  3.68694506e+04 -1.26409501e+02 
 3.98107171e+04  1.89247180e+02  3.98107171e+04 -1.30254789e+02 
 4.29866235e+04  1.79666627e+02  4.29866235e+04 -1.33529657e+02 
 4.64158883e+04  1.69652446e+02  4.64158883e+04 -1.36150296e+02 
 5.01187234e+04  1.59299561e+02  5.01187234e+04 -1.38045942e+02 
 5.41169527e+04  1.48717564e+02  5.41169527e+04 -1.39163326e+02 
 5.84341413e+04  1.38026388e+02  5.84341413e+04 -1.39470215e+02 
 6.30957344e+04  1.27351012e+02  6.30957344e+04 -1.38957649e+02 
 6.81292069e+04  1.16815682e+02  6.81292069e+04 -1.37640568e+02 
 7.35642254e+04  1.06538194e+02  7.35642254e+04 -1.35556764e+02 
 7.94328235e+04  9.66248137e+01  7.94328235e+04 -1.32764285e+02 
 8.57695899e+04  8.71662432e+01  8.57695899e+04 -1.29337617e+02 
 9.26118728e+04  7.82349569e+01  9.26118728e+04 -1.25363097e+02 
 1.00000000e+05  6.98839701e+01  1.00000000e+05 -1.20934044e+02 
 1.07977516e+05  6.21469686e+01  1.07977516e+05 -1.16146071e+02 
 1.16591440e+05  5.50395695e+01  1.16591440e+05 -1.11092951e+02 
 1.25892541e+05  4.85614119e+01  1.25892541e+05 -1.05863251e+02 
 1.35935639e+05  4.26987506e+01  1.35935639e+05 -1.00537869e+02 
 1.46779927e+05  3.74272538e+01  1.46779927e+05 -9.51884426e+01 
 1.58489319e+05  3.27147593e+01  1.58489319e+05 -8.98765565e+01 
 1.71132830e+05  2.85238109e+01  1.71132830e+05 -8.46536109e+01 
 1.84784980e+05  2.48138668e+01  1.84784980e+05 -7.95611860e+01 
 1.99526231e+05  2.15431284e+01  1.99526231e+05 -7.46317582e+01 
 2.15443469e+05  1.86699831e+01  2.15443469e+05 -6.98896289e+01 
 2.32630507e+05  1.61540860e+01  2.32630507e+05 -6.53519567e+01 
 2.51188643e+05  1.39571239e+01  2.51188643e+05 -6.10298080e+01 
 2.71227258e+05  1.20433118e+01  2.71227258e+05 -5.69291693e+01 
 2.92864456e+05  1.03796745e+01  2.92864456e+05 -5.30518813e+01 
 3.16227766e+05  8.93616250e+00  3.16227766e+05 -4.93964756e+01 
 3.41454887e+05  7.68564422e+00  3.41454887e+05 -4.59589047e+01 
 3.68694506e+05  6.60381172e+00  3.68694506e+05 -4.27331652e+01 
 3.98107171e+05  5.66902790e+00  3.98107171e+05 -3.97118212e+01 
 4.29866235e+05  4.86213851e+00  4.29866235e+05 -3.68864358e+01 
 4.64158883e+05  4.16626582e+00  4.64158883e+05 -3.42479211e+01 
 5.01187234e+05  3.56659658e+00  5.01187234e+05 -3.17868194e+01 
 5.41169527e+05  3.05017298e+00  5.41169527e+05 -2.94935236e+01 
 5.84341413e+05  2.60569258e+00  5.84341413e+05 -2.73584483e+01 
 6.30957344e+05  2.22332077e+00  6.30957344e+05 -2.53721598e+01 
 6.81292069e+05  1.89451787e+00  6.81292069e+05 -2.35254726e+01 
 7.35642254e+05  1.61188181e+00  7.35642254e+05 -2.18095184e+01 
 7.94328235e+05  1.36900626e+00  7.94328235e+05 -2.02157936e+01 
 8.57695899e+05  1.16035386e+00  8.57695899e+05 -1.87361904e+01 
 9.26118728e+05  9.81143692e-01  9.26118728e+05 -1.73630131e+01 
 1.00000000e+06  8.27251818e-01  1.00000000e+06 -1.60889855e+01 
 1.07977516e+06  6.95123914e-01  1.07977516e+06 -1.49072497e+01 
 1.16591440e+06  5.81698716e-01  1.16591440e+06 -1.38113590e+01 
 1.25892541e+06  4.84341198e-01  1.25892541e+06 -1.27952673e+01 
 1.35935639e+06  4.00784384e-01  1.35935639e+06 -1.18533143e+01 
 1.46779927e+06  3.29078795e-01  1.46779927e+06 -1.09802095e+01 
 1.58489319e+06  2.67548619e-01  1.58489319e+06 -1.01710149e+01 
 1.71132830e+06  2.14753757e-01  1.71132830e+06 -9.42112649e+00 
 1.84784980e+06  1.69457022e-01  1.84784980e+06 -8.72625605e+00 
 1.99526231e+06  1.30595797e-01  1.99526231e+06 -8.08241259e+00 
 2.15443469e+06  9.72576043e-02  2.15443469e+06 -7.48588446e+00 
 2.32630507e+06  6.86590330e-02  2.32630507e+06 -6.93322183e+00 
 2.51188643e+06  4.41275954e-02  2.51188643e+06 -6.42121988e+00 
 2.71227258e+06  2.30861080e-02  2.71227258e+06 -5.94690265e+00 
 2.92864456e+06  5.03925457e-03  2.92864456e+06 -5.50750773e+00 
 3.16227766e+06 -1.04379684e-02  3.16227766e+06 -5.10047174e+00 
 3.41454887e+06 -2.37101826e-02  3.41454887e+06 -4.72341660e+00 
 3.68694506e+06 -3.50901615e-02  3.68694506e+06 -4.37413665e+00 
 3.98107171e+06 -4.48461586e-02  3.98107171e+06 -4.05058653e+00 
 4.29866235e+06 -5.32082005e-02  4.29866235e+06 -3.75086983e+00 
 4.64158883e+06 -6.03734879e-02  4.64158883e+06 -3.47322844e+00 
 5.01187234e+06 -6.65110297e-02  5.01187234e+06 -3.21603269e+00 
 5.41169527e+06 -7.17656178e-02  5.41169527e+06 -2.97777205e+00 
 5.84341413e+06 -7.62612342e-02  5.84341413e+06 -2.75704657e+00 
 6.30957344e+06 -8.01039708e-02  6.30957344e+06 -2.55255879e+00 
 6.81292069e+06 -8.33845294e-02  6.81292069e+06 -2.36310633e+00 
 7.35642254e+06 -8.61803609e-02  7.35642254e+06 -2.18757493e+00 
 7.94328235e+06 -8.85574929e-02  7.94328235e+06 -2.02493203e+00 
 8.57695899e+06 -9.05720907e-02  8.57695899e+06 -1.87422074e+00 
 9.26118728e+06 -9.22717868e-02  9.26118728e+06 -1.73455436e+00 
 1.00000000e+07 -9.36968117e-02  1.00000000e+07 -1.60511118e+00 
 1.07977516e+07 -9.48809531e-02  1.07977516e+07 -1.48512975e+00 
 1.16591440e+07 -9.58523659e-02  1.16591440e+07 -1.37390442e+00 
 1.25892541e+07 -9.66342557e-02  1.25892541e+07 -1.27078133e+00 
 1.35935639e+07 -9.72454499e-02  1.35935639e+07 -1.17515456e+00 
 1.46779927e+07 -9.77008752e-02  1.46779927e+07 -1.08646271e+00 
 1.58489319e+07 -9.80119532e-02  1.58489319e+07 -1.00418564e+00 
 1.71132830e+07 -9.81869280e-02  1.71132830e+07 -9.27841595e-01 
 1.84784980e+07 -9.82311369e-02  1.84784980e+07 -8.56984425e-01 
 1.99526231e+07 -9.81472372e-02  1.99526231e+07 -7.91201171e-01 
 2.15443469e+07 -9.79354006e-02  2.15443469e+07 -7.30109798e-01 
 2.32630507e+07 -9.75934879e-02  2.32630507e+07 -6.73357161e-01 
 2.51188643e+07 -9.71172195e-02  2.51188643e+07 -6.20617175e-01 
 2.71227258e+07 -9.65003562e-02  2.71227258e+07 -5.71589168e-01 
 2.92864456e+07 -9.57349097e-02  2.92864456e+07 -5.25996415e-01 
 3.16227766e+07 -9.48113997e-02  3.16227766e+07 -4.83584832e-01 
 3.41454887e+07 -9.37191815e-02  3.41454887e+07 -4.44121810e-01 
 3.68694506e+07 -9.24468616e-02  3.68694506e+07 -4.07395167e-01 
 3.98107171e+07 -9.09828210e-02  3.98107171e+07 -3.73212179e-01 
 4.29866235e+07 -8.93158603e-02  4.29866235e+07 -3.41398649e-01 
 4.64158883e+07 -8.74359689e-02  4.64158883e+07 -3.11797966e-01 
 5.01187234e+07 -8.53352100e-02  5.01187234e+07 -2.84270097e-01 
 5.41169527e+07 -8.30086933e-02  5.41169527e+07 -2.58690437e-01 
 5.84341413e+07 -8.04555830e-02  5.84341413e+07 -2.34948492e-01 
 6.30957344e+07 -7.76800671e-02  6.30957344e+07 -2.12946307e-01 
 6.81292069e+07 -7.46921908e-02  6.81292069e+07 -1.92596667e-01 
 7.35642254e+07 -7.15084437e-02  7.35642254e+07 -1.73821042e-01 
 7.94328235e+07 -6.81519900e-02  7.94328235e+07 -1.56547375e-01 
 8.57695899e+07 -6.46524525e-02  8.57695899e+07 -1.40707785e-01 
 9.26118728e+07 -6.10451975e-02  9.26118728e+07 -1.26236362e-01 
 1.00000000e+08 -5.73701288e-02  1.00000000e+08 -1.13067182e-01 
 1.07977516e+08 -5.36700626e-02  1.07977516e+08 -1.01132752e-01 
 1.16591440e+08 -4.99888189e-02  1.16591440e+08 -9.03629635e-02 
 1.25892541e+08 -4.63692080e-02  1.25892541e+08 -8.06846746e-02 
 1.35935639e+08 -4.28511109e-02  1.35935639e+08 -7.20218824e-02 
 1.46779927e+08 -3.94698334e-02  1.46779927e+08 -6.42964354e-02 
 1.58489319e+08 -3.62548714e-02  1.58489319e+08 -5.74291420e-02 
 1.71132830e+08 -3.32291647e-02  1.71132830e+08 -5.13411119e-02 
 1.84784980e+08 -3.04088452e-02  1.84784980e+08 -4.59551577e-02 
 1.99526231e+08 -2.78034346e-02  1.99526231e+08 -4.11971049e-02 
 2.15443469e+08 -2.54163979e-02  2.15443469e+08 -3.69968987e-02 
 2.32630507e+08 -2.32459463e-02  2.32630507e+08 -3.32894384e-02 
 2.51188643e+08 -2.12859751e-02  2.51188643e+08 -3.00151176e-02 
 2.71227258e+08 -1.95270400e-02  2.71227258e+08 -2.71200798e-02 
 2.92864456e+08 -1.79572944e-02  2.92864456e+08 -2.45562298e-02 
 3.16227766e+08 -1.65633341e-02  3.16227766e+08 -2.22810463e-02 
 3.41454887e+08 -1.53309194e-02  3.41454887e+08 -2.02572539e-02 
 3.68694506e+08 -1.42455630e-02  3.68694506e+08 -1.84524005e-02 
 3.98107171e+08 -1.32929861e-02  3.98107171e+08 -1.68383878e-02 
 4.29866235e+08 -1.24594524e-02  4.29866235e+08 -1.53909852e-02 
 4.64158883e+08 -1.17319987e-02  4.64158883e+08 -1.40893556e-02 
 5.01187234e+08 -1.10985787e-02  5.01187234e+08 -1.29156083e-02 
 5.41169527e+08 -1.05481379e-02  5.41169527e+08 -1.18543894e-02 
 5.84341413e+08 -1.00706364e-02  5.84341413e+08 -1.08925156e-02 
 6.30957344e+08 -9.65703479e-03  6.30957344e+08 -1.00186522e-02 
 6.81292069e+08 -9.29925208e-03  6.81292069e+08 -9.22303260e-03 
 7.35642254e+08 -8.99010808e-03  7.35642254e+08 -8.49721905e-03 
 7.94328235e+08 -8.72325524e-03  7.94328235e+08 -7.83389777e-03 
 8.57695899e+08 -8.49310630e-03  8.57695899e+08 -7.22670635e-03 
 9.26118728e+08 -8.29476118e-03  9.26118728e+08 -6.67008836e-03 
 1.00000000e+09 -8.12393582e-03  1.00000000e+09 -6.15917140e-03 
 1.07977516e+09 -7.97689472e-03  1.07977516e+09 -5.68966512e-03 
 1.16591440e+09 -7.85038813e-03  1.16591440e+09 -5.25777589e-03 
 1.25892541e+09 -7.74159441e-03  1.25892541e+09 -4.86013555e-03 
 1.35935639e+09 -7.64806776e-03  1.35935639e+09 -4.49374189e-03 
 1.46779927e+09 -7.56769123e-03  1.46779927e+09 -4.15590863e-03 
 1.58489319e+09 -7.49863482e-03  1.58489319e+09 -3.84422370e-03 
 1.71132830e+09 -7.43931829e-03  1.71132830e+09 -3.55651389e-03 
 1.84784980e+09 -7.38837832e-03  1.84784980e+09 -3.29081524e-03 
 1.99526231e+09 -7.34463972e-03  1.99526231e+09 -3.04534782e-03 
 2.15443469e+09 -7.30709016e-03  2.15443469e+09 -2.81849436e-03 
 2.32630507e+09 -7.27485812e-03  2.32630507e+09 -2.60878193e-03 
 2.51188643e+09 -7.24719368e-03  2.51188643e+09 -2.41486632e-03 
 2.71227258e+09 -7.22345190e-03  2.71227258e+09 -2.23551845e-03 
 2.92864456e+09 -7.20307827e-03  2.92864456e+09 -2.06961272e-03 
 3.16227766e+09 -7.18559621e-03  3.16227766e+09 -1.91611673e-03 
 3.41454887e+09 -7.17059628e-03  3.41454887e+09 -1.77408240e-03 
 3.68694506e+09 -7.15772673e-03  3.68694506e+09 -1.64263809e-03 
 3.98107171e+09 -7.14668551e-03  3.98107171e+09 -1.52098162e-03 
 4.29866235e+09 -7.13721324e-03  4.29866235e+09 -1.40837415e-03 
 4.64158883e+09 -7.12908725e-03  4.64158883e+09 -1.30413462e-03 
 5.01187234e+09 -7.12211640e-03  5.01187234e+09 -1.20763488e-03 
 5.41169527e+09 -7.11613663e-03  5.41169527e+09 -1.11829521e-03 
 5.84341413e+09 -7.11100714e-03  5.84341413e+09 -1.03558033e-03 
 6.30957344e+09 -7.10660711e-03  6.30957344e+09 -9.58995814e-04 
 6.81292069e+09 -7.10283287e-03  6.81292069e+09 -8.88084779e-04 
 7.35642254e+09 -7.09959545e-03  7.35642254e+09 -8.22424913e-04 
 7.94328235e+09 -7.09681853e-03  7.94328235e+09 -7.61625752e-04 
 8.57695899e+09 -7.09443664e-03  8.57695899e+09 -7.05326191e-04 
 9.26118728e+09 -7.09239359e-03  9.26118728e+09 -6.53192217e-04 
 1.00000000e+10 -7.09064120e-03  1.00000000e+10 -6.04914816e-04 
