 1.00000000e+00  2.82269851e+02  1.00000000e+00 -2.96107801e-03 
 1.07977516e+00  2.82269851e+02  1.07977516e+00 -3.19729849e-03 
 1.16591440e+00  2.82269851e+02  1.16591440e+00 -3.45236349e-03 
 1.25892541e+00  2.82269851e+02  1.25892541e+00 -3.72777635e-03 
 1.35935639e+00  2.82269851e+02  1.35935639e+00 -4.02516032e-03 
 1.46779927e+00  2.82269851e+02  1.46779927e+00 -4.34626813e-03 
 1.58489319e+00  2.82269851e+02  1.58489319e+00 -4.69299238e-03 
 1.71132830e+00  2.82269851e+02  1.71132830e+00 -5.06737661e-03 
 1.84784980e+00  2.82269851e+02  1.84784980e+00 -5.47162740e-03 
 1.99526231e+00  2.82269851e+02  1.99526231e+00 -5.90812736e-03 
 2.15443469e+00  2.82269851e+02  2.15443469e+00 -6.37944918e-03 
 2.32630507e+00  2.82269851e+02  2.32630507e+00 -6.88837077e-03 
 2.51188643e+00  2.82269851e+02  2.51188643e+00 -7.43789167e-03 
 2.71227258e+00  2.82269851e+02  2.71227258e+00 -8.03125068e-03 
 2.92864456e+00  2.82269851e+02  2.92864456e+00 -8.67194501e-03 
 3.16227766e+00  2.82269851e+02  3.16227766e+00 -9.36375083e-03 
 3.41454887e+00  2.82269851e+02  3.41454887e+00 -1.01107456e-02 
 3.68694506e+00  2.82269851e+02  3.68694506e+00 -1.09173319e-02 
 3.98107171e+00  2.82269851e+02  3.98107171e+00 -1.17882639e-02 
 4.29866235e+00  2.82269850e+02  4.29866235e+00 -1.27286745e-02 
 4.64158883e+00  2.82269850e+02  4.64158883e+00 -1.37441066e-02 
 5.01187234e+00  2.82269850e+02  5.01187234e+00 -1.48405449e-02 
 5.41169527e+00  2.82269850e+02  5.41169527e+00 -1.60244518e-02 
 5.84341413e+00  2.82269850e+02  5.84341413e+00 -1.73028050e-02 
 6.30957344e+00  2.82269850e+02  6.30957344e+00 -1.86831391e-02 
 6.81292069e+00  2.82269850e+02  6.81292069e+00 -2.01735895e-02 
 7.35642254e+00  2.82269849e+02  7.35642254e+00 -2.17829409e-02 
 7.94328235e+00  2.82269849e+02  7.94328235e+00 -2.35206785e-02 
 8.57695899e+00  2.82269849e+02  8.57695899e+00 -2.53970444e-02 
 9.26118728e+00  2.82269848e+02  9.26118728e+00 -2.74230977e-02 
 1.00000000e+01  2.82269848e+02  1.00000000e+01 -2.96107798e-02 
 1.07977516e+01  2.82269847e+02  1.07977516e+01 -3.19729845e-02 
 1.16591440e+01  2.82269847e+02  1.16591440e+01 -3.45236344e-02 
 1.25892541e+01  2.82269846e+02  1.25892541e+01 -3.72777629e-02 
 1.35935639e+01  2.82269845e+02  1.35935639e+01 -4.02516023e-02 
 1.46779927e+01  2.82269844e+02  1.46779927e+01 -4.34626803e-02 
 1.58489319e+01  2.82269843e+02  1.58489319e+01 -4.69299225e-02 
 1.71132830e+01  2.82269842e+02  1.71132830e+01 -5.06737645e-02 
 1.84784980e+01  2.82269840e+02  1.84784980e+01 -5.47162719e-02 
 1.99526231e+01  2.82269839e+02  1.99526231e+01 -5.90812711e-02 
 2.15443469e+01  2.82269837e+02  2.15443469e+01 -6.37944886e-02 
 2.32630507e+01  2.82269834e+02  2.32630507e+01 -6.88837037e-02 
 2.51188643e+01  2.82269831e+02  2.51188643e+01 -7.43789116e-02 
 2.71227258e+01  2.82269828e+02  2.71227258e+01 -8.03125004e-02 
 2.92864456e+01  2.82269824e+02  2.92864456e+01 -8.67194420e-02 
 3.16227766e+01  2.82269820e+02  3.16227766e+01 -9.36374981e-02 
 3.41454887e+01  2.82269815e+02  3.41454887e+01 -1.01107443e-01 
 3.68694506e+01  2.82269809e+02  3.68694506e+01 -1.09173303e-01 
 3.98107171e+01  2.82269802e+02  3.98107171e+01 -1.17882618e-01 
 4.29866235e+01  2.82269794e+02  4.29866235e+01 -1.27286720e-01 
 4.64158883e+01  2.82269784e+02  4.64158883e+01 -1.37441034e-01 
 5.01187234e+01  2.82269773e+02  5.01187234e+01 -1.48405409e-01 
 5.41169527e+01  2.82269760e+02  5.41169527e+01 -1.60244467e-01 
 5.84341413e+01  2.82269745e+02  5.84341413e+01 -1.73027986e-01 
 6.30957344e+01  2.82269727e+02  6.30957344e+01 -1.86831310e-01 
 6.81292069e+01  2.82269707e+02  6.81292069e+01 -2.01735793e-01 
 7.35642254e+01  2.82269683e+02  7.35642254e+01 -2.17829281e-01 
 7.94328235e+01  2.82269655e+02  7.94328235e+01 -2.35206624e-01 
 8.57695899e+01  2.82269623e+02  8.57695899e+01 -2.53970241e-01 
 9.26118728e+01  2.82269585e+02  9.26118728e+01 -2.74230721e-01 
 1.00000000e+02  2.82269541e+02  1.00000000e+02 -2.96107475e-01 
 1.07977516e+02  2.82269489e+02  1.07977516e+02 -3.19729439e-01 
 1.16591440e+02  2.82269429e+02  1.16591440e+02 -3.45235833e-01 
 1.25892541e+02  2.82269359e+02  1.25892541e+02 -3.72776986e-01 
 1.35935639e+02  2.82269277e+02  1.35935639e+02 -4.02515214e-01 
 1.46779927e+02  2.82269182e+02  1.46779927e+02 -4.34625784e-01 
 1.58489319e+02  2.82269071e+02  1.58489319e+02 -4.69297942e-01 
 1.71132830e+02  2.82268942e+02  1.71132830e+02 -5.06736029e-01 
 1.84784980e+02  2.82268791e+02  1.84784980e+02 -5.47160686e-01 
 1.99526231e+02  2.82268615e+02  1.99526231e+02 -5.90810150e-01 
 2.15443469e+02  2.82268410e+02  2.15443469e+02 -6.37941663e-01 
 2.32630507e+02  2.82268171e+02  2.32630507e+02 -6.88832979e-01 
 2.51188643e+02  2.82267892e+02  2.51188643e+02 -7.43784008e-01 
 2.71227258e+02  2.82267567e+02  2.71227258e+02 -8.03118573e-01 
 2.92864456e+02  2.82267188e+02  2.92864456e+02 -8.67186324e-01 
 3.16227766e+02  2.82266746e+02  3.16227766e+02 -9.36364789e-01 
 3.41454887e+02  2.82266231e+02  3.41454887e+02 -1.01106160e+00 
 3.68694506e+02  2.82265630e+02  3.68694506e+02 -1.09171688e+00 
 3.98107171e+02  2.82264930e+02  3.98107171e+02 -1.17880585e+00 
 4.29866235e+02  2.82264114e+02  4.29866235e+02 -1.27284160e+00 
 4.64158883e+02  2.82263162e+02  4.64158883e+02 -1.37437811e+00 
 5.01187234e+02  2.82262052e+02  5.01187234e+02 -1.48401351e+00 
 5.41169527e+02  2.82260758e+02  5.41169527e+02 -1.60239359e+00 
 5.84341413e+02  2.82259250e+02  5.84341413e+02 -1.73021555e+00 
 6.30957344e+02  2.82257491e+02  6.30957344e+02 -1.86823214e+00 
 6.81292069e+02  2.82255440e+02  6.81292069e+02 -2.01725602e+00 
 7.35642254e+02  2.82253050e+02  7.35642254e+02 -2.17816450e+00 
 7.94328235e+02  2.82250262e+02  7.94328235e+02 -2.35190471e+00 
 8.57695899e+02  2.82247012e+02  8.57695899e+02 -2.53949907e+00 
 9.26118728e+02  2.82243223e+02  9.26118728e+02 -2.74205122e+00 
 1.00000000e+03  2.82238806e+02  1.00000000e+03 -2.96075249e+00 
 1.07977516e+03  2.82233656e+02  1.07977516e+03 -3.19688869e+00 
 1.16591440e+03  2.82227651e+02  1.16591440e+03 -3.45184759e+00 
 1.25892541e+03  2.82220651e+02  1.25892541e+03 -3.72712689e+00 
 1.35935639e+03  2.82212490e+02  1.35935639e+03 -4.02434271e+00 
 1.46779927e+03  2.82202975e+02  1.46779927e+03 -4.34523887e+00 
 1.58489319e+03  2.82191882e+02  1.58489319e+03 -4.69169666e+00 
 1.71132830e+03  2.82178950e+02  1.71132830e+03 -5.06574547e+00 
 1.84784980e+03  2.82163874e+02  1.84784980e+03 -5.46957403e+00 
 1.99526231e+03  2.82146299e+02  1.99526231e+03 -5.90554248e+00 
 2.15443469e+03  2.82125810e+02  2.15443469e+03 -6.37619524e+00 
 2.32630507e+03  2.82101926e+02  2.32630507e+03 -6.88427466e+00 
 2.51188643e+03  2.82074084e+02  2.51188643e+03 -7.43273547e+00 
 2.71227258e+03  2.82041630e+02  2.71227258e+03 -8.02476016e+00 
 2.92864456e+03  2.82003800e+02  2.92864456e+03 -8.66377502e+00 
 3.16227766e+03  2.81959707e+02  3.16227766e+03 -9.35346703e+00 
 3.41454887e+03  2.81908316e+02  3.41454887e+03 -1.00978014e+01 
 3.68694506e+03  2.81848421e+02  3.68694506e+03 -1.09010396e+01 
 3.98107171e+03  2.81778622e+02  3.98107171e+03 -1.17677582e+01 
 4.29866235e+03  2.81697285e+02  4.29866235e+03 -1.27028668e+01 
 4.64158883e+03  2.81602512e+02  4.64158883e+03 -1.37116276e+01 
 5.01187234e+03  2.81492096e+02  5.01187234e+03 -1.47996723e+01 
 5.41169527e+03  2.81363470e+02  5.41169527e+03 -1.59730197e+01 
 5.84341413e+03  2.81213650e+02  5.84341413e+03 -1.72380903e+01 
 6.30957344e+03  2.81039175e+02  6.30957344e+03 -1.86017186e+01 
 6.81292069e+03  2.80836025e+02  6.81292069e+03 -2.00711612e+01 
 7.35642254e+03  2.80599540e+02  7.35642254e+03 -2.16540998e+01 
 7.94328235e+03  2.80324320e+02  7.94328235e+03 -2.33586363e+01 
 8.57695899e+03  2.80004118e+02  8.57695899e+03 -2.51932782e+01 
 9.26118728e+03  2.79631712e+02  9.26118728e+03 -2.71669123e+01 
 1.00000000e+04  2.79198767e+02  1.00000000e+04 -2.92887606e+01 
 1.07977516e+04  2.78695679e+02  1.07977516e+04 -3.15683165e+01 
 1.16591440e+04  2.78111405e+02  1.16591440e+04 -3.40152551e+01 
 1.25892541e+04  2.77433275e+02  1.25892541e+04 -3.66393111e+01 
 1.35935639e+04  2.76646796e+02  1.35935639e+04 -3.94501167e+01 
 1.46779927e+04  2.75735438e+02  1.46779927e+04 -4.24569921e+01 
 1.58489319e+04  2.74680422e+02  1.58489319e+04 -4.56686782e+01 
 1.71132830e+04  2.73460507e+02  1.71132830e+04 -4.90930005e+01 
 1.84784980e+04  2.72051795e+02  1.84784980e+04 -5.27364549e+01 
 1.99526231e+04  2.70427566e+02  1.99526231e+04 -5.66037028e+01 
 2.15443469e+04  2.68558161e+02  2.15443469e+04 -6.06969663e+01 
 2.32630507e+04  2.66410952e+02  2.32630507e+04 -6.50153177e+01 
 2.51188643e+04  2.63950423e+02  2.51188643e+04 -6.95538595e+01 
 2.71227258e+04  2.61138405e+02  2.71227258e+04 -7.43028026e+01 
 2.92864456e+04  2.57934522e+02  2.92864456e+04 -7.92464594e+01 
 3.16227766e+04  2.54296886e+02  3.16227766e+04 -8.43621849e+01 
 3.41454887e+04  2.50183106e+02  3.41454887e+04 -8.96193201e+01 
 3.68694506e+04  2.45551653e+02  3.68694506e+04 -9.49782152e+01 
 3.98107171e+04  2.40363609e+02  3.98107171e+04 -1.00389438e+02 
 4.29866235e+04  2.34584807e+02  4.29866235e+04 -1.05793298e+02 
 4.64158883e+04  2.28188322e+02  4.64158883e+04 -1.11119836e+02 
 5.01187234e+04  2.21157218e+02  5.01187234e+04 -1.16289442e+02 
 5.41169527e+04  2.13487390e+02  5.41169527e+04 -1.21214245e+02 
 5.84341413e+04  2.05190272e+02  5.84341413e+04 -1.25800377e+02 
 6.30957344e+04  1.96295113e+02  6.30957344e+04 -1.29951152e+02 
 6.81292069e+04  1.86850498e+02  6.81292069e+04 -1.33571067e+02 
 7.35642254e+04  1.76924806e+02  7.35642254e+04 -1.36570436e+02 
 7.94328235e+04  1.66605325e+02  7.94328235e+04 -1.38870315e+02 
 8.57695899e+04  1.55995927e+02  8.57695899e+04 -1.40407261e+02 
 9.26118728e+04  1.45213324e+02  9.26118728e+04 -1.41137450e+02 
 1.00000000e+05  1.34382155e+02  1.00000000e+05 -1.41039654e+02 
 1.07977516e+05  1.23629317e+02  1.07977516e+05 -1.40116731e+02 
 1.16591440e+05  1.13078074e+02  1.16591440e+05 -1.38395423e+02 
 1.25892541e+05  1.02842519e+02  1.25892541e+05 -1.35924490e+02 
 1.35935639e+05  9.30229057e+01  1.35935639e+05 -1.32771427e+02 
 1.46779927e+05  8.37022269e+01  1.46779927e+05 -1.29018150e+02 
 1.58489319e+05  7.49442261e+01  1.58489319e+05 -1.24756152e+02 
 1.71132830e+05  6.67928526e+01  1.71132830e+05 -1.20081614e+02 
 1.84784980e+05  5.92729902e+01  1.84784980e+05 -1.15090891e+02 
 1.99526231e+05  5.23921879e+01  1.99526231e+05 -1.09876690e+02 
 2.15443469e+05  4.61430672e+01  2.15443469e+05 -1.04525108e+02 
 2.32630507e+05  4.05060847e+01  2.32630507e+05 -9.91135768e+01 
 2.51188643e+05  3.54523704e+01  2.51188643e+05 -9.37096678e+01 
 2.71227258e+05  3.09464266e+01  2.71227258e+05 -8.83706357e+01 
 2.92864456e+05  2.69485420e+01  2.92864456e+05 -8.31435526e+01 
 3.16227766e+05  2.34168418e+01  3.16227766e+05 -7.80658711e+01 
 3.41454887e+05  2.03089451e+01  3.41454887e+05 -7.31662710e+01 
 3.68694506e+05  1.75832413e+01  3.68694506e+05 -6.84656630e+01 
 3.98107171e+05  1.51998208e+01  3.98107171e+05 -6.39782518e+01 
 4.29866235e+05  1.31211085e+01  4.29866235e+05 -5.97125867e+01 
 4.64158883e+05  1.13122530e+01  4.64158883e+05 -5.56725510e+01 
 5.01187234e+05  9.74132313e+00  5.01187234e+05 -5.18582610e+01 
 5.41169527e+05  8.37935876e+00  5.41169527e+05 -4.82668600e+01 
 5.84341413e+05  7.20031594e+00  5.84341413e+05 -4.48932041e+01 
 6.30957344e+05  6.18093881e+00  6.30957344e+05 -4.17304423e+01 
 6.81292069e+05  5.30058499e+00  6.81292069e+05 -3.87704989e+01 
 7.35642254e+05  4.54102423e+00  7.35642254e+05 -3.60044690e+01 
 7.94328235e+05  3.88622543e+00  7.94328235e+05 -3.34229368e+01 
 8.57695899e+05  3.32214255e+00  8.57695899e+05 -3.10162288e+01 
 9.26118728e+05  2.83650682e+00  9.26118728e+05 -2.87746111e+01 
 1.00000000e+06  2.41863012e+00  1.00000000e+06 -2.66884414e+01 
 1.07977516e+06  2.05922227e+00  1.07977516e+06 -2.47482827e+01 
 1.16591440e+06  1.75022365e+00  1.16591440e+06 -2.29449866e+01 
 1.25892541e+06  1.48465372e+00  1.25892541e+06 -2.12697520e+01 
 1.35935639e+06  1.25647495e+00  1.35935639e+06 -1.97141645e+01 
 1.46779927e+06  1.06047177e+00  1.46779927e+06 -1.82702197e+01 
 1.58489319e+06  8.92143229e-01  1.58489319e+06 -1.69303354e+01 
 1.71132830e+06  7.47608540e-01  1.71132830e+06 -1.56873543e+01 
 1.84784980e+06  6.23524123e-01  1.84784980e+06 -1.45345396e+01 
 1.99526231e+06  5.17011115e-01  1.99526231e+06 -1.34655661e+01 
 2.15443469e+06  4.25592149e-01  2.15443469e+06 -1.24745066e+01 
 2.32630507e+06  3.47136376e-01  2.32630507e+06 -1.15558173e+01 
 2.51188643e+06  2.79811744e-01  2.51188643e+06 -1.07043199e+01 
 2.71227258e+06  2.22043658e-01  2.71227258e+06 -9.91518388e+00 
 2.92864456e+06  1.72479211e-01  2.92864456e+06 -9.18390761e+00 
 3.16227766e+06  1.29956279e-01  3.16227766e+06 -8.50629995e+00 
 3.41454887e+06  9.34768516e-02  3.41454887e+06 -7.87846171e+00 
 3.68694506e+06  6.21840322e-02  3.68694506e+06 -7.29676762e+00 
 3.98107171e+06  3.53422205e-02  3.98107171e+06 -6.75784896e+00 
 4.29866235e+06  1.23200518e-02  4.29866235e+06 -6.25857691e+00 
 4.64158883e+06 -7.42428461e-03  4.64158883e+06 -5.79604654e+00 
 5.01187234e+06 -2.43556722e-02  5.01187234e+06 -5.36756176e+00 
 5.41169527e+06 -3.88729211e-02  5.41169527e+06 -4.97062100e+00 
 5.84341413e+06 -5.13180946e-02  5.84341413e+06 -4.60290370e+00 
 6.30957344e+06 -6.19845199e-02  6.30957344e+06 -4.26225770e+00 
 6.81292069e+06 -7.11236652e-02  6.81292069e+06 -3.94668731e+00 
 7.35642254e+06 -7.89510419e-02  7.35642254e+06 -3.65434220e+00 
 7.94328235e+06 -8.56512678e-02  7.94328235e+06 -3.38350702e+00 
 8.57695899e+06 -9.13824078e-02  8.57695899e+06 -3.13259167e+00 
 9.26118728e+06 -9.62796940e-02  9.26118728e+06 -2.90012229e+00 
 1.00000000e+07 -1.00458710e-01  1.00000000e+07 -2.68473283e+00 
 1.07977516e+07 -1.04018117e-01  1.07977516e+07 -2.48515718e+00 
 1.16591440e+07 -1.07041979e-01  1.16591440e+07 -2.30022194e+00 
 1.25892541e+07 -1.09601757e-01  1.25892541e+07 -2.12883962e+00 
 1.35935639e+07 -1.11757994e-01  1.35935639e+07 -1.97000237e+00 
 1.46779927e+07 -1.13561759e-01  1.46779927e+07 -1.82277619e+00 
 1.58489319e+07 -1.15055866e-01  1.58489319e+07 -1.68629546e+00 
 1.71132830e+07 -1.16275904e-01  1.71132830e+07 -1.55975803e+00 
 1.84784980e+07 -1.17251109e-01  1.84784980e+07 -1.44242056e+00 
 1.99526231e+07 -1.18005087e-01  1.99526231e+07 -1.33359424e+00 
 2.15443469e+07 -1.18556427e-01  2.15443469e+07 -1.23264091e+00 
 2.32630507e+07 -1.18919205e-01  2.32630507e+07 -1.13896941e+00 
 2.51188643e+07 -1.19103407e-01  2.51188643e+07 -1.05203230e+00 
 2.71227258e+07 -1.19115285e-01  2.71227258e+07 -9.71322786e-01 
 2.92864456e+07 -1.18957658e-01  2.92864456e+07 -8.96371994e-01 
 3.16227766e+07 -1.18630182e-01  3.16227766e+07 -8.26746459e-01 
 3.41454887e+07 -1.18129604e-01  3.41454887e+07 -7.62045871e-01 
 3.68694506e+07 -1.17450018e-01  3.68694506e+07 -7.01901048e-01 
 3.98107171e+07 -1.16583149e-01  3.98107171e+07 -6.45972132e-01 
 4.29866235e+07 -1.15518694e-01  4.29866235e+07 -5.93946982e-01 
 4.64158883e+07 -1.14244728e-01  4.64158883e+07 -5.45539737e-01 
 5.01187234e+07 -1.12748220e-01  5.01187234e+07 -5.00489530e-01 
 5.41169527e+07 -1.11015678e-01  5.41169527e+07 -4.58559299e-01 
 5.84341413e+07 -1.09033927e-01  5.84341413e+07 -4.19534655e-01 
 6.30957344e+07 -1.06791050e-01  6.30957344e+07 -3.83222743e-01 
 6.81292069e+07 -1.04277456e-01  6.81292069e+07 -3.49451025e-01 
 7.35642254e+07 -1.01487071e-01  7.35642254e+07 -3.18065911e-01 
 7.94328235e+07 -9.84185703e-02  7.94328235e+07 -2.88931171e-01 
 8.57695899e+07 -9.50765812e-02  8.57695899e+07 -2.61926071e-01 
 9.26118728e+07 -9.14727266e-02  9.26118728e+07 -2.36943202e-01 
 1.00000000e+08 -8.76263875e-02  1.00000000e+08 -2.13886019e-01 
 1.07977516e+08 -8.35650437e-02  1.07977516e+08 -1.92666156e-01 
 1.16591440e+08 -7.93240788e-02  1.16591440e+08 -1.73200637e-01 
 1.25892541e+08 -7.49459823e-02  1.25892541e+08 -1.55409163e-01 
 1.35935639e+08 -7.04789475e-02  1.35935639e+08 -1.39211663e-01 
 1.46779927e+08 -6.59749443e-02  1.46779927e+08 -1.24526322e-01 
 1.58489319e+08 -6.14874240e-02  1.58489319e+08 -1.11268238e-01 
 1.71132830e+08 -5.70688713e-02  1.71132830e+08 -9.93488232e-02 
 1.84784980e+08 -5.27684420e-02  1.84784980e+08 -8.86759382e-02 
 1.99526231e+08 -4.86299117e-02  1.99526231e+08 -7.91546924e-02 
 2.15443469e+08 -4.46901111e-02  2.15443469e+08 -7.06887514e-02 
 2.32630507e+08 -4.09779479e-02  2.32630507e+08 -6.31819508e-02 
 2.51188643e+08 -3.75140359e-02  2.51188643e+08 -5.65400052e-02 
 2.71227258e+08 -3.43108792e-02  2.71227258e+08 -5.06721260e-02 
 2.92864456e+08 -3.13735054e-02  2.92864456e+08 -4.54924028e-02 
 3.16227766e+08 -2.87004168e-02  3.16227766e+08 -4.09208606e-02 
 3.41454887e+08 -2.62847216e-02  3.41454887e+08 -3.68841580e-02 
 3.68694506e+08 -2.41153241e-02  3.68694506e+08 -3.33159367e-02 
 3.98107171e+08 -2.21780758e-02  3.98107171e+08 -3.01568658e-02 
 4.29866235e+08 -2.04568203e-02  4.29866235e+08 -2.73544388e-02 
 4.64158883e+08 -1.89342914e-02  4.64158883e+08 -2.48625887e-02 
 5.01187234e+08 -1.75928479e-02  5.01187234e+08 -2.26411851e-02 
 5.41169527e+08 -1.64150474e-02  5.41169527e+08 -2.06554650e-02 
 5.84341413e+08 -1.53840694e-02  5.84341413e+08 -1.88754423e-02 
 6.30957344e+08 -1.44840096e-02  6.30957344e+08 -1.72753262e-02 
 6.81292069e+08 -1.37000654e-02  6.81292069e+08 -1.58329726e-02 
 7.35642254e+08 -1.30186363e-02  7.35642254e+08 -1.45293792e-02 
 7.94328235e+08 -1.24273578e-02  7.94328235e+08 -1.33482334e-02 
 8.57695899e+08 -1.19150876e-02  8.57695899e+08 -1.22755132e-02 
 9.26118728e+08 -1.14718582e-02  9.26118728e+08 -1.12991414e-02 
 1.00000000e+09 -1.10888077e-02  1.00000000e+09 -1.04086873e-02 
 1.07977516e+09 -1.07580981e-02  1.07977516e+09 -9.59511392e-03 
 1.16591440e+09 -1.04728269e-02  1.16591440e+09 -8.85056312e-03 
 1.25892541e+09 -1.02269379e-02  1.25892541e+09 -8.16817561e-03 
 1.35935639e+09 -1.00151344e-02  1.35935639e+09 -7.54193947e-03 
 1.46779927e+09 -9.83279645e-03  1.46779927e+09 -6.96656364e-03 
 1.58489319e+09 -9.67590322e-03  1.58489319e+09 -6.43737210e-03 
 1.71132830e+09 -9.54096262e-03  1.71132830e+09 -5.95021545e-03 
 1.84784980e+09 -9.42494682e-03  1.84784980e+09 -5.50139698e-03 
 1.99526231e+09 -9.32523432e-03  1.99526231e+09 -5.08761080e-03 
 2.15443469e+09 -9.23955842e-03  2.15443469e+09 -4.70588988e-03 
 2.32630507e+09 -9.16596126e-03  2.32630507e+09 -4.35356234e-03 
 2.51188643e+09 -9.10275342e-03  2.51188643e+09 -4.02821468e-03 
 2.71227258e+09 -9.04847828e-03  2.71227258e+09 -3.72766045e-03 
 2.92864456e+09 -9.00188086e-03  2.92864456e+09 -3.44991385e-03 
 3.16227766e+09 -8.96188057e-03  3.16227766e+09 -3.19316697e-03 
 3.41454887e+09 -8.92754747e-03  3.41454887e+09 -2.95577044e-03 
 3.68694506e+09 -8.89808165e-03  3.68694506e+09 -2.73621664e-03 
 3.98107171e+09 -8.87279532e-03  3.98107171e+09 -2.53312524e-03 
 4.29866235e+09 -8.85109729e-03  4.29866235e+09 -2.34523054e-03 
 4.64158883e+09 -8.83247958e-03  4.64158883e+09 -2.17137044e-03 
 5.01187234e+09 -8.81650579e-03  5.01187234e+09 -2.01047677e-03 
 5.41169527e+09 -8.80280112e-03  5.41169527e+09 -1.86156664e-03 
 5.84341413e+09 -8.79104371e-03  5.84341413e+09 -1.72373489e-03 
 6.30957344e+09 -8.78095725e-03  6.30957344e+09 -1.59614731e-03 
 6.81292069e+09 -8.77230453e-03  6.81292069e+09 -1.47803451e-03 
 7.35642254e+09 -8.76488195e-03  7.35642254e+09 -1.36868655e-03 
 7.94328235e+09 -8.75851476e-03  7.94328235e+09 -1.26744795e-03 
 8.57695899e+09 -8.75305300e-03  8.57695899e+09 -1.17371330e-03 
 9.26118728e+09 -8.74836801e-03  9.26118728e+09 -1.08692321e-03 
 1.00000000e+10 -8.74434936e-03  1.00000000e+10 -1.00656063e-03 
