 1.00000000e+00  4.64375059e+04  1.00000000e+00 -1.39074511e+02 
 1.07977516e+00  4.64374368e+04  1.07977516e+00 -1.50168979e+02 
 1.16591440e+00  4.64373562e+04  1.16591440e+00 -1.62148453e+02 
 1.25892541e+00  4.64372623e+04  1.25892541e+00 -1.75083518e+02 
 1.35935639e+00  4.64371528e+04  1.35935639e+00 -1.89050388e+02 
 1.46779927e+00  4.64370251e+04  1.46779927e+00 -2.04131352e+02 
 1.58489319e+00  4.64368762e+04  1.58489319e+00 -2.20415257e+02 
 1.71132830e+00  4.64367027e+04  1.71132830e+00 -2.37998031e+02 
 1.84784980e+00  4.64365003e+04  1.84784980e+00 -2.56983242e+02 
 1.99526231e+00  4.64362643e+04  1.99526231e+00 -2.77482712e+02 
 2.15443469e+00  4.64359893e+04  2.15443469e+00 -2.99617166e+02 
 2.32630507e+00  4.64356685e+04  2.32630507e+00 -3.23516939e+02 
 2.51188643e+00  4.64352946e+04  2.51188643e+00 -3.49322743e+02 
 2.71227258e+00  4.64348586e+04  2.71227258e+00 -3.77186480e+02 
 2.92864456e+00  4.64343503e+04  2.92864456e+00 -4.07272135e+02 
 3.16227766e+00  4.64337577e+04  3.16227766e+00 -4.39756723e+02 
 3.41454887e+00  4.64330668e+04  3.41454887e+00 -4.74831322e+02 
 3.68694506e+00  4.64322613e+04  3.68694506e+00 -5.12702174e+02 
 3.98107171e+00  4.64313222e+04  3.98107171e+00 -5.53591876e+02 
 4.29866235e+00  4.64302273e+04  4.29866235e+00 -5.97740663e+02 
 4.64158883e+00  4.64289508e+04  4.64158883e+00 -6.45407777e+02 
 5.01187234e+00  4.64274627e+04  5.01187234e+00 -6.96872950e+02 
 5.41169527e+00  4.64257277e+04  5.41169527e+00 -7.52437985e+02 
 5.84341413e+00  4.64237050e+04  5.84341413e+00 -8.12428451e+02 
 6.30957344e+00  4.64213470e+04  6.30957344e+00 -8.77195505e+02 
 6.81292069e+00  4.64185980e+04  6.81292069e+00 -9.47117831e+02 
 7.35642254e+00  4.64153934e+04  7.35642254e+00 -1.02260371e+03 
 7.94328235e+00  4.64116576e+04  7.94328235e+00 -1.10409322e+03 
 8.57695899e+00  4.64073028e+04  8.57695899e+00 -1.19206057e+03 
 9.26118728e+00  4.64022265e+04  9.26118728e+00 -1.28701660e+03 
 1.00000000e+01  4.63963093e+04  1.00000000e+01 -1.38951135e+03 
 1.07977516e+01  4.63894123e+04  1.07977516e+01 -1.50013682e+03 
 1.16591440e+01  4.63813736e+04  1.16591440e+01 -1.61952979e+03 
 1.25892541e+01  4.63720046e+04  1.25892541e+01 -1.74837481e+03 
 1.35935639e+01  4.63610860e+04  1.35935639e+01 -1.88740720e+03 
 1.46779927e+01  4.63483623e+04  1.46779927e+01 -2.03741611e+03 
 1.58489319e+01  4.63335364e+04  1.58489319e+01 -2.19924761e+03 
 1.71132830e+01  4.63162626e+04  1.71132830e+01 -2.37380765e+03 
 1.84784980e+01  4.62961392e+04  1.84784980e+01 -2.56206492e+03 
 1.99526231e+01  4.62726990e+04  1.99526231e+01 -2.76505341e+03 
 2.15443469e+01  4.62453997e+04  2.15443469e+01 -2.98387462e+03 
 2.32630507e+01  4.62136117e+04  2.32630507e+01 -3.21969908e+03 
 2.51188643e+01  4.61766047e+04  2.51188643e+01 -3.47376721e+03 
 2.71227258e+01  4.61335325e+04  2.71227258e+01 -3.74738892e+03 
 2.92864456e+01  4.60834154e+04  2.92864456e+01 -4.04194185e+03 
 3.16227766e+01  4.60251204e+04  3.16227766e+01 -4.35886766e+03 
 3.41454887e+01  4.59573394e+04  3.41454887e+01 -4.69966581e+03 
 3.68694506e+01  4.58785641e+04  3.68694506e+01 -5.06588431e+03 
 3.98107171e+01  4.57870592e+04  3.98107171e+01 -5.45910637e+03 
 4.29866235e+01  4.56808322e+04  4.29866235e+01 -5.88093217e+03 
 4.64158883e+01  4.55576012e+04  4.64158883e+01 -6.33295459e+03 
 5.01187234e+01  4.54147612e+04  5.01187234e+01 -6.81672741e+03 
 5.41169527e+01  4.52493488e+04  5.41169527e+01 -7.33372463e+03 
 5.84341413e+01  4.50580071e+04  5.84341413e+01 -7.88528915e+03 
 6.30957344e+01  4.48369522e+04  6.30957344e+01 -8.47256900e+03 
 6.81292069e+01  4.45819441e+04  6.81292069e+01 -9.09643937e+03 
 7.35642254e+01  4.42882647e+04  7.35642254e+01 -9.75740872e+03 
 7.94328235e+01  4.39507078e+04  7.94328235e+01 -1.04555076e+04 
 8.57695899e+01  4.35635849e+04  8.57695899e+01 -1.11901599e+04 
 9.26118728e+01  4.31207557e+04  9.26118728e+01 -1.19600362e+04 
 1.00000000e+02  4.26156886e+04  1.00000000e+02 -1.27628924e+04 
 1.07977516e+02  4.20415609e+04  1.07977516e+02 -1.35953978e+04 
 1.16591440e+02  4.13914070e+04  1.16591440e+02 -1.44529598e+04 
 1.25892541e+02  4.06583228e+04  1.25892541e+02 -1.53295572e+04 
 1.35935639e+02  3.98357325e+04  1.35935639e+02 -1.62175983e+04 
 1.46779927e+02  3.89177197e+04  1.46779927e+02 -1.71078226e+04 
 1.58489319e+02  3.78994196e+04  1.58489319e+02 -1.79892718e+04 
 1.71132830e+02  3.67774592e+04  1.71132830e+02 -1.88493541e+04 
 1.84784980e+02  3.55504234e+04  1.84784980e+02 -1.96740295e+04 
 1.99526231e+02  3.42193118e+04  1.99526231e+02 -2.04481339e+04 
 2.15443469e+02  3.27879426e+04  2.15443469e+02 -2.11558526e+04 
 2.32630507e+02  3.12632492e+04  2.32630507e+02 -2.17813371e+04 
 2.51188643e+02  2.96554173e+04  2.51188643e+02 -2.23094387e+04 
 2.71227258e+02  2.79778157e+04  2.71227258e+02 -2.27265091e+04 
 2.92864456e+02  2.62466917e+04  2.92864456e+02 -2.30212012e+04 
 3.16227766e+02  2.44806291e+04  3.16227766e+02 -2.31851900e+04 
 3.41454887e+02  2.26997967e+04  3.41454887e+02 -2.32137311e+04 
 3.68694506e+02  2.09250474e+04  3.68694506e+02 -2.31059905e+04 
 3.98107171e+02  1.91769517e+04  3.98107171e+02 -2.28651036e+04 
 4.29866235e+02  1.74748571e+04  4.29866235e+02 -2.24979551e+04 
 4.64158883e+02  1.58360666e+04  4.64158883e+02 -2.20147093e+04 
 5.01187234e+02  1.42752027e+04  5.01187234e+02 -2.14281473e+04 
 5.41169527e+02  1.28038029e+04  5.41169527e+02 -2.07528900e+04 
 5.84341413e+02  1.14301543e+04  5.84341413e+02 -2.00045881e+04 
 6.30957344e+02  1.01593487e+04  6.30957344e+02 -1.91991526e+04 
 6.81292069e+02  8.99351943e+03  6.81292069e+02 -1.83520859e+04 
 7.35642254e+02  7.93220693e+03  7.35642254e+02 -1.74779457e+04 
 7.94328235e+02  6.97279931e+03  7.94328235e+02 -1.65899592e+04 
 8.57695899e+02  6.11099953e+03  8.57695899e+02 -1.56997814e+04 
 9.26118728e+02  5.34127983e+03  9.26118728e+02 -1.48173838e+04 
 1.00000000e+03  4.65729607e+03  1.00000000e+03 -1.39510470e+04 
 1.07977516e+03  4.05224517e+03  1.07977516e+03 -1.31074330e+04 
 1.16591440e+03  3.51915890e+03  1.16591440e+03 -1.22917124e+04 
 1.25892541e+03  3.05113373e+03  1.25892541e+03 -1.15077220e+04 
 1.35935639e+03  2.64150165e+03  1.35935639e+03 -1.07581387e+04 
 1.46779927e+03  2.28394935e+03  1.46779927e+03 -1.00446538e+04 
 1.58489319e+03  1.97259438e+03  1.58489319e+03 -9.36813956e+03 
 1.71132830e+03  1.70202698e+03  1.71132830e+03 -8.72880219e+03 
 1.84784980e+03  1.46732543e+03  1.84784980e+03 -8.12631842e+03 
 1.99526231e+03  1.26405208e+03  1.99526231e+03 -7.55995394e+03 
 2.15443469e+03  1.08823566e+03  2.15443469e+03 -7.02866436e+03 
 2.32630507e+03  9.36344700e+02  2.32630507e+03 -6.53117972e+03 
 2.51188643e+03  8.05255531e+02  2.51188643e+03 -6.06607386e+03 
 2.71227258e+03  6.92217650e+02  2.71227258e+03 -5.63182084e+03 
 2.92864456e+03  5.94818423e+02  2.92864456e+03 -5.22683978e+03 
 3.16227766e+03  5.10948480e+02  3.16227766e+03 -4.84953019e+03 
 3.41454887e+03  4.38768707e+02  3.41454887e+03 -4.49829922e+03 
 3.68694506e+03  3.76679421e+02  3.68694506e+03 -4.17158229e+03 
 3.98107171e+03  3.23292007e+02  3.98107171e+03 -3.86785830e+03 
 4.29866235e+03  2.77403148e+02  4.29866235e+03 -3.58566053e+03 
 4.64158883e+03  2.37971642e+02  4.64158883e+03 -3.32358399e+03 
 5.01187234e+03  2.04097692e+02  5.01187234e+03 -3.08029014e+03 
 5.41169527e+03  1.75004547e+02  5.41169527e+03 -2.85450943e+03 
 5.84341413e+03  1.50022290e+02  5.84341413e+03 -2.64504215e+03 
 6.30957344e+03  1.28573606e+02  6.30957344e+03 -2.45075810e+03 
 6.81292069e+03  1.10161315e+02  6.81292069e+03 -2.27059532e+03 
 7.35642254e+03  9.43575006e+01  7.35642254e+03 -2.10355812e+03 
 7.94328235e+03  8.07940414e+01  7.94328235e+03 -1.94871465e+03 
 8.57695899e+03  6.91543915e+01  8.57695899e+03 -1.80519419e+03 
 9.26118728e+03  5.91664539e+01  9.26118728e+03 -1.67218416e+03 
 1.00000000e+04  5.05964122e+01  1.00000000e+04 -1.54892713e+03 
 1.07977516e+04  4.32433991e+01  1.07977516e+04 -1.43471769e+03 
 1.16591440e+04  3.69348925e+01  1.16591440e+04 -1.32889947e+03 
 1.25892541e+04  3.15227453e+01  1.25892541e+04 -1.23086210e+03 
 1.35935639e+04  2.68797631e+01  1.35935639e+04 -1.14003835e+03 
 1.46779927e+04  2.28967560e+01  1.46779927e+04 -1.05590132e+03 
 1.58489319e+04  1.94800026e+01  1.58489319e+04 -9.77961806e+02 
 1.71132830e+04  1.65490665e+01  1.71132830e+04 -9.05765750e+02 
 1.84784980e+04  1.40349198e+01  1.84784980e+04 -8.38891859e+02 
 1.99526231e+04  1.18783295e+01  1.99526231e+04 -7.76949340e+02 
 2.15443469e+04  1.00284714e+01  2.15443469e+04 -7.19575776e+02 
 2.32630507e+04  8.44173834e+00  2.32630507e+04 -6.66435130e+02 
 2.51188643e+04  7.08071760e+00  2.51188643e+04 -6.17215880e+02 
 2.71227258e+04  5.91331226e+00  2.71227258e+04 -5.71629269e+02 
 2.92864456e+04  4.91198688e+00  2.92864456e+04 -5.29407677e+02 
 3.16227766e+04  4.05311998e+00  3.16227766e+04 -4.90303097e+02 
 3.41454887e+04  3.31644828e+00  3.41454887e+04 -4.54085721e+02 
 3.68694506e+04  2.68458961e+00  3.68694506e+04 -4.20542620e+02 
 3.98107171e+04  2.14263362e+00  3.98107171e+04 -3.89476519e+02 
 4.29866235e+04  1.67779045e+00  4.29866235e+04 -3.60704651e+02 
 4.64158883e+04  1.27908936e+00  4.64158883e+04 -3.34057707e+02 
 5.01187234e+04  9.37120088e-01  5.01187234e+04 -3.09378844e+02 
 5.41169527e+04  6.43810979e-01  5.41169527e+04 -2.86522775e+02 
 5.84341413e+04  3.92238645e-01  5.84341413e+04 -2.65354923e+02 
 6.30957344e+04  1.76464658e-01  6.30957344e+04 -2.45750635e+02 
 6.81292069e+04 -8.60453614e-03  6.81292069e+04 -2.27594447e+02 
 7.35642254e+04 -1.67337789e-01  7.35642254e+04 -2.10779417e+02 
 7.94328235e+04 -3.03482335e-01  7.94328235e+04 -1.95206493e+02 
 8.57695899e+04 -4.20252216e-01  8.57695899e+04 -1.80783930e+02 
 9.26118728e+04 -5.20404129e-01  9.26118728e+04 -1.67426759e+02 
 1.00000000e+05 -6.06302491e-01  1.00000000e+05 -1.55056280e+02 
 1.07977516e+05 -6.79975239e-01  1.07977516e+05 -1.43599603e+02 
 1.16591440e+05 -7.43161701e-01  1.16591440e+05 -1.32989222e+02 
 1.25892541e+05 -7.97353646e-01  1.25892541e+05 -1.23162613e+02 
 1.35935639e+05 -8.43830505e-01  1.35935639e+05 -1.14061870e+02 
 1.46779927e+05 -8.83689567e-01  1.46779927e+05 -1.05633362e+02 
 1.58489319e+05 -9.17871884e-01  1.58489319e+05 -9.78274205e+01 
 1.71132830e+05 -9.47184489e-01  1.71132830e+05 -9.05980423e+01 
 1.84784980e+05 -9.72319443e-01  1.84784980e+05 -8.39026228e+01 
 1.99526231e+05 -9.93870178e-01  1.99526231e+05 -7.77017032e+01 
 2.15443469e+05 -1.01234550e+00  2.15443469e+05 -7.19587388e+01 
 2.32630507e+05 -1.02818163e+00  2.32630507e+05 -6.66398833e+01 
 2.51188643e+05 -1.04175243e+00  2.51188643e+05 -6.17137896e+01 
 2.71227258e+05 -1.05337833e+00  2.71227258e+05 -5.71514254e+01 
 2.92864456e+05 -1.06333382e+00  2.92864456e+05 -5.29259016e+01 
 3.16227766e+05 -1.07185394e+00  3.16227766e+05 -4.90123143e+01 
 3.41454887e+05 -1.07913987e+00  3.41454887e+05 -4.53875982e+01 
 3.68694506e+05 -1.08536362e+00  3.68694506e+05 -4.20303902e+01 
 3.98107171e+05 -1.09067216e+00  3.98107171e+05 -3.89209039e+01 
 4.29866235e+05 -1.09519083e+00  4.29866235e+05 -3.60408128e+01 
 4.64158883e+05 -1.09902632e+00  4.64158883e+05 -3.33731425e+01 
 5.01187234e+05 -1.10226922e+00  5.01187234e+05 -3.09021706e+01 
 5.41169527e+05 -1.10499611e+00  5.41169527e+05 -2.86133340e+01 
 5.84341413e+05 -1.10727142e+00  5.84341413e+05 -2.64931432e+01 
 6.30957344e+05 -1.10914891e+00  6.30957344e+05 -2.45291028e+01 
 6.81292069e+05 -1.11067298e+00  6.81292069e+05 -2.27096378e+01 
 7.35642254e+05 -1.11187970e+00  7.35642254e+05 -2.10240255e+01 
 7.94328235e+05 -1.11279767e+00  7.94328235e+05 -1.94623325e+01 
 8.57695899e+05 -1.11344873e+00  8.57695899e+05 -1.80153560e+01 
 9.26118728e+05 -1.11384849e+00  9.26118728e+05 -1.66745697e+01 
 1.00000000e+06 -1.11400666e+00  1.00000000e+06 -1.54320735e+01 
 1.07977516e+06 -1.11392741e+00  1.07977516e+06 -1.42805477e+01 
 1.16591440e+06 -1.11360939e+00  1.16591440e+06 -1.32132091e+01 
 1.25892541e+06 -1.11304586e+00  1.25892541e+06 -1.22237720e+01 
 1.35935639e+06 -1.11222452e+00  1.35935639e+06 -1.13064109e+01 
 1.46779927e+06 -1.11112734e+00  1.46779927e+06 -1.04557268e+01 
 1.58489319e+06 -1.10973027e+00  1.58489319e+06 -9.66671550e+00 
 1.71132830e+06 -1.10800281e+00  1.71132830e+06 -8.93473889e+00 
 1.84784980e+06 -1.10590757e+00  1.84784980e+06 -8.25549789e+00 
 1.99526231e+06 -1.10339962e+00  1.99526231e+06 -7.62500803e+00 
 2.15443469e+06 -1.10042588e+00  2.15443469e+06 -7.03957677e+00 
 2.32630507e+06 -1.09692438e+00  2.32630507e+06 -6.49578282e+00 
 2.51188643e+06 -1.09282351e+00  2.51188643e+06 -5.99045731e+00 
 2.71227258e+06 -1.08804128e+00  2.71227258e+06 -5.52066662e+00 
 2.92864456e+06 -1.08248460e+00  2.92864456e+06 -5.08369696e+00 
 3.16227766e+06 -1.07604868e+00  3.16227766e+06 -4.67704058e+00 
 3.41454887e+06 -1.06861669e+00  3.41454887e+06 -4.29838349e+00 
 3.68694506e+06 -1.06005963e+00  3.68694506e+06 -3.94559475e+00 
 3.98107171e+06 -1.05023676e+00  3.98107171e+06 -3.61671717e+00 
 4.29866235e+06 -1.03899661e+00  4.29866235e+06 -3.30995936e+00 
 4.64158883e+06 -1.02617880e+00  4.64158883e+06 -3.02368894e+00 
 5.01187234e+06 -1.01161691e+00  5.01187234e+06 -2.75642680e+00 
 5.41169527e+06 -9.95142584e-01  5.41169527e+06 -2.50684205e+00 
 5.84341413e+06 -9.76591047e-01  5.84341413e+06 -2.27374732e+00 
 6.30957344e+06 -9.55808186e-01  6.30957344e+06 -2.05609393e+00 
 6.81292069e+06 -9.32659160e-01  6.81292069e+06 -1.85296637e+00 
 7.35642254e+06 -9.07038410e-01  7.35642254e+06 -1.66357544e+00 
 7.94328235e+06 -8.78880667e-01  7.94328235e+06 -1.48724937e+00 
 8.57695899e+06 -8.48172301e-01  8.57695899e+06 -1.32342229e+00 
 9.26118728e+06 -8.14962084e-01  9.26118728e+06 -1.17161958e+00 
 1.00000000e+07 -7.79370189e-01  1.00000000e+07 -1.03144009e+00 
 1.07977516e+07 -7.41594118e-01  1.07977516e+07 -9.02535382e-01 
 1.16591440e+07 -7.01910297e-01  1.16591440e+07 -7.84586820e-01 
 1.25892541e+07 -6.60670346e-01  1.25892541e+07 -6.77281977e-01 
 1.35935639e+07 -6.18291529e-01  1.35935639e+07 -5.80291980e-01 
 1.46779927e+07 -5.75241606e-01  1.46779927e+07 -4.93251846e-01 
 1.58489319e+07 -5.32019055e-01  1.58489319e+07 -4.15745637e-01 
 1.71132830e+07 -4.89130360e-01  1.71132830e+07 -3.47297885e-01 
 1.84784980e+07 -4.47066522e-01  1.84784980e+07 -2.87371973e-01 
 1.99526231e+07 -4.06281066e-01  1.99526231e+07 -2.35375321e-01 
 2.15443469e+07 -3.67171593e-01  2.15443469e+07 -1.90670390e-01 
 2.32630507e+07 -3.30066353e-01  2.32630507e+07 -1.52589865e-01 
 2.51188643e+07 -2.95216570e-01  2.51188643e+07 -1.20454052e-01 
 2.71227258e+07 -2.62794499e-01  2.71227258e+07 -9.35885056e-02 
 2.92864456e+07 -2.32896528e-01  2.92864456e+07 -7.13402352e-02 
 3.16227766e+07 -2.05550234e-01  3.16227766e+07 -5.30912377e-02 
 3.41454887e+07 -1.80724077e-01  3.41454887e+07 -3.82687041e-02 
 3.68694506e+07 -1.58338461e-01  3.68694506e+07 -2.63517028e-02 
 3.98107171e+07 -1.38277060e-01  3.98107171e+07 -1.68745545e-02 
 4.29866235e+07 -1.20397551e-01  4.29866235e+07 -9.42736658e-03 
 4.64158883e+07 -1.04541193e-01  4.64158883e+07 -3.65433048e-03 
 5.01187234e+07 -9.05409465e-02  5.01187234e+07  7.49593688e-04 
 5.41169527e+07 -7.82280165e-02  5.41169527e+07  4.04302399e-03 
 5.84341413e+07 -6.74368860e-02  5.84341413e+07  6.44304647e-03 
 6.30957344e+07 -5.80089687e-02  6.30957344e+07  8.13026433e-03 
 6.81292069e+07 -4.97950839e-02  6.81292069e+07  9.25372761e-03 
 7.35642254e+07 -4.26569627e-02  7.35642254e+07  9.93555748e-03 
 7.94328235e+07 -3.64679908e-02  7.94328235e+07  1.02751543e-02 
 8.57695899e+07 -3.11133737e-02  8.57695899e+07  1.03529370e-02 
 9.26118728e+07 -2.64898824e-02  9.26118728e+07  1.02336013e-02 
 1.00000000e+08 -2.25053120e-02  1.00000000e+08  9.96891484e-03 
 1.07977516e+08 -1.90777573e-02  1.07977516e+08  9.60008047e-03 
 1.16591440e+08 -1.61347857e-02  1.16591440e+08  9.15971134e-03 
 1.25892541e+08 -1.36125697e-02  1.25892541e+08  8.67346423e-03 
 1.35935639e+08 -1.14550224e-02  1.35935639e+08  8.16137736e-03 
 1.46779927e+08 -9.61296782e-03  1.46779927e+08  7.63895798e-03 
 1.58489319e+08 -8.04336536e-03  1.58489319e+08  7.11806128e-03 
 1.71132830e+08 -6.70860100e-03  1.71132830e+08  6.60759861e-03 
 1.84784980e+08 -5.57584922e-03  1.84784980e+08  6.11410841e-03 
 1.99526231e+08 -4.61650546e-03  1.99526231e+08  5.64221842e-03 
 2.15443469e+08 -3.80568454e-03  2.15443469e+08  5.19502266e-03 
 2.32630507e+08 -3.12177846e-03  2.32630507e+08  4.77439192e-03 
 2.51188643e+08 -2.54606589e-03  2.51188643e+08  4.38123162e-03 
 2.71227258e+08 -2.06236587e-03  2.71227258e+08  4.01569705e-03 
 2.92864456e+08 -1.65672934e-03  2.92864456e+08  3.67737298e-03 
 3.16227766e+08 -1.31716328e-03  3.16227766e+08  3.36542260e-03 
 3.41454887e+08 -1.03338386e-03  3.41454887e+08  3.07870935e-03 
 3.68694506e+08 -7.96595952e-04  3.68694506e+08  2.81589520e-03 
 3.98107171e+08 -5.99297064e-04  3.98107171e+08  2.57551838e-03 
 4.29866235e+08 -4.35103901e-04  4.29866235e+08  2.35605384e-03 
 4.64158883e+08 -2.98599913e-04  4.64158883e+08  2.15595957e-03 
 5.01187234e+08 -1.85201806e-04  5.01187234e+08  1.97371158e-03 
 5.41169527e+08 -9.10430099e-05  5.41169527e+08  1.80782998e-03 
 5.84341413e+08 -1.28720246e-05  5.84341413e+08  1.65689811e-03 
 6.30957344e+08  5.20362960e-05  6.30957344e+08  1.51957609e-03 
 6.81292069e+08  1.05958212e-04  6.81292069e+08  1.39460986e-03 
 7.35642254e+08  1.50788742e-04  7.35642254e+08  1.28083648e-03 
 7.94328235e+08  1.88100634e-04  7.94328235e+08  1.17718624e-03 
 8.57695899e+08  2.19195588e-04  8.57695899e+08  1.08268214e-03 
 9.26118728e+08  2.45148513e-04  9.26118728e+08  9.96437283e-04 
 1.00000000e+09  2.66845507e-04  1.00000000e+09  9.17650597e-04 
 1.07977516e+09  2.85016195e-04  1.07977516e+09  8.45601428e-04 
 1.16591440e+09  3.00261050e-04  1.16591440e+09  7.79643409e-04 
 1.25892541e+09  3.13074291e-04  1.25892541e+09  7.19197986e-04 
 1.35935639e+09  3.23862932e-04  1.35935639e+09  6.63747899e-04 
 1.46779927e+09  3.32962540e-04  1.46779927e+09  6.12830864e-04 
 1.58489319e+09  3.40650182e-04  1.58489319e+09  5.66033596e-04 
 1.71132830e+09  3.47155042e-04  1.71132830e+09  5.22986291e-04 
 1.84784980e+09  3.52667082e-04  1.84784980e+09  4.83357616e-04 
 1.99526231e+09  3.57344097e-04  1.99526231e+09  4.46850201e-04 
 2.15443469e+09  3.61317468e-04  2.15443469e+09  4.13196653e-04 
 2.32630507e+09  3.64696837e-04  2.32630507e+09  3.82156029e-04 
 2.51188643e+09  3.67573912e-04  2.51188643e+09  3.53510757e-04 
 2.71227258e+09  3.70025582e-04  2.71227258e+09  3.27063937e-04 
 2.92864456e+09  3.72116446e-04  2.92864456e+09  3.02637003e-04 
 3.16227766e+09  3.73900892e-04  3.16227766e+09  2.80067677e-04 
 3.41454887e+09  3.75424803e-04  3.41454887e+09  2.59208197e-04 
 3.68694506e+09  3.76726952e-04  3.68694506e+09  2.39923770e-04 
 3.98107171e+09  3.77840164e-04  3.98107171e+09  2.22091227e-04 
 4.29866235e+09  3.78792267e-04  4.29866235e+09  2.05597844e-04 
 4.64158883e+09  3.79606888e-04  4.64158883e+09  1.90340310e-04 
 5.01187234e+09  3.80304109e-04  5.01187234e+09  1.76223818e-04 
 5.41169527e+09  3.80901023e-04  5.41169527e+09  1.63161271e-04 
 5.84341413e+09  3.81412189e-04  5.84341413e+09  1.51072566e-04 
 6.30957344e+09  3.81850018e-04  6.30957344e+09  1.39883970e-04 
 6.81292069e+09  3.82225104e-04  6.81292069e+09  1.29527561e-04 
 7.35642254e+09  3.82546491e-04  7.35642254e+09  1.19940720e-04 
 7.94328235e+09  3.82821904e-04  7.94328235e+09  1.11065688e-04 
 8.57695899e+09  3.83057949e-04  8.57695899e+09  1.02849154e-04 
 9.26118728e+09  3.83260274e-04  9.26118728e+09  9.52418960e-05 
 1.00000000e+10  3.83433712e-04  1.00000000e+10  8.81984427e-05 
