 1.00000000e+00  2.72102024e+02  1.00000000e+00 -3.07190161e-03 
 1.07977516e+00  2.72102024e+02  1.07977516e+00 -3.31696306e-03 
 1.16591440e+00  2.72102024e+02  1.16591440e+00 -3.58157432e-03 
 1.25892541e+00  2.72102024e+02  1.25892541e+00 -3.86729500e-03 
 1.35935639e+00  2.72102024e+02  1.35935639e+00 -4.17580908e-03 
 1.46779927e+00  2.72102024e+02  1.46779927e+00 -4.50893493e-03 
 1.58489319e+00  2.72102024e+02  1.58489319e+00 -4.86863594e-03 
 1.71132830e+00  2.72102024e+02  1.71132830e+00 -5.25703217e-03 
 1.84784980e+00  2.72102024e+02  1.84784980e+00 -5.67641276e-03 
 1.99526231e+00  2.72102024e+02  1.99526231e+00 -6.12924951e-03 
 2.15443469e+00  2.72102024e+02  2.15443469e+00 -6.61821138e-03 
 2.32630507e+00  2.72102024e+02  2.32630507e+00 -7.14618027e-03 
 2.51188643e+00  2.72102024e+02  2.51188643e+00 -7.71626796e-03 
 2.71227258e+00  2.72102024e+02  2.71227258e+00 -8.33183449e-03 
 2.92864456e+00  2.72102024e+02  2.92864456e+00 -8.99650794e-03 
 3.16227766e+00  2.72102024e+02  3.16227766e+00 -9.71420582e-03 
 3.41454887e+00  2.72102024e+02  3.41454887e+00 -1.04891582e-02 
 3.68694506e+00  2.72102024e+02  3.68694506e+00 -1.13259325e-02 
 3.98107171e+00  2.72102024e+02  3.98107171e+00 -1.22294605e-02 
 4.29866235e+00  2.72102024e+02  4.29866235e+00 -1.32050677e-02 
 4.64158883e+00  2.72102024e+02  4.64158883e+00 -1.42585042e-02 
 5.01187234e+00  2.72102024e+02  5.01187234e+00 -1.53959786e-02 
 5.41169527e+00  2.72102023e+02  5.41169527e+00 -1.66241953e-02 
 5.84341413e+00  2.72102023e+02  5.84341413e+00 -1.79503932e-02 
 6.30957344e+00  2.72102023e+02  6.30957344e+00 -1.93823887e-02 
 6.81292069e+00  2.72102023e+02  6.81292069e+00 -2.09286219e-02 
 7.35642254e+00  2.72102023e+02  7.35642254e+00 -2.25982061e-02 
 7.94328235e+00  2.72102022e+02  7.94328235e+00 -2.44009816e-02 
 8.57695899e+00  2.72102022e+02  8.57695899e+00 -2.63475738e-02 
 9.26118728e+00  2.72102021e+02  9.26118728e+00 -2.84494558e-02 
 1.00000000e+01  2.72102021e+02  1.00000000e+01 -3.07190157e-02 
 1.07977516e+01  2.72102020e+02  1.07977516e+01 -3.31696301e-02 
 1.16591440e+01  2.72102020e+02  1.16591440e+01 -3.58157426e-02 
 1.25892541e+01  2.72102019e+02  1.25892541e+01 -3.86729492e-02 
 1.35935639e+01  2.72102018e+02  1.35935639e+01 -4.17580898e-02 
 1.46779927e+01  2.72102017e+02  1.46779927e+01 -4.50893481e-02 
 1.58489319e+01  2.72102016e+02  1.58489319e+01 -4.86863579e-02 
 1.71132830e+01  2.72102014e+02  1.71132830e+01 -5.25703197e-02 
 1.84784980e+01  2.72102013e+02  1.84784980e+01 -5.67641252e-02 
 1.99526231e+01  2.72102011e+02  1.99526231e+01 -6.12924920e-02 
 2.15443469e+01  2.72102008e+02  2.15443469e+01 -6.61821100e-02 
 2.32630507e+01  2.72102006e+02  2.32630507e+01 -7.14617978e-02 
 2.51188643e+01  2.72102003e+02  2.51188643e+01 -7.71626735e-02 
 2.71227258e+01  2.72101999e+02  2.71227258e+01 -8.33183372e-02 
 2.92864456e+01  2.72101995e+02  2.92864456e+01 -8.99650696e-02 
 3.16227766e+01  2.72101990e+02  3.16227766e+01 -9.71420459e-02 
 3.41454887e+01  2.72101984e+02  3.41454887e+01 -1.04891566e-01 
 3.68694506e+01  2.72101977e+02  3.68694506e+01 -1.13259305e-01 
 3.98107171e+01  2.72101969e+02  3.98107171e+01 -1.22294581e-01 
 4.29866235e+01  2.72101960e+02  4.29866235e+01 -1.32050647e-01 
 4.64158883e+01  2.72101950e+02  4.64158883e+01 -1.42585003e-01 
 5.01187234e+01  2.72101937e+02  5.01187234e+01 -1.53959738e-01 
 5.41169527e+01  2.72101923e+02  5.41169527e+01 -1.66241892e-01 
 5.84341413e+01  2.72101906e+02  5.84341413e+01 -1.79503855e-01 
 6.30957344e+01  2.72101886e+02  6.30957344e+01 -1.93823790e-01 
 6.81292069e+01  2.72101863e+02  6.81292069e+01 -2.09286096e-01 
 7.35642254e+01  2.72101837e+02  7.35642254e+01 -2.25981907e-01 
 7.94328235e+01  2.72101806e+02  7.94328235e+01 -2.44009622e-01 
 8.57695899e+01  2.72101769e+02  8.57695899e+01 -2.63475494e-01 
 9.26118728e+01  2.72101727e+02  9.26118728e+01 -2.84494250e-01 
 1.00000000e+02  2.72101678e+02  1.00000000e+02 -3.07189769e-01 
 1.07977516e+02  2.72101620e+02  1.07977516e+02 -3.31695813e-01 
 1.16591440e+02  2.72101553e+02  1.16591440e+02 -3.58156812e-01 
 1.25892541e+02  2.72101475e+02  1.25892541e+02 -3.86728719e-01 
 1.35935639e+02  2.72101384e+02  1.35935639e+02 -4.17579925e-01 
 1.46779927e+02  2.72101277e+02  1.46779927e+02 -4.50892256e-01 
 1.58489319e+02  2.72101154e+02  1.58489319e+02 -4.86862037e-01 
 1.71132830e+02  2.72101009e+02  1.71132830e+02 -5.25701256e-01 
 1.84784980e+02  2.72100841e+02  1.84784980e+02 -5.67638808e-01 
 1.99526231e+02  2.72100644e+02  1.99526231e+02 -6.12921843e-01 
 2.15443469e+02  2.72100415e+02  2.15443469e+02 -6.61817226e-01 
 2.32630507e+02  2.72100148e+02  2.32630507e+02 -7.14613102e-01 
 2.51188643e+02  2.72099837e+02  2.51188643e+02 -7.71620596e-01 
 2.71227258e+02  2.72099474e+02  2.71227258e+02 -8.33175643e-01 
 2.92864456e+02  2.72099051e+02  2.92864456e+02 -8.99640966e-01 
 3.16227766e+02  2.72098558e+02  3.16227766e+02 -9.71408210e-01 
 3.41454887e+02  2.72097982e+02  3.41454887e+02 -1.04890024e+00 
 3.68694506e+02  2.72097312e+02  3.68694506e+02 -1.13257364e+00 
 3.98107171e+02  2.72096530e+02  3.98107171e+02 -1.22292137e+00 
 4.29866235e+02  2.72095618e+02  4.29866235e+02 -1.32047570e+00 
 4.64158883e+02  2.72094555e+02  4.64158883e+02 -1.42581129e+00 
 5.01187234e+02  2.72093316e+02  5.01187234e+02 -1.53954861e+00 
 5.41169527e+02  2.72091871e+02  5.41169527e+02 -1.66235753e+00 
 5.84341413e+02  2.72090187e+02  5.84341413e+02 -1.79496126e+00 
 6.30957344e+02  2.72088223e+02  6.30957344e+02 -1.93814060e+00 
 6.81292069e+02  2.72085933e+02  6.81292069e+02 -2.09273848e+00 
 7.35642254e+02  2.72083264e+02  7.35642254e+02 -2.25966487e+00 
 7.94328235e+02  2.72080151e+02  7.94328235e+02 -2.43990210e+00 
 8.57695899e+02  2.72076523e+02  8.57695899e+02 -2.63451056e+00 
 9.26118728e+02  2.72072292e+02  9.26118728e+02 -2.84463485e+00 
 1.00000000e+03  2.72067360e+02  1.00000000e+03 -3.07151039e+00 
 1.07977516e+03  2.72061609e+02  1.07977516e+03 -3.31647055e+00 
 1.16591440e+03  2.72054905e+02  1.16591440e+03 -3.58095431e+00 
 1.25892541e+03  2.72047089e+02  1.25892541e+03 -3.86651447e+00 
 1.35935639e+03  2.72037976e+02  1.35935639e+03 -4.17482649e+00 
 1.46779927e+03  2.72027353e+02  1.46779927e+03 -4.50769796e+00 
 1.58489319e+03  2.72014967e+02  1.58489319e+03 -4.86707877e+00 
 1.71132830e+03  2.72000529e+02  1.71132830e+03 -5.25507190e+00 
 1.84784980e+03  2.71983697e+02  1.84784980e+03 -5.67394509e+00 
 1.99526231e+03  2.71964074e+02  1.99526231e+03 -6.12614312e+00 
 2.15443469e+03  2.71941200e+02  2.15443469e+03 -6.61430099e+00 
 2.32630507e+03  2.71914535e+02  2.32630507e+03 -7.14125786e+00 
 2.51188643e+03  2.71883453e+02  2.51188643e+03 -7.71007173e+00 
 2.71227258e+03  2.71847223e+02  2.71227258e+03 -8.32403493e+00 
 2.92864456e+03  2.71804994e+02  2.92864456e+03 -8.98669040e+00 
 3.16227766e+03  2.71755775e+02  3.16227766e+03 -9.70184851e+00 
 3.41454887e+03  2.71698412e+02  3.41454887e+03 -1.04736045e+01 
 3.68694506e+03  2.71631563e+02  3.68694506e+03 -1.13063564e+01 
 3.98107171e+03  2.71553664e+02  3.98107171e+03 -1.22048228e+01 
 4.29866235e+03  2.71462896e+02  4.29866235e+03 -1.31740610e+01 
 4.64158883e+03  2.71357146e+02  4.64158883e+03 -1.42194842e+01 
 5.01187234e+03  2.71233954e+02  5.01187234e+03 -1.53468777e+01 
 5.41169527e+03  2.71090464e+02  5.41169527e+03 -1.65624137e+01 
 5.84341413e+03  2.70923358e+02  5.84341413e+03 -1.78726626e+01 
 6.30957344e+03  2.70728787e+02  6.30957344e+03 -1.92846020e+01 
 6.81292069e+03  2.70502286e+02  6.81292069e+03 -2.08056186e+01 
 7.35642254e+03  2.70238684e+02  7.35642254e+03 -2.24435050e+01 
 7.94328235e+03  2.69931993e+02  7.94328235e+03 -2.42064454e+01 
 8.57695899e+03  2.69575296e+02  8.57695899e+03 -2.61029908e+01 
 9.26118728e+03  2.69160606e+02  9.26118728e+03 -2.81420175e+01 
 1.00000000e+04  2.68678720e+02  1.00000000e+04 -3.03326666e+01 
 1.07977516e+04  2.68119056e+02  1.07977516e+04 -3.26842582e+01 
 1.16591440e+04  2.67469471e+02  1.16591440e+04 -3.52061755e+01 
 1.25892541e+04  2.66716072e+02  1.25892541e+04 -3.79077106e+01 
 1.35935639e+04  2.65843014e+02  1.35935639e+04 -4.07978639e+01 
 1.46779927e+04  2.64832289e+02  1.46779927e+04 -4.38850898e+01 
 1.58489319e+04  2.63663529e+02  1.58489319e+04 -4.71769750e+01 
 1.71132830e+04  2.62313809e+02  1.71132830e+04 -5.06798434e+01 
 1.84784980e+04  2.60757490e+02  1.84784980e+04 -5.43982722e+01 
 1.99526231e+04  2.58966104e+02  1.99526231e+04 -5.83345143e+01 
 2.15443469e+04  2.56908322e+02  2.15443469e+04 -6.24878170e+01 
 2.32630507e+04  2.54550024e+02  2.32630507e+04 -6.68536365e+01 
 2.51188643e+04  2.51854520e+02  2.51188643e+04 -7.14227528e+01 
 2.71227258e+04  2.48782969e+02  2.71227258e+04 -7.61803024e+01 
 2.92864456e+04  2.45295042e+02  2.92864456e+04 -8.11047587e+01 
 3.16227766e+04  2.41349876e+02  3.16227766e+04 -8.61669122e+01 
 3.41454887e+04  2.36907378e+02  3.41454887e+04 -9.13289244e+01 
 3.68694506e+04  2.31929893e+02  3.68694506e+04 -9.65435543e+01 
 3.98107171e+04  2.26384251e+02  3.98107171e+04 -1.01753684e+02 
 4.29866235e+04  2.20244158e+02  4.29866235e+04 -1.06892289e+02 
 4.64158883e+04  2.13492835e+02  4.64158883e+04 -1.11883002e+02 
 5.01187234e+04  2.06125756e+02  5.01187234e+04 -1.16641423e+02 
 5.41169527e+04  1.98153270e+02  5.41169527e+04 -1.21077262e+02 
 5.84341413e+04  1.89602815e+02  5.84341413e+04 -1.25097368e+02 
 6.30957344e+04  1.80520432e+02  6.30957344e+04 -1.28609557e+02 
 6.81292069e+04  1.70971236e+02  6.81292069e+04 -1.31527057e+02 
 7.35642254e+04  1.61038639e+02  7.35642254e+04 -1.33773250e+02 
 7.94328235e+04  1.50822154e+02  7.94328235e+04 -1.35286280e+02 
 8.57695899e+04  1.40433848e+02  8.57695899e+04 -1.36023051e+02 
 9.26118728e+04  1.29993642e+02  9.26118728e+04 -1.35962155e+02 
 1.00000000e+05  1.19623871e+02  1.00000000e+05 -1.35105374e+02 
 1.07977516e+05  1.09443599e+02  1.07977516e+05 -1.33477548e+02 
 1.16591440e+05  9.95632611e+01  1.16591440e+05 -1.31124844e+02 
 1.25892541e+05  9.00801203e+01  1.25892541e+05 -1.28111644e+02 
 1.35935639e+05  8.10749098e+01  1.35935639e+05 -1.24516416e+02 
 1.46779927e+05  7.26098626e+01  1.46779927e+05 -1.20427058e+02 
 1.58489319e+05  6.47281283e+01  1.58489319e+05 -1.15936174e+02 
 1.71132830e+05  5.74544296e+01  1.71132830e+05 -1.11136710e+02 
 1.84784980e+05  5.07966957e+01  1.84784980e+05 -1.06118232e+02 
 1.99526231e+05  4.47483628e+01  1.99526231e+05 -1.00964037e+02 
 2.15443469e+05  3.92910274e+01  2.15443469e+05 -9.57491347e+01 
 2.32630507e+05  3.43971843e+01  2.32630507e+05 -9.05390630e+01 
 2.51188643e+05  3.00328360e+01  2.51188643e+05 -8.53894227e+01 
 2.71227258e+05  2.61598338e+01  2.71227258e+05 -8.03459853e+01 
 2.92864456e+05  2.27378685e+01  2.92864456e+05 -7.54452214e+01 
 3.16227766e+05  1.97260844e+01  3.16227766e+05 -7.07151081e+01 
 3.41454887e+05  1.70843237e+01  3.41454887e+05 -6.61760919e+01 
 3.68694506e+05  1.47740371e+01  3.68694506e+05 -6.18421131e+01 
 3.98107171e+05  1.27589046e+01  3.98107171e+05 -5.77216197e+01 
 4.29866235e+05  1.10052200e+01  4.29866235e+05 -5.38185243e+01 
 4.64158883e+05  9.48208727e+00  4.64158883e+05 -5.01330741e+01 
 5.01187234e+05  8.16147402e+00  5.01187234e+05 -4.66626215e+01 
 5.41169527e+05  7.01816253e+00  5.41169527e+05 -4.34022884e+01 
 5.84341413e+05  6.02962858e+00  5.84341413e+05 -4.03455301e+01 
 6.30957344e+05  5.17587461e+00  6.30957344e+05 -3.74846041e+01 
 6.81292069e+05  4.43923643e+00  6.81292069e+05 -3.48109541e+01 
 7.35642254e+05  3.80417814e+00  7.35642254e+05 -3.23155200e+01 
 7.94328235e+05  3.25708566e+00  7.94328235e+05 -2.99889842e+01 
 8.57695899e+05  2.78606613e+00  8.57695899e+05 -2.78219639e+01 
 9.26118728e+05  2.38075784e+00  9.26118728e+05 -2.58051595e+01 
 1.00000000e+06  2.03215353e+00  1.00000000e+06 -2.39294650e+01 
 1.07977516e+06  1.73243846e+00  1.07977516e+06 -2.21860501e+01 
 1.16591440e+06  1.47484373e+00  1.16591440e+06 -2.05664172e+01 
 1.25892541e+06  1.25351457e+00  1.25892541e+06 -1.90624400e+01 
 1.35935639e+06  1.06339302e+00  1.35935639e+06 -1.76663869e+01 
 1.46779927e+06  9.00113976e-01  1.46779927e+06 -1.63709330e+01 
 1.58489319e+06  7.59913641e-01  1.58489319e+06 -1.51691627e+01 
 1.71132830e+06  6.39549131e-01  1.71132830e+06 -1.40545664e+01 
 1.84784980e+06  5.36228199e-01  1.84784980e+06 -1.30210314e+01 
 1.99526231e+06  4.47547956e-01  1.99526231e+06 -1.20628294e+01 
 2.15443469e+06  3.71441557e-01  2.15443469e+06 -1.11746022e+01 
 2.32630507e+06  3.06131939e-01  2.32630507e+06 -1.03513447e+01 
 2.51188643e+06  2.50091725e-01  2.51188643e+06 -9.58838770e+00 
 2.71227258e+06  2.02008541e-01  2.71227258e+06 -8.88137991e+00 
 2.92864456e+06  1.60755046e-01  2.92864456e+06 -8.22627001e+00 
 3.16227766e+06  1.25363059e-01  3.16227766e+06 -7.61928884e+00 
 3.41454887e+06  9.50012544e-02  3.41454887e+06 -7.05693203e+00 
 3.68694506e+06  6.89559375e-02  3.68694506e+06 -6.53594324e+00 
 3.98107171e+06  4.66144935e-02  3.98107171e+06 -6.05329799e+00 
 4.29866235e+06  2.74511439e-02  4.29866235e+06 -5.60618835e+00 
 4.64158883e+06  1.10146938e-02  4.64158883e+06 -5.19200827e+00 
 5.01187234e+06 -3.08200117e-03  5.01187234e+06 -4.80833981e+00 
 5.41169527e+06 -1.51710878e-02  5.41169527e+06 -4.45294009e+00 
 5.84341413e+06 -2.55374930e-02  5.84341413e+06 -4.12372907e+00 
 6.30957344e+06 -3.44256036e-02  6.30957344e+06 -3.81877808e+00 
 6.81292069e+06 -4.20450015e-02  6.81292069e+06 -3.53629904e+00 
 7.35642254e+06 -4.85753863e-02  7.35642254e+06 -3.27463441e+00 
 7.94328235e+06 -5.41707997e-02  7.94328235e+06 -3.03224787e+00 
 8.57695899e+06 -5.89632486e-02  8.57695899e+06 -2.80771549e+00 
 9.26118728e+06 -6.30658124e-02  9.26118728e+06 -2.59971769e+00 
 1.00000000e+07 -6.65753056e-02  1.00000000e+07 -2.40703157e+00 
 1.07977516e+07 -6.95745594e-02  1.07977516e+07 -2.22852390e+00 
 1.16591440e+07 -7.21343747e-02  1.16591440e+07 -2.06314460e+00 
 1.25892541e+07 -7.43151920e-02  1.25892541e+07 -1.90992061e+00 
 1.35935639e+07 -7.61685190e-02  1.35935639e+07 -1.76795027e+00 
 1.46779927e+07 -7.77381483e-02  1.46779927e+07 -1.63639807e+00 
 1.58489319e+07 -7.90611945e-02  1.58489319e+07 -1.51448981e+00 
 1.71132830e+07 -8.01689756e-02  1.71132830e+07 -1.40150806e+00 
 1.84784980e+07 -8.10877596e-02  1.84784980e+07 -1.29678804e+00 
 1.99526231e+07 -8.18393953e-02  1.99526231e+07 -1.19971371e+00 
 2.15443469e+07 -8.24418418e-02  2.15443469e+07 -1.10971422e+00 
 2.32630507e+07 -8.29096122e-02  2.32630507e+07 -1.02626061e+00 
 2.51188643e+07 -8.32541411e-02  2.51188643e+07 -9.48862768e-01 
 2.71227258e+07 -8.34840897e-02  2.71227258e+07 -8.77066598e-01 
 2.92864456e+07 -8.36055955e-02  2.92864456e+07 -8.10451473e-01 
 3.16227766e+07 -8.36224777e-02  3.16227766e+07 -7.48627847e-01 
 3.41454887e+07 -8.35364070e-02  3.41454887e+07 -6.91235093e-01 
 3.68694506e+07 -8.33470499e-02  3.68694506e+07 -6.37939536e-01 
 3.98107171e+07 -8.30521964e-02  3.98107171e+07 -5.88432657e-01 
 4.29866235e+07 -8.26478843e-02  4.29866235e+07 -5.42429484e-01 
 4.64158883e+07 -8.21285311e-02  4.64158883e+07 -4.99667140e-01 
 5.01187234e+07 -8.14870887e-02  5.01187234e+07 -4.59903553e-01 
 5.41169527e+07 -8.07152372e-02  5.41169527e+07 -4.22916300e-01 
 5.84341413e+07 -7.98036341e-02  5.84341413e+07 -3.88501584e-01 
 6.30957344e+07 -7.87422362e-02  6.30957344e+07 -3.56473314e-01 
 6.81292069e+07 -7.75207125e-02  6.81292069e+07 -3.26662267e-01 
 7.35642254e+07 -7.61289588e-02  7.35642254e+07 -2.98915286e-01 
 7.94328235e+07 -7.45577210e-02  7.94328235e+07 -2.73094494e-01 
 8.57695899e+07 -7.27993237e-02  8.57695899e+07 -2.49076450e-01 
 9.26118728e+07 -7.08484833e-02  9.26118728e+07 -2.26751216e-01 
 1.00000000e+08 -6.87031689e-02  1.00000000e+08 -2.06021274e-01 
 1.07977516e+08 -6.63654524e-02  1.07977516e+08 -1.86800257e-01 
 1.16591440e+08 -6.38422684e-02  1.16591440e+08 -1.69011457e-01 
 1.25892541e+08 -6.11459928e-02  1.25892541e+08 -1.52586129e-01 
 1.35935639e+08 -5.82947425e-02  1.35935639e+08 -1.37461625e-01 
 1.46779927e+08 -5.53123113e-02  1.46779927e+08 -1.23579434e-01 
 1.58489319e+08 -5.22276855e-02  1.58489319e+08 -1.10883239e-01 
 1.71132830e+08 -4.90741293e-02  1.71132830e+08 -9.93171490e-02 
 1.84784980e+08 -4.58878837e-02  1.84784980e+08 -8.88242305e-02 
 1.99526231e+08 -4.27065807e-02  1.99526231e+08 -7.93454691e-02 
 2.15443469e+08 -3.95675182e-02  2.15443469e+08 -7.08192429e-02 
 2.32630507e+08 -3.65059625e-02  2.32630507e+08 -6.31813239e-02 
 2.51188643e+08 -3.35536430e-02  2.51188643e+08 -5.63653629e-02 
 2.71227258e+08 -3.07375703e-02  2.71227258e+08 -5.03037566e-02 
 2.92864456e+08 -2.80792602e-02  2.92864456e+08 -4.49287609e-02 
 3.16227766e+08 -2.55943888e-02  3.16227766e+08 -4.01736997e-02 
 3.41454887e+08 -2.32928502e-02  3.41454887e+08 -3.59741320e-02 
 3.68694506e+08 -2.11791494e-02  3.68694506e+08 -3.22688693e-02 
 3.98107171e+08 -1.92530371e-02  3.98107171e+08 -2.90007717e-02 
 4.29866235e+08 -1.75102924e-02  4.29866235e+08 -2.61172933e-02 
 4.64158883e+08 -1.59435603e-02  4.64158883e+08 -2.35707767e-02 
 5.01187234e+08 -1.45431757e-02  5.01187234e+08 -2.13185246e-02 
 5.41169527e+08 -1.32979181e-02  5.41169527e+08 -1.93226884e-02 
 5.84341413e+08 -1.21956686e-02  5.84341413e+08 -1.75500192e-02 
 6.30957344e+08 -1.12239513e-02  6.30957344e+08 -1.59715265e-02 
 6.81292069e+08 -1.03703607e-02  6.81292069e+08 -1.45620839e-02 
 7.35642254e+08 -9.62288111e-03  7.35642254e+08 -1.33000138e-02 
 7.94328235e+08 -8.97011116e-03  7.94328235e+08 -1.21666749e-02 
 8.57695899e+08 -8.40140947e-03  8.57695899e+08 -1.11460691e-02 
 9.26118728e+08 -7.90697641e-03  9.26118728e+08 -1.02244796e-02 
 1.00000000e+09 -7.47788679e-03  1.00000000e+09 -9.39014334e-03 
 1.07977516e+09 -7.10608610e-03  1.07977516e+09 -8.63296250e-03 
 1.16591440e+09 -6.78436109e-03  1.16591440e+09 -7.94425211e-03 
 1.25892541e+09 -6.50629334e-03  1.25892541e+09 -7.31652336e-03 
 1.35935639e+09 -6.26620239e-03  1.35935639e+09 -6.74329850e-03 
 1.46779927e+09 -6.05908380e-03  1.46779927e+09 -6.21895422e-03 
 1.58489319e+09 -5.88054555e-03  1.58489319e+09 -5.73858983e-03 
 1.71132830e+09 -5.72674568e-03  1.71132830e+09 -5.29791676e-03 
 1.84784980e+09 -5.59433259e-03  1.84784980e+09 -4.89316618e-03 
 1.99526231e+09 -5.48038930e-03  1.99526231e+09 -4.52101193e-03 
 2.15443469e+09 -5.38238218e-03  2.15443469e+09 -4.17850620e-03 
 2.32630507e+09 -5.29811430e-03  2.32630507e+09 -3.86302591e-03 
 2.51188643e+09 -5.22568349e-03  2.51188643e+09 -3.57222781e-03 
 2.71227258e+09 -5.16344485e-03  2.71227258e+09 -3.30401095e-03 
 2.92864456e+09 -5.10997752e-03  2.92864456e+09 -3.05648513e-03 
 3.16227766e+09 -5.06405532e-03  3.16227766e+09 -2.82794438e-03 
 3.41454887e+09 -5.02462093e-03  3.41454887e+09 -2.61684443e-03 
 3.68694506e+09 -4.99076330e-03  3.68694506e+09 -2.42178370e-03 
 3.98107171e+09 -4.96169788e-03  3.98107171e+09 -2.24148700e-03 
 4.29866235e+09 -4.93674946e-03  4.29866235e+09 -2.07479165e-03 
 4.64158883e+09 -4.91533715e-03  4.64158883e+09 -1.92063545e-03 
 5.01187234e+09 -4.89696144e-03  5.01187234e+09 -1.77804634e-03 
 5.41169527e+09 -4.88119294e-03  5.41169527e+09 -1.64613336e-03 
 5.84341413e+09 -4.86766266e-03  5.84341413e+09 -1.52407880e-03 
 6.30957344e+09 -4.85605359e-03  6.30957344e+09 -1.41113126e-03 
 6.81292069e+09 -4.84609343e-03  6.81292069e+09 -1.30659957e-03 
 7.35642254e+09 -4.83754835e-03  7.35642254e+09 -1.20984738e-03 
 7.94328235e+09 -4.83021758e-03  7.94328235e+09 -1.12028833e-03 
 8.57695899e+09 -4.82392877e-03  8.57695899e+09 -1.03738174e-03 
 9.26118728e+09 -4.81853397e-03  9.26118728e+09 -9.60628807e-04 
 1.00000000e+10 -4.81390619e-03  1.00000000e+10 -8.89569045e-04 
