 1.00000000e+00  3.30171814e+02  1.00000000e+00 -4.46390120e-03 
 1.07977516e+00  3.30171814e+02  1.07977516e+00 -4.82000965e-03 
 1.16591440e+00  3.30171814e+02  1.16591440e+00 -5.20452670e-03 
 1.25892541e+00  3.30171814e+02  1.25892541e+00 -5.61971866e-03 
 1.35935639e+00  3.30171814e+02  1.35935639e+00 -6.06803263e-03 
 1.46779927e+00  3.30171814e+02  1.46779927e+00 -6.55211092e-03 
 1.58489319e+00  3.30171814e+02  1.58489319e+00 -7.07480663e-03 
 1.71132830e+00  3.30171814e+02  1.71132830e+00 -7.63920047e-03 
 1.84784980e+00  3.30171814e+02  1.84784980e+00 -8.24861893e-03 
 1.99526231e+00  3.30171814e+02  1.99526231e+00 -8.90665384e-03 
 2.15443469e+00  3.30171814e+02  2.15443469e+00 -9.61718360e-03 
 2.32630507e+00  3.30171813e+02  2.32630507e+00 -1.03843960e-02 
 2.51188643e+00  3.30171813e+02  2.51188643e+00 -1.12128129e-02 
 2.71227258e+00  3.30171813e+02  2.71227258e+00 -1.21073168e-02 
 2.92864456e+00  3.30171813e+02  2.92864456e+00 -1.30731800e-02 
 3.16227766e+00  3.30171813e+02  3.16227766e+00 -1.41160950e-02 
 3.41454887e+00  3.30171813e+02  3.41454887e+00 -1.52422088e-02 
 3.68694506e+00  3.30171813e+02  3.68694506e+00 -1.64581585e-02 
 3.98107171e+00  3.30171813e+02  3.98107171e+00 -1.77711107e-02 
 4.29866235e+00  3.30171813e+02  4.29866235e+00 -1.91888040e-02 
 4.64158883e+00  3.30171812e+02  4.64158883e+00 -2.07195939e-02 
 5.01187234e+00  3.30171812e+02  5.01187234e+00 -2.23725029e-02 
 5.41169527e+00  3.30171812e+02  5.41169527e+00 -2.41572729e-02 
 5.84341413e+00  3.30171812e+02  5.84341413e+00 -2.60844232e-02 
 6.30957344e+00  3.30171811e+02  6.30957344e+00 -2.81653123e-02 
 6.81292069e+00  3.30171811e+02  6.81292069e+00 -3.04122046e-02 
 7.35642254e+00  3.30171811e+02  7.35642254e+00 -3.28383431e-02 
 7.94328235e+00  3.30171810e+02  7.94328235e+00 -3.54580272e-02 
 8.57695899e+00  3.30171809e+02  8.57695899e+00 -3.82866970e-02 
 9.26118728e+00  3.30171809e+02  9.26118728e+00 -4.13410244e-02 
 1.00000000e+01  3.30171808e+02  1.00000000e+01 -4.46390112e-02 
 1.07977516e+01  3.30171807e+02  1.07977516e+01 -4.82000954e-02 
 1.16591440e+01  3.30171806e+02  1.16591440e+01 -5.20452657e-02 
 1.25892541e+01  3.30171804e+02  1.25892541e+01 -5.61971850e-02 
 1.35935639e+01  3.30171803e+02  1.35935639e+01 -6.06803243e-02 
 1.46779927e+01  3.30171801e+02  1.46779927e+01 -6.55211066e-02 
 1.58489319e+01  3.30171799e+02  1.58489319e+01 -7.07480631e-02 
 1.71132830e+01  3.30171796e+02  1.71132830e+01 -7.63920007e-02 
 1.84784980e+01  3.30171793e+02  1.84784980e+01 -8.24861842e-02 
 1.99526231e+01  3.30171790e+02  1.99526231e+01 -8.90665320e-02 
 2.15443469e+01  3.30171786e+02  2.15443469e+01 -9.61718279e-02 
 2.32630507e+01  3.30171781e+02  2.32630507e+01 -1.03843950e-01 
 2.51188643e+01  3.30171776e+02  2.51188643e+01 -1.12128116e-01 
 2.71227258e+01  3.30171769e+02  2.71227258e+01 -1.21073152e-01 
 2.92864456e+01  3.30171762e+02  2.92864456e+01 -1.30731780e-01 
 3.16227766e+01  3.30171753e+02  3.16227766e+01 -1.41160925e-01 
 3.41454887e+01  3.30171743e+02  3.41454887e+01 -1.52422056e-01 
 3.68694506e+01  3.30171732e+02  3.68694506e+01 -1.64581544e-01 
 3.98107171e+01  3.30171718e+02  3.98107171e+01 -1.77711056e-01 
 4.29866235e+01  3.30171702e+02  4.29866235e+01 -1.91887976e-01 
 4.64158883e+01  3.30171684e+02  4.64158883e+01 -2.07195858e-01 
 5.01187234e+01  3.30171662e+02  5.01187234e+01 -2.23724927e-01 
 5.41169527e+01  3.30171637e+02  5.41169527e+01 -2.41572601e-01 
 5.84341413e+01  3.30171608e+02  5.84341413e+01 -2.60844071e-01 
 6.30957344e+01  3.30171574e+02  6.30957344e+01 -2.81652920e-01 
 6.81292069e+01  3.30171534e+02  6.81292069e+01 -3.04121791e-01 
 7.35642254e+01  3.30171487e+02  7.35642254e+01 -3.28383110e-01 
 7.94328235e+01  3.30171433e+02  7.94328235e+01 -3.54579868e-01 
 8.57695899e+01  3.30171370e+02  8.57695899e+01 -3.82866461e-01 
 9.26118728e+01  3.30171297e+02  9.26118728e+01 -4.13409604e-01 
 1.00000000e+02  3.30171211e+02  1.00000000e+02 -4.46389306e-01 
 1.07977516e+02  3.30171111e+02  1.07977516e+02 -4.81999939e-01 
 1.16591440e+02  3.30170994e+02  1.16591440e+02 -5.20451379e-01 
 1.25892541e+02  3.30170858e+02  1.25892541e+02 -5.61970241e-01 
 1.35935639e+02  3.30170699e+02  1.35935639e+02 -6.06801217e-01 
 1.46779927e+02  3.30170515e+02  1.46779927e+02 -6.55208516e-01 
 1.58489319e+02  3.30170299e+02  1.58489319e+02 -7.07477420e-01 
 1.71132830e+02  3.30170048e+02  1.71132830e+02 -7.63915965e-01 
 1.84784980e+02  3.30169755e+02  1.84784980e+02 -8.24856754e-01 
 1.99526231e+02  3.30169413e+02  1.99526231e+02 -8.90658914e-01 
 2.15443469e+02  3.30169015e+02  2.15443469e+02 -9.61710215e-01 
 2.32630507e+02  3.30168550e+02  2.32630507e+02 -1.03842934e+00 
 2.51188643e+02  3.30168009e+02  2.51188643e+02 -1.12126838e+00 
 2.71227258e+02  3.30167378e+02  2.71227258e+02 -1.21071543e+00 
 2.92864456e+02  3.30166642e+02  2.92864456e+02 -1.30729754e+00 
 3.16227766e+02  3.30165784e+02  3.16227766e+02 -1.41158375e+00 
 3.41454887e+02  3.30164783e+02  3.41454887e+02 -1.52418845e+00 
 3.68694506e+02  3.30163617e+02  3.68694506e+02 -1.64577502e+00 
 3.98107171e+02  3.30162257e+02  3.98107171e+02 -1.77705968e+00 
 4.29866235e+02  3.30160671e+02  4.29866235e+02 -1.91881570e+00 
 4.64158883e+02  3.30158823e+02  4.64158883e+02 -2.07187794e+00 
 5.01187234e+02  3.30156667e+02  5.01187234e+02 -2.23714775e+00 
 5.41169527e+02  3.30154154e+02  5.41169527e+02 -2.41559820e+00 
 5.84341413e+02  3.30151225e+02  5.84341413e+02 -2.60827981e+00 
 6.30957344e+02  3.30147809e+02  6.30957344e+02 -2.81632664e+00 
 6.81292069e+02  3.30143826e+02  6.81292069e+02 -3.04096291e+00 
 7.35642254e+02  3.30139183e+02  7.35642254e+02 -3.28351007e+00 
 7.94328235e+02  3.30133770e+02  7.94328235e+02 -3.54539454e+00 
 8.57695899e+02  3.30127459e+02  8.57695899e+02 -3.82815584e+00 
 9.26118728e+02  3.30120101e+02  9.26118728e+02 -4.13345554e+00 
 1.00000000e+03  3.30111523e+02  1.00000000e+03 -4.46308674e+00 
 1.07977516e+03  3.30101521e+02  1.07977516e+03 -4.81898433e+00 
 1.16591440e+03  3.30089862e+02  1.16591440e+03 -5.20323594e+00 
 1.25892541e+03  3.30076269e+02  1.25892541e+03 -5.61809376e+00 
 1.35935639e+03  3.30060422e+02  1.35935639e+03 -6.06598710e+00 
 1.46779927e+03  3.30041948e+02  1.46779927e+03 -6.54953590e+00 
 1.58489319e+03  3.30020411e+02  1.58489319e+03 -7.07156508e+00 
 1.71132830e+03  3.29995304e+02  1.71132830e+03 -7.63511992e+00 
 1.84784980e+03  3.29966037e+02  1.84784980e+03 -8.24348227e+00 
 1.99526231e+03  3.29931921e+02  1.99526231e+03 -8.90018784e+00 
 2.15443469e+03  3.29892152e+02  2.15443469e+03 -9.60904436e+00 
 2.32630507e+03  3.29845798e+02  2.32630507e+03 -1.03741507e+01 
 2.51188643e+03  3.29791770e+02  2.51188643e+03 -1.11999170e+01 
 2.71227258e+03  3.29728800e+02  2.71227258e+03 -1.20910849e+01 
 2.92864456e+03  3.29655412e+02  2.92864456e+03 -1.30527498e+01 
 3.16227766e+03  3.29569890e+02  3.16227766e+03 -1.40903816e+01 
 3.41454887e+03  3.29470234e+02  3.41454887e+03 -1.52098473e+01 
 3.68694506e+03  3.29354120e+02  3.68694506e+03 -1.64174321e+01 
 3.98107171e+03  3.29218844e+02  3.98107171e+03 -1.77198604e+01 
 4.29866235e+03  3.29061264e+02  4.29866235e+03 -1.91243144e+01 
 4.64158883e+03  3.28877729e+02  4.64158883e+03 -2.06384516e+01 
 5.01187234e+03  3.28664002e+02  5.01187234e+03 -2.22704171e+01 
 5.41169527e+03  3.28415164e+02  5.41169527e+03 -2.40288518e+01 
 5.84341413e+03  3.28125515e+02  5.84341413e+03 -2.59228931e+01 
 6.30957344e+03  3.27788454e+02  6.30957344e+03 -2.79621666e+01 
 6.81292069e+03  3.27396341e+02  6.81292069e+03 -3.01567651e+01 
 7.35642254e+03  3.26940354e+02  7.35642254e+03 -3.25172113e+01 
 7.94328235e+03  3.26410311e+02  7.94328235e+03 -3.50544011e+01 
 8.57695899e+03  3.25794491e+02  8.57695899e+03 -3.77795197e+01 
 9.26118728e+03  3.25079422e+02  9.26118728e+03 -4.07039262e+01 
 1.00000000e+04  3.24249663e+02  1.00000000e+04 -4.38389976e+01 
 1.07977516e+04  3.23287563e+02  1.07977516e+04 -4.71959239e+01 
 1.16591440e+04  3.22173015e+02  1.16591440e+04 -5.07854433e+01 
 1.25892541e+04  3.20883204e+02  1.25892541e+04 -5.46175068e+01 
 1.35935639e+04  3.19392363e+02  1.35935639e+04 -5.87008591e+01 
 1.46779927e+04  3.17671553e+02  1.46779927e+04 -6.30425225e+01 
 1.58489319e+04  3.15688482e+02  1.58489319e+04 -6.76471728e+01 
 1.71132830e+04  3.13407400e+02  1.71132830e+04 -7.25163947e+01 
 1.84784980e+04  3.10789093e+02  1.84784980e+04 -7.76478117e+01 
 1.99526231e+04  3.07791030e+02  1.99526231e+04 -8.30340897e+01 
 2.15443469e+04  3.04367705e+02  2.15443469e+04 -8.86618254e+01 
 2.32630507e+04  3.00471237e+02  2.32630507e+04 -9.45103444e+01 
 2.51188643e+04  2.96052294e+02  2.51188643e+04 -1.00550456e+02 
 2.71227258e+04  2.91061386e+02  2.71227258e+04 -1.06743232e+02 
 2.92864456e+04  2.85450603e+02  2.92864456e+04 -1.13038918e+02 
 3.16227766e+04  2.79175794e+02  3.16227766e+04 -1.19376097e+02 
 3.41454887e+04  2.72199205e+02  3.41454887e+04 -1.25681279e+02 
 3.68694506e+04  2.64492499e+02  3.68694506e+04 -1.31869092e+02 
 3.98107171e+04  2.56040026e+02  3.98107171e+04 -1.37843256e+02 
 4.29866235e+04  2.46842136e+02  4.29866235e+04 -1.43498511e+02 
 4.64158883e+04  2.36918231e+02  4.64158883e+04 -1.48723589e+02 
 5.01187234e+04  2.26309207e+02  5.01187234e+04 -1.53405237e+02 
 5.41169527e+04  2.15078895e+02  5.41169527e+04 -1.57433158e+02 
 5.84341413e+04  2.03314145e+02  5.84341413e+04 -1.60705579e+02 
 6.30957344e+04  1.91123301e+02  6.30957344e+04 -1.63135017e+02 
 6.81292069e+04  1.78632958e+02  6.81292069e+04 -1.64653687e+02 
 7.35642254e+04  1.65983131e+02  7.35642254e+04 -1.65217968e+02 
 7.94328235e+04  1.53321184e+02  7.94328235e+04 -1.64811405e+02 
 8.57695899e+04  1.40795041e+02  8.57695899e+04 -1.63445866e+02 
 9.26118728e+04  1.28546357e+02  9.26118728e+04 -1.61160705e+02 
 1.00000000e+05  1.16704280e+02  1.00000000e+05 -1.58020042e+02 
 1.07977516e+05  1.05380392e+02  1.07977516e+05 -1.54108504e+02 
 1.16591440e+05  9.46651935e+01  1.16591440e+05 -1.49525924e+02 
 1.25892541e+05  8.46263009e+01  1.25892541e+05 -1.44381601e+02 
 1.35935639e+05  7.53082791e+01  1.35935639e+05 -1.38788666e+02 
 1.46779927e+05  6.67338868e+01  1.46779927e+05 -1.32859009e+02 
 1.58489319e+05  5.89063803e+01  1.58489319e+05 -1.26699100e+02 
 1.71132830e+05  5.18124939e+01  1.71132830e+05 -1.20406840e+02 
 1.84784980e+05  4.54257300e+01  1.84784980e+05 -1.14069467e+02 
 1.99526231e+05  3.97096542e+01  1.99526231e+05 -1.07762437e+02 
 2.15443469e+05  3.46209670e+01  2.15443469e+05 -1.01549120e+02 
 2.32630507e+05  3.01122077e+01  2.32630507e+05 -9.54811220e+01 
 2.51188643e+05  2.61340158e+01  2.51188643e+05 -8.95990638e+01 
 2.71227258e+05  2.26369332e+01  2.71227258e+05 -8.39336410e+01 
 2.92864456e+05  1.95727712e+01  2.92864456e+05 -7.85068296e+01 
 3.16227766e+05  1.68955882e+01  3.16227766e+05 -7.33331328e+01 
 3.41454887e+05  1.45623383e+01  3.41454887e+05 -6.84207942e+01 
 3.68694506e+05  1.25332531e+01  3.68694506e+05 -6.37729259e+01 
 3.98107171e+05  1.07720149e+01  3.98107171e+05 -5.93885250e+01 
 4.29866235e+05  9.24577423e+00  4.29866235e+05 -5.52633643e+01 
 4.64158883e+05  7.92505638e+00  4.64158883e+05 -5.13907573e+01 
 5.01187234e+05  6.78359209e+00  5.01187234e+05 -4.77622010e+01 
 5.41169527e+05  5.79810179e+00  5.41169527e+05 -4.43679088e+01 
 5.84341413e+05  4.94805425e+00  5.84341413e+05 -4.11972446e+01 
 6.30957344e+05  4.21541587e+00  6.30957344e+05 -3.82390712e+01 
 6.81292069e+05  3.58440162e+00  6.81292069e+05 -3.54820252e+01 
 7.35642254e+05  3.04123539e+00  7.35642254e+05 -3.29147314e+01 
 7.94328235e+05  2.57392451e+00  7.94328235e+05 -3.05259659e+01 
 8.57695899e+05  2.17205127e+00  8.57695899e+05 -2.83047776e+01 
 9.26118728e+05  1.82658265e+00  9.26118728e+05 -2.62405766e+01 
 1.00000000e+06  1.52969854e+00  1.00000000e+06 -2.43231952e+01 
 1.07977516e+06  1.27463794e+00  1.07977516e+06 -2.25429280e+01 
 1.16591440e+06  1.05556224e+00  1.16591440e+06 -2.08905549e+01 
 1.25892541e+06  8.67434357e-01  1.25892541e+06 -1.93573515e+01 
 1.35935639e+06  7.05912344e-01  1.35935639e+06 -1.79350897e+01 
 1.46779927e+06  5.67256204e-01  1.46779927e+06 -1.66160309e+01 
 1.58489319e+06  4.48246456e-01  1.58489319e+06 -1.53929132e+01 
 1.71132830e+06  3.46113203e-01  1.71132830e+06 -1.42589358e+01 
 1.84784980e+06  2.58474478e-01  1.84784980e+06 -1.32077399e+01 
 1.99526231e+06  1.83282779e-01  1.99526231e+06 -1.22333882e+01 
 2.15443469e+06  1.18778763e-01  2.15443469e+06 -1.13303435e+01 
 2.32630507e+06  6.34512145e-02  2.32630507e+06 -1.04934467e+01 
 2.51188643e+06  1.60024708e-02  2.51188643e+06 -9.71789538e+00 
 2.71227258e+06 -2.46813985e-02  2.71227258e+06 -8.99922193e+00 
 2.92864456e+06 -5.95562922e-02  2.92864456e+06 -8.33327292e+00 
 3.16227766e+06 -8.94422053e-02  3.16227766e+06 -7.71618892e+00 
 3.41454887e+06 -1.15042267e-01  3.41454887e+06 -7.14438519e+00 
 3.68694506e+06 -1.36959105e-01  3.68694506e+06 -6.61453336e+00 
 3.98107171e+06 -1.55708904e-01  3.98107171e+06 -6.12354402e+00 
 4.29866235e+06 -1.71733474e-01  4.29866235e+06 -5.66855025e+00 
 4.64158883e+06 -1.85410594e-01  4.64158883e+06 -5.24689223e+00 
 5.01187234e+06 -1.97062879e-01  5.01187234e+06 -4.85610262e+00 
 5.41169527e+06 -2.06965367e-01  5.41169527e+06 -4.49389303e+00 
 5.84341413e+06 -2.15352006e-01  5.84341413e+06 -4.15814132e+00 
 6.30957344e+06 -2.22421188e-01  6.30957344e+06 -3.84687970e+00 
 6.81292069e+06 -2.28340467e-01  6.81292069e+06 -3.55828377e+00 
 7.35642254e+06 -2.33250570e-01  7.35642254e+06 -3.29066225e+00 
 7.94328235e+06 -2.37268809e-01  7.94328235e+06 -3.04244749e+00 
 8.57695899e+06 -2.40491964e-01  8.57695899e+06 -2.81218677e+00 
 9.26118728e+06 -2.42998739e-01  9.26118728e+06 -2.59853410e+00 
 1.00000000e+07 -2.44851833e-01  1.00000000e+07 -2.40024292e+00 
 1.07977516e+07 -2.46099716e-01  1.07977516e+07 -2.21615921e+00 
 1.16591440e+07 -2.46778150e-01  1.16591440e+07 -2.04521533e+00 
 1.25892541e+07 -2.46911532e-01  1.25892541e+07 -1.88642438e+00 
 1.35935639e+07 -2.46514112e-01  1.35935639e+07 -1.73887512e+00 
 1.46779927e+07 -2.45591137e-01  1.46779927e+07 -1.60172740e+00 
 1.58489319e+07 -2.44140012e-01  1.58489319e+07 -1.47420812e+00 
 1.71132830e+07 -2.42151514e-01  1.71132830e+07 -1.35560750e+00 
 1.84784980e+07 -2.39611152e-01  1.84784980e+07 -1.24527587e+00 
 1.99526231e+07 -2.36500714e-01  1.99526231e+07 -1.14262068e+00 
 2.15443469e+07 -2.32800074e-01  2.15443469e+07 -1.04710372e+00 
 2.32630507e+07 -2.28489286e-01  2.32630507e+07 -9.58238406e-01 
 2.51188643e+07 -2.23550972e-01  2.51188643e+07 -8.75587048e-01 
 2.71227258e+07 -2.17972973e-01  2.71227258e+07 -7.98757852e-01 
 2.92864456e+07 -2.11751166e-01  2.92864456e+07 -7.27401543e-01 
 3.16227766e+07 -2.04892311e-01  3.16227766e+07 -6.61207469e-01 
 3.41454887e+07 -1.97416682e-01  3.41454887e+07 -5.99899052e-01 
 3.68694506e+07 -1.89360240e-01  3.68694506e+07 -5.43228595e-01 
 3.98107171e+07 -1.80776030e-01  3.98107171e+07 -4.90971490e-01 
 4.29866235e+07 -1.71734519e-01  4.29866235e+07 -4.42920054e-01 
 4.64158883e+07 -1.62322679e-01  4.64158883e+07 -3.98877287e-01 
 5.01187234e+07 -1.52641698e-01  5.01187234e+07 -3.58650979e-01 
 5.41169527e+07 -1.42803413e-01  5.41169527e+07 -3.22048617e-01 
 5.84341413e+07 -1.32925703e-01  5.84341413e+07 -2.88873500e-01 
 6.30957344e+07 -1.23127255e-01  6.30957344e+07 -2.58922379e-01 
 6.81292069e+07 -1.13522211e-01  6.81292069e+07 -2.31984746e-01 
 7.35642254e+07 -1.04215219e-01  7.35642254e+07 -2.07843726e-01 
 7.94328235e+07 -9.52973436e-02  7.94328235e+07 -1.86278292e-01 
 8.57695899e+07 -8.68431688e-02  8.57695899e+07 -1.67066427e-01 
 9.26118728e+07 -7.89092227e-02  9.26118728e+07 -1.49988776e-01 
 1.00000000e+08 -7.15337131e-02  1.00000000e+08 -1.34832316e-01 
 1.07977516e+08 -6.47373947e-02  1.07977516e+08 -1.21393689e-01 
 1.16591440e+08 -5.85253064e-02  1.16591440e+08 -1.09481915e-01 
 1.25892541e+08 -5.28890777e-02  1.25892541e+08 -9.89203517e-02 
 1.35935639e+08 -4.78095124e-02  1.35935639e+08 -8.95478602e-02 
 1.46779927e+08 -4.32592021e-02  1.46779927e+08 -8.12192467e-02 
 1.58489319e+08 -3.92049829e-02  1.58489319e+08 -7.38050788e-02 
 1.71132830e+08 -3.56101123e-02  1.71132830e+08 -6.71910236e-02 
 1.84784980e+08 -3.24361020e-02  1.84784980e+08 -6.12768483e-02 
 1.99526231e+08 -2.96441890e-02  1.99526231e+08 -5.59752130e-02 
 2.15443469e+08 -2.71964587e-02  2.15443469e+08 -5.12103648e-02 
 2.32630507e+08 -2.50566563e-02  2.32630507e+08 -4.69168174e-02 
 2.51188643e+08 -2.31907329e-02  2.51188643e+08 -4.30380759e-02 
 2.71227258e+08 -2.15671735e-02  2.71227258e+08 -3.95254472e-02 
 2.92864456e+08 -2.01571558e-02  2.92864456e+08 -3.63369575e-02 
 3.16227766e+08 -1.89345805e-02  3.16227766e+08 -3.34363875e-02 
 3.41454887e+08 -1.78760092e-02  3.41454887e+08 -3.07924260e-02 
 3.68694506e+08 -1.69605396e-02  3.68694506e+08 -2.83779354e-02 
 3.98107171e+08 -1.61696398e-02  3.98107171e+08 -2.61693232e-02 
 4.29866235e+08 -1.54869610e-02  4.29866235e+08 -2.41460053e-02 
 4.64158883e+08 -1.48981406e-02  4.64158883e+08 -2.22899534e-02 
 5.01187234e+08 -1.43906050e-02  5.01187234e+08 -2.05853130e-02 
 5.41169527e+08 -1.39533794e-02  5.41169527e+08 -1.90180836e-02 
 5.84341413e+08 -1.35769082e-02  5.84341413e+08 -1.75758504e-02 
 6.30957344e+08 -1.32528885e-02  6.30957344e+08 -1.62475603e-02 
 6.81292069e+08 -1.29741182e-02  6.81292069e+08 -1.50233346e-02 
 7.35642254e+08 -1.27343591e-02  7.35642254e+08 -1.38943118e-02 
 7.94328235e+08 -1.25282141e-02  7.94328235e+08 -1.28525164e-02 
 8.57695899e+08 -1.23510185e-02  8.57695899e+08 -1.18907474e-02 
 9.26118728e+08 -1.21987441e-02  9.26118728e+08 -1.10024848e-02 
 1.00000000e+09 -1.20679147e-02  1.00000000e+09 -1.01818105e-02 
 1.07977516e+09 -1.19555325e-02  1.07977516e+09 -9.42333930e-03 
 1.16591440e+09 -1.18590137e-02  1.16591440e+09 -8.72216175e-03 
 1.25892541e+09 -1.17761324e-02  1.25892541e+09 -8.07379305e-03 
 1.35935639e+09 -1.17049719e-02  1.35935639e+09 -7.47412980e-03 
 1.46779927e+09 -1.16438826e-02  1.46779927e+09 -6.91941194e-03 
 1.58489319e+09 -1.15914451e-02  1.58489319e+09 -6.40618944e-03 
 1.71132830e+09 -1.15464387e-02  1.71132830e+09 -5.93129307e-03 
 1.84784980e+09 -1.15078136e-02  1.84784980e+09 -5.49180849e-03 
 1.99526231e+09 -1.14746679e-02  1.99526231e+09 -5.08505332e-03 
 2.15443469e+09 -1.14462260e-02  2.15443469e+09 -4.70855671e-03 
 2.32630507e+09 -1.14218220e-02  2.32630507e+09 -4.36004098e-03 
 2.51188643e+09 -1.14008837e-02  2.51188643e+09 -4.03740529e-03 
 2.71227258e+09 -1.13829197e-02  2.71227258e+09 -3.73871081e-03 
 2.92864456e+09 -1.13675082e-02  2.92864456e+09 -3.46216739e-03 
 3.16227766e+09 -1.13542869e-02  3.16227766e+09 -3.20612149e-03 
 3.41454887e+09 -1.13429450e-02  3.41454887e+09 -2.96904520e-03 
 3.68694506e+09 -1.13332154e-02  3.68694506e+09 -2.74952625e-03 
 3.98107171e+09 -1.13248693e-02  3.98107171e+09 -2.54625890e-03 
 4.29866235e+09 -1.13177100e-02  4.29866235e+09 -2.35803566e-03 
 4.64158883e+09 -1.13115689e-02  4.64158883e+09 -2.18373961e-03 
 5.01187234e+09 -1.13063012e-02  5.01187234e+09 -2.02233749e-03 
 5.41169527e+09 -1.13017828e-02  5.41169527e+09 -1.87287325e-03 
 5.84341413e+09 -1.12979071e-02  5.84341413e+09 -1.73446217e-03 
 6.30957344e+09 -1.12945827e-02  6.30957344e+09 -1.60628546e-03 
 6.81292069e+09 -1.12917313e-02  6.81292069e+09 -1.48758528e-03 
 7.35642254e+09 -1.12892856e-02  7.35642254e+09 -1.37766012e-03 
 7.94328235e+09 -1.12871878e-02  7.94328235e+09 -1.27586057e-03 
 8.57695899e+09 -1.12853885e-02  8.57695899e+09 -1.18158545e-03 
 9.26118728e+09 -1.12838452e-02  9.26118728e+09 -1.09427815e-03 
 1.00000000e+10 -1.12825214e-02  1.00000000e+10 -1.01342333e-03 
