 1.00000000e+00  1.18442814e+05  1.00000000e+00 -2.77004736e+03 
 1.07977516e+00  1.18432073e+05  1.07977516e+00 -2.99075708e+03 
 1.16591440e+00  1.18419551e+05  1.16591440e+00 -3.22900379e+03 
 1.25892541e+00  1.18404956e+05  1.25892541e+00 -3.48616837e+03 
 1.35935639e+00  1.18387943e+05  1.35935639e+00 -3.76373716e+03 
 1.46779927e+00  1.18368114e+05  1.46779927e+00 -4.06330923e+03 
 1.58489319e+00  1.18345004e+05  1.58489319e+00 -4.38660377e+03 
 1.71132830e+00  1.18318070e+05  1.71132830e+00 -4.73546785e+03 
 1.84784980e+00  1.18286684e+05  1.84784980e+00 -5.11188417e+03 
 1.99526231e+00  1.18250111e+05  1.99526231e+00 -5.51797894e+03 
 2.15443469e+00  1.18207498e+05  2.15443469e+00 -5.95602954e+03 
 2.32630507e+00  1.18157854e+05  2.32630507e+00 -6.42847188e+03 
 2.51188643e+00  1.18100026e+05  2.51188643e+00 -6.93790714e+03 
 2.71227258e+00  1.18032676e+05  2.71227258e+00 -7.48710762e+03 
 2.92864456e+00  1.17954247e+05  2.92864456e+00 -8.07902110e+03 
 3.16227766e+00  1.17862938e+05  3.16227766e+00 -8.71677343e+03 
 3.41454887e+00  1.17756657e+05  3.41454887e+00 -9.40366830e+03 
 3.68694506e+00  1.17632985e+05  3.68694506e+00 -1.01431836e+04 
 3.98107171e+00  1.17489121e+05  3.98107171e+00 -1.09389633e+04 
 4.29866235e+00  1.17321832e+05  4.29866235e+00 -1.17948028e+04 
 4.64158883e+00  1.17127388e+05  4.64158883e+00 -1.27146276e+04 
 5.01187234e+00  1.16901495e+05  5.01187234e+00 -1.37024616e+04 
 5.41169527e+00  1.16639221e+05  5.41169527e+00 -1.47623834e+04 
 5.84341413e+00  1.16334914e+05  5.84341413e+00 -1.58984683e+04 
 6.30957344e+00  1.15982116e+05  6.30957344e+00 -1.71147117e+04 
 6.81292069e+00  1.15573477e+05  6.81292069e+00 -1.84149305e+04 
 7.35642254e+00  1.15100659e+05  7.35642254e+00 -1.98026388e+04 
 7.94328235e+00  1.14554255e+05  7.94328235e+00 -2.12808924e+04 
 8.57695899e+00  1.13923709e+05  8.57695899e+00 -2.28520982e+04 
 9.26118728e+00  1.13197256e+05  9.26118728e+00 -2.45177845e+04 
 1.00000000e+01  1.12361884e+05  1.00000000e+01 -2.62783264e+04 
 1.07977516e+01  1.11403348e+05  1.07977516e+01 -2.81326277e+04 
 1.16591440e+01  1.10306222e+05  1.16591440e+01 -3.00777567e+04 
 1.25892541e+01  1.09054042e+05  1.25892541e+01 -3.21085417e+04 
 1.35935639e+01  1.07629534e+05  1.35935639e+01 -3.42171367e+04 
 1.46779927e+01  1.06014964e+05  1.46779927e+01 -3.63925737e+04 
 1.58489319e+01  1.04192624e+05  1.58489319e+01 -3.86203305e+04 
 1.71132830e+01  1.02145480e+05  1.71132830e+01 -4.08819487e+04 
 1.84784980e+01  9.98579816e+04  1.84784980e+01 -4.31547549e+04 
 1.99526231e+01  9.73170238e+04  1.99526231e+01 -4.54117401e+04 
 2.15443469e+01  9.45130536e+04  2.15443469e+01 -4.76216671e+04 
 2.32630507e+01  9.14412483e+04  2.32630507e+01 -4.97494684e+04 
 2.51188643e+01  8.81026965e+04  2.51188643e+01 -5.17569915e+04 
 2.71227258e+01  8.45054693e+04  2.71227258e+01 -5.36041234e+04 
 2.92864456e+01  8.06654502e+04  2.92864456e+01 -5.52502868e+04 
 3.16227766e+01  7.66067867e+04  3.16227766e+01 -5.66562542e+04 
 3.41454887e+01  7.23618385e+04  3.41454887e+01 -5.77861675e+04 
 3.68694506e+01  6.79705366e+04  3.68694506e+01 -5.86095984e+04 
 3.98107171e+01  6.34791315e+04  3.98107171e+01 -5.91034508e+04 
 4.29866235e+01  5.89383829e+04  4.29866235e+01 -5.92534952e+04 
 4.64158883e+01  5.44013295e+04  4.64158883e+01 -5.90553517e+04 
 5.01187234e+01  4.99208384e+04  5.01187234e+01 -5.85147986e+04 
 5.41169527e+01  4.55471702e+04  5.41169527e+01 -5.76473659e+04 
 5.84341413e+01  4.13257966e+04  5.84341413e+01 -5.64772672e+04 
 6.30957344e+01  3.72956613e+04  6.30957344e+01 -5.50358017e+04 
 6.81292069e+01  3.34880112e+04  6.81292069e+01 -5.33594183e+04 
 7.35642254e+01  2.99258400e+04  7.35642254e+01 -5.14876486e+04 
 7.94328235e+01  2.66239124e+04  7.94328235e+01 -4.94611076e+04 
 8.57695899e+01  2.35892762e+04  8.57695899e+01 -4.73197181e+04 
 9.26118728e+01  2.08221338e+04  9.26118728e+01 -4.51012635e+04 
 1.00000000e+02  1.83169359e+04  1.00000000e+02 -4.28403171e+04 
 1.07977516e+02  1.60635681e+04  1.07977516e+02 -4.05675473e+04 
 1.16591440e+02  1.40485251e+04  1.16591440e+02 -3.83093630e+04 
 1.25892541e+02  1.22559948e+04  1.25892541e+02 -3.60878428e+04 
 1.35935639e+02  1.06688056e+04  1.35935639e+02 -3.39208802e+04 
 1.46779927e+02  9.26921251e+03  1.46779927e+02 -3.18224811e+04 
 1.58489319e+02  8.03951889e+03  1.58489319e+02 -2.98031544e+04 
 1.71132830e+02  6.96254470e+03  1.71132830e+02 -2.78703494e+04 
 1.84784980e+02  6.02195784e+03  1.84784980e+02 -2.60289020e+04 
 1.99526231e+02  5.20249094e+03  1.99526231e+02 -2.42814667e+04 
 2.15443469e+02  4.49006569e+03  2.15443469e+02 -2.26289152e+04 
 2.32630507e+02  3.87184543e+03  2.32630507e+02 -2.10706945e+04 
 2.51188643e+02  3.33623449e+03  2.51188643e+02 -1.96051396e+04 
 2.71227258e+02  2.87283977e+03  2.71227258e+02 -1.82297408e+04 
 2.92864456e+02  2.47240698e+03  2.92864456e+02 -1.69413683e+04 
 3.16227766e+02  2.12674142e+03  3.16227766e+02 -1.57364577e+04 
 3.41454887e+02  1.82862057e+03  3.41454887e+02 -1.46111605e+04 
 3.68694506e+02  1.57170409e+03  3.68694506e+02 -1.35614649e+04 
 3.98107171e+02  1.35044481e+03  3.98107171e+02 -1.25832910e+04 
 4.29866235e+02  1.16000349e+03  4.29866235e+02 -1.16725646e+04 
 4.64158883e+02  9.96168821e+02  4.64158883e+02 -1.08252733e+04 
 5.01187234e+02  8.55283604e+02  5.01187234e+02 -1.00375080e+04 
 5.41169527e+02  7.34177525e+02  5.41169527e+02 -9.30549291e+03 
 5.84341413e+02  6.30106535e+02  5.84341413e+02 -8.62560657e+03 
 6.30957344e+02  5.40698635e+02  6.30957344e+02 -7.99439478e+03 
 6.81292069e+02  4.63905725e+02  6.81292069e+02 -7.40857834e+03 
 7.35642254e+02  3.97961065e+02  7.35642254e+02 -6.86505613e+03 
 7.94328235e+02  3.41341874e+02  7.94328235e+02 -6.36090485e+03 
 8.57695899e+02  2.92736563e+02  8.57695899e+02 -5.89337622e+03 
 9.26118728e+02  2.51016120e+02  9.26118728e+02 -5.45989230e+03 
 1.00000000e+03  2.15209199e+02  1.00000000e+03 -5.05803955e+03 
 1.07977516e+03  1.84480471e+02  1.07977516e+03 -4.68556198e+03 
 1.16591440e+03  1.58111846e+02  1.16591440e+03 -4.34035373e+03 
 1.25892541e+03  1.35486219e+02  1.25892541e+03 -4.02045132e+03 
 1.35935639e+03  1.16073419e+02  1.35935639e+03 -3.72402587e+03 
 1.46779927e+03  9.94180664e+01  1.46779927e+03 -3.44937526e+03 
 1.58489319e+03  8.51291050e+01  1.58489319e+03 -3.19491650e+03 
 1.71132830e+03  7.28707737e+01  1.71132830e+03 -2.95917825e+03 
 1.84784980e+03  6.23548313e+01  1.84784980e+03 -2.74079370e+03 
 1.99526231e+03  5.33338628e+01  1.99526231e+03 -2.53849365e+03 
 2.15443469e+03  4.55955203e+01  2.15443469e+03 -2.35110005e+03 
 2.32630507e+03  3.89575702e+01  2.32630507e+03 -2.17751975e+03 
 2.51188643e+03  3.32636349e+01  2.51188643e+03 -2.01673870e+03 
 2.71227258e+03  2.83795339e+01  2.71227258e+03 -1.86781642e+03 
 2.92864456e+03  2.41901397e+01  2.92864456e+03 -1.72988088e+03 
 3.16227766e+03  2.05966775e+01  3.16227766e+03 -1.60212360e+03 
 3.41454887e+03  1.75144060e+01  3.41454887e+03 -1.48379520e+03 
 3.68694506e+03  1.48706266e+01  3.68694506e+03 -1.37420111e+03 
 3.98107171e+03  1.26029739e+01  3.98107171e+03 -1.27269766e+03 
 4.29866235e+03  1.06579484e+01  4.29866235e+03 -1.17868840e+03 
 4.64158883e+03  8.98965710e+00  4.64158883e+03 -1.09162068e+03 
 5.01187234e+03  7.55873310e+00  5.01187234e+03 -1.01098246e+03 
 5.41169527e+03  6.33140793e+00  5.41169527e+03 -9.36299380e+02 
 5.84341413e+03  5.27871594e+00  5.84341413e+03 -8.67131977e+02 
 6.30957344e+03  4.37581146e+00  6.30957344e+03 -8.03073156e+02 
 6.81292069e+03  3.60138307e+00  6.81292069e+03 -7.43745813e+02 
 7.35642254e+03  2.93715098e+00  7.35642254e+03 -6.88800639e+02 
 7.94328235e+03  2.36743596e+00  7.94328235e+03 -6.37914079e+02 
 8.57695899e+03  1.87878940e+00  8.57695899e+03 -5.90786440e+02 
 9.26118728e+03  1.45967610e+00  9.26118728e+03 -5.47140135e+02 
 1.00000000e+04  1.10020205e+00  1.00000000e+04 -5.06718062e+02 
 1.07977516e+04  7.91880969e-01  1.07977516e+04 -4.69282091e+02 
 1.16591440e+04  5.27434057e-01  1.16591440e+04 -4.34611669e+02 
 1.25892541e+04  3.00618191e-01  1.25892541e+04 -4.02502524e+02 
 1.35935639e+04  1.06078586e-01  1.35935639e+04 -3.72765464e+02 
 1.46779927e+04 -6.07775992e-02  1.46779927e+04 -3.45225269e+02 
 1.58489319e+04 -2.03889670e-01  1.58489319e+04 -3.19719655e+02 
 1.71132830e+04 -3.26636385e-01  1.71132830e+04 -2.96098323e+02 
 1.84784980e+04 -4.31915712e-01  1.84784980e+04 -2.74222075e+02 
 1.99526231e+04 -5.22213240e-01  1.99526231e+04 -2.53961992e+02 
 2.15443469e+04 -5.99660857e-01  2.15443469e+04 -2.35198678e+02 
 2.32630507e+04 -6.66087077e-01  2.32630507e+04 -2.17821555e+02 
 2.51188643e+04 -7.23060209e-01  2.51188643e+04 -2.01728214e+02 
 2.71227258e+04 -7.71925379e-01  2.71227258e+04 -1.86823810e+02 
 2.92864456e+04 -8.13836290e-01  2.92864456e+04 -1.73020502e+02 
 3.16227766e+04 -8.49782458e-01  3.16227766e+04 -1.60236941e+02 
 3.41454887e+04 -8.80612572e-01  3.41454887e+04 -1.48397785e+02 
 3.68694506e+04 -9.07054533e-01  3.68694506e+04 -1.37433258e+02 
 3.98107171e+04 -9.29732638e-01  3.98107171e+04 -1.27278739e+02 
 4.29866235e+04 -9.49182320e-01  4.29866235e+04 -1.17874380e+02 
 4.64158883e+04 -9.65862789e-01  4.64158883e+04 -1.09164754e+02 
 5.01187234e+04 -9.80167873e-01  5.01187234e+04 -1.01098528e+02 
 5.41169527e+04 -9.92435318e-01  5.41169527e+04 -9.36281635e+01 
 5.84341413e+04 -1.00295476e+00  5.84341413e+04 -8.67096298e+01 
 6.30957344e+04 -1.01197457e+00  6.30957344e+04 -8.03021511e+01 
 6.81292069e+04 -1.01970770e+00  6.81292069e+04 -7.43679628e+01 
 7.35642254e+04 -1.02633674e+00  7.35642254e+04 -6.88720897e+01 
 7.94328235e+04 -1.03201820e+00  7.94328235e+04 -6.37821401e+01 
 8.57695899e+04 -1.03688621e+00  8.57695899e+04 -5.90681146e+01 
 9.26118728e+04 -1.04105572e+00  9.26118728e+04 -5.47022295e+01 
 1.00000000e+05 -1.04462517e+00  1.00000000e+05 -5.06587528e+01 
 1.07977516e+05 -1.04767884e+00  1.07977516e+05 -4.69138530e+01 
 1.16591440e+05 -1.05028882e+00  1.16591440e+05 -4.34454581e+01 
 1.25892541e+05 -1.05251674e+00  1.25892541e+05 -4.02331258e+01 
 1.35935639e+05 -1.05441519e+00  1.35935639e+05 -3.72579232e+01 
 1.46779927e+05 -1.05602901e+00  1.46779927e+05 -3.45023148e+01 
 1.58489319e+05 -1.05739630e+00  1.58489319e+05 -3.19500594e+01 
 1.71132830e+05 -1.05854935e+00  1.71132830e+05 -2.95861145e+01 
 1.84784980e+05 -1.05951538e+00  1.84784980e+05 -2.73965474e+01 
 1.99526231e+05 -1.06031721e+00  1.99526231e+05 -2.53684531e+01 
 2.15443469e+05 -1.06097378e+00  2.15443469e+05 -2.34898785e+01 
 2.32630507e+05 -1.06150060e+00  2.32630507e+05 -2.17497517e+01 
 2.51188643e+05 -1.06191013e+00  2.51188643e+05 -2.01378168e+01 
 2.71227258e+05 -1.06221205e+00  2.71227258e+05 -1.86445737e+01 
 2.92864456e+05 -1.06241353e+00  2.92864456e+05 -1.72612217e+01 
 3.16227766e+05 -1.06251935e+00  3.16227766e+05 -1.59796082e+01 
 3.41454887e+05 -1.06253208e+00  3.41454887e+05 -1.47921801e+01 
 3.68694506e+05 -1.06245208e+00  3.68694506e+05 -1.36919396e+01 
 3.98107171e+05 -1.06227756e+00  3.98107171e+05 -1.26724032e+01 
 4.29866235e+05 -1.06200453e+00  4.29866235e+05 -1.17275633e+01 
 4.64158883e+05 -1.06162674e+00  4.64158883e+05 -1.08518527e+01 
 5.01187234e+05 -1.06113550e+00  5.01187234e+05 -1.00401123e+01 
 5.41169527e+05 -1.06051955e+00  5.41169527e+05 -9.28756050e+00 
 5.84341413e+05 -1.05976479e+00  5.84341413e+05 -8.58976519e+00 
 6.30957344e+05 -1.05885402e+00  6.30957344e+05 -7.94261794e+00 
 6.81292069e+05 -1.05776655e+00  6.81292069e+05 -7.34230987e+00 
 7.35642254e+05 -1.05647784e+00  7.35642254e+05 -6.78530954e+00 
 7.94328235e+05 -1.05495897e+00  7.94328235e+05 -6.26834243e+00 
 8.57695899e+05 -1.05317612e+00  8.57695899e+05 -5.78837208e+00 
 9.26118728e+05 -1.05108998e+00  9.26118728e+05 -5.34258269e+00 
 1.00000000e+06 -1.04865502e+00  1.00000000e+06 -4.92836318e+00 
 1.07977516e+06 -1.04581878e+00  1.07977516e+06 -4.54329254e+00 
 1.16591440e+06 -1.04252108e+00  1.16591440e+06 -4.18512654e+00 
 1.25892541e+06 -1.03869318e+00  1.25892541e+06 -3.85178561e+00 
 1.35935639e+06 -1.03425690e+00  1.35935639e+06 -3.54134400e+00 
 1.46779927e+06 -1.02912389e+00  1.46779927e+06 -3.25202008e+00 
 1.58489319e+06 -1.02319479e+00  1.58489319e+06 -2.98216779e+00 
 1.71132830e+06 -1.01635873e+00  1.71132830e+06 -2.73026924e+00 
 1.84784980e+06 -1.00849294e+00  1.84784980e+06 -2.49492847e+00 
 1.99526231e+06 -9.99462798e-01  1.99526231e+06 -2.27486619e+00 
 2.15443469e+06 -9.89122373e-01  2.15443469e+06 -2.06891571e+00 
 2.32630507e+06 -9.77315666e-01  2.32630507e+06 -1.87601967e+00 
 2.51188643e+06 -9.63878747e-01  2.51188643e+06 -1.69522770e+00 
 2.71227258e+06 -9.48642999e-01  2.71227258e+06 -1.52569463e+00 
 2.92864456e+06 -9.31439680e-01  2.92864456e+06 -1.36667911e+00 
 3.16227766e+06 -9.12105959e-01  3.16227766e+06 -1.21754210e+00 
 3.41454887e+06 -8.90492536e-01  3.41454887e+06 -1.07774485e+00 
 3.68694506e+06 -8.66472780e-01  3.68694506e+06 -9.46845790e-01 
 3.98107171e+06 -8.39953176e-01  3.98107171e+06 -8.24495600e-01 
 4.29866235e+06 -8.10884599e-01  4.29866235e+06 -7.10429849e-01 
 4.64158883e+06 -7.79273654e-01  4.64158883e+06 -6.04458649e-01 
 5.01187234e+06 -7.45193090e-01  5.01187234e+06 -5.06452952e-01 
 5.41169527e+06 -7.08790006e-01  5.41169527e+06 -4.16327509e-01 
 5.84341413e+06 -6.70290572e-01  5.84341413e+06 -3.34020939e-01 
 6.30957344e+06 -6.30000029e-01  6.30957344e+06 -2.59473929e-01 
 6.81292069e+06 -5.88297107e-01  6.81292069e+06 -1.92607069e-01 
 7.35642254e+06 -5.45622605e-01  7.35642254e+06 -1.33300198e-01 
 7.94328235e+06 -5.02462560e-01  7.94328235e+06 -8.13752478e-02 
 8.57695899e+06 -4.59327258e-01  8.57695899e+06 -3.65843649e-02 
 9.26118728e+06 -4.16727950e-01  9.26118728e+06  1.39547243e-03 
 1.00000000e+07 -3.75153531e-01  1.00000000e+07  3.29608879e-02 
 1.07977516e+07 -3.35049418e-01  1.07977516e+07  5.85740376e-02 
 1.16591440e+07 -2.96800530e-01  1.16591440e+07  7.87492630e-02 
 1.25892541e+07 -2.60719620e-01  1.25892541e+07  9.40362502e-02 
 1.35935639e+07 -2.27041421e-01  1.35935639e+07  1.05001705e-01 
 1.46779927e+07 -1.95922364e-01  1.46779927e+07  1.12211448e-01 
 1.58489319e+07 -1.67444996e-01  1.58489319e+07  1.16214479e-01 
 1.71132830e+07 -1.41625881e-01  1.71132830e+07  1.17530040e-01 
 1.84784980e+07 -1.18425677e-01  1.84784980e+07  1.16638182e-01 
 1.99526231e+07 -9.77601044e-02  1.99526231e+07  1.13973847e-01 
 2.15443469e+07 -7.95107917e-02  2.15443469e+07  1.09924134e-01 
 2.32630507e+07 -6.35352352e-02  2.32630507e+07  1.04828183e-01 
 2.51188643e+07 -4.96753963e-02  2.51188643e+07  9.89790192e-02 
 2.71227258e+07 -3.77647330e-02  2.71227258e+07  9.26266984e-02 
 2.92864456e+07 -2.76336560e-02  2.92864456e+07  8.59821652e-02 
 3.16227766e+07 -1.91135515e-02  3.16227766e+07  7.92213478e-02 
 3.41454887e+07 -1.20396075e-02  3.41454887e+07  7.24891384e-02 
 3.68694506e+07 -6.25271843e-03  3.68694506e+07  6.59030361e-02 
 3.98107171e+07 -1.60074904e-03  3.98107171e+07  5.95563479e-02 
 4.29866235e+07  2.06059568e-03  4.29866235e+07  5.35209430e-02 
 4.64158883e+07  4.86710138e-03  4.64158883e+07  4.78496237e-02 
 5.01187234e+07  6.94545208e-03  5.01187234e+07  4.25782249e-02 
 5.41169527e+07  8.41266176e-03  5.41169527e+07  3.77275610e-02 
 5.84341413e+07  9.37553828e-03  5.84341413e+07  3.33053263e-02 
 6.30957344e+07  9.93023166e-03  6.30957344e+07  2.93080158e-02 
 6.81292069e+07  1.01619379e-02  6.81292069e+07  2.57228884e-02 
 7.35642254e+07  1.01448252e-02  7.35642254e+07  2.25299492e-02 
 7.94328235e+07  9.94222520e-03  7.94328235e+07  1.97038917e-02 
 8.57695899e+07  9.60710083e-03  8.57695899e+07  1.72159275e-02 
 9.26118728e+07  9.18276454e-03  9.26118728e+07  1.50354300e-02 
 1.00000000e+08  8.70379679e-03  1.00000000e+08  1.31313339e-02 
 1.07977516e+08  8.19709595e-03  1.07977516e+08  1.14732577e-02 
 1.16591440e+08  7.68298728e-03  1.16591440e+08  1.00323390e-02 
 1.25892541e+08  7.17632406e-03  1.25892541e+08  8.78180102e-03 
 1.35935639e+08  6.68752634e-03  1.35935639e+08  7.69727823e-03 
 1.46779927e+08  6.22351847e-03  1.46779927e+08  6.75694668e-03 
 1.58489319e+08  5.78854245e-03  1.58489319e+08  5.94150286e-03 
 1.71132830e+08  5.38483832e-03  1.71132830e+08  5.23403663e-03 
 1.84784980e+08  5.01319413e-03  1.84784980e+08  4.61983753e-03 
 1.99526231e+08  4.67337621e-03  1.99526231e+08  4.08616744e-03 
 2.15443469e+08  4.36445548e-03  2.15443469e+08  3.62202457e-03 
 2.32630507e+08  4.08504784e-03  2.32630507e+08  3.21791643e-03 
 2.51188643e+08  3.83348679e-03  2.51188643e+08  2.86565238e-03 
 2.71227258e+08  3.60794508e-03  2.71227258e+08  2.55816105e-03 
 2.92864456e+08  3.40651940e-03  2.92864456e+08  2.28933356e-03 
 3.16227766e+08  3.22728942e-03  3.16227766e+08  2.05389077e-03 
 3.41454887e+08  3.06835933e-03  3.41454887e+08  1.84727158e-03 
 3.68694506e+08  2.92788770e-03  3.68694506e+08  1.66553837e-03 
 3.98107171e+08  2.80410916e-03  3.98107171e+08  1.50529625e-03 
 4.29866235e+08  2.69535019e-03  4.29866235e+08  1.36362325e-03 
 4.64158883e+08  2.60004018e-03  4.64158883e+08  1.23800925e-03 
 5.01187234e+08  2.51671867e-03  5.01187234e+08  1.12630191e-03 
 5.41169527e+08  2.44403912e-03  5.41169527e+08  1.02665883e-03 
 5.84341413e+08  2.38076979e-03  5.84341413e+08  9.37504920e-04 
 6.30957344e+08  2.32579211e-03  6.30957344e+08  8.57494748e-04 
 6.81292069e+08  2.27809702e-03  6.81292069e+08  7.85479304e-04 
 7.35642254e+08  2.23677971e-03  7.35642254e+08  7.20476933e-04 
 7.94328235e+08  2.20103329e-03  7.94328235e+08  6.61648083e-04 
 8.57695899e+08  2.17014166e-03  8.57695899e+08  6.08273517e-04 
 9.26118728e+08  2.14347210e-03  9.26118728e+08  5.59735667e-04 
 1.00000000e+09  2.12046769e-03  1.00000000e+09  5.15502752e-04 
 1.07977516e+09  2.10063989e-03  1.07977516e+09  4.75115347e-04 
 1.16591440e+09  2.08356142e-03  1.16591440e+09  4.38175073e-04 
 1.25892541e+09  2.06885960e-03  1.25892541e+09  4.04335103e-04 
 1.35935639e+09  2.05621004e-03  1.35935639e+09  3.73292220e-04 
 1.46779927e+09  2.04533102e-03  1.46779927e+09  3.44780194e-04 
 1.58489319e+09  2.03597824e-03  1.58489319e+09  3.18564252e-04 
 1.71132830e+09  2.02794021e-03  1.71132830e+09  2.94436473e-04 
 1.84784980e+09  2.02103405e-03  1.84784980e+09  2.72211953e-04 
 1.99526231e+09  2.01510182e-03  1.99526231e+09  2.51725591e-04 
 2.15443469e+09  2.01000725e-03  2.15443469e+09  2.32829417e-04 
 2.32630507e+09  2.00563283e-03  2.32630507e+09  2.15390343e-04 
 2.51188643e+09  2.00187736e-03  2.51188643e+09  1.99288273e-04 
 2.71227258e+09  1.99865368e-03  2.71227258e+09  1.84414508e-04 
 2.92864456e+09  1.99588682e-03  2.92864456e+09  1.70670397e-04 
 3.16227766e+09  1.99351227e-03  3.16227766e+09  1.57966188e-04 
 3.41454887e+09  1.99147457e-03  3.41454887e+09  1.46220043e-04 
 3.68694506e+09  1.98972608e-03  3.68694506e+09  1.35357191e-04 
 3.98107171e+09  1.98822584e-03  3.98107171e+09  1.25309203e-04 
 4.29866235e+09  1.98693866e-03  4.29866235e+09  1.16013353e-04 
 4.64158883e+09  1.98583435e-03  4.64158883e+09  1.07412065e-04 
 5.01187234e+09  1.98488696e-03  5.01187234e+09  9.94524291e-05 
 5.41169527e+09  1.98407422e-03  5.41169527e+09  9.20857708e-05 
 5.84341413e+09  1.98337702e-03  5.84341413e+09  8.52672721e-05 
 6.30957344e+09  1.98277894e-03  6.30957344e+09  7.89556329e-05 
 6.81292069e+09  1.98226590e-03  6.81292069e+09  7.31127690e-05 
 7.35642254e+09  1.98182582e-03  7.35642254e+09  6.77035405e-05 
 7.94328235e+09  1.98144833e-03  7.94328235e+09  6.26955076e-05 
 8.57695899e+09  1.98112453e-03  8.57695899e+09  5.80587100e-05 
 9.26118728e+09  1.98084679e-03  9.26118728e+09  5.37654664e-05 
 1.00000000e+10  1.98060855e-03  1.00000000e+10  4.97901928e-05 
