 1.00000000e+00  1.18442814e+05  1.00000000e+00 -2.77004734e+03 
 1.07977516e+00  1.18432072e+05  1.07977516e+00 -2.99075706e+03 
 1.16591440e+00  1.18419551e+05  1.16591440e+00 -3.22900376e+03 
 1.25892541e+00  1.18404955e+05  1.25892541e+00 -3.48616833e+03 
 1.35935639e+00  1.18387943e+05  1.35935639e+00 -3.76373712e+03 
 1.46779927e+00  1.18368113e+05  1.46779927e+00 -4.06330917e+03 
 1.58489319e+00  1.18345003e+05  1.58489319e+00 -4.38660370e+03 
 1.71132830e+00  1.18318069e+05  1.71132830e+00 -4.73546775e+03 
 1.84784980e+00  1.18286682e+05  1.84784980e+00 -5.11188405e+03 
 1.99526231e+00  1.18250109e+05  1.99526231e+00 -5.51797879e+03 
 2.15443469e+00  1.18207496e+05  2.15443469e+00 -5.95602935e+03 
 2.32630507e+00  1.18157852e+05  2.32630507e+00 -6.42847164e+03 
 2.51188643e+00  1.18100024e+05  2.51188643e+00 -6.93790684e+03 
 2.71227258e+00  1.18032673e+05  2.71227258e+00 -7.48710723e+03 
 2.92864456e+00  1.17954244e+05  2.92864456e+00 -8.07902062e+03 
 3.16227766e+00  1.17862934e+05  3.16227766e+00 -8.71677282e+03 
 3.41454887e+00  1.17756653e+05  3.41454887e+00 -9.40366754e+03 
 3.68694506e+00  1.17632980e+05  3.68694506e+00 -1.01431827e+04 
 3.98107171e+00  1.17489115e+05  3.98107171e+00 -1.09389621e+04 
 4.29866235e+00  1.17321825e+05  4.29866235e+00 -1.17948013e+04 
 4.64158883e+00  1.17127380e+05  4.64158883e+00 -1.27146257e+04 
 5.01187234e+00  1.16901485e+05  5.01187234e+00 -1.37024592e+04 
 5.41169527e+00  1.16639209e+05  5.41169527e+00 -1.47623804e+04 
 5.84341413e+00  1.16334900e+05  5.84341413e+00 -1.58984646e+04 
 6.30957344e+00  1.15982100e+05  6.30957344e+00 -1.71147070e+04 
 6.81292069e+00  1.15573459e+05  6.81292069e+00 -1.84149246e+04 
 7.35642254e+00  1.15100638e+05  7.35642254e+00 -1.98026315e+04 
 7.94328235e+00  1.14554231e+05  7.94328235e+00 -2.12808832e+04 
 8.57695899e+00  1.13923682e+05  8.57695899e+00 -2.28520869e+04 
 9.26118728e+00  1.13197225e+05  9.26118728e+00 -2.45177703e+04 
 1.00000000e+01  1.12361849e+05  1.00000000e+01 -2.62783088e+04 
 1.07977516e+01  1.11403308e+05  1.07977516e+01 -2.81326060e+04 
 1.16591440e+01  1.10306177e+05  1.16591440e+01 -3.00777300e+04 
 1.25892541e+01  1.09053991e+05  1.25892541e+01 -3.21085088e+04 
 1.35935639e+01  1.07629477e+05  1.35935639e+01 -3.42170963e+04 
 1.46779927e+01  1.06014900e+05  1.46779927e+01 -3.63925244e+04 
 1.58489319e+01  1.04192554e+05  1.58489319e+01 -3.86202705e+04 
 1.71132830e+01  1.02145404e+05  1.71132830e+01 -4.08818762e+04 
 1.84784980e+01  9.98578994e+04  1.84784980e+01 -4.31546676e+04 
 1.99526231e+01  9.73169363e+04  1.99526231e+01 -4.54116357e+04 
 2.15443469e+01  9.45129618e+04  2.15443469e+01 -4.76215432e+04 
 2.32630507e+01  9.14411538e+04  2.32630507e+01 -4.97493223e+04 
 2.51188643e+01  8.81026014e+04  2.51188643e+01 -5.17568208e+04 
 2.71227258e+01  8.45053761e+04  2.71227258e+01 -5.36039257e+04 
 2.92864456e+01  8.06653623e+04  2.92864456e+01 -5.52500599e+04 
 3.16227766e+01  7.66067078e+04  3.16227766e+01 -5.66559967e+04 
 3.41454887e+01  7.23617728e+04  3.41454887e+01 -5.77858782e+04 
 3.68694506e+01  6.79704889e+04  3.68694506e+01 -5.86092771e+04 
 3.98107171e+01  6.34791063e+04  3.98107171e+01 -5.91030980e+04 
 4.29866235e+01  5.89383849e+04  4.29866235e+01 -5.92531123e+04 
 4.64158883e+01  5.44013633e+04  4.64158883e+01 -5.90549410e+04 
 5.01187234e+01  4.99209078e+04  5.01187234e+01 -5.85143632e+04 
 5.41169527e+01  4.55472787e+04  5.41169527e+01 -5.76469097e+04 
 5.84341413e+01  4.13259467e+04  5.84341413e+01 -5.64767943e+04 
 6.30957344e+01  3.72958548e+04  6.30957344e+01 -5.50353168e+04 
 6.81292069e+01  3.34882489e+04  6.81292069e+01 -5.33589262e+04 
 7.35642254e+01  2.99261218e+04  7.35642254e+01 -5.14871539e+04 
 7.94328235e+01  2.66242376e+04  7.94328235e+01 -4.94606146e+04 
 8.57695899e+01  2.35896434e+04  8.57695899e+01 -4.73192308e+04 
 9.26118728e+01  2.08225411e+04  9.26118728e+01 -4.51007855e+04 
 1.00000000e+02  1.83173809e+04  1.00000000e+02 -4.28398515e+04 
 1.07977516e+02  1.60640481e+04  1.07977516e+02 -4.05670965e+04 
 1.16591440e+02  1.40490373e+04  1.16591440e+02 -3.83089289e+04 
 1.25892541e+02  1.22565365e+04  1.25892541e+02 -3.60874269e+04 
 1.35935639e+02  1.06693740e+04  1.35935639e+02 -3.39204834e+04 
 1.46779927e+02  9.26980486e+03  1.46779927e+02 -3.18221040e+04 
 1.58489319e+02  8.04013265e+03  1.58489319e+02 -2.98027973e+04 
 1.71132830e+02  6.96317747e+03  1.71132830e+02 -2.78700121e+04 
 1.84784980e+02  6.02260742e+03  1.84784980e+02 -2.60285844e+04 
 1.99526231e+02  5.20315533e+03  1.99526231e+02 -2.42811682e+04 
 2.15443469e+02  4.49074307e+03  2.15443469e+02 -2.26286353e+04 
 2.32630507e+02  3.87253417e+03  2.32630507e+02 -2.10704325e+04 
 2.51188643e+02  3.33693314e+03  2.51188643e+02 -1.96048947e+04 
 2.71227258e+02  2.87354704e+03  2.71227258e+02 -1.82295121e+04 
 2.92864456e+02  2.47312174e+03  2.92864456e+02 -1.69411551e+04 
 3.16227766e+02  2.12746267e+03  3.16227766e+02 -1.57362591e+04 
 3.41454887e+02  1.82934745e+03  3.41454887e+02 -1.46109756e+04 
 3.68694506e+02  1.57243583e+03  3.68694506e+02 -1.35612929e+04 
 3.98107171e+02  1.35118074e+03  3.98107171e+02 -1.25831311e+04 
 4.29866235e+02  1.16074305e+03  4.29866235e+02 -1.16724161e+04 
 4.64158883e+02  9.96911497e+02  4.64158883e+02 -1.08251354e+04 
 5.01187234e+02  8.56028967e+02  5.01187234e+02 -1.00373799e+04 
 5.41169527e+02  7.34925203e+02  5.41169527e+02 -9.30537408e+03 
 5.84341413e+02  6.30856205e+02  5.84341413e+02 -8.62549634e+03 
 6.30957344e+02  5.41450018e+02  6.30957344e+02 -7.99429255e+03 
 6.81292069e+02  4.64658580e+02  6.81292069e+02 -7.40848355e+03 
 7.35642254e+02  3.98715186e+02  7.35642254e+02 -6.86496826e+03 
 7.94328235e+02  3.42097082e+02  7.94328235e+02 -6.36082341e+03 
 8.57695899e+02  2.93492705e+02  8.57695899e+02 -5.89330074e+03 
 9.26118728e+02  2.51773064e+02  9.26118728e+02 -5.45982237e+03 
 1.00000000e+03  2.15966832e+02  1.00000000e+03 -5.05797476e+03 
 1.07977516e+03  1.85238696e+02  1.07977516e+03 -4.68550197e+03 
 1.16591440e+03  1.58870578e+02  1.16591440e+03 -4.34029814e+03 
 1.25892541e+03  1.36245386e+02  1.25892541e+03 -4.02039984e+03 
 1.35935639e+03  1.16832960e+02  1.35935639e+03 -3.72397820e+03 
 1.46779927e+03  1.00177928e+02  1.46779927e+03 -3.44933113e+03 
 1.58489319e+03  8.58892421e+01  1.58489319e+03 -3.19487564e+03 
 1.71132830e+03  7.36311470e+01  1.71132830e+03 -2.95914044e+03 
 1.84784980e+03  6.31154072e+01  1.84784980e+03 -2.74075870e+03 
 1.99526231e+03  5.40946125e+01  1.99526231e+03 -2.53846127e+03 
 2.15443469e+03  4.63564192e+01  2.15443469e+03 -2.35107010e+03 
 2.32630507e+03  3.97185970e+01  2.32630507e+03 -2.17749205e+03 
 2.51188643e+03  3.40247715e+01  2.51188643e+03 -2.01671308e+03 
 2.71227258e+03  2.91407646e+01  2.71227258e+03 -1.86779274e+03 
 2.92864456e+03  2.49514512e+01  2.92864456e+03 -1.72985899e+03 
 3.16227766e+03  2.13580582e+01  3.16227766e+03 -1.60210339e+03 
 3.41454887e+03  1.82758461e+01  3.41454887e+03 -1.48377654e+03 
 3.68694506e+03  1.56321177e+01  3.68694506e+03 -1.37418389e+03 
 3.98107171e+03  1.33645087e+01  3.98107171e+03 -1.27268178e+03 
 4.29866235e+03  1.14195206e+01  4.29866235e+03 -1.17867376e+03 
 4.64158883e+03  9.75126141e+00  4.64158883e+03 -1.09160720e+03 
 5.01187234e+03  8.32036494e+00  5.01187234e+03 -1.01097007e+03 
 5.41169527e+03  7.09306338e+00  5.41169527e+03 -9.36287992e+02 
 5.84341413e+03  6.04039161e+00  5.84341413e+03 -8.67121530e+02 
 6.30957344e+03  5.13750446e+00  6.30957344e+03 -8.03063588e+02 
 6.81292069e+03  4.36309089e+00  6.81292069e+03 -7.43737068e+02 
 7.35642254e+03  3.69887149e+00  7.35642254e+03 -6.88792666e+02 
 7.94328235e+03  3.12916731e+00  7.94328235e+03 -6.37906831e+02 
 8.57695899e+03  2.64053001e+00  8.57695899e+03 -5.90779873e+02 
 9.26118728e+03  2.22142460e+00  9.26118728e+03 -5.47134212e+02 
 1.00000000e+04  1.86195725e+00  1.00000000e+04 -5.06712747e+02 
 1.07977516e+04  1.55364185e+00  1.07977516e+04 -4.69277353e+02 
 1.16591440e+04  1.28919974e+00  1.16591440e+04 -4.34607480e+02 
 1.25892541e+04  1.06238789e+00  1.25892541e+04 -4.02498859e+02 
 1.35935639e+04  8.67851616e-01  1.35935639e+04 -3.72762302e+02 
 1.46779927e+04  7.00998163e-01  1.46779927e+04 -3.45222591e+02 
 1.58489319e+04  5.57888285e-01  1.58489319e+04 -3.19717445e+02 
 1.71132830e+04  4.35143277e-01  1.71132830e+04 -2.96096568e+02 
 1.84784980e+04  3.29865211e-01  1.84784980e+04 -2.74220765e+02 
 1.99526231e+04  2.39568526e-01  1.99526231e+04 -2.53961119e+02 
 2.15443469e+04  1.62121356e-01  2.15443469e+04 -2.35198238e+02 
 2.32630507e+04  9.56951969e-02  2.32630507e+04 -2.17821544e+02 
 2.51188643e+04  3.87217414e-02  2.51188643e+04 -2.01728633e+02 
 2.71227258e+04 -1.01441450e-02  2.71227258e+04 -1.86824660e+02 
 2.92864456e+04 -5.20561819e-02  2.92864456e+04 -1.73021789e+02 
 3.16227766e+04 -8.80039111e-02  3.16227766e+04 -1.60238672e+02 
 3.41454887e+04 -1.18836059e-01  3.41454887e+04 -1.48399971e+02 
 3.68694506e+04 -1.45280575e-01  3.68694506e+04 -1.37435912e+02 
 3.98107171e+04 -1.67961816e-01  3.98107171e+04 -1.27281876e+02 
 4.29866235e+04 -1.87415289e-01  4.29866235e+04 -1.17878018e+02 
 4.64158883e+04 -2.04100293e-01  4.64158883e+04 -1.09168916e+02 
 5.01187234e+04 -2.18410764e-01  5.01187234e+04 -1.01103238e+02 
 5.41169527e+04 -2.30684575e-01  5.41169527e+04 -9.36334485e+01 
 5.84341413e+04 -2.41211514e-01  5.84341413e+04 -8.67155215e+01 
 6.30957344e+04 -2.50240123e-01  6.30957344e+04 -8.03086840e+01 
 6.81292069e+04 -2.57983570e-01  6.81292069e+04 -7.43751753e+01 
 7.35642254e+04 -2.64624679e-01  7.35642254e+04 -6.88800244e+01 
 7.94328235e+04 -2.70320249e-01  7.94328235e+04 -6.37908438e+01 
 8.57695899e+04 -2.75204755e-01  8.57695899e+04 -5.90776385e+01 
 9.26118728e+04 -2.79393519e-01  9.26118728e+04 -5.47126296e+01 
 1.00000000e+05 -2.82985441e-01  1.00000000e+05 -5.06700904e+01 
 1.07977516e+05 -2.86065326e-01  1.07977516e+05 -4.69261948e+01 
 1.16591440e+05 -2.88705891e-01  1.16591440e+05 -4.34588767e+01 
 1.25892541e+05 -2.90969481e-01  1.25892541e+05 -4.02477002e+01 
 1.35935639e+05 -2.92909541e-01  1.35935639e+05 -3.72737390e+01 
 1.46779927e+05 -2.94571875e-01  1.46779927e+05 -3.45194651e+01 
 1.58489319e+05 -2.95995732e-01  1.58489319e+05 -3.19686449e+01 
 1.71132830e+05 -2.97214730e-01  1.71132830e+05 -2.96062444e+01 
 1.84784980e+05 -2.98257651e-01  1.84784980e+05 -2.74183398e+01 
 1.99526231e+05 -2.99149118e-01  1.99526231e+05 -2.53920359e+01 
 2.15443469e+05 -2.99910180e-01  2.15443469e+05 -2.35153899e+01 
 2.32630507e+05 -3.00558807e-01  2.32630507e+05 -2.17773411e+01 
 2.51188643e+05 -3.01110314e-01  2.51188643e+05 -2.01676456e+01 
 2.71227258e+05 -3.01577726e-01  2.71227258e+05 -1.86768162e+01 
 2.92864456e+05 -3.01972079e-01  2.92864456e+05 -1.72960661e+01 
 3.16227766e+05 -3.02302689e-01  3.16227766e+05 -1.60172573e+01 
 3.41454887e+05 -3.02577365e-01  3.41454887e+05 -1.48328529e+01 
 3.68694506e+05 -3.02802600e-01  3.68694506e+05 -1.37358720e+01 
 3.98107171e+05 -3.02983720e-01  3.98107171e+05 -1.27198494e+01 
 4.29866235e+05 -3.03125012e-01  4.29866235e+05 -1.17787968e+01 
 4.64158883e+05 -3.03229829e-01  4.64158883e+05 -1.09071680e+01 
 5.01187234e+05 -3.03300668e-01  5.01187234e+05 -1.00998259e+01 
 5.41169527e+05 -3.03339229e-01  5.41169527e+05 -9.35201231e+00 
 5.84341413e+05 -3.03346464e-01  5.84341413e+05 -8.65932013e+00 
 6.30957344e+05 -3.03322597e-01  6.30957344e+05 -8.01766711e+00 
 6.81292069e+05 -3.03267138e-01  6.81292069e+05 -7.42327193e+00 
 7.35642254e+05 -3.03178877e-01  7.35642254e+05 -6.87263197e+00 
 7.94328235e+05 -3.03055864e-01  7.94328235e+05 -6.36250263e+00 
 8.57695899e+05 -3.02895377e-01  8.57695899e+05 -5.88987832e+00 
 9.26118728e+05 -3.02693874e-01  9.26118728e+05 -5.45197475e+00 
 1.00000000e+06 -3.02446928e-01  1.00000000e+06 -5.04621259e+00 
 1.07977516e+06 -3.02149160e-01  1.07977516e+06 -4.67020235e+00 
 1.16591440e+06 -3.01794143e-01  1.16591440e+06 -4.32173041e+00 
 1.25892541e+06 -3.01374312e-01  1.25892541e+06 -3.99874607e+00 
 1.35935639e+06 -3.00880852e-01  1.35935639e+06 -3.69934961e+00 
 1.46779927e+06 -3.00303584e-01  1.46779927e+06 -3.42178129e+00 
 1.58489319e+06 -2.99630853e-01  1.58489319e+06 -3.16441115e+00 
 1.71132830e+06 -2.98849412e-01  1.71132830e+06 -2.92572969e+00 
 1.84784980e+06 -2.97944328e-01  1.84784980e+06 -2.70433924e+00 
 1.99526231e+06 -2.96898904e-01  1.99526231e+06 -2.49894608e+00 
 2.15443469e+06 -2.95694644e-01  2.15443469e+06 -2.30835322e+00 
 2.32630507e+06 -2.94311274e-01  2.32630507e+06 -2.13145375e+00 
 2.51188643e+06 -2.92726840e-01  2.51188643e+06 -1.96722484e+00 
 2.71227258e+06 -2.90917913e-01  2.71227258e+06 -1.81472220e+00 
 2.92864456e+06 -2.88859916e-01  2.92864456e+06 -1.67307506e+00 
 3.16227766e+06 -2.86527618e-01  3.16227766e+06 -1.54148157e+00 
 3.41454887e+06 -2.83895807e-01  3.41454887e+06 -1.41920446e+00 
 3.68694506e+06 -2.80940152e-01  3.68694506e+06 -1.30556707e+00 
 3.98107171e+06 -2.77638267e-01  3.98107171e+06 -1.19994949e+00 
 4.29866235e+06 -2.73970949e-01  4.29866235e+06 -1.10178474e+00 
 4.64158883e+06 -2.69923532e-01  4.64158883e+06 -1.01055496e+00 
 5.01187234e+06 -2.65487281e-01  5.01187234e+06 -9.25787433e-01 
 5.41169527e+06 -2.60660688e-01  5.41169527e+06 -8.47050403e-01 
 5.84341413e+06 -2.55450529e-01  5.84341413e+06 -7.73948691e-01 
 6.30957344e+06 -2.49872500e-01  6.30957344e+06 -7.06119082e-01 
 6.81292069e+06 -2.43951279e-01  6.81292069e+06 -6.43225636e-01 
 7.35642254e+06 -2.37719869e-01  7.35642254e+06 -5.84955068e-01 
 7.94328235e+06 -2.31218189e-01  7.94328235e+06 -5.31012452e-01 
 8.57695899e+06 -2.24490932e-01  8.57695899e+06 -4.81117492e-01 
 9.26118728e+06 -2.17584840e-01  9.26118728e+06 -4.35001612e-01 
 1.00000000e+07 -2.10545646e-01  1.00000000e+07 -3.92406052e-01 
 1.07977516e+07 -2.03414980e-01  1.07977516e+07 -3.53081059e-01 
 1.16591440e+07 -1.96227571e-01  1.16591440e+07 -3.16786153e-01 
 1.25892541e+07 -1.89009061e-01  1.25892541e+07 -2.83291298e-01 
 1.35935639e+07 -1.81774644e-01  1.35935639e+07 -2.52378779e-01 
 1.46779927e+07 -1.74528695e-01  1.46779927e+07 -2.23845448e-01 
 1.58489319e+07 -1.67265404e-01  1.58489319e+07 -1.97505059e-01 
 1.71132830e+07 -1.59970383e-01  1.71132830e+07 -1.73190373e-01 
 1.84784980e+07 -1.52623106e-01  1.84784980e+07 -1.50754799e-01 
 1.99526231e+07 -1.45200031e-01  1.99526231e+07 -1.30073330e-01 
 2.15443469e+07 -1.37678174e-01  2.15443469e+07 -1.11042649e-01 
 2.32630507e+07 -1.30038914e-01  2.32630507e+07 -9.35802464e-02 
 2.51188643e+07 -1.22271760e-01  2.51188643e+07 -7.76225044e-02 
 2.71227258e+07 -1.14377774e-01  2.71227258e+07 -6.31217104e-02 
 2.92864456e+07 -1.06372325e-01  2.92864456e+07 -5.00420701e-02 
 3.16227766e+07 -9.82868386e-02  3.16227766e+07 -3.83548761e-02 
 3.41454887e+07 -9.01692208e-02  3.41454887e+07 -2.80331237e-02 
 3.68694506e+07 -8.20827368e-02  3.68694506e+07 -1.90459924e-02 
 3.98107171e+07 -7.41032518e-02  3.98107171e+07 -1.13537215e-02 
 4.29866235e+07 -6.63149625e-02  4.29866235e+07 -4.90345597e-03 
 4.64158883e+07 -5.88049727e-02  4.64158883e+07  3.73405441e-04 
 5.01187234e+07 -5.16572824e-02  5.01187234e+07  4.56197925e-03 
 5.41169527e+07 -4.49468948e-02  5.41169527e+07  7.76264910e-03 
 5.84341413e+07 -3.87347652e-02  5.84341413e+07  1.00879633e-02 
 6.30957344e+07 -3.30641934e-02  6.30957344e+07  1.16581228e-02 
 6.81292069e+07 -2.79590265e-02  6.81292069e+07  1.25957043e-02 
 7.35642254e+07 -2.34237429e-02  7.35642254e+07  1.30203370e-02 
 7.94328235e+07 -1.94452012e-02  7.94328235e+07  1.30439844e-02 
 8.57695899e+07 -1.59956244e-02  8.57695899e+07  1.27673064e-02 
 9.26118728e+07 -1.30362832e-02  9.26118728e+07  1.22773447e-02 
 1.00000000e+08 -1.05213509e-02  1.00000000e+08  1.16465428e-02 
 1.07977516e+08 -8.40149389e-03  1.07977516e+08  1.09329276e-02 
 1.16591440e+08 -6.62690464e-03  1.16591440e+08  1.01811734e-02 
 1.25892541e+08 -5.14963016e-03  1.25892541e+08  9.42423078e-03 
 1.35935639e+08 -3.92517726e-03  1.35935639e+08  8.68522587e-03 
 1.46779927e+08 -2.91346321e-03  1.46779927e+08  7.97939426e-03 
 1.58489319e+08 -2.07923128e-03  1.58489319e+08  7.31588400e-03 
 1.71132830e+08 -1.39206685e-03  1.71132830e+08  6.69933091e-03 
 1.84784980e+08 -8.26142824e-04  1.84784980e+08  6.13116534e-03 
 1.99526231e+08 -3.59803742e-04  1.99526231e+08  5.61064900e-03 
 2.15443469e+08  2.49272756e-05  2.15443469e+08  5.13566576e-03 
 2.32630507e+08  3.42858987e-04  2.32630507e+08  4.70330245e-03 
 2.51188643e+08  6.06121129e-04  2.51188643e+08  4.31025934e-03 
 2.71227258e+08  8.24609932e-04  2.71227258e+08  3.95312853e-03 
 2.92864456e+08  1.00637972e-03  2.92864456e+08  3.62857328e-03 
 3.16227766e+08  1.15797822e-03  3.16227766e+08  3.33343579e-03 
 3.41454887e+08  1.28472809e-03  3.41454887e+08  3.06479502e-03 
 3.68694506e+08  1.39095986e-03  3.68694506e+08  2.81999085e-03 
 3.98107171e+08  1.48020245e-03  3.98107171e+08  2.59662651e-03 
 4.29866235e+08  1.55533783e-03  4.29866235e+08  2.39255790e-03 
 4.64158883e+08  1.61872574e-03  4.64158883e+08  2.20587552e-03 
 5.01187234e+08  1.67230400e-03  5.01187234e+08  2.03488303e-03 
 5.41169527e+08  1.71766885e-03  5.41169527e+08  1.87807489e-03 
 5.84341413e+08  1.75613940e-03  5.84341413e+08  1.73411453e-03 
 6.30957344e+08  1.78880923e-03  6.30957344e+08  1.60181417e-03 
 6.81292069e+08  1.81658779e-03  6.81292069e+08  1.48011629e-03 
 7.35642254e+08  1.84023373e-03  7.35642254e+08  1.36807732e-03 
 7.94328235e+08  1.86038170e-03  7.94328235e+08  1.26485325e-03 
 8.57695899e+08  1.87756405e-03  8.57695899e+08  1.16968706e-03 
 9.26118728e+08  1.89222847e-03  9.26118728e+08  1.08189794e-03 
 1.00000000e+09  1.90475227e-03  1.00000000e+09  1.00087193e-03 
 1.07977516e+09  1.91545415e-03  1.07977516e+09  9.26053893e-04 
 1.16591440e+09  1.92460377e-03  1.16591440e+09  8.56940649e-04 
 1.25892541e+09  1.93242973e-03  1.25892541e+09  7.93075006e-04 
 1.35935639e+09  1.93912607e-03  1.35935639e+09  7.34040670e-04 
 1.46779927e+09  1.94485772e-03  1.46779927e+09  6.79457829e-04 
 1.58489319e+09  1.94976507e-03  1.58489319e+09  6.28979329e-04 
 1.71132830e+09  1.95396770e-03  1.71132830e+09  5.82287348e-04 
 1.84784980e+09  1.95756757e-03  1.84784980e+09  5.39090497e-04 
 1.99526231e+09  1.96065169e-03  1.99526231e+09  4.99121273e-04 
 2.15443469e+09  1.96329438e-03  2.15443469e+09  4.62133823e-04 
 2.32630507e+09  1.96555913e-03  2.32630507e+09  4.27901960e-04 
 2.51188643e+09  1.96750021e-03  2.51188643e+09  3.96217409e-04 
 2.71227258e+09  1.96916405e-03  2.71227258e+09  3.66888242e-04 
 2.92864456e+09  1.97059037e-03  2.92864456e+09  3.39737471e-04 
 3.16227766e+09  1.97181316e-03  3.16227766e+09  3.14601790e-04 
 3.41454887e+09  1.97286154e-03  3.41454887e+09  2.91330445e-04 
 3.68694506e+09  1.97376044e-03  3.68694506e+09  2.69784201e-04 
 3.98107171e+09  1.97453119e-03  3.98107171e+09  2.49834420e-04 
 4.29866235e+09  1.97519211e-03  4.29866235e+09  2.31362207e-04 
 4.64158883e+09  1.97575885e-03  4.64158883e+09  2.14257648e-04 
 5.01187234e+09  1.97624486e-03  5.01187234e+09  1.98419103e-04 
 5.41169527e+09  1.97666164e-03  5.41169527e+09  1.83752563e-04 
 5.84341413e+09  1.97701906e-03  5.84341413e+09  1.70171061e-04 
 6.30957344e+09  1.97732559e-03  6.30957344e+09  1.57594136e-04 
 6.81292069e+09  1.97758847e-03  6.81292069e+09  1.45947329e-04 
 7.35642254e+09  1.97781392e-03  7.35642254e+09  1.35161733e-04 
 7.94328235e+09  1.97800728e-03  7.94328235e+09  1.25173571e-04 
 8.57695899e+09  1.97817311e-03  8.57695899e+09  1.15923807e-04 
 9.26118728e+09  1.97831533e-03  9.26118728e+09  1.07357795e-04 
 1.00000000e+10  1.97843731e-03  1.00000000e+10  9.94249407e-05 
