 1.00000000e+00  1.18491296e+05  1.00000000e+00 -1.38982595e+03 
 1.07977516e+00  1.18488592e+05  1.07977516e+00 -1.50066530e+03 
 1.16591440e+00  1.18485439e+05  1.16591440e+00 -1.62033800e+03 
 1.25892541e+00  1.18481763e+05  1.25892541e+00 -1.74954645e+03 
 1.35935639e+00  1.18477478e+05  1.35935639e+00 -1.88904848e+03 
 1.46779927e+00  1.18472482e+05  1.46779927e+00 -2.03966162e+03 
 1.58489319e+00  1.18466658e+05  1.58489319e+00 -2.20226769e+03 
 1.71132830e+00  1.18459869e+05  1.71132830e+00 -2.37781767e+03 
 1.84784980e+00  1.18451954e+05  1.84784980e+00 -2.56733691e+03 
 1.99526231e+00  1.18442726e+05  1.99526231e+00 -2.77193069e+03 
 2.15443469e+00  1.18431970e+05  2.15443469e+00 -2.99279011e+03 
 2.32630507e+00  1.18419432e+05  2.32630507e+00 -3.23119831e+03 
 2.51188643e+00  1.18404817e+05  2.51188643e+00 -3.48853708e+03 
 2.71227258e+00  1.18387781e+05  2.71227258e+00 -3.76629375e+03 
 2.92864456e+00  1.18367926e+05  2.92864456e+00 -4.06606839e+03 
 3.16227766e+00  1.18344784e+05  3.16227766e+00 -4.38958131e+03 
 3.41454887e+00  1.18317814e+05  3.41454887e+00 -4.73868073e+03 
 3.68694506e+00  1.18286385e+05  3.68694506e+00 -5.11535062e+03 
 3.98107171e+00  1.18249763e+05  3.98107171e+00 -5.52171847e+03 
 4.29866235e+00  1.18207093e+05  4.29866235e+00 -5.96006305e+03 
 4.64158883e+00  1.18157382e+05  4.64158883e+00 -6.43282170e+03 
 5.01187234e+00  1.18099476e+05  5.01187234e+00 -6.94259711e+03 
 5.41169527e+00  1.18032035e+05  5.41169527e+00 -7.49216310e+03 
 5.84341413e+00  1.17953501e+05  5.84341413e+00 -8.08446905e+03 
 6.30957344e+00  1.17862069e+05  6.30957344e+00 -8.72264238e+03 
 6.81292069e+00  1.17755646e+05  6.81292069e+00 -9.40998836e+03 
 7.35642254e+00  1.17631809e+05  7.35642254e+00 -1.01499864e+04 
 7.94328235e+00  1.17487754e+05  7.94328235e+00 -1.09462819e+04 
 8.57695899e+00  1.17320242e+05  8.57695899e+00 -1.18026716e+04 
 9.26118728e+00  1.17125540e+05  9.26118728e+00 -1.27230819e+04 
 1.00000000e+01  1.16899349e+05  1.00000000e+01 -1.37115375e+04 
 1.07977516e+01  1.16636730e+05  1.07977516e+01 -1.47721173e+04 
 1.16591440e+01  1.16332024e+05  1.16591440e+01 -1.59088962e+04 
 1.25892541e+01  1.15978767e+05  1.25892541e+01 -1.71258686e+04 
 1.35935639e+01  1.15569600e+05  1.35935639e+01 -1.84268494e+04 
 1.46779927e+01  1.15096176e+05  1.46779927e+01 -1.98153494e+04 
 1.58489319e+01  1.14549078e+05  1.58489319e+01 -2.12944195e+04 
 1.71132830e+01  1.13917739e+05  1.71132830e+01 -2.28664601e+04 
 1.84784980e+01  1.13190383e+05  1.84784980e+01 -2.45329905e+04 
 1.99526231e+01  1.12353989e+05  1.99526231e+01 -2.62943745e+04 
 2.15443469e+01  1.11394299e+05  2.15443469e+01 -2.81495015e+04 
 2.32630507e+01  1.10295878e+05  2.32630507e+01 -3.00954218e+04 
 2.51188643e+01  1.09042253e+05  2.51188643e+01 -3.21269420e+04 
 2.71227258e+01  1.07616145e+05  2.71227258e+01 -3.42361908e+04 
 2.92864456e+01  1.05999817e+05  2.92864456e+01 -3.64121708e+04 
 3.16227766e+01  1.04175565e+05  3.16227766e+01 -3.86403265e+04 
 3.41454887e+01  1.02126363e+05  3.41454887e+01 -4.09021638e+04 
 3.68694506e+01  9.98366770e+04  3.68694506e+01 -4.31749709e+04 
 3.98107171e+01  9.72934294e+04  3.98107171e+01 -4.54317010e+04 
 4.29866235e+01  9.44871029e+04  4.29866235e+01 -4.76410806e+04 
 4.64158883e+01  9.14129215e+04  4.64158883e+01 -4.97680113e+04 
 5.01187234e+01  8.80720308e+04  5.01187234e+01 -5.17743177e+04 
 5.41169527e+01  8.44725673e+04  5.41169527e+01 -5.36198753e+04 
 5.84341413e+01  8.06304858e+04  5.84341413e+01 -5.52641101e+04 
 6.30957344e+01  7.65700070e+04  6.30957344e+01 -5.66678151e+04 
 6.81292069e+01  7.23235610e+04  6.81292069e+01 -5.77951704e+04 
 7.35642254e+01  6.79311409e+04  7.35642254e+01 -5.86158040e+04 
 7.94328235e+01  6.34390454e+04  7.94328235e+01 -5.91066916e+04 
 8.57695899e+01  5.88980651e+04  8.57695899e+01 -5.92536865e+04 
 9.26118728e+01  5.43612483e+04  9.26118728e+01 -5.90524977e+04 
 1.00000000e+02  4.98814498e+04  1.00000000e+02 -5.85089918e+04 
 1.07977516e+02  4.55088977e+04  1.07977516e+02 -5.76387808e+04 
 1.16591440e+02  4.12890134e+04  1.16591440e+02 -5.64661479e+04 
 1.25892541e+02  3.72606777e+04  1.25892541e+02 -5.50224468e+04 
 1.35935639e+02  3.34550667e+04  1.35935639e+02 -5.33441626e+04 
 1.46779927e+02  2.98951011e+04  1.46779927e+02 -5.14708451e+04 
 1.58489319e+02  2.65954754e+04  1.58489319e+02 -4.94431108e+04 
 1.71132830e+02  2.35631730e+04  1.71132830e+02 -4.73008698e+04 
 1.84784980e+02  2.07983409e+04  1.84784980e+02 -4.50818819e+04 
 1.99526231e+02  1.82953845e+04  1.99526231e+02 -4.28206886e+04 
 2.15443469e+02  1.60441546e+04  2.15443469e+02 -4.05479223e+04 
 2.32630507e+02  1.40311209e+04  2.32630507e+02 -3.82899540e+04 
 2.51188643e+02  1.22404556e+04  2.51188643e+02 -3.60688250e+04 
 2.71227258e+02  1.06549786e+04  2.71227258e+02 -3.39023931e+04 
 2.92864456e+02  9.25694264e+03  2.92864456e+02 -3.18046321e+04 
 3.16227766e+02  8.02865387e+03  3.16227766e+02 -2.97860220e+04 
 3.41454887e+02  6.95293825e+03  3.41454887e+02 -2.78539873e+04 
 3.68694506e+02  6.01347208e+03  3.68694506e+02 -2.60133432e+04 
 3.98107171e+02  5.19499794e+03  3.98107171e+02 -2.42667265e+04 
 4.29866235e+02  4.48344815e+03  4.29866235e+02 -2.26149952e+04 
 4.64158883e+02  3.86599691e+03  4.64158883e+02 -2.10575852e+04 
 5.01187234e+02  3.33105925e+03  5.01187234e+02 -1.95928229e+04 
 5.41169527e+02  2.86825227e+03  5.41169527e+02 -1.82181923e+04 
 5.84341413e+02  2.46833130e+03  5.84341413e+02 -1.69305590e+04 
 6.30957344e+02  2.12311047e+03  6.30957344e+02 -1.57263554e+04 
 6.81292069e+02  1.82537537e+03  6.81292069e+02 -1.46017311e+04 
 7.35642254e+02  1.56879293e+03  7.35642254e+02 -1.35526734e+04 
 7.94328235e+02  1.34782253e+03  7.94328235e+02 -1.25751020e+04 
 8.57695899e+02  1.15763075e+03  8.57695899e+02 -1.16649431e+04 
 9.26118728e+02  9.94011412e+02  9.26118728e+02 -1.08181848e+04 
 1.00000000e+03  8.53311849e+02  1.00000000e+03 -1.00309193e+04 
 1.07977516e+03  7.32365721e+02  1.07977516e+03 -9.29937189e+03 
 1.16591440e+03  6.28432449e+02  1.16591440e+03 -8.61992255e+03 
 1.25892541e+03  5.39143058e+02  1.25892541e+03 -7.98911856e+03 
 1.35935639e+03  4.62452081e+02  1.35935639e+03 -7.40368226e+03 
 1.46779927e+03  3.96595062e+02  1.46779927e+03 -6.86051406e+03 
 1.58489319e+03  3.40051197e+02  1.58489319e+03 -6.35669221e+03 
 1.71132830e+03  2.91510607e+02  1.71132830e+03 -5.88946991e+03 
 1.84784980e+03  2.49845761e+02  1.84784980e+03 -5.45627068e+03 
 1.99526231e+03  2.14086589e+02  1.99526231e+03 -5.05468238e+03 
 2.15443469e+03  1.83398860e+02  2.15443469e+03 -4.68245034e+03 
 2.32630507e+03  1.57065434e+02  2.32630507e+03 -4.33746997e+03 
 2.51188643e+03  1.34470022e+02  2.51188643e+03 -4.01777900e+03 
 2.71227258e+03  1.15083156e+02  2.71227258e+03 -3.72154969e+03 
 2.92864456e+03  9.84500607e+01  2.92864456e+03 -3.44708097e+03 
 3.16227766e+03  8.41801991e+01  3.16227766e+03 -3.19279085e+03 
 3.41454887e+03  7.19382571e+01  3.41454887e+03 -2.95720894e+03 
 3.68694506e+03  6.14363770e+01  3.68694506e+03 -2.73896929e+03 
 3.98107171e+03  5.24274738e+01  3.98107171e+03 -2.53680354e+03 
 4.29866235e+03  4.46994826e+01  4.29866235e+03 -2.34953438e+03 
 4.64158883e+03  3.80704129e+01  4.64158883e+03 -2.17606938e+03 
 5.01187234e+03  3.23840960e+01  5.01187234e+03 -2.01539515e+03 
 5.41169527e+03  2.75065304e+01  5.41169527e+03 -1.86657183e+03 
 5.84341413e+03  2.33227425e+01  5.84341413e+03 -1.72872795e+03 
 6.30957344e+03  1.97340894e+01  6.30957344e+03 -1.60105558e+03 
 6.81292069e+03  1.66559433e+01  6.81292069e+03 -1.48280583e+03 
 7.35642254e+03  1.40157026e+01  7.35642254e+03 -1.37328457e+03 
 7.94328235e+03  1.17510854e+01  7.94328235e+03 -1.27184856e+03 
 8.57695899e+03  9.80866357e+00  8.57695899e+03 -1.17790176e+03 
 9.26118728e+03  8.14260575e+00  9.26118728e+03 -1.09089187e+03 
 1.00000000e+04  6.71359760e+00  1.00000000e+04 -1.01030720e+03 
 1.07977516e+04  5.48791587e+00  1.07977516e+04 -9.35673686e+02 
 1.16591440e+04  4.43663367e+00  1.16591440e+04 -8.66552172e+02 
 1.25892541e+04  3.53493858e+00  1.25892541e+04 -8.02535827e+02 
 1.35935639e+04  2.76154773e+00  1.35935639e+04 -7.43247798e+02 
 1.46779927e+04  2.09820581e+00  1.46779927e+04 -6.88339005e+02 
 1.58489319e+04  1.52925459e+00  1.58489319e+04 -6.37486107e+02 
 1.71132830e+04  1.04126350e+00  1.71132830e+04 -5.90389609e+02 
 1.84784980e+04  6.22712806e-01  1.84784980e+04 -5.46772108e+02 
 1.99526231e+04  2.63721773e-01  1.99526231e+04 -5.06376672e+02 
 2.15443469e+04 -4.41844703e-02  2.15443469e+04 -4.68965325e+02 
 2.32630507e+04 -3.08274937e-01  2.32630507e+04 -4.34317662e+02 
 2.51188643e+04 -5.34784335e-01  2.51188643e+04 -4.02229543e+02 
 2.71227258e+04 -7.29060214e-01  2.71227258e+04 -3.72511901e+02 
 2.92864456e+04 -8.95689191e-01  2.92864456e+04 -3.44989629e+02 
 3.16227766e+04 -1.03860521e+00  3.16227766e+04 -3.19500550e+02 
 3.41454887e+04 -1.16118239e+00  3.41454887e+04 -2.95894462e+02 
 3.68694506e+04 -1.26631470e+00  3.68694506e+04 -2.74032257e+02 
 3.98107171e+04 -1.35648427e+00  3.98107171e+04 -2.53785098e+02 
 4.29866235e+04 -1.43381996e+00  4.29866235e+04 -2.35033665e+02 
 4.64158883e+04 -1.50014764e+00  4.64158883e+04 -2.17667452e+02 
 5.01187234e+04 -1.55703329e+00  5.01187234e+04 -2.01584111e+02 
 5.41169527e+04 -1.60581997e+00  5.41169527e+04 -1.86688858e+02 
 5.84341413e+04 -1.64765954e+00  5.84341413e+04 -1.72893907e+02 
 6.30957344e+04 -1.68353982e+00  6.30957344e+04 -1.60117956e+02 
 6.81292069e+04 -1.71430795e+00  6.81292069e+04 -1.48285709e+02 
 7.35642254e+04 -1.74069037e+00  7.35642254e+04 -1.37327430e+02 
 7.94328235e+04 -1.76330997e+00  7.94328235e+04 -1.27178536e+02 
 8.57695899e+04 -1.78270080e+00  8.57695899e+04 -1.17779212e+02 
 9.26118728e+04 -1.79932068e+00  9.26118728e+04 -1.09074059e+02 
 1.00000000e+05 -1.81356201e+00  1.00000000e+05 -1.01011774e+02 
 1.07977516e+05 -1.82576104e+00  1.07977516e+05 -9.35448369e+01 
 1.16591440e+05 -1.83620578e+00  1.16591440e+05 -8.66292406e+01 
 1.25892541e+05 -1.84514283e+00  1.25892541e+05 -8.02242258e+01 
 1.35935639e+05 -1.85278322e+00  1.35935639e+05 -7.42920426e+01 
 1.46779927e+05 -1.85930734e+00  1.46779927e+05 -6.87977276e+01 
 1.58489319e+05 -1.86486922e+00  1.58489319e+05 -6.37088986e+01 
 1.71132830e+05 -1.86960019e+00  1.71132830e+05 -5.89955629e+01 
 1.84784980e+05 -1.87361196e+00  1.84784980e+05 -5.46299410e+01 
 1.99526231e+05 -1.87699927e+00  1.99526231e+05 -5.05863028e+01 
 2.15443469e+05 -1.87984211e+00  2.15443469e+05 -4.68408162e+01 
 2.32630507e+05 -1.88220763e+00  2.32630507e+05 -4.33714062e+01 
 2.51188643e+05 -1.88415170e+00  2.51188643e+05 -4.01576251e+01 
 2.71227258e+05 -1.88572029e+00  2.71227258e+05 -3.71805320e+01 
 2.92864456e+05 -1.88695049e+00  2.92864456e+05 -3.44225812e+01 
 3.16227766e+05 -1.88787144e+00  3.16227766e+05 -3.18675190e+01 
 3.41454887e+05 -1.88850500e+00  3.41454887e+05 -2.95002875e+01 
 3.68694506e+05 -1.88886630e+00  3.68694506e+05 -2.73069364e+01 
 3.98107171e+05 -1.88896409e+00  3.98107171e+05 -2.52745408e+01 
 4.29866235e+05 -1.88880099e+00  4.29866235e+05 -2.33911247e+01 
 4.64158883e+05 -1.88837356e+00  4.64158883e+05 -2.16455914e+01 
 5.01187234e+05 -1.88767227e+00  5.01187234e+05 -2.00276573e+01 
 5.41169527e+05 -1.88668132e+00  5.41169527e+05 -1.85277924e+01 
 5.84341413e+05 -1.88537835e+00  5.84341413e+05 -1.71371640e+01 
 6.30957344e+05 -1.88373399e+00  6.30957344e+05 -1.58475849e+01 
 6.81292069e+05 -1.88171132e+00  6.81292069e+05 -1.46514660e+01 
 7.35642254e+05 -1.87926513e+00  7.35642254e+05 -1.35417717e+01 
 7.94328235e+05 -1.87634115e+00  7.94328235e+05 -1.25119795e+01 
 8.57695899e+05 -1.87287501e+00  8.57695899e+05 -1.15560423e+01 
 9.26118728e+05 -1.86879121e+00  9.26118728e+05 -1.06683539e+01 
 1.00000000e+06 -1.86400184e+00  1.00000000e+06 -9.84371689e+00 
 1.07977516e+06 -1.85840530e+00  1.07977516e+06 -9.07731434e+00 
 1.16591440e+06 -1.85188487e+00  1.16591440e+06 -8.36468280e+00 
 1.25892541e+06 -1.84430731e+00  1.25892541e+06 -7.70168858e+00 
 1.35935639e+06 -1.83552143e+00  1.35935639e+06 -7.08450618e+00 
 1.46779927e+06 -1.82535683e+00  1.46779927e+06 -6.50959916e+00 
 1.58489319e+06 -1.81362283e+00  1.58489319e+06 -5.97370320e+00 
 1.71132830e+06 -1.80010791e+00  1.71132830e+06 -5.47381150e+00 
 1.84784980e+06 -1.78457963e+00  1.84784980e+06 -5.00716227e+00 
 1.99526231e+06 -1.76678554e+00  1.99526231e+06 -4.57122830e+00 
 2.15443469e+06 -1.74645517e+00  2.15443469e+06 -4.16370847e+00 
 2.32630507e+06 -1.72330363e+00  2.32630507e+06 -3.78252086e+00 
 2.51188643e+06 -1.69703701e+00  2.51188643e+06 -3.42579724e+00 
 2.71227258e+06 -1.66736013e+00  2.71227258e+06 -3.09187835e+00 
 2.92864456e+06 -1.63398678e+00  2.92864456e+06 -2.77930932e+00 
 3.16227766e+06 -1.59665276e+00  3.16227766e+06 -2.48683442e+00 
 3.41454887e+06 -1.55513151e+00  3.41454887e+06 -2.21339013e+00 
 3.68694506e+06 -1.50925219e+00  3.68694506e+06 -1.95809523e+00 
 3.98107171e+06 -1.45891923e+00  3.98107171e+06 -1.72023708e+00 
 4.29866235e+06 -1.40413217e+00  4.29866235e+06 -1.49925263e+00 
 4.64158883e+06 -1.34500413e+00  4.64158883e+06 -1.29470392e+00 
 5.01187234e+06 -1.28177663e+00  5.01187234e+06 -1.10624772e+00 
 5.41169527e+06 -1.21482850e+00  5.41169527e+06 -9.33600056e-01 
 5.84341413e+06 -1.14467686e+00  5.84341413e+06 -7.76497448e-01 
 6.30957344e+06 -1.07196842e+00  6.30957344e+06 -6.34657145e-01 
 6.81292069e+06 -9.97460499e-01  6.81292069e+06 -5.07739805e-01 
 7.35642254e+06 -9.21992579e-01  7.35642254e+06 -3.95317965e-01 
 7.94328235e+06 -8.46450224e-01  7.94328235e+06 -2.96853513e-01 
 8.57695899e+06 -7.71724646e-01  8.57695899e+06 -2.11686405e-01 
 9.26118728e+06 -6.98671773e-01  9.26118728e+06 -1.39035573e-01 
 1.00000000e+07 -6.28074790e-01  1.00000000e+07 -7.80113966e-02 
 1.07977516e+07 -5.60613547e-01  1.07977516e+07 -2.76377315e-02 
 1.16591440e+07 -4.96843150e-01  1.16591440e+07  1.31195517e-02 
 1.25892541e+07 -4.37182743e-01  1.25892541e+07  4.53210172e-02 
 1.35935639e+07 -3.81914112e-01  1.35935639e+07  7.00224790e-02 
 1.46779927e+07 -3.31188750e-01  1.46779927e+07  8.82469694e-02 
 1.58489319e+07 -2.85041297e-01  1.58489319e+07  1.00961780e-01 
 1.71132830e+07 -2.43407047e-01  1.71132830e+07  1.09061553e-01 
 1.84784980e+07 -2.06141308e-01  1.84784980e+07  1.13357558e-01 
 1.99526231e+07 -1.73038762e-01  1.99526231e+07  1.14572637e-01 
 2.15443469e+07 -1.43851424e-01  2.15443469e+07  1.13340892e-01 
 2.32630507e+07 -1.18304339e-01  2.32630507e+07  1.10210996e-01 
 2.51188643e+07 -9.61085388e-02  2.51188643e+07  1.05651997e-01 
 2.71227258e+07 -7.69712182e-02  2.71227258e+07  1.00060582e-01 
 2.92864456e+07 -6.06032735e-02  2.92864456e+07  9.37689413e-02 
 3.16227766e+07 -4.67245716e-02  3.16227766e+07  8.70525904e-02 
 3.41454887e+07 -3.50673752e-02  3.41454887e+07  8.01376820e-02 
 3.68694506e+07 -2.53783826e-02  3.68694506e+07  7.32075598e-02 
 3.98107171e+07 -1.74198169e-02  3.98107171e+07  6.64084421e-02 
 4.29866235e+07 -1.09699329e-02  4.29866235e+07  5.98542646e-02 
 4.64158883e+07 -5.82322996e-03  4.64158883e+07  5.36307968e-02 
 5.01187234e+07 -1.79055587e-03  5.01187234e+07  4.77992019e-02 
 5.41169527e+07  1.30080590e-03  5.41169527e+07  4.23992167e-02 
 5.84341413e+07  3.60705894e-03  5.84341413e+07  3.74521108e-02 
 6.30957344e+07  5.26787685e-03  6.30957344e+07  3.29635344e-02 
 6.81292069e+07  6.40652539e-03  6.81292069e+07  2.89263032e-02 
 7.35642254e+07  7.13020095e-03  7.35642254e+07  2.53231163e-02 
 7.94328235e+07  7.53063750e-03  7.94328235e+07  2.21291544e-02 
 8.57695899e+07  7.68499639e-03  8.57695899e+07  1.93144869e-02 
 9.26118728e+07  7.65701379e-03  9.26118728e+07  1.68462122e-02 
 1.00000000e+08  7.49834864e-03  1.00000000e+08  1.46902735e-02 
 1.07977516e+08  7.25005469e-03  1.07977516e+08  1.28129160e-02 
 1.16591440e+08  6.94409479e-03  1.16591440e+08  1.11817829e-02 
 1.25892541e+08  6.60482219e-03  1.25892541e+08  9.76667134e-03 
 1.35935639e+08  6.25036742e-03  1.35935639e+08  8.53998935e-03 
 1.46779927e+08  5.89388748e-03  1.46779927e+08  7.47696594e-03 
 1.58489319e+08  5.54465228e-03  1.58489319e+08  6.55567027e-03 
 1.71132830e+08  5.20895904e-03  1.71132830e+08  5.75689382e-03 
 1.84784980e+08  4.89087871e-03  1.84784980e+08  5.06394390e-03 
 1.99526231e+08  4.59284722e-03  1.99526231e+08  4.46238889e-03 
 2.15443469e+08  4.31612089e-03  2.15443469e+08  3.93978658e-03 
 2.32630507e+08  4.06111764e-03  2.32630507e+08  3.48541854e-03 
 2.51188643e+08  3.82766689e-03  2.51188643e+08  3.09004518e-03 
 2.71227258e+08  3.61518900e-03  2.71227258e+08  2.74568964e-03 
 2.92864456e+08  3.42282311e-03  2.92864456e+08  2.44545295e-03 
 3.16227766e+08  3.24951844e-03  3.16227766e+08  2.18335945e-03 
 3.41454887e+08  3.09410066e-03  3.41454887e+08  1.95422880e-03 
 3.68694506e+08  2.95532184e-03  3.68694506e+08  1.75357013e-03 
 3.98107171e+08  2.83189910e-03  3.98107171e+08  1.57749363e-03 
 4.29866235e+08  2.72254567e-03  4.29866235e+08  1.42263554e-03 
 4.64158883e+08  2.62599583e-03  4.64158883e+08  1.28609320e-03 
 5.01187234e+08  2.54102494e-03  5.01187234e+08  1.16536796e-03 
 5.41169527e+08  2.46646501e-03  5.41169527e+08  1.05831427e-03 
 5.84341413e+08  2.40121613e-03  5.84341413e+08  9.63093970e-04 
 6.30957344e+08  2.34425416e-03  6.30957344e+08  8.78135291e-04 
 6.81292069e+08  2.29463508e-03  6.81292069e+08  8.02096146e-04 
 7.35642254e+08  2.25149657e-03  7.35642254e+08  7.33831485e-04 
 7.94328235e+08  2.21405719e-03  7.94328235e+08  6.72364498e-04 
 8.57695899e+08  2.18161383e-03  8.57695899e+08  6.16861431e-04 
 9.26118728e+08  2.15353778e-03  9.26118728e+08  5.66609750e-04 
 1.00000000e+09  2.12926996e-03  1.00000000e+09  5.20999359e-04 
 1.07977516e+09  2.10831560e-03  1.07977516e+09  4.79506560e-04 
 1.16591440e+09  2.09023870e-03  1.16591440e+09  4.41680449e-04 
 1.25892541e+09  2.07465642e-03  1.25892541e+09  4.07131440e-04 
 1.35935639e+09  2.06123373e-03  1.35935639e+09  3.75521623e-04 
 1.46779927e+09  2.04967819e-03  1.46779927e+09  3.46556697e-04 
 1.58489319e+09  2.03973521e-03  1.58489319e+09  3.19979237e-04 
 1.71132830e+09  2.03118358e-03  1.71132830e+09  2.95563080e-04 
 1.84784980e+09  2.02383142e-03  1.84784980e+09  2.73108658e-04 
 1.99526231e+09  2.01751260e-03  1.99526231e+09  2.52439108e-04 
 2.15443469e+09  2.01208343e-03  2.15443469e+09  2.33397031e-04 
 2.32630507e+09  2.00741982e-03  2.32630507e+09  2.15841794e-04 
 2.51188643e+09  2.00341467e-03  2.51188643e+09  1.99647268e-04 
 2.71227258e+09  1.99997563e-03  2.71227258e+09  1.84699938e-04 
 2.92864456e+09  1.99702315e-03  2.92864456e+09  1.70897307e-04 
 3.16227766e+09  1.99448874e-03  3.16227766e+09  1.58146555e-04 
 3.41454887e+09  1.99231346e-03  3.41454887e+09  1.46363399e-04 
 3.68694506e+09  1.99044659e-03  3.68694506e+09  1.35471122e-04 
 3.98107171e+09  1.98884455e-03  3.98107171e+09  1.25399741e-04 
 4.29866235e+09  1.98746988e-03  4.29866235e+09  1.16085297e-04 
 4.64158883e+09  1.98629037e-03  4.64158883e+09  1.07469231e-04 
 5.01187234e+09  1.98527838e-03  5.01187234e+09  9.94978501e-05 
 5.41169527e+09  1.98441016e-03  5.41169527e+09  9.21218586e-05 
 5.84341413e+09  1.98366531e-03  5.84341413e+09  8.52959436e-05 
 6.30957344e+09  1.98302632e-03  6.30957344e+09  7.89784115e-05 
 6.81292069e+09  1.98247816e-03  6.81292069e+09  7.31308654e-05 
 7.35642254e+09  1.98200794e-03  7.35642254e+09  6.77179168e-05 
 7.94328235e+09  1.98160458e-03  7.94328235e+09  6.27069284e-05 
 8.57695899e+09  1.98125858e-03  8.57695899e+09  5.80677827e-05 
 9.26118728e+09  1.98096179e-03  9.26118728e+09  5.37726737e-05 
 1.00000000e+10  1.98070721e-03  1.00000000e+10  4.97959181e-05 
