 1.00000000e+00  1.38429715e+02  1.00000000e+00 -1.06837883e-02 
 1.07977516e+00  1.38429715e+02  1.07977516e+00 -1.15360892e-02 
 1.16591440e+00  1.38429715e+02  1.16591440e+00 -1.24563826e-02 
 1.25892541e+00  1.38429714e+02  1.25892541e+00 -1.34500925e-02 
 1.35935639e+00  1.38429714e+02  1.35935639e+00 -1.45230758e-02 
 1.46779927e+00  1.38429714e+02  1.46779927e+00 -1.56816565e-02 
 1.58489319e+00  1.38429714e+02  1.58489319e+00 -1.69326632e-02 
 1.71132830e+00  1.38429713e+02  1.71132830e+00 -1.82834691e-02 
 1.84784980e+00  1.38429713e+02  1.84784980e+00 -1.97420357e-02 
 1.99526231e+00  1.38429712e+02  1.99526231e+00 -2.13169597e-02 
 2.15443469e+00  1.38429712e+02  2.15443469e+00 -2.30175236e-02 
 2.32630507e+00  1.38429711e+02  2.32630507e+00 -2.48537501e-02 
 2.51188643e+00  1.38429711e+02  2.51188643e+00 -2.68364620e-02 
 2.71227258e+00  1.38429710e+02  2.71227258e+00 -2.89773449e-02 
 2.92864456e+00  1.38429709e+02  2.92864456e+00 -3.12890171e-02 
 3.16227766e+00  1.38429707e+02  3.16227766e+00 -3.37851032e-02 
 3.41454887e+00  1.38429706e+02  3.41454887e+00 -3.64803149e-02 
 3.68694506e+00  1.38429705e+02  3.68694506e+00 -3.93905375e-02 
 3.98107171e+00  1.38429703e+02  3.98107171e+00 -4.25329235e-02 
 4.29866235e+00  1.38429700e+02  4.29866235e+00 -4.59259936e-02 
 4.64158883e+00  1.38429698e+02  4.64158883e+00 -4.95897463e-02 
 5.01187234e+00  1.38429695e+02  5.01187234e+00 -5.35457752e-02 
 5.41169527e+00  1.38429692e+02  5.41169527e+00 -5.78173967e-02 
 5.84341413e+00  1.38429688e+02  5.84341413e+00 -6.24297871e-02 
 6.30957344e+00  1.38429683e+02  6.30957344e+00 -6.74101312e-02 
 6.81292069e+00  1.38429677e+02  6.81292069e+00 -7.27877826e-02 
 7.35642254e+00  1.38429671e+02  7.35642254e+00 -7.85944361e-02 
 7.94328235e+00  1.38429664e+02  7.94328235e+00 -8.48643155e-02 
 8.57695899e+00  1.38429655e+02  8.57695899e+00 -9.16343743e-02 
 9.26118728e+00  1.38429645e+02  9.26118728e+00 -9.89445143e-02 
 1.00000000e+01  1.38429633e+02  1.00000000e+01 -1.06837820e-01 
 1.07977516e+01  1.38429620e+02  1.07977516e+01 -1.15360813e-01 
 1.16591440e+01  1.38429604e+02  1.16591440e+01 -1.24563726e-01 
 1.25892541e+01  1.38429585e+02  1.25892541e+01 -1.34500800e-01 
 1.35935639e+01  1.38429564e+02  1.35935639e+01 -1.45230600e-01 
 1.46779927e+01  1.38429538e+02  1.46779927e+01 -1.56816366e-01 
 1.58489319e+01  1.38429509e+02  1.58489319e+01 -1.69326381e-01 
 1.71132830e+01  1.38429475e+02  1.71132830e+01 -1.82834376e-01 
 1.84784980e+01  1.38429435e+02  1.84784980e+01 -1.97419961e-01 
 1.99526231e+01  1.38429388e+02  1.99526231e+01 -2.13169098e-01 
 2.15443469e+01  1.38429333e+02  2.15443469e+01 -2.30174607e-01 
 2.32630507e+01  1.38429270e+02  2.32630507e+01 -2.48536710e-01 
 2.51188643e+01  1.38429196e+02  2.51188643e+01 -2.68363624e-01 
 2.71227258e+01  1.38429110e+02  2.71227258e+01 -2.89772195e-01 
 2.92864456e+01  1.38429009e+02  2.92864456e+01 -3.12888592e-01 
 3.16227766e+01  1.38428892e+02  3.16227766e+01 -3.37849045e-01 
 3.41454887e+01  1.38428756e+02  3.41454887e+01 -3.64800648e-01 
 3.68694506e+01  1.38428596e+02  3.68694506e+01 -3.93902226e-01 
 3.98107171e+01  1.38428411e+02  3.98107171e+01 -4.25325270e-01 
 4.29866235e+01  1.38428194e+02  4.29866235e+01 -4.59254945e-01 
 4.64158883e+01  1.38427942e+02  4.64158883e+01 -4.95891180e-01 
 5.01187234e+01  1.38427647e+02  5.01187234e+01 -5.35449842e-01 
 5.41169527e+01  1.38427304e+02  5.41169527e+01 -5.78164009e-01 
 5.84341413e+01  1.38426904e+02  5.84341413e+01 -6.24285334e-01 
 6.30957344e+01  1.38426438e+02  6.30957344e+01 -6.74085529e-01 
 6.81292069e+01  1.38425894e+02  6.81292069e+01 -7.27857956e-01 
 7.35642254e+01  1.38425260e+02  7.35642254e+01 -7.85919347e-01 
 7.94328235e+01  1.38424520e+02  7.94328235e+01 -8.48611664e-01 
 8.57695899e+01  1.38423658e+02  8.57695899e+01 -9.16304099e-01 
 9.26118728e+01  1.38422653e+02  9.26118728e+01 -9.89395234e-01 
 1.00000000e+02  1.38421482e+02  1.00000000e+02 -1.06831537e+00 
 1.07977516e+02  1.38420115e+02  1.07977516e+02 -1.15352903e+00 
 1.16591440e+02  1.38418523e+02  1.16591440e+02 -1.24553768e+00 
 1.25892541e+02  1.38416666e+02  1.25892541e+02 -1.34488264e+00 
 1.35935639e+02  1.38414501e+02  1.35935639e+02 -1.45214819e+00 
 1.46779927e+02  1.38411977e+02  1.46779927e+02 -1.56796499e+00 
 1.58489319e+02  1.38409034e+02  1.58489319e+02 -1.69301370e+00 
 1.71132830e+02  1.38405604e+02  1.71132830e+02 -1.82802889e+00 
 1.84784980e+02  1.38401604e+02  1.84784980e+02 -1.97380323e+00 
 1.99526231e+02  1.38396941e+02  1.99526231e+02 -2.13119199e+00 
 2.15443469e+02  1.38391504e+02  2.15443469e+02 -2.30111790e+00 
 2.32630507e+02  1.38385167e+02  2.32630507e+02 -2.48457632e+00 
 2.51188643e+02  1.38377778e+02  2.51188643e+02 -2.68264075e+00 
 2.71227258e+02  1.38369165e+02  2.71227258e+02 -2.89646879e+00 
 2.92864456e+02  1.38359123e+02  2.92864456e+02 -3.12730840e+00 
 3.16227766e+02  1.38347418e+02  3.16227766e+02 -3.37650463e+00 
 3.41454887e+02  1.38333773e+02  3.41454887e+02 -3.64550673e+00 
 3.68694506e+02  1.38317868e+02  3.68694506e+02 -3.93587563e+00 
 3.98107171e+02  1.38299328e+02  3.98107171e+02 -4.24929186e+00 
 4.29866235e+02  1.38277719e+02  4.29866235e+02 -4.58756384e+00 
 4.64158883e+02  1.38252532e+02  4.64158883e+02 -4.95263644e+00 
 5.01187234e+02  1.38223179e+02  5.01187234e+02 -5.34659990e+00 
 5.41169527e+02  1.38188971e+02  5.41169527e+02 -5.77169892e+00 
 5.84341413e+02  1.38149109e+02  5.84341413e+02 -6.23034180e+00 
 6.30957344e+02  1.38102662e+02  6.30957344e+02 -6.72510954e+00 
 6.81292069e+02  1.38048548e+02  6.81292069e+02 -7.25876466e+00 
 7.35642254e+02  1.37985510e+02  7.35642254e+02 -7.83425948e+00 
 7.94328235e+02  1.37912085e+02  7.94328235e+02 -8.45474345e+00 
 8.57695899e+02  1.37826576e+02  8.57695899e+02 -9.12356919e+00 
 9.26118728e+02  1.37727014e+02  9.26118728e+02 -9.84429649e+00 
 1.00000000e+03  1.37611114e+02  1.00000000e+03 -1.06206937e+01 
 1.07977516e+03  1.37476230e+02  1.07977516e+03 -1.14567356e+01 
 1.16591440e+03  1.37319300e+02  1.16591440e+03 -1.23565962e+01 
 1.25892541e+03  1.37136785e+02  1.25892541e+03 -1.33246357e+01 
 1.35935639e+03  1.36924599e+02  1.35935639e+03 -1.43653791e+01 
 1.46779927e+03  1.36678034e+02  1.46779927e+03 -1.54834851e+01 
 1.58489319e+03  1.36391678e+02  1.58489319e+03 -1.66837022e+01 
 1.71132830e+03  1.36059320e+02  1.71132830e+03 -1.79708084e+01 
 1.84784980e+03  1.35673856e+02  1.84784980e+03 -1.93495330e+01 
 1.99526231e+03  1.35227184e+02  1.99526231e+03 -2.08244527e+01 
 2.15443469e+03  1.34710096e+02  2.15443469e+03 -2.23998616e+01 
 2.32630507e+03  1.34112180e+02  2.32630507e+03 -2.40796064e+01 
 2.51188643e+03  1.33421719e+02  2.51188643e+03 -2.58668834e+01 
 2.71227258e+03  1.32625612e+02  2.71227258e+03 -2.77639911e+01 
 2.92864456e+03  1.31709316e+02  2.92864456e+03 -2.97720340e+01 
 3.16227766e+03  1.30656831e+02  3.16227766e+03 -3.18905743e+01 
 3.41454887e+03  1.29450736e+02  3.41454887e+03 -3.41172300e+01 
 3.68694506e+03  1.28072309e+02  3.68694506e+03 -3.64472230e+01 
 3.98107171e+03  1.26501741e+02  3.98107171e+03 -3.88728849e+01 
 4.29866235e+03  1.24718478e+02  4.29866235e+03 -4.13831376e+01 
 4.64158883e+03  1.22701710e+02  4.64158883e+03 -4.39629746e+01 
 5.01187234e+03  1.20431045e+02  5.01187234e+03 -4.65929808e+01 
 5.41169527e+03  1.17887362e+02  5.41169527e+03 -4.92489427e+01 
 5.84341413e+03  1.15053862e+02  5.84341413e+03 -5.19016125e+01 
 6.30957344e+03  1.11917285e+02  6.30957344e+03 -5.45167013e+01 
 6.81292069e+03  1.08469261e+02  6.81292069e+03 -5.70551780e+01 
 7.35642254e+03  1.04707706e+02  7.35642254e+03 -5.94739473e+01 
 7.94328235e+03  1.00638148e+02  7.94328235e+03 -6.17269576e+01 
 8.57695899e+03  9.62748494e+01  8.57695899e+03 -6.37667547e+01 
 9.26118728e+03  9.16415622e+01  9.26118728e+03 -6.55464446e+01 
 1.00000000e+04  8.67717510e+01  1.00000000e+04 -6.70219647e+01 
 1.07977516e+04  8.17081719e+01  1.07977516e+04 -6.81544991e+01 
 1.16591440e+04  7.65017357e+01  1.16591440e+04 -6.89128195e+01 
 1.25892541e+04  7.12096777e+01  1.25892541e+04 -6.92753083e+01 
 1.35935639e+04  6.58931510e+01  1.35935639e+04 -6.92314291e+01 
 1.46779927e+04  6.06144459e+01  1.46779927e+04 -6.87824639e+01 
 1.58489319e+04  5.54340981e+01  1.58489319e+04 -6.79414228e+01 
 1.71132830e+04  5.04081683e+01  1.71132830e+04 -6.67321374e+01 
 1.84784980e+04  4.55859444e+01  1.84784980e+04 -6.51876540e+01 
 1.99526231e+04  4.10082548e+01  1.99526231e+04 -6.33481210e+01 
 2.15443469e+04  3.67064863e+01  2.15443469e+04 -6.12584123e+01 
 2.32630507e+04  3.27023089e+01  2.32630507e+04 -5.89657256e+01 
 2.51188643e+04  2.90080280e+01  2.51188643e+04 -5.65173659e+01 
 2.71227258e+04  2.56274297e+01  2.71227258e+04 -5.39588646e+01 
 2.92864456e+04  2.25569600e+01  2.92864456e+04 -5.13325208e+01 
 3.16227766e+04  1.97870794e+01  3.16227766e+04 -4.86763882e+01 
 3.41454887e+04  1.73036568e+01  3.41454887e+04 -4.60236847e+01 
 3.68694506e+04  1.50892950e+01  3.68694506e+04 -4.34025650e+01 
 3.98107171e+04  1.31245173e+01  3.98107171e+04 -4.08361836e+01 
 4.29866235e+04  1.13887759e+01  4.29866235e+04 -3.83429700e+01 
 4.64158883e+04  9.86126734e+00  4.64158883e+04 -3.59370427e+01 
 5.01187234e+04  8.52156077e+00  5.01187234e+04 -3.36287015e+01 
 5.41169527e+04  7.35005643e+00  5.41169527e+04 -3.14249494e+01 
 5.84341413e+04  6.32829790e+00  5.84341413e+04 -2.93300081e+01 
 6.30957344e+04  5.43916424e+00  6.30957344e+04 -2.73458046e+01 
 6.81292069e+04  4.66696738e+00  6.81292069e+04 -2.54724124e+01 
 7.35642254e+04  3.99747761e+00  7.35642254e+04 -2.37084421e+01 
 7.94328235e+04  3.41789709e+00  7.94328235e+04 -2.20513783e+01 
 8.57695899e+04  2.91679727e+00  8.57695899e+04 -2.04978654e+01 
 9.26118728e+04  2.48403335e+00  9.26118728e+04 -1.90439440e+01 
 1.00000000e+05  2.11064562e+00  1.00000000e+05 -1.76852463e+01 
 1.07977516e+05  1.78875483e+00  1.07977516e+05 -1.64171520e+01 
 1.16591440e+05  1.51145719e+00  1.16591440e+05 -1.52349134e+01 
 1.25892541e+05  1.27272226e+00  1.25892541e+05 -1.41337520e+01 
 1.35935639e+05  1.06729644e+00  1.35935639e+05 -1.31089338e+01 
 1.46779927e+05  8.90613151e-01  1.46779927e+05 -1.21558250e+01 
 1.58489319e+05  7.38710650e-01  1.58489319e+05 -1.12699329e+01 
 1.71132830e+05  6.08157560e-01  1.71132830e+05 -1.04469353e+01 
 1.84784980e+05  4.95986046e-01  1.84784980e+05 -9.68269927e+00 
 1.99526231e+05  3.99632281e-01  1.99526231e+05 -8.97329334e+00 
 2.15443469e+05  3.16883735e-01  2.15443469e+05 -8.31499300e+00 
 2.32630507e+05  2.45832721e-01  2.32630507e+05 -7.70428223e+00 
 2.51188643e+05  1.84835644e-01  2.51188643e+05 -7.13785150e+00 
 2.71227258e+05  1.32477358e-01  2.71227258e+05 -6.61259316e+00 
 2.92864456e+05  8.75401022e-02  2.92864456e+05 -6.12559515e+00 
 3.16227766e+05  4.89764740e-02  3.16227766e+05 -5.67413337e+00 
 3.41454887e+05  1.58859758e-02  3.41454887e+05 -5.25566327e+00 
 3.68694506e+05 -1.25053038e-02  3.68694506e+05 -4.86781098e+00 
 3.98107171e+05 -3.68622688e-02  3.98107171e+05 -4.50836411e+00 
 4.29866235e+05 -5.77560025e-02  4.29866235e+05 -4.17526264e+00 
 4.64158883e+05 -7.56768741e-02  4.64158883e+05 -3.86658983e+00 
 5.01187234e+05 -9.10458389e-02  5.01187234e+05 -3.58056339e+00 
 5.41169527e+05 -1.04224172e-01  5.41169527e+05 -3.31552692e+00 
 5.84341413e+05 -1.15521849e-01  5.84341413e+05 -3.06994172e+00 
 6.30957344e+05 -1.25204753e-01  6.30957344e+05 -2.84237896e+00 
 6.81292069e+05 -1.33500869e-01  6.81292069e+05 -2.63151223e+00 
 7.35642254e+05 -1.40605612e-01  7.35642254e+05 -2.43611050e+00 
 7.94328235e+05 -1.46686391e-01  7.94328235e+05 -2.25503153e+00 
 8.57695899e+05 -1.51886533e-01  8.57695899e+05 -2.08721560e+00 
 9.26118728e+05 -1.56328648e-01  9.26118728e+05 -1.93167968e+00 
 1.00000000e+06 -1.60117497e-01  1.00000000e+06 -1.78751195e+00 
 1.07977516e+06 -1.63342468e-01  1.07977516e+06 -1.65386671e+00 
 1.16591440e+06 -1.66079667e-01  1.16591440e+06 -1.52995957e+00 
 1.25892541e+06 -1.68393720e-01  1.25892541e+06 -1.41506305e+00 
 1.35935639e+06 -1.70339297e-01  1.35935639e+06 -1.30850238e+00 
 1.46779927e+06 -1.71962404e-01  1.46779927e+06 -1.20965170e+00 
 1.58489319e+06 -1.73301476e-01  1.58489319e+06 -1.11793049e+00 
 1.71132830e+06 -1.74388295e-01  1.71132830e+06 -1.03280020e+00 
 1.84784980e+06 -1.75248760e-01  1.84784980e+06 -9.53761258e-01 
 1.99526231e+06 -1.75903510e-01  1.99526231e+06 -8.80350165e-01 
 2.15443469e+06 -1.76368454e-01  2.15443469e+06 -8.12136935e-01 
 2.32630507e+06 -1.76655174e-01  2.32630507e+06 -7.48722665e-01 
 2.51188643e+06 -1.76771262e-01  2.51188643e+06 -6.89737345e-01 
 2.71227258e+06 -1.76720569e-01  2.71227258e+06 -6.34837852e-01 
 2.92864456e+06 -1.76503391e-01  2.92864456e+06 -5.83706139e-01 
 3.16227766e+06 -1.76116608e-01  3.16227766e+06 -5.36047603e-01 
 3.41454887e+06 -1.75553777e-01  3.41454887e+06 -4.91589651e-01 
 3.68694506e+06 -1.74805208e-01  3.68694506e+06 -4.50080431e-01 
 3.98107171e+06 -1.73858025e-01  3.98107171e+06 -4.11287761e-01 
 4.29866235e+06 -1.72696246e-01  4.29866235e+06 -3.74998228e-01 
 4.64158883e+06 -1.71300892e-01  4.64158883e+06 -3.41016472e-01 
 5.01187234e+06 -1.69650172e-01  5.01187234e+06 -3.09164642e-01 
 5.41169527e+06 -1.67719758e-01  5.41169527e+06 -2.79282010e-01 
 5.84341413e+06 -1.65483209e-01  5.84341413e+06 -2.51224732e-01 
 6.30957344e+06 -1.62912561e-01  6.30957344e+06 -2.24865728e-01 
 6.81292069e+06 -1.59979155e-01  6.81292069e+06 -2.00094617e-01 
 7.35642254e+06 -1.56654711e-01  7.35642254e+06 -1.76817671e-01 
 7.94328235e+06 -1.52912695e-01  7.94328235e+06 -1.54957687e-01 
 8.57695899e+06 -1.48729975e-01  8.57695899e+06 -1.34453677e-01 
 9.26118728e+06 -1.44088746e-01  9.26118728e+06 -1.15260264e-01 
 1.00000000e+07 -1.38978648e-01  1.00000000e+07 -9.73466511e-02 
 1.07977516e+07 -1.33398978e-01  1.07977516e+07 -8.06950509e-02 
 1.16591440e+07 -1.27360801e-01  1.16591440e+07 -6.52984835e-02 
 1.25892541e+07 -1.20888760e-01  1.25892541e+07 -5.11579082e-02 
 1.35935639e+07 -1.14022324e-01  1.35935639e+07 -3.82787354e-02 
 1.46779927e+07 -1.06816237e-01  1.46779927e+07 -2.66668583e-02 
 1.58489319e+07 -9.93399428e-02  1.58489319e+07 -1.63244518e-02 
 1.71132830e+07 -9.16758954e-02  1.71132830e+07 -7.24586522e-03 
 1.84784980e+07 -8.39167473e-02  1.84784980e+07  5.86006883e-04 
 1.99526231e+07 -7.61615844e-02  1.99526231e+07  7.20250889e-03 
 2.15443469e+07 -6.85115021e-02  2.15443469e+07  1.26508603e-02 
 2.32630507e+07 -6.10649224e-02  2.32630507e+07  1.69944721e-02 
 2.51188643e+07 -5.39130887e-02  2.51188643e+07  2.03119311e-02 
 2.71227258e+07 -4.71361459e-02  2.71227258e+07  2.26947973e-02 
 2.92864456e+07 -4.08001186e-02  2.92864456e+07  2.42444946e-02 
 3.16227766e+07 -3.49549742e-02  3.16227766e+07  2.50686460e-02 
 3.41454887e+07 -2.96338120e-02  3.41454887e+07  2.52772242e-02 
 3.68694506e+07 -2.48531043e-02  3.68694506e+07  2.49788482e-02 
 3.98107171e+07 -2.06138202e-02  3.98107171e+07  2.42774875e-02 
 4.29866235e+07 -1.69032240e-02  4.29866235e+07  2.32697457e-02 
 4.64158883e+07 -1.36971194e-02  4.64158883e+07  2.20428134e-02 
 5.01187234e+07 -1.09623331e-02  5.01187234e+07  2.06731120e-02 
 5.41169527e+07 -8.65925135e-03  5.41169527e+07  1.92255969e-02 
 5.84341413e+07 -6.74426036e-03  5.84341413e+07  1.77536567e-02 
 6.30957344e+07 -5.17197213e-03  6.30957344e+07  1.62995185e-02 
 6.81292069e+07 -3.89715011e-03  6.81292069e+07  1.48950585e-02 
 7.35642254e+07 -2.87627951e-03  7.35642254e+07  1.35629073e-02 
 7.94328235e+07 -2.06875739e-03  7.94328235e+07  1.23177399e-02 
 8.57695899e+07 -1.43770605e-03  8.57695899e+07  1.11676454e-02 
 9.26118728e+07 -9.50438035e-04  9.26118728e+07  1.01154833e-02 
 1.00000000e+08 -5.78620097e-04  1.00000000e+08  9.16015381e-03 
 1.07977516e+08 -2.98195535e-04  1.07977516e+08  8.29772872e-03 
 1.16591440e+08 -8.91281957e-05  1.16591440e+08  7.52241201e-03 
 1.25892541e+08  6.49708439e-05  1.25892541e+08  6.82732050e-03 
 1.35935639e+08  1.77280570e-04  1.35935639e+08  6.20508893e-03 
 1.46779927e+08  2.58228260e-04  1.46779927e+08  5.64831611e-03 
 1.58489319e+08  3.15936776e-04  1.58489319e+08  5.14987450e-03 
 1.71132830e+08  3.56639534e-04  1.71132830e+08  4.70310848e-03 
 1.84784980e+08  3.85050657e-04  1.84784980e+08  4.30194550e-03 
 1.99526231e+08  4.04684736e-04  1.99526231e+08  3.94094253e-03 
 2.15443469e+08  4.18125609e-04  2.15443469e+08  3.61528677e-03 
 2.32630507e+08  4.27246901e-04  2.32630507e+08  3.32076584e-03 
 2.51188643e+08  4.33389032e-04  2.51188643e+08  3.05371987e-03 
 2.71227258e+08  4.37498393e-04  2.71227258e+08  2.81098412e-03 
 2.92864456e+08  4.40234644e-04  2.92864456e+08  2.58982896e-03 
 3.16227766e+08  4.42051901e-04  3.16227766e+08  2.38790124e-03 
 3.41454887e+08  4.43259069e-04  3.41454887e+08  2.20316995e-03 
 3.68694506e+08  4.44063892e-04  3.68694506e+08  2.03387749e-03 
 3.98107171e+08  4.44604593e-04  3.98107171e+08  1.87849712e-03 
 4.29866235e+08  4.44972235e-04  4.29866235e+08  1.73569656e-03 
 4.64158883e+08  4.45226289e-04  4.64158883e+08  1.60430733e-03 
 5.01187234e+08  4.45405316e-04  5.01187234e+08  1.48329910e-03 
 5.41169527e+08  4.45534192e-04  5.41169527e+08  1.37175861e-03 
 5.84341413e+08  4.45628941e-04  5.84341413e+08  1.26887213e-03 
 6.30957344e+08  4.45699912e-04  6.30957344e+08  1.17391114e-03 
 6.81292069e+08  4.45753856e-04  6.81292069e+08  1.08622052e-03 
 7.35642254e+08  4.45795252e-04  7.35642254e+08  1.00520879e-03 
 7.94328235e+08  4.45827155e-04  7.94328235e+08  9.30340029e-04 
 8.57695899e+08  4.45851719e-04  8.57695899e+08  8.61127121e-04 
 9.26118728e+08  4.45870527e-04  9.26118728e+08  7.97126123e-04 
 1.00000000e+09  4.45884781e-04  1.00000000e+09  7.37931477e-04 
 1.07977516e+09  4.45895427e-04  1.07977516e+09  6.83171951e-04 
 1.16591440e+09  4.45903225e-04  1.16591440e+09  6.32507144e-04 
 1.25892541e+09  4.45908792e-04  1.25892541e+09  5.85624473e-04 
 1.35935639e+09  4.45912631e-04  1.35935639e+09  5.42236541e-04 
 1.46779927e+09  4.45915149e-04  1.46779927e+09  5.02078832e-04 
 1.58489319e+09  4.45916675e-04  1.58489319e+09  4.64907672e-04 
 1.71132830e+09  4.45917472e-04  1.71132830e+09  4.30498417e-04 
 1.84784980e+09  4.45917746e-04  1.84784980e+09  3.98643834e-04 
 1.99526231e+09  4.45917655e-04  1.99526231e+09  3.69152649e-04 
 2.15443469e+09  4.45917322e-04  2.15443469e+09  3.41848231e-04 
 2.32630507e+09  4.45916837e-04  2.32630507e+09  3.16567410e-04 
 2.51188643e+09  4.45916268e-04  2.51188643e+09  2.93159396e-04 
 2.71227258e+09  4.45915661e-04  2.71227258e+09  2.71484802e-04 
 2.92864456e+09  4.45915049e-04  2.92864456e+09  2.51414743e-04 
 3.16227766e+09  4.45914456e-04  3.16227766e+09  2.32830025e-04 
 3.41454887e+09  4.45913896e-04  3.41454887e+09  2.15620392e-04 
 3.68694506e+09  4.45913375e-04  3.68694506e+09  1.99683836e-04 
 3.98107171e+09  4.45912900e-04  3.98107171e+09  1.84925973e-04 
 4.29866235e+09  4.45912470e-04  4.29866235e+09  1.71259458e-04 
 4.64158883e+09  4.45912084e-04  4.64158883e+09  1.58603453e-04 
 5.01187234e+09  4.45911741e-04  5.01187234e+09  1.46883133e-04 
 5.41169527e+09  4.45911438e-04  5.41169527e+09  1.36029237e-04 
 5.84341413e+09  4.45911171e-04  5.84341413e+09  1.25977648e-04 
 6.30957344e+09  4.45910937e-04  6.30957344e+09  1.16669007e-04 
 6.81292069e+09  4.45910732e-04  6.81292069e+09  1.08048357e-04 
 7.35642254e+09  4.45910554e-04  7.35642254e+09  1.00064816e-04 
 7.94328235e+09  4.45910399e-04  7.94328235e+09  9.26712720e-05 
 8.57695899e+09  4.45910265e-04  8.57695899e+09  8.58241013e-05 
 9.26118728e+09  4.45910149e-04  9.26118728e+09  7.94829110e-05 
 1.00000000e+10  4.45910048e-04  1.00000000e+10  7.36102973e-05 
