 1.00000000e+00  3.80011652e+02  1.00000000e+00 -8.09237096e-02 
 1.07977516e+00  3.80011649e+02  1.07977516e+00 -8.73794110e-02 
 1.16591440e+00  3.80011646e+02  1.16591440e+00 -9.43501168e-02 
 1.25892541e+00  3.80011642e+02  1.25892541e+00 -1.01876912e-01 
 1.35935639e+00  3.80011638e+02  1.35935639e+00 -1.10004158e-01 
 1.46779927e+00  3.80011632e+02  1.46779927e+00 -1.18779755e-01 
 1.58489319e+00  3.80011626e+02  1.58489319e+00 -1.28255428e-01 
 1.71132830e+00  3.80011619e+02  1.71132830e+00 -1.38487023e-01 
 1.84784980e+00  3.80011611e+02  1.84784980e+00 -1.49534844e-01 
 1.99526231e+00  3.80011601e+02  1.99526231e+00 -1.61464006e-01 
 2.15443469e+00  3.80011590e+02  2.15443469e+00 -1.74344818e-01 
 2.32630507e+00  3.80011576e+02  2.32630507e+00 -1.88253198e-01 
 2.51188643e+00  3.80011561e+02  2.51188643e+00 -2.03271119e-01 
 2.71227258e+00  3.80011543e+02  2.71227258e+00 -2.19487095e-01 
 2.92864456e+00  3.80011522e+02  2.92864456e+00 -2.36996701e-01 
 3.16227766e+00  3.80011497e+02  3.16227766e+00 -2.55903135e-01 
 3.41454887e+00  3.80011469e+02  3.41454887e+00 -2.76317828e-01 
 3.68694506e+00  3.80011436e+02  3.68694506e+00 -2.98361102e-01 
 3.98107171e+00  3.80011397e+02  3.98107171e+00 -3.22162874e-01 
 4.29866235e+00  3.80011352e+02  4.29866235e+00 -3.47863428e-01 
 4.64158883e+00  3.80011299e+02  4.64158883e+00 -3.75614238e-01 
 5.01187234e+00  3.80011237e+02  5.01187234e+00 -4.05578859e-01 
 5.41169527e+00  3.80011166e+02  5.41169527e+00 -4.37933896e-01 
 5.84341413e+00  3.80011082e+02  5.84341413e+00 -4.72870040e-01 
 6.30957344e+00  3.80010984e+02  6.30957344e+00 -5.10593193e-01 
 6.81292069e+00  3.80010871e+02  6.81292069e+00 -5.51325683e-01 
 7.35642254e+00  3.80010738e+02  7.35642254e+00 -5.95307572e-01 
 7.94328235e+00  3.80010584e+02  7.94328235e+00 -6.42798069e-01 
 8.57695899e+00  3.80010404e+02  8.57695899e+00 -6.94077061e-01 
 9.26118728e+00  3.80010194e+02  9.26118728e+00 -7.49446757e-01 
 1.00000000e+01  3.80009949e+02  1.00000000e+01 -8.09233473e-01 
 1.07977516e+01  3.80009663e+02  1.07977516e+01 -8.73789549e-01 
 1.16591440e+01  3.80009330e+02  1.16591440e+01 -9.43495427e-01 
 1.25892541e+01  3.80008942e+02  1.25892541e+01 -1.01876189e+00 
 1.35935639e+01  3.80008490e+02  1.35935639e+01 -1.10003248e+00 
 1.46779927e+01  3.80007962e+02  1.46779927e+01 -1.18778610e+00 
 1.58489319e+01  3.80007347e+02  1.58489319e+01 -1.28253985e+00 
 1.71132830e+01  3.80006630e+02  1.71132830e+01 -1.38485207e+00 
 1.84784980e+01  3.80005794e+02  1.84784980e+01 -1.49532558e+00 
 1.99526231e+01  3.80004819e+02  1.99526231e+01 -1.61461129e+00 
 2.15443469e+01  3.80003682e+02  2.15443469e+01 -1.74341196e+00 
 2.32630507e+01  3.80002357e+02  2.32630507e+01 -1.88248638e+00 
 2.51188643e+01  3.80000812e+02  2.51188643e+01 -2.03265378e+00 
 2.71227258e+01  3.79999011e+02  2.71227258e+01 -2.19479868e+00 
 2.92864456e+01  3.79996911e+02  2.92864456e+01 -2.36987602e+00 
 3.16227766e+01  3.79994462e+02  3.16227766e+01 -2.55891680e+00 
 3.41454887e+01  3.79991607e+02  3.41454887e+01 -2.76303407e+00 
 3.68694506e+01  3.79988279e+02  3.68694506e+01 -2.98342947e+00 
 3.98107171e+01  3.79984399e+02  3.98107171e+01 -3.22140019e+00 
 4.29866235e+01  3.79979874e+02  4.29866235e+01 -3.47834656e+00 
 4.64158883e+01  3.79974600e+02  4.64158883e+01 -3.75578015e+00 
 5.01187234e+01  3.79968450e+02  5.01187234e+01 -4.05533258e+00 
 5.41169527e+01  3.79961280e+02  5.41169527e+01 -4.37876489e+00 
 5.84341413e+01  3.79952921e+02  5.84341413e+01 -4.72797771e+00 
 6.30957344e+01  3.79943176e+02  6.30957344e+01 -5.10502214e+00 
 6.81292069e+01  3.79931814e+02  6.81292069e+01 -5.51211151e+00 
 7.35642254e+01  3.79918568e+02  7.35642254e+01 -5.95163389e+00 
 7.94328235e+01  3.79903125e+02  7.94328235e+01 -6.42616561e+00 
 8.57695899e+01  3.79885122e+02  8.57695899e+01 -6.93848567e+00 
 9.26118728e+01  3.79864134e+02  9.26118728e+01 -7.49159117e+00 
 1.00000000e+02  3.79839667e+02  1.00000000e+02 -8.08871379e+00 
 1.07977516e+02  3.79811145e+02  1.07977516e+02 -8.73333734e+00 
 1.16591440e+02  3.79777895e+02  1.16591440e+02 -9.42921641e+00 
 1.25892541e+02  3.79739136e+02  1.25892541e+02 -1.01803961e+01 
 1.35935639e+02  3.79693957e+02  1.35935639e+02 -1.09912329e+01 
 1.46779927e+02  3.79641295e+02  1.46779927e+02 -1.18664166e+01 
 1.58489319e+02  3.79579915e+02  1.58489319e+02 -1.28109933e+01 
 1.71132830e+02  3.79508375e+02  1.71132830e+02 -1.38303890e+01 
 1.84784980e+02  3.79425000e+02  1.84784980e+02 -1.49304344e+01 
 1.99526231e+02  3.79327838e+02  1.99526231e+02 -1.61173898e+01 
 2.15443469e+02  3.79214618e+02  2.15443469e+02 -1.73979703e+01 
 2.32630507e+02  3.79082698e+02  2.32630507e+02 -1.87793704e+01 
 2.51188643e+02  3.78929007e+02  2.51188643e+02 -2.02692885e+01 
 2.71227258e+02  3.78749973e+02  2.71227258e+02 -2.18759485e+01 
 2.92864456e+02  3.78541449e+02  2.92864456e+02 -2.36081198e+01 
 3.16227766e+02  3.78298616e+02  3.16227766e+02 -2.54751323e+01 
 3.41454887e+02  3.78015886e+02  3.41454887e+02 -2.74868865e+01 
 3.68694506e+02  3.77686780e+02  3.68694506e+02 -2.96538552e+01 
 3.98107171e+02  3.77303792e+02  3.98107171e+02 -3.19870743e+01 
 4.29866235e+02  3.76858239e+02  4.29866235e+02 -3.44981209e+01 
 4.64158883e+02  3.76340087e+02  4.64158883e+02 -3.71990721e+01 
 5.01187234e+02  3.75737760e+02  5.01187234e+02 -4.01024413e+01 
 5.41169527e+02  3.75037924e+02  5.41169527e+02 -4.32210853e+01 
 5.84341413e+02  3.74225256e+02  5.84341413e+02 -4.65680747e+01 
 6.30957344e+02  3.73282183e+02  6.30957344e+02 -5.01565187e+01 
 6.81292069e+02  3.72188616e+02  6.81292069e+02 -5.39993348e+01 
 7.35642254e+02  3.70921662e+02  7.35642254e+02 -5.81089506e+01 
 7.94328235e+02  3.69455334e+02  7.94328235e+02 -6.24969247e+01 
 8.57695899e+02  3.67760270e+02  8.57695899e+02 -6.71734741e+01 
 9.26118728e+02  3.65803477e+02  9.26118728e+02 -7.21468897e+01 
 1.00000000e+03  3.63548115e+02  1.00000000e+03 -7.74228294e+01 
 1.07977516e+03  3.60953369e+02  1.07977516e+03 -8.30034731e+01 
 1.16591440e+03  3.57974429e+02  1.16591440e+03 -8.88865342e+01 
 1.25892541e+03  3.54562640e+02  1.25892541e+03 -9.50641239e+01 
 1.35935639e+03  3.50665876e+02  1.35935639e+03 -1.01521483e+02 
 1.46779927e+03  3.46229200e+02  1.46779927e+03 -1.08235603e+02 
 1.58489319e+03  3.41195893e+02  1.58489319e+03 -1.15173797e+02 
 1.71132830e+03  3.35508905e+02  1.71132830e+03 -1.22292284e+02 
 1.84784980e+03  3.29112801e+02  1.84784980e+03 -1.29534918e+02 
 1.99526231e+03  3.21956233e+02  1.99526231e+03 -1.36832187e+02 
 2.15443469e+03  3.13994933e+02  2.15443469e+03 -1.44100698e+02 
 2.32630507e+03  3.05195150e+02  2.32630507e+03 -1.51243314e+02 
 2.51188643e+03  2.95537407e+02  2.51188643e+03 -1.58150198e+02 
 2.71227258e+03  2.85020318e+02  2.71227258e+03 -1.64700927e+02 
 2.92864456e+03  2.73664149e+02  2.92864456e+03 -1.70767802e+02 
 3.16227766e+03  2.61513710e+02  3.16227766e+03 -1.76220379e+02 
 3.41454887e+03  2.48640133e+02  3.41454887e+03 -1.80931078e+02 
 3.68694506e+03  2.35141128e+02  3.68694506e+03 -1.84781549e+02 
 3.98107171e+03  2.21139390e+02  3.98107171e+03 -1.87669315e+02 
 4.29866235e+03  2.06779045e+02  4.29866235e+03 -1.89514063e+02 
 4.64158883e+03  1.92220235e+02  4.64158883e+03 -1.90262914e+02 
 5.01187234e+03  1.77632230e+02  5.01187234e+03 -1.89894046e+02 
 5.41169527e+03  1.63185657e+02  5.41169527e+03 -1.88418233e+02 
 5.84341413e+03  1.49044600e+02  5.84341413e+03 -1.85878080e+02 
 6.30957344e+03  1.35359337e+02  6.30957344e+03 -1.82345071e+02 
 6.81292069e+03  1.22260362e+02  6.81292069e+03 -1.77914802e+02 
 7.35642254e+03  1.09854176e+02  7.35642254e+03 -1.72700954e+02 
 7.94328235e+03  9.82210256e+01  7.94328235e+03 -1.66828704e+02 
 8.57695899e+03  8.74145601e+01  8.57695899e+03 -1.60428195e+02 
 9.26118728e+03  7.74631300e+01  9.26118728e+03 -1.53628628e+02 
 1.00000000e+04  6.83723523e+01  1.00000000e+04 -1.46553339e+02 
 1.07977516e+04  6.01284903e+01  1.07977516e+04 -1.39316070e+02 
 1.16591440e+04  5.27022271e+01  1.16591440e+04 -1.32018450e+02 
 1.25892541e+04  4.60524717e+01  1.25892541e+04 -1.24748612e+02 
 1.35935639e+04  4.01299277e+01  1.35935639e+04 -1.17580769e+02 
 1.46779927e+04  3.48802490e+01  1.46779927e+04 -1.10575527e+02 
 1.58489319e+04  3.02466918e+01  1.58489319e+04 -1.03780748e+02 
 1.71132830e+04  2.61722363e+01  1.71132830e+04 -9.72327451e+01 
 1.84784980e+04  2.26012034e+01  1.84784980e+04 -9.09576613e+01 
 1.99526231e+04  1.94804185e+01  1.99526231e+04 -8.49729074e+01 
 2.15443469e+04  1.67599887e+01  2.15443469e+04 -7.92885639e+01 
 2.32630507e+04  1.43937675e+01  2.32630507e+04 -7.39086911e+01 
 2.51188643e+04  1.23395724e+01  2.51188643e+04 -6.88325117e+01 
 2.71227258e+04  1.05592198e+01  2.71227258e+04 -6.40554499e+01 
 2.92864456e+04  9.01842567e+00  2.92864456e+04 -5.95700250e+01 
 3.16227766e+04  7.68661797e+00  3.16227766e+04 -5.53666038e+01 
 3.41454887e+04  6.53669118e+00  3.41454887e+04 -5.14340252e+01 
 3.68694506e+04  5.54473037e+00  3.68694506e+04 -4.77601095e+01 
 3.98107171e+04  4.68972275e+00  3.98107171e+04 -4.43320676e+01 
 4.29866235e+04  3.95327033e+00  4.29866235e+04 -4.11368252e+01 
 4.64158883e+04  3.31931261e+00  4.64158883e+04 -3.81612747e+01 
 5.01187234e+04  2.77386537e+00  5.01187234e+04 -3.53924682e+01 
 5.41169527e+04  2.30477869e+00  5.41169527e+04 -3.28177613e+01 
 5.84341413e+04  1.90151596e+00  5.84341413e+04 -3.04249178e+01 
 6.30957344e+04  1.55495412e+00  6.30957344e+04 -2.82021827e+01 
 6.81292069e+04  1.25720480e+00  6.81292069e+04 -2.61383298e+01 
 7.35642254e+04  1.00145512e+00  7.35642254e+04 -2.42226905e+01 
 7.94328235e+04  7.81826880e-01  7.94328235e+04 -2.24451664e+01 
 8.57695899e+04  5.93252722e-01  8.57695899e+04 -2.07962312e+01 
 9.26118728e+04  4.31367429e-01  9.26118728e+04 -1.92669227e+01 
 1.00000000e+05  2.92413017e-01  1.00000000e+05 -1.78488300e+01 
 1.07977516e+05  1.73156021e-01  1.07977516e+05 -1.65340744e+01 
 1.16591440e+05  7.08155812e-02  1.16591440e+05 -1.53152885e+01 
 1.25892541e+05 -1.69989348e-02  1.25892541e+05 -1.41855924e+01 
 1.35935639e+05 -9.23419616e-02  1.35935639e+05 -1.31385694e+01 
 1.46779927e+05 -1.56978461e-01  1.46779927e+05 -1.21682402e+01 
 1.58489319e+05 -2.12424281e-01  1.58489319e+05 -1.12690386e+01 
 1.71132830e+05 -2.59980976e-01  1.71132830e+05 -1.04357861e+01 
 1.84784980e+05 -3.00765830e-01  1.84784980e+05 -9.66366824e+00 
 1.99526231e+05 -3.35737703e-01  1.99526231e+05 -8.94821084e+00 
 2.15443469e+05 -3.65719293e-01  2.15443469e+05 -8.28525815e+00 
 2.32630507e+05 -3.91416268e-01  2.32630507e+05 -7.67095131e+00 
 2.51188643e+05 -4.13433722e-01  2.51188643e+05 -7.10170831e+00 
 2.71227258e+05 -4.32290309e-01  2.71227258e+05 -6.57420486e+00 
 2.92864456e+05 -4.48430375e-01  2.92864456e+05 -6.08535645e+00 
 3.16227766e+05 -4.62234363e-01  3.16227766e+05 -5.63230149e+00 
 3.41454887e+05 -4.74027744e-01  3.41454887e+05 -5.21238546e+00 
 3.68694506e+05 -4.84088652e-01  3.68694506e+05 -4.82314610e+00 
 3.98107171e+05 -4.92654427e-01  3.98107171e+05 -4.46229962e+00 
 4.29866235e+05 -4.99927193e-01  4.29866235e+05 -4.12772772e+00 
 4.64158883e+05 -5.06078626e-01  4.64158883e+05 -3.81746560e+00 
 5.01187234e+05 -5.11253998e-01  5.01187234e+05 -3.52969074e+00 
 5.41169527e+05 -5.15575614e-01  5.41169527e+05 -3.26271250e+00 
 5.84341413e+05 -5.19145708e-01  5.84341413e+05 -3.01496242e+00 
 6.30957344e+05 -5.22048877e-01  6.30957344e+05 -2.78498527e+00 
 6.81292069e+05 -5.24354103e-01  6.81292069e+05 -2.57143070e+00 
 7.35642254e+05 -5.26116428e-01  7.35642254e+05 -2.37304559e+00 
 7.94328235e+05 -5.27378305e-01  7.94328235e+05 -2.18866689e+00 
 8.57695899e+05 -5.28170679e-01  8.57695899e+05 -2.01721513e+00 
 9.26118728e+05 -5.28513826e-01  9.26118728e+05 -1.85768840e+00 
 1.00000000e+06 -5.28417969e-01  1.00000000e+06 -1.70915686e+00 
 1.07977516e+06 -5.27883712e-01  1.07977516e+06 -1.57075778e+00 
 1.16591440e+06 -5.26902310e-01  1.16591440e+06 -1.44169103e+00 
 1.25892541e+06 -5.25455803e-01  1.25892541e+06 -1.32121512e+00 
 1.35935639e+06 -5.23517045e-01  1.35935639e+06 -1.20864365e+00 
 1.46779927e+06 -5.21049663e-01  1.46779927e+06 -1.10334235e+00 
 1.58489319e+06 -5.18007991e-01  1.58489319e+06 -1.00472653e+00 
 1.71132830e+06 -5.14337032e-01  1.71132830e+06 -9.12259144e-01 
 1.84784980e+06 -5.09972510e-01  1.84784980e+06 -8.25449240e-01 
 1.99526231e+06 -5.04841111e-01  1.99526231e+06 -7.43851078e-01 
 2.15443469e+06 -4.98861001e-01  2.15443469e+06 -6.67063671e-01 
 2.32630507e+06 -4.91942763e-01  2.32630507e+06 -5.94730850e-01 
 2.51188643e+06 -4.83990877e-01  2.51188643e+06 -5.26541748e-01 
 2.71227258e+06 -4.74905936e-01  2.71227258e+06 -4.62231609e-01 
 2.92864456e+06 -4.64587733e-01  2.92864456e+06 -4.01582767e-01 
 3.16227766e+06 -4.52939397e-01  3.16227766e+06 -3.44425532e-01 
 3.41454887e+06 -4.39872690e-01  3.41454887e+06 -2.90638689e-01 
 3.68694506e+06 -4.25314504e-01  3.68694506e+06 -2.40149173e-01 
 3.98107171e+06 -4.09214469e-01  3.98107171e+06 -1.92930431e-01 
 4.29866235e+06 -3.91553422e-01  4.29866235e+06 -1.48998920e-01 
 4.64158883e+06 -3.72352239e-01  4.64158883e+06 -1.08408212e-01 
 5.01187234e+06 -3.51680275e-01  5.01187234e+06 -7.12402642e-02 
 5.41169527e+06 -3.29662415e-01  5.41169527e+06 -3.75936608e-02 
 5.84341413e+06 -3.06483539e-01  5.84341413e+06 -7.56898411e-03 
 6.30957344e+06 -2.82389161e-01  6.30957344e+06  1.87480335e-02 
 6.81292069e+06 -2.57681172e-01  6.81292069e+06  4.13043695e-02 
 7.35642254e+06 -2.32708044e-01  7.35642254e+06  6.00968668e-02 
 7.94328235e+06 -2.07849558e-01  7.94328235e+06  7.51866296e-02 
 8.57695899e+06 -1.83496976e-01  8.57695899e+06  8.67085887e-02 
 9.26118728e+06 -1.60030456e-01  9.26118728e+06  9.48745556e-02 
 1.00000000e+07 -1.37796185e-01  1.00000000e+07  9.99688821e-02 
 1.07977516e+07 -1.17085972e-01  1.07977516e+07  1.02336921e-01 
 1.16591440e+07 -9.81217919e-02  1.16591440e+07  1.02367610e-01 
 1.25892541e+07 -8.10470258e-02  1.25892541e+07  1.00472426e-01 
 1.35935639e+07 -6.59250554e-02  1.35935639e+07  9.70634255e-02 
 1.46779927e+07 -5.27447314e-02  1.46779927e+07  9.25330252e-02 
 1.58489319e+07 -4.14312641e-02  1.58489319e+07  8.72376539e-02 
 1.71132830e+07 -3.18605200e-02  1.71132830e+07  8.14865156e-02 
 1.84784980e+07 -2.38745793e-02  1.84784980e+07  7.55357947e-02 
 1.99526231e+07 -1.72966779e-02  1.99526231e+07  6.95878178e-02 
 2.15443469e+07 -1.19441660e-02  2.15443469e+07  6.37941468e-02 
 2.32630507e+07 -7.63872012e-03  2.32630507e+07  5.82613402e-02 
 2.51188643e+07 -4.21358781e-03  2.51188643e+07  5.30581397e-02 
 2.71227258e+07 -1.51806269e-03  2.71227258e+07  4.82230369e-02 
 2.92864456e+07  5.80361461e-04  2.92864456e+07  4.37714590e-02 
 3.16227766e+07  2.19560110e-03  3.16227766e+07  3.97021014e-02 
 3.41454887e+07  3.42380640e-03  3.41454887e+07  3.60021883e-02 
 3.68694506e+07  4.34491807e-03  3.68694506e+07  3.26516242e-02 
 3.98107171e+07  5.02458185e-03  3.98107171e+07  2.96261272e-02 
 4.29866235e+07  5.51615283e-03  4.29866235e+07  2.68994907e-02 
 4.64158883e+07  5.86261766e-03  4.64158883e+07  2.44451483e-02 
 5.01187234e+07  6.09833930e-03  5.01187234e+07  2.22372045e-02 
 5.41169527e+07  6.25058327e-03  5.41169527e+07  2.02510767e-02 
 5.84341413e+07  6.34082033e-03  5.84341413e+07  1.84638604e-02 
 6.30957344e+07  6.38582065e-03  6.30957344e+07  1.68545076e-02 
 6.81292069e+07  6.39856355e-03  6.81292069e+07  1.54038787e-02 
 7.35642254e+07  6.38898940e-03  7.35642254e+07  1.40947131e-02 
 7.94328235e+07  6.36461845e-03  7.94328235e+07  1.29115479e-02 
 8.57695899e+07  6.33105831e-03  8.57695899e+07  1.18406050e-02 
 9.26118728e+07  6.29241843e-03  9.26118728e+07  1.08696607e-02 
 1.00000000e+08  6.25164652e-03  1.00000000e+08  9.98790592e-03 
 1.07977516e+08  6.21079987e-03  1.07977516e+08  9.18580663e-03 
 1.16591440e+08  6.17126213e-03  1.16591440e+08  8.45496652e-03 
 1.25892541e+08  6.13391487e-03  1.25892541e+08  7.78799717e-03 
 1.35935639e+08  6.09927184e-03  1.35935639e+08  7.17839725e-03 
 1.46779927e+08  6.06758275e-03  1.46779927e+08  6.62044218e-03 
 1.58489319e+08  6.03891255e-03  1.58489319e+08  6.10908483e-03 
 1.71132830e+08  6.01320117e-03  1.71132830e+08  5.63986734e-03 
 1.84784980e+08  5.99030770e-03  1.84784980e+08  5.20884347e-03 
 1.99526231e+08  5.97004283e-03  1.99526231e+08  4.81251090e-03 
 2.15443469e+08  5.95219187e-03  2.15443469e+08  4.44775262e-03 
 2.32630507e+08  5.93653099e-03  2.32630507e+08  4.11178633e-03 
 2.51188643e+08  5.92283816e-03  2.51188643e+08  3.80212110e-03 
 2.71227258e+08  5.91090029e-03  2.71227258e+08  3.51652015e-03 
 2.92864456e+08  5.90051758e-03  2.92864456e+08  3.25296907e-03 
 3.16227766e+08  5.89150591e-03  3.16227766e+08  3.00964866e-03 
 3.41454887e+08  5.88369782e-03  3.41454887e+08  2.78491164e-03 
 3.68694506e+08  5.87694253e-03  3.68694506e+08  2.57726271e-03 
 3.98107171e+08  5.87110543e-03  3.98107171e+08  2.38534147e-03 
 4.29866235e+08  5.86606713e-03  4.29866235e+08  2.20790763e-03 
 4.64158883e+08  5.86172229e-03  4.64158883e+08  2.04382828e-03 
 5.01187234e+08  5.85797839e-03  5.01187234e+08  1.89206684e-03 
 5.41169527e+08  5.85475446e-03  5.41169527e+08  1.75167341e-03 
 5.84341413e+08  5.85197987e-03  5.84341413e+08  1.62177632e-03 
 6.30957344e+08  5.84959316e-03  6.30957344e+08  1.50157480e-03 
 6.81292069e+08  5.84754096e-03  6.81292069e+08  1.39033236e-03 
 7.35642254e+08  5.84577702e-03  7.35642254e+08  1.28737104e-03 
 7.94328235e+08  5.84426131e-03  7.94328235e+08  1.19206624e-03 
 8.57695899e+08  5.84295925e-03  8.57695899e+08  1.10384213e-03 
 9.26118728e+08  5.84184097e-03  9.26118728e+08  1.02216749e-03 
 1.00000000e+09  5.84088071e-03  1.00000000e+09  9.46551998e-04 
 1.07977516e+09  5.84005629e-03  1.07977516e+09  8.76542890e-04 
 1.16591440e+09  5.83934858e-03  1.16591440e+09  8.11721889e-04 
 1.25892541e+09  5.83874114e-03  1.25892541e+09  7.51702459e-04 
 1.35935639e+09  5.83821981e-03  1.35935639e+09  6.96127284e-04 
 1.46779927e+09  5.83777243e-03  1.46779927e+09  6.44665974e-04 
 1.58489319e+09  5.83738854e-03  1.58489319e+09  5.97012969e-04 
 1.71132830e+09  5.83705915e-03  1.71132830e+09  5.52885616e-04 
 1.84784980e+09  5.83677653e-03  1.84784980e+09  5.12022411e-04 
 1.99526231e+09  5.83653406e-03  1.99526231e+09  4.74181379e-04 
 2.15443469e+09  5.83632605e-03  2.15443469e+09  4.39138592e-04 
 2.32630507e+09  5.83614760e-03  2.32630507e+09  4.06686798e-04 
 2.51188643e+09  5.83599451e-03  2.51188643e+09  3.76634162e-04 
 2.71227258e+09  5.83586319e-03  2.71227258e+09  3.48803107e-04 
 2.92864456e+09  5.83575054e-03  2.92864456e+09  3.23029242e-04 
 3.16227766e+09  5.83565391e-03  3.16227766e+09  2.99160374e-04 
 3.41454887e+09  5.83557103e-03  3.41454887e+09  2.77055597e-04 
 3.68694506e+09  5.83549993e-03  3.68694506e+09  2.56584448e-04 
 3.98107171e+09  5.83543894e-03  3.98107171e+09  2.37626131e-04 
 4.29866235e+09  5.83538663e-03  4.29866235e+09  2.20068793e-04 
 4.64158883e+09  5.83534177e-03  4.64158883e+09  2.03808864e-04 
 5.01187234e+09  5.83530328e-03  5.01187234e+09  1.88750438e-04 
 5.41169527e+09  5.83527027e-03  5.41169527e+09  1.74804706e-04 
 5.84341413e+09  5.83524196e-03  5.84341413e+09  1.61889427e-04 
 6.30957344e+09  5.83521767e-03  6.30957344e+09  1.49928445e-04 
 6.81292069e+09  5.83519684e-03  6.81292069e+09  1.38851235e-04 
 7.35642254e+09  5.83517898e-03  7.35642254e+09  1.28592487e-04 
 7.94328235e+09  5.83516365e-03  7.94328235e+09  1.19091717e-04 
 8.57695899e+09  5.83515051e-03  8.57695899e+09  1.10292917e-04 
 9.26118728e+09  5.83513924e-03  9.26118728e+09  1.02144214e-04 
 1.00000000e+10  5.83512957e-03  1.00000000e+10  9.45975728e-05 
