 1.00000000e+00  8.05195523e+02  1.00000000e+00 -7.89838939e-02 
 1.07977516e+00  8.05195522e+02  1.07977516e+00 -8.52848467e-02 
 1.16591440e+00  8.05195520e+02  1.16591440e+00 -9.20884590e-02 
 1.25892541e+00  8.05195518e+02  1.25892541e+00 -9.94348306e-02 
 1.35935639e+00  8.05195516e+02  1.35935639e+00 -1.07367260e-01 
 1.46779927e+00  8.05195514e+02  1.46779927e+00 -1.15932500e-01 
 1.58489319e+00  8.05195511e+02  1.58489319e+00 -1.25181034e-01 
 1.71132830e+00  8.05195508e+02  1.71132830e+00 -1.35167371e-01 
 1.84784980e+00  8.05195504e+02  1.84784980e+00 -1.45950369e-01 
 1.99526231e+00  8.05195500e+02  1.99526231e+00 -1.57593582e-01 
 2.15443469e+00  8.05195495e+02  2.15443469e+00 -1.70165635e-01 
 2.32630507e+00  8.05195489e+02  2.32630507e+00 -1.83740625e-01 
 2.51188643e+00  8.05195482e+02  2.51188643e+00 -1.98398561e-01 
 2.71227258e+00  8.05195474e+02  2.71227258e+00 -2.14225836e-01 
 2.92864456e+00  8.05195464e+02  2.92864456e+00 -2.31315735e-01 
 3.16227766e+00  8.05195453e+02  3.16227766e+00 -2.49768982e-01 
 3.41454887e+00  8.05195440e+02  3.41454887e+00 -2.69694338e-01 
 3.68694506e+00  8.05195425e+02  3.68694506e+00 -2.91209242e-01 
 3.98107171e+00  8.05195408e+02  3.98107171e+00 -3.14440500e-01 
 4.29866235e+00  8.05195388e+02  4.29866235e+00 -3.39525034e-01 
 4.64158883e+00  8.05195364e+02  4.64158883e+00 -3.66610688e-01 
 5.01187234e+00  8.05195336e+02  5.01187234e+00 -3.95857101e-01 
 5.41169527e+00  8.05195304e+02  5.41169527e+00 -4.27436648e-01 
 5.84341413e+00  8.05195266e+02  5.84341413e+00 -4.61535455e-01 
 6.30957344e+00  8.05195223e+02  6.30957344e+00 -4.98354494e-01 
 6.81292069e+00  8.05195172e+02  6.81292069e+00 -5.38110770e-01 
 7.35642254e+00  8.05195112e+02  7.35642254e+00 -5.81038601e-01 
 7.94328235e+00  8.05195042e+02  7.94328235e+00 -6.27390996e-01 
 8.57695899e+00  8.05194961e+02  8.57695899e+00 -6.77441147e-01 
 9.26118728e+00  8.05194867e+02  9.26118728e+00 -7.31484038e-01 
 1.00000000e+01  8.05194757e+02  1.00000000e+01 -7.89838188e-01 
 1.07977516e+01  8.05194629e+02  1.07977516e+01 -8.52847522e-01 
 1.16591440e+01  8.05194479e+02  1.16591440e+01 -9.20883401e-01 
 1.25892541e+01  8.05194304e+02  1.25892541e+01 -9.94346808e-01 
 1.35935639e+01  8.05194101e+02  1.35935639e+01 -1.07367072e+00 
 1.46779927e+01  8.05193864e+02  1.46779927e+01 -1.15932263e+00 
 1.58489319e+01  8.05193587e+02  1.58489319e+01 -1.25180735e+00 
 1.71132830e+01  8.05193265e+02  1.71132830e+01 -1.35166995e+00 
 1.84784980e+01  8.05192889e+02  1.84784980e+01 -1.45949895e+00 
 1.99526231e+01  8.05192450e+02  1.99526231e+01 -1.57592986e+00 
 2.15443469e+01  8.05191939e+02  2.15443469e+01 -1.70164885e+00 
 2.32630507e+01  8.05191343e+02  2.32630507e+01 -1.83739680e+00 
 2.51188643e+01  8.05190649e+02  2.51188643e+01 -1.98397372e+00 
 2.71227258e+01  8.05189839e+02  2.71227258e+01 -2.14224339e+00 
 2.92864456e+01  8.05188894e+02  2.92864456e+01 -2.31313850e+00 
 3.16227766e+01  8.05187793e+02  3.16227766e+01 -2.49766609e+00 
 3.41454887e+01  8.05186510e+02  3.41454887e+01 -2.69691351e+00 
 3.68694506e+01  8.05185013e+02  3.68694506e+01 -2.91205482e+00 
 3.98107171e+01  8.05183268e+02  3.98107171e+01 -3.14435766e+00 
 4.29866235e+01  8.05181233e+02  4.29866235e+01 -3.39519073e+00 
 4.64158883e+01  8.05178861e+02  4.64158883e+01 -3.66603184e+00 
 5.01187234e+01  8.05176095e+02  5.01187234e+01 -3.95847654e+00 
 5.41169527e+01  8.05172871e+02  5.41169527e+01 -4.27424756e+00 
 5.84341413e+01  8.05169111e+02  5.84341413e+01 -4.61520483e+00 
 6.30957344e+01  8.05164728e+02  6.30957344e+01 -4.98335645e+00 
 6.81292069e+01  8.05159618e+02  6.81292069e+01 -5.38087041e+00 
 7.35642254e+01  8.05153660e+02  7.35642254e+01 -5.81008729e+00 
 7.94328235e+01  8.05146713e+02  7.94328235e+01 -6.27353389e+00 
 8.57695899e+01  8.05138614e+02  8.57695899e+01 -6.77393802e+00 
 9.26118728e+01  8.05129172e+02  9.26118728e+01 -7.31424436e+00 
 1.00000000e+02  8.05118163e+02  1.00000000e+02 -7.89763155e+00 
 1.07977516e+02  8.05105328e+02  1.07977516e+02 -8.52753062e+00 
 1.16591440e+02  8.05090364e+02  1.16591440e+02 -9.20764485e+00 
 1.25892541e+02  8.05072918e+02  1.25892541e+02 -9.94197105e+00 
 1.35935639e+02  8.05052578e+02  1.35935639e+02 -1.07348225e+01 
 1.46779927e+02  8.05028866e+02  1.46779927e+02 -1.15908538e+01 
 1.58489319e+02  8.05001220e+02  1.58489319e+02 -1.25150868e+01 
 1.71132830e+02  8.04968990e+02  1.71132830e+02 -1.35129396e+01 
 1.84784980e+02  8.04931416e+02  1.84784980e+02 -1.45902563e+01 
 1.99526231e+02  8.04887613e+02  1.99526231e+02 -1.57533402e+01 
 2.15443469e+02  8.04836547e+02  2.15443469e+02 -1.70089877e+01 
 2.32630507e+02  8.04777018e+02  2.32630507e+02 -1.83645259e+01 
 2.51188643e+02  8.04707622e+02  2.51188643e+02 -1.98278513e+01 
 2.71227258e+02  8.04626728e+02  2.71227258e+02 -2.14074720e+01 
 2.92864456e+02  8.04532434e+02  2.92864456e+02 -2.31125512e+01 
 3.16227766e+02  8.04422522e+02  3.16227766e+02 -2.49529538e+01 
 3.41454887e+02  8.04294412e+02  3.41454887e+02 -2.69392945e+01 
 3.68694506e+02  8.04145098e+02  3.68694506e+02 -2.90829881e+01 
 3.98107171e+02  8.03971081e+02  3.98107171e+02 -3.13963015e+01 
 4.29866235e+02  8.03768286e+02  4.29866235e+02 -3.38924067e+01 
 4.64158883e+02  8.03531975e+02  4.64158883e+02 -3.65854338e+01 
 5.01187234e+02  8.03256630e+02  5.01187234e+02 -3.94905239e+01 
 5.41169527e+02  8.02935841e+02  5.41169527e+02 -4.26238803e+01 
 5.84341413e+02  8.02562150e+02  5.84341413e+02 -4.60028158e+01 
 6.30957344e+02  8.02126897e+02  6.30957344e+02 -4.96457947e+01 
 6.81292069e+02  8.01620024e+02  6.81292069e+02 -5.35724667e+01 
 7.35642254e+02  8.01029861e+02  7.35642254e+02 -5.78036884e+01 
 7.94328235e+02  8.00342877e+02  7.94328235e+02 -6.23615294e+01 
 8.57695899e+02  7.99543395e+02  8.57695899e+02 -6.72692562e+01 
 9.26118728e+02  7.98613281e+02  9.26118728e+02 -7.25512870e+01 
 1.00000000e+03  7.97531572e+02  1.00000000e+03 -7.82331102e+01 
 1.07977516e+03  7.96274080e+02  1.07977516e+03 -8.43411544e+01 
 1.16591440e+03  7.94812944e+02  1.16591440e+03 -9.09025979e+01 
 1.25892541e+03  7.93116132e+02  1.25892541e+03 -9.79451028e+01 
 1.35935639e+03  7.91146907e+02  1.35935639e+03 -1.05496454e+02 
 1.46779927e+03  7.88863254e+02  1.46779927e+03 -1.13584084e+02 
 1.58489319e+03  7.86217277e+02  1.58489319e+03 -1.22234457e+02 
 1.71132830e+03  7.83154590e+02  1.71132830e+03 -1.31472280e+02 
 1.84784980e+03  7.79613710e+02  1.84784980e+03 -1.41319530e+02 
 1.99526231e+03  7.75525509e+02  1.99526231e+03 -1.51794231e+02 
 2.15443469e+03  7.70812751e+02  2.15443469e+03 -1.62908989e+02 
 2.32630507e+03  7.65389792e+02  2.32630507e+03 -1.74669233e+02 
 2.51188643e+03  7.59162517e+02  2.51188643e+03 -1.87071141e+02 
 2.71227258e+03  7.52028615e+02  2.71227258e+03 -2.00099277e+02 
 2.92864456e+03  7.43878316e+02  2.92864456e+03 -2.13723919e+02 
 3.16227766e+03  7.34595733e+02  3.16227766e+03 -2.27898163e+02 
 3.41454887e+03  7.24060946e+02  3.41454887e+03 -2.42554896e+02 
 3.68694506e+03  7.12152991e+02  3.68694506e+03 -2.57603787e+02 
 3.98107171e+03  6.98753875e+02  3.98107171e+03 -2.72928547e+02 
 4.29866235e+03  6.83753704e+02  4.29866235e+03 -2.88384746e+02 
 4.64158883e+03  6.67056912e+02  4.64158883e+03 -3.03798589e+02 
 5.01187234e+03  6.48589476e+02  5.01187234e+03 -3.18967066e+02 
 5.41169527e+03  6.28306813e+02  5.41169527e+03 -3.33659945e+02 
 5.84341413e+03  6.06201892e+02  5.84341413e+03 -3.47624017e+02 
 6.30957344e+03  5.82312866e+02  6.30957344e+03 -3.60589860e+02 
 6.81292069e+03  5.56729374e+02  6.81292069e+03 -3.72281191e+02 
 7.35642254e+03  5.29596586e+02  7.35642254e+03 -3.82426545e+02 
 7.94328235e+03  5.01116089e+02  7.94328235e+03 -3.90772651e+02 
 8.57695899e+03  4.71542919e+02  8.57695899e+03 -3.97098498e+02 
 9.26118728e+03  4.41178432e+02  9.26118728e+03 -4.01228804e+02 
 1.00000000e+04  4.10359197e+02  1.00000000e+04 -4.03045452e+02 
 1.07977516e+04  3.79442649e+02  1.07977516e+04 -4.02495559e+02 
 1.16591440e+04  3.48790749e+02  1.16591440e+04 -3.99595190e+02 
 1.25892541e+04  3.18753198e+02  1.25892541e+04 -3.94428220e+02 
 1.35935639e+04  2.89651849e+02  1.35935639e+04 -3.87140512e+02 
 1.46779927e+04  2.61767729e+02  1.46779927e+04 -3.77930129e+02 
 1.58489319e+04  2.35331720e+02  1.58489319e+04 -3.67034785e+02 
 1.71132830e+04  2.10519370e+02  1.71132830e+04 -3.54717922e+02 
 1.84784980e+04  1.87449778e+02  1.84784980e+04 -3.41254818e+02 
 1.99526231e+04  1.66188044e+02  1.99526231e+04 -3.26919894e+02 
 2.15443469e+04  1.46750484e+02  2.15443469e+04 -3.11976061e+02 
 2.32630507e+04  1.29111655e+02  2.32630507e+04 -2.96666555e+02 
 2.51188643e+04  1.13212316e+02  2.51188643e+04 -2.81209367e+02 
 2.71227258e+04  9.89675017e+01  2.71227258e+04 -2.65794083e+02 
 2.92864456e+04  8.62741608e+01  2.92864456e+04 -2.50580805e+02 
 3.16227766e+04  7.50179344e+01  3.16227766e+04 -2.35700690e+02 
 3.41454887e+04  6.50788833e+01  3.41454887e+04 -2.21257678e+02 
 3.68694506e+04  5.63360934e+01  3.68694506e+04 -2.07330965e+02 
 3.98107171e+04  4.86712008e+01  3.98107171e+04 -1.93977914e+02 
 4.29866235e+04  4.19709444e+01  4.29866235e+04 -1.81237086e+02 
 4.64158883e+04  3.61288875e+01  4.64158883e+04 -1.69131230e+02 
 5.01187234e+04  3.10464587e+01  5.01187234e+04 -1.57670078e+02 
 5.41169527e+04  2.66334598e+01  5.41169527e+04 -1.46852885e+02 
 5.84341413e+04  2.28081706e+01  5.84341413e+04 -1.36670652e+02 
 6.30957344e+04  1.94971639e+01  6.30957344e+04 -1.27108059e+02 
 6.81292069e+04  1.66349213e+01  6.81292069e+04 -1.18145078e+02 
 7.35642254e+04  1.41633235e+01  7.35642254e+04 -1.09758328e+02 
 7.94328235e+04  1.20310696e+01  7.94328235e+04 -1.01922174e+02 
 8.57695899e+04  1.01930673e+01  8.57695899e+04 -9.46096125e+01 
 9.26118728e+04  8.60982300e+00  9.26118728e+04 -8.77929774e+01 
 1.00000000e+05  7.24685147e+00  1.00000000e+05 -8.14444847e+01 
 1.07977516e+05  6.07411868e+00  1.07977516e+05 -7.55366537e+01 
 1.16591440e+05  5.06552506e+00  1.16591440e+05 -7.00426212e+01 
 1.25892541e+05  4.19843281e+00  1.25892541e+05 -6.49363700e+01 
 1.35935639e+05  3.45323840e+00  1.35935639e+05 -6.01928897e+01 
 1.46779927e+05  2.81298930e+00  1.46779927e+05 -5.57882827e+01 
 1.58489319e+05  2.26304277e+00  1.58489319e+05 -5.16998278e+01 
 1.71132830e+05  1.79076395e+00  1.71132830e+05 -4.79060108e+01 
 1.84784980e+05  1.38525999e+00  1.84784980e+05 -4.43865292e+01 
 1.99526231e+05  1.03714690e+00  1.99526231e+05 -4.11222790e+01 
 2.15443469e+05  7.38345705e-01  2.15443469e+05 -3.80953262e+01 
 2.32630507e+05  4.81904847e-01  2.32630507e+05 -3.52888692e+01 
 2.51188643e+05  2.61845718e-01  2.51188643e+05 -3.26871938e+01 
 2.71227258e+05  7.30286585e-02  2.71227258e+05 -3.02756237e+01 
 2.92864456e+05 -8.89631224e-02  2.92864456e+05 -2.80404686e+01 
 3.16227766e+05 -2.27923940e-01  3.16227766e+05 -2.59689707e+01 
 3.41454887e+05 -3.47112355e-01  3.41454887e+05 -2.40492517e+01 
 3.68694506e+05 -4.49326000e-01  3.68694506e+05 -2.22702602e+01 
 3.98107171e+05 -5.36966078e-01  3.98107171e+05 -2.06217203e+01 
 4.29866235e+05 -6.12092908e-01  4.29866235e+05 -1.90940821e+01 
 4.64158883e+05 -6.76473736e-01  4.64158883e+05 -1.76784746e+01 
 5.01187234e+05 -7.31623833e-01  5.01187234e+05 -1.63666598e+01 
 5.41169527e+05 -7.78841828e-01  5.41169527e+05 -1.51509901e+01 
 5.84341413e+05 -8.19240030e-01  5.84341413e+05 -1.40243679e+01 
 6.30957344e+05 -8.53770457e-01  6.30957344e+05 -1.29802070e+01 
 6.81292069e+05 -8.83247141e-01  6.81292069e+05 -1.20123966e+01 
 7.35642254e+05 -9.08365230e-01  7.35642254e+05 -1.11152679e+01 
 7.94328235e+05 -9.29717323e-01  7.94328235e+05 -1.02835623e+01 
 8.57695899e+05 -9.47807418e-01  8.57695899e+05 -9.51240229e+00 
 9.26118728e+05 -9.63062799e-01  9.26118728e+05 -8.79726339e+00 
 1.00000000e+06 -9.75844143e-01  1.00000000e+06 -8.13394916e+00 
 1.07977516e+06 -9.86454073e-01  1.07977516e+06 -7.51856716e+00 
 1.16591440e+06 -9.95144385e-01  1.16591440e+06 -6.94750694e+00 
 1.25892541e+06 -1.00212211e+00  1.25892541e+06 -6.41741964e+00 
 1.35935639e+06 -1.00755457e+00  1.35935639e+06 -5.92519905e+00 
 1.46779927e+06 -1.01157357e+00  1.46779927e+06 -5.46796428e+00 
 1.58489319e+06 -1.01427878e+00  1.58489319e+06 -5.04304369e+00 
 1.71132830e+06 -1.01574058e+00  1.71132830e+06 -4.64796029e+00 
 1.84784980e+06 -1.01600224e+00  1.84784980e+06 -4.28041841e+00 
 1.99526231e+06 -1.01508171e+00  1.99526231e+06 -3.93829162e+00 
 2.15443469e+06 -1.01297303e+00  2.15443469e+06 -3.61961195e+00 
 2.32630507e+06 -1.00964750e+00  2.32630507e+06 -3.32256030e+00 
 2.51188643e+06 -1.00505471e+00  2.51188643e+06 -3.04545803e+00 
 2.71227258e+06 -9.99123584e-01  2.71227258e+06 -2.78675981e+00 
 2.92864456e+06 -9.91763509e-01  2.92864456e+06 -2.54504757e+00 
 3.16227766e+06 -9.82865867e-01  3.16227766e+06 -2.31902553e+00 
 3.41454887e+06 -9.72306044e-01  3.41454887e+06 -2.10751637e+00 
 3.68694506e+06 -9.59946198e-01  3.68694506e+06 -1.90945815e+00 
 3.98107171e+06 -9.45639017e-01  3.98107171e+06 -1.72390208e+00 
 4.29866235e+06 -9.29232681e-01  4.29866235e+06 -1.55001065e+00 
 4.64158883e+06 -9.10577245e-01  4.64158883e+06 -1.38705582e+00 
 5.01187234e+06 -8.89532554e-01  5.01187234e+06 -1.23441687e+00 
 5.41169527e+06 -8.65977702e-01  5.41169527e+06 -1.09157711e+00 
 5.84341413e+06 -8.39821842e-01  5.84341413e+06 -9.58119056e-01 
 6.30957344e+06 -8.11015928e-01  6.30957344e+06 -8.33717172e-01 
 6.81292069e+06 -7.79564703e-01  6.81292069e+06 -7.18127688e-01 
 7.35642254e+06 -7.45537908e-01  7.35642254e+06 -6.11175018e-01 
 7.94328235e+06 -7.09079523e-01  7.94328235e+06 -5.12734715e-01 
 8.57695899e+06 -6.70413659e-01  8.57695899e+06 -4.22713319e-01 
 9.26118728e+06 -6.29845827e-01  9.26118728e+06 -3.41026009e-01 
 1.00000000e+07 -5.87758602e-01  1.00000000e+07 -2.67573502e-01 
 1.07977516e+07 -5.44601255e-01  1.07977516e+07 -2.02220069e-01 
 1.16591440e+07 -5.00873626e-01  1.16591440e+07 -1.44774697e-01 
 1.25892541e+07 -4.57105358e-01  1.25892541e+07 -9.49773097e-02 
 1.35935639e+07 -4.13832268e-01  1.35935639e+07 -5.24914422e-02 
 1.46779927e+07 -3.71572115e-01  1.46779927e+07 -1.69040200e-02 
 1.58489319e+07 -3.30802085e-01  1.58489319e+07  1.22680070e-02 
 1.71132830e+07 -2.91940030e-01  1.71132830e+07  3.55652663e-02 
 1.84784980e+07 -2.55330909e-01  1.84784980e+07  5.35695173e-02 
 1.99526231e+07 -2.21239071e-01  1.99526231e+07  6.68851711e-02 
 2.15443469e+07 -1.89846266e-01  2.15443469e+07  7.61207474e-02 
 2.32630507e+07 -1.61254640e-01  2.32630507e+07  8.18719103e-02 
 2.51188643e+07 -1.35493548e-01  2.51188643e+07  8.47072214e-02 
 2.71227258e+07 -1.12528877e-01  2.71227258e+07  8.51572008e-02 
 2.92864456e+07 -9.22736372e-02  2.92864456e+07  8.37067838e-02 
 3.16227766e+07 -7.45987846e-02  3.16227766e+07  8.07908951e-02 
 3.41454887e+07 -5.93435343e-02  3.41454887e+07  7.67926299e-02 
 3.68694506e+07 -4.63247216e-02  3.68694506e+07  7.20434535e-02 
 3.98107171e+07 -3.53450102e-02  3.98107171e+07  6.68248535e-02 
 4.29866235e+07 -2.61999338e-02  4.29866235e+07  6.13709790e-02 
 4.64158883e+07 -1.86838583e-02  4.64158883e+07  5.58719229e-02 
 5.01187234e+07 -1.25949817e-02  5.01187234e+07  5.04774258e-02 
 5.41169527e+07 -7.73947996e-03  5.41169527e+07  4.53008680e-02 
 5.84341413e+07 -3.93486217e-03  5.84341413e+07  4.04234657e-02 
 6.30957344e+07 -1.01256624e-03  6.30957344e+07  3.58986011e-02 
 6.81292069e+07  1.18020109e-03  6.81292069e+07  3.17562029e-02 
 7.35642254e+07  2.77937129e-03  7.35642254e+07  2.80070679e-02 
 7.94328235e+07  3.90363841e-03  7.94328235e+07  2.46470015e-02 
 8.57695899e+07  4.65473572e-03  8.57695899e+07  2.16606478e-02 
 9.26118728e+07  5.11826362e-03  9.26118728e+07  1.90249022e-02 
 1.00000000e+08  5.36494122e-03  1.00000000e+08  1.67118272e-02 
 1.07977516e+08  5.45214175e-03  1.07977516e+08  1.46910338e-02 
 1.16591440e+08  5.42557557e-03  1.16591440e+08  1.29315342e-02 
 1.25892541e+08  5.32100167e-03  1.25892541e+08  1.14030996e-02 
 1.35935639e+08  5.16587329e-03  1.35935639e+08  1.00771884e-02 
 1.46779927e+08  4.98085134e-03  1.46779927e+08  8.92751617e-03 
 1.58489319e+08  4.78114656e-03  1.58489319e+08  7.93034607e-03 
 1.71132830e+08  4.57767364e-03  1.71132830e+08  7.06457241e-03 
 1.84784980e+08  4.37801798e-03  1.84784980e+08  6.31165970e-03 
 1.99526231e+08  4.18722783e-03  1.99526231e+08  5.65548951e-03 
 2.15443469e+08  4.00845054e-03  2.15443469e+08  5.08215453e-03 
 2.32630507e+08  3.84343540e-03  2.32630507e+08  4.57972883e-03 
 2.51188643e+08  3.69292493e-03  2.51188643e+08  4.13803412e-03 
 2.71227258e+08  3.55695525e-03  2.71227258e+08  3.74841479e-03 
 2.92864456e+08  3.43508368e-03  2.92864456e+08  3.40352912e-03 
 3.16227766e+08  3.32655881e-03  3.16227766e+08  3.09716044e-03 
 3.41454887e+08  3.23044576e-03  3.41454887e+08  2.82404953e-03 
 3.68694506e+08  3.14571674e-03  3.68694506e+08  2.57974795e-03 
 3.98107171e+08  3.07131521e-03  3.98107171e+08  2.36049112e-03 
 4.29866235e+08  3.00619998e-03  4.29866235e+08  2.16308952e-03 
 4.64158883e+08  2.94937428e-03  4.64158883e+08  1.98483602e-03 
 5.01187234e+08  2.89990382e-03  5.01187234e+08  1.82342754e-03 
 5.41169527e+08  2.85692675e-03  5.41169527e+08  1.67689909e-03 
 5.84341413e+08  2.81965793e-03  5.84341413e+08  1.54356849e-03 
 6.30957344e+08  2.78738913e-03  6.30957344e+08  1.42199024e-03 
 6.81292069e+08  2.75948669e-03  6.81292069e+08  1.31091712e-03 
 7.35642254e+08  2.73538735e-03  7.35642254e+08  1.20926828e-03 
 7.94328235e+08  2.71459322e-03  7.94328235e+08  1.11610283e-03 
 8.57695899e+08  2.69666614e-03  8.57695899e+08  1.03059785e-03 
 9.26118728e+08  2.68122204e-03  9.26118728e+08  9.52030334e-04 
 1.00000000e+09  2.66792533e-03  1.00000000e+09  8.79762110e-04 
 1.07977516e+09  2.65648357e-03  1.07977516e+09  8.13227385e-04 
 1.16591440e+09  2.64664252e-03  1.16591440e+09  7.51922397e-04 
 1.25892541e+09  2.63818161e-03  1.25892541e+09  6.95396805e-04 
 1.35935639e+09  2.63090974e-03  1.35935639e+09  6.43246494e-04 
 1.46779927e+09  2.62466164e-03  1.46779927e+09  5.95107561e-04 
 1.58489319e+09  2.61929454e-03  1.58489319e+09  5.50651255e-04 
 1.71132830e+09  2.61468519e-03  1.71132830e+09  5.09579712e-04 
 1.84784980e+09  2.61072736e-03  1.84784980e+09  4.71622332e-04 
 1.99526231e+09  2.60732948e-03  1.99526231e+09  4.36532700e-04 
 2.15443469e+09  2.60441274e-03  2.15443469e+09  4.04085947e-04 
 2.32630507e+09  2.60190929e-03  2.32630507e+09  3.74076475e-04 
 2.51188643e+09  2.59976079e-03  2.51188643e+09  3.46315995e-04 
 2.71227258e+09  2.59791708e-03  2.71227258e+09  3.20631809e-04 
 2.92864456e+09  2.59633503e-03  2.92864456e+09  2.96865322e-04 
 3.16227766e+09  2.59497759e-03  3.16227766e+09  2.74870721e-04 
 3.41454887e+09  2.59381294e-03  3.41454887e+09  2.54513813e-04 
 3.68694506e+09  2.59281375e-03  3.68694506e+09  2.35670993e-04 
 3.98107171e+09  2.59195653e-03  3.98107171e+09  2.18228324e-04 
 4.29866235e+09  2.59122115e-03  4.29866235e+09  2.02080714e-04 
 4.64158883e+09  2.59059031e-03  4.64158883e+09  1.87131172e-04 
 5.01187234e+09  2.59004915e-03  5.01187234e+09  1.73290143e-04 
 5.41169527e+09  2.58958494e-03  5.41169527e+09  1.60474903e-04 
 5.84341413e+09  2.58918675e-03  5.84341413e+09  1.48609006e-04 
 6.30957344e+09  2.58884519e-03  6.30957344e+09  1.37621794e-04 
 6.81292069e+09  2.58855221e-03  6.81292069e+09  1.27447933e-04 
 7.35642254e+09  2.58830090e-03  7.35642254e+09  1.18027002e-04 
 7.94328235e+09  2.58808535e-03  7.94328235e+09  1.09303112e-04 
 8.57695899e+09  2.58790045e-03  8.57695899e+09  1.01224557e-04 
 9.26118728e+09  2.58774187e-03  9.26118728e+09  9.37434946e-05 
 1.00000000e+10  2.58760584e-03  1.00000000e+10  8.68156488e-05 
