 1.00000000e+00  5.41156929e+04  1.00000000e+00 -2.89807574e+02 
 1.07977516e+00  5.41154354e+04  1.07977516e+00 -3.12925531e+02 
 1.16591440e+00  5.41151352e+04  1.16591440e+00 -3.37887342e+02 
 1.25892541e+00  5.41147852e+04  1.25892541e+00 -3.64840000e+02 
 1.35935639e+00  5.41143771e+04  1.35935639e+00 -3.93942200e+02 
 1.46779927e+00  5.41139014e+04  1.46779927e+00 -4.25365263e+02 
 1.58489319e+00  5.41133467e+04  1.58489319e+00 -4.59294137e+02 
 1.71132830e+00  5.41126999e+04  1.71132830e+00 -4.95928475e+02 
 1.84784980e+00  5.41119459e+04  1.84784980e+00 -5.35483788e+02 
 1.99526231e+00  5.41110669e+04  1.99526231e+00 -5.78192701e+02 
 2.15443469e+00  5.41100420e+04  2.15443469e+00 -6.24306293e+02 
 2.32630507e+00  5.41088471e+04  2.32630507e+00 -6.74095543e+02 
 2.51188643e+00  5.41074540e+04  2.51188643e+00 -7.27852885e+02 
 2.71227258e+00  5.41058299e+04  2.71227258e+00 -7.85893877e+02 
 2.92864456e+00  5.41039364e+04  2.92864456e+00 -8.48558993e+02 
 3.16227766e+00  5.41017290e+04  3.16227766e+00 -9.16215542e+02 
 3.41454887e+00  5.40991556e+04  3.41454887e+00 -9.89259728e+02 
 3.68694506e+00  5.40961554e+04  3.68694506e+00 -1.06811885e+03 
 3.98107171e+00  5.40926580e+04  3.98107171e+00 -1.15325364e+03 
 4.29866235e+00  5.40885808e+04  4.29866235e+00 -1.24516078e+03 
 4.64158883e+00  5.40838280e+04  4.64158883e+00 -1.34437554e+03 
 5.01187234e+00  5.40782876e+04  5.01187234e+00 -1.45147461e+03 
 5.41169527e+00  5.40718295e+04  5.41169527e+00 -1.56707907e+03 
 5.84341413e+00  5.40643017e+04  5.84341413e+00 -1.69185749e+03 
 6.30957344e+00  5.40555277e+04  6.30957344e+00 -1.82652923e+03 
 6.81292069e+00  5.40453016e+04  6.81292069e+00 -1.97186780e+03 
 7.35642254e+00  5.40333836e+04  7.35642254e+00 -2.12870436e+03 
 7.94328235e+00  5.40194950e+04  7.94328235e+00 -2.29793130e+03 
 8.57695899e+00  5.40033110e+04  8.57695899e+00 -2.48050578e+03 
 9.26118728e+00  5.39844541e+04  9.26118728e+00 -2.67745331e+03 
 1.00000000e+01  5.39624852e+04  1.00000000e+01 -2.88987109e+03 
 1.07977516e+01  5.39368939e+04  1.07977516e+01 -3.11893122e+03 
 1.16591440e+01  5.39070872e+04  1.16591440e+01 -3.36588340e+03 
 1.25892541e+01  5.38723768e+04  1.25892541e+01 -3.63205717e+03 
 1.35935639e+01  5.38319638e+04  1.35935639e+01 -3.91886318e+03 
 1.46779927e+01  5.37849223e+04  1.46779927e+01 -4.22779346e+03 
 1.58489319e+01  5.37301795e+04  1.58489319e+01 -4.56042008e+03 
 1.71132830e+01  5.36664947e+04  1.71132830e+01 -4.91839188e+03 
 1.84784980e+01  5.35924339e+04  1.84784980e+01 -5.30342857e+03 
 1.99526231e+01  5.35063432e+04  1.99526231e+01 -5.71731154e+03 
 2.15443469e+01  5.34063172e+04  2.15443469e+01 -6.16187048e+03 
 2.32630507e+01  5.32901668e+04  2.32630507e+01 -6.63896474e+03 
 2.51188643e+01  5.31553815e+04  2.51188643e+01 -7.15045823e+03 
 2.71227258e+01  5.29990918e+04  2.71227258e+01 -7.69818628e+03 
 2.92864456e+01  5.28180279e+04  2.92864456e+01 -8.28391297e+03 
 3.16227766e+01  5.26084786e+04  3.16227766e+01 -8.90927677e+03 
 3.41454887e+01  5.23662519e+04  3.41454887e+01 -9.57572279e+03 
 3.68694506e+01  5.20866376e+04  3.68694506e+01 -1.02844192e+04 
 3.98107171e+01  5.17643781e+04  3.98107171e+01 -1.10361559e+04 
 4.29866235e+01  5.13936499e+04  4.29866235e+01 -1.18312239e+04 
 4.64158883e+01  5.09680618e+04  4.64158883e+01 -1.26692739e+04 
 5.01187234e+01  5.04806770e+04  5.01187234e+01 -1.35491541e+04 
 5.41169527e+01  4.99240675e+04  5.41169527e+01 -1.44687292e+04 
 5.84341413e+01  4.92904097e+04  5.84341413e+01 -1.54246844e+04 
 6.30957344e+01  4.85716324e+04  6.30957344e+01 -1.64123211e+04 
 6.81292069e+01  4.77596254e+04  6.81292069e+01 -1.74253569e+04 
 7.35642254e+01  4.68465190e+04  7.35642254e+01 -1.84557452e+04 
 7.94328235e+01  4.58250381e+04  7.94328235e+01 -1.94935352e+04 
 8.57695899e+01  4.46889292e+04  8.57695899e+01 -2.05268006e+04 
 9.26118728e+01  4.34334527e+04  9.26118728e+01 -2.15416640e+04 
 1.00000000e+02  4.20559167e+04  1.00000000e+02 -2.25224492e+04 
 1.07977516e+02  4.05562203e+04  1.07977516e+02 -2.34519874e+04 
 1.16591440e+02  3.89373573e+04  1.16591440e+02 -2.43120943e+04 
 1.25892541e+02  3.72058231e+04  1.25892541e+02 -2.50842200e+04 
 1.35935639e+02  3.53718619e+04  1.35935639e+02 -2.57502509e+04 
 1.46779927e+02  3.34494937e+04  1.46779927e+02 -2.62934177e+04 
 1.58489319e+02  3.14562792e+04  1.58489319e+02 -2.66992396e+04 
 1.71132830e+02  2.94128052e+04  1.71132830e+02 -2.69564164e+04 
 1.84784980e+02  2.73419056e+04  1.84784980e+02 -2.70575704e+04 
 1.99526231e+02  2.52676767e+04  1.99526231e+02 -2.69997534e+04 
 2.15443469e+02  2.32143696e+04  2.15443469e+02 -2.67846538e+04 
 2.32630507e+02  2.12052679e+04  2.32630507e+02 -2.64184774e+04 
 2.51188643e+02  1.92616597e+04  2.51188643e+02 -2.59115182e+04 
 2.71227258e+02  1.74019953e+04  2.71227258e+02 -2.52774717e+04 
 2.92864456e+02  1.56412974e+04  2.92864456e+02 -2.45325751e+04 
 3.16227766e+02  1.39908494e+04  3.16227766e+02 -2.36946681e+04 
 3.41454887e+02  1.24581547e+04  3.41454887e+02 -2.27822665e+04 
 3.68694506e+02  1.10471292e+04  3.68694506e+02 -2.18137259e+04 
 3.98107171e+02  9.75847036e+03  3.98107171e+02 -2.08065474e+04 
 4.29866235e+02  8.59014103e+03  4.29866235e+02 -1.97768523e+04 
 4.64158883e+02  7.53790691e+03  4.64158883e+02 -1.87390308e+04 
 5.01187234e+02  6.59587715e+03  5.01187234e+02 -1.77055496e+04 
 5.41169527e+02  5.75701028e+03  5.41169527e+02 -1.66868955e+04 
 5.84341413e+02  5.01356070e+03  5.84341413e+02 -1.56916239e+04 
 6.30957344e+02  4.35745319e+03  6.30957344e+02 -1.47264828e+04 
 6.81292069e+02  3.78058222e+03  6.81292069e+02 -1.37965838e+04 
 7.35642254e+02  3.27503952e+03  7.35642254e+02 -1.29055998e+04 
 7.94328235e+02  2.83327750e+03  7.94328235e+02 -1.20559682e+04 
 8.57695899e+02  2.44821821e+03  8.57695899e+02 -1.12490909e+04 
 9.26118728e+02  2.11331796e+03  9.26118728e+02 -1.04855195e+04 
 1.00000000e+03  1.82259739e+03  1.00000000e+03 -9.76512300e+03 
 1.07977516e+03  1.57064554e+03  1.07977516e+03 -9.08723500e+03 
 1.16591440e+03  1.35260530e+03  1.16591440e+03 -8.45077982e+03 
 1.25892541e+03  1.16414637e+03  1.25892541e+03 -7.85437901e+03 
 1.35935639e+03  1.00143011e+03  1.35935639e+03 -7.29643957e+03 
 1.46779927e+03  8.61070276e+02  1.46779927e+03 -6.77522584e+03 
 1.58489319e+03  7.40091899e+02  1.58489319e+03 -6.28891724e+03 
 1.71132830e+03  6.35890509e+02  1.71132830e+03 -5.83565402e+03 
 1.84784980e+03  5.46192744e+02  1.84784980e+03 -5.41357279e+03 
 1.99526231e+03  4.69019294e+02  1.99526231e+03 -5.02083364e+03 
 2.15443469e+03  4.02650584e+02  2.15443469e+03 -4.65564047e+03 
 2.32630507e+03  3.45595454e+02  2.32630507e+03 -4.31625563e+03 
 2.51188643e+03  2.96562852e+02  2.51188643e+03 -4.00101021e+03 
 2.71227258e+03  2.54436496e+02  2.71227258e+03 -3.70831075e+03 
 2.92864456e+03  2.18252320e+02  2.92864456e+03 -3.43664314e+03 
 3.16227766e+03  1.87178547e+02  3.16227766e+03 -3.18457446e+03 
 3.41454887e+03  1.60498142e+02  3.41454887e+03 -2.95075309e+03 
 3.68694506e+03  1.37593428e+02  3.68694506e+03 -2.73390772e+03 
 3.98107171e+03  1.17932650e+02  3.98107171e+03 -2.53284530e+03 
 4.29866235e+03  1.01058269e+02  4.29866235e+03 -2.34644844e+03 
 4.64158883e+03  8.65767772e+01  4.64158883e+03 -2.17367240e+03 
 5.01187234e+03  7.41498736e+01  5.01187234e+03 -2.01354167e+03 
 5.41169527e+03  6.34868145e+01  5.41169527e+03 -1.86514654e+03 
 5.84341413e+03  5.43377996e+01  5.84341413e+03 -1.72763945e+03 
 6.30957344e+03  4.64882594e+01  6.30957344e+03 -1.60023150e+03 
 6.81292069e+03  3.97539248e+01  6.81292069e+03 -1.48218888e+03 
 7.35642254e+03  3.39765771e+01  7.35642254e+03 -1.37282946e+03 
 7.94328235e+03  2.90203862e+01  7.94328235e+03 -1.27151951e+03 
 8.57695899e+03  2.47687578e+01  8.57695899e+03 -1.17767051e+03 
 9.26118728e+03  2.11216211e+01  9.26118728e+03 -1.09073617e+03 
 1.00000000e+04  1.79930951e+01  1.00000000e+04 -1.01020952e+03 
 1.07977516e+04  1.53094829e+01  1.07977516e+04 -9.35620264e+02 
 1.16591440e+04  1.30075476e+01  1.16591440e+04 -8.66532208e+02 
 1.25892541e+04  1.10330311e+01  1.25892541e+04 -8.02540876e+02 
 1.35935639e+04  9.33938167e+00  1.35935639e+04 -7.43271273e+02 
 1.46779927e+04  7.88666104e+00  1.46779927e+04 -6.88375790e+02 
 1.58489319e+04  6.64060641e+00  1.58489319e+04 -6.37532244e+02 
 1.71132830e+04  5.57182479e+00  1.71132830e+04 -5.90442053e+02 
 1.84784980e+04  4.65510161e+00  1.84784980e+04 -5.46828534e+02 
 1.99526231e+04  3.86880723e+00  1.99526231e+04 -5.06435318e+02 
 2.15443469e+04  3.19438764e+00  2.15443469e+04 -4.69024876e+02 
 2.32630507e+04  2.61592744e+00  2.32630507e+04 -4.34377148e+02 
 2.51188643e+04  2.11977476e+00  2.51188643e+04 -4.02288265e+02 
 2.71227258e+04  1.69421953e+00  2.71227258e+04 -3.72569372e+02 
 2.92864456e+04  1.32921738e+00  2.92864456e+04 -3.45045526e+02 
 3.16227766e+04  1.01615280e+00  3.16227766e+04 -3.19554676e+02 
 3.41454887e+04  7.47635918e-01  3.41454887e+04 -2.95946719e+02 
 3.68694506e+04  5.17328223e-01  3.68694506e+04 -2.74082620e+02 
 3.98107171e+04  3.19792991e-01  3.98107171e+04 -2.53833601e+02 
 4.29866235e+04  1.50367028e-01  4.29866235e+04 -2.35080386e+02 
 4.64158883e+04  5.05062887e-03  4.64158883e+04 -2.17712498e+02 
 5.01187234e+04 -1.19586805e-01  5.01187234e+04 -2.01627617e+02 
 5.41169527e+04 -2.26487734e-01  5.41169527e+04 -1.86730974e+02 
 5.84341413e+04 -3.18175923e-01  5.84341413e+04 -1.72934798e+02 
 6.30957344e+04 -3.96816015e-01  6.30957344e+04 -1.60157797e+02 
 6.81292069e+04 -4.64264618e-01  6.81292069e+04 -1.48324683e+02 
 7.35642254e+04 -5.22114136e-01  7.35642254e+04 -1.37365725e+02 
 7.94328235e+04 -5.71730356e-01  7.94328235e+04 -1.27216343e+02 
 8.57695899e+04 -6.14284688e-01  8.57695899e+04 -1.17816728e+02 
 9.26118728e+04 -6.50781824e-01  9.26118728e+04 -1.09111484e+02 
 1.00000000e+05 -6.82083447e-01  1.00000000e+05 -1.01049311e+02 
 1.07977516e+05 -7.08928583e-01  1.07977516e+05 -9.35826954e+01 
 1.16591440e+05 -7.31951039e-01  1.16591440e+05 -8.66676322e+01 
 1.25892541e+05 -7.51694375e-01  1.25892541e+05 -8.02633681e+01 
 1.35935639e+05 -7.68624730e-01  1.35935639e+05 -7.43321591e+01 
 1.46779927e+05 -7.83141829e-01  1.46779927e+05 -6.88390492e+01 
 1.58489319e+05 -7.95588423e-01  1.58489319e+05 -6.37516639e+01 
 1.71132830e+05 -8.06258376e-01  1.71132830e+05 -5.90400197e+01 
 1.84784980e+05 -8.15403609e-01  1.84784980e+05 -5.46763477e+01 
 1.99526231e+05 -8.23240042e-01  1.99526231e+05 -5.06349296e+01 
 2.15443469e+05 -8.29952695e-01  2.15443469e+05 -4.68919463e+01 
 2.32630507e+05 -8.35700057e-01  2.32630507e+05 -4.34253374e+01 
 2.51188643e+05 -8.40617825e-01  2.51188643e+05 -4.02146716e+01 
 2.71227258e+05 -8.44822111e-01  2.71227258e+05 -3.72410260e+01 
 2.92864456e+05 -8.48412182e-01  2.92864456e+05 -3.44868743e+01 
 3.16227766e+05 -8.51472804e-01  3.16227766e+05 -3.19359843e+01 
 3.41454887e+05 -8.54076245e-01  3.41454887e+05 -2.95733216e+01 
 3.68694506e+05 -8.56283979e-01  3.68694506e+05 -2.73849610e+01 
 3.98107171e+05 -8.58148141e-01  3.98107171e+05 -2.53580049e+01 
 4.29866235e+05 -8.59712759e-01  4.29866235e+05 -2.34805070e+01 
 4.64158883e+05 -8.61014790e-01  4.64158883e+05 -2.17414018e+01 
 5.01187234e+05 -8.62085001e-01  5.01187234e+05 -2.01304396e+01 
 5.41169527e+05 -8.62948693e-01  5.41169527e+05 -1.86381261e+01 
 5.84341413e+05 -8.63626302e-01  5.84341413e+05 -1.72556663e+01 
 6.30957344e+05 -8.64133887e-01  6.30957344e+05 -1.59749130e+01 
 6.81292069e+05 -8.64483516e-01  6.81292069e+05 -1.47883183e+01 
 7.35642254e+05 -8.64683556e-01  7.35642254e+05 -1.36888899e+01 
 7.94328235e+05 -8.64738882e-01  7.94328235e+05 -1.26701491e+01 
 8.57695899e+05 -8.64651006e-01  8.57695899e+05 -1.17260935e+01 
 9.26118728e+05 -8.64418135e-01  9.26118728e+05 -1.08511612e+01 
 1.00000000e+06 -8.64035150e-01  1.00000000e+06 -1.00401981e+01 
 1.07977516e+06 -8.63493523e-01  1.07977516e+06 -9.28842814e+00 
 1.16591440e+06 -8.62781165e-01  1.16591440e+06 -8.59142483e+00 
 1.25892541e+06 -8.61882201e-01  1.25892541e+06 -7.94508565e+00 
 1.35935639e+06 -8.60776683e-01  1.35935639e+06 -7.34560807e+00 
 1.46779927e+06 -8.59440238e-01  1.46779927e+06 -6.78946748e+00 
 1.58489319e+06 -8.57843645e-01  1.58489319e+06 -6.27339687e+00 
 1.71132830e+06 -8.55952354e-01  1.71132830e+06 -5.79436803e+00 
 1.84784980e+06 -8.53725955e-01  1.84784980e+06 -5.34957440e+00 
 1.99526231e+06 -8.51117589e-01  1.99526231e+06 -4.93641527e+00 
 2.15443469e+06 -8.48073340e-01  2.15443469e+06 -4.55248140e+00 
 2.32630507e+06 -8.44531616e-01  2.32630507e+06 -4.19554194e+00 
 2.51188643e+06 -8.40422553e-01  2.51188643e+06 -3.86353262e+00 
 2.71227258e+06 -8.35667494e-01  2.71227258e+06 -3.55454520e+00 
 2.92864456e+06 -8.30178599e-01  2.92864456e+06 -3.26681807e+00 
 3.16227766e+06 -8.23858670e-01  3.16227766e+06 -2.99872803e+00 
 3.41454887e+06 -8.16601278e-01  3.41454887e+06 -2.74878314e+00 
 3.68694506e+06 -8.08291341e-01  3.68694506e+06 -2.51561662e+00 
 3.98107171e+06 -7.98806266e-01  3.98107171e+06 -2.29798169e+00 
 4.29866235e+06 -7.88017832e-01  4.29866235e+06 -2.09474724e+00 
 4.64158883e+06 -7.75794979e-01  4.64158883e+06 -1.90489408e+00 
 5.01187234e+06 -7.62007649e-01  5.01187234e+06 -1.72751158e+00 
 5.41169527e+06 -7.46531800e-01  5.41169527e+06 -1.56179436e+00 
 5.84341413e+06 -7.29255641e-01  5.84341413e+06 -1.40703853e+00 
 6.30957344e+06 -7.10087008e-01  6.30957344e+06 -1.26263715e+00 
 6.81292069e+06 -6.88961670e-01  6.81292069e+06 -1.12807426e+00 
 7.35642254e+06 -6.65852124e-01  7.35642254e+06 -1.00291699e+00 
 7.94328235e+06 -6.40776240e-01  7.94328235e+06 -8.86805385e-01 
 8.57695899e+06 -6.13804921e-01  8.57695899e+06 -7.79439768e-01 
 9.26118728e+06 -5.85067768e-01  9.26118728e+06 -6.80565591e-01 
 1.00000000e+07 -5.54755752e-01  1.00000000e+07 -5.89956389e-01 
 1.07977516e+07 -5.23120017e-01  1.07977516e+07 -5.07395648e-01 
 1.16591440e+07 -4.90466233e-01  1.16591440e+07 -4.32658865e-01 
 1.25892541e+07 -4.57144476e-01  1.25892541e+07 -3.65497309e-01 
 1.35935639e+07 -4.23535124e-01  1.35935639e+07 -3.05624972e-01 
 1.46779927e+07 -3.90031911e-01  1.46779927e+07 -2.52710008e-01 
 1.58489319e+07 -3.57023676e-01  1.58489319e+07 -2.06371433e-01 
 1.71132830e+07 -3.24876601e-01  1.71132830e+07 -1.66181251e-01 
 1.84784980e+07 -2.93918615e-01  1.84784980e+07 -1.31671451e-01 
 1.99526231e+07 -2.64427313e-01  1.99526231e+07 -1.02344808e-01 
 2.15443469e+07 -2.36622207e-01  2.15443469e+07 -7.76880032e-02 
 2.32630507e+07 -2.10661500e-01  2.32630507e+07 -5.71855142e-02 
 2.51188643e+07 -1.86643049e-01  2.51188643e+07 -4.03328564e-02 
 2.71227258e+07 -1.64608764e-01  2.71227258e+07 -2.66480734e-02 
 2.92864456e+07 -1.44551470e-01  2.92864456e+07 -1.56807862e-02 
 3.16227766e+07 -1.26423201e-01  3.16227766e+07 -7.01851313e-03 
 3.41454887e+07 -1.10144026e-01  3.41454887e+07 -2.90316764e-04 
 3.68694506e+07 -9.56106400e-02  3.68694506e+07  4.83192484e-03 
 3.98107171e+07 -8.27042092e-02  3.98107171e+07  8.63418237e-03 
 4.29866235e+07 -7.12971438e-02  4.29866235e+07  1.13623875e-02 
 4.64158883e+07 -6.12586683e-02  4.64158883e+07  1.32255221e-02 
 5.01187234e+07 -5.24591799e-02  5.01187234e+07  1.43992741e-02 
 5.41169527e+07 -4.47734835e-02  5.41169527e+07  1.50299265e-02 
 5.84341413e+07 -3.80830422e-02  5.84341413e+07  1.52382324e-02 
 6.30957344e+07 -3.22774054e-02  6.30957344e+07  1.51231021e-02 
 6.81292069e+07 -2.72549758e-02  6.81292069e+07  1.47649933e-02 
 7.35642254e+07 -2.29232684e-02  7.35642254e+07  1.42289448e-02 
 7.94328235e+07 -1.91987923e-02  7.94328235e+07  1.35672326e-02 
 8.57695899e+07 -1.60066689e-02  8.57695899e+07  1.28216496e-02 
 9.26118728e+07 -1.32800778e-02  9.26118728e+07  1.20254302e-02 
 1.00000000e+08 -1.09596030e-02  1.00000000e+08  1.12048480e-02 
 1.07977516e+08 -8.99253769e-03  1.07977516e+08  1.03805219e-02 
 1.16591440e+08 -7.33219124e-03  1.16591440e+08  9.56846975e-03 
 1.25892541e+08 -5.93723045e-03  1.25892541e+08  8.78094605e-03 
 1.35935639e+08 -4.77107699e-03  1.35935639e+08  8.02710500e-03 
 1.46779927e+08 -3.80137408e-03  1.46779927e+08  7.31352374e-03 
 1.58489319e+08 -2.99952648e-03  1.58489319e+08  6.64462125e-03 
 1.71132830e+08 -2.34031100e-03  1.71132830e+08  6.02300260e-03 
 1.84784980e+08 -1.80154888e-03  1.84784980e+08  5.44975315e-03 
 1.99526231e+08 -1.36382761e-03  1.99526231e+08  4.92470062e-03 
 2.15443469e+08 -1.01025832e-03  2.15443469e+08  4.44665623e-03 
 2.32630507e+08 -7.26255870e-04  2.32630507e+08  4.01363998e-03 
 2.51188643e+08 -4.99331186e-04  2.51188643e+08  3.62309025e-03 
 2.71227258e+08 -3.18889061e-04  2.71227258e+08  3.27205490e-03 
 2.92864456e+08 -1.76028509e-04  2.92864456e+08  2.95736005e-03 
 3.16227766e+08 -6.33458511e-05  3.16227766e+08  2.67575317e-03 
 3.41454887e+08  2.52570002e-05  3.41454887e+08  2.42401832e-03 
 3.68694506e+08  9.47555639e-05  3.68694506e+08  2.19906378e-03 
 3.98107171e+08  1.49173556e-04  3.98107171e+08  1.99798357e-03 
 4.29866235e+08  1.91738482e-04  4.29866235e+08  1.81809606e-03 
 4.64158883e+08  2.25020181e-04  4.64158883e+08  1.65696356e-03 
 5.01187234e+08  2.51051553e-04  5.01187234e+08  1.51239699e-03 
 5.41169527e+08  2.71431722e-04  5.41169527e+08  1.38244975e-03 
 5.84341413e+08  2.87412645e-04  5.84341413e+08  1.26540405e-03 
 6.30957344e+08  2.99970701e-04  6.30957344e+08  1.15975292e-03 
 6.81292069e+08  3.09865070e-04  6.81292069e+08  1.06417977e-03 
 7.35642254e+08  3.17684766e-04  7.35642254e+08  9.77537574e-04 
 7.94328235e+08  3.23886155e-04  7.94328235e+08  8.98828412e-04 
 8.57695899e+08  3.28822620e-04  8.57695899e+08  8.27184406e-04 
 9.26118728e+08  3.32767837e-04  9.26118728e+08  7.61850269e-04 
 1.00000000e+09  3.35933926e-04  1.00000000e+09  7.02167734e-04 
 1.07977516e+09  3.38485539e-04  1.07977516e+09  6.47561846e-04 
 1.16591440e+09  3.40550742e-04  1.16591440e+09  5.97529062e-04 
 1.25892541e+09  3.42229393e-04  1.25892541e+09  5.51627007e-04 
 1.35935639e+09  3.43599584e-04  1.35935639e+09  5.09465725e-04 
 1.46779927e+09  3.44722590e-04  1.46779927e+09  4.70700243e-04 
 1.58489319e+09  3.45646659e-04  1.58489319e+09  4.35024274e-04 
 1.71132830e+09  3.46409928e-04  1.71132830e+09  4.02164896e-04 
 1.84784980e+09  3.47042659e-04  1.84784980e+09  3.71878060e-04 
 1.99526231e+09  3.47568969e-04  1.99526231e+09  3.43944800e-04 
 2.15443469e+09  3.48008156e-04  2.15443469e+09  3.18168018e-04 
 2.32630507e+09  3.48375727e-04  2.32630507e+09  2.94369775e-04 
 2.51188643e+09  3.48684202e-04  2.51188643e+09  2.72388974e-04 
 2.71227258e+09  3.48943729e-04  2.71227258e+09  2.52079394e-04 
 2.92864456e+09  3.49162572e-04  2.92864456e+09  2.33308010e-04 
 3.16227766e+09  3.49347486e-04  3.16227766e+09  2.15953537e-04 
 3.41454887e+09  3.49504020e-04  3.41454887e+09  1.99905192e-04 
 3.68694506e+09  3.49636748e-04  3.68694506e+09  1.85061606e-04 
 3.98107171e+09  3.49749455e-04  3.98107171e+09  1.71329883e-04 
 4.29866235e+09  3.49845285e-04  4.29866235e+09  1.58624778e-04 
 4.64158883e+09  3.49926859e-04  4.64158883e+09  1.46867974e-04 
 5.01187234e+09  3.49996366e-04  5.01187234e+09  1.35987441e-04 
 5.41169527e+09  3.50055644e-04  5.41169527e+09  1.25916873e-04 
 5.84341413e+09  3.50106238e-04  5.84341413e+09  1.16595180e-04 
 6.30957344e+09  3.50149447e-04  6.30957344e+09  1.07966041e-04 
 6.81292069e+09  3.50186373e-04  6.81292069e+09  9.99775006e-05 
 7.35642254e+09  3.50217943e-04  7.35642254e+09  9.25816006e-05 
 7.94328235e+09  3.50244947e-04  7.94328235e+09  8.57340567e-05 
 8.57695899e+09  3.50268054e-04  8.57695899e+09  7.93939580e-05 
 9.26118728e+09  3.50287833e-04  9.26118728e+09  7.35234977e-05 
 1.00000000e+10  3.50304767e-04  1.00000000e+10  6.80877271e-05 
