 1.00000000e+00  5.41110763e+04  1.00000000e+00 -5.77746981e+02 
 1.07977516e+00  5.41100530e+04  1.07977516e+00 -6.23825043e+02 
 1.16591440e+00  5.41088600e+04  1.16591440e+00 -6.73575935e+02 
 1.25892541e+00  5.41074690e+04  1.25892541e+00 -7.27291868e+02 
 1.35935639e+00  5.41058474e+04  1.35935639e+00 -7.85288159e+02 
 1.46779927e+00  5.41039568e+04  1.46779927e+00 -8.47905021e+02 
 1.58489319e+00  5.41017528e+04  1.58489319e+00 -9.15509486e+02 
 1.71132830e+00  5.40991833e+04  1.71132830e+00 -9.88497454e+02 
 1.84784980e+00  5.40961878e+04  1.84784980e+00 -1.06729590e+03 
 1.99526231e+00  5.40926957e+04  1.99526231e+00 -1.15236521e+03 
 2.15443469e+00  5.40886248e+04  2.15443469e+00 -1.24420169e+03 
 2.32630507e+00  5.40838792e+04  2.32630507e+00 -1.34334021e+03 
 2.51188643e+00  5.40783473e+04  2.51188643e+00 -1.45035703e+03 
 2.71227258e+00  5.40718990e+04  2.71227258e+00 -1.56587276e+03 
 2.92864456e+00  5.40643829e+04  2.92864456e+00 -1.69055549e+03 
 3.16227766e+00  5.40556223e+04  3.16227766e+00 -1.82512405e+03 
 3.41454887e+00  5.40454118e+04  3.41454887e+00 -1.97035137e+03 
 3.68694506e+00  5.40335120e+04  3.68694506e+00 -2.12706803e+03 
 3.98107171e+00  5.40196446e+04  3.98107171e+00 -2.29616578e+03 
 4.29866235e+00  5.40034853e+04  4.29866235e+00 -2.47860112e+03 
 4.64158883e+00  5.39846572e+04  4.64158883e+00 -2.67539884e+03 
 5.01187234e+00  5.39627218e+04  5.01187234e+00 -2.88765542e+03 
 5.41169527e+00  5.39371695e+04  5.41169527e+00 -3.11654218e+03 
 5.84341413e+00  5.39074083e+04  5.84341413e+00 -3.36330803e+03 
 6.30957344e+00  5.38727507e+04  6.30957344e+00 -3.62928169e+03 
 6.81292069e+00  5.38323991e+04  6.81292069e+00 -3.91587300e+03 
 7.35642254e+00  5.37854288e+04  7.35642254e+00 -4.22457316e+03 
 7.94328235e+00  5.37307689e+04  7.94328235e+00 -4.55695345e+03 
 8.57695899e+00  5.36671802e+04  8.57695899e+00 -4.91466196e+03 
 9.26118728e+00  5.35932310e+04  9.26118728e+00 -5.29941772e+03 
 1.00000000e+01  5.35072695e+04  1.00000000e+01 -5.71300154e+03 
 1.07977516e+01  5.34073933e+04  1.07977516e+01 -6.15724271e+03 
 1.16591440e+01  5.32914159e+04  1.16591440e+01 -6.63400038e+03 
 1.25892541e+01  5.31568306e+04  1.25892541e+01 -7.14513854e+03 
 1.35935639e+01  5.30007714e+04  1.35935639e+01 -7.69249300e+03 
 1.46779927e+01  5.28199728e+04  1.46779927e+01 -8.27782876e+03 
 1.58489319e+01  5.26107283e+04  1.58489319e+01 -8.90278585e+03 
 1.71132830e+01  5.23688508e+04  1.71132830e+01 -9.56881166e+03 
 1.84784980e+01  5.20896355e+04  1.84784980e+01 -1.02770776e+04 
 1.99526231e+01  5.17678305e+04  1.99526231e+01 -1.10283778e+04 
 2.15443469e+01  5.13976179e+04  2.15443469e+01 -1.18230091e+04 
 2.32630507e+01  5.09726121e+04  2.32630507e+01 -1.26606291e+04 
 2.51188643e+01  5.04858816e+04  2.51188643e+01 -1.35400949e+04 
 2.71227258e+01  4.99300030e+04  2.71227258e+01 -1.44592821e+04 
 2.92864456e+01  4.92971561e+04  2.92864456e+01 -1.54148885e+04 
 3.16227766e+01  4.85792711e+04  3.16227766e+01 -1.64022304e+04 
 3.41454887e+01  4.77682373e+04  3.41454887e+01 -1.74150421e+04 
 3.68694506e+01  4.68561809e+04  3.68694506e+01 -1.84452953e+04 
 3.98107171e+01  4.58358188e+04  3.98107171e+01 -1.94830588e+04 
 4.29866235e+01  4.47008853e+04  4.29866235e+01 -2.05164262e+04 
 4.64158883e+01  4.34466231e+04  4.64158883e+01 -2.15315389e+04 
 5.01187234e+01  4.20703174e+04  5.01187234e+01 -2.25127376e+04 
 5.41169527e+01  4.05718387e+04  5.41169527e+01 -2.34428663e+04 
 5.84341413e+01  3.89541479e+04  5.84341413e+01 -2.43037483e+04 
 6.30957344e+01  3.72237041e+04  6.30957344e+01 -2.50768335e+04 
 6.81292069e+01  3.53907133e+04  6.81292069e+01 -2.57439999e+04 
 7.35642254e+01  3.34691588e+04  7.35642254e+01 -2.62884601e+04 
 7.94328235e+01  3.14765680e+04  7.94328235e+01 -2.66957065e+04 
 8.57695899e+01  2.94335006e+04  8.57695899e+01 -2.69544029e+04 
 9.26118728e+01  2.73627729e+04  9.26118728e+01 -2.70571300e+04 
 1.00000000e+02  2.52884736e+04  1.00000000e+02 -2.70008940e+04 
 1.07977516e+02  2.32348576e+04  1.07977516e+02 -2.67873371e+04 
 1.16591440e+02  2.12252235e+04  1.16591440e+02 -2.64226218e+04 
 1.25892541e+02  1.92808833e+04  1.25892541e+02 -2.59170043e+04 
 1.35935639e+02  1.74203188e+04  1.35935639e+02 -2.52841504e+04 
 1.46779927e+02  1.56585888e+04  1.46779927e+02 -2.45402763e+04 
 1.58489319e+02  1.40070143e+04  1.58489319e+02 -2.37032103e+04 
 1.71132830e+02  1.24731357e+04  1.71132830e+02 -2.27914656e+04 
 1.84784980e+02  1.10609030e+04  1.84784980e+02 -2.18234030e+04 
 1.99526231e+02  9.77104334e+03  1.99526231e+02 -2.08165348e+04 
 2.15443469e+02  8.60154423e+03  2.15443469e+02 -1.97869980e+04 
 2.32630507e+02  7.54819053e+03  2.32630507e+02 -1.87492009e+04 
 2.51188643e+02  6.60510537e+03  2.51188643e+02 -1.77156299e+04 
 2.71227258e+02  5.76525646e+03  2.71227258e+02 -1.66967912e+04 
 2.92864456e+02  5.02090329e+03  2.92864456e+02 -1.57012589e+04 
 3.16227766e+02  4.36397240e+03  3.16227766e+02 -1.47357981e+04 
 3.41454887e+02  3.78635737e+03  3.41454887e+02 -1.38055358e+04 
 3.68694506e+02  3.28014715e+03  3.68694506e+02 -1.29141579e+04 
 3.98107171e+02  2.83779000e+03  3.98107171e+02 -1.20641134e+04 
 4.29866235e+02  2.45220297e+03  4.29866235e+02 -1.12568133e+04 
 4.64158883e+02  2.11683691e+03  4.64158883e+02 -1.04928169e+04 
 5.01187234e+02  1.82570683e+03  5.01187234e+02 -9.77199928e+03 
 5.41169527e+02  1.57339621e+03  5.41169527e+02 -9.09369863e+03 
 5.84341413e+02  1.35504261e+03  5.84341413e+02 -8.45684280e+03 
 6.30957344e+02  1.16631065e+03  6.30957344e+02 -7.86005594e+03 
 6.81292069e+02  1.00335705e+03  6.81292069e+02 -7.30174679e+03 
 7.35642254e+02  8.62791271e+02  7.35642254e+02 -6.78018082e+03 
 7.94328235e+02  7.41634500e+02  7.94328235e+02 -6.29353807e+03 
 8.57695899e+02  6.37278790e+02  8.57695899e+02 -5.83995901e+03 
 9.26118728e+02  5.47447694e+02  9.26118728e+02 -5.41758014e+03 
 1.00000000e+03  4.70159165e+02  1.00000000e+03 -5.02456123e+03 
 1.07977516e+03  4.03691219e+02  1.07977516e+03 -4.65910567e+03 
 1.16591440e+03  3.46550579e+02  1.16591440e+03 -4.31947520e+03 
 1.25892541e+03  2.97444345e+02  1.25892541e+03 -4.00400020e+03 
 1.35935639e+03  2.55254617e+02  1.35935639e+03 -3.71108643e+03 
 1.46779927e+03  2.19015930e+02  1.46779927e+03 -3.43921902e+03 
 1.58489319e+03  1.87895285e+02  1.58489319e+03 -3.18696421e+03 
 1.71132830e+03  1.61174591e+02  1.71132830e+03 -2.95296964e+03 
 1.84784980e+03  1.38235258e+02  1.84784980e+03 -2.73596317e+03 
 1.99526231e+03  1.18544741e+02  1.99526231e+03 -2.53475102e+03 
 2.15443469e+03  1.01644817e+02  2.15443469e+03 -2.34821507e+03 
 2.32630507e+03  8.71413916e+01  2.32630507e+03 -2.17530986e+03 
 2.51188643e+03  7.46956572e+01  2.51188643e+03 -2.01505925e+03 
 2.71227258e+03  6.40164330e+01  2.71227258e+03 -1.86655287e+03 
 2.92864456e+03  5.48535432e+01  2.92864456e+03 -1.72894259e+03 
 3.16227766e+03  4.69920950e+01  3.16227766e+03 -1.60143894e+03 
 3.41454887e+03  4.02475415e+01  3.41454887e+03 -1.48330758e+03 
 3.68694506e+03  3.44614250e+01  3.68694506e+03 -1.37386589e+03 
 3.98107171e+03  2.94977100e+01  3.98107171e+03 -1.27247969e+03 
 4.29866235e+03  2.52396262e+01  4.29866235e+03 -1.17856003e+03 
 4.64158883e+03  2.15869509e+01  4.64158883e+03 -1.09156020e+03 
 5.01187234e+03  1.84536733e+01  5.01187234e+03 -1.01097288e+03 
 5.41169527e+03  1.57659848e+01  5.41169527e+03 -9.36327405e+02 
 5.84341413e+03  1.34605527e+01  5.84341413e+03 -8.67187271e+02 
 6.30957344e+03  1.14830364e+01  6.30957344e+03 -8.03147698e+02 
 6.81292069e+03  9.78681366e+00  6.81292069e+03 -7.43833413e+02 
 7.35642254e+03  8.33188565e+00  7.35642254e+03 -6.88896544e+02 
 7.94328235e+03  7.08393752e+00  7.94328235e+03 -6.38014670e+02 
 8.57695899e+03  6.01353168e+00  8.57695899e+03 -5.90888985e+02 
 9.26118728e+03  5.09541525e+00  9.26118728e+03 -5.47242598e+02 
 1.00000000e+04  4.30792574e+00  1.00000000e+04 -5.06818949e+02 
 1.07977516e+04  3.63248096e+00  1.07977516e+04 -4.69380331e+02 
 1.16591440e+04  3.05314133e+00  1.16591440e+04 -4.34706516e+02 
 1.25892541e+04  2.55623423e+00  1.25892541e+04 -4.02593486e+02 
 1.35935639e+04  2.13003180e+00  1.35935639e+04 -3.72852242e+02 
 1.46779927e+04  1.76447439e+00  1.46779927e+04 -3.45307710e+02 
 1.58489319e+04  1.45093338e+00  1.58489319e+04 -3.19797719e+02 
 1.71132830e+04  1.18200768e+00  1.71132830e+04 -2.96172051e+02 
 1.84784980e+04  9.51349110e-01  1.84784980e+04 -2.74291568e+02 
 1.99526231e+04  7.53512667e-01  1.99526231e+04 -2.54027397e+02 
 2.15443469e+04  5.83828049e-01  2.15443469e+04 -2.35260170e+02 
 2.32630507e+04  4.38289446e-01  2.32630507e+04 -2.17879330e+02 
 2.51188643e+04  3.13461015e-01  2.51188643e+04 -2.01782480e+02 
 2.71227258e+04  2.06395786e-01  2.71227258e+04 -1.86874781e+02 
 2.92864456e+04  1.14566115e-01  2.92864456e+04 -1.73068395e+02 
 3.16227766e+04  3.58040202e-02  3.16227766e+04 -1.60281972e+02 
 3.41454887e+04 -3.17499874e-02  3.41454887e+04 -1.48440167e+02 
 3.68694506e+04 -8.96907999e-02  3.68694506e+04 -1.37473199e+02 
 3.98107171e+04 -1.39386359e-01  3.98107171e+04 -1.27316441e+02 
 4.29866235e+04 -1.82009950e-01  4.29866235e+04 -1.17910039e+02 
 4.64158883e+04 -2.18567897e-01  4.64158883e+04 -1.09198559e+02 
 5.01187234e+04 -2.49923321e-01  5.01187234e+04 -1.01130663e+02 
 5.41169527e+04 -2.76816516e-01  5.41169527e+04 -9.36588023e+01 
 5.84341413e+04 -2.99882426e-01  5.84341413e+04 -8.67389435e+01 
 6.30957344e+04 -3.19665635e-01  6.30957344e+04 -8.03303040e+01 
 6.81292069e+04 -3.36633224e-01  6.81292069e+04 -7.43951141e+01 
 7.35642254e+04 -3.51185797e-01  7.35642254e+04 -6.88983941e+01 
 7.94328235e+04 -3.63666942e-01  7.94328235e+04 -6.38077485e+01 
 8.57695899e+04 -3.74371339e-01  8.57695899e+04 -5.90931746e+01 
 9.26118728e+04 -3.83551721e-01  9.26118728e+04 -5.47268860e+01 
 1.00000000e+05 -3.91424837e-01  1.00000000e+05 -5.06831491e+01 
 1.07977516e+05 -3.98176574e-01  1.07977516e+05 -4.69381310e+01 
 1.16591440e+05 -4.03966341e-01  1.16591440e+05 -4.34697594e+01 
 1.25892541e+05 -4.08930835e-01  1.25892541e+05 -4.02575925e+01 
 1.35935639e+05 -4.13187269e-01  1.35935639e+05 -3.72826984e+01 
 1.46779927e+05 -4.16836140e-01  1.46779927e+05 -3.45275437e+01 
 1.58489319e+05 -4.19963597e-01  1.58489319e+05 -3.19758898e+01 
 1.71132830e+05 -4.22643481e-01  1.71132830e+05 -2.96126979e+01 
 1.84784980e+05 -4.24939065e-01  1.84784980e+05 -2.74240395e+01 
 1.99526231e+05 -4.26904548e-01  1.99526231e+05 -2.53970152e+01 
 2.15443469e+05 -4.28586337e-01  2.15443469e+05 -2.35196779e+01 
 2.32630507e+05 -4.30024138e-01  2.32630507e+05 -2.17809629e+01 
 2.51188643e+05 -4.31251901e-01  2.51188643e+05 -2.01706224e+01 
 2.71227258e+05 -4.32298613e-01  2.71227258e+05 -1.86791653e+01 
 2.92864456e+05 -4.33188989e-01  2.92864456e+05 -1.72978012e+01 
 3.16227766e+05 -4.33944053e-01  3.16227766e+05 -1.60183886e+01 
 3.41454887e+05 -4.34581633e-01  3.41454887e+05 -1.48333868e+01 
 3.68694506e+05 -4.35116788e-01  3.68694506e+05 -1.37358116e+01 
 3.98107171e+05 -4.35562155e-01  3.98107171e+05 -1.27191942e+01 
 4.29866235e+05 -4.35928256e-01  4.29866235e+05 -1.17775427e+01 
 4.64158883e+05 -4.36223742e-01  4.64158883e+05 -1.09053074e+01 
 5.01187234e+05 -4.36455600e-01  5.01187234e+05 -1.00973475e+01 
 5.41169527e+05 -4.36629319e-01  5.41169527e+05 -9.34890122e+00 
 5.84341413e+05 -4.36749018e-01  5.84341413e+05 -8.65555758e+00 
 6.30957344e+05 -4.36817551e-01  6.30957344e+05 -8.01323039e+00 
 6.81292069e+05 -4.36836571e-01  6.81292069e+05 -7.41813424e+00 
 7.35642254e+05 -4.36806574e-01  7.35642254e+05 -6.86676221e+00 
 7.94328235e+05 -4.36726917e-01  7.94328235e+05 -6.35586521e+00 
 8.57695899e+05 -4.36595808e-01  8.57695899e+05 -5.88243285e+00 
 9.26118728e+05 -4.36410272e-01  9.26118728e+05 -5.44367579e+00 
 1.00000000e+06 -4.36166089e-01  1.00000000e+06 -5.03700928e+00 
 1.07977516e+06 -4.35857715e-01  1.07977516e+06 -4.66003804e+00 
 1.16591440e+06 -4.35478168e-01  1.16591440e+06 -4.31054222e+00 
 1.25892541e+06 -4.35018889e-01  1.25892541e+06 -3.98646439e+00 
 1.35935639e+06 -4.34469583e-01  1.35935639e+06 -3.68589757e+00 
 1.46779927e+06 -4.33818019e-01  1.46779927e+06 -3.40707410e+00 
 1.58489319e+06 -4.33049813e-01  1.58489319e+06 -3.14835546e+00 
 1.71132830e+06 -4.32148175e-01  1.71132830e+06 -2.90822281e+00 
 1.84784980e+06 -4.31093638e-01  1.84784980e+06 -2.68526834e+00 
 1.99526231e+06 -4.29863753e-01  1.99526231e+06 -2.47818733e+00 
 2.15443469e+06 -4.28432776e-01  2.15443469e+06 -2.28577087e+00 
 2.32630507e+06 -4.26771342e-01  2.32630507e+06 -2.10689924e+00 
 2.51188643e+06 -4.24846149e-01  2.51188643e+06 -1.94053598e+00 
 2.71227258e+06 -4.22619658e-01  2.71227258e+06 -1.78572243e+00 
 2.92864456e+06 -4.20049850e-01  2.92864456e+06 -1.64157302e+00 
 3.16227766e+06 -4.17090068e-01  3.16227766e+06 -1.50727104e+00 
 3.41454887e+06 -4.13688985e-01  3.41454887e+06 -1.38206493e+00 
 3.68694506e+06 -4.09790761e-01  3.68694506e+06 -1.26526518e+00 
 3.98107171e+06 -4.05335447e-01  3.98107171e+06 -1.15624167e+00 
 4.29866235e+06 -4.00259722e-01  4.29866235e+06 -1.05442143e+00 
 4.64158883e+06 -3.94498034e-01  4.64158883e+06 -9.59286788e-01 
 5.01187234e+06 -3.87984242e-01  5.01187234e+06 -8.70373725e-01 
 5.41169527e+06 -3.80653811e-01  5.41169527e+06 -7.87270380e-01 
 5.84341413e+06 -3.72446617e-01  5.84341413e+06 -7.09615425e-01 
 6.30957344e+06 -3.63310361e-01  6.30957344e+06 -6.37096151e-01 
 6.81292069e+06 -3.53204519e-01  6.81292069e+06 -5.69445979e-01 
 7.35642254e+06 -3.42104666e-01  7.35642254e+06 -5.06441148e-01 
 7.94328235e+06 -3.30006915e-01  7.94328235e+06 -4.47896341e-01 
 8.57695899e+06 -3.16932106e-01  8.57695899e+06 -3.93659067e-01 
 9.26118728e+06 -3.02929255e-01  9.26118728e+06 -3.43602786e-01 
 1.00000000e+07 -2.88077780e-01  1.00000000e+07 -2.97618874e-01 
 1.07977516e+07 -2.72487990e-01  1.07977516e+07 -2.55607793e-01 
 1.16591440e+07 -2.56299474e-01  1.16591440e+07 -2.17469974e-01 
 1.25892541e+07 -2.39677201e-01  1.25892541e+07 -1.83097150e-01 
 1.35935639e+07 -2.22805453e-01  1.35935639e+07 -1.52364878e-01 
 1.46779927e+07 -2.05879971e-01  1.46779927e+07 -1.25126994e-01 
 1.58489319e+07 -1.89099017e-01  1.58489319e+07 -1.01212546e-01 
 1.71132830e+07 -1.72654179e-01  1.71132830e+07 -8.04254397e-02 
 1.84784980e+07 -1.56721834e-01  1.84784980e+07 -6.25467382e-02 
 1.99526231e+07 -1.41456040e-01  1.99526231e+07 -4.73391879e-02 
 2.15443469e+07 -1.26983422e-01  2.15443469e+07 -3.45533276e-02 
 2.32630507e+07 -1.13400330e-01  2.32630507e+07 -2.39344038e-02 
 2.51188643e+07 -1.00772217e-01  2.51188643e+07 -1.52293256e-02 
 2.71227258e+07 -8.91349790e-02  2.71227258e+07 -8.19301126e-03 
 2.92864456e+07 -7.84978036e-02  2.92864456e+07 -2.59366494e-03 
 3.16227766e+07 -6.88470218e-02  3.16227766e+07  1.78326884e-03 
 3.41454887e+07 -6.01504596e-02  3.41454887e+07  5.13253213e-03 
 3.68694506e+07 -5.23618665e-02  3.68694506e+07  7.62777099e-03 
 3.98107171e+07 -4.54250949e-02  3.98107171e+07  9.42135418e-03 
 4.29866235e+07 -3.92778150e-02  4.29866235e+07  1.06450552e-02 
 4.64158883e+07 -3.38546506e-02  4.64158883e+07  1.14113527e-02 
 5.01187234e+07 -2.90896996e-02  5.01187234e+07  1.18151235e-02 
 5.41169527e+07 -2.49184606e-02  5.41169527e+07  1.19355401e-02 
 5.84341413e+07 -2.12792252e-02  5.84341413e+07  1.18380229e-02 
 6.30957344e+07 -1.81140111e-02  6.30957344e+07  1.15761417e-02 
 6.81292069e+07 -1.53691206e-02  6.81292069e+07  1.11933950e-02 
 7.35642254e+07 -1.29954032e-02  7.35642254e+07  1.07248232e-02 
 7.94328235e+07 -1.09482951e-02  7.94328235e+07  1.01984377e-02 
 8.57695899e+07 -9.18769825e-03  8.57695899e+07  9.63645929e-03 
 9.26118728e+07 -7.67774908e-03  9.26118728e+07  9.05637385e-03 
 1.00000000e+08 -6.38652038e-03  1.00000000e+08  8.47181717e-03 
 1.07977516e+08 -5.28568730e-03  1.07977516e+08  7.89330611e-03 
 1.16591440e+08 -4.35018322e-03  1.16591440e+08  7.32883506e-03 
 1.25892541e+08 -3.55786366e-03  1.25892541e+08  6.78435696e-03 
 1.35935639e+08 -2.88919082e-03  1.35935639e+08  6.26416839e-03 
 1.46779927e+08 -2.32694680e-03  1.46779927e+08  5.77121700e-03 
 1.58489319e+08 -1.85597882e-03  1.58489319e+08  5.30734843e-03 
 1.71132830e+08 -1.46297668e-03  1.71132830e+08  4.87350748e-03 
 1.84784980e+08 -1.13627976e-03  1.84784980e+08  4.46990579e-03 
 1.99526231e+08 -8.65708962e-04  1.99526231e+08  4.09616541e-03 
 2.15443469e+08 -6.42418494e-04  2.15443469e+08  3.75144465e-03 
 2.32630507e+08 -4.58762267e-04  2.32630507e+08  3.43454972e-03 
 2.51188643e+08 -3.08170823e-04  2.51188643e+08  3.14403402e-03 
 2.71227258e+08 -1.85035862e-04  2.71227258e+08  2.87828508e-03 
 2.92864456e+08 -8.46009193e-05  2.92864456e+08  2.63559886e-03 
 3.16227766e+08 -2.85789476e-06  3.16227766e+08  2.41424120e-03 
 3.41454887e+08  6.35500795e-05  3.41454887e+08  2.21249637e-03 
 3.68694506e+08  1.17418581e-04  3.68694506e+08  2.02870359e-03 
 3.98107171e+08  1.61063832e-04  3.98107171e+08  1.86128271e-03 
 4.29866235e+08  1.96396081e-04  4.29866235e+08  1.70875064e-03 
 4.64158883e+08  2.24984274e-04  4.64158883e+08  1.56973044e-03 
 5.01187234e+08  2.48112242e-04  5.01187234e+08  1.44295471e-03 
 5.41169527e+08  2.66826939e-04  5.41169527e+08  1.32726477e-03 
 5.84341413e+08  2.81979471e-04  5.84341413e+08  1.22160712e-03 
 6.30957344e+08  2.94259715e-04  6.30957344e+08  1.12502791e-03 
 6.81292069e+08  3.04225372e-04  6.81292069e+08  1.03666638e-03 
 7.35642254e+08  3.12326220e-04  7.35642254e+08  9.55747708e-04 
 7.94328235e+08  3.18924258e-04  7.94328235e+08  8.81575646e-04 
 8.57695899e+08  3.24310367e-04  8.57695899e+08  8.13525271e-04 
 9.26118728e+08  3.28718015e-04  9.26118728e+08  7.51035976e-04 
 1.00000000e+09  3.32334473e-04  1.00000000e+09  6.93604849e-04 
 1.07977516e+09  3.35309943e-04  1.07977516e+09  6.40780528e-04 
 1.16591440e+09  3.37764953e-04  1.16591440e+09  5.92157557e-04 
 1.25892541e+09  3.39796308e-04  1.25892541e+09  5.47371273e-04 
 1.35935639e+09  3.41481875e-04  1.35935639e+09  5.06093219e-04 
 1.46779927e+09  3.42884398e-04  1.46779927e+09  4.68027051e-04 
 1.58489319e+09  3.44054550e-04  1.58489319e+09  4.32904920e-04 
 1.71132830e+09  3.45033351e-04  1.71132830e+09  4.00484285e-04 
 1.84784980e+09  3.45854102e-04  1.84784980e+09  3.70545107e-04 
 1.99526231e+09  3.46543914e-04  1.99526231e+09  3.42887399e-04 
 2.15443469e+09  3.47124926e-04  2.15443469e+09  3.17329071e-04 
 2.32630507e+09  3.47615275e-04  2.32630507e+09  2.93704054e-04 
 2.51188643e+09  3.48029868e-04  2.51188643e+09  2.71860643e-04 
 2.71227258e+09  3.48380992e-04  2.71227258e+09  2.51660051e-04 
 2.92864456e+09  3.48678816e-04  2.92864456e+09  2.32975137e-04 
 3.16227766e+09  3.48931773e-04  3.16227766e+09  2.15689281e-04 
 3.41454887e+09  3.49146886e-04  3.41454887e+09  1.99695393e-04 
 3.68694506e+09  3.49330014e-04  3.68694506e+09  1.84895029e-04 
 3.98107171e+09  3.49486063e-04  3.98107171e+09  1.71197616e-04 
 4.29866235e+09  3.49619150e-04  4.29866235e+09  1.58519749e-04 
 4.64158883e+09  3.49732740e-04  4.64158883e+09  1.46784570e-04 
 5.01187234e+09  3.49829752e-04  5.01187234e+09  1.35921207e-04 
 5.41169527e+09  3.49912652e-04  5.41169527e+09  1.25864272e-04 
 5.84341413e+09  3.49983530e-04  5.84341413e+09  1.16553405e-04 
 6.30957344e+09  3.50044154e-04  6.30957344e+09  1.07932864e-04 
 6.81292069e+09  3.50096028e-04  6.81292069e+09  9.99511500e-05 
 7.35642254e+09  3.50140430e-04  7.35642254e+09  9.25606720e-05 
 7.94328235e+09  3.50178446e-04  7.94328235e+09  8.57174341e-05 
 8.57695899e+09  3.50211003e-04  8.57695899e+09  7.93807553e-05 
 9.26118728e+09  3.50238890e-04  9.26118728e+09  7.35130112e-05 
 1.00000000e+10  3.50262782e-04  1.00000000e+10  6.80793979e-05 
