 1.00000000e+00  2.21125968e+04  1.00000000e+00 -1.18304131e+02 
 1.07977516e+00  2.21124918e+04  1.07977516e+00 -1.27741256e+02 
 1.16591440e+00  2.21123694e+04  1.16591440e+00 -1.37931072e+02 
 1.25892541e+00  2.21122266e+04  1.25892541e+00 -1.48933584e+02 
 1.35935639e+00  2.21120602e+04  1.35935639e+00 -1.60813575e+02 
 1.46779927e+00  2.21118662e+04  1.46779927e+00 -1.73640980e+02 
 1.58489319e+00  2.21116400e+04  1.58489319e+00 -1.87491299e+02 
 1.71132830e+00  2.21113762e+04  1.71132830e+00 -2.02446033e+02 
 1.84784980e+00  2.21110687e+04  1.84784980e+00 -2.18593159e+02 
 1.99526231e+00  2.21107102e+04  1.99526231e+00 -2.36027637e+02 
 2.15443469e+00  2.21102923e+04  2.15443469e+00 -2.54851962e+02 
 2.32630507e+00  2.21098050e+04  2.32630507e+00 -2.75176754e+02 
 2.51188643e+00  2.21092369e+04  2.51188643e+00 -2.97121390e+02 
 2.71227258e+00  2.21085745e+04  2.71227258e+00 -3.20814686e+02 
 2.92864456e+00  2.21078023e+04  2.92864456e+00 -3.46395631e+02 
 3.16227766e+00  2.21069021e+04  3.16227766e+00 -3.74014168e+02 
 3.41454887e+00  2.21058526e+04  3.41454887e+00 -4.03832038e+02 
 3.68694506e+00  2.21046291e+04  3.68694506e+00 -4.36023671e+02 
 3.98107171e+00  2.21032028e+04  3.98107171e+00 -4.70777151e+02 
 4.29866235e+00  2.21015401e+04  4.29866235e+00 -5.08295236e+02 
 4.64158883e+00  2.20996018e+04  4.64158883e+00 -5.48796439e+02 
 5.01187234e+00  2.20973424e+04  5.01187234e+00 -5.92516180e+02 
 5.41169527e+00  2.20947086e+04  5.41169527e+00 -6.39708002e+02 
 5.84341413e+00  2.20916387e+04  5.84341413e+00 -6.90644839e+02 
 6.30957344e+00  2.20880605e+04  6.30957344e+00 -7.45620358e+02 
 6.81292069e+00  2.20838902e+04  6.81292069e+00 -8.04950337e+02 
 7.35642254e+00  2.20790298e+04  7.35642254e+00 -8.68974095e+02 
 7.94328235e+00  2.20733658e+04  7.94328235e+00 -9.38055944e+02 
 8.57695899e+00  2.20667657e+04  8.57695899e+00 -1.01258665e+03 
 9.26118728e+00  2.20590755e+04  9.26118728e+00 -1.09298489e+03 
 1.00000000e+01  2.20501162e+04  1.00000000e+01 -1.17969862e+03 
 1.07977516e+01  2.20396796e+04  1.07977516e+01 -1.27320637e+03 
 1.16591440e+01  2.20275238e+04  1.16591440e+01 -1.37401839e+03 
 1.25892541e+01  2.20133682e+04  1.25892541e+01 -1.48267751e+03 
 1.35935639e+01  2.19968869e+04  1.35935639e+01 -1.59975975e+03 
 1.46779927e+01  2.19777023e+04  1.46779927e+01 -1.72587433e+03 
 1.58489319e+01  2.19553768e+04  1.58489319e+01 -1.86166323e+03 
 1.71132830e+01  2.19294045e+04  1.71132830e+01 -2.00779980e+03 
 1.84784980e+01  2.18992004e+04  1.84784980e+01 -2.16498640e+03 
 1.99526231e+01  2.18640899e+04  1.99526231e+01 -2.33395064e+03 
 2.15443469e+01  2.18232960e+04  2.15443469e+01 -2.51543996e+03 
 2.32630507e+01  2.17759256e+04  2.32630507e+01 -2.71021402e+03 
 2.51188643e+01  2.17209547e+04  2.51188643e+01 -2.91903451e+03 
 2.71227258e+01  2.16572127e+04  2.71227258e+01 -3.14265164e+03 
 2.92864456e+01  2.15833658e+04  2.92864456e+01 -3.38178673e+03 
 3.16227766e+01  2.14979000e+04  3.16227766e+01 -3.63711012e+03 
 3.41454887e+01  2.13991048e+04  3.41454887e+01 -3.90921353e+03 
 3.68694506e+01  2.12850585e+04  3.68694506e+01 -4.19857598e+03 
 3.98107171e+01  2.11536156e+04  3.98107171e+01 -4.50552254e+03 
 4.29866235e+01  2.10023996e+04  4.29866235e+01 -4.83017509e+03 
 4.64158883e+01  2.08288017e+04  4.64158883e+01 -5.17239462e+03 
 5.01187234e+01  2.06299903e+04  5.01187234e+01 -5.53171520e+03 
 5.41169527e+01  2.04029324e+04  5.41169527e+01 -5.90726995e+03 
 5.84341413e+01  2.01444331e+04  5.84341413e+01 -6.29771105e+03 
 6.30957344e+01  1.98511950e+04  6.30957344e+01 -6.70112640e+03 
 6.81292069e+01  1.95199037e+04  6.81292069e+01 -7.11495772e+03 
 7.35642254e+01  1.91473414e+04  7.35642254e+01 -7.53592660e+03 
 7.94328235e+01  1.87305312e+04  7.94328235e+01 -7.95997731e+03 
 8.57695899e+01  1.82669112e+04  8.57695899e+01 -8.38224687e+03 
 9.26118728e+01  1.77545354e+04  9.26118728e+01 -8.79707470e+03 
 1.00000000e+02  1.71922918e+04  1.00000000e+02 -9.19806400e+03 
 1.07977516e+02  1.65801240e+04  1.07977516e+02 -9.57820603e+03 
 1.16591440e+02  1.59192380e+04  1.16591440e+02 -9.93007415e+03 
 1.25892541e+02  1.52122689e+04  1.25892541e+02 -1.02460885e+04 
 1.35935639e+02  1.44633825e+04  1.35935639e+02 -1.05188429e+04 
 1.46779927e+02  1.36782882e+04  1.46779927e+02 -1.07414756e+04 
 1.58489319e+02  1.28641444e+04  1.58489319e+02 -1.09080552e+04 
 1.71132830e+02  1.20293489e+04  1.71132830e+02 -1.10139452e+04 
 1.84784980e+02  1.11832228e+04  1.84784980e+02 -1.10561090e+04 
 1.99526231e+02  1.03356084e+04  1.99526231e+02 -1.10333177e+04 
 2.15443469e+02  9.49641734e+03  2.15443469e+02 -1.09462371e+04 
 2.32630507e+02  8.67517164e+03  2.32630507e+02 -1.07973800e+04 
 2.51188643e+02  7.88058279e+03  2.51188643e+02 -1.05909328e+04 
 2.71227258e+02  7.12020661e+03  2.71227258e+02 -1.03324762e+04 
 2.92864456e+02  6.40020068e+03  2.92864456e+02 -1.00286340e+04 
 3.16227766e+02  5.72519558e+03  3.16227766e+02 -9.68668991e+03 
 3.41454887e+02  5.09827689e+03  3.41454887e+02 -9.31420846e+03 
 3.68694506e+02  4.52106264e+03  3.68694506e+02 -8.91869293e+03 
 3.98107171e+02  3.99385359e+03  3.98107171e+02 -8.50730058e+03 
 4.29866235e+02  3.51583028e+03  4.29866235e+02 -8.08662721e+03 
 4.64158883e+02  3.08527261e+03  4.64158883e+02 -7.66256257e+03 
 5.01187234e+02  2.69978081e+03  5.01187234e+02 -7.24021118e+03 
 5.41169527e+02  2.35648243e+03  5.41169527e+02 -6.82386848e+03 
 5.84341413e+02  2.05221513e+03  5.84341413e+02 -6.41704025e+03 
 6.30957344e+02  1.78368010e+03  6.30957344e+02 -6.02249285e+03 
 6.81292069e+02  1.54756481e+03  6.81292069e+02 -5.64232318e+03 
 7.35642254e+02  1.34063625e+03  7.35642254e+02 -5.27803895e+03 
 7.94328235e+02  1.15980814e+03  7.94328235e+02 -4.93064217e+03 
 8.57695899e+02  1.00218561e+03  8.57695899e+02 -4.60071059e+03 
 9.26118728e+02  8.65091901e+02  9.26118728e+02 -4.28847361e+03 
 1.00000000e+03  7.46080728e+02  1.00000000e+03 -3.99388091e+03 
 1.07977516e+03  6.42938114e+02  1.07977516e+03 -3.71666264e+03 
 1.16591440e+03  5.53676518e+02  1.16591440e+03 -3.45638109e+03 
 1.25892541e+03  4.76523809e+02  1.25892541e+03 -3.21247438e+03 
 1.35935639e+03  4.09908976e+02  1.35935639e+03 -2.98429248e+03 
 1.46779927e+03  3.52446059e+02  1.46779927e+03 -2.77112676e+03 
 1.58489319e+03  3.02917385e+02  1.58489319e+03 -2.57223362e+03 
 1.71132830e+03  2.60256877e+02  1.71132830e+03 -2.38685324e+03 
 1.84784980e+03  2.23533958e+02  1.84784980e+03 -2.21422414e+03 
 1.99526231e+03  1.91938392e+02  1.99526231e+03 -2.05359431e+03 
 2.15443469e+03  1.64766250e+02  2.15443469e+03 -1.90422957e+03 
 2.32630507e+03  1.41407094e+02  2.32630507e+03 -1.76541954e+03 
 2.51188643e+03  1.21332394e+02  2.51188643e+03 -1.63648190e+03 
 2.71227258e+03  1.04085159e+02  2.71227258e+03 -1.51676512e+03 
 2.92864456e+03  8.92707100e+01  2.92864456e+03 -1.40565007e+03 
 3.16227766e+03  7.65485205e+01  3.16227766e+03 -1.30255083e+03 
 3.41454887e+03  6.56250355e+01  3.41454887e+03 -1.20691466e+03 
 3.68694506e+03  5.62473761e+01  3.68694506e+03 -1.11822166e+03 
 3.98107171e+03  4.81978385e+01  3.98107171e+03 -1.03598394e+03 
 4.29866235e+03  4.12891010e+01  4.29866235e+03 -9.59744506e+02 
 4.64158883e+03  3.53600576e+01  4.64158883e+03 -8.89076094e+02 
 5.01187234e+03  3.02722031e+01  5.01187234e+03 -8.23579739e+02 
 5.41169527e+03  2.59065026e+01  5.41169527e+03 -7.62883374e+02 
 5.84341413e+03  2.21606838e+01  5.84341413e+03 -7.06640362e+02 
 6.30957344e+03  1.89468981e+01  6.30957344e+03 -6.54528038e+02 
 6.81292069e+03  1.61897022e+01  6.81292069e+03 -6.06246275e+02 
 7.35642254e+03  1.38243183e+01  7.35642254e+03 -5.61516083e+02 
 7.94328235e+03  1.17951348e+01  7.94328235e+03 -5.20078258e+02 
 8.57695899e+03  1.00544156e+01  8.57695899e+03 -4.81692094e+02 
 9.26118728e+03  8.56118935e+00  9.26118728e+03 -4.46134147e+02 
 1.00000000e+04  7.28029463e+00  1.00000000e+04 -4.13197066e+02 
 1.07977516e+04  6.18155823e+00  1.07977516e+04 -3.82688491e+02 
 1.16591440e+04  5.23908953e+00  1.16591440e+04 -3.54430012e+02 
 1.25892541e+04  4.43067401e+00  1.25892541e+04 -3.28256192e+02 
 1.35935639e+04  3.73725226e+00  1.35935639e+04 -3.04013654e+02 
 1.46779927e+04  3.14247265e+00  1.46779927e+04 -2.81560217e+02 
 1.58489319e+04  2.63230718e+00  1.58489319e+04 -2.60764103e+02 
 1.71132830e+04  2.19472164e+00  1.71132830e+04 -2.41503188e+02 
 1.84784980e+04  1.81939258e+00  1.84784980e+04 -2.23664301e+02 
 1.99526231e+04  1.49746431e+00  1.99526231e+04 -2.07142584e+02 
 2.15443469e+04  1.22134036e+00  2.15443469e+04 -1.91840881e+02 
 2.32630507e+04  9.84504595e-01  2.32630507e+04 -1.77669185e+02 
 2.51188643e+04  7.81367602e-01  2.51188643e+04 -1.64544107e+02 
 2.71227258e+04  6.07134997e-01  2.71227258e+04 -1.52388403e+02 
 2.92864456e+04  4.57694377e-01  2.92864456e+04 -1.41130517e+02 
 3.16227766e+04  3.29518343e-01  3.16227766e+04 -1.30704166e+02 
 3.41454887e+04  2.19581315e-01  3.41454887e+04 -1.21047956e+02 
 3.68694506e+04  1.25288154e-01  3.68694506e+04 -1.12105017e+02 
 3.98107171e+04  4.44129468e-02  3.98107171e+04 -1.03822676e+02 
 4.29866235e+04 -2.49535197e-02  4.29866235e+04 -9.61521457e+01 
 4.64158883e+04 -8.44488057e-02  4.64158883e+04 -8.90482400e+01 
 5.01187234e+04 -1.35477464e-01  5.01187234e+04 -8.24691065e+01 
 5.41169527e+04 -1.79244185e-01  5.41169527e+04 -7.63759825e+01 
 5.84341413e+04 -2.16782236e-01  5.84341413e+04 -7.07329670e+01 
 6.30957344e+04 -2.48977840e-01  6.30957344e+04 -6.55068097e+01 
 6.81292069e+04 -2.76591103e-01  6.81292069e+04 -6.06667150e+01 
 7.35642254e+04 -3.00273949e-01  7.35642254e+04 -5.61841618e+01 
 7.94328235e+04 -3.20585514e-01  7.94328235e+04 -5.20327346e+01 
 8.57695899e+04 -3.38005343e-01  8.57695899e+04 -4.81879691e+01 
 9.26118728e+04 -3.52944710e-01  9.26118728e+04 -4.46272073e+01 
 1.00000000e+05 -3.65756328e-01  1.00000000e+05 -4.13294648e+01 
 1.07977516e+05 -3.76742679e-01  1.07977516e+05 -3.82753069e+01 
 1.16591440e+05 -3.86163146e-01  1.16591440e+05 -3.54467340e+01 
 1.25892541e+05 -3.94240148e-01  1.25892541e+05 -3.28270760e+01 
 1.35935639e+05 -4.01164381e-01  1.35935639e+05 -3.04008938e+01 
 1.46779927e+05 -4.07099327e-01  1.46779927e+05 -2.81538885e+01 
 1.58489319e+05 -4.12185112e-01  1.58489319e+05 -2.60728170e+01 
 1.71132830e+05 -4.16541811e-01  1.71132830e+05 -2.41454142e+01 
 1.84784980e+05 -4.20272288e-01  1.84784980e+05 -2.23603207e+01 
 1.99526231e+05 -4.23464622e-01  1.99526231e+05 -2.07070154e+01 
 2.15443469e+05 -4.26194184e-01  2.15443469e+05 -1.91757544e+01 
 2.32630507e+05 -4.28525423e-01  2.32630507e+05 -1.77575128e+01 
 2.51188643e+05 -4.30513384e-01  2.51188643e+05 -1.64439317e+01 
 2.71227258e+05 -4.32205005e-01  2.71227258e+05 -1.52272694e+01 
 2.92864456e+05 -4.33640234e-01  2.92864456e+05 -1.41003550e+01 
 3.16227766e+05 -4.34852962e-01  3.16227766e+05 -1.30565470e+01 
 3.41454887e+05 -4.35871835e-01  3.41454887e+05 -1.20896933e+01 
 3.68694506e+05 -4.36720921e-01  3.68694506e+05 -1.11940958e+01 
 3.98107171e+05 -4.37420287e-01  3.98107171e+05 -1.03644762e+01 
 4.29866235e+05 -4.37986472e-01  4.29866235e+05 -9.59594509e+00 
 4.64158883e+05 -4.38432879e-01  4.64158883e+05 -8.88397329e+00 
 5.01187234e+05 -4.38770096e-01  5.01187234e+05 -8.22436503e+00 
 5.41169527e+05 -4.39006150e-01  5.41169527e+05 -7.61323330e+00 
 5.84341413e+05 -4.39146704e-01  5.84341413e+05 -7.04697695e+00 
 6.30957344e+05 -4.39195196e-01  6.30957344e+05 -6.52225954e+00 
 6.81292069e+05 -4.39152937e-01  6.81292069e+05 -6.03598969e+00 
 7.35642254e+05 -4.39019149e-01  7.35642254e+05 -5.58530295e+00 
 7.94328235e+05 -4.38790974e-01  7.94328235e+05 -5.16754499e+00 
 8.57695899e+05 -4.38463433e-01  8.57695899e+05 -4.78025605e+00 
 9.26118728e+05 -4.38029343e-01  9.26118728e+05 -4.42115656e+00 
 1.00000000e+06 -4.37479199e-01  1.00000000e+06 -4.08813388e+00 
 1.07977516e+06 -4.36801021e-01  1.07977516e+06 -3.77923002e+00 
 1.16591440e+06 -4.35980153e-01  1.16591440e+06 -3.49263033e+00 
 1.25892541e+06 -4.34999047e-01  1.25892541e+06 -3.22665309e+00 
 1.35935639e+06 -4.33837007e-01  1.35935639e+06 -2.97973996e+00 
 1.46779927e+06 -4.32469910e-01  1.46779927e+06 -2.75044720e+00 
 1.58489319e+06 -4.30869930e-01  1.58489319e+06 -2.53743767e+00 
 1.71132830e+06 -4.29005248e-01  1.71132830e+06 -2.33947358e+00 
 1.84784980e+06 -4.26839800e-01  1.84784980e+06 -2.15540989e+00 
 1.99526231e+06 -4.24333062e-01  1.99526231e+06 -1.98418843e+00 
 2.15443469e+06 -4.21439931e-01  2.15443469e+06 -1.82483266e+00 
 2.32630507e+06 -4.18110728e-01  2.32630507e+06 -1.67644302e+00 
 2.51188643e+06 -4.14291390e-01  2.51188643e+06 -1.53819288e+00 
 2.71227258e+06 -4.09923910e-01  2.71227258e+06 -1.40932508e+00 
 2.92864456e+06 -4.04947108e-01  2.92864456e+06 -1.28914886e+00 
 3.16227766e+06 -3.99297800e-01  3.16227766e+06 -1.17703727e+00 
 3.41454887e+06 -3.92912454e-01  3.41454887e+06 -1.07242482e+00 
 3.68694506e+06 -3.85729394e-01  3.68694506e+06 -9.74805256e-01 
 3.98107171e+06 -3.77691589e-01  3.98107171e+06 -8.83729301e-01 
 4.29866235e+06 -3.68750020e-01  4.29866235e+06 -7.98802102e-01 
 4.64158883e+06 -3.58867541e-01  4.64158883e+06 -7.19680143e-01 
 5.01187234e+06 -3.48023071e-01  5.01187234e+06 -6.46067358e-01 
 5.41169527e+06 -3.36215852e-01  5.41169527e+06 -5.77710247e-01 
 5.84341413e+06 -3.23469383e-01  5.84341413e+06 -5.14391817e-01 
 6.30957344e+06 -3.09834588e-01  6.30957344e+06 -4.55924350e-01 
 6.81292069e+06 -2.95391712e-01  6.81292069e+06 -4.02141132e-01 
 7.35642254e+06 -2.80250497e-01  7.35642254e+06 -3.52887515e-01 
 7.94328235e+06 -2.64548274e-01  7.94328235e+06 -3.08011825e-01 
 8.57695899e+06 -2.48445871e-01  8.57695899e+06 -2.67356848e-01 
 9.26118728e+06 -2.32121458e-01  9.26118728e+06 -2.30752597e-01 
 1.00000000e+07 -2.15762769e-01  1.00000000e+07 -1.98011066e-01 
 1.07977516e+07 -1.99558388e-01  1.07977516e+07 -1.68923440e-01 
 1.16591440e+07 -1.83688931e-01  1.16591440e+07 -1.43259963e-01 
 1.25892541e+07 -1.68318987e-01  1.25892541e+07 -1.20772333e-01 
 1.35935639e+07 -1.53590530e-01  1.35935639e+07 -1.01198184e-01 
 1.46779927e+07 -1.39618323e-01  1.46779927e+07 -8.42670042e-02 
 1.58489319e+07 -1.26487522e-01  1.58489319e+07 -6.97067385e-02 
 1.71132830e+07 -1.14253413e-01  1.71132830e+07 -5.72503449e-02 
 1.84784980e+07 -1.02942978e-01  1.84784980e+07 -4.66417059e-02 
 1.99526231e+07 -9.25578821e-02  1.99526231e+07 -3.76404786e-02 
 2.15443469e+07 -8.30783554e-02  2.15443469e+07 -3.00256648e-02 
 2.32630507e+07 -7.44675369e-02  2.32630507e+07 -2.35978631e-02 
 2.51188643e+07 -6.66758632e-02  2.51188643e+07 -1.81802990e-02 
 2.71227258e+07 -5.96452219e-02  2.71227258e+07 -1.36188123e-02 
 2.92864456e+07 -5.33126713e-02  2.92864456e+07 -9.78102021e-03 
 3.16227766e+07 -4.76136247e-02  3.16227766e+07 -6.55487238e-03 
 3.41454887e+07 -4.24844621e-02  3.41454887e+07 -3.84679421e-03 
 3.68694506e+07 -3.78645771e-02  3.68694506e+07 -1.57957945e-03 
 3.98107171e+07 -3.36978918e-02  3.98107171e+07  3.09841367e-04 
 4.29866235e+07 -2.99338814e-02  4.29866235e+07  1.87265929e-03 
 4.64158883e+07 -2.65281511e-02  4.64158883e+07  3.15039531e-03 
 5.01187234e+07 -2.34426095e-02  5.01187234e+07  4.17699370e-03 
 5.41169527e+07 -2.06452786e-02  5.41169527e+07  4.98074044e-03 
 5.84341413e+07 -1.81097928e-02  5.84341413e+07  5.58594934e-03 
 6.30957344e+07 -1.58146471e-02  6.30957344e+07  6.01436349e-03 
 6.81292069e+07 -1.37422722e-02  6.81292069e+07  6.28623139e-03 
 7.35642254e+07 -1.18780237e-02  7.35642254e+07  6.42103596e-03 
 7.94328235e+07 -1.02091843e-02  7.94328235e+07  6.43788218e-03 
 8.57695899e+07 -8.72406586e-03  8.57695899e+07  6.35557863e-03 
 9.26118728e+07 -7.41128844e-03  9.26118728e+07  6.19247625e-03 
 1.00000000e+08 -6.25928083e-03  1.00000000e+08  5.96614693e-03 
 1.07977516e+08 -5.25601732e-03  1.07977516e+08  5.69299137e-03 
 1.16591440e+08 -4.38897242e-03  1.16591440e+08  5.38785947e-03 
 1.25892541e+08 -3.64525034e-03  1.25892541e+08  5.06374799e-03 
 1.35935639e+08 -3.01183103e-03  1.35935639e+08  4.73161602e-03 
 1.46779927e+08 -2.47587182e-03  1.46779927e+08  4.40033213e-03 
 1.58489319e+08 -2.02501001e-03  1.58489319e+08  4.07674477e-03 
 1.71132830e+08 -1.64762581e-03  1.71132830e+08  3.76585172e-03 
 1.84784980e+08 -1.33304067e-03  1.84784980e+08  3.47103620e-03 
 1.99526231e+08 -1.07164146e-03  1.99526231e+08  3.19433681e-03 
 2.15443469e+08 -8.54933284e-04  2.15443469e+08  2.93672230e-03 
 2.32630507e+08 -6.75531338e-04  2.32630507e+08  2.69834959e-03 
 2.51188643e+08 -5.27106386e-04  2.51188643e+08  2.47879115e-03 
 2.71227258e+08 -4.04299083e-04  2.71227258e+08  2.27722496e-03 
 2.92864456e+08 -3.02616817e-04  2.92864456e+08  2.09258575e-03 
 3.16227766e+08 -2.18324167e-04  3.16227766e+08  1.92368018e-03 
 3.41454887e+08 -1.48335083e-04  3.41454887e+08  1.76927051e-03 
 3.68694506e+08 -9.01121377e-05  3.68694506e+08  1.62813251e-03 
 3.98107171e+08 -4.15758721e-05  3.98107171e+08  1.49909295e-03 
 4.29866235e+08 -1.02552621e-06  4.29866235e+08  1.38105192e-03 
 4.64158883e+08  3.29287528e-05  4.64158883e+08  1.27299407e-03 
 5.01187234e+08  6.14229058e-05  5.01187234e+08  1.17399232e-03 
 5.41169527e+08  8.53862440e-05  5.41169527e+08  1.08320651e-03 
 5.84341413e+08  1.05580275e-04  5.84341413e+08  9.99879051e-04 
 6.30957344e+08  1.22630344e-04  6.30957344e+08  9.23328879e-04 
 6.81292069e+08  1.37051285e-04  6.81292069e+08  8.52944614e-04 
 7.35642254e+08  1.49268128e-04  7.35642254e+08  7.88177648e-04 
 7.94328235e+08  1.59632801e-04  7.94328235e+08  7.28535439e-04 
 8.57695899e+08  1.68437573e-04  8.57695899e+08  6.73575273e-04 
 9.26118728e+08  1.75925891e-04  9.26118728e+08  6.22898590e-04 
 1.00000000e+09  1.82301122e-04  1.00000000e+09  5.76145907e-04 
 1.07977516e+09  1.87733618e-04  1.07977516e+09  5.32992318e-04 
 1.16591440e+09  1.92366449e-04  1.16591440e+09  4.93143547e-04 
 1.25892541e+09  1.96320059e-04  1.25892541e+09  4.56332501e-04 
 1.35935639e+09  1.99696066e-04  1.35935639e+09  4.22316258e-04 
 1.46779927e+09  2.02580375e-04  1.46779927e+09  3.90873451e-04 
 1.58489319e+09  2.05045735e-04  1.58489319e+09  3.61801987e-04 
 1.71132830e+09  2.07153851e-04  1.71132830e+09  3.34917063e-04 
 1.84784980e+09  2.08957128e-04  1.84784980e+09  3.10049427e-04 
 1.99526231e+09  2.10500131e-04  1.99526231e+09  2.87043858e-04 
 2.15443469e+09  2.11820792e-04  2.15443469e+09  2.65757829e-04 
 2.32630507e+09  2.12951428e-04  2.32630507e+09  2.46060328e-04 
 2.51188643e+09  2.13919593e-04  2.51188643e+09  2.27830811e-04 
 2.71227258e+09  2.14748794e-04  2.71227258e+09  2.10958273e-04 
 2.92864456e+09  2.15459102e-04  2.92864456e+09  1.95340418e-04 
 3.16227766e+09  2.16067657e-04  3.16227766e+09  1.80882915e-04 
 3.41454887e+09  2.16589108e-04  3.41454887e+09  1.67498728e-04 
 3.68694506e+09  2.17035975e-04  3.68694506e+09  1.55107514e-04 
 3.98107171e+09  2.17418969e-04  3.98107171e+09  1.43635075e-04 
 4.29866235e+09  2.17747250e-04  4.29866235e+09  1.33012862e-04 
 4.64158883e+09  2.18028658e-04  4.64158883e+09  1.23177528e-04 
 5.01187234e+09  2.18269903e-04  5.01187234e+09  1.14070510e-04 
 5.41169527e+09  2.18476731e-04  5.41169527e+09  1.05637659e-04 
 5.84341413e+09  2.18654062e-04  5.84341413e+09  9.78288975e-05 
 6.30957344e+09  2.18806110e-04  6.30957344e+09  9.05978996e-05 
 6.81292069e+09  2.18936486e-04  6.81292069e+09  8.39018077e-05 
 7.35642254e+09  2.19048282e-04  7.35642254e+09  7.77009651e-05 
 7.94328235e+09  2.19144150e-04  7.94328235e+09  7.19586732e-05 
 8.57695899e+09  2.19226361e-04  8.57695899e+09  6.66409667e-05 
 9.26118728e+09  2.19296862e-04  9.26118728e+09  6.17164075e-05 
 1.00000000e+10  2.19357323e-04  1.00000000e+10  5.71558944e-05 
