 1.00000000e+00  5.50132531e+04  1.00000000e+00 -5.28079487e+02 
 1.07977516e+00  5.50124121e+04  1.07977516e+00 -5.70198397e+02 
 1.16591440e+00  5.50114317e+04  1.16591440e+00 -6.15675094e+02 
 1.25892541e+00  5.50102886e+04  1.25892541e+00 -6.64776862e+02 
 1.35935639e+00  5.50089560e+04  1.35935639e+00 -7.17792155e+02 
 1.46779927e+00  5.50074023e+04  1.46779927e+00 -7.75032250e+02 
 1.58489319e+00  5.50055910e+04  1.58489319e+00 -8.36833016e+02 
 1.71132830e+00  5.50034792e+04  1.71132830e+00 -9.03556817e+02 
 1.84784980e+00  5.50010174e+04  1.84784980e+00 -9.75594541e+02 
 1.99526231e+00  5.49981473e+04  1.99526231e+00 -1.05336778e+03 
 2.15443469e+00  5.49948015e+04  2.15443469e+00 -1.13733118e+03 
 2.32630507e+00  5.49909010e+04  2.32630507e+00 -1.22797486e+03 
 2.51188643e+00  5.49863541e+04  2.51188643e+00 -1.32582712e+03 
 2.71227258e+00  5.49810537e+04  2.71227258e+00 -1.43145719e+03 
 2.92864456e+00  5.49748752e+04  2.92864456e+00 -1.54547823e+03 
 3.16227766e+00  5.49676734e+04  3.16227766e+00 -1.66855040e+03 
 3.41454887e+00  5.49592791e+04  3.41454887e+00 -1.80138414e+03 
 3.68694506e+00  5.49494952e+04  3.68694506e+00 -1.94474359e+03 
 3.98107171e+00  5.49380925e+04  3.98107171e+00 -2.09945007e+03 
 4.29866235e+00  5.49248039e+04  4.29866235e+00 -2.26638571e+03 
 4.64158883e+00  5.49093186e+04  4.64158883e+00 -2.44649705e+03 
 5.01187234e+00  5.48912751e+04  5.01187234e+00 -2.64079869e+03 
 5.41169527e+00  5.48702529e+04  5.41169527e+00 -2.85037679e+03 
 5.84341413e+00  5.48457631e+04  5.84341413e+00 -3.07639240e+03 
 6.30957344e+00  5.48172377e+04  6.30957344e+00 -3.32008443e+03 
 6.81292069e+00  5.47840170e+04  6.81292069e+00 -3.58277215e+03 
 7.35642254e+00  5.47453353e+04  7.35642254e+00 -3.86585688e+03 
 7.94328235e+00  5.47003047e+04  7.94328235e+00 -4.17082273e+03 
 8.57695899e+00  5.46478962e+04  8.57695899e+00 -4.49923596e+03 
 9.26118728e+00  5.45869191e+04  9.26118728e+00 -4.85274245e+03 
 1.00000000e+01  5.45159967e+04  1.00000000e+01 -5.23306287e+03 
 1.07977516e+01  5.44335395e+04  1.07977516e+01 -5.64198476e+03 
 1.16591440e+01  5.43377158e+04  1.16591440e+01 -6.08135072e+03 
 1.25892541e+01  5.42264188e+04  1.25892541e+01 -6.55304175e+03 
 1.35935639e+01  5.40972302e+04  1.35935639e+01 -7.05895447e+03 
 1.46779927e+01  5.39473825e+04  1.46779927e+01 -7.60097090e+03 
 1.58489319e+01  5.37737177e+04  1.58489319e+01 -8.18091909e+03 
 1.71132830e+01  5.35726459e+04  1.71132830e+01 -8.80052284e+03 
 1.84784980e+01  5.33401037e+04  1.84784980e+01 -9.46133847e+03 
 1.99526231e+01  5.30715156e+04  1.99526231e+01 -1.01646765e+04 
 2.15443469e+01  5.27617601e+04  2.15443469e+01 -1.09115060e+04 
 2.32630507e+01  5.24051464e+04  2.32630507e+01 -1.17023400e+04 
 2.51188643e+01  5.19954044e+04  2.51188643e+01 -1.25371000e+04 
 2.71227258e+01  5.15256973e+04  2.71227258e+01 -1.34149595e+04 
 2.92864456e+01  5.09886624e+04  2.92864456e+01 -1.43341674e+04 
 3.16227766e+01  5.03764906e+04  3.16227766e+01 -1.52918537e+04 
 3.41454887e+01  4.96810546e+04  3.41454887e+01 -1.62838242e+04 
 3.68694506e+01  4.88940949e+04  3.68694506e+01 -1.73043540e+04 
 3.98107171e+01  4.80074754e+04  3.98107171e+01 -1.83459936e+04 
 4.29866235e+01  4.70135120e+04  4.29866235e+01 -1.93994075e+04 
 4.64158883e+01  4.59053790e+04  4.64158883e+01 -2.04532703e+04 
 5.01187234e+01  4.46775844e+04  5.01187234e+01 -2.14942496e+04 
 5.41169527e+01  4.33264996e+04  5.41169527e+01 -2.25071054e+04 
 5.84341413e+01  4.18509128e+04  5.84341413e+01 -2.34749369e+04 
 6.30957344e+01  4.02525638e+04  6.30957344e+01 -2.43795969e+04 
 6.81292069e+01  3.85366040e+04  6.81292069e+01 -2.52022847e+04 
 7.35642254e+01  3.67119199e+04  7.35642254e+01 -2.59243035e+04 
 7.94328235e+01  3.47912557e+04  7.94328235e+01 -2.65279484e+04 
 8.57695899e+01  3.27910840e+04  8.57695899e+01 -2.69974616e+04 
 9.26118728e+01  3.07311949e+04  9.26118728e+01 -2.73199717e+04 
 1.00000000e+02  2.86340061e+04  1.00000000e+02 -2.74863203e+04 
 1.07977516e+02  2.65236362e+04  1.07977516e+02 -2.74916815e+04 
 1.16591440e+02  2.44248155e+04  1.16591440e+02 -2.73358986e+04 
 1.25892541e+02  2.23617380e+04  1.25892541e+02 -2.70234951e+04 
 1.35935639e+02  2.03569651e+04  1.35935639e+02 -2.65633590e+04 
 1.46779927e+02  1.84304851e+04  1.46779927e+02 -2.59681393e+04 
 1.58489319e+02  1.65990063e+04  1.58489319e+02 -2.52534309e+04 
 1.71132830e+02  1.48755269e+04  1.71132830e+02 -2.44368397e+04 
 1.84784980e+02  1.32691876e+04  1.84784980e+02 -2.35370253e+04 
 1.99526231e+02  1.17853792e+04  1.99526231e+02 -2.25728067e+04 
 2.15443469e+02  1.04260545e+04  2.15443469e+02 -2.15623945e+04 
 2.32630507e+02  9.19018102e+03  2.32630507e+02 -2.05227870e+04 
 2.51188643e+02  8.07427320e+03  2.51188643e+02 -1.94693435e+04 
 2.71227258e+02  7.07294570e+03  2.71227258e+02 -1.84155275e+04 
 2.92864456e+02  6.17944561e+03  2.92864456e+02 -1.73727977e+04 
 3.16227766e+02  5.38613250e+03  3.16227766e+02 -1.63506190e+04 
 3.41454887e+02  4.68488898e+03  3.41454887e+02 -1.53565615e+04 
 3.68694506e+02  4.06745528e+03  3.68694506e+02 -1.43964586e+04 
 3.98107171e+02  3.52568870e+03  3.98107171e+02 -1.34745995e+04 
 4.29866235e+02  3.05175455e+03  4.29866235e+02 -1.25939354e+04 
 4.64158883e+02  2.63825764e+03  4.64158883e+02 -1.17562855e+04 
 5.01187234e+02  2.27832464e+03  5.01187234e+02 -1.09625318e+04 
 5.41169527e+02  1.96564741e+03  5.41169527e+02 -1.02127973e+04 
 5.84341413e+02  1.69449668e+03  5.84341413e+02 -9.50660379e+03 
 6.30957344e+02  1.45971396e+03  6.30957344e+02 -8.84300855e+03 
 6.81292069e+02  1.25668846e+03  6.81292069e+02 -8.22072057e+03 
 7.35642254e+02  1.08132406e+03  7.35642254e+02 -7.63819721e+03 
 7.94328235e+02  9.30000755e+02  7.94328235e+02 -7.09372365e+03 
 8.57695899e+02  7.99533302e+02  8.57695899e+02 -6.58547705e+03 
 9.26118728e+02  6.87129435e+02  9.26118728e+02 -6.11157765e+03 
 1.00000000e+03  5.90349142e+02  1.00000000e+03 -5.67012877e+03 
 1.07977516e+03  5.07065978e+02  1.07977516e+03 -5.25924760e+03 
 1.16591440e+03  4.35431033e+02  1.16591440e+03 -4.87708842e+03 
 1.25892541e+03  3.73839873e+02  1.25892541e+03 -4.52185962e+03 
 1.35935639e+03  3.20902545e+02  1.35935639e+03 -4.19183582e+03 
 1.46779927e+03  2.75416635e+02  1.46779927e+03 -3.88536601e+03 
 1.58489319e+03  2.36343245e+02  1.58489319e+03 -3.60087856e+03 
 1.71132830e+03  2.02785694e+02  1.71132830e+03 -3.33688387e+03 
 1.84784980e+03  1.73970751e+02  1.84784980e+03 -3.09197515e+03 
 1.99526231e+03  1.49232146e+02  1.99526231e+03 -2.86482774e+03 
 2.15443469e+03  1.27996160e+02  2.15443469e+03 -2.65419747e+03 
 2.32630507e+03  1.09769042e+02  2.32630507e+03 -2.45891823e+03 
 2.51188643e+03  9.41260708e+01  2.51188643e+03 -2.27789898e+03 
 2.71227258e+03  8.07020561e+01  2.71227258e+03 -2.11012050e+03 
 2.92864456e+03  6.91831050e+01  2.92864456e+03 -1.95463186e+03 
 3.16227766e+03  5.92994989e+01  3.16227766e+03 -1.81054676e+03 
 3.41454887e+03  5.08195376e+01  3.41454887e+03 -1.67703997e+03 
 3.68694506e+03  4.35442244e+01  3.68694506e+03 -1.55334368e+03 
 3.98107171e+03  3.73026838e+01  3.98107171e+03 -1.43874399e+03 
 4.29866235e+03  3.19482107e+01  4.29866235e+03 -1.33257750e+03 
 4.64158883e+03  2.73548702e+01  4.64158883e+03 -1.23422806e+03 
 5.01187234e+03  2.34145695e+01  5.01187234e+03 -1.14312360e+03 
 5.41169527e+03  2.00345398e+01  5.41169527e+03 -1.05873323e+03 
 5.84341413e+03  1.71351712e+01  5.84341413e+03 -9.80564338e+02 
 6.30957344e+03  1.46481512e+01  6.30957344e+03 -9.08160038e+02 
 6.81292069e+03  1.25148650e+01  6.81292069e+03 -8.41096616e+02 
 7.35642254e+03  1.06850225e+01  7.35642254e+03 -7.78981215e+02 
 7.94328235e+03  9.11547699e+00  7.94328235e+03 -7.21449649e+02 
 8.57695899e+03  7.76921292e+00  8.57695899e+03 -6.68164353e+02 
 9.26118728e+03  6.61447527e+00  9.26118728e+03 -6.18812478e+02 
 1.00000000e+04  5.62402290e+00  1.00000000e+04 -5.73104108e+02 
 1.07977516e+04  4.77448756e+00  1.07977516e+04 -5.30770606e+02 
 1.16591440e+04  4.04582370e+00  1.16591440e+04 -4.91563068e+02 
 1.25892541e+04  3.42083632e+00  1.25892541e+04 -4.55250891e+02 
 1.35935639e+04  2.88477591e+00  1.35935639e+04 -4.21620436e+02 
 1.46779927e+04  2.42499079e+00  1.46779927e+04 -3.90473794e+02 
 1.58489319e+04  2.03062888e+00  1.58489319e+04 -3.61627630e+02 
 1.71132830e+04  1.69238180e+00  1.71132830e+04 -3.34912119e+02 
 1.84784980e+04  1.40226537e+00  1.84784980e+04 -3.10169957e+02 
 1.99526231e+04  1.15343130e+00  1.99526231e+04 -2.87255435e+02 
 2.15443469e+04  9.40005582e-01  2.15443469e+04 -2.66033594e+02 
 2.32630507e+04  7.56949937e-01  2.32630507e+04 -2.46379432e+02 
 2.51188643e+04  5.99942939e-01  2.51188643e+04 -2.28177169e+02 
 2.71227258e+04  4.65278022e-01  2.71227258e+04 -2.11319571e+02 
 2.92864456e+04  3.49776014e-01  2.92864456e+04 -1.95707320e+02 
 3.16227766e+04  2.50710105e-01  3.16227766e+04 -1.81248429e+02 
 3.41454887e+04  1.65741484e-01  3.41454887e+04 -1.67857704e+02 
 3.68694506e+04  9.28641394e-02  3.68694506e+04 -1.55456239e+02 
 3.98107171e+04  3.03575052e-02  3.98107171e+04 -1.43970958e+02 
 4.29866235e+04 -2.32541528e-02  4.29866235e+04 -1.33334179e+02 
 4.64158883e+04 -6.92365732e-02  4.64158883e+04 -1.23483220e+02 
 5.01187234e+04 -1.08675379e-01  5.01187234e+04 -1.14360029e+02 
 5.41169527e+04 -1.42501706e-01  5.41169527e+04 -1.05910839e+02 
 5.84341413e+04 -1.71514184e-01  5.84341413e+04 -9.80858574e+01 
 6.30957344e+04 -1.96397793e-01  6.30957344e+04 -9.08389686e+01 
 6.81292069e+04 -2.17740031e-01  6.81292069e+04 -8.41274629e+01 
 7.35642254e+04 -2.36044787e-01  7.35642254e+04 -7.79117859e+01 
 7.94328235e+04 -2.51744237e-01  7.94328235e+04 -7.21553051e+01 
 8.57695899e+04 -2.65209045e-01  8.57695899e+04 -6.68240939e+01 
 9.26118728e+04 -2.76757116e-01  9.26118728e+04 -6.18867319e+01 
 1.00000000e+05 -2.86661102e-01  1.00000000e+05 -5.73141198e+01 
 1.07977516e+05 -2.95154836e-01  1.07977516e+05 -5.30793079e+01 
 1.16591440e+05 -3.02438857e-01  1.16591440e+05 -4.91573374e+01 
 1.25892541e+05 -3.08685143e-01  1.25892541e+05 -4.55250929e+01 
 1.35935639e+05 -3.14041169e-01  1.35935639e+05 -4.21611669e+01 
 1.46779927e+05 -3.18633392e-01  1.46779927e+05 -3.90457330e+01 
 1.58489319e+05 -3.22570236e-01  1.58489319e+05 -3.61604295e+01 
 1.71132830e+05 -3.25944650e-01  1.71132830e+05 -3.34882509e+01 
 1.84784980e+05 -3.28836307e-01  1.84784980e+05 -3.10134478e+01 
 1.99526231e+05 -3.31313478e-01  1.99526231e+05 -2.87214342e+01 
 2.15443469e+05 -3.33434651e-01  2.15443469e+05 -2.65987013e+01 
 2.32630507e+05 -3.35249908e-01  2.32630507e+05 -2.46327380e+01 
 2.51188643e+05 -3.36802108e-01  2.51188643e+05 -2.28119572e+01 
 2.71227258e+05 -3.38127901e-01  2.71227258e+05 -2.11256275e+01 
 2.92864456e+05 -3.39258589e-01  2.92864456e+05 -1.95638099e+01 
 3.16227766e+05 -3.40220871e-01  3.16227766e+05 -1.81172994e+01 
 3.41454887e+05 -3.41037470e-01  3.41454887e+05 -1.67775704e+01 
 3.68694506e+05 -3.41727668e-01  3.68694506e+05 -1.55367269e+01 
 3.98107171e+05 -3.42307767e-01  3.98107171e+05 -1.43874554e+01 
 4.29866235e+05 -3.42791469e-01  4.29866235e+05 -1.33229825e+01 
 4.64158883e+05 -3.43190203e-01  4.64158883e+05 -1.23370343e+01 
 5.01187234e+05 -3.43513396e-01  5.01187234e+05 -1.14238000e+01 
 5.41169527e+05 -3.43768696e-01  5.41169527e+05 -1.05778973e+01 
 5.84341413e+05 -3.43962151e-01  5.84341413e+05 -9.79434084e+00 
 6.30957344e+05 -3.44098360e-01  6.30957344e+05 -9.06851266e+00 
 6.81292069e+05 -3.44180580e-01  6.81292069e+05 -8.39613525e+00 
 7.35642254e+05 -3.44210808e-01  7.35642254e+05 -7.77324619e+00 
 7.94328235e+05 -3.44189833e-01  7.94328235e+05 -7.19617489e+00 
 8.57695899e+05 -3.44117262e-01  8.57695899e+05 -6.66152093e+00 
 9.26118728e+05 -3.43991522e-01  9.26118728e+05 -6.16613414e+00 
 1.00000000e+06 -3.43809831e-01  1.00000000e+06 -5.70709600e+00 
 1.07977516e+06 -3.43568156e-01  1.07977516e+06 -5.28170255e+00 
 1.16591440e+06 -3.43261136e-01  1.16591440e+06 -4.88744855e+00 
 1.25892541e+06 -3.42881990e-01  1.25892541e+06 -4.52201276e+00 
 1.35935639e+06 -3.42422396e-01  1.35935639e+06 -4.18324439e+00 
 1.46779927e+06 -3.41872357e-01  1.46779927e+06 -3.86915062e+00 
 1.58489319e+06 -3.41220036e-01  1.58489319e+06 -3.57788498e+00 
 1.71132830e+06 -3.40451579e-01  1.71132830e+06 -3.30773672e+00 
 1.84784980e+06 -3.39550926e-01  1.84784980e+06 -3.05712099e+00 
 1.99526231e+06 -3.38499607e-01  1.99526231e+06 -2.82456983e+00 
 2.15443469e+06 -3.37276547e-01  2.15443469e+06 -2.60872390e+00 
 2.32630507e+06 -3.35857873e-01  2.32630507e+06 -2.40832494e+00 
 2.51188643e+06 -3.34216764e-01  2.51188643e+06 -2.22220894e+00 
 2.71227258e+06 -3.32323339e-01  2.71227258e+06 -2.04929984e+00 
 2.92864456e+06 -3.30144636e-01  2.92864456e+06 -1.88860402e+00 
 3.16227766e+06 -3.27644693e-01  3.16227766e+06 -1.73920518e+00 
 3.41454887e+06 -3.24784803e-01  3.41454887e+06 -1.60025991e+00 
 3.68694506e+06 -3.21523956e-01  3.68694506e+06 -1.47099363e+00 
 3.98107171e+06 -3.17819556e-01  3.98107171e+06 -1.35069702e+00 
 4.29866235e+06 -3.13628435e-01  4.29866235e+06 -1.23872277e+00 
 4.64158883e+06 -3.08908234e-01  4.64158883e+06 -1.13448254e+00 
 5.01187234e+06 -3.03619161e-01  5.01187234e+06 -1.03744406e+00 
 5.41169527e+06 -2.97726143e-01  5.41169527e+06 -9.47128159e-01 
 5.84341413e+06 -2.91201318e-01  5.84341413e+06 -8.63105570e-01 
 6.30957344e+06 -2.84026773e-01  6.30957344e+06 -7.84993339e-01 
 6.81292069e+06 -2.76197367e-01  6.81292069e+06 -7.12450674e-01 
 7.35642254e+06 -2.67723391e-01  7.35642254e+06 -6.45174113e-01 
 7.94328235e+06 -2.58632775e-01  7.94328235e+06 -5.82891968e-01 
 8.57695899e+06 -2.48972521e-01  8.57695899e+06 -5.25358133e-01 
 9.26118728e+06 -2.38809032e-01  9.26118728e+06 -4.72345438e-01 
 1.00000000e+07 -2.28227094e-01  1.00000000e+07 -4.23638901e-01 
 1.07977516e+07 -2.17327394e-01  1.07977516e+07 -3.79029312e-01 
 1.16591440e+07 -2.06222634e-01  1.16591440e+07 -3.38307649e-01 
 1.25892541e+07 -1.95032477e-01  1.25892541e+07 -3.01260780e-01 
 1.35935639e+07 -1.83877783e-01  1.35935639e+07 -2.67668826e-01 
 1.46779927e+07 -1.72874645e-01  1.46779927e+07 -2.37304336e-01 
 1.58489319e+07 -1.62128846e-01  1.58489319e+07 -2.09933251e-01 
 1.71132830e+07 -1.51731216e-01  1.71132830e+07 -1.85317394e-01 
 1.84784980e+07 -1.41754296e-01  1.84784980e+07 -1.63218068e-01 
 1.99526231e+07 -1.32250495e-01  1.99526231e+07 -1.43400273e-01 
 2.15443469e+07 -1.23251734e-01  2.15443469e+07 -1.25637041e-01 
 2.32630507e+07 -1.14770436e-01  2.32630507e+07 -1.09713442e-01 
 2.51188643e+07 -1.06801596e-01  2.51188643e+07 -9.54299698e-02 
 2.71227258e+07 -9.93256127e-02  2.71227258e+07 -8.26050836e-02 
 2.92864456e+07 -9.23115925e-02  2.92864456e+07 -7.10768563e-02 
 3.16227766e+07 -8.57208371e-02  3.16227766e+07 -6.07037245e-02 
 3.41454887e+07 -7.95103150e-02  3.41454887e+07 -5.13644141e-02 
 3.68694506e+07 -7.36359458e-02  3.68694506e+07 -4.29571355e-02 
 3.98107171e+07 -6.80555819e-02  3.98107171e+07 -3.53981428e-02 
 4.29866235e+07 -6.27315889e-02  4.29866235e+07 -2.86197531e-02 
 4.64158883e+07 -5.76329420e-02  4.64158883e+07 -2.25679122e-02 
 5.01187234e+07 -5.27367501e-02  5.01187234e+07 -1.71994057e-02 
 5.41169527e+07 -4.80291264e-02  5.41169527e+07 -1.24788313e-02 
 5.84341413e+07 -4.35053306e-02  5.84341413e+07 -8.37548676e-03 
 6.30957344e+07 -3.91691473e-02  6.30957344e+07 -4.86036355e-03 
 6.81292069e+07 -3.50315221e-02  6.81292069e+07 -1.90346815e-03 
 7.35642254e+07 -3.11085546e-02  7.35642254e+07  5.28301826e-04 
 7.94328235e+07 -2.74190415e-02  7.94328235e+07  2.47253178e-03 
 8.57695899e+07 -2.39818320e-02  8.57695899e+07  3.97179241e-03 
 9.26118728e+07 -2.08133025e-02  9.26118728e+07  5.07325571e-03 
 1.00000000e+08 -1.79252442e-02  1.00000000e+08  5.82753116e-03 
 1.07977516e+08 -1.53233960e-02  1.07977516e+08  6.28693678e-03 
 1.16591440e+08 -1.30067457e-02  1.16591440e+08  6.50348849e-03 
 1.25892541e+08 -1.09676012e-02  1.25892541e+08  6.52690644e-03 
 1.35935639e+08 -9.19231928e-03  1.35935639e+08  6.40289639e-03 
 1.46779927e+08 -7.66250271e-03  1.46779927e+08  6.17188444e-03 
 1.58489319e+08 -6.35644086e-03  1.58489319e+08  5.86828477e-03 
 1.71132830e+08 -5.25058507e-03  1.71132830e+08  5.52028867e-03 
 1.84784980e+08 -4.32089087e-03  1.84784980e+08  5.15009375e-03 
 1.99526231e+08 -3.54392019e-03  1.99526231e+08  4.77445419e-03 
 2.15443469e+08 -2.89765620e-03  2.15443469e+08  4.40542421e-03 
 2.32630507e+08 -2.36203175e-03  2.32630507e+08  4.05117960e-03 
 2.51188643e+08 -1.91920568e-03  2.51188643e+08  3.71682798e-03 
 2.71227258e+08 -1.55363813e-03  2.71227258e+08  3.40514766e-03 
 2.92864456e+08 -1.25202045e-03  2.92864456e+08  3.11722213e-03 
 3.16227766e+08 -1.00311079e-03  3.16227766e+08  2.85295855e-03 
 3.41454887e+08 -7.97517572e-04  3.41454887e+08  2.61149346e-03 
 3.68694506e+08 -6.27462887e-04  3.68694506e+08  2.39149791e-03 
 3.98107171e+08 -4.86547567e-04  3.98107171e+08  2.19139812e-03 
 4.29866235e+08 -3.69531817e-04  4.29866235e+08  2.00952853e-03 
 4.64158883e+08 -2.72138680e-04  4.64158883e+08  1.84423312e-03 
 5.01187234e+08 -1.90883265e-04  5.01187234e+08  1.69392835e-03 
 5.41169527e+08 -1.22927681e-04  5.41169527e+08  1.55713882e-03 
 5.84341413e+08 -6.59599144e-05  5.84341413e+08  1.43251409e-03 
 6.30957344e+08 -1.80940040e-05  6.30957344e+08  1.31883318e-03 
 6.81292069e+08  2.22114214e-05  6.81292069e+08  1.21500123e-03 
 7.35642254e+08  5.62191599e-05  7.35642254e+08  1.12004174e-03 
 7.94328235e+08  8.49666670e-05  7.94328235e+08  1.03308652e-03 
 8.57695899e+08  1.09308846e-04  8.57695899e+08  9.53364733e-04 
 9.26118728e+08  1.29952389e-04  9.26118728e+08  8.80192111e-04 
 1.00000000e+09  1.47483334e-04  1.00000000e+09  8.12960689e-04 
 1.07977516e+09  1.62389194e-04  1.07977516e+09  7.51129444e-04 
 1.16591440e+09  1.75076751e-04  1.16591440e+09  6.94215908e-04 
 1.25892541e+09  1.85886408e-04  1.25892541e+09  6.41788769e-04 
 1.35935639e+09  1.95103794e-04  1.35935639e+09  5.93461421e-04 
 1.46779927e+09  2.02969179e-04  1.46779927e+09  5.48886375e-04 
 1.58489319e+09  2.09685138e-04  1.58489319e+09  5.07750438e-04 
 1.71132830e+09  2.15422821e-04  1.71132830e+09  4.69770573e-04 
 1.84784980e+09  2.20327094e-04  1.84784980e+09  4.34690338e-04 
 1.99526231e+09  2.24520778e-04  1.99526231e+09  4.02276826e-04 
 2.15443469e+09  2.28108153e-04  2.15443469e+09  3.72318041e-04 
 2.32630507e+09  2.31177868e-04  2.32630507e+09  3.44620619e-04 
 2.51188643e+09  2.33805366e-04  2.51188643e+09  3.19007874e-04 
 2.71227258e+09  2.36054914e-04  2.71227258e+09  2.95318089e-04 
 2.92864456e+09  2.37981303e-04  2.92864456e+09  2.73403033e-04 
 3.16227766e+09  2.39631277e-04  3.16227766e+09  2.53126656e-04 
 3.41454887e+09  2.41044742e-04  3.41454887e+09  2.34363947e-04 
 3.68694506e+09  2.42255783e-04  3.68694506e+09  2.16999921e-04 
 3.98107171e+09  2.43293529e-04  3.98107171e+09  2.00928719e-04 
 4.29866235e+09  2.44182883e-04  4.29866235e+09  1.86052814e-04 
 4.64158883e+09  2.44945143e-04  4.64158883e+09  1.72282286e-04 
 5.01187234e+09  2.45598533e-04  5.01187234e+09  1.59534183e-04 
 5.41169527e+09  2.46158646e-04  5.41169527e+09  1.47731943e-04 
 5.84341413e+09  2.46638833e-04  5.84341413e+09  1.36804867e-04 
 6.30957344e+09  2.47050523e-04  6.30957344e+09  1.26687645e-04 
 6.81292069e+09  2.47403507e-04  6.81292069e+09  1.17319923e-04 
 7.35642254e+09  2.47706171e-04  7.35642254e+09  1.08645914e-04 
 7.94328235e+09  2.47965697e-04  7.94328235e+09  1.00614035e-04 
 8.57695899e+09  2.48188243e-04  8.57695899e+09  9.31765827e-05 
 9.26118728e+09  2.48379083e-04  9.26118728e+09  8.62894310e-05 
 1.00000000e+10  2.48542739e-04  1.00000000e+10  7.99117567e-05 
