 1.00000000e+00  4.89084931e+04  1.00000000e+00 -2.18348341e+02 
 1.07977516e+00  4.89083314e+04  1.07977516e+00 -2.35766335e+02 
 1.16591440e+00  4.89081428e+04  1.16591440e+00 -2.54573652e+02 
 1.25892541e+00  4.89079230e+04  1.25892541e+00 -2.74881070e+02 
 1.35935639e+00  4.89076667e+04  1.35935639e+00 -2.96808197e+02 
 1.46779927e+00  4.89073678e+04  1.46779927e+00 -3.20484161e+02 
 1.58489319e+00  4.89070194e+04  1.58489319e+00 -3.46048371e+02 
 1.71132830e+00  4.89066132e+04  1.71132830e+00 -3.73651333e+02 
 1.84784980e+00  4.89061396e+04  1.84784980e+00 -4.03455522e+02 
 1.99526231e+00  4.89055874e+04  1.99526231e+00 -4.35636333e+02 
 2.15443469e+00  4.89049437e+04  2.15443469e+00 -4.70383100e+02 
 2.32630507e+00  4.89041931e+04  2.32630507e+00 -5.07900193e+02 
 2.51188643e+00  4.89033181e+04  2.51188643e+00 -5.48408201e+02 
 2.71227258e+00  4.89022979e+04  2.71227258e+00 -5.92145201e+02 
 2.92864456e+00  4.89011084e+04  2.92864456e+00 -6.39368129e+02 
 3.16227766e+00  4.88997218e+04  3.16227766e+00 -6.90354249e+02 
 3.41454887e+00  4.88981051e+04  3.41454887e+00 -7.45402727e+02 
 3.68694506e+00  4.88962204e+04  3.68694506e+00 -8.04836328e+02 
 3.98107171e+00  4.88940231e+04  3.98107171e+00 -8.69003224e+02 
 4.29866235e+00  4.88914615e+04  4.29866235e+00 -9.38278939e+02 
 4.64158883e+00  4.88884753e+04  4.64158883e+00 -1.01306841e+03 
 5.01187234e+00  4.88849940e+04  5.01187234e+00 -1.09380822e+03 
 5.41169527e+00  4.88809358e+04  5.41169527e+00 -1.18096890e+03 
 5.84341413e+00  4.88762052e+04  5.84341413e+00 -1.27505748e+03 
 6.30957344e+00  4.88706908e+04  6.30957344e+00 -1.37662006e+03 
 6.81292069e+00  4.88642630e+04  6.81292069e+00 -1.48624465e+03 
 7.35642254e+00  4.88567710e+04  7.35642254e+00 -1.60456400e+03 
 7.94328235e+00  4.88480388e+04  7.94328235e+00 -1.73225870e+03 
 8.57695899e+00  4.88378617e+04  8.57695899e+00 -1.87006023e+03 
 9.26118728e+00  4.88260015e+04  9.26118728e+00 -2.01875422e+03 
 1.00000000e+01  4.88121808e+04  1.00000000e+01 -2.17918365e+03 
 1.07977516e+01  4.87960769e+04  1.07977516e+01 -2.35225209e+03 
 1.16591440e+01  4.87773145e+04  1.16591440e+01 -2.53892678e+03 
 1.25892541e+01  4.87554574e+04  1.25892541e+01 -2.74024163e+03 
 1.35935639e+01  4.87299986e+04  1.35935639e+01 -2.95729984e+03 
 1.46779927e+01  4.87003493e+04  1.46779927e+01 -3.19127605e+03 
 1.58489319e+01  4.86658264e+04  1.58489319e+01 -3.44341792e+03 
 1.71132830e+01  4.86256373e+04  1.71132830e+01 -3.71504669e+03 
 1.84784980e+01  4.85788640e+04  1.84784980e+01 -4.00755657e+03 
 1.99526231e+01  4.85244439e+04  1.99526231e+01 -4.32241251e+03 
 2.15443469e+01  4.84611484e+04  2.15443469e+01 -4.66114577e+03 
 2.32630507e+01  4.83875594e+04  2.32630507e+01 -5.02534683e+03 
 2.51188643e+01  4.83020427e+04  2.51188643e+01 -5.41665482e+03 
 2.71227258e+01  4.82027184e+04  2.71227258e+01 -5.83674252e+03 
 2.92864456e+01  4.80874293e+04  2.92864456e+01 -6.28729602e+03 
 3.16227766e+01  4.79537064e+04  3.16227766e+01 -6.76998759e+03 
 3.41454887e+01  4.77987330e+04  3.41454887e+01 -7.28644052e+03 
 3.68694506e+01  4.76193073e+04  3.68694506e+01 -7.83818412e+03 
 3.98107171e+01  4.74118057e+04  3.98107171e+01 -8.42659718e+03 
 4.29866235e+01  4.71721483e+04  4.29866235e+01 -9.05283797e+03 
 4.64158883e+01  4.68957695e+04  4.64158883e+01 -9.71775882e+03 
 5.01187234e+01  4.65775968e+04  5.01187234e+01 -1.04218037e+04 
 5.41169527e+01  4.62120432e+04  5.41169527e+01 -1.11648874e+04 
 5.84341413e+01  4.57930181e+04  5.84341413e+01 -1.19462560e+04 
 6.30957344e+01  4.53139650e+04  6.30957344e+01 -1.27643291e+04 
 6.81292069e+01  4.47679329e+04  6.81292069e+01 -1.36165271e+04 
 7.35642254e+01  4.41476912e+04  7.35642254e+01 -1.44990886e+04 
 7.94328235e+01  4.34458976e+04  7.94328235e+01 -1.54068866e+04 
 8.57695899e+01  4.26553254e+04  8.57695899e+01 -1.63332566e+04 
 9.26118728e+01  4.17691589e+04  9.26118728e+01 -1.72698548e+04 
 1.00000000e+02  4.07813553e+04  1.00000000e+02 -1.82065667e+04 
 1.07977516e+02  3.96870694e+04  1.07977516e+02 -1.91314945e+04 
 1.16591440e+02  3.84831250e+04  1.16591440e+02 -2.00310486e+04 
 1.25892541e+02  3.71685072e+04  1.25892541e+02 -2.08901704e+04 
 1.35935639e+02  3.57448364e+04  1.35935639e+02 -2.16927054e+04 
 1.46779927e+02  3.42167756e+04  1.46779927e+02 -2.24219336e+04 
 1.58489319e+02  3.25923131e+04  1.58489319e+02 -2.30612466e+04 
 1.71132830e+02  3.08828667e+04  1.71132830e+02 -2.35949393e+04 
 1.84784980e+02  2.91031623e+04  1.84784980e+02 -2.40090599e+04 
 1.99526231e+02  2.72708621e+04  1.99526231e+02 -2.42922432e+04 
 2.15443469e+02  2.54059454e+04  2.15443469e+02 -2.44364418e+04 
 2.32630507e+02  2.35298795e+04  2.32630507e+02 -2.44374706e+04 
 2.51188643e+02  2.16646496e+04  2.51188643e+02 -2.42952997e+04 
 2.71227258e+02  1.98317376e+04  2.71227258e+02 -2.40140559e+04 
 2.92864456e+02  1.80511501e+04  2.92864456e+02 -2.36017348e+04 
 3.16227766e+02  1.63405876e+04  3.16227766e+02 -2.30696589e+04 
 3.41454887e+02  1.47148212e+04  3.41454887e+02 -2.24317488e+04 
 3.68694506e+02  1.31853173e+04  3.68694506e+02 -2.17036906e+04 
 3.98107171e+02  1.17601132e+04  3.98107171e+02 -2.09020855e+04 
 4.29866235e+02  1.04439176e+04  4.29866235e+02 -2.00436570e+04 
 4.64158883e+02  9.23839190e+03  4.64158883e+02 -1.91445719e+04 
 5.01187234e+02  8.14255561e+03  5.01187234e+02 -1.82199073e+04 
 5.41169527e+02  7.15326001e+03  5.41169527e+02 -1.72832759e+04 
 5.84341413e+02  6.26568029e+03  5.84341413e+02 -1.63466005e+04 
 6.30957344e+02  5.47378771e+03  6.30957344e+02 -1.54200212e+04 
 6.81292069e+02  4.77077479e+03  6.81292069e+02 -1.45119068e+04 
 7.35642254e+02  4.14941868e+03  7.35642254e+02 -1.36289448e+04 
 7.94328235e+02  3.60237675e+03  7.94328235e+02 -1.27762830e+04 
 8.57695899e+02  3.12241561e+03  8.57695899e+02 -1.19577012e+04 
 9.26118728e+02  2.70257934e+03  9.26118728e+02 -1.11757944e+04 
 1.00000000e+03  2.33630514e+03  1.00000000e+03 -1.04321561e+04 
 1.07977516e+03  2.01749550e+03  1.07977516e+03 -9.72755089e+03 
 1.16591440e+03  1.74055600e+03  1.16591440e+03 -9.06207256e+03 
 1.25892541e+03  1.50040683e+03  1.25892541e+03 -8.43528379e+03 
 1.35935639e+03  1.29247521e+03  1.35935639e+03 -7.84633730e+03 
 1.46779927e+03  1.11267456e+03  1.46779927e+03 -7.29407858e+03 
 1.58489319e+03  9.57375007e+02  1.58489319e+03 -6.77713146e+03 
 1.71132830e+03  8.23368982e+02  1.71132830e+03 -6.29396836e+03 
 1.84784980e+03  7.07834440e+02  1.84784980e+03 -5.84296698e+03 
 1.99526231e+03  6.08297730e+02  1.99526231e+03 -5.42245547e+03 
 2.15443469e+03  5.22597419e+02  2.15443469e+03 -5.03074776e+03 
 2.32630507e+03  4.48849966e+02  2.32630507e+03 -4.66617070e+03 
 2.51188643e+03  3.85417752e+02  2.51188643e+03 -4.32708457e+03 
 2.71227258e+03  3.30879760e+02  2.71227258e+03 -4.01189811e+03 
 2.92864456e+03  2.84004987e+02  2.92864456e+03 -3.71907915e+03 
 3.16227766e+03  2.43728558e+02  3.16227766e+03 -3.44716176e+03 
 3.41454887e+03  2.09130438e+02  3.41454887e+03 -3.19475070e+03 
 3.68694506e+03  1.79416556e+02  3.68694506e+03 -2.96052367e+03 
 3.98107171e+03  1.53902181e+02  3.98107171e+03 -2.74323197e+03 
 4.29866235e+03  1.31997310e+02  4.29866235e+03 -2.54169991e+03 
 4.64158883e+03  1.13193906e+02  4.64158883e+03 -2.35482330e+03 
 5.01187234e+03  9.70547501e+01  5.01187234e+03 -2.18156725e+03 
 5.41169527e+03  8.32037547e+01  5.41169527e+03 -2.02096357e+03 
 5.84341413e+03  7.13175488e+01  5.84341413e+03 -1.87210783e+03 
 6.30957344e+03  6.11181874e+01  6.30957344e+03 -1.73415619e+03 
 6.81292069e+03  5.23668425e+01  6.81292069e+03 -1.60632224e+03 
 7.35642254e+03  4.48583514e+01  7.35642254e+03 -1.48787371e+03 
 7.94328235e+03  3.84165105e+01  7.94328235e+03 -1.37812934e+03 
 8.57695899e+03  3.28900168e+01  8.57695899e+03 -1.27645570e+03 
 9.26118728e+03  2.81489699e+01  9.26118728e+03 -1.18226417e+03 
 1.00000000e+04  2.40818606e+01  1.00000000e+04 -1.09500807e+03 
 1.07977516e+04  2.05929784e+01  1.07977516e+04 -1.01417982e+03 
 1.16591440e+04  1.76001818e+01  1.16591440e+04 -9.39308395e+02 
 1.25892541e+04  1.50329804e+01  1.25892541e+04 -8.69956739e+02 
 1.35935639e+04  1.28308875e+01  1.35935639e+04 -8.05719478e+02 
 1.46779927e+04  1.09420035e+01  1.46779927e+04 -7.46220684e+02 
 1.58489319e+04  9.32179916e+00  1.58489319e+04 -6.91111807e+02 
 1.71132830e+04  7.93207101e+00  1.71132830e+04 -6.40069731e+02 
 1.84784980e+04  6.74004395e+00  1.84784980e+04 -5.92794965e+02 
 1.99526231e+04  5.71760094e+00  1.99526231e+04 -5.49009943e+02 
 2.15443469e+04  4.84062173e+00  2.15443469e+04 -5.08457450e+02 
 2.32630507e+04  4.08841521e+00  2.32630507e+04 -4.70899147e+02 
 2.51188643e+04  3.44323234e+00  2.51188643e+04 -4.36114204e+02 
 2.71227258e+04  2.88984811e+00  2.71227258e+04 -4.03898029e+02 
 2.92864456e+04  2.41520277e+00  2.92864456e+04 -3.74061080e+02 
 3.16227766e+04  2.00809411e+00  3.16227766e+04 -3.46427769e+02 
 3.41454887e+04  1.65891331e+00  3.41454887e+04 -3.20835443e+02 
 3.68694506e+04  1.35941844e+00  3.68694506e+04 -2.97133432e+02 
 3.98107171e+04  1.10254005e+00  3.98107171e+04 -2.75182174e+02 
 4.29866235e+04  8.82214420e-01  4.29866235e+04 -2.54852397e+02 
 4.64158883e+04  6.93240515e-01  4.64158883e+04 -2.36024364e+02 
 5.01187234e+04  5.31157288e-01  5.01187234e+04 -2.18587172e+02 
 5.41169527e+04  3.92138406e-01  5.41169527e+04 -2.02438103e+02 
 5.84341413e+04  2.72901959e-01  5.84341413e+04 -1.87482017e+02 
 6.30957344e+04  1.70633011e-01  6.30957344e+04 -1.73630799e+02 
 6.81292069e+04  8.29171594e-02  6.81292069e+04 -1.60802839e+02 
 7.35642254e+04  7.68355437e-03  7.35642254e+04 -1.48922551e+02 
 7.94328235e+04 -5.68439847e-02  7.94328235e+04 -1.37919930e+02 
 8.57695899e+04 -1.12188893e-01  8.57695899e+04 -1.27730142e+02 
 9.26118728e+04 -1.59657822e-01  9.26118728e+04 -1.18293141e+02 
 1.00000000e+05 -2.00371484e-01  1.00000000e+05 -1.09553314e+02 
 1.07977516e+05 -2.35291110e-01  1.07977516e+05 -1.01459156e+02 
 1.16591440e+05 -2.65241139e-01  1.16591440e+05 -9.39629660e+01 
 1.25892541e+05 -2.90928683e-01  1.25892541e+05 -8.70205674e+01 
 1.35935639e+05 -3.12960221e-01  1.35935639e+05 -8.05910454e+01 
 1.46779927e+05 -3.31855914e-01  1.46779927e+05 -7.46365078e+01 
 1.58489319e+05 -3.48061889e-01  1.58489319e+05 -6.91218614e+01 
 1.71132830e+05 -3.61960767e-01  1.71132830e+05 -6.40146052e+01 
 1.84784980e+05 -3.73880704e-01  1.84784980e+05 -5.92846388e+01 
 1.99526231e+05 -3.84103128e-01  1.99526231e+05 -5.49040855e+01 
 2.15443469e+05 -3.92869393e-01  2.15443469e+05 -5.08471276e+01 
 2.32630507e+05 -4.00386471e-01  2.32630507e+05 -4.70898546e+01 
 2.51188643e+05 -4.06831843e-01  2.51188643e+05 -4.36101219e+01 
 2.71227258e+05 -4.12357683e-01  2.71227258e+05 -4.03874209e+01 
 2.92864456e+05 -4.17094459e-01  2.92864456e+05 -3.74027576e+01 
 3.16227766e+05 -4.21154008e-01  3.16227766e+05 -3.46385411e+01 
 3.41454887e+05 -4.24632175e-01  3.41454887e+05 -3.20784796e+01 
 3.68694506e+05 -4.27611083e-01  3.68694506e+05 -2.97074846e+01 
 3.98107171e+05 -4.30161064e-01  3.98107171e+05 -2.75115818e+01 
 4.29866235e+05 -4.32342325e-01  4.29866235e+05 -2.54778290e+01 
 4.64158883e+05 -4.34206367e-01  4.64158883e+05 -2.35942395e+01 
 5.01187234e+05 -4.35797202e-01  5.01187234e+05 -2.18497117e+01 
 5.41169527e+05 -4.37152393e-01  5.41169527e+05 -2.02339639e+01 
 5.84341413e+05 -4.38303937e-01  5.84341413e+05 -1.87374728e+01 
 6.30957344e+05 -4.39279028e-01  6.30957344e+05 -1.73514187e+01 
 6.81292069e+05 -4.40100692e-01  6.81292069e+05 -1.60676322e+01 
 7.35642254e+05 -4.40788336e-01  7.35642254e+05 -1.48785471e+01 
 7.94328235e+05 -4.41358204e-01  7.94328235e+05 -1.37771551e+01 
 8.57695899e+05 -4.41823764e-01  8.57695899e+05 -1.27569650e+01 
 9.26118728e+05 -4.42196025e-01  9.26118728e+05 -1.18119641e+01 
 1.00000000e+06 -4.42483798e-01  1.00000000e+06 -1.09365831e+01 
 1.07977516e+06 -4.42693911e-01  1.07977516e+06 -1.01256628e+01 
 1.16591440e+06 -4.42831365e-01  1.16591440e+06 -9.37442419e+00 
 1.25892541e+06 -4.42899465e-01  1.25892541e+06 -8.67844023e+00 
 1.35935639e+06 -4.42899895e-01  1.35935639e+06 -8.03360955e+00 
 1.46779927e+06 -4.42832773e-01  1.46779927e+06 -7.43613248e+00 
 1.58489319e+06 -4.42696658e-01  1.58489319e+06 -6.88248870e+00 
 1.71132830e+06 -4.42488532e-01  1.71132830e+06 -6.36941650e+00 
 1.84784980e+06 -4.42203744e-01  1.84784980e+06 -5.89389369e+00 
 1.99526231e+06 -4.41835930e-01  1.99526231e+06 -5.45311982e+00 
 2.15443469e+06 -4.41376892e-01  2.15443469e+06 -5.04449981e+00 
 2.32630507e+06 -4.40816446e-01  2.32630507e+06 -4.66562879e+00 
 2.51188643e+06 -4.40142248e-01  2.51188643e+06 -4.31427813e+00 
 2.71227258e+06 -4.39339579e-01  2.71227258e+06 -3.98838244e+00 
 2.92864456e+06 -4.38391103e-01  2.92864456e+06 -3.68602776e+00 
 3.16227766e+06 -4.37276604e-01  3.16227766e+06 -3.40544049e+00 
 3.41454887e+06 -4.35972697e-01  3.41454887e+06 -3.14497743e+00 
 3.68694506e+06 -4.34452530e-01  3.68694506e+06 -2.90311649e+00 
 3.98107171e+06 -4.32685483e-01  3.98107171e+06 -2.67844830e+00 
 4.29866235e+06 -4.30636886e-01  4.29866235e+06 -2.46966861e+00 
 4.64158883e+06 -4.28267774e-01  4.64158883e+06 -2.27557137e+00 
 5.01187234e+06 -4.25534715e-01  5.01187234e+06 -2.09504253e+00 
 5.41169527e+06 -4.22389749e-01  5.41169527e+06 -1.92705459e+00 
 5.84341413e+06 -4.18780485e-01  5.84341413e+06 -1.77066172e+00 
 6.30957344e+06 -4.14650431e-01  6.30957344e+06 -1.62499550e+00 
 6.81292069e+06 -4.09939606e-01  6.81292069e+06 -1.48926121e+00 
 7.35642254e+06 -4.04585528e-01  7.35642254e+06 -1.36273464e+00 
 7.94328235e+06 -3.98524660e-01  7.94328235e+06 -1.24475917e+00 
 8.57695899e+06 -3.91694368e-01  8.57695899e+06 -1.13474315e+00 
 9.26118728e+06 -3.84035460e-01  9.26118728e+06 -1.03215732e+00 
 1.00000000e+07 -3.75495304e-01  1.00000000e+07 -9.36532073e-01 
 1.07977516e+07 -3.66031491e-01  1.07977516e+07 -8.47454274e-01 
 1.16591440e+07 -3.55615899e-01  1.16591440e+07 -7.64563470e-01 
 1.25892541e+07 -3.44238945e-01  1.25892541e+07 -6.87547172e-01 
 1.35935639e+07 -3.31913686e-01  1.35935639e+07 -6.16135045e-01 
 1.46779927e+07 -3.18679343e-01  1.46779927e+07 -5.50091940e-01 
 1.58489319e+07 -3.04603762e-01  1.58489319e+07 -4.89209823e-01 
 1.71132830e+07 -2.89784334e-01  1.71132830e+07 -4.33298881e-01 
 1.84784980e+07 -2.74346971e-01  1.84784980e+07 -3.82178266e-01 
 1.99526231e+07 -2.58442908e-01  1.99526231e+07 -3.35667109e-01 
 2.15443469e+07 -2.42243370e-01  2.15443469e+07 -2.93576546e-01 
 2.32630507e+07 -2.25932407e-01  2.32630507e+07 -2.55703466e-01 
 2.51188643e+07 -2.09698496e-01  2.51188643e+07 -2.21826548e-01 
 2.71227258e+07 -1.93725685e-01  2.71227258e+07 -1.91704928e-01 
 2.92864456e+07 -1.78185153e-01  2.92864456e+07 -1.65079467e-01 
 3.16227766e+07 -1.63227966e-01  3.16227766e+07 -1.41676336e-01 
 3.41454887e+07 -1.48979639e-01  3.41454887e+07 -1.21212315e-01 
 3.68694506e+07 -1.35536837e-01  3.68694506e+07 -1.03401092e-01 
 3.98107171e+07 -1.22966257e-01  3.98107171e+07 -8.79598130e-02 
 4.29866235e+07 -1.11305479e-01  4.29866235e+07 -7.46152219e-02 
 4.64158883e+07 -1.00565407e-01  4.64158883e+07 -6.31088998e-02 
 5.01187234e+07 -9.07338106e-02  5.01187234e+07 -5.32013030e-02 
 5.41169527e+07 -8.17795068e-02  5.41169527e+07 -4.46744992e-02 
 5.84341413e+07 -7.36567347e-02  5.84341413e+07 -3.73336467e-02 
 6.30957344e+07 -6.63094111e-02  6.30957344e+07 -3.10073710e-02 
 6.81292069e+07 -5.96750291e-02  6.81292069e+07 -2.55472430e-02 
 7.35642254e+07 -5.36880717e-02  7.35642254e+07 -2.08265800e-02 
 7.94328235e+07 -4.82828831e-02  7.94328235e+07 -1.67387698e-02 
 8.57695899e+07 -4.33959978e-02  8.57695899e+07 -1.31952888e-02 
 9.26118728e+07 -3.89679558e-02  9.26118728e+07 -1.01235418e-02 
 1.00000000e+08 -3.49446446e-02  1.00000000e+08 -7.46462099e-03 
 1.07977516e+08 -3.12782072e-02  1.07977516e+08 -5.17105073e-03 
 1.16591440e+08 -2.79275479e-02  1.16591440e+08 -3.20457120e-03 
 1.25892541e+08 -2.48584581e-02  1.25892541e+08 -1.53401109e-03 
 1.35935639e+08 -2.20433827e-02  1.35935639e+08 -1.33302152e-04 
 1.46779927e+08 -1.94608543e-02  1.46779927e+08  1.02030204e-03 
 1.58489319e+08 -1.70946382e-02  1.58489319e+08  1.94773573e-03 
 1.71132830e+08 -1.49326544e-02  1.71132830e+08  2.66929507e-03 
 1.84784980e+08 -1.29657704e-02  1.84784980e+08  3.20542921e-03 
 1.99526231e+08 -1.11865752e-02  1.99526231e+08  3.57713094e-03 
 2.15443469e+08 -9.58825126e-03  2.15443469e+08  3.80594900e-03 
 2.32630507e+08 -8.16364940e-03  2.32630507e+08  3.91368561e-03 
 2.51188643e+08 -6.90463970e-03  2.51188643e+08  3.92187622e-03 
 2.71227258e+08 -5.80177125e-03  2.71227258e+08  3.85116635e-03 
 2.92864456e+08 -4.84422708e-03  2.92864456e+08  3.72069846e-03 
 3.16227766e+08 -4.02002280e-03  3.16227766e+08  3.54760174e-03 
 3.41454887e+08 -3.31637290e-03  3.41454887e+08  3.34664526e-03 
 3.68694506e+08 -2.72014066e-03  3.68694506e+08  3.13007833e-03 
 3.98107171e+08 -2.21829540e-03  3.98107171e+08  2.90764922e-03 
 4.29866235e+08 -1.79831827e-03  4.29866235e+08  2.68677016e-03 
 4.64158883e+08 -1.44852069e-03  4.64158883e+08  2.47278401e-03 
 5.01187234e+08 -1.15826076e-03  5.01187234e+08  2.26928663e-03 
 5.41169527e+08 -9.18060294e-04  5.41169527e+08  2.07846434e-03 
 5.84341413e+08 -7.19636452e-04  5.84341413e+08  1.90141583e-03 
 6.30957344e+08 -5.55867436e-04  6.30957344e+08  1.73843877e-03 
 6.81292069e+08 -4.20712721e-04  6.81292069e+08  1.58927100e-03 
 7.35642254e+08 -3.09106357e-04  7.35642254e+08  1.45328393e-03 
 7.94328235e+08 -2.16838262e-04  7.94328235e+08  1.32963088e-03 
 8.57695899e+08 -1.40434511e-04  8.57695899e+08  1.21735605e-03 
 9.26118728e+08 -7.70439223e-05  9.26118728e+08  1.11547099e-03 
 1.00000000e+09 -2.43351942e-05  1.00000000e+09  1.02300542e-03 
 1.07977516e+09  1.95934402e-05  1.07977516e+09  9.39038901e-04 
 1.16591440e+09  5.62916479e-05  1.16591440e+09  8.62718386e-04 
 1.25892541e+09  8.70221399e-05  1.25892541e+09  7.93266135e-04 
 1.35935639e+09  1.12814690e-04  1.35935639e+09  7.29981121e-04 
 1.46779927e+09  1.34510436e-04  1.46779927e+09  6.72236401e-04 
 1.58489319e+09  1.52797921e-04  1.58489319e+09  6.19474132e-04 
 1.71132830e+09  1.68242228e-04  1.71132830e+09  5.71199444e-04 
 1.84784980e+09  1.81308454e-04  1.84784980e+09  5.26973914e-04 
 1.99526231e+09  1.92380568e-04  1.99526231e+09  4.86409158e-04 
 2.15443469e+09  2.01776547e-04  2.15443469e+09  4.49160809e-04 
 2.32630507e+09  2.09760541e-04  2.32630507e+09  4.14923024e-04 
 2.51188643e+09  2.16552640e-04  2.51188643e+09  3.83423592e-04 
 2.71227258e+09  2.22336760e-04  2.71227258e+09  3.54419620e-04 
 2.92864456e+09  2.27267002e-04  2.92864456e+09  3.27693791e-04 
 3.16227766e+09  2.31472816e-04  3.16227766e+09  3.03051117e-04 
 3.41454887e+09  2.35063195e-04  3.41454887e+09  2.80316156e-04 
 3.68694506e+09  2.38130104e-04  3.68694506e+09  2.59330610e-04 
 3.98107171e+09  2.40751292e-04  3.98107171e+09  2.39951278e-04 
 4.29866235e+09  2.42992602e-04  4.29866235e+09  2.22048289e-04 
 4.64158883e+09  2.44909884e-04  4.64158883e+09  2.05503588e-04 
 5.01187234e+09  2.46550574e-04  5.01187234e+09  1.90209632e-04 
 5.41169527e+09  2.47955013e-04  5.41169527e+09  1.76068262e-04 
 5.84341413e+09  2.49157546e-04  5.84341413e+09  1.62989728e-04 
 6.30957344e+09  2.50187443e-04  6.30957344e+09  1.50891835e-04 
 6.81292069e+09  2.51069666e-04  6.81292069e+09  1.39699205e-04 
 7.35642254e+09  2.51825523e-04  7.35642254e+09  1.29342618e-04 
 7.94328235e+09  2.52473212e-04  7.94328235e+09  1.19758446e-04 
 8.57695899e+09  2.53028286e-04  8.57695899e+09  1.10888139e-04 
 9.26118728e+09  2.53504041e-04  9.26118728e+09  1.02677775e-04 
 1.00000000e+10  2.53911851e-04  1.00000000e+10  9.50776554e-05 
