 1.00000000e+00  2.96978712e+02  1.00000000e+00 -3.03619156e-03 
 1.07977516e+00  2.96978712e+02  1.07977516e+00 -3.27840424e-03 
 1.16591440e+00  2.96978712e+02  1.16591440e+00 -3.53993947e-03 
 1.25892541e+00  2.96978712e+02  1.25892541e+00 -3.82233871e-03 
 1.35935639e+00  2.96978712e+02  1.35935639e+00 -4.12726640e-03 
 1.46779927e+00  2.96978712e+02  1.46779927e+00 -4.45651975e-03 
 1.58489319e+00  2.96978712e+02  1.58489319e+00 -4.81203934e-03 
 1.71132830e+00  2.96978712e+02  1.71132830e+00 -5.19592056e-03 
 1.84784980e+00  2.96978712e+02  1.84784980e+00 -5.61042596e-03 
 1.99526231e+00  2.96978712e+02  1.99526231e+00 -6.05799861e-03 
 2.15443469e+00  2.96978712e+02  2.15443469e+00 -6.54127643e-03 
 2.32630507e+00  2.96978712e+02  2.32630507e+00 -7.06310781e-03 
 2.51188643e+00  2.96978712e+02  2.51188643e+00 -7.62656839e-03 
 2.71227258e+00  2.96978712e+02  2.71227258e+00 -8.23497912e-03 
 2.92864456e+00  2.96978712e+02  2.92864456e+00 -8.89192591e-03 
 3.16227766e+00  2.96978711e+02  3.16227766e+00 -9.60128074e-03 
 3.41454887e+00  2.96978711e+02  3.41454887e+00 -1.03672245e-02 
 3.68694506e+00  2.96978711e+02  3.68694506e+00 -1.11942715e-02 
 3.98107171e+00  2.96978711e+02  3.98107171e+00 -1.20872963e-02 
 4.29866235e+00  2.96978711e+02  4.29866235e+00 -1.30515623e-02 
 4.64158883e+00  2.96978711e+02  4.64158883e+00 -1.40927528e-02 
 5.01187234e+00  2.96978711e+02  5.01187234e+00 -1.52170045e-02 
 5.41169527e+00  2.96978711e+02  5.41169527e+00 -1.64309435e-02 
 5.84341413e+00  2.96978711e+02  5.84341413e+00 -1.77417246e-02 
 6.30957344e+00  2.96978711e+02  6.30957344e+00 -1.91570736e-02 
 6.81292069e+00  2.96978710e+02  6.81292069e+00 -2.06853322e-02 
 7.35642254e+00  2.96978710e+02  7.35642254e+00 -2.23355079e-02 
 7.94328235e+00  2.96978710e+02  7.94328235e+00 -2.41173267e-02 
 8.57695899e+00  2.96978709e+02  8.57695899e+00 -2.60412903e-02 
 9.26118728e+00  2.96978709e+02  9.26118728e+00 -2.81187384e-02 
 1.00000000e+01  2.96978709e+02  1.00000000e+01 -3.03619153e-02 
 1.07977516e+01  2.96978708e+02  1.07977516e+01 -3.27840420e-02 
 1.16591440e+01  2.96978708e+02  1.16591440e+01 -3.53993942e-02 
 1.25892541e+01  2.96978707e+02  1.25892541e+01 -3.82233865e-02 
 1.35935639e+01  2.96978706e+02  1.35935639e+01 -4.12726633e-02 
 1.46779927e+01  2.96978705e+02  1.46779927e+01 -4.45651965e-02 
 1.58489319e+01  2.96978704e+02  1.58489319e+01 -4.81203921e-02 
 1.71132830e+01  2.96978703e+02  1.71132830e+01 -5.19592040e-02 
 1.84784980e+01  2.96978701e+02  1.84784980e+01 -5.61042577e-02 
 1.99526231e+01  2.96978699e+02  1.99526231e+01 -6.05799836e-02 
 2.15443469e+01  2.96978697e+02  2.15443469e+01 -6.54127611e-02 
 2.32630507e+01  2.96978695e+02  2.32630507e+01 -7.06310742e-02 
 2.51188643e+01  2.96978692e+02  2.51188643e+01 -7.62656789e-02 
 2.71227258e+01  2.96978689e+02  2.71227258e+01 -8.23497849e-02 
 2.92864456e+01  2.96978685e+02  2.92864456e+01 -8.89192512e-02 
 3.16227766e+01  2.96978681e+02  3.16227766e+01 -9.60127975e-02 
 3.41454887e+01  2.96978676e+02  3.41454887e+01 -1.03672232e-01 
 3.68694506e+01  2.96978670e+02  3.68694506e+01 -1.11942699e-01 
 3.98107171e+01  2.96978663e+02  3.98107171e+01 -1.20872943e-01 
 4.29866235e+01  2.96978654e+02  4.29866235e+01 -1.30515598e-01 
 4.64158883e+01  2.96978645e+02  4.64158883e+01 -1.40927497e-01 
 5.01187234e+01  2.96978634e+02  5.01187234e+01 -1.52170005e-01 
 5.41169527e+01  2.96978621e+02  5.41169527e+01 -1.64309385e-01 
 5.84341413e+01  2.96978606e+02  5.84341413e+01 -1.77417184e-01 
 6.30957344e+01  2.96978588e+02  6.30957344e+01 -1.91570657e-01 
 6.81292069e+01  2.96978568e+02  6.81292069e+01 -2.06853223e-01 
 7.35642254e+01  2.96978544e+02  7.35642254e+01 -2.23354955e-01 
 7.94328235e+01  2.96978516e+02  7.94328235e+01 -2.41173110e-01 
 8.57695899e+01  2.96978484e+02  8.57695899e+01 -2.60412705e-01 
 9.26118728e+01  2.96978446e+02  9.26118728e+01 -2.81187135e-01 
 1.00000000e+02  2.96978402e+02  1.00000000e+02 -3.03618839e-01 
 1.07977516e+02  2.96978350e+02  1.07977516e+02 -3.27840025e-01 
 1.16591440e+02  2.96978290e+02  1.16591440e+02 -3.53993445e-01 
 1.25892541e+02  2.96978220e+02  1.25892541e+02 -3.82233239e-01 
 1.35935639e+02  2.96978139e+02  1.35935639e+02 -4.12725845e-01 
 1.46779927e+02  2.96978043e+02  1.46779927e+02 -4.45650973e-01 
 1.58489319e+02  2.96977933e+02  1.58489319e+02 -4.81202672e-01 
 1.71132830e+02  2.96977803e+02  1.71132830e+02 -5.19590468e-01 
 1.84784980e+02  2.96977653e+02  1.84784980e+02 -5.61040597e-01 
 1.99526231e+02  2.96977477e+02  1.99526231e+02 -6.05797344e-01 
 2.15443469e+02  2.96977272e+02  2.15443469e+02 -6.54124474e-01 
 2.32630507e+02  2.96977033e+02  2.32630507e+02 -7.06306792e-01 
 2.51188643e+02  2.96976755e+02  2.51188643e+02 -7.62651817e-01 
 2.71227258e+02  2.96976430e+02  2.71227258e+02 -8.23491589e-01 
 2.92864456e+02  2.96976051e+02  2.92864456e+02 -8.89184632e-01 
 3.16227766e+02  2.96975610e+02  3.16227766e+02 -9.60118054e-01 
 3.41454887e+02  2.96975095e+02  3.41454887e+02 -1.03670983e+00 
 3.68694506e+02  2.96974495e+02  3.68694506e+02 -1.11941127e+00 
 3.98107171e+02  2.96973796e+02  3.98107171e+02 -1.20870964e+00 
 4.29866235e+02  2.96972980e+02  4.29866235e+02 -1.30513106e+00 
 4.64158883e+02  2.96972029e+02  4.64158883e+02 -1.40924360e+00 
 5.01187234e+02  2.96970920e+02  5.01187234e+02 -1.52166056e+00 
 5.41169527e+02  2.96969628e+02  5.41169527e+02 -1.64304413e+00 
 5.84341413e+02  2.96968121e+02  5.84341413e+02 -1.77410924e+00 
 6.30957344e+02  2.96966363e+02  6.30957344e+02 -1.91562777e+00 
 6.81292069e+02  2.96964315e+02  6.81292069e+02 -2.06843302e+00 
 7.35642254e+02  2.96961926e+02  7.35642254e+02 -2.23342465e+00 
 7.94328235e+02  2.96959141e+02  7.94328235e+02 -2.41157387e+00 
 8.57695899e+02  2.96955895e+02  8.57695899e+02 -2.60392911e+00 
 9.26118728e+02  2.96952109e+02  9.26118728e+02 -2.81162217e+00 
 1.00000000e+03  2.96947696e+02  1.00000000e+03 -3.03587469e+00 
 1.07977516e+03  2.96942551e+02  1.07977516e+03 -3.27800533e+00 
 1.16591440e+03  2.96936552e+02  1.16591440e+03 -3.53943728e+00 
 1.25892541e+03  2.96929558e+02  1.25892541e+03 -3.82170651e+00 
 1.35935639e+03  2.96921404e+02  1.35935639e+03 -4.12647053e+00 
 1.46779927e+03  2.96911898e+02  1.46779927e+03 -4.45551784e+00 
 1.58489319e+03  2.96900816e+02  1.58489319e+03 -4.81077805e+00 
 1.71132830e+03  2.96887896e+02  1.71132830e+03 -5.19433276e+00 
 1.84784980e+03  2.96872833e+02  1.84784980e+03 -5.60842715e+00 
 1.99526231e+03  2.96855274e+02  1.99526231e+03 -6.05548239e+00 
 2.15443469e+03  2.96834804e+02  2.15443469e+03 -6.53810892e+00 
 2.32630507e+03  2.96810941e+02  2.32630507e+03 -7.05912048e+00 
 2.51188643e+03  2.96783123e+02  2.51188643e+03 -7.62154910e+00 
 2.71227258e+03  2.96750697e+02  2.71227258e+03 -8.22866090e+00 
 2.92864456e+03  2.96712900e+02  2.92864456e+03 -8.88397277e+00 
 3.16227766e+03  2.96668845e+02  3.16227766e+03 -9.59126981e+00 
 3.41454887e+03  2.96617496e+02  3.41454887e+03 -1.03546236e+01 
 3.68694506e+03  2.96557650e+02  3.68694506e+03 -1.11784112e+01 
 3.98107171e+03  2.96487905e+02  3.98107171e+03 -1.20673340e+01 
 4.29866235e+03  2.96406629e+02  4.29866235e+03 -1.30264382e+01 
 4.64158883e+03  2.96311926e+02  4.64158883e+03 -1.40611335e+01 
 5.01187234e+03  2.96201585e+02  5.01187234e+03 -1.51772130e+01 
 5.41169527e+03  2.96073042e+02  5.41169527e+03 -1.63808706e+01 
 5.84341413e+03  2.95923312e+02  5.84341413e+03 -1.76787185e+01 
 6.30957344e+03  2.95748930e+02  6.30957344e+03 -1.90778003e+01 
 6.81292069e+03  2.95545876e+02  6.81292069e+03 -2.05856016e+01 
 7.35642254e+03  2.95309483e+02  7.35642254e+03 -2.22100549e+01 
 7.94328235e+03  2.95034346e+02  7.94328235e+03 -2.39595377e+01 
 8.57695899e+03  2.94714206e+02  8.57695899e+03 -2.58428611e+01 
 9.26118728e+03  2.94341825e+02  9.26118728e+03 -2.78692463e+01 
 1.00000000e+04  2.93908847e+02  1.00000000e+04 -3.00482850e+01 
 1.07977516e+04  2.93405636e+02  1.07977516e+04 -3.23898803e+01 
 1.16591440e+04  2.92821105e+02  1.16591440e+04 -3.49041619e+01 
 1.25892541e+04  2.92142523e+02  1.25892541e+04 -3.76013698e+01 
 1.35935639e+04  2.91355313e+02  1.35935639e+04 -4.04916992e+01 
 1.46779927e+04  2.90442829e+02  1.46779927e+04 -4.35850980e+01 
 1.58489319e+04  2.89386136e+02  1.58489319e+04 -4.68910071e+01 
 1.71132830e+04  2.88163783e+02  1.71132830e+04 -5.04180326e+01 
 1.84784980e+04  2.86751589e+02  1.84784980e+04 -5.41735393e+01 
 1.99526231e+04  2.85122457e+02  1.99526231e+04 -5.81631524e+01 
 2.15443469e+04  2.83246231e+02  2.15443469e+04 -6.23901580e+01 
 2.32630507e+04  2.81089629e+02  2.32630507e+04 -6.68547936e+01 
 2.51188643e+04  2.78616287e+02  2.51188643e+04 -7.15534238e+01 
 2.71227258e+04  2.75786942e+02  2.71227258e+04 -7.64776055e+01 
 2.92864456e+04  2.72559822e+02  2.92864456e+04 -8.16130549e+01 
 3.16227766e+04  2.68891283e+02  3.16227766e+04 -8.69385474e+01 
 3.41454887e+04  2.64736750e+02  3.41454887e+04 -9.24247961e+01 
 3.68694506e+04  2.60052029e+02  3.68694506e+04 -9.80333855e+01 
 3.98107171e+04  2.54795000e+02  3.98107171e+04 -1.03715857e+02 
 4.29866235e+04  2.48927735e+02  4.29866235e+04 -1.09413081e+02 
 4.64158883e+04  2.42419005e+02  4.64158883e+04 -1.15055056e+02 
 5.01187234e+04  2.35247091e+02  5.01187234e+04 -1.20561325e+02 
 5.41169527e+04  2.27402768e+02  5.41169527e+04 -1.25842138e+02 
 5.84341413e+04  2.18892232e+02  5.84341413e+04 -1.30800523e+02 
 6.30957344e+04  2.09739684e+02  6.30957344e+04 -1.35335303e+02 
 6.81292069e+04  1.99989248e+02  6.81292069e+04 -1.39345030e+02 
 7.35642254e+04  1.89705855e+02  7.35642254e+04 -1.42732676e+02 
 7.94328235e+04  1.78974823e+02  7.94328235e+04 -1.45410751e+02 
 8.57695899e+04  1.67899921e+02  8.57695899e+04 -1.47306433e+02 
 9.26118728e+04  1.56599923e+02  9.26118728e+04 -1.48366189e+02 
 1.00000000e+05  1.45203809e+02  1.00000000e+05 -1.48559364e+02 
 1.07977516e+05  1.33845012e+02  1.07977516e+05 -1.47880312e+02 
 1.16591440e+05  1.22655231e+02  1.16591440e+05 -1.46348798e+02 
 1.25892541e+05  1.11758410e+02  1.25892541e+05 -1.44008605e+02 
 1.35935639e+05  1.01265463e+02  1.35935639e+05 -1.40924549e+02 
 1.46779927e+05  9.12701940e+01  1.46779927e+05 -1.37178251e+02 
 1.58489319e+05  8.18466843e+01  1.58489319e+05 -1.32863166e+02 
 1.71132830e+05  7.30482179e+01  1.71132830e+05 -1.28079399e+02 
 1.84784980e+05  6.49076204e+01  1.84784980e+05 -1.22928782e+02 
 1.99526231e+05  5.74387602e+01  1.99526231e+05 -1.17510577e+02 
 2.15443469e+05  5.06388800e+01  2.15443469e+05 -1.11918034e+02 
 2.32630507e+05  4.44914135e+01  2.32630507e+05 -1.06235914e+02 
 2.51188643e+05  3.89689741e+01  2.51188643e+05 -1.00538931e+02 
 2.71227258e+05  3.40362656e+01  2.71227258e+05 -9.48910295e+01 
 2.92864456e+05  2.96527371e+01  2.92864456e+05 -8.93453282e+01 
 3.16227766e+05  2.57748757e+01  3.16227766e+05 -8.39445829e+01 
 3.41454887e+05  2.23580911e+01  3.41454887e+05 -7.87219902e+01 
 3.68694506e+05  1.93581921e+01  3.68694506e+05 -7.37022012e+01 
 3.98107171e+05  1.67324831e+01  3.98107171e+05 -6.89024291e+01 
 4.29866235e+05  1.44405314e+01  4.29866235e+05 -6.43335662e+01 
 4.64158883e+05  1.24446569e+01  4.64158883e+05 -6.00012511e+01 
 5.01187234e+05  1.07102023e+01  5.01187234e+05 -5.59068493e+01 
 5.41169527e+05  9.20563332e+00  5.41169527e+05 -5.20483277e+01 
 5.84341413e+05  7.90251433e+00  5.84341413e+05 -4.84210140e+01 
 6.30957344e+05  6.77539614e+00  6.30957344e+05 -4.50182447e+01 
 6.81292069e+05  5.80164627e+00  6.81292069e+05 -4.18319064e+01 
 7.35642254e+05  4.96124456e+00  7.35642254e+05 -3.88528817e+01 
 7.94328235e+05  4.23656175e+00  7.94328235e+05 -3.60714101e+01 
 8.57695899e+05  3.61213345e+00  8.57695899e+05 -3.34773769e+01 
 9.26118728e+05  3.07443865e+00  9.26118728e+05 -3.10605391e+01 
 1.00000000e+06  2.61168834e+00  1.00000000e+06 -2.88107009e+01 
 1.07977516e+06  2.21362804e+00  1.07977516e+06 -2.67178459e+01 
 1.16591440e+06  1.87135610e+00  1.16591440e+06 -2.47722348e+01 
 1.25892541e+06  1.57715865e+00  1.25892541e+06 -2.29644755e+01 
 1.35935639e+06  1.32436091e+00  1.35935639e+06 -2.12855707e+01 
 1.46779927e+06  1.10719464e+00  1.46779927e+06 -1.97269475e+01 
 1.58489319e+06  9.20680326e-01  1.58489319e+06 -1.82804747e+01 
 1.71132830e+06  7.60523397e-01  1.71132830e+06 -1.69384674e+01 
 1.84784980e+06  6.23022932e-01  1.84784980e+06 -1.56936861e+01 
 1.99526231e+06  5.04991792e-01  1.99526231e+06 -1.45393275e+01 
 2.15443469e+06  4.03686920e-01  2.15443469e+06 -1.34690126e+01 
 2.32630507e+06  3.16748665e-01  2.32630507e+06 -1.24767710e+01 
 2.51188643e+06  2.42148099e-01  2.51188643e+06 -1.15570235e+01 
 2.71227258e+06  1.78141338e-01  2.71227258e+06 -1.07045630e+01 
 2.92864456e+06  1.23230019e-01  2.92864456e+06 -9.91453552e+00 
 3.16227766e+06  7.61271303e-02  3.16227766e+06 -9.18241989e+00 
 3.41454887e+06  3.57275194e-02  3.41454887e+06 -8.50400875e+00 
 3.68694506e+06  1.08245958e-03  3.68694506e+06 -7.87538920e+00 
 3.98107171e+06 -2.86222672e-02  3.98107171e+06 -7.29292431e+00 
 4.29866235e+06 -5.40852380e-02  4.29866235e+06 -6.75323528e+00 
 4.64158883e+06 -7.59056208e-02  4.64158883e+06 -6.25318441e+00 
 5.01187234e+06 -9.45971302e-02  5.01187234e+06 -5.78985886e+00 
 5.41169527e+06 -1.10600016e-01  5.41169527e+06 -5.36055532e+00 
 5.84341413e+06 -1.24291359e-01  5.84341413e+06 -4.96276555e+00 
 6.30957344e+06 -1.35993899e-01  6.30957344e+06 -4.59416275e+00 
 6.81292069e+06 -1.45983608e-01  6.81292069e+06 -4.25258878e+00 
 7.35642254e+06 -1.54496175e-01  7.35642254e+06 -3.93604223e+00 
 7.94328235e+06 -1.61732554e-01  7.94328235e+06 -3.64266722e+00 
 8.57695899e+06 -1.67863702e-01  8.57695899e+06 -3.37074299e+00 
 9.26118728e+06 -1.73034627e-01  9.26118728e+06 -3.11867418e+00 
 1.00000000e+07 -1.77367835e-01  1.00000000e+07 -2.88498183e+00 
 1.07977516e+07 -1.80966256e-01  1.07977516e+07 -2.66829503e+00 
 1.16591440e+07 -1.83915731e-01  1.16591440e+07 -2.46734310e+00 
 1.25892541e+07 -1.86287114e-01  1.25892541e+07 -2.28094846e+00 
 1.35935639e+07 -1.88138056e-01  1.35935639e+07 -2.10802003e+00 
 1.46779927e+07 -1.89514498e-01  1.46779927e+07 -1.94754710e+00 
 1.58489319e+07 -1.90451954e-01  1.58489319e+07 -1.79859378e+00 
 1.71132830e+07 -1.90976591e-01  1.71132830e+07 -1.66029390e+00 
 1.84784980e+07 -1.91106174e-01  1.84784980e+07 -1.53184637e+00 
 1.99526231e+07 -1.90850902e-01  1.99526231e+07 -1.41251095e+00 
 2.15443469e+07 -1.90214191e-01  2.15443469e+07 -1.30160454e+00 
 2.32630507e+07 -1.89193440e-01  2.32630507e+07 -1.19849771e+00 
 2.51188643e+07 -1.87780832e-01  2.51188643e+07 -1.10261176e+00 
 2.71227258e+07 -1.85964219e-01  2.71227258e+07 -1.01341595e+00 
 2.92864456e+07 -1.83728139e-01  2.92864456e+07 -9.30425128e-01 
 3.16227766e+07 -1.81055022e-01  3.16227766e+07 -8.53197481e-01 
 3.41454887e+07 -1.77926604e-01  3.41454887e+07 -7.81332468e-01 
 3.68694506e+07 -1.74325586e-01  3.68694506e+07 -7.14468754e-01 
 3.98107171e+07 -1.70237535e-01  3.98107171e+07 -6.52282064e-01 
 4.29866235e+07 -1.65652972e-01  4.29866235e+07 -5.94482816e-01 
 4.64158883e+07 -1.60569580e-01  4.64158883e+07 -5.40813415e-01 
 5.01187234e+07 -1.54994385e-01  5.01187234e+07 -4.91045095e-01 
 5.41169527e+07 -1.48945726e-01  5.41169527e+07 -4.44974242e-01 
 5.84341413e+07 -1.42454798e-01  5.84341413e+07 -4.02418210e-01 
 6.30957344e+07 -1.35566522e-01  6.30957344e+07 -3.63210698e-01 
 6.81292069e+07 -1.28339535e-01  6.81292069e+07 -3.27196885e-01 
 7.35642254e+07 -1.20845154e-01  7.35642254e+07 -2.94228599e-01 
 7.94328235e+07 -1.13165270e-01  7.94328235e+07 -2.64159844e-01 
 8.57695899e+07 -1.05389281e-01  8.57695899e+07 -2.36843055e-01 
 9.26118728e+07 -9.76102761e-02  9.26118728e+07 -2.12126383e-01 
 1.00000000e+08 -8.99208457e-02  1.00000000e+08 -1.89852221e-01 
 1.07977516e+08 -8.24089063e-02  1.07977516e+08 -1.69857027e-01 
 1.16591440e+08 -7.51539556e-02  1.16591440e+08 -1.51972368e-01 
 1.25892541e+08 -6.82240914e-02  1.25892541e+08 -1.36026922e-01 
 1.35935639e+08 -6.16740084e-02  1.35935639e+08 -1.21849133e-01 
 1.46779927e+08 -5.55440523e-02  1.46779927e+08 -1.09270138e-01 
 1.58489319e+08 -4.98602731e-02  1.58489319e+08 -9.81266295e-02 
 1.71132830e+08 -4.46353185e-02  1.71132830e+08 -8.82633687e-02 
 1.84784980e+08 -3.98699492e-02  1.84784980e+08 -7.95351821e-02 
 1.99526231e+08 -3.55549343e-02  1.99526231e+08 -7.18083389e-02 
 2.15443469e+08 -3.16731085e-02  2.15443469e+08 -6.49613168e-02 
 2.32630507e+08 -2.82014059e-02  2.32630507e+08 -5.88850114e-02 
 2.51188643e+08 -2.51127389e-02  2.51188643e+08 -5.34824857e-02 
 2.71227258e+08 -2.23776385e-02  2.71227258e+08 -4.86683741e-02 
 2.92864456e+08 -1.99656168e-02  2.92864456e+08 -4.43680477e-02 
 3.16227766e+08 -1.78462457e-02  3.16227766e+08 -4.05166436e-02 
 3.41454887e+08 -1.59899681e-02  3.41454887e+08 -3.70580348e-02 
 3.68694506e+08 -1.43686739e-02  3.68694506e+08 -3.39438036e-02 
 3.98107171e+08 -1.29560770e-02  3.98107171e+08 -3.11322612e-02 
 4.29866235e+08 -1.17279320e-02  4.29866235e+08 -2.85875394e-02 
 4.64158883e+08 -1.06621275e-02  4.64158883e+08 -2.62787701e-02 
 5.01187234e+08 -9.73868606e-03  5.01187234e+08 -2.41793576e-02 
 5.41169527e+08 -8.93969987e-03  5.41169527e+08 -2.22663434e-02 
 5.84341413e+08 -8.24922138e-03  5.84341413e+08 -2.05198569e-02 
 6.30957344e+08 -7.65312775e-03  6.30957344e+08 -1.89226466e-02 
 6.81292069e+08 -7.13897082e-03  6.81292069e+08 -1.74596818e-02 
 7.35642254e+08 -6.69582234e-03  7.35642254e+08 -1.61178157e-02 
 7.94328235e+08 -6.31412108e-03  7.94328235e+08 -1.48855035e-02 
 8.57695899e+08 -5.98552609e-03  8.57695899e+08 -1.37525645e-02 
 9.26118728e+08 -5.70277909e-03  9.26118728e+08 -1.27099837e-02 
 1.00000000e+09 -5.45957737e-03  1.00000000e+09 -1.17497464e-02 
 1.07977516e+09 -5.25045803e-03  1.07977516e+09 -1.08646980e-02 
 1.16591440e+09 -5.07069349e-03  1.16591440e+09 -1.00484286e-02 
 1.25892541e+09 -4.91619805e-03  1.25892541e+09 -9.29517429e-03 
 1.35935639e+09 -4.78344475e-03  1.35935639e+09 -8.59973528e-03 
 1.46779927e+09 -4.66939192e-03  1.46779927e+09 -7.95740621e-03 
 1.58489319e+09 -4.57141855e-03  1.58489319e+09 -7.36391725e-03 
 1.71132830e+09 -4.48726759e-03  1.71132830e+09 -6.81538400e-03 
 1.84784980e+09 -4.41499647e-03  1.84784980e+09 -6.30826474e-03 
 1.99526231e+09 -4.35293399e-03  1.99526231e+09 -5.83932368e-03 
 2.15443469e+09 -4.29964284e-03  2.15443469e+09 -5.40559934e-03 
 2.32630507e+09 -4.25388724e-03  2.32630507e+09 -5.00437709e-03 
 2.51188643e+09 -4.21460483e-03  2.51188643e+09 -4.63316522e-03 
 2.71227258e+09 -4.18088247e-03  2.71227258e+09 -4.28967397e-03 
 2.92864456e+09 -4.15193540e-03  2.92864456e+09 -3.97179705e-03 
 3.16227766e+09 -4.12708923e-03  3.16227766e+09 -3.67759523e-03 
 3.41454887e+09 -4.10576450e-03  3.41454887e+09 -3.40528174e-03 
 3.68694506e+09 -4.08746334e-03  3.68694506e+09 -3.15320920e-03 
 3.98107171e+09 -4.07175802e-03  3.98107171e+09 -2.91985790e-03 
 4.29866235e+09 -4.05828115e-03  4.29866235e+09 -2.70382518e-03 
 4.64158883e+09 -4.04671715e-03  4.64158883e+09 -2.50381586e-03 
 5.01187234e+09 -4.03679501e-03  5.01187234e+09 -2.31863356e-03 
 5.41169527e+09 -4.02828200e-03  5.41169527e+09 -2.14717276e-03 
 5.84341413e+09 -4.02097829e-03  5.84341413e+09 -1.98841165e-03 
 6.30957344e+09 -4.01471233e-03  6.30957344e+09 -1.84140550e-03 
 6.81292069e+09 -4.00933684e-03  6.81292069e+09 -1.70528068e-03 
 7.35642254e+09 -4.00472541e-03  7.35642254e+09 -1.57922914e-03 
 7.94328235e+09 -4.00076953e-03  7.94328235e+09 -1.46250336e-03 
 8.57695899e+09 -3.99737610e-03  8.57695899e+09 -1.35441172e-03 
 9.26118728e+09 -3.99446519e-03  9.26118728e+09 -1.25431421e-03 
 1.00000000e+10 -3.99196825e-03  1.00000000e+10 -1.16161856e-03 
