 1.00000000e+00  2.46569998e+05  1.00000000e+00 -1.67870621e+04 
 1.07977516e+00  2.46381394e+05  1.07977516e+00 -1.81123877e+04 
 1.16591440e+00  2.46161861e+05  1.16591440e+00 -1.95398803e+04 
 1.25892541e+00  2.45906399e+05  1.25892541e+00 -2.10767816e+04 
 1.35935639e+00  2.45609220e+05  1.35935639e+00 -2.27306820e+04 
 1.46779927e+00  2.45263640e+05  1.46779927e+00 -2.45094918e+04 
 1.58489319e+00  2.44861950e+05  1.58489319e+00 -2.64213969e+04 
 1.71132830e+00  2.44395272e+05  1.71132830e+00 -2.84747950e+04 
 1.84784980e+00  2.43853406e+05  1.84784980e+00 -3.06782066e+04 
 1.99526231e+00  2.43224663e+05  1.99526231e+00 -3.30401559e+04 
 2.15443469e+00  2.42495684e+05  2.15443469e+00 -3.55690141e+04 
 2.32630507e+00  2.41651255e+05  2.32630507e+00 -3.82727973e+04 
 2.51188643e+00  2.40674118e+05  2.51188643e+00 -4.11589112e+04 
 2.71227258e+00  2.39544792e+05  2.71227258e+00 -4.42338315e+04 
 2.92864456e+00  2.38241402e+05  2.92864456e+00 -4.75027117e+04 
 3.16227766e+00  2.36739558e+05  3.16227766e+00 -5.09689090e+04 
 3.41454887e+00  2.35012270e+05  3.41454887e+00 -5.46334194e+04 
 3.68694506e+00  2.33029955e+05  3.68694506e+00 -5.84942181e+04 
 3.98107171e+00  2.30760560e+05  3.98107171e+00 -6.25455067e+04 
 4.29866235e+00  2.28169823e+05  4.29866235e+00 -6.67768735e+04 
 4.64158883e+00  2.25221746e+05  4.64158883e+00 -7.11723892e+04 
 5.01187234e+00  2.21879303e+05  5.01187234e+00 -7.57096722e+04 
 5.41169527e+00  2.18105433e+05  5.41169527e+00 -8.03589788e+04 
 5.84341413e+00  2.13864364e+05  5.84341413e+00 -8.50823950e+04 
 6.30957344e+00  2.09123278e+05  6.30957344e+00 -8.98332305e+04 
 6.81292069e+00  2.03854304e+05  6.81292069e+00 -9.45557378e+04 
 7.35642254e+00  1.98036805e+05  7.35642254e+00 -9.91852933e+04 
 7.94328235e+00  1.91659836e+05  7.94328235e+00 -1.03649177e+05 
 8.57695899e+00  1.84724621e+05  8.57695899e+00 -1.07868070e+05 
 9.26118728e+00  1.77246818e+05  9.26118728e+00 -1.11758345e+05 
 1.00000000e+01  1.69258304e+05  1.00000000e+01 -1.15235130e+05 
 1.07977516e+01  1.60808190e+05  1.07977516e+01 -1.18216061e+05 
 1.16591440e+01  1.51962806e+05  1.16591440e+01 -1.20625478e+05 
 1.25892541e+01  1.42804458e+05  1.25892541e+01 -1.22398739e+05 
 1.35935639e+01  1.33428910e+05  1.35935639e+01 -1.23486240e+05 
 1.46779927e+01  1.23941685e+05  1.46779927e+01 -1.23856698e+05 
 1.58489319e+01  1.14453456e+05  1.58489319e+01 -1.23499303e+05 
 1.71132830e+01  1.05074944e+05  1.71132830e+01 -1.22424485e+05 
 1.84784980e+01  9.59118066e+04  1.84784980e+01 -1.20663173e+05 
 1.99526231e+01  8.70600202e+04  1.99526231e+01 -1.18264670e+05 
 2.15443469e+01  7.86021591e+04  2.15443469e+01 -1.15293380e+05 
 2.32630507e+01  7.06048541e+04  2.32630507e+01 -1.11824801e+05 
 2.51188643e+01  6.31175305e+04  2.51188643e+01 -1.07941218e+05 
 2.71227258e+01  5.61723693e+04  2.71227258e+01 -1.03727489e+05 
 2.92864456e+01  4.97853061e+04  2.92864456e+01 -9.92672955e+04 
 3.16227766e+01  4.39578055e+04  3.16227766e+01 -9.46400559e+04 
 3.41454887e+01  3.86791199e+04  3.41454887e+01 -8.99186241e+04 
 3.68694506e+01  3.39287642e+04  3.68694506e+01 -8.51677786e+04 
 3.98107171e+01  2.96789783e+04  3.98107171e+01 -8.04434297e+04 
 4.29866235e+01  2.58970128e+04  4.29866235e+01 -7.57924293e+04 
 4.64158883e+01  2.25471333e+04  4.64158883e+01 -7.12528448e+04 
 5.01187234e+01  1.95922904e+04  5.01187234e+01 -6.68545601e+04 
 5.41169527e+01  1.69954466e+04  5.41169527e+01 -6.26200815e+04 
 5.84341413e+01  1.47205784e+04  5.84341413e+01 -5.85654459e+04 
 6.30957344e+01  1.27333897e+04  6.30957344e+01 -5.47011563e+04 
 6.81292069e+01  1.10017820e+04  6.81292069e+01 -5.10330865e+04 
 7.35642254e+01  9.49612808e+03  7.35642254e+01 -4.75633221e+04 
 7.94328235e+01  8.18939167e+03  7.94328235e+01 -4.42909154e+04 
 8.57695899e+01  7.05713403e+03  8.57695899e+01 -4.12125465e+04 
 9.26118728e+01  6.07743851e+03  9.26118728e+01 -3.83230897e+04 
 1.00000000e+02  5.23078073e+03  1.00000000e+02 -3.56160893e+04 
 1.07977516e+02  4.49986483e+03  1.07977516e+02 -3.30841535e+04 
 1.16591440e+02  3.86944170e+03  1.16591440e+02 -3.07192745e+04 
 1.25892541e+02  3.32612090e+03  1.25892541e+02 -2.85130857e+04 
 1.35935639e+02  2.85818429e+03  1.35935639e+02 -2.64570642e+04 
 1.46779927e+02  2.45540704e+03  1.46779927e+02 -2.45426882e+04 
 1.58489319e+02  2.10888947e+03  1.58489319e+02 -2.27615570e+04 
 1.71132830e+02  1.81090176e+03  1.71132830e+02 -2.11054802e+04 
 1.84784980e+02  1.55474226e+03  1.84784980e+02 -1.95665420e+04 
 1.99526231e+02  1.33460975e+03  1.99526231e+02 -1.81371460e+04 
 2.15443469e+02  1.14548910e+03  2.15443469e+02 -1.68100441e+04 
 2.32630507e+02  9.83049633e+02  2.32630507e+02 -1.55783530e+04 
 2.51188643e+02  8.43555361e+02  2.51188643e+02 -1.44355613e+04 
 2.71227258e+02  7.23785976e+02  2.71227258e+02 -1.33755297e+04 
 2.92864456e+02  6.20967643e+02  2.92864456e+02 -1.23924853e+04 
 3.16227766e+02  5.32712558e+02  3.16227766e+02 -1.14810120e+04 
 3.41454887e+02  4.56966292e+02  3.41454887e+02 -1.06360385e+04 
 3.68694506e+02  3.91962037e+02  3.68694506e+02 -9.85282410e+03 
 3.98107171e+02  3.36180918e+02  3.98107171e+02 -9.12694296e+03 
 4.29866235e+02  2.88317631e+02  4.29866235e+02 -8.45426825e+03 
 4.64158883e+02  2.47250729e+02  4.64158883e+02 -7.83095570e+03 
 5.01187234e+02  2.12016953e+02  5.01187234e+02 -7.25342731e+03 
 5.41169527e+02  1.81789094e+02  5.41169527e+02 -6.71835530e+03 
 5.84341413e+02  1.55856900e+02  5.84341413e+02 -6.22264650e+03 
 6.30957344e+02  1.33610635e+02  6.30957344e+02 -5.76342733e+03 
 6.81292069e+02  1.14526919e+02  6.81292069e+02 -5.33802941e+03 
 7.35642254e+02  9.81565498e+01  7.35642254e+02 -4.94397586e+03 
 7.94328235e+02  8.41140269e+01  7.94328235e+02 -4.57896829e+03 
 8.57695899e+02  7.20685436e+01  8.57695899e+02 -4.24087456e+03 
 9.26118728e+02  6.17362484e+01  9.26118728e+02 -3.92771722e+03 
 1.00000000e+03  5.28735943e+01  1.00000000e+03 -3.63766264e+03 
 1.07977516e+03  4.52716268e+01  1.07977516e+03 -3.36901090e+03 
 1.16591440e+03  3.87510787e+01  1.16591440e+03 -3.12018622e+03 
 1.25892541e+03  3.31581578e+01  1.25892541e+03 -2.88972814e+03 
 1.35935639e+03  2.83609312e+01  1.35935639e+03 -2.67628317e+03 
 1.46779927e+03  2.42462216e+01  1.46779927e+03 -2.47859713e+03 
 1.58489319e+03  2.07169431e+01  1.58489319e+03 -2.29550792e+03 
 1.71132830e+03  1.76898153e+01  1.71132830e+03 -2.12593884e+03 
 1.84784980e+03  1.50934013e+01  1.84784980e+03 -1.96889239e+03 
 1.99526231e+03  1.28664243e+01  1.99526231e+03 -1.82344450e+03 
 2.15443469e+03  1.09563233e+01  2.15443469e+03 -1.68873910e+03 
 2.32630507e+03  9.31801407e+00  2.32630507e+03 -1.56398323e+03 
 2.51188643e+03  7.91282569e+00  2.51188643e+03 -1.44844236e+03 
 2.71227258e+03  6.70758869e+00  2.71227258e+03 -1.34143610e+03 
 2.92864456e+03  5.67385251e+00  2.92864456e+03 -1.24233425e+03 
 3.16227766e+03  4.78721435e+00  3.16227766e+03 -1.15055311e+03 
 3.41454887e+03  4.02674339e+00  3.41454887e+03 -1.06555202e+03 
 3.68694506e+03  3.37448685e+00  3.68694506e+03 -9.86830248e+02 
 3.98107171e+03  2.81504636e+00  3.98107171e+03 -9.13924003e+02 
 4.29866235e+03  2.33521454e+00  4.29866235e+03 -8.46403737e+02 
 4.64158883e+03  1.92366327e+00  4.64158883e+03 -7.83871614e+02 
 5.01187234e+03  1.57067636e+00  5.01187234e+03 -7.25959172e+02 
 5.41169527e+03  1.26792013e+00  5.41169527e+03 -6.72325159e+02 
 5.84341413e+03  1.00824678e+00  5.84341413e+03 -6.22653523e+02 
 6.30957344e+03  7.85525588e-01  6.30957344e+03 -5.76651551e+02 
 6.81292069e+03  5.94498226e-01  6.81292069e+03 -5.34048153e+02 
 7.35642254e+03  4.30654618e-01  7.35642254e+03 -4.94592259e+02 
 7.94328235e+03  2.90126471e-01  7.94328235e+03 -4.58051343e+02 
 8.57695899e+03  1.69595946e-01  8.57695899e+03 -4.24210058e+02 
 9.26118728e+03  6.62173355e-02  9.26118728e+03 -3.92868962e+02 
 1.00000000e+04 -2.24501194e-02  1.00000000e+04 -3.63843345e+02 
 1.07977516e+04 -9.84998547e-02  1.07977516e+04 -3.36962145e+02 
 1.16591440e+04 -1.63727406e-01  1.16591440e+04 -3.12066932e+02 
 1.25892541e+04 -2.19672798e-01  1.25892541e+04 -2.89010985e+02 
 1.35935639e+04 -2.67656908e-01  1.35935639e+04 -2.67658418e+02 
 1.46779927e+04 -3.08812646e-01  1.46779927e+04 -2.47883385e+02 
 1.58489319e+04 -3.44111705e-01  1.58489319e+04 -2.29569338e+02 
 1.71132830e+04 -3.74387501e-01  1.71132830e+04 -2.12608339e+02 
 1.84784980e+04 -4.00354852e-01  1.84784980e+04 -1.96900422e+02 
 1.99526231e+04 -4.22626852e-01  1.99526231e+04 -1.82353009e+02 
 2.15443469e+04 -4.41729348e-01  2.15443469e+04 -1.68880360e+02 
 2.32630507e+04 -4.58113354e-01  2.32630507e+04 -1.56403069e+02 
 2.51188643e+04 -4.72165700e-01  2.51188643e+04 -1.44847599e+02 
 2.71227258e+04 -4.84218166e-01  2.71227258e+04 -1.34145841e+02 
 2.92864456e+04 -4.94555314e-01  2.92864456e+04 -1.24234723e+02 
 3.16227766e+04 -5.03421206e-01  3.16227766e+04 -1.15055829e+02 
 3.41454887e+04 -5.11025169e-01  3.41454887e+04 -1.06555060e+02 
 3.68694506e+04 -5.17546733e-01  3.68694506e+04 -9.86823147e+01 
 3.98107171e+04 -5.23139875e-01  3.98107171e+04 -9.13911910e+01 
 4.29866235e+04 -5.27936651e-01  4.29866235e+04 -8.46387163e+01 
 4.64158883e+04 -5.32050314e-01  4.64158883e+04 -7.83850926e+01 
 5.01187234e+04 -5.35577989e-01  5.01187234e+04 -7.25934616e+01 
 5.41169527e+04 -5.38602964e-01  5.41169527e+04 -6.72296882e+01 
 5.84341413e+04 -5.41196661e-01  5.84341413e+04 -6.22621590e+01 
 6.30957344e+04 -5.43420318e-01  6.30957344e+04 -5.76615960e+01 
 6.81292069e+04 -5.45326435e-01  6.81292069e+04 -5.34008839e+01 
 7.35642254e+04 -5.46960017e-01  7.35642254e+04 -4.94549108e+01 
 7.94328235e+04 -5.48359633e-01  7.94328235e+04 -4.58004193e+01 
 8.57695899e+04 -5.49558329e-01  8.57695899e+04 -4.24158705e+01 
 9.26118728e+04 -5.50584405e-01  9.26118728e+04 -3.92813161e+01 
 1.00000000e+05 -5.51462089e-01  1.00000000e+05 -3.63782814e+01 
 1.07977516e+05 -5.52212103e-01  1.07977516e+05 -3.36896564e+01 
 1.16591440e+05 -5.52852154e-01  1.16591440e+05 -3.11995945e+01 
 1.25892541e+05 -5.53397355e-01  1.25892541e+05 -2.88934196e+01 
 1.35935639e+05 -5.53860579e-01  1.35935639e+05 -2.67575394e+01 
 1.46779927e+05 -5.54252762e-01  1.46779927e+05 -2.47793653e+01 
 1.58489319e+05 -5.54583166e-01  1.58489319e+05 -2.29472381e+01 
 1.71132830e+05 -5.54859590e-01  1.71132830e+05 -2.12503596e+01 
 1.84784980e+05 -5.55088564e-01  1.84784980e+05 -1.96787284e+01 
 1.99526231e+05 -5.55275493e-01  1.99526231e+05 -1.82230818e+01 
 2.15443469e+05 -5.55424795e-01  2.15443469e+05 -1.68748401e+01 
 2.32630507e+05 -5.55539995e-01  2.32630507e+05 -1.56260573e+01 
 2.51188643e+05 -5.55623817e-01  2.51188643e+05 -1.44693731e+01 
 2.71227258e+05 -5.55678245e-01  2.71227258e+05 -1.33979702e+01 
 2.92864456e+05 -5.55704569e-01  2.92864456e+05 -1.24055341e+01 
 3.16227766e+05 -5.55703420e-01  3.16227766e+05 -1.14862155e+01 
 3.41454887e+05 -5.55674781e-01  3.41454887e+05 -1.06345964e+01 
 3.68694506e+05 -5.55617991e-01  3.68694506e+05 -9.84565764e+00 
 3.98107171e+05 -5.55531729e-01  3.98107171e+05 -9.11474953e+00 
 4.29866235e+05 -5.55413987e-01  4.29866235e+05 -8.43756458e+00 
 4.64158883e+05 -5.55262023e-01  4.64158883e+05 -7.81011204e+00 
 5.01187234e+05 -5.55072299e-01  5.01187234e+05 -7.22869434e+00 
 5.41169527e+05 -5.54840406e-01  5.41169527e+05 -6.68988544e+00 
 5.84341413e+05 -5.54560963e-01  5.84341413e+05 -6.19051058e+00 
 6.30957344e+05 -5.54227501e-01  6.30957344e+05 -5.72762770e+00 
 6.81292069e+05 -5.53832318e-01  6.81292069e+05 -5.29851010e+00 
 7.35642254e+05 -5.53366322e-01  7.35642254e+05 -4.90063048e+00 
 7.94328235e+05 -5.52818828e-01  7.94328235e+05 -4.53164611e+00 
 8.57695899e+05 -5.52177344e-01  8.57695899e+05 -4.18938519e+00 
 9.26118728e+05 -5.51427310e-01  9.26118728e+05 -3.87183413e+00 
 1.00000000e+06 -5.50551810e-01  1.00000000e+06 -3.57712596e+00 
 1.07977516e+06 -5.49531250e-01  1.07977516e+06 -3.30352945e+00 
 1.16591440e+06 -5.48342985e-01  1.16591440e+06 -3.04943927e+00 
 1.25892541e+06 -5.46960923e-01  1.25892541e+06 -2.81336686e+00 
 1.35935639e+06 -5.45355081e-01  1.35935639e+06 -2.59393206e+00 
 1.46779927e+06 -5.43491112e-01  1.46779927e+06 -2.38985556e+00 
 1.58489319e+06 -5.41329813e-01  1.58489319e+06 -2.19995193e+00 
 1.71132830e+06 -5.38826610e-01  1.71132830e+06 -2.02312348e+00 
 1.84784980e+06 -5.35931061e-01  1.84784980e+06 -1.85835470e+00 
 1.99526231e+06 -5.32586392e-01  1.99526231e+06 -1.70470739e+00 
 2.15443469e+06 -5.28729106e-01  2.15443469e+06 -1.56131650e+00 
 2.32630507e+06 -5.24288730e-01  2.32630507e+06 -1.42738651e+00 
 2.51188643e+06 -5.19187754e-01  2.51188643e+06 -1.30218859e+00 
 2.71227258e+06 -5.13341863e-01  2.71227258e+06 -1.18505826e+00 
 2.92864456e+06 -5.06660555e-01  2.92864456e+06 -1.07539375e+00 
 3.16227766e+06 -4.99048295e-01  3.16227766e+06 -9.72654774e-01 
 3.41454887e+06 -4.90406318e-01  3.41454887e+06 -8.76361826e-01 
 3.68694506e+06 -4.80635242e-01  3.68694506e+06 -7.86095657e-01 
 3.98107171e+06 -4.69638629e-01  3.98107171e+06 -7.01496865e-01 
 4.29866235e+06 -4.57327584e-01  4.29866235e+06 -6.22265219e-01 
 4.64158883e+06 -4.43626434e-01  4.64158883e+06 -5.48158372e-01 
 5.01187234e+06 -4.28479420e-01  5.01187234e+06 -4.78989531e-01 
 5.41169527e+06 -4.11858154e-01  5.41169527e+06 -4.14623601e-01 
 5.84341413e+06 -3.93769459e-01  5.84341413e+06 -3.54971334e-01 
 6.30957344e+06 -3.74262926e-01  6.30957344e+06 -2.99981114e-01 
 6.81292069e+06 -3.53437360e-01  6.81292069e+06 -2.49628182e-01 
 7.35642254e+06 -3.31445120e-01  7.35642254e+06 -2.03901422e-01 
 7.94328235e+06 -3.08493303e-01  7.94328235e+06 -1.62788224e-01 
 8.57695899e+06 -2.84840880e-01  8.57695899e+06 -1.26258369e-01 
 9.26118728e+06 -2.60791208e-01  9.26118728e+06 -9.42483258e-02 
 1.00000000e+07 -2.36679886e-01  1.00000000e+07 -6.66475978e-02 
 1.07977516e+07 -2.12858613e-01  1.07977516e+07 -4.32888180e-02 
 1.16591440e+07 -1.89676365e-01  1.16591440e+07 -2.39430187e-02 
 1.25892541e+07 -1.67459802e-01  1.25892541e+07 -8.32092287e-03 
 1.35935639e+07 -1.46495045e-01  1.35935639e+07  3.91968871e-03 
 1.46779927e+07 -1.27012907e-01  1.46779927e+07  1.31613522e-02 
 1.58489319e+07 -1.09179132e-01  1.58489319e+07  1.98106093e-02 
 1.71132830e+07 -9.30904898e-02  1.71132830e+07  2.42800496e-02 
 1.84784980e+07 -7.87766760e-02  1.84784980e+07  2.69708432e-02 
 1.99526231e+07 -6.62071826e-02  1.99526231e+07  2.82576191e-02 
 2.15443469e+07 -5.53017576e-02  2.15443469e+07  2.84769924e-02 
 2.32630507e+07 -4.59428064e-02  2.32630507e+07  2.79203533e-02 
 2.51188643e+07 -3.79881527e-02  2.51188643e+07  2.68308719e-02 
 2.71227258e+07 -3.12828634e-02  2.71227258e+07  2.54041572e-02 
 2.92864456e+07 -2.56692595e-02  2.92864456e+07  2.37916958e-02 
 3.16227766e+07 -2.09946723e-02  3.16227766e+07  2.21060957e-02 
 3.41454887e+07 -1.71168782e-02  3.41454887e+07  2.04272224e-02 
 3.68694506e+07 -1.39074208e-02  3.68694506e+07  1.88084862e-02 
 3.98107171e+07 -1.12531828e-02  3.98107171e+07  1.72827512e-02 
 4.29866235e+07 -9.05663007e-03  4.29866235e+07  1.58675467e-02 
 4.64158883e+07 -7.23513512e-03  4.64158883e+07  1.45694346e-02 
 5.01187234e+07 -5.71973049e-03  5.01187234e+07  1.33875154e-02 
 5.41169527e+07 -4.45356674e-03  5.41169527e+07  1.23161381e-02 
 5.84341413e+07 -3.39027339e-03  5.84341413e+07  1.13469185e-02 
 6.30957344e+07 -2.49235507e-03  6.30957344e+07  1.04701893e-02 
 6.81292069e+07 -1.72970253e-03  6.81292069e+07  9.67599845e-03 
 7.35642254e+07 -1.07825995e-03  7.35642254e+07  8.95475990e-03 
 7.94328235e+07 -5.18864831e-04  7.94328235e+07  8.29764441e-03 
 8.57695899e+07 -3.62605155e-05  8.57695899e+07  7.69678093e-03 
 9.26118728e+07  3.81727775e-04  9.26118728e+07  7.14532418e-03 
 1.00000000e+08  7.44867661e-04  1.00000000e+08  6.63743209e-03 
 1.07977516e+08  1.06106183e-03  1.07977516e+08  6.16818658e-03 
 1.16591440e+08  1.33677562e-03  1.16591440e+08  5.73348335e-03 
 1.25892541e+08  1.57736779e-03  1.25892541e+08  5.32990933e-03 
 1.35935639e+08  1.78734182e-03  1.35935639e+08  4.95462117e-03 
 1.46779927e+08  1.97053356e-03  1.46779927e+08  4.60523333e-03 
 1.58489319e+08  2.13024959e-03  1.58489319e+08  4.27972045e-03 
 1.71132830e+08  2.26936831e-03  1.71132830e+08  3.97633612e-03 
 1.84784980e+08  2.39041378e-03  1.84784980e+08  3.69354783e-03 
 1.99526231e+08  2.49561023e-03  1.99526231e+08  3.42998665e-03 
 2.15443469e+08  2.58692305e-03  2.15443469e+08  3.18440966e-03 
 2.32630507e+08  2.66609075e-03  2.32630507e+08  2.95567267e-03 
 2.51188643e+08  2.73465066e-03  2.51188643e+08  2.74271101e-03 
 2.71227258e+08  2.79396061e-03  2.71227258e+08  2.54452632e-03 
 2.92864456e+08  2.84521775e-03  2.92864456e+08  2.36017778e-03 
 3.16227766e+08  2.88947532e-03  3.16227766e+08  2.18877627e-03 
 3.41454887e+08  2.92765784e-03  3.41454887e+08  2.02948051e-03 
 3.68694506e+08  2.96057496e-03  3.68694506e+08  1.88149452e-03 
 3.98107171e+08  2.98893417e-03  3.98107171e+08  1.74406578e-03 
 4.29866235e+08  3.01335240e-03  4.29866235e+08  1.61648371e-03 
 4.64158883e+08  3.03436655e-03  4.64158883e+08  1.49807836e-03 
 5.01187234e+08  3.05244303e-03  5.01187234e+08  1.38821917e-03 
 5.41169527e+08  3.06798640e-03  5.41169527e+08  1.28631358e-03 
 5.84341413e+08  3.08134705e-03  5.84341413e+08  1.19180564e-03 
 6.30957344e+08  3.09282806e-03  6.30957344e+08  1.10417454e-03 
 6.81292069e+08  3.10269131e-03  6.81292069e+08  1.02293305e-03 
 7.35642254e+08  3.11116285e-03  7.35642254e+08  9.47625902e-04 
 7.94328235e+08  3.11843763e-03  7.94328235e+08  8.77828223e-04 
 8.57695899e+08  3.12468367e-03  8.57695899e+08  8.13143854e-04 
 9.26118728e+08  3.13004566e-03  9.26118728e+08  7.53203757e-04 
 1.00000000e+09  3.13464816e-03  1.00000000e+09  6.97664423e-04 
 1.07977516e+09  3.13859831e-03  1.07977516e+09  6.46206321e-04 
 1.16591440e+09  3.14198827e-03  1.16591440e+09  5.98532407e-04 
 1.25892541e+09  3.14489724e-03  1.25892541e+09  5.54366677e-04 
 1.35935639e+09  3.14739329e-03  1.35935639e+09  5.13452799e-04 
 1.46779927e+09  3.14953492e-03  1.46779927e+09  4.75552798e-04 
 1.58489319e+09  3.15137235e-03  1.58489319e+09  4.40445821e-04 
 1.71132830e+09  3.15294873e-03  1.71132830e+09  4.07926963e-04 
 1.84784980e+09  3.15430109e-03  1.84784980e+09  3.77806160e-04 
 1.99526231e+09  3.15546123e-03  1.99526231e+09  3.49907160e-04 
 2.15443469e+09  3.15645644e-03  2.15443469e+09  3.24066541e-04 
 2.32630507e+09  3.15731016e-03  2.32630507e+09  3.00132809e-04 
 2.51188643e+09  3.15804248e-03  2.51188643e+09  2.77965541e-04 
 2.71227258e+09  3.15867065e-03  2.71227258e+09  2.57434597e-04 
 2.92864456e+09  3.15920948e-03  2.92864456e+09  2.38419375e-04 
 3.16227766e+09  3.15967167e-03  3.16227766e+09  2.20808123e-04 
 3.41454887e+09  3.16006811e-03  3.41454887e+09  2.04497298e-04 
 3.68694506e+09  3.16040816e-03  3.68694506e+09  1.89390971e-04 
 3.98107171e+09  3.16069983e-03  3.98107171e+09  1.75400267e-04 
 4.29866235e+09  3.16095000e-03  4.29866235e+09  1.62442857e-04 
 4.64158883e+09  3.16116459e-03  4.64158883e+09  1.50442472e-04 
 5.01187234e+09  3.16134864e-03  5.01187234e+09  1.39328464e-04 
 5.41169527e+09  3.16150650e-03  5.41169527e+09  1.29035394e-04 
 5.84341413e+09  3.16164191e-03  5.84341413e+09  1.19502646e-04 
 6.30957344e+09  3.16175804e-03  6.30957344e+09  1.10674077e-04 
 6.81292069e+09  3.16185766e-03  6.81292069e+09  1.02497683e-04 
 7.35642254e+09  3.16194309e-03  7.35642254e+09  9.49253002e-05 
 7.94328235e+09  3.16201638e-03  7.94328235e+09  8.79123178e-05 
 8.57695899e+09  3.16207923e-03  8.57695899e+09  8.14174183e-05 
 9.26118728e+09  3.16213314e-03  9.26118728e+09  7.54023344e-05 
 1.00000000e+10  3.16217938e-03  1.00000000e+10  6.98316241e-05 
