 1.00000000e+00  9.68954125e+02  1.00000000e+00 -2.61059878e-01 
 1.07977516e+00  9.68954113e+02  1.07977516e+00 -2.81885969e-01 
 1.16591440e+00  9.68954100e+02  1.16591440e+00 -3.04373464e-01 
 1.25892541e+00  9.68954084e+02  1.25892541e+00 -3.28654901e-01 
 1.35935639e+00  9.68954066e+02  1.35935639e+00 -3.54873392e-01 
 1.46779927e+00  9.68954044e+02  1.46779927e+00 -3.83183466e-01 
 1.58489319e+00  9.68954019e+02  1.58489319e+00 -4.13751979e-01 
 1.71132830e+00  9.68953990e+02  1.71132830e+00 -4.46759097e-01 
 1.84784980e+00  9.68953955e+02  1.84784980e+00 -4.82399359e-01 
 1.99526231e+00  9.68953916e+02  1.99526231e+00 -5.20882825e-01 
 2.15443469e+00  9.68953869e+02  2.15443469e+00 -5.62436310e-01 
 2.32630507e+00  9.68953815e+02  2.32630507e+00 -6.07304724e-01 
 2.51188643e+00  9.68953752e+02  2.51188643e+00 -6.55752514e-01 
 2.71227258e+00  9.68953678e+02  2.71227258e+00 -7.08065223e-01 
 2.92864456e+00  9.68953593e+02  2.92864456e+00 -7.64551174e-01 
 3.16227766e+00  9.68953492e+02  3.16227766e+00 -8.25543283e-01 
 3.41454887e+00  9.68953376e+02  3.41454887e+00 -8.91401025e-01 
 3.68694506e+00  9.68953240e+02  3.68694506e+00 -9.62512551e-01 
 3.98107171e+00  9.68953081e+02  3.98107171e+00 -1.03929698e+00 
 4.29866235e+00  9.68952896e+02  4.29866235e+00 -1.12220685e+00 
 4.64158883e+00  9.68952681e+02  4.64158883e+00 -1.21173081e+00 
 5.01187234e+00  9.68952430e+02  5.01187234e+00 -1.30839649e+00 
 5.41169527e+00  9.68952137e+02  5.41169527e+00 -1.41277361e+00 
 5.84341413e+00  9.68951795e+02  5.84341413e+00 -1.52547732e+00 
 6.30957344e+00  9.68951397e+02  6.30957344e+00 -1.64717184e+00 
 6.81292069e+00  9.68950933e+02  6.81292069e+00 -1.77857439e+00 
 7.35642254e+00  9.68950391e+02  7.35642254e+00 -1.92045938e+00 
 7.94328235e+00  9.68949760e+02  7.94328235e+00 -2.07366299e+00 
 8.57695899e+00  9.68949024e+02  8.57695899e+00 -2.23908809e+00 
 9.26118728e+00  9.68948166e+02  9.26118728e+00 -2.41770957e+00 
 1.00000000e+01  9.68947166e+02  1.00000000e+01 -2.61058004e+00 
 1.07977516e+01  9.68946000e+02  1.07977516e+01 -2.81883610e+00 
 1.16591440e+01  9.68944640e+02  1.16591440e+01 -3.04370494e+00 
 1.25892541e+01  9.68943054e+02  1.25892541e+01 -3.28651162e+00 
 1.35935639e+01  9.68941206e+02  1.35935639e+01 -3.54868685e+00 
 1.46779927e+01  9.68939051e+02  1.46779927e+01 -3.83177540e+00 
 1.58489319e+01  9.68936538e+02  1.58489319e+01 -4.13744519e+00 
 1.71132830e+01  9.68933609e+02  1.71132830e+01 -4.46749705e+00 
 1.84784980e+01  9.68930193e+02  1.84784980e+01 -4.82387536e+00 
 1.99526231e+01  9.68926211e+02  1.99526231e+01 -5.20867940e+00 
 2.15443469e+01  9.68921568e+02  2.15443469e+01 -5.62417571e+00 
 2.32630507e+01  9.68916155e+02  2.32630507e+01 -6.07281133e+00 
 2.51188643e+01  9.68909844e+02  2.51188643e+01 -6.55722815e+00 
 2.71227258e+01  9.68902486e+02  2.71227258e+01 -7.08027835e+00 
 2.92864456e+01  9.68893907e+02  2.92864456e+01 -7.64504106e+00 
 3.16227766e+01  9.68883905e+02  3.16227766e+01 -8.25484028e+00 
 3.41454887e+01  9.68872243e+02  3.41454887e+01 -8.91326428e+00 
 3.68694506e+01  9.68858648e+02  3.68694506e+01 -9.62418641e+00 
 3.98107171e+01  9.68842797e+02  3.98107171e+01 -1.03917875e+01 
 4.29866235e+01  9.68824316e+02  4.29866235e+01 -1.12205802e+01 
 4.64158883e+01  9.68802771e+02  4.64158883e+01 -1.21154345e+01 
 5.01187234e+01  9.68777652e+02  5.01187234e+01 -1.30816062e+01 
 5.41169527e+01  9.68748367e+02  5.41169527e+01 -1.41247667e+01 
 5.84341413e+01  9.68714226e+02  5.84341413e+01 -1.52510351e+01 
 6.30957344e+01  9.68674423e+02  6.30957344e+01 -1.64670127e+01 
 6.81292069e+01  9.68628020e+02  6.81292069e+01 -1.77798200e+01 
 7.35642254e+01  9.68573924e+02  7.35642254e+01 -1.91971365e+01 
 7.94328235e+01  9.68510861e+02  7.94328235e+01 -2.07272423e+01 
 8.57695899e+01  9.68437344e+02  8.57695899e+01 -2.23790635e+01 
 9.26118728e+01  9.68351645e+02  9.26118728e+01 -2.41622198e+01 
 1.00000000e+02  9.68251745e+02  1.00000000e+02 -2.60870748e+01 
 1.07977516e+02  9.68135297e+02  1.07977516e+02 -2.81647896e+01 
 1.16591440e+02  9.67999564e+02  1.16591440e+02 -3.04073790e+01 
 1.25892541e+02  9.67841359e+02  1.25892541e+02 -3.28277695e+01 
 1.35935639e+02  9.67656970e+02  1.35935639e+02 -3.54398609e+01 
 1.46779927e+02  9.67442077e+02  1.46779927e+02 -3.82585882e+01 
 1.58489319e+02  9.67191651e+02  1.58489319e+02 -4.12999860e+01 
 1.71132830e+02  9.66899839e+02  1.71132830e+02 -4.45812520e+01 
 1.84784980e+02  9.66559834e+02  1.84784980e+02 -4.81208109e+01 
 1.99526231e+02  9.66163718e+02  1.99526231e+02 -5.19383744e+01 
 2.15443469e+02  9.65702291e+02  2.15443469e+02 -5.60549980e+01 
 2.32630507e+02  9.65164862e+02  2.32630507e+02 -6.04931296e+01 
 2.51188643e+02  9.64539020e+02  2.51188643e+02 -6.52766482e+01 
 2.71227258e+02  9.63810365e+02  2.71227258e+02 -7.04308871e+01 
 2.92864456e+02  9.62962204e+02  2.92864456e+02 -7.59826366e+01 
 3.16227766e+02  9.61975203e+02  3.16227766e+02 -8.19601196e+01 
 3.41454887e+02  9.60826995e+02  3.41454887e+02 -8.83929305e+01 
 3.68694506e+02  9.59491736e+02  3.68694506e+02 -9.53119279e+01 
 3.98107171e+02  9.57939614e+02  3.98107171e+02 -1.02749067e+02 
 4.29866235e+02  9.56136297e+02  4.29866235e+02 -1.10737155e+02 
 4.64158883e+02  9.54042333e+02  4.64158883e+02 -1.19309516e+02 
 5.01187234e+02  9.51612495e+02  5.01187234e+02 -1.28499533e+02 
 5.41169527e+02  9.48795084e+02  5.41169527e+02 -1.38340047e+02 
 5.84341413e+02  9.45531204e+02  5.84341413e+02 -1.48862587e+02 
 6.30957344e+02  9.41754023e+02  6.30957344e+02 -1.60096386e+02 
 6.81292069e+02  9.37388058e+02  6.81292069e+02 -1.72067154e+02 
 7.35642254e+02  9.32348526e+02  7.35642254e+02 -1.84795572e+02 
 7.94328235e+02  9.26540814e+02  7.94328235e+02 -1.98295458e+02 
 8.57695899e+02  9.19860164e+02  8.57695899e+02 -2.12571595e+02 
 9.26118728e+02  9.12191654e+02  9.26118728e+02 -2.27617178e+02 
 1.00000000e+03  9.03410618e+02  1.00000000e+03 -2.43410894e+02 
 1.07977516e+03  8.93383644e+02  1.07977516e+03 -2.59913671e+02 
 1.16591440e+03  8.81970331e+02  1.16591440e+03 -2.77065147e+02 
 1.25892541e+03  8.69025968e+02  1.25892541e+03 -2.94780023e+02 
 1.35935639e+03  8.54405338e+02  1.35935639e+03 -3.12944476e+02 
 1.46779927e+03  8.37967773e+02  1.46779927e+03 -3.31412951e+02 
 1.58489319e+03  8.19583547e+02  1.58489319e+03 -3.50005706e+02 
 1.71132830e+03  7.99141598e+02  1.71132830e+03 -3.68507582e+02 
 1.84784980e+03  7.76558371e+02  1.84784980e+03 -3.86668532e+02 
 1.99526231e+03  7.51787410e+02  1.99526231e+03 -4.04206461e+02 
 2.15443469e+03  7.24829080e+02  2.15443469e+03 -4.20812832e+02 
 2.32630507e+03  6.95739535e+02  2.32630507e+03 -4.36161345e+02 
 2.51188643e+03  6.64637918e+02  2.51188643e+03 -4.49919709e+02 
 2.71227258e+03  6.31710628e+02  2.71227258e+03 -4.61764105e+02 
 2.92864456e+03  5.97211635e+02  2.92864456e+03 -4.71395509e+02 
 3.16227766e+03  5.61458050e+02  3.16227766e+03 -4.78556608e+02 
 3.41454887e+03  5.24820690e+02  3.41454887e+03 -4.83047686e+02 
 3.68694506e+03  4.87709957e+02  3.68694506e+03 -4.84739787e+02 
 3.98107171e+03  4.50558050e+02  3.98107171e+03 -4.83583573e+02 
 4.29866235e+03  4.13799089e+02  4.29866235e+03 -4.79612801e+02 
 4.64158883e+03  3.77849035e+02  4.64158883e+03 -4.72941937e+02 
 5.01187234e+03  3.43087378e+02  5.01187234e+03 -4.63758248e+02 
 5.41169527e+03  3.09842231e+02  5.41169527e+03 -4.52309340e+02 
 5.84341413e+03  2.78379963e+02  5.84341413e+03 -4.38887657e+02 
 6.30957344e+03  2.48899829e+02  6.30957344e+03 -4.23813628e+02 
 6.81292069e+03  2.21533435e+02  6.81292069e+03 -4.07419126e+02 
 7.35642254e+03  1.96348339e+02  7.35642254e+03 -3.90032567e+02 
 7.94328235e+03  1.73354778e+02  7.94328235e+03 -3.71966599e+02 
 8.57695899e+03  1.52514392e+02  8.57695899e+03 -3.53508824e+02 
 9.26118728e+03  1.33749876e+02  9.26118728e+03 -3.34915628e+02 
 1.00000000e+04  1.16954649e+02  1.00000000e+04 -3.16408852e+02 
 1.07977516e+04  1.02001877e+02  1.07977516e+04 -2.98174870e+02 
 1.16591440e+04  8.87524250e+01  1.16591440e+04 -2.80365526e+02 
 1.25892541e+04  7.70615065e+01  1.25892541e+04 -2.63100398e+02 
 1.35935639e+04  6.67839894e+01  1.35935639e+04 -2.46469899e+02 
 1.46779927e+04  5.77784215e+01  1.46779927e+04 -2.30538812e+02 
 1.58489319e+04  4.99099136e+01  1.58489319e+04 -2.15349948e+02 
 1.71132830e+04  4.30520531e+01  1.71132830e+04 -2.00927709e+02 
 1.84784980e+04  3.70880333e+01  1.84784980e+04 -1.87281403e+02 
 1.99526231e+04  3.19111682e+01  1.99526231e+04 -1.74408226e+02 
 2.15443469e+04  2.74249494e+01  2.15443469e+04 -1.62295885e+02 
 2.32630507e+04  2.35427746e+01  2.32630507e+04 -1.50924843e+02 
 2.51188643e+04  2.01874538e+01  2.51188643e+04 -1.40270213e+02 
 2.71227258e+04  1.72905773e+01  2.71227258e+04 -1.30303324e+02 
 2.92864456e+04  1.47918082e+01  2.92864456e+04 -1.20992998e+02 
 3.16227766e+04  1.26381468e+01  3.16227766e+04 -1.12306575e+02 
 3.41454887e+04  1.07832001e+01  3.41454887e+04 -1.04210723e+02 
 3.68694506e+04  9.18647781e+00  3.68694506e+04 -9.66720676e+01 
 3.98107171e+04  7.81273021e+00  3.98107171e+04 -8.96576737e+01 
 4.29866235e+04  6.63133601e+00  4.29866235e+04 -8.31354034e+01 
 4.64158883e+04  5.61574323e+00  4.64158883e+04 -7.70741755e+01 
 5.01187234e+04  4.74296457e+00  5.01187234e+04 -7.14441464e+01 
 5.41169527e+04  3.99312548e+00  5.41169527e+04 -6.62168274e+01 
 5.84341413e+04  3.34906238e+00  5.84341413e+04 -6.13651540e+01 
 6.30957344e+04  2.79596740e+00  6.30957344e+04 -5.68635162e+01 
 6.81292069e+04  2.32107582e+00  6.81292069e+04 -5.26877606e+01 
 7.35642254e+04  1.91339205e+00  7.35642254e+04 -4.88151706e+01 
 7.94328235e+04  1.56345031e+00  7.94328235e+04 -4.52244297e+01 
 8.57695899e+04  1.26310607e+00  8.57695899e+04 -4.18955753e+01 
 9.26118728e+04  1.00535482e+00  9.26118728e+04 -3.88099426e+01 
 1.00000000e+05  7.84174827e-01  1.00000000e+05 -3.59501051e+01 
 1.07977516e+05  5.94390997e-01  1.07977516e+05 -3.32998117e+01 
 1.16591440e+05  4.31557096e-01  1.16591440e+05 -3.08439223e+01 
 1.25892541e+05  2.91854056e-01  1.25892541e+05 -2.85683444e+01 
 1.35935639e+05  1.72002208e-01  1.35935639e+05 -2.64599696e+01 
 1.46779927e+05  6.91856230e-02  1.46779927e+05 -2.45066129e+01 
 1.58489319e+05 -1.90130648e-02  1.58489319e+05 -2.26969533e+01 
 1.71132830e+05 -9.46687735e-02  1.71132830e+05 -2.10204773e+01 
 1.84784980e+05 -1.59562253e-01  1.84784980e+05 -1.94674253e+01 
 1.99526231e+05 -2.15221609e-01  1.99526231e+05 -1.80287400e+01 
 2.15443469e+05 -2.62957994e-01  2.15443469e+05 -1.66960185e+01 
 2.32630507e+05 -3.03896288e-01  2.32630507e+05 -1.54614666e+01 
 2.51188643e+05 -3.39001444e-01  2.51188643e+05 -1.43178566e+01 
 2.71227258e+05 -3.69101121e-01  2.71227258e+05 -1.32584863e+01 
 2.92864456e+05 -3.94905109e-01  2.92864456e+05 -1.22771427e+01 
 3.16227766e+05 -4.17022011e-01  3.16227766e+05 -1.13680661e+01 
 3.41454887e+05 -4.35973546e-01  3.41454887e+05 -1.05259178e+01 
 3.68694506e+05 -4.52206825e-01  3.68694506e+05 -9.74574967e+00 
 3.98107171e+05 -4.66104874e-01  3.98107171e+05 -9.02297589e+00 
 4.29866235e+05 -4.77995656e-01  4.29866235e+05 -8.35334634e+00 
 4.64158883e+05 -4.88159796e-01  4.64158883e+05 -7.73292223e+00 
 5.01187234e+05 -4.96837197e-01  5.01187234e+05 -7.15805328e+00 
 5.41169527e+05 -5.04232693e-01  5.41169527e+05 -6.62535654e+00 
 5.84341413e+05 -5.10520886e-01  5.84341413e+05 -6.13169674e+00 
 6.30957344e+05 -5.15850264e-01  6.30957344e+05 -5.67416804e+00 
 6.81292069e+05 -5.20346713e-01  6.81292069e+05 -5.25007710e+00 
 7.35642254e+05 -5.24116490e-01  7.35642254e+05 -4.85692737e+00 
 7.94328235e+05 -5.27248742e-01  7.94328235e+05 -4.49240456e+00 
 8.57695899e+05 -5.29817626e-01  8.57695899e+05 -4.15436312e+00 
 9.26118728e+05 -5.31884076e-01  9.26118728e+05 -3.84081378e+00 
 1.00000000e+06 -5.33497272e-01  1.00000000e+06 -3.54991195e+00 
 1.07977516e+06 -5.34695830e-01  1.07977516e+06 -3.27994705e+00 
 1.16591440e+06 -5.35508770e-01  1.16591440e+06 -3.02933263e+00 
 1.25892541e+06 -5.35956262e-01  1.25892541e+06 -2.79659722e+00 
 1.35935639e+06 -5.36050196e-01  1.35935639e+06 -2.58037600e+00 
 1.46779927e+06 -5.35794575e-01  1.46779927e+06 -2.37940303e+00 
 1.58489319e+06 -5.35185776e-01  1.58489319e+06 -2.19250422e+00 
 1.71132830e+06 -5.34212676e-01  1.71132830e+06 -2.01859090e+00 
 1.84784980e+06 -5.32856675e-01  1.84784980e+06 -1.85665401e+00 
 1.99526231e+06 -5.31091632e-01  1.99526231e+06 -1.70575884e+00 
 2.15443469e+06 -5.28883753e-01  2.15443469e+06 -1.56504042e+00 
 2.32630507e+06 -5.26191450e-01  2.32630507e+06 -1.43369938e+00 
 2.51188643e+06 -5.22965218e-01  2.51188643e+06 -1.31099852e+00 
 2.71227258e+06 -5.19147592e-01  2.71227258e+06 -1.19625984e+00 
 2.92864456e+06 -5.14673238e-01  2.92864456e+06 -1.08886213e+00 
 3.16227766e+06 -5.09469264e-01  3.16227766e+06 -9.88239196e-01 
 3.41454887e+06 -5.03455852e-01  3.41454887e+06 -8.93878506e-01 
 3.68694506e+06 -4.96547318e-01  3.68694506e+06 -8.05320332e-01 
 3.98107171e+06 -4.88653726e-01  3.98107171e+06 -7.22157274e-01 
 4.29866235e+06 -4.79683186e-01  4.29866235e+06 -6.44034011e-01 
 4.64158883e+06 -4.69544948e-01  4.64158883e+06 -5.70647126e-01 
 5.01187234e+06 -4.58153383e-01  5.01187234e+06 -5.01744736e-01 
 5.41169527e+06 -4.45432880e-01  5.41169527e+06 -4.37125636e-01 
 5.84341413e+06 -4.31323597e-01  5.84341413e+06 -3.76637591e-01 
 6.30957344e+06 -4.15787895e-01  6.30957344e+06 -3.20174386e-01 
 6.81292069e+06 -3.98817105e-01  6.81292069e+06 -2.67671266e-01 
 7.35642254e+06 -3.80438139e-01  7.35642254e+06 -2.19098461e-01 
 7.94328235e+06 -3.60719288e-01  7.94328235e+06 -1.74452660e-01 
 8.57695899e+06 -3.39774440e-01  8.57695899e+06 -1.33746512e-01 
 9.26118728e+06 -3.17764944e-01  9.26118728e+06 -9.69965353e-02 
 1.00000000e+07 -2.94898441e-01  1.00000000e+07 -6.42101425e-02 
 1.07977516e+07 -2.71424259e-01  1.07977516e+07 -3.53727467e-02 
 1.16591440e+07 -2.47625296e-01  1.16591440e+07 -1.04361179e-02 
 1.25892541e+07 -2.23806831e-01  1.25892541e+07  1.06908468e-02 
 1.35935639e+07 -2.00283073e-01  1.35935639e+07  2.81479546e-02 
 1.46779927e+07 -1.77362664e-01  1.46779927e+07  4.21255271e-02 
 1.58489319e+07 -1.55334449e-01  1.58489319e+07  5.28620500e-02 
 1.71132830e+07 -1.34454834e-01  1.71132830e+07  6.06380239e-02 
 1.84784980e+07 -1.14937741e-01  1.84784980e+07  6.57668026e-02 
 1.99526231e+07 -9.69478325e-02  1.99526231e+07  6.85834719e-02 
 2.15443469e+07 -8.05972250e-02  2.15443469e+07  6.94329091e-02 
 2.32630507e+07 -6.59455189e-02  2.32630507e+07  6.86580746e-02 
 2.51188643e+07 -5.30027016e-02  2.51188643e+07  6.65893835e-02 
 2.71227258e+07 -4.17342949e-02  2.71227258e+07  6.35357484e-02 
 2.92864456e+07 -3.20680733e-02  2.92864456e+07  5.97776257e-02 
 3.16227766e+07 -2.39017027e-02  3.16227766e+07  5.55621868e-02 
 3.41454887e+07 -1.71107197e-02  3.41454887e+07  5.11005687e-02 
 3.68694506e+07 -1.15563631e-02  3.68694506e+07  4.65670477e-02 
 3.98107171e+07 -7.09285853e-03  3.98107171e+07  4.20998985e-02 
 4.29866235e+07 -3.57384900e-03  4.29866235e+07  3.78036475e-02 
 4.64158883e+07 -8.57753086e-04  4.64158883e+07  3.37523910e-02 
 5.01187234e+07  1.18807369e-03  5.01187234e+07  2.99938295e-02 
 5.41169527e+07  2.68440490e-03  5.41169527e+07  2.65536733e-02 
 5.84341413e+07  3.73837952e-03  5.84341413e+07  2.34401013e-02 
 6.30957344e+07  4.44277763e-03  6.30957344e+07  2.06480043e-02 
 6.81292069e+07  4.87615344e-03  6.81292069e+07  1.81628124e-02 
 7.35642254e+07  5.10361779e-03  7.35642254e+07  1.59637786e-02 
 7.94328235e+07  5.17806167e-03  7.94328235e+07  1.40266598e-02 
 8.57695899e+07  5.14163143e-03  8.57695899e+07  1.23257981e-02 
 9.26118728e+07  5.02729835e-03  9.26118728e+07  1.08356469e-02 
 1.00000000e+08  4.86040255e-03  1.00000000e+08  9.53181507e-03 
 1.07977516e+08  4.66008847e-03  1.07977516e+08  8.39171367e-03 
 1.16591440e+08  4.44058168e-03  1.16591440e+08  7.39489362e-03 
 1.25892541e+08  4.21228310e-03  1.25892541e+08  6.52315358e-03 
 1.35935639e+08  3.98267630e-03  1.35935639e+08  5.76048907e-03 
 1.46779927e+08  3.75705714e-03  1.46779927e+08  5.09294073e-03 
 1.58489319e+08  3.53910345e-03  1.58489319e+08  4.50838757e-03 
 1.71132830e+08  3.33130729e-03  1.71132830e+08  3.99631947e-03 
 1.84784980e+08  3.13529409e-03  1.84784980e+08  3.54761315e-03 
 1.99526231e+08  2.95205257e-03  1.99526231e+08  3.15432699e-03 
 2.15443469e+08  2.78209761e-03  2.15443469e+08  2.80952282e-03 
 2.32630507e+08  2.62558515e-03  2.32630507e+08  2.50711730e-03 
 2.51188643e+08  2.48239440e-03  2.51188643e+08  2.24176148e-03 
 2.71227258e+08  2.35218921e-03  2.71227258e+08  2.00874466e-03 
 2.92864456e+08  2.23446645e-03  2.92864456e+08  1.80391766e-03 
 3.16227766e+08  2.12859655e-03  3.16227766e+08  1.62363043e-03 
 3.41454887e+08  2.03385882e-03  3.41454887e+08  1.46467972e-03 
 3.68694506e+08  1.94947279e-03  3.68694506e+08  1.32426344e-03 
 3.98107171e+08  1.87462582e-03  3.98107171e+08  1.19993948e-03 
 4.29866235e+08  1.80849681e-03  4.29866235e+08  1.08958750e-03 
 4.64158883e+08  1.75027591e-03  4.64158883e+08  9.91373274e-04 
 5.01187234e+08  1.69918020e-03  5.01187234e+08  9.03715160e-04 
 5.41169527e+08  1.65446543e-03  5.41169527e+08  8.25252934e-04 
 5.84341413e+08  1.61543417e-03  5.84341413e+08  7.54819075e-04 
 6.30957344e+08  1.58144086e-03  6.30957344e+08  6.91412647e-04 
 6.81292069e+08  1.55189425e-03  6.81292069e+08  6.34175873e-04 
 7.35642254e+08  1.52625774e-03  7.35642254e+08  5.82373363e-04 
 7.94328235e+08  1.50404813e-03  7.94328235e+08  5.35373933e-04 
 8.57695899e+08  1.48483323e-03  8.57695899e+08  4.92634831e-04 
 9.26118728e+08  1.46822877e-03  9.26118728e+08  4.53688197e-04 
 1.00000000e+09  1.45389479e-03  1.00000000e+09  4.18129507e-04 
 1.07977516e+09  1.44153180e-03  1.07977516e+09  3.85607788e-04 
 1.16591440e+09  1.43087699e-03  1.16591440e+09  3.55817373e-04 
 1.25892541e+09  1.42170046e-03  1.25892541e+09  3.28490969e-04 
 1.35935639e+09  1.41380167e-03  1.35935639e+09  3.03393858e-04 
 1.46779927e+09  1.40700609e-03  1.46779927e+09  2.80319052e-04 
 1.58489319e+09  1.40116215e-03  1.58489319e+09  2.59083245e-04 
 1.71132830e+09  1.39613844e-03  1.71132830e+09  2.39523433e-04 
 1.84784980e+09  1.39182121e-03  1.84784980e+09  2.21494089e-04 
 1.99526231e+09  1.38811213e-03  1.99526231e+09  2.04864801e-04 
 2.15443469e+09  1.38492629e-03  2.15443469e+09  1.89518291e-04 
 2.32630507e+09  1.38219042e-03  2.32630507e+09  1.75348744e-04 
 2.51188643e+09  1.37984139e-03  2.51188643e+09  1.62260400e-04 
 2.71227258e+09  1.37782480e-03  2.71227258e+09  1.50166364e-04 
 2.92864456e+09  1.37609383e-03  2.92864456e+09  1.38987588e-04 
 3.16227766e+09  1.37460818e-03  3.16227766e+09  1.28652003e-04 
 3.41454887e+09  1.37333322e-03  3.41454887e+09  1.19093773e-04 
 3.68694506e+09  1.37223914e-03  3.68694506e+09  1.10252648e-04 
 3.98107171e+09  1.37130036e-03  3.98107171e+09  1.02073407e-04 
 4.29866235e+09  1.37049488e-03  4.29866235e+09  9.45053657e-05 
 4.64158883e+09  1.36980381e-03  4.64158883e+09  8.75019511e-05 
 5.01187234e+09  1.36921091e-03  5.01187234e+09  8.10203210e-05 
 5.41169527e+09  1.36870228e-03  5.41169527e+09  7.50210293e-05 
 5.84341413e+09  1.36826594e-03  5.84341413e+09  6.94677282e-05 
 6.30957344e+09  1.36789163e-03  6.30957344e+09  6.43269013e-05 
 6.81292069e+09  1.36757053e-03  6.81292069e+09  5.95676248e-05 
 7.35642254e+09  1.36729510e-03  7.35642254e+09  5.51613518e-05 
 7.94328235e+09  1.36705884e-03  7.94328235e+09  5.10817178e-05 
 8.57695899e+09  1.36685617e-03  8.57695899e+09  4.73043648e-05 
 9.26118728e+09  1.36668234e-03  9.26118728e+09  4.38067804e-05 
 1.00000000e+10  1.36653323e-03  1.00000000e+10  4.05681526e-05 
