 1.00000000e+00  1.31746165e+03  1.00000000e+00 -5.92780419e-01 
 1.07977516e+00  1.31746160e+03  1.07977516e+00 -6.40069552e-01 
 1.16591440e+00  1.31746155e+03  1.16591440e+00 -6.91131177e-01 
 1.25892541e+00  1.31746149e+03  1.25892541e+00 -7.46266245e-01 
 1.35935639e+00  1.31746142e+03  1.35935639e+00 -8.05799713e-01 
 1.46779927e+00  1.31746134e+03  1.46779927e+00 -8.70082462e-01 
 1.58489319e+00  1.31746124e+03  1.58489319e+00 -9.39493364e-01 
 1.71132830e+00  1.31746113e+03  1.71132830e+00 -1.01444151e+00 
 1.84784980e+00  1.31746100e+03  1.84784980e+00 -1.09536864e+00 
 1.99526231e+00  1.31746085e+03  1.99526231e+00 -1.18275172e+00 
 2.15443469e+00  1.31746068e+03  2.15443469e+00 -1.27710576e+00 
 2.32630507e+00  1.31746047e+03  2.32630507e+00 -1.37898686e+00 
 2.51188643e+00  1.31746023e+03  2.51188643e+00 -1.48899549e+00 
 2.71227258e+00  1.31745995e+03  2.71227258e+00 -1.60778001e+00 
 2.92864456e+00  1.31745963e+03  2.92864456e+00 -1.73604049e+00 
 3.16227766e+00  1.31745925e+03  3.16227766e+00 -1.87453287e+00 
 3.41454887e+00  1.31745881e+03  3.41454887e+00 -2.02407335e+00 
 3.68694506e+00  1.31745829e+03  3.68694506e+00 -2.18554327e+00 
 3.98107171e+00  1.31745769e+03  3.98107171e+00 -2.35989427e+00 
 4.29866235e+00  1.31745699e+03  4.29866235e+00 -2.54815386e+00 
 4.64158883e+00  1.31745617e+03  4.64158883e+00 -2.75143154e+00 
 5.01187234e+00  1.31745522e+03  5.01187234e+00 -2.97092529e+00 
 5.41169527e+00  1.31745411e+03  5.41169527e+00 -3.20792864e+00 
 5.84341413e+00  1.31745281e+03  5.84341413e+00 -3.46383826e+00 
 6.30957344e+00  1.31745130e+03  6.30957344e+00 -3.74016224e+00 
 6.81292069e+00  1.31744954e+03  6.81292069e+00 -4.03852889e+00 
 7.35642254e+00  1.31744749e+03  7.35642254e+00 -4.36069640e+00 
 7.94328235e+00  1.31744509e+03  7.94328235e+00 -4.70856311e+00 
 8.57695899e+00  1.31744230e+03  8.57695899e+00 -5.08417874e+00 
 9.26118728e+00  1.31743905e+03  9.26118728e+00 -5.48975637e+00 
 1.00000000e+01  1.31743526e+03  1.00000000e+01 -5.92768552e+00 
 1.07977516e+01  1.31743083e+03  1.07977516e+01 -6.40054612e+00 
 1.16591440e+01  1.31742568e+03  1.16591440e+01 -6.91112369e+00 
 1.25892541e+01  1.31741967e+03  1.25892541e+01 -7.46242567e+00 
 1.35935639e+01  1.31741266e+03  1.35935639e+01 -8.05769905e+00 
 1.46779927e+01  1.31740449e+03  1.46779927e+01 -8.70044936e+00 
 1.58489319e+01  1.31739496e+03  1.58489319e+01 -9.39446121e+00 
 1.71132830e+01  1.31738385e+03  1.71132830e+01 -1.01438204e+01 
 1.84784980e+01  1.31737090e+03  1.84784980e+01 -1.09529377e+01 
 1.99526231e+01  1.31735580e+03  1.99526231e+01 -1.18265746e+01 
 2.15443469e+01  1.31733820e+03  2.15443469e+01 -1.27698710e+01 
 2.32630507e+01  1.31731767e+03  2.32630507e+01 -1.37883748e+01 
 2.51188643e+01  1.31729374e+03  2.51188643e+01 -1.48880743e+01 
 2.71227258e+01  1.31726584e+03  2.71227258e+01 -1.60754326e+01 
 2.92864456e+01  1.31723332e+03  2.92864456e+01 -1.73574245e+01 
 3.16227766e+01  1.31719540e+03  3.16227766e+01 -1.87415766e+01 
 3.41454887e+01  1.31715119e+03  3.41454887e+01 -2.02360101e+01 
 3.68694506e+01  1.31709965e+03  3.68694506e+01 -2.18494866e+01 
 3.98107171e+01  1.31703957e+03  3.98107171e+01 -2.35914573e+01 
 4.29866235e+01  1.31696952e+03  4.29866235e+01 -2.54721156e+01 
 4.64158883e+01  1.31688786e+03  4.64158883e+01 -2.75024533e+01 
 5.01187234e+01  1.31679267e+03  5.01187234e+01 -2.96943205e+01 
 5.41169527e+01  1.31668170e+03  5.41169527e+01 -3.20604891e+01 
 5.84341413e+01  1.31655234e+03  5.84341413e+01 -3.46147207e+01 
 6.30957344e+01  1.31640155e+03  6.30957344e+01 -3.73718372e+01 
 6.81292069e+01  1.31622578e+03  6.81292069e+01 -4.03477966e+01 
 7.35642254e+01  1.31602091e+03  7.35642254e+01 -4.35597714e+01 
 7.94328235e+01  1.31578213e+03  7.94328235e+01 -4.70262301e+01 
 8.57695899e+01  1.31550385e+03  8.57695899e+01 -5.07670218e+01 
 9.26118728e+01  1.31517954e+03  9.26118728e+01 -5.48034629e+01 
 1.00000000e+02  1.31480162e+03  1.00000000e+02 -5.91584236e+01 
 1.07977516e+02  1.31436128e+03  1.07977516e+02 -6.38564151e+01 
 1.16591440e+02  1.31384825e+03  1.16591440e+02 -6.89236729e+01 
 1.25892541e+02  1.31325061e+03  1.25892541e+02 -7.43882361e+01 
 1.35935639e+02  1.31255450e+03  1.35935639e+02 -8.02800171e+01 
 1.46779927e+02  1.31174382e+03  1.46779927e+02 -8.66308593e+01 
 1.58489319e+02  1.31079990e+03  1.58489319e+02 -9.34745762e+01 
 1.71132830e+02  1.30970108e+03  1.71132830e+02 -1.00846964e+02 
 1.84784980e+02  1.30842227e+03  1.84784980e+02 -1.08785784e+02 
 1.99526231e+02  1.30693445e+03  1.99526231e+02 -1.17330693e+02 
 2.15443469e+02  1.30520403e+03  2.15443469e+02 -1.26523121e+02 
 2.32630507e+02  1.30319229e+03  2.32630507e+02 -1.36406072e+02 
 2.51188643e+02  1.30085458e+03  2.51188643e+02 -1.47023828e+02 
 2.71227258e+02  1.29813957e+03  2.71227258e+02 -1.58421535e+02 
 2.92864456e+02  1.29498837e+03  2.92864456e+02 -1.70644632e+02 
 3.16227766e+02  1.29133359e+03  3.16227766e+02 -1.83738111e+02 
 3.41454887e+02  1.28709838e+03  3.41454887e+02 -1.97745538e+02 
 3.68694506e+02  1.28219541e+03  3.68694506e+02 -2.12707819e+02 
 3.98107171e+02  1.27652590e+03  3.98107171e+02 -2.28661638e+02 
 4.29866235e+02  1.26997867e+03  4.29866235e+02 -2.45637539e+02 
 4.64158883e+02  1.26242942e+03  4.64158883e+02 -2.63657580e+02 
 5.01187234e+02  1.25374011e+03  5.01187234e+02 -2.82732524e+02 
 5.41169527e+02  1.24375887e+03  5.41169527e+02 -3.02858542e+02 
 5.84341413e+02  1.23232029e+03  5.84341413e+02 -3.24013397e+02 
 6.30957344e+02  1.21924658e+03  6.30957344e+02 -3.46152153e+02 
 6.81292069e+02  1.20434951e+03  6.81292069e+02 -3.69202490e+02 
 7.35642254e+02  1.18743372e+03  7.35642254e+02 -3.93059763e+02 
 7.94328235e+02  1.16830132e+03  7.94328235e+02 -4.17582064e+02 
 8.57695899e+02  1.14675821e+03  8.57695899e+02 -4.42585645e+02 
 9.26118728e+02  1.12262223e+03  9.26118728e+02 -4.67841189e+02 
 1.00000000e+03  1.09573306e+03  1.00000000e+03 -4.93071531e+02 
 1.07977516e+03  1.06596379e+03  1.07977516e+03 -5.17951539e+02 
 1.16591440e+03  1.03323376e+03  1.16591440e+03 -5.42110893e+02 
 1.25892541e+03  9.97521802e+02  1.25892541e+03 -5.65140452e+02 
 1.35935639e+03  9.58878912e+02  1.35935639e+03 -5.86602708e+02 
 1.46779927e+03  9.17438970e+02  1.46779927e+03 -6.06046473e+02 
 1.58489319e+03  8.73425977e+02  1.58489319e+03 -6.23025477e+02 
 1.71132830e+03  8.27156332e+02  1.71132830e+03 -6.37119920e+02 
 1.84784980e+03  7.79034939e+02  1.84784980e+03 -6.47959429e+02 
 1.99526231e+03  7.29544537e+02  1.99526231e+03 -6.55245365e+02 
 2.15443469e+03  6.79228422e+02  2.15443469e+03 -6.58770141e+02 
 2.32630507e+03  6.28667655e+02  2.32630507e+03 -6.58431330e+02 
 2.51188643e+03  5.78454663e+02  2.51188643e+03 -6.54238834e+02 
 2.71227258e+03  5.29165740e+02  2.71227258e+03 -6.46314183e+02 
 2.92864456e+03  4.81335110e+02  2.92864456e+03 -6.34882066e+02 
 3.16227766e+03  4.35432978e+02  3.16227766e+03 -6.20255163e+02 
 3.41454887e+03  3.91849360e+02  3.41454887e+03 -6.02814137e+02 
 3.68694506e+03  3.50884603e+02  3.68694506e+03 -5.82985054e+02 
 3.98107171e+03  3.12746641e+02  3.98107171e+03 -5.61216532e+02 
 4.29866235e+03  2.77554232e+02  4.29866235e+03 -5.37958604e+02 
 4.64158883e+03  2.45344915e+02  4.64158883e+03 -5.13644765e+02 
 5.01187234e+03  2.16086179e+02  5.01187234e+03 -4.88678005e+02 
 5.41169527e+03  1.89688324e+02  5.41169527e+03 -4.63421097e+02 
 5.84341413e+03  1.66017719e+02  5.84341413e+03 -4.38190902e+02 
 6.30957344e+03  1.44909429e+02  6.30957344e+03 -4.13256145e+02 
 6.81292069e+03  1.26178532e+02  6.81292069e+03 -3.88837966e+02 
 7.35642254e+03  1.09629743e+02  7.35642254e+03 -3.65112501e+02 
 7.94328235e+03  9.50652072e+01  7.94328235e+03 -3.42214801e+02 
 8.57695899e+03  8.22905102e+01  8.57695899e+03 -3.20243503e+02 
 9.26118728e+03  7.11190668e+01  9.26118728e+03 -2.99265792e+02 
 1.00000000e+04  6.13751168e+01  1.00000000e+04 -2.79322305e+02 
 1.07977516e+04  5.28955735e+01  1.07977516e+04 -2.60431767e+02 
 1.16591440e+04  4.55309647e+01  1.16591440e+04 -2.42595198e+02 
 1.25892541e+04  3.91456885e+01  1.25892541e+04 -2.25799635e+02 
 1.35935639e+04  3.36177681e+01  1.35935639e+04 -2.10021348e+02 
 1.46779927e+04  2.88382633e+01  1.46779927e+04 -1.95228564e+02 
 1.58489319e+04  2.47104604e+01  1.58489319e+04 -1.81383732e+02 
 1.71132830e+04  2.11489351e+01  1.71132830e+04 -1.68445378e+02 
 1.84784980e+04  1.80785588e+01  1.84784980e+04 -1.56369605e+02 
 1.99526231e+04  1.54334991e+01  1.99526231e+04 -1.45111278e+02 
 2.15443469e+04  1.31562484e+01  2.15443469e+04 -1.34624960e+02 
 2.32630507e+04  1.11967045e+01  2.32630507e+04 -1.24865619e+02 
 2.51188643e+04  9.51131536e+00  2.51188643e+04 -1.15789169e+02 
 2.71227258e+04  8.06229584e+00  2.71227258e+04 -1.07352862e+02 
 2.92864456e+04  6.81691807e+00  2.92864456e+04 -9.95155625e+01 
 3.16227766e+04  5.74687447e+00  3.16227766e+04 -9.22379372e+01 
 3.41454887e+04  4.82771027e+00  3.41454887e+04 -8.54825638e+01 
 3.68694506e+04  4.03832090e+00  3.68694506e+04 -7.92139899e+01 
 3.98107171e+04  3.36050911e+00  3.98107171e+04 -7.33987462e+01 
 4.29866235e+04  2.77859630e+00  4.29866235e+04 -6.80053281e+01 
 4.64158883e+04  2.27908272e+00  4.64158883e+04 -6.30041527e+01 
 5.01187234e+04  1.85035107e+00  5.01187234e+04 -5.83674990e+01 
 5.41169527e+04  1.48240883e+00  5.41169527e+04 -5.40694361e+01 
 5.84341413e+04  1.16666446e+00  5.84341413e+04 -5.00857430e+01 
 6.30957344e+04  8.95733621e-01  6.30957344e+04 -4.63938240e+01 
 6.81292069e+04  6.63271459e-01  6.81292069e+04 -4.29726223e+01 
 7.35642254e+04  4.63827674e-01  7.35642254e+04 -3.98025325e+01 
 7.94328235e+04  2.92721462e-01  7.94328235e+04 -3.68653149e+01 
 8.57695899e+04  1.45933656e-01  8.57695899e+04 -3.41440109e+01 
 9.26118728e+04  2.00137861e-02  9.26118728e+04 -3.16228621e+01 
 1.00000000e+05 -8.79999396e-02  1.00000000e+05 -2.92872324e+01 
 1.07977516e+05 -1.80649507e-01  1.07977516e+05 -2.71235330e+01 
 1.16591440e+05 -2.60116328e-01  1.16591440e+05 -2.51191522e+01 
 1.25892541e+05 -3.28272172e-01  1.25892541e+05 -2.32623885e+01 
 1.35935639e+05 -3.86722932e-01  1.35935639e+05 -2.15423872e+01 
 1.46779927e+05 -4.36846231e-01  1.46779927e+05 -1.99490815e+01 
 1.58489319e+05 -4.79823718e-01  1.58489319e+05 -1.84731370e+01 
 1.71132830e+05 -5.16668798e-01  1.71132830e+05 -1.71058992e+01 
 1.84784980e+05 -5.48250437e-01  1.84784980e+05 -1.58393453e+01 
 1.99526231e+05 -5.75313583e-01  1.99526231e+05 -1.46660387e+01 
 2.15443469e+05 -5.98496693e-01  2.15443469e+05 -1.35790866e+01 
 2.32630507e+05 -6.18346756e-01  2.32630507e+05 -1.25721006e+01 
 2.51188643e+05 -6.35332172e-01  2.51188643e+05 -1.16391601e+01 
 2.71227258e+05 -6.49853786e-01  2.71227258e+05 -1.07747778e+01 
 2.92864456e+05 -6.62254336e-01  2.92864456e+05 -9.97386877e+00 
 3.16227766e+05 -6.72826532e-01  3.16227766e+05 -9.23171999e+00 
 3.41454887e+05 -6.81819959e-01  3.41454887e+05 -8.54396367e+00 
 3.68694506e+05 -6.89446971e-01  3.68694506e+05 -7.90655162e+00 
 3.98107171e+05 -6.95887701e-01  3.98107171e+05 -7.31573164e+00 
 4.29866235e+05 -7.01294326e-01  4.29866235e+05 -6.76802573e+00 
 4.64158883e+05 -7.05794664e-01  4.64158883e+05 -6.26020976e+00 
 5.01187234e+05 -7.09495209e-01  5.01187234e+05 -5.78929471e+00 
 5.41169527e+05 -7.12483671e-01  5.41169527e+05 -5.35250922e+00 
 5.84341413e+05 -7.14831075e-01  5.84341413e+05 -4.94728354e+00 
 6.30957344e+05 -7.16593480e-01  6.30957344e+05 -4.57123455e+00 
 6.81292069e+05 -7.17813366e-01  6.81292069e+05 -4.22215203e+00 
 7.35642254e+05 -7.18520715e-01  7.35642254e+05 -3.89798593e+00 
 7.94328235e+05 -7.18733826e-01  7.94328235e+05 -3.59683467e+00 
 8.57695899e+05 -7.18459892e-01  8.57695899e+05 -3.31693435e+00 
 9.26118728e+05 -7.17695370e-01  9.26118728e+05 -3.05664891e+00 
 1.00000000e+06 -7.16426155e-01  1.00000000e+06 -2.81446117e+00 
 1.07977516e+06 -7.14627602e-01  1.07977516e+06 -2.58896463e+00 
 1.16591440e+06 -7.12264410e-01  1.16591440e+06 -2.37885620e+00 
 1.25892541e+06 -7.09290414e-01  1.25892541e+06 -2.18292963e+00 
 1.35935639e+06 -7.05648314e-01  1.35935639e+06 -2.00006986e+00 
 1.46779927e+06 -7.01269418e-01  1.46779927e+06 -1.82924808e+00 
 1.58489319e+06 -6.96073437e-01  1.58489319e+06 -1.66951762e+00 
 1.71132830e+06 -6.89968452e-01  1.71132830e+06 -1.52001072e+00 
 1.84784980e+06 -6.82851150e-01  1.84784980e+06 -1.37993599e+00 
 1.99526231e+06 -6.74607467e-01  1.99526231e+06 -1.24857677e+00 
 2.15443469e+06 -6.65113821e-01  2.15443469e+06 -1.12529014e+00 
 2.32630507e+06 -6.54239114e-01  2.32630507e+06 -1.00950663e+00 
 2.51188643e+06 -6.41847740e-01  2.51188643e+06 -9.00730387e-01 
 2.71227258e+06 -6.27803807e-01  2.71227258e+06 -7.98539650e-01 
 2.92864456e+06 -6.11976786e-01  2.92864456e+06 -7.02587087e-01 
 3.16227766e+06 -5.94248736e-01  3.16227766e+06 -6.12599651e-01 
 3.41454887e+06 -5.74523157e-01  3.41454887e+06 -5.28377310e-01 
 3.68694506e+06 -5.52735312e-01  3.68694506e+06 -4.49789989e-01 
 3.98107171e+06 -5.28863666e-01  3.98107171e+06 -3.76771979e-01 
 4.29866235e+06 -5.02941714e-01  4.29866235e+06 -3.09313084e-01 
 4.64158883e+06 -4.75069177e-01  4.64158883e+06 -2.47445950e-01 
 5.01187234e+06 -4.45421140e-01  5.01187234e+06 -1.91229341e-01 
 5.41169527e+06 -4.14253517e-01  5.41169527e+06 -1.40727642e-01 
 5.84341413e+06 -3.81903170e-01  5.84341413e+06 -9.59875541e-02 
 6.30957344e+06 -3.48781270e-01  6.30957344e+06 -5.70137044e-02 
 6.81292069e+06 -3.15359133e-01  6.81292069e+06 -2.37455769e-02 
 7.35642254e+06 -2.82146771e-01  7.35642254e+06  3.96142342e-03 
 7.94328235e+06 -2.49665548e-01  7.94328235e+06  2.63479958e-02 
 8.57695899e+06 -2.18417575e-01  8.57695899e+06  4.37539028e-02 
 9.26118728e+06 -1.88855274e-01  9.26118728e+06  5.66108677e-02 
 1.00000000e+07 -1.61354845e-01  1.00000000e+07  6.54259253e-02 
 1.07977516e+07 -1.36196888e-01  1.07977516e+07  7.07572618e-02 
 1.16591440e+07 -1.13556317e-01  1.16591440e+07  7.31857490e-02 
 1.25892541e+07 -9.35021748e-02  1.25892541e+07  7.32859039e-02 
 1.35935639e+07 -7.60064180e-02  1.35935639e+07  7.15997823e-02 
 1.46779927e+07 -6.09595155e-02  1.46779927e+07  6.86164687e-02 
 1.58489319e+07 -4.81900495e-02  1.58489319e+07  6.47586042e-02 
 1.71132830e+07 -3.74854659e-02  1.71132830e+07  6.03761419e-02 
 1.84784980e+07 -2.86115676e-02  1.84784980e+07  5.57464922e-02 
 1.99526231e+07 -2.13290887e-02  1.99526231e+07  5.10795819e-02 
 2.15443469e+07 -1.54064909e-02  2.15443469e+07  4.65261126e-02 
 2.32630507e+07 -1.06288253e-02  2.32630507e+07  4.21874022e-02 
 2.51188643e+07 -6.80301204e-03  2.51188643e+07  3.81254920e-02 
 2.71227258e+07 -3.76017534e-03  2.71227258e+07  3.43725920e-02 
 2.92864456e+07 -1.35577694e-03  2.92864456e+07  3.09393104e-02 
 3.16227766e+07  5.31737922e-04  3.16227766e+07  2.78214299e-02 
 3.41454887e+07  2.00317491e-03  3.41454887e+07  2.50052158e-02 
 3.68694506e+07  3.14123334e-03  3.68694506e+07  2.24713841e-02 
 3.98107171e+07  4.01322162e-03  3.98107171e+07  2.01979308e-02 
 4.29866235e+07  4.67362784e-03  4.29866235e+07  1.81620462e-02 
 4.64158883e+07  5.16642179e-03  4.64158883e+07  1.63413309e-02 
 5.01187234e+07  5.52703387e-03  5.01187234e+07  1.47145049e-02 
 5.41169527e+07  5.78400375e-03  5.41169527e+07  1.32617660e-02 
 5.84341413e+07  5.96032116e-03  5.84341413e+07  1.19649239e-02 
 6.30957344e+07  6.07449815e-03  6.30957344e+07  1.08073986e-02 
 6.81292069e+07  6.14141816e-03  6.81292069e+07  9.77414895e-03 
 7.35642254e+07  6.17300732e-03  7.35642254e+07  8.85157072e-03 
 7.94328235e+07  6.17876857e-03  7.94328235e+07  8.02738916e-03 
 8.57695899e+07  6.16621206e-03  8.57695899e+07  7.29055607e-03 
 9.26118728e+07  6.14120803e-03  9.26118728e+07  6.63115564e-03 
 1.00000000e+08  6.10828069e-03  1.00000000e+08  6.04031811e-03 
 1.07977516e+08  6.07085630e-03  1.07977516e+08  5.51013912e-03 
 1.16591440e+08  6.03147370e-03  1.16591440e+08  5.03360234e-03 
 1.25892541e+08  5.99196314e-03  1.25892541e+08  4.60450400e-03 
 1.35935639e+08  5.95359716e-03  1.35935639e+08  4.21737867e-03 
 1.46779927e+08  5.91721661e-03  1.46779927e+08  3.86742661e-03 
 1.58489319e+08  5.88333459e-03  1.58489319e+08  3.55044340e-03 
 1.71132830e+08  5.85222067e-03  1.71132830e+08  3.26275282e-03 
 1.84784980e+08  5.82396822e-03  1.84784980e+08  3.00114386e-03 
 1.99526231e+08  5.79854715e-03  1.99526231e+08  2.76281262e-03 
 2.15443469e+08  5.77584449e-03  2.15443469e+08  2.54530954e-03 
 2.32630507e+08  5.75569511e-03  2.32630507e+08  2.34649211e-03 
 2.51188643e+08  5.73790429e-03  2.51188643e+08  2.16448300e-03 
 2.71227258e+08  5.72226413e-03  2.71227258e+08  1.99763346e-03 
 2.92864456e+08  5.70856492e-03  2.92864456e+08  1.84449152e-03 
 3.16227766e+08  5.69660288e-03  3.16227766e+08  1.70377464e-03 
 3.41454887e+08  5.68618512e-03  3.41454887e+08  1.57434618e-03 
 3.68694506e+08  5.67713246e-03  3.68694506e+08  1.45519546e-03 
 3.98107171e+08  5.66928093e-03  3.98107171e+08  1.34542071e-03 
 4.29866235e+08  5.66248216e-03  4.29866235e+08  1.24421460e-03 
 4.64158883e+08  5.65660309e-03  4.64158883e+08  1.15085203e-03 
 5.01187234e+08  5.65152529e-03  5.01187234e+08  1.06467972e-03 
 5.41169527e+08  5.64714395e-03  5.41169527e+08  9.85107314e-04 
 5.84341413e+08  5.64336680e-03  5.84341413e+08  9.11599935e-04 
 6.30957344e+08  5.64011290e-03  6.30957344e+08  8.43671705e-04 
 6.81292069e+08  5.63731153e-03  6.81292069e+08  7.80880260e-04 
 7.35642254e+08  5.63490106e-03  7.35642254e+08  7.22822017e-04 
 7.94328235e+08  5.63282789e-03  7.94328235e+08  6.69128088e-04 
 8.57695899e+08  5.63104553e-03  8.57695899e+08  6.19460735e-04 
 9.26118728e+08  5.62951370e-03  9.26118728e+08  5.73510286e-04 
 1.00000000e+09  5.62819757e-03  1.00000000e+09  5.30992430e-04 
 1.07977516e+09  5.62706705e-03  1.07977516e+09  4.91645840e-04 
 1.16591440e+09  5.62609616e-03  1.16591440e+09  4.55230073e-04 
 1.25892541e+09  5.62526253e-03  1.25892541e+09  4.21523708e-04 
 1.35935639e+09  5.62454685e-03  1.35935639e+09  3.90322683e-04 
 1.46779927e+09  5.62393251e-03  1.46779927e+09  3.61438807e-04 
 1.58489319e+09  5.62340524e-03  1.58489319e+09  3.34698429e-04 
 1.71132830e+09  5.62295273e-03  1.71132830e+09  3.09941229e-04 
 1.84784980e+09  5.62256442e-03  1.84784980e+09  2.87019134e-04 
 1.99526231e+09  5.62223122e-03  1.99526231e+09  2.65795330e-04 
 2.15443469e+09  5.62194533e-03  2.15443469e+09  2.46143362e-04 
 2.32630507e+09  5.62170005e-03  2.32630507e+09  2.27946323e-04 
 2.51188643e+09  5.62148961e-03  2.51188643e+09  2.11096100e-04 
 2.71227258e+09  5.62130908e-03  2.71227258e+09  1.95492697e-04 
 2.92864456e+09  5.62115420e-03  2.92864456e+09  1.81043605e-04 
 3.16227766e+09  5.62102134e-03  3.16227766e+09  1.67663232e-04 
 3.41454887e+09  5.62090737e-03  3.41454887e+09  1.55272372e-04 
 3.68694506e+09  5.62080961e-03  3.68694506e+09  1.43797722e-04 
 3.98107171e+09  5.62072575e-03  3.98107171e+09  1.33171437e-04 
 4.29866235e+09  5.62065381e-03  4.29866235e+09  1.23330714e-04 
 4.64158883e+09  5.62059211e-03  4.64158883e+09  1.14217416e-04 
 5.01187234e+09  5.62053919e-03  5.01187234e+09  1.05777721e-04 
 5.41169527e+09  5.62049379e-03  5.41169527e+09  9.79618025e-05 
 5.84341413e+09  5.62045485e-03  5.84341413e+09  9.07235241e-05 
 6.30957344e+09  5.62042145e-03  6.30957344e+09  8.40201702e-05 
 6.81292069e+09  5.62039281e-03  6.81292069e+09  7.78121888e-05 
 7.35642254e+09  5.62036824e-03  7.35642254e+09  7.20629565e-05 
 7.94328235e+09  5.62034716e-03  7.94328235e+09  6.67385607e-05 
 8.57695899e+09  5.62032908e-03  8.57695899e+09  6.18075982e-05 
 9.26118728e+09  5.62031358e-03  9.26118728e+09  5.72409894e-05 
 1.00000000e+10  5.62030028e-03  1.00000000e+10  5.30118055e-05 
