 1.00000000e+00  2.09650320e+02  1.00000000e+00 -9.25158520e-03 
 1.07977516e+00  2.09650320e+02  1.07977516e+00 -9.98963191e-03 
 1.16591440e+00  2.09650319e+02  1.16591440e+00 -1.07865564e-02 
 1.25892541e+00  2.09650319e+02  1.25892541e+00 -1.16470557e-02 
 1.35935639e+00  2.09650319e+02  1.35935639e+00 -1.25762015e-02 
 1.46779927e+00  2.09650319e+02  1.46779927e+00 -1.35794700e-02 
 1.58489319e+00  2.09650319e+02  1.58489319e+00 -1.46627744e-02 
 1.71132830e+00  2.09650319e+02  1.71132830e+00 -1.58324996e-02 
 1.84784980e+00  2.09650319e+02  1.84784980e+00 -1.70955398e-02 
 1.99526231e+00  2.09650318e+02  1.99526231e+00 -1.84593392e-02 
 2.15443469e+00  2.09650318e+02  2.15443469e+00 -1.99319360e-02 
 2.32630507e+00  2.09650318e+02  2.32630507e+00 -2.15220094e-02 
 2.51188643e+00  2.09650317e+02  2.51188643e+00 -2.32389311e-02 
 2.71227258e+00  2.09650317e+02  2.71227258e+00 -2.50928206e-02 
 2.92864456e+00  2.09650316e+02  2.92864456e+00 -2.70946043e-02 
 3.16227766e+00  2.09650316e+02  3.16227766e+00 -2.92560807e-02 
 3.41454887e+00  2.09650315e+02  3.41454887e+00 -3.15899892e-02 
 3.68694506e+00  2.09650314e+02  3.68694506e+00 -3.41100856e-02 
 3.98107171e+00  2.09650314e+02  3.98107171e+00 -3.68312230e-02 
 4.29866235e+00  2.09650312e+02  4.29866235e+00 -3.97694396e-02 
 4.64158883e+00  2.09650311e+02  4.64158883e+00 -4.29420529e-02 
 5.01187234e+00  2.09650310e+02  5.01187234e+00 -4.63677618e-02 
 5.41169527e+00  2.09650308e+02  5.41169527e+00 -5.00667571e-02 
 5.84341413e+00  2.09650306e+02  5.84341413e+00 -5.40608403e-02 
 6.30957344e+00  2.09650304e+02  6.30957344e+00 -5.83735519e-02 
 6.81292069e+00  2.09650301e+02  6.81292069e+00 -6.30303107e-02 
 7.35642254e+00  2.09650298e+02  7.35642254e+00 -6.80585630e-02 
 7.94328235e+00  2.09650294e+02  7.94328235e+00 -7.34879446e-02 
 8.57695899e+00  2.09650290e+02  8.57695899e+00 -7.93504557e-02 
 9.26118728e+00  2.09650285e+02  9.26118728e+00 -8.56806491e-02 
 1.00000000e+01  2.09650279e+02  1.00000000e+01 -9.25158343e-02 
 1.07977516e+01  2.09650272e+02  1.07977516e+01 -9.98962967e-02 
 1.16591440e+01  2.09650265e+02  1.16591440e+01 -1.07865536e-01 
 1.25892541e+01  2.09650255e+02  1.25892541e+01 -1.16470522e-01 
 1.35935639e+01  2.09650245e+02  1.35935639e+01 -1.25761970e-01 
 1.46779927e+01  2.09650232e+02  1.46779927e+01 -1.35794643e-01 
 1.58489319e+01  2.09650218e+02  1.58489319e+01 -1.46627673e-01 
 1.71132830e+01  2.09650201e+02  1.71132830e+01 -1.58324906e-01 
 1.84784980e+01  2.09650181e+02  1.84784980e+01 -1.70955285e-01 
 1.99526231e+01  2.09650158e+02  1.99526231e+01 -1.84593251e-01 
 2.15443469e+01  2.09650131e+02  2.15443469e+01 -1.99319182e-01 
 2.32630507e+01  2.09650099e+02  2.32630507e+01 -2.15219870e-01 
 2.51188643e+01  2.09650063e+02  2.51188643e+01 -2.32389029e-01 
 2.71227258e+01  2.09650020e+02  2.71227258e+01 -2.50927851e-01 
 2.92864456e+01  2.09649970e+02  2.92864456e+01 -2.70945597e-01 
 3.16227766e+01  2.09649912e+02  3.16227766e+01 -2.92560245e-01 
 3.41454887e+01  2.09649845e+02  3.41454887e+01 -3.15899184e-01 
 3.68694506e+01  2.09649766e+02  3.68694506e+01 -3.41099964e-01 
 3.98107171e+01  2.09649674e+02  3.98107171e+01 -3.68311108e-01 
 4.29866235e+01  2.09649567e+02  4.29866235e+01 -3.97692984e-01 
 4.64158883e+01  2.09649442e+02  4.64158883e+01 -4.29418750e-01 
 5.01187234e+01  2.09649296e+02  5.01187234e+01 -4.63675379e-01 
 5.41169527e+01  2.09649126e+02  5.41169527e+01 -5.00664753e-01 
 5.84341413e+01  2.09648928e+02  5.84341413e+01 -5.40604854e-01 
 6.30957344e+01  2.09648697e+02  6.30957344e+01 -5.83731052e-01 
 6.81292069e+01  2.09648428e+02  6.81292069e+01 -6.30297483e-01 
 7.35642254e+01  2.09648114e+02  7.35642254e+01 -6.80578550e-01 
 7.94328235e+01  2.09647748e+02  7.94328235e+01 -7.34870533e-01 
 8.57695899e+01  2.09647321e+02  8.57695899e+01 -7.93493336e-01 
 9.26118728e+01  2.09646824e+02  9.26118728e+01 -8.56792366e-01 
 1.00000000e+02  2.09646243e+02  1.00000000e+02 -9.25140559e-01 
 1.07977516e+02  2.09645567e+02  1.07977516e+02 -9.98940580e-01 
 1.16591440e+02  2.09644779e+02  1.16591440e+02 -1.07862718e+00 
 1.25892541e+02  2.09643859e+02  1.25892541e+02 -1.16466973e+00 
 1.35935639e+02  2.09642787e+02  1.35935639e+02 -1.25757503e+00 
 1.46779927e+02  2.09641538e+02  1.46779927e+02 -1.35789020e+00 
 1.58489319e+02  2.09640080e+02  1.58489319e+02 -1.46620593e+00 
 1.71132830e+02  2.09638382e+02  1.71132830e+02 -1.58315994e+00 
 1.84784980e+02  2.09636401e+02  1.84784980e+02 -1.70944066e+00 
 1.99526231e+02  2.09634092e+02  1.99526231e+02 -1.84579126e+00 
 2.15443469e+02  2.09631400e+02  2.15443469e+02 -1.99301400e+00 
 2.32630507e+02  2.09628261e+02  2.32630507e+02 -2.15197484e+00 
 2.51188643e+02  2.09624601e+02  2.51188643e+02 -2.32360848e+00 
 2.71227258e+02  2.09620335e+02  2.71227258e+02 -2.50892373e+00 
 2.92864456e+02  2.09615361e+02  2.92864456e+02 -2.70900934e+00 
 3.16227766e+02  2.09609562e+02  3.16227766e+02 -2.92504019e+00 
 3.41454887e+02  2.09602801e+02  3.41454887e+02 -3.15828402e+00 
 3.68694506e+02  2.09594919e+02  3.68694506e+02 -3.41010859e+00 
 3.98107171e+02  2.09585730e+02  3.98107171e+02 -3.68198936e+00 
 4.29866235e+02  2.09575017e+02  4.29866235e+02 -3.97551775e+00 
 4.64158883e+02  2.09562529e+02  4.64158883e+02 -4.29240990e+00 
 5.01187234e+02  2.09547970e+02  5.01187234e+02 -4.63451607e+00 
 5.41169527e+02  2.09530998e+02  5.41169527e+02 -5.00383064e+00 
 5.84341413e+02  2.09511214e+02  5.84341413e+02 -5.40250263e+00 
 6.30957344e+02  2.09488152e+02  6.30957344e+02 -5.83284698e+00 
 6.81292069e+02  2.09461270e+02  6.81292069e+02 -6.29735629e+00 
 7.35642254e+02  2.09429937e+02  7.35642254e+02 -6.79871324e+00 
 7.94328235e+02  2.09393417e+02  7.94328235e+02 -7.33980345e+00 
 8.57695899e+02  2.09350854e+02  8.57695899e+02 -7.92372885e+00 
 9.26118728e+02  2.09301251e+02  9.26118728e+02 -8.55382138e+00 
 1.00000000e+03  2.09243448e+02  1.00000000e+03 -9.23365683e+00 
 1.07977516e+03  2.09176095e+02  1.07977516e+03 -9.96706868e+00 
 1.16591440e+03  2.09097621e+02  1.16591440e+03 -1.07581616e+01 
 1.25892541e+03  2.09006201e+02  1.25892541e+03 -1.16113244e+01 
 1.35935639e+03  2.08899715e+02  1.35935639e+03 -1.25312413e+01 
 1.46779927e+03  2.08775697e+02  1.46779927e+03 -1.35229020e+01 
 1.58489319e+03  2.08631289e+02  1.58489319e+03 -1.45916087e+01 
 1.71132830e+03  2.08463173e+02  1.71132830e+03 -1.57429794e+01 
 1.84784980e+03  2.08267506e+02  1.84784980e+03 -1.69829462e+01 
 1.99526231e+03  2.08039837e+02  1.99526231e+03 -1.83177470e+01 
 2.15443469e+03  2.07775021e+02  2.15443469e+03 -1.97539085e+01 
 2.32630507e+03  2.07467117e+02  2.32630507e+03 -2.12982177e+01 
 2.51188643e+03  2.07109277e+02  2.51188643e+03 -2.29576794e+01 
 2.71227258e+03  2.06693618e+02  2.71227258e+03 -2.47394551e+01 
 2.92864456e+03  2.06211094e+02  2.92864456e+03 -2.66507806e+01 
 3.16227766e+03  2.05651345e+02  3.16227766e+03 -2.86988541e+01 
 3.41454887e+03  2.05002545e+02  3.41454887e+03 -3.08906924e+01 
 3.68694506e+03  2.04251242e+02  3.68694506e+03 -3.32329446e+01 
 3.98107171e+03  2.03382200e+02  3.98107171e+03 -3.57316592e+01 
 4.29866235e+03  2.02378249e+02  4.29866235e+03 -3.83919936e+01 
 4.64158883e+03  2.01220152e+02  4.64158883e+03 -4.12178593e+01 
 5.01187234e+03  1.99886510e+02  5.01187234e+03 -4.42114952e+01 
 5.41169527e+03  1.98353713e+02  5.41169527e+03 -4.73729626e+01 
 5.84341413e+03  1.96595978e+02  5.84341413e+03 -5.06995596e+01 
 6.30957344e+03  1.94585481e+02  6.30957344e+03 -5.41851573e+01 
 6.81292069e+03  1.92292644e+02  6.81292069e+03 -5.78194674e+01 
 7.35642254e+03  1.89686588e+02  7.35642254e+03 -6.15872634e+01 
 7.94328235e+03  1.86735813e+02  7.94328235e+03 -6.54675892e+01 
 8.57695899e+03  1.83409132e+02  8.57695899e+03 -6.94330081e+01 
 9.26118728e+03  1.79676884e+02  9.26118728e+03 -7.34489644e+01 
 1.00000000e+04  1.75512441e+02  1.00000000e+04 -7.74733489e+01 
 1.07977516e+04  1.70893990e+02  1.07977516e+04 -8.14563769e+01 
 1.16591440e+04  1.65806527e+02  1.16591440e+04 -8.53408981e+01 
 1.25892541e+04  1.60243967e+02  1.25892541e+04 -8.90632492e+01 
 1.35935639e+04  1.54211204e+02  1.35935639e+04 -9.25547418e+01 
 1.46779927e+04  1.47725926e+02  1.46779927e+04 -9.57438248e+01 
 1.58489319e+04  1.40819939e+02  1.58489319e+04 -9.85588920e+01 
 1.71132830e+04  1.33539757e+02  1.71132830e+04 -1.00931610e+02 
 1.84784980e+04  1.25946257e+02  1.84784980e+04 -1.02800546e+02 
 1.99526231e+04  1.18113273e+02  1.99526231e+04 -1.04114781e+02 
 2.15443469e+04  1.10125105e+02  2.15443469e+04 -1.04837152e+02 
 2.32630507e+04  1.02073102e+02  2.32630507e+04 -1.04946748e+02 
 2.51188643e+04  9.40515708e+01  2.51188643e+04 -1.04440367e+02 
 2.71227258e+04  8.61534020e+01  2.71227258e+04 -1.03332737e+02 
 2.92864456e+04  7.84658318e+01  2.92864456e+04 -1.01655491e+02 
 3.16227766e+04  7.10667460e+01  3.16227766e+04 -9.94550031e+01 
 3.41454887e+04  6.40218395e+01  3.41454887e+04 -9.67893769e+01 
 3.68694506e+04  5.73828187e+01  3.68694506e+04 -9.37249175e+01 
 3.98107171e+04  5.11866868e+01  3.98107171e+04 -9.03324714e+01 
 4.29866235e+04  4.54560244e+01  4.29866235e+04 -8.66839608e+01 
 4.64158883e+04  4.02000802e+01  4.64158883e+04 -8.28493727e+01 
 5.01187234e+04  3.54164389e+01  5.01187234e+04 -7.88943588e+01 
 5.41169527e+04  3.10930194e+01  5.41169527e+04 -7.48785101e+01 
 5.84341413e+04  2.72101886e+01  5.84341413e+04 -7.08542869e+01 
 6.30957344e+04  2.37428113e+01  6.30957344e+04 -6.68665285e+01 
 6.81292069e+04  2.06621159e+01  6.81292069e+04 -6.29524358e+01 
 7.35642254e+04  1.79373025e+01  7.35642254e+04 -5.91419073e+01 
 7.94328235e+04  1.55368616e+01  7.94328235e+04 -5.54581176e+01 
 8.57695899e+04  1.34296042e+01  8.57695899e+04 -5.19182367e+01 
 9.26118728e+04  1.15854266e+01  9.26118728e+04 -4.85342149e+01 
 1.00000000e+05  9.97584216e+00  1.00000000e+05 -4.53135701e+01 
 1.07977516e+05  8.57432064e+00  1.07977516e+05 -4.22601406e+01 
 1.16591440e+05  7.35647244e+00  1.16591440e+05 -3.93747741e+01 
 1.25892541e+05  6.30011528e+00  1.25892541e+05 -3.66559422e+01 
 1.35935639e+05  5.38525364e+00  1.35935639e+05 -3.41002737e+01 
 1.46779927e+05  4.59399742e+00  1.46779927e+05 -3.17030086e+01 
 1.58489319e+05  3.91044058e+00  1.58489319e+05 -2.94583776e+01 
 1.71132830e+05  3.32051603e+00  1.71132830e+05 -2.73599146e+01 
 1.84784980e+05  2.81183886e+00  1.84784980e+05 -2.54007088e+01 
 1.99526231e+05  2.37354671e+00  1.99526231e+05 -2.35736070e+01 
 2.15443469e+05  1.99614348e+00  2.15443469e+05 -2.18713715e+01 
 2.32630507e+05  1.67135046e+00  2.32630507e+05 -2.02868026e+01 
 2.51188643e+05  1.39196719e+00  2.51188643e+05 -1.88128305e+01 
 2.71227258e+05  1.15174369e+00  2.71227258e+05 -1.74425841e+01 
 2.92864456e+05  9.45264265e-01  2.92864456e+05 -1.61694390e+01 
 3.16227766e+05  7.67843062e-01  3.16227766e+05 -1.49870510e+01 
 3.41454887e+05  6.15430806e-01  3.41454887e+05 -1.38893763e+01 
 3.68694506e+05  4.84532093e-01  3.68694506e+05 -1.28706833e+01 
 3.98107171e+05  3.72132412e-01  3.98107171e+05 -1.19255563e+01 
 4.29866235e+05  2.75634049e-01  4.29866235e+05 -1.10488931e+01 
 4.64158883e+05  1.92799984e-01  4.64158883e+05 -1.02359001e+01 
 5.01187234e+05  1.21704939e-01  5.01187234e+05 -9.48208248e+00 
 5.41169527e+05  6.06927804e-02  5.41169527e+05 -8.78323385e+00 
 5.84341413e+05  8.33952254e-03  5.84341413e+05 -8.13542330e+00 
 6.30957344e+05 -3.65787385e-02  6.30957344e+05 -7.53498233e+00 
 6.81292069e+05 -7.51135739e-02  6.81292069e+05 -6.97849098e+00 
 7.35642254e+05 -1.08168205e-01  7.35642254e+05 -6.46276400e+00 
 7.94328235e+05 -1.36518206e-01  7.94328235e+05 -5.98483699e+00 
 8.57695899e+05 -1.60829356e-01  8.57695899e+05 -5.54195294e+00 
 9.26118728e+05 -1.81673021e-01  9.26118728e+05 -5.13154914e+00 
 1.00000000e+06 -1.99539397e-01  1.00000000e+06 -4.75124457e+00 
 1.07977516e+06 -2.14848895e-01  1.07977516e+06 -4.39882790e+00 
 1.16591440e+06 -2.27961941e-01  1.16591440e+06 -4.07224602e+00 
 1.25892541e+06 -2.39187381e-01  1.25892541e+06 -3.76959326e+00 
 1.35935639e+06 -2.48789705e-01  1.35935639e+06 -3.48910112e+00 
 1.46779927e+06 -2.56995238e-01  1.46779927e+06 -3.22912869e+00 
 1.58489319e+06 -2.63997445e-01  1.58489319e+06 -2.98815363e+00 
 1.71132830e+06 -2.69961479e-01  1.71132830e+06 -2.76476371e+00 
 1.84784980e+06 -2.75028058e-01  1.84784980e+06 -2.55764893e+00 
 1.99526231e+06 -2.79316781e-01  1.99526231e+06 -2.36559415e+00 
 2.15443469e+06 -2.82928949e-01  2.15443469e+06 -2.18747220e+00 
 2.32630507e+06 -2.85949960e-01  2.32630507e+06 -2.02223751e+00 
 2.51188643e+06 -2.88451337e-01  2.51188643e+06 -1.86892017e+00 
 2.71227258e+06 -2.90492433e-01  2.71227258e+06 -1.72662041e+00 
 2.92864456e+06 -2.92121858e-01  2.92864456e+06 -1.59450351e+00 
 3.16227766e+06 -2.93378671e-01  3.16227766e+06 -1.47179507e+00 
 3.41454887e+06 -2.94293348e-01  3.41454887e+06 -1.35777666e+00 
 3.68694506e+06 -2.94888577e-01  3.68694506e+06 -1.25178184e+00 
 3.98107171e+06 -2.95179890e-01  3.98107171e+06 -1.15319248e+00 
 4.29866235e+06 -2.95176162e-01  4.29866235e+06 -1.06143543e+00 
 4.64158883e+06 -2.94879988e-01  4.64158883e+06 -9.75979506e-01 
 5.01187234e+06 -2.94287983e-01  5.01187234e+06 -8.96332796e-01 
 5.41169527e+06 -2.93390997e-01  5.41169527e+06 -8.22040245e-01 
 5.84341413e+06 -2.92174300e-01  5.84341413e+06 -7.52681574e-01 
 6.30957344e+06 -2.90617755e-01  6.30957344e+06 -6.87869488e-01 
 6.81292069e+06 -2.88696009e-01  6.81292069e+06 -6.27248178e-01 
 7.35642254e+06 -2.86378762e-01  7.35642254e+06 -5.70492127e-01 
 7.94328235e+06 -2.83631144e-01  7.94328235e+06 -5.17305182e-01 
 8.57695899e+06 -2.80414275e-01  8.57695899e+06 -4.67419888e-01 
 9.26118728e+06 -2.76686055e-01  9.26118728e+06 -4.20597041e-01 
 1.00000000e+07 -2.72402264e-01  1.00000000e+07 -3.76625394e-01 
 1.07977516e+07 -2.67518024e-01  1.07977516e+07 -3.35321445e-01 
 1.16591440e+07 -2.61989680e-01  1.16591440e+07 -2.96529193e-01 
 1.25892541e+07 -2.55777125e-01  1.25892541e+07 -2.60119704e-01 
 1.35935639e+07 -2.48846560e-01  1.35935639e+07 -2.25990341e-01 
 1.46779927e+07 -2.41173614e-01  1.46779927e+07 -1.94063449e-01 
 1.58489319e+07 -2.32746692e-01  1.58489319e+07 -1.64284306e-01 
 1.71132830e+07 -2.23570324e-01  1.71132830e+07 -1.36618194e-01 
 1.84784980e+07 -2.13668216e-01  1.84784980e+07 -1.11046475e-01 
 1.99526231e+07 -2.03085650e-01  1.99526231e+07 -8.75616890e-02 
 2.15443469e+07 -1.91890827e-01  2.15443469e+07 -6.61618108e-02 
 2.32630507e+07 -1.80174834e-01  2.32630507e+07 -4.68439729e-02 
 2.51188643e+07 -1.68049967e-01  2.51188643e+07 -2.95980935e-02 
 2.71227258e+07 -1.55646344e-01  2.71227258e+07 -1.44009650e-02 
 2.92864456e+07 -1.43106960e-01  2.92864456e+07 -1.21138052e-03 
 3.16227766e+07 -1.30581545e-01  3.16227766e+07  1.00331908e-02 
 3.41454887e+07 -1.18219774e-01  3.41454887e+07  1.94180287e-02 
 3.68694506e+07 -1.06164500e-01  3.68694506e+07  2.70505696e-02 
 3.98107171e+07 -9.45456434e-02  3.98107171e+07  3.30579366e-02 
 4.29866235e+07 -8.34753057e-02  4.29866235e+07  3.75829574e-02 
 4.64158883e+07 -7.30444370e-02  4.64158883e+07  4.07791939e-02 
 5.01187234e+07 -6.33212039e-02  5.01187234e+07  4.28055709e-02 
 5.41169527e+07 -5.43509615e-02  5.41169527e+07  4.38211523e-02 
 5.84341413e+07 -4.61575762e-02  5.84341413e+07  4.39805100e-02 
 6.30957344e+07 -3.87457419e-02  6.30957344e+07  4.34299771e-02 
 6.81292069e+07 -3.21039011e-02  6.81292069e+07  4.23049210e-02 
 7.35642254e+07 -2.62074089e-02  7.35642254e+07  4.07280362e-02 
 7.94328235e+07 -2.10216418e-02  7.94328235e+07  3.88085478e-02 
 8.57695899e+07 -1.65048368e-02  8.57695899e+07  3.66421603e-02 
 9.26118728e+07 -1.26105321e-02  9.26118728e+07  3.43115544e-02 
 1.00000000e+08 -9.28955507e-03  1.00000000e+08  3.18872395e-02 
 1.07977516e+08 -6.49156532e-03  1.07977516e+08  2.94285931e-02 
 1.16591440e+08 -4.16620145e-03  1.16591440e+08  2.69849507e-02 
 1.25892541e+08 -2.26390740e-03  1.25892541e+08  2.45966541e-02 
 1.35935639e+08 -7.36522766e-04  1.35935639e+08  2.22960004e-02 
 1.46779927e+08  4.62281026e-04  1.46779927e+08  2.01080749e-02 
 1.58489319e+08  1.37665115e-03  1.58489319e+08  1.80514777e-02 
 1.71132830e+08  2.04824316e-03  1.71132830e+08  1.61389718e-02 
 1.84784980e+08  2.51592670e-03  1.84784980e+08  1.43780916e-02 
 1.99526231e+08  2.81550585e-03  1.99526231e+08  1.27717456e-02 
 2.15443469e+08  2.97947011e-03  2.15443469e+08  1.13188412e-02 
 2.32630507e+08  3.03680091e-03  2.32630507e+08  1.00149373e-02 
 2.51188643e+08  3.01285966e-03  2.51188643e+08  8.85292134e-03 
 2.71227258e+08  2.92937581e-03  2.71227258e+08  7.82368902e-03 
 2.92864456e+08  2.80454268e-03  2.92864456e+08  6.91679833e-03 
 3.16227766e+08  2.65321492e-03  3.16227766e+08  6.12106965e-03 
 3.41454887e+08  2.48719098e-03  3.41454887e+08  5.42510652e-03 
 3.68694506e+08  2.31555604e-03  3.68694506e+08  4.81772090e-03 
 3.98107171e+08  2.14505801e-03  3.98107171e+08  4.28825638e-03 
 4.29866235e+08  1.98049048e-03  4.29866235e+08  3.82681228e-03 
 4.64158883e+08  1.82506065e-03  4.64158883e+08  3.42437864e-03 
 5.01187234e+08  1.68072606e-03  5.01187234e+08  3.07289665e-03 
 5.41169527e+08  1.54849032e-03  5.41169527e+08  2.76526119e-03 
 5.84341413e+08  1.42865342e-03  5.84341413e+08  2.49528167e-03 
 6.30957344e+08  1.32101667e-03  6.30957344e+08  2.25761563e-03 
 6.81292069e+08  1.22504540e-03  6.81292069e+08  2.04768711e-03 
 7.35642254e+08  1.13999440e-03  7.35642254e+08  1.86159892e-03 
 7.94328235e+08  1.06500176e-03  7.94328235e+08  1.69604529e-03 
 8.57695899e+08  9.99156940e-04  8.57695899e+08  1.54822925e-03 
 9.26118728e+08  9.41548393e-04  9.26118728e+08  1.41578716e-03 
 1.00000000e+09  8.91295460e-04  1.00000000e+09  1.29672159e-03 
 1.07977516e+09  8.47568442e-04  1.07977516e+09  1.18934280e-03 
 1.16591440e+09  8.09600015e-04  1.16591440e+09  1.09221855e-03 
 1.25892541e+09  7.76690494e-04  1.25892541e+09  1.00413148e-03 
 1.35935639e+09  7.48208837e-04  1.35935639e+09  9.24043335e-04 
 1.46779927e+09  7.23590840e-04  1.46779927e+09  8.51065080e-04 
 1.58489319e+09  7.02335554e-04  1.58489319e+09  7.84432122e-04 
 1.71132830e+09  6.84000694e-04  1.71132830e+09  7.23483812e-04 
 1.84784980e+09  6.68197562e-04  1.84784980e+09  6.67646532e-04 
 1.99526231e+09  6.54585837e-04  1.99526231e+09  6.16419775e-04 
 2.15443469e+09  6.42868489e-04  2.15443469e+09  5.69364670e-04 
 2.32630507e+09  6.32786939e-04  2.32630507e+09  5.26094537e-04 
 2.51188643e+09  6.24116577e-04  2.51188643e+09  4.86267086e-04 
 2.71227258e+09  6.16662649e-04  2.71227258e+09  4.49577978e-04 
 2.92864456e+09  6.10256557e-04  2.92864456e+09  4.15755475e-04 
 3.16227766e+09  6.04752530e-04  3.16227766e+09  3.84555999e-04 
 3.41454887e+09  6.00024681e-04  3.41454887e+09  3.55760424e-04 
 3.68694506e+09  5.95964394e-04  3.68694506e+09  3.29170960e-04 
 3.98107171e+09  5.92478035e-04  3.98107171e+09  3.04608544e-04 
 4.29866235e+09  5.89484941e-04  4.29866235e+09  2.81910613e-04 
 4.64158883e+09  5.86915665e-04  4.64158883e+09  2.60929228e-04 
 5.01187234e+09  5.84710449e-04  5.01187234e+09  2.41529460e-04 
 5.41169527e+09  5.82817893e-04  5.41169527e+09  2.23588006e-04 
 5.84341413e+09  5.81193806e-04  5.84341413e+09  2.06991992e-04 
 6.30957344e+09  5.79800207e-04  6.30957344e+09  1.91637933e-04 
 6.81292069e+09  5.78604461e-04  6.81292069e+09  1.77430827e-04 
 7.35642254e+09  5.77578535e-04  7.35642254e+09  1.64283353e-04 
 7.94328235e+09  5.76698351e-04  7.94328235e+09  1.52115175e-04 
 8.57695899e+09  5.75943236e-04  8.57695899e+09  1.40852308e-04 
 9.26118728e+09  5.75295441e-04  9.26118728e+09  1.30426572e-04 
 1.00000000e+10  5.74739730e-04  1.00000000e+10  1.20775087e-04 
