 1.00000000e+00  2.46569998e+05  1.00000000e+00 -1.67870620e+04 
 1.07977516e+00  2.46381393e+05  1.07977516e+00 -1.81123876e+04 
 1.16591440e+00  2.46161861e+05  1.16591440e+00 -1.95398803e+04 
 1.25892541e+00  2.45906398e+05  1.25892541e+00 -2.10767816e+04 
 1.35935639e+00  2.45609219e+05  1.35935639e+00 -2.27306819e+04 
 1.46779927e+00  2.45263640e+05  1.46779927e+00 -2.45094916e+04 
 1.58489319e+00  2.44861949e+05  1.58489319e+00 -2.64213967e+04 
 1.71132830e+00  2.44395271e+05  1.71132830e+00 -2.84747948e+04 
 1.84784980e+00  2.43853405e+05  1.84784980e+00 -3.06782063e+04 
 1.99526231e+00  2.43224662e+05  1.99526231e+00 -3.30401556e+04 
 2.15443469e+00  2.42495682e+05  2.15443469e+00 -3.55690137e+04 
 2.32630507e+00  2.41651253e+05  2.32630507e+00 -3.82727968e+04 
 2.51188643e+00  2.40674116e+05  2.51188643e+00 -4.11589106e+04 
 2.71227258e+00  2.39544789e+05  2.71227258e+00 -4.42338307e+04 
 2.92864456e+00  2.38241400e+05  2.92864456e+00 -4.75027107e+04 
 3.16227766e+00  2.36739555e+05  3.16227766e+00 -5.09689078e+04 
 3.41454887e+00  2.35012266e+05  3.41454887e+00 -5.46334178e+04 
 3.68694506e+00  2.33029952e+05  3.68694506e+00 -5.84942162e+04 
 3.98107171e+00  2.30760556e+05  3.98107171e+00 -6.25455044e+04 
 4.29866235e+00  2.28169818e+05  4.29866235e+00 -6.67768706e+04 
 4.64158883e+00  2.25221741e+05  4.64158883e+00 -7.11723856e+04 
 5.01187234e+00  2.21879297e+05  5.01187234e+00 -7.57096678e+04 
 5.41169527e+00  2.18105426e+05  5.41169527e+00 -8.03589735e+04 
 5.84341413e+00  2.13864358e+05  5.84341413e+00 -8.50823885e+04 
 6.30957344e+00  2.09123270e+05  6.30957344e+00 -8.98332227e+04 
 6.81292069e+00  2.03854296e+05  6.81292069e+00 -9.45557286e+04 
 7.35642254e+00  1.98036796e+05  7.35642254e+00 -9.91852823e+04 
 7.94328235e+00  1.91659827e+05  7.94328235e+00 -1.03649164e+05 
 8.57695899e+00  1.84724612e+05  8.57695899e+00 -1.07868055e+05 
 9.26118728e+00  1.77246809e+05  9.26118728e+00 -1.11758327e+05 
 1.00000000e+01  1.69258296e+05  1.00000000e+01 -1.15235110e+05 
 1.07977516e+01  1.60808183e+05  1.07977516e+01 -1.18216038e+05 
 1.16591440e+01  1.51962800e+05  1.16591440e+01 -1.20625452e+05 
 1.25892541e+01  1.42804454e+05  1.25892541e+01 -1.22398710e+05 
 1.35935639e+01  1.33428908e+05  1.35935639e+01 -1.23486209e+05 
 1.46779927e+01  1.23941685e+05  1.46779927e+01 -1.23856664e+05 
 1.58489319e+01  1.14453459e+05  1.58489319e+01 -1.23499266e+05 
 1.71132830e+01  1.05074950e+05  1.71132830e+01 -1.22424446e+05 
 1.84784980e+01  9.59118160e+04  1.84784980e+01 -1.20663133e+05 
 1.99526231e+01  8.70600334e+04  1.99526231e+01 -1.18264628e+05 
 2.15443469e+01  7.86021762e+04  2.15443469e+01 -1.15293336e+05 
 2.32630507e+01  7.06048751e+04  2.32630507e+01 -1.11824757e+05 
 2.51188643e+01  6.31175555e+04  2.51188643e+01 -1.07941174e+05 
 2.71227258e+01  5.61723981e+04  2.71227258e+01 -1.03727445e+05 
 2.92864456e+01  4.97853388e+04  2.92864456e+01 -9.92672518e+04 
 3.16227766e+01  4.39578417e+04  3.16227766e+01 -9.46400129e+04 
 3.41454887e+01  3.86791595e+04  3.41454887e+01 -8.99185822e+04 
 3.68694506e+01  3.39288070e+04  3.68694506e+01 -8.51677381e+04 
 3.98107171e+01  2.96790240e+04  3.98107171e+01 -8.04433906e+04 
 4.29866235e+01  2.58970612e+04  4.29866235e+01 -7.57923919e+04 
 4.64158883e+01  2.25471840e+04  4.64158883e+01 -7.12528091e+04 
 5.01187234e+01  1.95923433e+04  5.01187234e+01 -6.68545262e+04 
 5.41169527e+01  1.69955015e+04  5.41169527e+01 -6.26200493e+04 
 5.84341413e+01  1.47206350e+04  5.84341413e+01 -5.85654155e+04 
 6.30957344e+01  1.27334478e+04  6.30957344e+01 -5.47011277e+04 
 6.81292069e+01  1.10018415e+04  6.81292069e+01 -5.10330596e+04 
 7.35642254e+01  9.49618871e+03  7.35642254e+01 -4.75632969e+04 
 7.94328235e+01  8.18945333e+03  7.94328235e+01 -4.42908918e+04 
 8.57695899e+01  7.05719658e+03  8.57695899e+01 -4.12125245e+04 
 9.26118728e+01  6.07750185e+03  9.26118728e+01 -3.83230691e+04 
 1.00000000e+02  5.23084475e+03  1.00000000e+02 -3.56160701e+04 
 1.07977516e+02  4.49992943e+03  1.07977516e+02 -3.30841355e+04 
 1.16591440e+02  3.86950681e+03  1.16591440e+02 -3.07192578e+04 
 1.25892541e+02  3.32618646e+03  1.25892541e+02 -2.85130702e+04 
 1.35935639e+02  2.85825023e+03  1.35935639e+02 -2.64570498e+04 
 1.46779927e+02  2.45547330e+03  1.46779927e+02 -2.45426748e+04 
 1.58489319e+02  2.10895602e+03  1.58489319e+02 -2.27615446e+04 
 1.71132830e+02  1.81096855e+03  1.71132830e+02 -2.11054686e+04 
 1.84784980e+02  1.55480926e+03  1.84784980e+02 -1.95665312e+04 
 1.99526231e+02  1.33467693e+03  1.99526231e+02 -1.81371361e+04 
 2.15443469e+02  1.14555643e+03  2.15443469e+02 -1.68100349e+04 
 2.32630507e+02  9.83117102e+02  2.32630507e+02 -1.55783445e+04 
 2.51188643e+02  8.43622945e+02  2.51188643e+02 -1.44355534e+04 
 2.71227258e+02  7.23853658e+02  2.71227258e+02 -1.33755224e+04 
 2.92864456e+02  6.21035410e+02  2.92864456e+02 -1.23924784e+04 
 3.16227766e+02  5.32780398e+02  3.16227766e+02 -1.14810056e+04 
 3.41454887e+02  4.57034195e+02  3.41454887e+02 -1.06360327e+04 
 3.68694506e+02  3.92029993e+02  3.68694506e+02 -9.85281869e+03 
 3.98107171e+02  3.36248920e+02  3.98107171e+02 -9.12693794e+03 
 4.29866235e+02  2.88385673e+02  4.29866235e+02 -8.45426360e+03 
 4.64158883e+02  2.47318804e+02  4.64158883e+02 -7.83095139e+03 
 5.01187234e+02  2.12085057e+02  5.01187234e+02 -7.25342332e+03 
 5.41169527e+02  1.81857223e+02  5.41169527e+02 -6.71835161e+03 
 5.84341413e+02  1.55925051e+02  5.84341413e+02 -6.22264308e+03 
 6.30957344e+02  1.33678804e+02  6.30957344e+02 -5.76342416e+03 
 6.81292069e+02  1.14595104e+02  6.81292069e+02 -5.33802648e+03 
 7.35642254e+02  9.82247485e+01  7.35642254e+02 -4.94397315e+03 
 7.94328235e+02  8.41822372e+01  7.94328235e+02 -4.57896578e+03 
 8.57695899e+02  7.21367639e+01  8.57695899e+02 -4.24087224e+03 
 9.26118728e+02  6.18044772e+01  9.26118728e+02 -3.92771506e+03 
 1.00000000e+03  5.29418304e+01  1.00000000e+03 -3.63766065e+03 
 1.07977516e+03  4.53398692e+01  1.07977516e+03 -3.36900905e+03 
 1.16591440e+03  3.88193265e+01  1.16591440e+03 -3.12018452e+03 
 1.25892541e+03  3.32264102e+01  1.25892541e+03 -2.88972656e+03 
 1.35935639e+03  2.84291876e+01  1.35935639e+03 -2.67628171e+03 
 1.46779927e+03  2.43144814e+01  1.46779927e+03 -2.47859578e+03 
 1.58489319e+03  2.07852059e+01  1.58489319e+03 -2.29550667e+03 
 1.71132830e+03  1.77580806e+01  1.71132830e+03 -2.12593769e+03 
 1.84784980e+03  1.51616687e+01  1.84784980e+03 -1.96889133e+03 
 1.99526231e+03  1.29346935e+01  1.99526231e+03 -1.82344351e+03 
 2.15443469e+03  1.10245941e+01  2.15443469e+03 -1.68873820e+03 
 2.32630507e+03  9.38628622e+00  2.32630507e+03 -1.56398240e+03 
 2.51188643e+03  7.98109900e+00  2.51188643e+03 -1.44844159e+03 
 2.71227258e+03  6.77586299e+00  2.71227258e+03 -1.34143539e+03 
 2.92864456e+03  5.74212766e+00  2.92864456e+03 -1.24233360e+03 
 3.16227766e+03  4.85549024e+00  3.16227766e+03 -1.15055251e+03 
 3.41454887e+03  4.09501991e+00  3.41454887e+03 -1.06555147e+03 
 3.68694506e+03  3.44276390e+00  3.68694506e+03 -9.86829746e+02 
 3.98107171e+03  2.88332387e+00  3.98107171e+03 -9.13923544e+02 
 4.29866235e+03  2.40349244e+00  4.29866235e+03 -8.46403319e+02 
 4.64158883e+03  1.99194151e+00  4.64158883e+03 -7.83871234e+02 
 5.01187234e+03  1.63895488e+00  5.01187234e+03 -7.25958829e+02 
 5.41169527e+03  1.33619890e+00  5.41169527e+03 -6.72324850e+02 
 5.84341413e+03  1.07652576e+00  5.84341413e+03 -6.22653246e+02 
 6.30957344e+03  8.53804743e-01  6.30957344e+03 -5.76651305e+02 
 6.81292069e+03  6.62777529e-01  6.81292069e+03 -5.34047936e+02 
 7.35642254e+03  4.98934047e-01  7.35642254e+03 -4.94592069e+02 
 7.94328235e+03  3.58406003e-01  7.94328235e+03 -4.58051181e+02 
 8.57695899e+03  2.37875562e-01  8.57695899e+03 -4.24209922e+02 
 9.26118728e+03  1.34497021e-01  9.26118728e+03 -3.92868850e+02 
 1.00000000e+04  4.58296189e-02  1.00000000e+04 -3.63843258e+02 
 1.07977516e+04 -3.02200769e-02  1.07977516e+04 -3.36962081e+02 
 1.16591440e+04 -9.54476011e-02  1.16591440e+04 -3.12066892e+02 
 1.25892541e+04 -1.51392979e-01  1.25892541e+04 -2.89010968e+02 
 1.35935639e+04 -1.99377087e-01  1.35935639e+04 -2.67658424e+02 
 1.46779927e+04 -2.40532834e-01  1.46779927e+04 -2.47883415e+02 
 1.58489319e+04 -2.75831913e-01  1.58489319e+04 -2.29569391e+02 
 1.71132830e+04 -3.06107743e-01  1.71132830e+04 -2.12608415e+02 
 1.84784980e+04 -3.32075141e-01  1.84784980e+04 -1.96900523e+02 
 1.99526231e+04 -3.54347203e-01  1.99526231e+04 -1.82353135e+02 
 2.15443469e+04 -3.73449776e-01  2.15443469e+04 -1.68880511e+02 
 2.32630507e+04 -3.89833877e-01  2.32630507e+04 -1.56403247e+02 
 2.51188643e+04 -4.03886338e-01  2.51188643e+04 -1.44847803e+02 
 2.71227258e+04 -4.15938942e-01  2.71227258e+04 -1.34146075e+02 
 2.92864456e+04 -4.26276253e-01  2.92864456e+04 -1.24234986e+02 
 3.16227766e+04 -4.35142339e-01  3.16227766e+04 -1.15056124e+02 
 3.41454887e+04 -4.42746529e-01  3.41454887e+04 -1.06555389e+02 
 3.68694506e+04 -4.49268361e-01  3.68694506e+04 -9.86826780e+01 
 3.98107171e+04 -4.54861816e-01  3.98107171e+04 -9.13915916e+01 
 4.29866235e+04 -4.59658959e-01  4.29866235e+04 -8.46391567e+01 
 4.64158883e+04 -4.63773051e-01  4.64158883e+04 -7.83855752e+01 
 5.01187234e+04 -4.67301226e-01  5.01187234e+04 -7.25939893e+01 
 5.41169527e+04 -4.70326787e-01  5.41169527e+04 -6.72302642e+01 
 5.84341413e+04 -4.72921166e-01  5.84341413e+04 -6.22627866e+01 
 6.30957344e+04 -4.75145620e-01  6.30957344e+04 -5.76622790e+01 
 6.81292069e+04 -4.77052666e-01  6.81292069e+04 -5.34016263e+01 
 7.35642254e+04 -4.78687333e-01  7.35642254e+04 -4.94557168e+01 
 7.94328235e+04 -4.80088213e-01  7.94328235e+04 -4.58012939e+01 
 8.57695899e+04 -4.81288383e-01  8.57695899e+04 -4.24168187e+01 
 9.26118728e+04 -4.82316179e-01  9.26118728e+04 -3.92823435e+01 
 1.00000000e+05 -4.83195868e-01  1.00000000e+05 -3.63793941e+01 
 1.07977516e+05 -4.83948219e-01  1.07977516e+05 -3.36908609e+01 
 1.16591440e+05 -4.84590996e-01  1.16591440e+05 -3.12008979e+01 
 1.25892541e+05 -4.85139375e-01  1.25892541e+05 -2.88948296e+01 
 1.35935639e+05 -4.85606304e-01  1.35935639e+05 -2.67590643e+01 
 1.46779927e+05 -4.86002807e-01  1.46779927e+05 -2.47810140e+01 
 1.58489319e+05 -4.86338246e-01  1.58489319e+05 -2.29490204e+01 
 1.71132830e+05 -4.86620542e-01  1.71132830e+05 -2.12522858e+01 
 1.84784980e+05 -4.86856359e-01  1.84784980e+05 -1.96808100e+01 
 1.99526231e+05 -4.87051268e-01  1.99526231e+05 -1.82253309e+01 
 2.15443469e+05 -4.87209871e-01  2.15443469e+05 -1.68772700e+01 
 2.32630507e+05 -4.87335915e-01  2.32630507e+05 -1.56286822e+01 
 2.51188643e+05 -4.87432377e-01  2.51188643e+05 -1.44722083e+01 
 2.71227258e+05 -4.87501538e-01  2.71227258e+05 -1.34010324e+01 
 2.92864456e+05 -4.87545036e-01  2.92864456e+05 -1.24088412e+01 
 3.16227766e+05 -4.87563903e-01  3.16227766e+05 -1.14897868e+01 
 3.41454887e+05 -4.87558593e-01  3.41454887e+05 -1.06384527e+01 
 3.68694506e+05 -4.87528991e-01  3.68694506e+05 -9.84982128e+00 
 3.98107171e+05 -4.87474413e-01  3.98107171e+05 -9.11924475e+00 
 4.29866235e+05 -4.87393590e-01  4.29866235e+05 -8.44241741e+00 
 4.64158883e+05 -4.87284641e-01  4.64158883e+05 -7.81535048e+00 
 5.01187234e+05 -4.87145030e-01  5.01187234e+05 -7.23434854e+00 
 5.41169527e+05 -4.86971510e-01  5.41169527e+05 -6.69598778e+00 
 5.84341413e+05 -4.86760053e-01  5.84341413e+05 -6.19709586e+00 
 6.30957344e+05 -4.86505758e-01  6.30957344e+05 -5.73473326e+00 
 6.81292069e+05 -4.86202744e-01  6.81292069e+05 -5.30617597e+00 
 7.35642254e+05 -4.85844027e-01  7.35642254e+05 -4.90889951e+00 
 7.94328235e+05 -4.85421367e-01  7.94328235e+05 -4.54056412e+00 
 8.57695899e+05 -4.84925093e-01  8.57695899e+05 -4.19900107e+00 
 9.26118728e+05 -4.84343910e-01  9.26118728e+05 -3.88219996e+00 
 1.00000000e+06 -4.83664666e-01  1.00000000e+06 -3.58829706e+00 
 1.07977516e+06 -4.82872095e-01  1.07977516e+06 -3.31556444e+00 
 1.16591440e+06 -4.81948526e-01  1.16591440e+06 -3.06240004e+00 
 1.25892541e+06 -4.80873563e-01  1.25892541e+06 -2.82731848e+00 
 1.35935639e+06 -4.79623730e-01  1.35935639e+06 -2.60894261e+00 
 1.46779927e+06 -4.78172083e-01  1.46779927e+06 -2.40599584e+00 
 1.58489319e+06 -4.76487808e-01  1.58489319e+06 -2.21729506e+00 
 1.71132830e+06 -4.74535786e-01  1.71132830e+06 -2.04174428e+00 
 1.84784980e+06 -4.72276174e-01  1.84784980e+06 -1.87832889e+00 
 1.99526231e+06 -4.69663986e-01  1.99526231e+06 -1.72611053e+00 
 2.15443469e+06 -4.66648729e-01  2.15443469e+06 -1.58422259e+00 
 2.32630507e+06 -4.63174122e-01  2.32630507e+06 -1.45186627e+00 
 2.51188643e+06 -4.59177939e-01  2.51188643e+06 -1.32830732e+00 
 2.71227258e+06 -4.54592069e-01  2.71227258e+06 -1.21287325e+00 
 2.92864456e+06 -4.49342837e-01  2.92864456e+06 -1.10495119e+00 
 3.16227766e+06 -4.43351722e-01  3.16227766e+06 -1.00398613e+00 
 3.41454887e+06 -4.36536550e-01  3.41454887e+06 -9.09479776e-01 
 3.68694506e+06 -4.28813304e-01  3.68694506e+06 -8.20989535e-01 
 3.98107171e+06 -4.20098662e-01  3.98107171e+06 -7.38127841e-01 
 4.29866235e+06 -4.10313361e-01  4.29866235e+06 -6.60561350e-01 
 4.64158883e+06 -3.99386456e-01  4.64158883e+06 -5.88009843e-01 
 5.01187234e+06 -3.87260448e-01  5.01187234e+06 -5.20244489e-01 
 5.41169527e+06 -3.73897182e-01  5.41169527e+06 -4.57085053e-01 
 5.84341413e+06 -3.59284228e-01  5.84341413e+06 -3.98395676e-01 
 6.30957344e+06 -3.43441330e-01  6.30957344e+06 -3.44078870e-01 
 6.81292069e+06 -3.26426300e-01  6.81292069e+06 -2.94067459e-01 
 7.35642254e+06 -3.08339590e-01  7.35642254e+06 -2.48314471e-01 
 7.94328235e+06 -2.89326689e-01  7.94328235e+06 -2.06781196e-01 
 8.57695899e+06 -2.69577539e-01  8.57695899e+06 -1.69424047e-01 
 9.26118728e+06 -2.49322341e-01  9.26118728e+06 -1.36181182e-01 
 1.00000000e+07 -2.28823520e-01  1.00000000e+07 -1.06960162e-01 
 1.07977516e+07 -2.08364097e-01  1.07977516e+07 -8.16280203e-02 
 1.16591440e+07 -1.88233315e-01  1.16591440e+07 -6.00050455e-02 
 1.25892541e+07 -1.68710873e-01  1.25892541e+07 -4.18632101e-02 
 1.35935639e+07 -1.50051448e-01  1.35935639e+07 -2.69295794e-02 
 1.46779927e+07 -1.32471252e-01  1.46779927e+07 -1.48943554e-02 
 1.58489319e+07 -1.16138092e-01  1.58489319e+07 -5.42253174e-03 
 1.71132830e+07 -1.01165882e-01  1.71132830e+07  1.83234861e-03 
 1.84784980e+07 -8.76138771e-02  1.84784980e+07  7.21404642e-03 
 1.99526231e+07 -7.54902028e-02  1.99526231e+07  1.10506933e-02 
 2.15443469e+07 -6.47587636e-02  2.15443469e+07  1.36443096e-02 
 2.32630507e+07 -5.53482747e-02  2.32630507e+07  1.52634910e-02 
 2.51188643e+07 -4.71621431e-02  2.51188643e+07  1.61394380e-02 
 2.71227258e+07 -4.00880773e-02  2.71227258e+07  1.64650490e-02 
 2.92864456e+07 -3.40066036e-02  2.92864456e+07  1.63964885e-02 
 3.16227766e+07 -2.87980047e-02  3.16227766e+07  1.60565058e-02 
 3.41454887e+07 -2.43475095e-02  3.41454887e+07  1.55387790e-02 
 3.68694506e+07 -2.05487988e-02  3.68694506e+07  1.49126653e-02 
 3.98107171e+07 -1.73060469e-02  3.98107171e+07  1.42278838e-02 
 4.29866235e+07 -1.45347903e-02  4.29866235e+07  1.35188174e-02 
 4.64158883e+07 -1.21619268e-02  4.64158883e+07  1.28082603e-02 
 5.01187234e+07 -1.01251205e-02  5.01187234e+07  1.21105424e-02 
 5.41169527e+07 -8.37184192e-03  5.41169527e+07  1.14340376e-02 
 5.84341413e+07 -6.85822182e-03  5.84341413e+07  1.07831079e-02 
 6.30957344e+07 -5.54784831e-03  6.30957344e+07  1.01595555e-02 
 6.81292069e+07 -4.41059681e-03  6.81292069e+07  9.56366664e-03 
 7.35642254e+07 -3.42155079e-03  7.35642254e+07  8.99492546e-03 
 7.94328235e+07 -2.56004594e-03  7.94328235e+07  8.45247407e-03 
 8.57695899e+07 -1.80885217e-03  8.57695899e+07  7.93538329e-03 
 9.26118728e+07 -1.15349415e-03  9.26118728e+07  7.44279037e-03 
 1.00000000e+08 -5.81701711e-04  1.00000000e+08  6.97394878e-03 
 1.07977516e+08 -8.29754384e-05  1.07977516e+08  6.52822542e-03 
 1.16591440e+08  3.51750147e-04  1.16591440e+08  6.10507099e-03 
 1.25892541e+08  7.30364284e-04  1.25892541e+08  5.70398127e-03 
 1.35935639e+08  1.05977576e-03  1.35935639e+08  5.32446014e-03 
 1.46779927e+08  1.34606201e-03  1.46779927e+08  4.96598998e-03 
 1.58489319e+08  1.59458404e-03  1.58489319e+08  4.62801190e-03 
 1.71132830e+08  1.81007690e-03  1.71132830e+08  4.30991519e-03 
 1.84784980e+08  1.99672304e-03  1.84784980e+08  4.01103494e-03 
 1.99526231e+08  2.15821371e-03  1.99526231e+08  3.73065563e-03 
 2.15443469e+08  2.29780180e-03  2.15443469e+08  3.46801887e-03 
 2.32630507e+08  2.41834858e-03  2.32630507e+08  3.22233333e-03 
 2.51188643e+08  2.52236557e-03  2.51188643e+08  2.99278574e-03 
 2.71227258e+08  2.61205257e-03  2.71227258e+08  2.77855171e-03 
 2.92864456e+08  2.68933220e-03  2.92864456e+08  2.57880577e-03 
 3.16227766e+08  2.75588144e-03  3.16227766e+08  2.39273026e-03 
 3.41454887e+08  2.81316015e-03  3.41454887e+08  2.21952283e-03 
 3.68694506e+08  2.86243698e-03  3.68694506e+08  2.05840258e-03 
 3.98107171e+08  2.90481262e-03  3.98107171e+08  1.90861474e-03 
 4.29866235e+08  2.94124066e-03  4.29866235e+08  1.76943426e-03 
 4.64158883e+08  2.97254622e-03  4.64158883e+08  1.64016821e-03 
 5.01187234e+08  2.99944238e-03  5.01187234e+08  1.52015735e-03 
 5.41169527e+08  3.02254482e-03  5.41169527e+08  1.40877685e-03 
 5.84341413e+08  3.04238464e-03  5.84341413e+08  1.30543648e-03 
 6.30957344e+08  3.05941962e-03  6.30957344e+08  1.20958022e-03 
 6.81292069e+08  3.07404409e-03  6.81292069e+08  1.12068560e-03 
 7.35642254e+08  3.08659750e-03  7.35642254e+08  1.03826266e-03 
 7.94328235e+08  3.09737194e-03  7.94328235e+08  9.61852718e-04 
 8.57695899e+08  3.10661861e-03  8.57695899e+08  8.91027094e-04 
 9.26118728e+08  3.11455349e-03  9.26118728e+08  8.25385622e-04 
 1.00000000e+09  3.12136218e-03  1.00000000e+09  7.64555187e-04 
 1.07977516e+09  3.12720416e-03  1.07977516e+09  7.08188233e-04 
 1.16591440e+09  3.13221642e-03  1.16591440e+09  6.55961278e-04 
 1.25892541e+09  3.13651660e-03  1.25892541e+09  6.07573458e-04 
 1.35935639e+09  3.14020573e-03  1.35935639e+09  5.62745116e-04 
 1.46779927e+09  3.14337053e-03  1.46779927e+09  5.21216444e-04 
 1.58489319e+09  3.14608544e-03  1.58489319e+09  4.82746180e-04 
 1.71132830e+09  3.14841436e-03  1.71132830e+09  4.47110372e-04 
 1.84784980e+09  3.15041212e-03  1.84784980e+09  4.14101202e-04 
 1.99526231e+09  3.15212578e-03  1.99526231e+09  3.83525879e-04 
 2.15443469e+09  3.15359571e-03  2.15443469e+09  3.55205596e-04 
 2.32630507e+09  3.15485658e-03  2.32630507e+09  3.28974549e-04 
 2.51188643e+09  3.15593809e-03  2.51188643e+09  3.04679020e-04 
 2.71227258e+09  3.15686576e-03  2.71227258e+09  2.82176517e-04 
 2.92864456e+09  3.15766145e-03  2.92864456e+09  2.61334972e-04 
 3.16227766e+09  3.15834395e-03  3.16227766e+09  2.42031990e-04 
 3.41454887e+09  3.15892934e-03  3.41454887e+09  2.24154154e-04 
 3.68694506e+09  3.15943145e-03  3.68694506e+09  2.07596375e-04 
 3.98107171e+09  3.15986212e-03  3.98107171e+09  1.92261286e-04 
 4.29866235e+09  3.16023151e-03  4.29866235e+09  1.78058681e-04 
 4.64158883e+09  3.16054834e-03  4.64158883e+09  1.64904990e-04 
 5.01187234e+09  3.16082009e-03  5.01187234e+09  1.52722801e-04 
 5.41169527e+09  3.16105317e-03  5.41169527e+09  1.41440400e-04 
 5.84341413e+09  3.16125309e-03  5.84341413e+09  1.30991361e-04 
 6.30957344e+09  3.16142456e-03  6.30957344e+09  1.21314154e-04 
 6.81292069e+09  3.16157163e-03  6.81292069e+09  1.12351788e-04 
 7.35642254e+09  3.16169777e-03  7.35642254e+09  1.04051475e-04 
 7.94328235e+09  3.16180596e-03  7.94328235e+09  9.63643214e-05 
 8.57695899e+09  3.16189876e-03  8.57695899e+09  8.92450424e-05 
 9.26118728e+09  3.16197835e-03  9.26118728e+09  8.26516955e-05 
 1.00000000e+10  3.16204661e-03  1.00000000e+10  7.65454343e-05 
