 1.00000000e+00  2.47201389e+05  1.00000000e+00 -1.12448266e+04 
 1.07977516e+00  2.47116727e+05  1.07977516e+00 -1.21377261e+04 
 1.16591440e+00  2.47018091e+05  1.16591440e+00 -1.31007840e+04 
 1.25892541e+00  2.46903189e+05  1.25892541e+00 -1.41393211e+04 
 1.35935639e+00  2.46769358e+05  1.35935639e+00 -1.52590124e+04 
 1.46779927e+00  2.46613507e+05  1.46779927e+00 -1.64658967e+04 
 1.58489319e+00  2.46432045e+05  1.58489319e+00 -1.77663839e+04 
 1.71132830e+00  2.46220813e+05  1.71132830e+00 -1.91672566e+04 
 1.84784980e+00  2.45974991e+05  1.84784980e+00 -2.06756650e+04 
 1.99526231e+00  2.45689004e+05  1.99526231e+00 -2.22991129e+04 
 2.15443469e+00  2.45356405e+05  2.15443469e+00 -2.40454330e+04 
 2.32630507e+00  2.44969758e+05  2.32630507e+00 -2.59227465e+04 
 2.51188643e+00  2.44520497e+05  2.51188643e+00 -2.79394045e+04 
 2.71227258e+00  2.43998774e+05  2.71227258e+00 -3.01039064e+04 
 2.92864456e+00  2.43393293e+05  2.92864456e+00 -3.24247888e+04 
 3.16227766e+00  2.42691137e+05  3.16227766e+00 -3.49104787e+04 
 3.41454887e+00  2.41877582e+05  3.41454887e+00 -3.75691046e+04 
 3.68694506e+00  2.40935906e+05  3.68694506e+00 -4.04082547e+04 
 3.98107171e+00  2.39847208e+05  3.98107171e+00 -4.34346749e+04 
 4.29866235e+00  2.38590238e+05  4.29866235e+00 -4.66538964e+04 
 4.64158883e+00  2.37141252e+05  4.64158883e+00 -5.00697823e+04 
 5.01187234e+00  2.35473925e+05  5.01187234e+00 -5.36839869e+04 
 5.41169527e+00  2.33559326e+05  5.41169527e+00 -5.74953206e+04 
 5.84341413e+00  2.31366010e+05  5.84341413e+00 -6.14990198e+04 
 6.30957344e+00  2.28860241e+05  6.30957344e+00 -6.56859281e+04 
 6.81292069e+00  2.26006406e+05  6.81292069e+00 -7.00416057e+04 
 7.35642254e+00  2.22767656e+05  7.35642254e+00 -7.45453982e+04 
 7.94328235e+00  2.19106828e+05  7.94328235e+00 -7.91695142e+04 
 8.57695899e+00  2.14987679e+05  8.57695899e+00 -8.38781820e+04 
 9.26118728e+00  2.10376463e+05  9.26118728e+00 -8.86269822e+04 
 1.00000000e+01  2.05243847e+05  1.00000000e+01 -9.33624715e+04 
 1.07977516e+01  1.99567128e+05  1.07977516e+01 -9.80222327e+04 
 1.16591440e+01  1.93332661e+05  1.16591440e+01 -1.02535490e+05 
 1.25892541e+01  1.86538353e+05  1.25892541e+01 -1.06824417e+05 
 1.35935639e+01  1.79196002e+05  1.35935639e+01 -1.10806218e+05 
 1.46779927e+01  1.71333234e+05  1.46779927e+01 -1.14396007e+05 
 1.58489319e+01  1.62994739e+05  1.58489319e+01 -1.17510397e+05 
 1.71132830e+01  1.54242541e+05  1.71132830e+01 -1.20071616e+05 
 1.84784980e+01  1.45155076e+05  1.84784980e+01 -1.22011821e+05 
 1.99526231e+01  1.35824998e+05  1.99526231e+01 -1.23277243e+05 
 2.15443469e+01  1.26355756e+05  2.15443469e+01 -1.23831688e+05 
 2.32630507e+01  1.16857189e+05  2.32630507e+01 -1.23659018e+05 
 2.51188643e+01  1.07440499e+05  2.51188643e+01 -1.22764278e+05 
 2.71227258e+01  9.82130938e+04  2.71227258e+01 -1.21173340e+05 
 2.92864456e+01  8.92738035e+04  2.92864456e+01 -1.18931110e+05 
 3.16227766e+01  8.07088970e+04  3.16227766e+01 -1.16098515e+05 
 3.41454887e+01  7.25892254e+04  3.41454887e+01 -1.12748640e+05 
 3.68694506e+01  6.49686341e+04  3.68694506e+01 -1.08962454e+05 
 3.98107171e+01  5.78836263e+04  3.98107171e+01 -1.04824541e+05 
 4.29866235e+01  5.13541217e+04  4.29866235e+01 -1.00419203e+05 
 4.64158883e+01  4.53850606e+04  4.64158883e+01 -9.58271916e+04 
 5.01187234e+01  3.99685672e+04  5.01187234e+01 -9.11232013e+04 
 5.41169527e+01  3.50863926e+04  5.41169527e+01 -8.63741638e+04 
 5.84341413e+01  3.07123984e+04  5.84341413e+01 -8.16382816e+04 
 6.30957344e+01  2.68149003e+04  6.30957344e+01 -7.69646975e+04 
 6.81292069e+01  2.33587501e+04  6.81292069e+01 -7.23936640e+04 
 7.35642254e+01  2.03070931e+04  7.35642254e+01 -6.79570734e+04 
 7.94328235e+01  1.76227816e+04  7.94328235e+01 -6.36792224e+04 
 8.57695899e+01  1.52694562e+04  8.57695899e+01 -5.95777026e+04 
 9.26118728e+01  1.32123284e+04  9.26118728e+01 -5.56643347e+04 
 1.00000000e+02  1.14187088e+04  1.00000000e+02 -5.19460859e+04 
 1.07977516e+02  9.85832556e+03  1.07977516e+02 -4.84259288e+04 
 1.16591440e+02  8.50347984e+03  1.16591440e+02 -4.51036196e+04 
 1.25892541e+02  7.32907751e+03  1.25892541e+02 -4.19763837e+04 
 1.35935639e+02  6.31257181e+03  1.35935639e+02 -3.90395054e+04 
 1.46779927e+02  5.43384519e+03  1.46779927e+02 -3.62868265e+04 
 1.58489319e+02  4.67505244e+03  1.58489319e+02 -3.37111598e+04 
 1.71132830e+02  4.02044231e+03  1.71132830e+02 -3.13046274e+04 
 1.84784980e+02  3.45617007e+03  1.84784980e+02 -2.90589325e+04 
 1.99526231e+02  2.97011012e+03  1.99526231e+02 -2.69655753e+04 
 2.15443469e+02  2.55167473e+03  2.15443469e+02 -2.50160211e+04 
 2.32630507e+02  2.19164286e+03  2.32630507e+02 -2.32018287e+04 
 2.51188643e+02  1.88200151e+03  2.51188643e+02 -2.15147474e+04 
 2.71227258e+02  1.61580051e+03  2.71227258e+02 -1.99467868e+04 
 2.92864456e+02  1.38702128e+03  2.92864456e+02 -1.84902659e+04 
 3.16227766e+02  1.19045913e+03  3.16227766e+02 -1.71378463e+04 
 3.41454887e+02  1.02161849e+03  3.41454887e+02 -1.58825507e+04 
 3.68694506e+02  8.76620210e+02  3.68694506e+02 -1.47177733e+04 
 3.98107171e+02  7.52119917e+02  3.98107171e+02 -1.36372804e+04 
 4.29866235e+02  6.45236428e+02  4.29866235e+02 -1.26352069e+04 
 4.64158883e+02  5.53489165e+02  4.64158883e+02 -1.17060471e+04 
 5.01187234e+02  4.74743612e+02  5.01187234e+02 -1.08446435e+04 
 5.41169527e+02  4.07163889e+02  5.41169527e+02 -1.00461727e+04 
 5.84341413e+02  3.49171598e+02  5.84341413e+02 -9.30613038e+03 
 6.30957344e+02  2.99410176e+02  6.30957344e+02 -8.62031540e+03 
 6.81292069e+02  2.56714055e+02  6.81292069e+02 -7.98481322e+03 
 7.35642254e+02  2.20082026e+02  7.35642254e+02 -7.39597975e+03 
 7.94328235e+02  1.88654244e+02  7.94328235e+02 -6.85042513e+03 
 8.57695899e+02  1.61692404e+02  8.57695899e+02 -6.34499806e+03 
 9.26118728e+02  1.38562665e+02  9.26118728e+02 -5.87677056e+03 
 1.00000000e+03  1.18720939e+02  1.00000000e+03 -5.44302345e+03 
 1.07977516e+03  1.01700239e+02  1.07977516e+03 -5.04123247e+03 
 1.16591440e+03  8.70997888e+01  1.16591440e+03 -4.66905508e+03 
 1.25892541e+03  7.45756711e+01  1.25892541e+03 -4.32431803e+03 
 1.35935639e+03  6.38327775e+01  1.35935639e+03 -4.00500563e+03 
 1.46779927e+03  5.46178990e+01  1.46779927e+03 -3.70924871e+03 
 1.58489319e+03  4.67137892e+01  1.58489319e+03 -3.43531431e+03 
 1.71132830e+03  3.99340648e+01  1.71132830e+03 -3.18159598e+03 
 1.84784980e+03  3.41188272e+01  1.84784980e+03 -2.94660477e+03 
 1.99526231e+03  2.91309042e+01  1.99526231e+03 -2.72896079e+03 
 2.15443469e+03  2.48526230e+01  2.15443469e+03 -2.52738532e+03 
 2.32630507e+03  2.11830411e+01  2.32630507e+03 -2.34069351e+03 
 2.51188643e+03  1.80355691e+01  2.51188643e+03 -2.16778760e+03 
 2.71227258e+03  1.53359315e+01  2.71227258e+03 -2.00765054e+03 
 2.92864456e+03  1.30204166e+01  2.92864456e+03 -1.85934009e+03 
 3.16227766e+03  1.10343745e+01  3.16227766e+03 -1.72198344e+03 
 3.41454887e+03  9.33092889e+00  3.41454887e+03 -1.59477202e+03 
 3.68694506e+03  7.86987195e+00  3.68694506e+03 -1.47695689e+03 
 3.98107171e+03  6.61671568e+00  3.98107171e+03 -1.36784429e+03 
 4.29866235e+03  5.54187860e+00  4.29866235e+03 -1.26679164e+03 
 4.64158883e+03  4.61998783e+00  4.64158883e+03 -1.17320375e+03 
 5.01187234e+03  3.82928043e+00  5.01187234e+03 -1.08652935e+03 
 5.41169527e+03  3.15108994e+00  5.41169527e+03 -1.00625785e+03 
 5.84341413e+03  2.56940579e+00  5.84341413e+03 -9.31916332e+02 
 6.30957344e+03  2.07049552e+00  6.30957344e+03 -8.63066803e+02 
 6.81292069e+03  1.64258066e+00  6.81292069e+03 -7.99303599e+02 
 7.35642254e+03  1.27555868e+00  7.35642254e+03 -7.40251009e+02 
 7.94328235e+03  9.60764599e-01  7.94328235e+03 -6.85561064e+02 
 8.57695899e+03  6.90766405e-01  8.57695899e+03 -6.34911492e+02 
 9.26118728e+03  4.59189634e-01  9.26118728e+03 -5.88003821e+02 
 1.00000000e+04  2.60566892e-01  1.00000000e+04 -5.44561624e+02 
 1.07977516e+04  9.02087829e-02  1.07977516e+04 -5.04328888e+02 
 1.16591440e+04 -5.59067889e-02  1.16591440e+04 -4.67068513e+02 
 1.25892541e+04 -1.81229576e-01  1.25892541e+04 -4.32560910e+02 
 1.35935639e+04 -2.88718428e-01  1.35935639e+04 -4.00602710e+02 
 1.46779927e+04 -3.80911144e-01  1.46779927e+04 -3.71005570e+02 
 1.58489319e+04 -4.59984392e-01  1.58489319e+04 -3.43595057e+02 
 1.71132830e+04 -5.27805090e-01  1.71132830e+04 -3.18209623e+02 
 1.84784980e+04 -5.85974488e-01  1.84784980e+04 -2.94699658e+02 
 1.99526231e+04 -6.35865971e-01  1.99526231e+04 -2.72926600e+02 
 2.15443469e+04 -6.78657481e-01  2.15443469e+04 -2.52762126e+02 
 2.32630507e+04 -7.15359333e-01  2.32630507e+04 -2.34087392e+02 
 2.51188643e+04 -7.46838063e-01  2.51188643e+04 -2.16792334e+02 
 2.71227258e+04 -7.73836889e-01  2.71227258e+04 -2.00775018e+02 
 2.92864456e+04 -7.96993260e-01  2.92864456e+04 -1.85941041e+02 
 3.16227766e+04 -8.16853901e-01  3.16227766e+04 -1.72202976e+02 
 3.41454887e+04 -8.33887728e-01  3.41454887e+04 -1.59479853e+02 
 3.68694506e+04 -8.48496912e-01  3.68694506e+04 -1.47696683e+02 
 3.98107171e+04 -8.61026381e-01  3.98107171e+04 -1.36784018e+02 
 4.29866235e+04 -8.71771958e-01  4.29866235e+04 -1.26677542e+02 
 4.64158883e+04 -8.80987349e-01  4.64158883e+04 -1.17317687e+02 
 5.01187234e+04 -8.88890132e-01  5.01187234e+04 -1.08649289e+02 
 5.41169527e+04 -8.95666894e-01  5.41169527e+04 -1.00621257e+02 
 5.84341413e+04 -9.01477636e-01  5.84341413e+04 -9.31862752e+01 
 6.30957344e+04 -9.06459551e-01  6.30957344e+04 -8.63005222e+01 
 6.81292069e+04 -9.10730264e-01  6.81292069e+04 -7.99234145e+01 
 7.35642254e+04 -9.14390608e-01  7.35642254e+04 -7.40173663e+01 
 7.94328235e+04 -9.17527004e-01  7.94328235e+04 -6.85475680e+01 
 8.57695899e+04 -9.20213503e-01  8.57695899e+04 -6.34817814e+01 
 9.26118728e+04 -9.22513536e-01  9.26118728e+04 -5.87901493e+01 
 1.00000000e+05 -9.24481406e-01  1.00000000e+05 -5.44450198e+01 
 1.07977516e+05 -9.26163576e-01  1.07977516e+05 -5.04207833e+01 
 1.16591440e+05 -9.27599762e-01  1.16591440e+05 -4.66937212e+01 
 1.25892541e+05 -9.28823875e-01  1.25892541e+05 -4.32418669e+01 
 1.35935639e+05 -9.29864816e-01  1.35935639e+05 -4.00448755e+01 
 1.46779927e+05 -9.30747163e-01  1.46779927e+05 -3.70839043e+01 
 1.58489319e+05 -9.31491750e-01  1.58489319e+05 -3.43415018e+01 
 1.71132830e+05 -9.32116159e-01  1.71132830e+05 -3.18015045e+01 
 1.84784980e+05 -9.32635134e-01  1.84784980e+05 -2.94489421e+01 
 1.99526231e+05 -9.33060931e-01  1.99526231e+05 -2.72699489e+01 
 2.15443469e+05 -9.33403610e-01  2.15443469e+05 -2.52516824e+01 
 2.32630507e+05 -9.33671265e-01  2.32630507e+05 -2.33822471e+01 
 2.51188643e+05 -9.33870224e-01  2.51188643e+05 -2.16506251e+01 
 2.71227258e+05 -9.34005197e-01  2.71227258e+05 -2.00466105e+01 
 2.92864456e+05 -9.34079384e-01  2.92864456e+05 -1.85607497e+01 
 3.16227766e+05 -9.34094557e-01  3.16227766e+05 -1.71842856e+01 
 3.41454887e+05 -9.34051101e-01  3.41454887e+05 -1.59091059e+01 
 3.68694506e+05 -9.33948029e-01  3.68694506e+05 -1.47276952e+01 
 3.98107171e+05 -9.33782956e-01  3.98107171e+05 -1.36330913e+01 
 4.29866235e+05 -9.33552055e-01  4.29866235e+05 -1.26188435e+01 
 4.64158883e+05 -9.33249966e-01  4.64158883e+05 -1.16789749e+01 
 5.01187234e+05 -9.32869684e-01  5.01187234e+05 -1.08079475e+01 
 5.41169527e+05 -9.32402402e-01  5.41169527e+05 -1.00006291e+01 
 5.84341413e+05 -9.31837319e-01  5.84341413e+05 -9.25226360e+00 
 6.30957344e+05 -9.31161411e-01  6.30957344e+05 -8.55844293e+00 
 6.81292069e+05 -9.30359147e-01  6.81292069e+05 -7.91508108e+00 
 7.35642254e+05 -9.29412168e-01  7.35642254e+05 -7.31839032e+00 
 7.94328235e+05 -9.28298902e-01  7.94328235e+05 -6.76485905e+00 
 8.57695899e+05 -9.26994132e-01  8.57695899e+05 -6.25123138e+00 
 9.26118728e+05 -9.25468496e-01  9.26118728e+05 -5.77448826e+00 
 1.00000000e+06 -9.23687927e-01  1.00000000e+06 -5.33183009e+00 
 1.07977516e+06 -9.21613027e-01  1.07977516e+06 -4.92066075e+00 
 1.16591440e+06 -9.19198372e-01  1.16591440e+06 -4.53857288e+00 
 1.25892541e+06 -9.16391763e-01  1.25892541e+06 -4.18333450e+00 
 1.35935639e+06 -9.13133418e-01  1.35935639e+06 -3.85287675e+00 
 1.46779927e+06 -9.09355127e-01  1.46779927e+06 -3.54528285e+00 
 1.58489319e+06 -9.04979395e-01  1.58489319e+06 -3.25877822e+00 
 1.71132830e+06 -8.99918610e-01  1.71132830e+06 -2.99172159e+00 
 1.84784980e+06 -8.94074284e-01  1.84784980e+06 -2.74259738e+00 
 1.99526231e+06 -8.87336439e-01  1.99526231e+06 -2.51000904e+00 
 2.15443469e+06 -8.79583242e-01  2.15443469e+06 -2.29267352e+00 
 2.32630507e+06 -8.70681001e-01  2.32630507e+06 -2.08941682e+00 
 2.51188643e+06 -8.60484688e-01  2.51188643e+06 -1.89917054e+00 
 2.71227258e+06 -8.48839164e-01  2.71227258e+06 -1.72096938e+00 
 2.92864456e+06 -8.35581343e-01  2.92864456e+06 -1.55394949e+00 
 3.16227766e+06 -8.20543504e-01  3.16227766e+06 -1.39734744e+00 
 3.41454887e+06 -8.03558022e-01  3.41454887e+06 -1.25049961e+00 
 3.68694506e+06 -7.84463707e-01  3.68694506e+06 -1.11284148e+00 
 3.98107171e+06 -7.63113916e-01  3.98107171e+06 -9.83906493e-01 
 4.29866235e+06 -7.39386445e-01  4.29866235e+06 -8.63323582e-01 
 4.64158883e+06 -7.13195036e-01  4.64158883e+06 -7.50812943e-01 
 5.01187234e+06 -6.84502047e-01  5.01187234e+06 -6.46178985e-01 
 5.41169527e+06 -6.53331537e-01  5.41169527e+06 -5.49299868e-01 
 5.84341413e+06 -6.19781619e-01  5.84341413e+06 -4.60113026e-01 
 6.30957344e+06 -5.84034657e-01  6.30957344e+06 -3.78596456e-01 
 6.81292069e+06 -5.46363648e-01  6.81292069e+06 -3.04746117e-01 
 7.35642254e+06 -5.07133107e-01  7.35642254e+06 -2.38550403e-01 
 7.94328235e+06 -4.66793103e-01  7.94328235e+06 -1.79963399e-01 
 8.57695899e+06 -4.25865656e-01  8.57695899e+06 -1.28879227e-01 
 9.26118728e+06 -3.84923638e-01  9.26118728e+06 -8.51101943e-02 
 1.00000000e+07 -3.44563407e-01  1.00000000e+07 -4.83714104e-02 
 1.07977516e+07 -3.05373438e-01  1.07977516e+07 -1.82740275e-02 
 1.16591440e+07 -2.67902062e-01  1.16591440e+07  5.67167705e-03 
 1.25892541e+07 -2.32627730e-01  1.25892541e+07  2.40434510e-02 
 1.35935639e+07 -1.99935030e-01  1.35935639e+07  3.74858464e-02 
 1.46779927e+07 -1.70098880e-01  1.46779927e+07  4.66831594e-02 
 1.58489319e+07 -1.43278175e-01  1.58489319e+07  5.23297538e-02 
 1.71132830e+07 -1.19518821e-01  1.71132830e+07  5.51011286e-02 
 1.84784980e+07 -9.87648989e-02  1.84784980e+07  5.56286762e-02 
 1.99526231e+07 -8.08758053e-02  1.99526231e+07  5.44802509e-02 
 2.15443469e+07 -6.56468006e-02  2.15443469e+07  5.21476285e-02 
 2.32630507e+07 -5.28304165e-02  2.32630507e+07  4.90409093e-02 
 2.51188643e+07 -4.21565715e-02  2.51188643e+07  4.54890777e-02 
 2.71227258e+07 -3.33498607e-02  2.71227258e+07  4.17453846e-02 
 2.92864456e+07 -2.61431709e-02  2.92864456e+07  3.79959901e-02 
 3.16227766e+07 -2.02873937e-02  3.16227766e+07  3.43703448e-02 
 3.41454887e+07 -1.55574864e-02  3.41454887e+07  3.09520205e-02 
 3.68694506e+07 -1.17554360e-02  3.68694506e+07  2.77890291e-02 
 3.98107171e+07 -8.71081774e-03  3.98107171e+07  2.49030111e-02 
 4.29866235e+07 -6.27965014e-03  4.29866235e+07  2.22969819e-02 
 4.64158883e+07 -4.34217398e-03  4.64158883e+07  1.99615575e-02 
 5.01187234e+07 -2.80006305e-03  5.01187234e+07  1.78797449e-02 
 5.41169527e+07 -1.57344522e-03  5.41169527e+07  1.60304721e-02 
 5.84341413e+07 -5.97991944e-04  5.84341413e+07  1.43910746e-02 
 6.30957344e+07  1.77765253e-04  6.30957344e+07  1.29389565e-02 
 6.81292069e+07  7.94808868e-04  6.81292069e+07  1.16526271e-02 
 7.35642254e+07  1.28567122e-03  7.35642254e+07  1.05122826e-02 
 7.94328235e+07  1.67613777e-03  7.94328235e+07  9.50007025e-03 
 8.57695899e+07  1.98664414e-03  8.57695899e+07  8.60014245e-03 
 9.26118728e+07  2.23340352e-03  9.26118728e+07  7.79857958e-03 
 1.00000000e+08  2.42930415e-03  1.00000000e+08  7.08323901e-03 
 1.07977516e+08  2.58461635e-03  1.07977516e+08  6.44357008e-03 
 1.16591440e+08  2.70754501e-03  1.16591440e+08  5.87042110e-03 
 1.25892541e+08  2.80465946e-03  1.25892541e+08  5.35585454e-03 
 1.35935639e+08  2.88122743e-03  1.35935639e+08  4.89297885e-03 
 1.46779927e+08  2.94147546e-03  1.46779927e+08  4.47580091e-03 
 1.58489319e+08  2.98879300e-03  1.58489319e+08  4.09909916e-03 
 1.71132830e+08  3.02589409e-03  1.71132830e+08  3.75831603e-03 
 1.84784980e+08  3.05494661e-03  1.84784980e+08  3.44946703e-03 
 1.99526231e+08  3.07767665e-03  1.99526231e+08  3.16906394e-03 
 2.15443469e+08  3.09545348e-03  2.15443469e+08  2.91404936e-03 
 2.32630507e+08  3.10935900e-03  2.32630507e+08  2.68174062e-03 
 2.51188643e+08  3.12024468e-03  2.51188643e+08  2.46978136e-03 
 2.71227258e+08  3.12877806e-03  2.71227258e+08  2.27609937e-03 
 2.92864456e+08  3.13548062e-03  2.92864456e+08  2.09886980e-03 
 3.16227766e+08  3.14075856e-03  3.16227766e+08  1.93648301e-03 
 3.41454887e+08  3.14492746e-03  3.41454887e+08  1.78751649e-03 
 3.68694506e+08  3.14823202e-03  3.68694506e+08  1.65071033e-03 
 3.98107171e+08  3.15086180e-03  3.98107171e+08  1.52494598e-03 
 4.29866235e+08  3.15296353e-03  4.29866235e+08  1.40922777e-03 
 4.64158883e+08  3.15465083e-03  4.64158883e+08  1.30266697e-03 
 5.01187234e+08  3.15601173e-03  5.01187234e+08  1.20446805e-03 
 5.41169527e+08  3.15711457e-03  5.41169527e+08  1.11391691e-03 
 5.84341413e+08  3.15801250e-03  5.84341413e+08  1.03037072e-03 
 6.30957344e+08  3.15874697e-03  6.30957344e+08  9.53249235e-04 
 6.81292069e+08  3.15935044e-03  6.81292069e+08  8.82027345e-04 
 7.35642254e+08  3.15984838e-03  7.35642254e+08  8.16228674e-04 
 7.94328235e+08  3.16026091e-03  7.94328235e+08  7.55420064e-04 
 8.57695899e+08  3.16060397e-03  8.57695899e+08  6.99206826e-04 
 9.26118728e+08  3.16089025e-03  9.26118728e+08  6.47228638e-04 
 1.00000000e+09  3.16112990e-03  1.00000000e+09  5.99155977e-04 
 1.07977516e+09  3.16133111e-03  1.07977516e+09  5.54687017e-04 
 1.16591440e+09  3.16150047e-03  1.16591440e+09  5.13544914e-04 
 1.25892541e+09  3.16164337e-03  1.25892541e+09  4.75475426e-04 
 1.35935639e+09  3.16176419e-03  1.35935639e+09  4.40244809e-04 
 1.46779927e+09  3.16186653e-03  1.46779927e+09  4.07637959e-04 
 1.58489319e+09  3.16195335e-03  1.58489319e+09  3.77456755e-04 
 1.71132830e+09  3.16202713e-03  1.71132830e+09  3.49518587e-04 
 1.84784980e+09  3.16208989e-03  1.84784980e+09  3.23655030e-04 
 1.99526231e+09  3.16214334e-03  1.99526231e+09  2.99710657e-04 
 2.15443469e+09  3.16218891e-03  2.15443469e+09  2.77541963e-04 
 2.32630507e+09  3.16222778e-03  2.32630507e+09  2.57016397e-04 
 2.51188643e+09  3.16226097e-03  2.51188643e+09  2.38011479e-04 
 2.71227258e+09  3.16228933e-03  2.71227258e+09  2.20414001e-04 
 2.92864456e+09  3.16231357e-03  2.92864456e+09  2.04119295e-04 
 3.16227766e+09  3.16233430e-03  3.16227766e+09  1.89030567e-04 
 3.41454887e+09  3.16235204e-03  3.41454887e+09  1.75058286e-04 
 3.68694506e+09  3.16236722e-03  3.68694506e+09  1.62119623e-04 
 3.98107171e+09  3.16238022e-03  3.98107171e+09  1.50137940e-04 
 4.29866235e+09  3.16239134e-03  4.29866235e+09  1.39042318e-04 
 4.64158883e+09  3.16240088e-03  4.64158883e+09  1.28767121e-04 
 5.01187234e+09  3.16240904e-03  5.01187234e+09  1.19251597e-04 
 5.41169527e+09  3.16241604e-03  5.41169527e+09  1.10439513e-04 
 5.84341413e+09  3.16242203e-03  5.84341413e+09  1.02278811e-04 
 6.30957344e+09  3.16242717e-03  6.30957344e+09  9.47212976e-05 
 6.81292069e+09  3.16243158e-03  6.81292069e+09  8.77223535e-05 
 7.35642254e+09  3.16243535e-03  7.35642254e+09  8.12406676e-05 
 7.94328235e+09  3.16243859e-03  7.94328235e+09  7.52379900e-05 
 8.57695899e+09  3.16244137e-03  8.57695899e+09  6.96789035e-05 
 9.26118728e+09  3.16244375e-03  9.26118728e+09  6.45306133e-05 
 1.00000000e+10  3.16244579e-03  1.00000000e+10  5.97627520e-05 
