 1.00000000e+00  3.13056364e+02  1.00000000e+00 -6.62500890e-03 
 1.07977516e+00  3.13056364e+02  1.07977516e+00 -7.15352006e-03 
 1.16591440e+00  3.13056364e+02  1.16591440e+00 -7.72419329e-03 
 1.25892541e+00  3.13056364e+02  1.25892541e+00 -8.34039206e-03 
 1.35935639e+00  3.13056364e+02  1.35935639e+00 -9.00574819e-03 
 1.46779927e+00  3.13056364e+02  1.46779927e+00 -9.72418321e-03 
 1.58489319e+00  3.13056364e+02  1.58489319e+00 -1.04999315e-02 
 1.71132830e+00  3.13056364e+02  1.71132830e+00 -1.13375652e-02 
 1.84784980e+00  3.13056364e+02  1.84784980e+00 -1.22420213e-02 
 1.99526231e+00  3.13056363e+02  1.99526231e+00 -1.32186306e-02 
 2.15443469e+00  3.13056363e+02  2.15443469e+00 -1.42731490e-02 
 2.32630507e+00  3.13056363e+02  2.32630507e+00 -1.54117918e-02 
 2.51188643e+00  3.13056363e+02  2.51188643e+00 -1.66412699e-02 
 2.71227258e+00  3.13056363e+02  2.71227258e+00 -1.79688299e-02 
 2.92864456e+00  3.13056363e+02  2.92864456e+00 -1.94022963e-02 
 3.16227766e+00  3.13056363e+02  3.16227766e+00 -2.09501176e-02 
 3.41454887e+00  3.13056362e+02  3.41454887e+00 -2.26214166e-02 
 3.68694506e+00  3.13056362e+02  3.68694506e+00 -2.44260437e-02 
 3.98107171e+00  3.13056362e+02  3.98107171e+00 -2.63746353e-02 
 4.29866235e+00  3.13056361e+02  4.29866235e+00 -2.84786761e-02 
 4.64158883e+00  3.13056361e+02  4.64158883e+00 -3.07505671e-02 
 5.01187234e+00  3.13056360e+02  5.01187234e+00 -3.32036985e-02 
 5.41169527e+00  3.13056360e+02  5.41169527e+00 -3.58525289e-02 
 5.84341413e+00  3.13056359e+02  5.84341413e+00 -3.87126701e-02 
 6.30957344e+00  3.13056358e+02  6.30957344e+00 -4.18009795e-02 
 6.81292069e+00  3.13056357e+02  6.81292069e+00 -4.51356593e-02 
 7.35642254e+00  3.13056356e+02  7.35642254e+00 -4.87363637e-02 
 7.94328235e+00  3.13056355e+02  7.94328235e+00 -5.26243148e-02 
 8.57695899e+00  3.13056354e+02  8.57695899e+00 -5.68224278e-02 
 9.26118728e+00  3.13056352e+02  9.26118728e+00 -6.13554459e-02 
 1.00000000e+01  3.13056350e+02  1.00000000e+01 -6.62500861e-02 
 1.07977516e+01  3.13056348e+02  1.07977516e+01 -7.15351969e-02 
 1.16591440e+01  3.13056345e+02  1.16591440e+01 -7.72419282e-02 
 1.25892541e+01  3.13056342e+02  1.25892541e+01 -8.34039147e-02 
 1.35935639e+01  3.13056338e+02  1.35935639e+01 -9.00574745e-02 
 1.46779927e+01  3.13056334e+02  1.46779927e+01 -9.72418228e-02 
 1.58489319e+01  3.13056329e+02  1.58489319e+01 -1.04999303e-01 
 1.71132830e+01  3.13056323e+02  1.71132830e+01 -1.13375638e-01 
 1.84784980e+01  3.13056316e+02  1.84784980e+01 -1.22420195e-01 
 1.99526231e+01  3.13056308e+02  1.99526231e+01 -1.32186283e-01 
 2.15443469e+01  3.13056299e+02  2.15443469e+01 -1.42731460e-01 
 2.32630507e+01  3.13056288e+02  2.32630507e+01 -1.54117881e-01 
 2.51188643e+01  3.13056276e+02  2.51188643e+01 -1.66412653e-01 
 2.71227258e+01  3.13056261e+02  2.71227258e+01 -1.79688241e-01 
 2.92864456e+01  3.13056244e+02  2.92864456e+01 -1.94022889e-01 
 3.16227766e+01  3.13056224e+02  3.16227766e+01 -2.09501083e-01 
 3.41454887e+01  3.13056201e+02  3.41454887e+01 -2.26214049e-01 
 3.68694506e+01  3.13056173e+02  3.68694506e+01 -2.44260290e-01 
 3.98107171e+01  3.13056142e+02  3.98107171e+01 -2.63746168e-01 
 4.29866235e+01  3.13056105e+02  4.29866235e+01 -2.84786528e-01 
 4.64158883e+01  3.13056062e+02  4.64158883e+01 -3.07505377e-01 
 5.01187234e+01  3.13056012e+02  5.01187234e+01 -3.32036615e-01 
 5.41169527e+01  3.13055954e+02  5.41169527e+01 -3.58524823e-01 
 5.84341413e+01  3.13055885e+02  5.84341413e+01 -3.87126115e-01 
 6.30957344e+01  3.13055806e+02  6.30957344e+01 -4.18009058e-01 
 6.81292069e+01  3.13055713e+02  6.81292069e+01 -4.51355665e-01 
 7.35642254e+01  3.13055606e+02  7.35642254e+01 -4.87362469e-01 
 7.94328235e+01  3.13055480e+02  7.94328235e+01 -5.26241677e-01 
 8.57695899e+01  3.13055333e+02  8.57695899e+01 -5.68222426e-01 
 9.26118728e+01  3.13055162e+02  9.26118728e+01 -6.13552127e-01 
 1.00000000e+02  3.13054963e+02  1.00000000e+02 -6.62497926e-01 
 1.07977516e+02  3.13054730e+02  1.07977516e+02 -7.15348274e-01 
 1.16591440e+02  3.13054459e+02  1.16591440e+02 -7.72414630e-01 
 1.25892541e+02  3.13054143e+02  1.25892541e+02 -8.34033291e-01 
 1.35935639e+02  3.13053774e+02  1.35935639e+02 -9.00567373e-01 
 1.46779927e+02  3.13053345e+02  1.46779927e+02 -9.72408947e-01 
 1.58489319e+02  3.13052844e+02  1.58489319e+02 -1.04998135e+00 
 1.71132830e+02  3.13052260e+02  1.71132830e+02 -1.13374167e+00 
 1.84784980e+02  3.13051579e+02  1.84784980e+02 -1.22418343e+00 
 1.99526231e+02  3.13050785e+02  1.99526231e+02 -1.32183951e+00 
 2.15443469e+02  3.13049859e+02  2.15443469e+02 -1.42728525e+00 
 2.32630507e+02  3.13048780e+02  2.32630507e+02 -1.54114186e+00 
 2.51188643e+02  3.13047521e+02  2.51188643e+02 -1.66408001e+00 
 2.71227258e+02  3.13046054e+02  2.71227258e+02 -1.79682385e+00 
 2.92864456e+02  3.13044344e+02  2.92864456e+02 -1.94015516e+00 
 3.16227766e+02  3.13042350e+02  3.16227766e+02 -2.09491802e+00 
 3.41454887e+02  3.13040025e+02  3.41454887e+02 -2.26202365e+00 
 3.68694506e+02  3.13037314e+02  3.68694506e+02 -2.44245581e+00 
 3.98107171e+02  3.13034154e+02  3.98107171e+02 -2.63727650e+00 
 4.29866235e+02  3.13030469e+02  4.29866235e+02 -2.84763215e+00 
 4.64158883e+02  3.13026173e+02  4.64158883e+02 -3.07476029e+00 
 5.01187234e+02  3.13021164e+02  5.01187234e+02 -3.31999669e+00 
 5.41169527e+02  3.13015325e+02  5.41169527e+02 -3.58478311e+00 
 5.84341413e+02  3.13008517e+02  5.84341413e+02 -3.87067561e+00 
 6.30957344e+02  3.13000580e+02  6.30957344e+02 -4.17935345e+00 
 6.81292069e+02  3.12991326e+02  6.81292069e+02 -4.51262868e+00 
 7.35642254e+02  3.12980538e+02  7.35642254e+02 -4.87245648e+00 
 7.94328235e+02  3.12967961e+02  7.94328235e+02 -5.26094615e+00 
 8.57695899e+02  3.12953299e+02  8.57695899e+02 -5.68037295e+00 
 9.26118728e+02  3.12936205e+02  9.26118728e+02 -6.13319074e+00 
 1.00000000e+03  3.12916278e+02  1.00000000e+03 -6.62204548e+00 
 1.07977516e+03  3.12893048e+02  1.07977516e+03 -7.14978961e+00 
 1.16591440e+03  3.12865968e+02  1.16591440e+03 -7.71949733e+00 
 1.25892541e+03  3.12834401e+02  1.25892541e+03 -8.33448079e+00 
 1.35935639e+03  3.12797605e+02  1.35935639e+03 -8.99830722e+00 
 1.46779927e+03  3.12754714e+02  1.46779927e+03 -9.71481687e+00 
 1.58489319e+03  3.12704723e+02  1.58489319e+03 -1.04881419e+01 
 1.71132830e+03  3.12646457e+02  1.71132830e+03 -1.13227257e+01 
 1.84784980e+03  3.12578551e+02  1.84784980e+03 -1.22233436e+01 
 1.99526231e+03  3.12499416e+02  1.99526231e+03 -1.31951226e+01 
 2.15443469e+03  3.12407202e+02  2.15443469e+03 -1.42435629e+01 
 2.32630507e+03  3.12299756e+02  2.32630507e+03 -1.53745579e+01 
 2.51188643e+03  3.12174578e+02  2.51188643e+03 -1.65944140e+01 
 2.71227258e+03  3.12028757e+02  2.71227258e+03 -1.79098694e+01 
 2.92864456e+03  3.11858914e+02  2.92864456e+03 -1.93281097e+01 
 3.16227766e+03  3.11661125e+02  3.16227766e+03 -2.08567815e+01 
 3.41454887e+03  3.11430836e+02  3.41454887e+03 -2.25040002e+01 
 3.68694506e+03  3.11162768e+02  3.68694506e+03 -2.42783525e+01 
 3.98107171e+03  3.10850806e+02  3.98107171e+03 -2.61888894e+01 
 4.29866235e+03  3.10487873e+02  4.29866235e+03 -2.82451087e+01 
 4.64158883e+03  3.10065793e+02  4.64158883e+03 -3.04569227e+01 
 5.01187234e+03  3.09575130e+02  5.01187234e+03 -3.28346069e+01 
 5.41169527e+03  3.09005015e+02  5.41169527e+03 -3.53887255e+01 
 5.84341413e+03  3.08342954e+02  5.84341413e+03 -3.81300268e+01 
 6.30957344e+03  3.07574620e+02  6.30957344e+03 -4.10693022e+01 
 6.81292069e+03  3.06683627e+02  6.81292069e+03 -4.42171995e+01 
 7.35642254e+03  3.05651299e+02  7.35642254e+03 -4.75839819e+01 
 7.94328235e+03  3.04456431e+02  7.94328235e+03 -5.11792213e+01 
 8.57695899e+03  3.03075054e+02  8.57695899e+03 -5.50114140e+01 
 9.26118728e+03  3.01480225e+02  9.26118728e+03 -5.90875074e+01 
 1.00000000e+04  2.99641846e+02  1.00000000e+04 -6.34123243e+01 
 1.07977516e+04  2.97526551e+02  1.07977516e+04 -6.79878766e+01 
 1.16591440e+04  2.95097685e+02  1.16591440e+04 -7.28125589e+01 
 1.25892541e+04  2.92315416e+02  1.25892541e+04 -7.78802228e+01 
 1.35935639e+04  2.89137025e+02  1.35935639e+04 -8.31791392e+01 
 1.46779927e+04  2.85517438e+02  1.46779927e+04 -8.86908701e+01 
 1.58489319e+04  2.81410043e+02  1.58489319e+04 -9.43890915e+01 
 1.71132830e+04  2.76767865e+02  1.71132830e+04 -1.00238427e+02 
 1.84784980e+04  2.71545137e+02  1.84784980e+04 -1.06193389e+02 
 1.99526231e+04  2.65699302e+02  1.99526231e+04 -1.12197537e+02 
 2.15443469e+04  2.59193451e+02  2.15443469e+04 -1.18183017e+02 
 2.32630507e+04  2.51999130e+02  2.32630507e+04 -1.24070642e+02 
 2.51188643e+04  2.44099416e+02  2.51188643e+04 -1.29770685e+02 
 2.71227258e+04  2.35492066e+02  2.71227258e+04 -1.35184560e+02 
 2.92864456e+04  2.26192471e+02  2.92864456e+04 -1.40207477e+02 
 3.16227766e+04  2.16236083e+02  3.16227766e+04 -1.44732108e+02 
 3.41454887e+04  2.05679952e+02  3.41454887e+04 -1.48653143e+02 
 3.68694506e+04  1.94603031e+02  3.68694506e+04 -1.51872503e+02 
 3.98107171e+04  1.83104975e+02  3.98107171e+04 -1.54304804e+02 
 4.29866235e+04  1.71303321e+02  4.29866235e+04 -1.55882573e+02 
 4.64158883e+04  1.59329134e+02  4.64158883e+04 -1.56560656e+02 
 5.01187234e+04  1.47321397e+02  5.01187234e+04 -1.56319309e+02 
 5.41169527e+04  1.35420657e+02  5.41169527e+04 -1.55165583e+02 
 5.84341413e+04  1.23762507e+02  5.84341413e+04 -1.53132826e+02 
 6.30957344e+04  1.12471549e+02  6.30957344e+04 -1.50278368e+02 
 6.81292069e+04  1.01656400e+02  6.81292069e+04 -1.46679684e+02 
 7.35642254e+04  9.14061133e+01  7.35642254e+04 -1.42429489e+02 
 7.94328235e+04  8.17882131e+01  7.94328235e+04 -1.37630328e+02 
 8.57695899e+04  7.28483074e+01  8.57695899e+04 -1.32389185e+02 
 9.26118728e+04  6.46110772e+01  9.26118728e+04 -1.26812573e+02 
 1.00000000e+05  5.70823270e+01  1.00000000e+05 -1.21002425e+02 
 1.07977516e+05  5.02517330e+01  1.07977516e+05 -1.15052952e+02 
 1.16591440e+05  4.40959362e+01  1.16591440e+05 -1.09048506e+02 
 1.25892541e+05  3.85816807e+01  1.25892541e+05 -1.03062387e+02 
 1.35935639e+05  3.36687691e+01  1.35935639e+05 -9.71564357e+01 
 1.46779927e+05  2.93126857e+01  1.46779927e+05 -9.13812686e+01 
 1.58489319e+05  2.54668077e+01  1.58489319e+05 -8.57769521e+01 
 1.71132830e+05  2.20841807e+01  1.71132830e+05 -8.03739770e+01 
 1.84784980e+05  1.91188761e+01  1.84784980e+05 -7.51943863e+01 
 1.99526231e+05  1.65269720e+01  1.99526231e+05 -7.02529570e+01 
 2.15443469e+05  1.42672132e+01  2.15443469e+05 -6.55583577e+01 
 2.32630507e+05  1.23014081e+01  2.32630507e+05 -6.11142331e+01 
 2.51188643e+05  1.05946208e+01  2.51188643e+05 -5.69201848e+01 
 2.71227258e+05  9.11520769e+00  2.71227258e+05 -5.29726347e+01 
 2.92864456e+05  7.83474300e+00  2.92864456e+05 -4.92655679e+01 
 3.16227766e+05  6.72786744e+00  3.16227766e+05 -4.57911602e+01 
 3.41454887e+05  5.77208920e+00  3.41454887e+05 -4.25402982e+01 
 3.68694506e+05  4.94755792e+00  3.68694506e+05 -3.95030048e+01 
 3.98107171e+05  4.23682762e+00  3.98107171e+05 -3.66687811e+01 
 4.29866235e+05  3.62461986e+00  4.29866235e+05 -3.40268775e+01 
 4.64158883e+05  3.09759489e+00  4.64158883e+05 -3.15665046e+01 
 5.01187234e+05  2.64413558e+00  5.01187234e+05 -2.92769953e+01 
 5.41169527e+05  2.25414726e+00  5.41169527e+05 -2.71479253e+01 
 5.84341413e+05  1.91887459e+00  5.84341413e+05 -2.51692015e+01 
 6.30957344e+05  1.63073609e+00  6.30957344e+05 -2.33311234e+01 
 6.81292069e+05  1.38317570e+00  6.81292069e+05 -2.16244238e+01 
 7.35642254e+05  1.17053079e+00  7.35642254e+05 -2.00402932e+01 
 7.94328235e+05  9.87915266e-01  7.94328235e+05 -1.85703912e+01 
 8.57695899e+05  8.31116752e-01  8.57695899e+05 -1.72068483e+01 
 9.26118728e+05  6.96506336e-01  9.26118728e+05 -1.59422602e+01 
 1.00000000e+06  5.80959744e-01  1.00000000e+06 -1.47696772e+01 
 1.07977516e+06  4.81788611e-01  1.07977516e+06 -1.36825889e+01 
 1.16591440e+06  3.96680743e-01  1.16591440e+06 -1.26749069e+01 
 1.25892541e+06  3.23648273e-01  1.25892541e+06 -1.17409459e+01 
 1.35935639e+06  2.60982754e-01  1.35935639e+06 -1.08754028e+01 
 1.46779927e+06  2.07216321e-01  1.46779927e+06 -1.00733368e+01 
 1.58489319e+06  1.61088136e-01  1.58489319e+06 -9.33014805e+00 
 1.71132830e+06  1.21515433e-01  1.71132830e+06 -8.64155773e+00 
 1.84784980e+06  8.75685484e-02  1.84784980e+06 -8.00358799e+00 
 1.99526231e+06  5.84494170e-02  1.99526231e+06 -7.41254277e+00 
 2.15443469e+06  3.34730513e-02  2.15443469e+06 -6.86498946e+00 
 2.32630507e+06  1.20516088e-02  2.32630507e+06 -6.35774131e+00 
 2.51188643e+06 -6.31931151e-03  2.51188643e+06 -5.88784085e+00 
 2.71227258e+06 -2.20724489e-02  2.71227258e+06 -5.45254411e+00 
 2.92864456e+06 -3.55790024e-02  2.92864456e+06 -5.04930585e+00 
 3.16227766e+06 -4.71573255e-02  3.16227766e+06 -4.67576561e+00 
 3.41454887e+06 -5.70803909e-02  3.41454887e+06 -4.32973467e+00 
 3.68694506e+06 -6.55821983e-02  3.68694506e+06 -4.00918384e+00 
 3.98107171e+06 -7.28632719e-02  3.98107171e+06 -3.71223204e+00 
 4.29866235e+06 -7.90953750e-02  4.29866235e+06 -3.43713562e+00 
 4.64158883e+06 -8.44255520e-02  4.64158883e+06 -3.18227850e+00 
 5.01187234e+06 -8.89795907e-02  5.01187234e+06 -2.94616286e+00 
 5.41169527e+06 -9.28649865e-02  5.41169527e+06 -2.72740058e+00 
 5.84341413e+06 -9.61734778e-02  5.84341413e+06 -2.52470523e+00 
 6.30957344e+06 -9.89832123e-02  6.30957344e+06 -2.33688463e+00 
 6.81292069e+06 -1.01360595e-01  6.81292069e+06 -2.16283398e+00 
 7.35642254e+06 -1.03361861e-01  7.35642254e+06 -2.00152946e+00 
 7.94328235e+06 -1.05034416e-01  7.94328235e+06 -1.85202227e+00 
 8.57695899e+06 -1.06417965e-01  8.57695899e+06 -1.71343320e+00 
 9.26118728e+06 -1.07545473e-01  9.26118728e+06 -1.58494747e+00 
 1.00000000e+07 -1.08443968e-01  1.00000000e+07 -1.46581008e+00 
 1.07977516e+07 -1.09135216e-01  1.07977516e+07 -1.35532145e+00 
 1.16591440e+07 -1.09636284e-01  1.16591440e+07 -1.25283343e+00 
 1.25892541e+07 -1.09960005e-01  1.25892541e+07 -1.15774563e+00 
 1.35935639e+07 -1.10115369e-01  1.35935639e+07 -1.06950201e+00 
 1.46779927e+07 -1.10107848e-01  1.46779927e+07 -9.87587830e-01 
 1.58489319e+07 -1.09939673e-01  1.58489319e+07 -9.11526793e-01 
 1.71132830e+07 -1.09610075e-01  1.71132830e+07 -8.40878525e-01 
 1.84784980e+07 -1.09115522e-01  1.84784980e+07 -7.75236252e-01 
 1.99526231e+07 -1.08449950e-01  1.99526231e+07 -7.14224724e-01 
 2.15443469e+07 -1.07605027e-01  2.15443469e+07 -6.57498368e-01 
 2.32630507e+07 -1.06570461e-01  2.32630507e+07 -6.04739627e-01 
 2.51188643e+07 -1.05334385e-01  2.51188643e+07 -5.55657495e-01 
 2.71227258e+07 -1.03883842e-01  2.71227258e+07 -5.09986179e-01 
 2.92864456e+07 -1.02205388e-01  2.92864456e+07 -4.67483893e-01 
 3.16227766e+07 -1.00285839e-01  3.16227766e+07 -4.27931697e-01 
 3.41454887e+07 -9.81131611e-02  3.41454887e+07 -3.91132347e-01 
 3.68694506e+07 -9.56775083e-02  3.68694506e+07 -3.56909079e-01 
 3.98107171e+07 -9.29723646e-02  3.98107171e+07 -3.25104256e-01 
 4.29866235e+07 -8.99957502e-02  4.29866235e+07 -2.95577807e-01 
 4.64158883e+07 -8.67514010e-02  4.64158883e+07 -2.68205407e-01 
 5.01187234e+07 -8.32498121e-02  5.01187234e+07 -2.42876356e-01 
 5.41169527e+07 -7.95090179e-02  5.41169527e+07 -2.19491179e-01 
 5.84341413e+07 -7.55549743e-02  5.84341413e+07 -1.97958989e-01 
 6.30957344e+07 -7.14214288e-02  6.30957344e+07 -1.78194747e-01 
 6.81292069e+07 -6.71492037e-02  6.81292069e+07 -1.60116562e-01 
 7.35642254e+07 -6.27848863e-02  7.35642254e+07 -1.43643247e-01 
 7.94328235e+07 -5.83789916e-02  7.94328235e+07 -1.28692303e-01 
 8.57695899e+07 -5.39837468e-02  8.57695899e+07 -1.15178527e-01 
 9.26118728e+07 -4.96507003e-02  9.26118728e+07 -1.03013317e-01 
 1.00000000e+08 -4.54283891e-02  1.00000000e+08 -9.21047235e-02 
 1.07977516e+08 -4.13602894e-02  1.07977516e+08 -8.23581489e-02 
 1.16591440e+08 -3.74832259e-02  1.16591440e+08 -7.36775719e-02 
 1.25892541e+08 -3.38263502e-02  1.25892541e+08 -6.59670913e-02 
 1.35935639e+08 -3.04107130e-02  1.35935639e+08 -5.91325879e-02 
 1.46779927e+08 -2.72493889e-02  1.46779927e+08 -5.30833148e-02 
 1.58489319e+08 -2.43480531e-02  1.58489319e+08 -4.77332709e-02 
 1.71132830e+08 -2.17058840e-02  1.71132830e+08 -4.30022641e-02 
 1.84784980e+08 -1.93166559e-02  1.84784980e+08 -3.88166257e-02 
 1.99526231e+08 -1.71699015e-02  1.99526231e+08 -3.51095821e-02 
 2.15443469e+08 -1.52520457e-02  2.15443469e+08 -3.18213214e-02 
 2.32630507e+08 -1.35474405e-02  2.32630507e+08 -2.88988133e-02 
 2.51188643e+08 -1.20392602e-02  2.51188643e+08 -2.62954445e-02 
 2.71227258e+08 -1.07102386e-02  2.71227258e+08 -2.39705321e-02 
 2.92864456e+08 -9.54324621e-03  2.92864456e+08 -2.18887682e-02 
 3.16227766e+08 -8.52172051e-03  3.16227766e+08 -2.00196388e-02 
 3.41454887e+08 -7.62996729e-03  3.41454887e+08 -1.83368504e-02 
 3.68694506e+08 -6.85335374e-03  3.68694506e+08 -1.68177847e-02 
 3.98107171e+08 -6.17841566e-03  3.98107171e+08 -1.54429971e-02 
 4.29866235e+08 -5.59289816e-03  4.29866235e+08 -1.41957650e-02 
 4.64158883e+08 -5.08574761e-03  4.64158883e+08 -1.30616885e-02 
 5.01187234e+08 -4.64706907e-03  5.01187234e+08 -1.20283426e-02 
 5.41169527e+08 -4.26806113e-03  5.41169527e+08 -1.10849781e-02 
 5.84341413e+08 -3.94093706e-03  5.84341413e+08 -1.02222649e-02 
 6.30957344e+08 -3.65883912e-03  6.30957344e+08 -9.43207630e-03 
 6.81292069e+08 -3.41575109e-03  6.81292069e+08 -8.70730540e-03 
 7.35642254e+08 -3.20641232e-03  7.35642254e+08 -8.04171204e-03 
 7.94328235e+08 -3.02623573e-03  7.94328235e+08 -7.42979410e-03 
 8.57695899e+08 -2.87123116e-03  8.57695899e+08 -6.86667991e-03 
 9.26118728e+08 -2.73793478e-03  9.26118728e+08 -6.34803837e-03 
 1.00000000e+09 -2.62334497e-03  1.00000000e+09 -5.87000370e-03 
 1.07977516e+09 -2.52486453e-03  1.07977516e+09 -5.42911245e-03 
 1.16591440e+09 -2.44024907e-03  1.16591440e+09 -5.02225060e-03 
 1.25892541e+09 -2.36756130e-03  1.25892541e+09 -4.64660910e-03 
 1.35935639e+09 -2.30513051e-03  1.35935639e+09 -4.29964627e-03 
 1.46779927e+09 -2.25151710e-03  1.46779927e+09 -3.97905598e-03 
 1.58489319e+09 -2.20548144e-03  1.58489319e+09 -3.68274055e-03 
 1.71132830e+09 -2.16595668e-03  1.71132830e+09 -3.40878760e-03 
 1.84784980e+09 -2.13202512e-03  1.84784980e+09 -3.15545020e-03 
 1.99526231e+09 -2.10289766e-03  1.99526231e+09 -2.92112967e-03 
 2.15443469e+09 -2.07789597e-03  2.15443469e+09 -2.70436075e-03 
 2.32630507e+09 -2.05643712e-03  2.32630507e+09 -2.50379857e-03 
 2.51188643e+09 -2.03802023e-03  2.51188643e+09 -2.31820731e-03 
 2.71227258e+09 -2.02221499e-03  2.71227258e+09 -2.14645020e-03 
 2.92864456e+09 -2.00865181e-03  2.92864456e+09 -1.98748057e-03 
 3.16227766e+09 -1.99701322e-03  3.16227766e+09 -1.84033404e-03 
 3.41454887e+09 -1.98702662e-03  3.41454887e+09 -1.70412137e-03 
 3.68694506e+09 -1.97845790e-03  3.68694506e+09 -1.57802219e-03 
 3.98107171e+09 -1.97110606e-03  3.98107171e+09 -1.46127924e-03 
 4.29866235e+09 -1.96479852e-03  4.29866235e+09 -1.35319323e-03 
 4.64158883e+09 -1.95938713e-03  4.64158883e+09 -1.25311814e-03 
 5.01187234e+09 -1.95474472e-03  5.01187234e+09 -1.16045698e-03 
 5.41169527e+09 -1.95076212e-03  5.41169527e+09 -1.07465789e-03 
 5.84341413e+09 -1.94734565e-03  5.84341413e+09 -9.95210610e-04 
 6.30957344e+09 -1.94441490e-03  6.30957344e+09 -9.21643248e-04 
 6.81292069e+09 -1.94190085e-03  6.81292069e+09 -8.53519301e-04 
 7.35642254e+09 -1.93974431e-03  7.35642254e+09 -7.90434938e-04 
 7.94328235e+09 -1.93789447e-03  7.94328235e+09 -7.32016502e-04 
 8.57695899e+09 -1.93630772e-03  8.57695899e+09 -6.77918211e-04 
 9.26118728e+09 -1.93494666e-03  9.26118728e+09 -6.27820046e-04 
 1.00000000e+10 -1.93377922e-03  1.00000000e+10 -5.81425802e-04 
