 1.00000000e+00  3.33964069e+02  1.00000000e+00 -4.84424100e-03 
 1.07977516e+00  3.33964069e+02  1.07977516e+00 -5.23069111e-03 
 1.16591440e+00  3.33964069e+02  1.16591440e+00 -5.64797034e-03 
 1.25892541e+00  3.33964069e+02  1.25892541e+00 -6.09853809e-03 
 1.35935639e+00  3.33964069e+02  1.35935639e+00 -6.58504996e-03 
 1.46779927e+00  3.33964069e+02  1.46779927e+00 -7.11037338e-03 
 1.58489319e+00  3.33964069e+02  1.58489319e+00 -7.67760457e-03 
 1.71132830e+00  3.33964069e+02  1.71132830e+00 -8.29008672e-03 
 1.84784980e+00  3.33964069e+02  1.84784980e+00 -8.95142974e-03 
 1.99526231e+00  3.33964068e+02  1.99526231e+00 -9.66553150e-03 
 2.15443469e+00  3.33964068e+02  2.15443469e+00 -1.04366008e-02 
 2.32630507e+00  3.33964068e+02  2.32630507e+00 -1.12691824e-02 
 2.51188643e+00  3.33964068e+02  2.51188643e+00 -1.21681832e-02 
 2.71227258e+00  3.33964068e+02  2.71227258e+00 -1.31389020e-02 
 2.92864456e+00  3.33964068e+02  2.92864456e+00 -1.41870600e-02 
 3.16227766e+00  3.33964068e+02  3.16227766e+00 -1.53188351e-02 
 3.41454887e+00  3.33964068e+02  3.41454887e+00 -1.65408976e-02 
 3.68694506e+00  3.33964068e+02  3.68694506e+00 -1.78604504e-02 
 3.98107171e+00  3.33964068e+02  3.98107171e+00 -1.92852707e-02 
 4.29866235e+00  3.33964067e+02  4.29866235e+00 -2.08237563e-02 
 4.64158883e+00  3.33964067e+02  4.64158883e+00 -2.24849748e-02 
 5.01187234e+00  3.33964067e+02  5.01187234e+00 -2.42787173e-02 
 5.41169527e+00  3.33964067e+02  5.41169527e+00 -2.62155559e-02 
 5.84341413e+00  3.33964066e+02  5.84341413e+00 -2.83069061e-02 
 6.30957344e+00  3.33964066e+02  6.30957344e+00 -3.05650941e-02 
 6.81292069e+00  3.33964066e+02  6.81292069e+00 -3.30034294e-02 
 7.35642254e+00  3.33964065e+02  7.35642254e+00 -3.56362833e-02 
 7.94328235e+00  3.33964064e+02  7.94328235e+00 -3.84791735e-02 
 8.57695899e+00  3.33964064e+02  8.57695899e+00 -4.15488557e-02 
 9.26118728e+00  3.33964063e+02  9.26118728e+00 -4.48634223e-02 
 1.00000000e+01  3.33964062e+02  1.00000000e+01 -4.84424090e-02 
 1.07977516e+01  3.33964061e+02  1.07977516e+01 -5.23069098e-02 
 1.16591440e+01  3.33964059e+02  1.16591440e+01 -5.64797018e-02 
 1.25892541e+01  3.33964058e+02  1.25892541e+01 -6.09853789e-02 
 1.35935639e+01  3.33964056e+02  1.35935639e+01 -6.58504970e-02 
 1.46779927e+01  3.33964054e+02  1.46779927e+01 -7.11037307e-02 
 1.58489319e+01  3.33964051e+02  1.58489319e+01 -7.67760417e-02 
 1.71132830e+01  3.33964048e+02  1.71132830e+01 -8.29008622e-02 
 1.84784980e+01  3.33964045e+02  1.84784980e+01 -8.95142910e-02 
 1.99526231e+01  3.33964041e+02  1.99526231e+01 -9.66553070e-02 
 2.15443469e+01  3.33964036e+02  2.15443469e+01 -1.04365998e-01 
 2.32630507e+01  3.33964031e+02  2.32630507e+01 -1.12691811e-01 
 2.51188643e+01  3.33964024e+02  2.51188643e+01 -1.21681816e-01 
 2.71227258e+01  3.33964017e+02  2.71227258e+01 -1.31389000e-01 
 2.92864456e+01  3.33964009e+02  2.92864456e+01 -1.41870575e-01 
 3.16227766e+01  3.33963999e+02  3.16227766e+01 -1.53188319e-01 
 3.41454887e+01  3.33963987e+02  3.41454887e+01 -1.65408936e-01 
 3.68694506e+01  3.33963973e+02  3.68694506e+01 -1.78604453e-01 
 3.98107171e+01  3.33963957e+02  3.98107171e+01 -1.92852643e-01 
 4.29866235e+01  3.33963939e+02  4.29866235e+01 -2.08237483e-01 
 4.64158883e+01  3.33963917e+02  4.64158883e+01 -2.24849647e-01 
 5.01187234e+01  3.33963892e+02  5.01187234e+01 -2.42787046e-01 
 5.41169527e+01  3.33963863e+02  5.41169527e+01 -2.62155399e-01 
 5.84341413e+01  3.33963829e+02  5.84341413e+01 -2.83068860e-01 
 6.30957344e+01  3.33963789e+02  6.30957344e+01 -3.05650688e-01 
 6.81292069e+01  3.33963743e+02  6.81292069e+01 -3.30033975e-01 
 7.35642254e+01  3.33963689e+02  7.35642254e+01 -3.56362432e-01 
 7.94328235e+01  3.33963626e+02  7.94328235e+01 -3.84791230e-01 
 8.57695899e+01  3.33963552e+02  8.57695899e+01 -4.15487921e-01 
 9.26118728e+01  3.33963467e+02  9.26118728e+01 -4.48633423e-01 
 1.00000000e+02  3.33963367e+02  1.00000000e+02 -4.84423082e-01 
 1.07977516e+02  3.33963250e+02  1.07977516e+02 -5.23067830e-01 
 1.16591440e+02  3.33963114e+02  1.16591440e+02 -5.64795421e-01 
 1.25892541e+02  3.33962956e+02  1.25892541e+02 -6.09851778e-01 
 1.35935639e+02  3.33962771e+02  1.35935639e+02 -6.58502439e-01 
 1.46779927e+02  3.33962556e+02  1.46779927e+02 -7.11034120e-01 
 1.58489319e+02  3.33962305e+02  1.58489319e+02 -7.67756406e-01 
 1.71132830e+02  3.33962012e+02  1.71132830e+02 -8.29003572e-01 
 1.84784980e+02  3.33961671e+02  1.84784980e+02 -8.95136553e-01 
 1.99526231e+02  3.33961273e+02  1.99526231e+02 -9.66545066e-01 
 2.15443469e+02  3.33960810e+02  2.15443469e+02 -1.04364991e+00 
 2.32630507e+02  3.33960269e+02  2.32630507e+02 -1.12690542e+00 
 2.51188643e+02  3.33959638e+02  2.51188643e+02 -1.21680219e+00 
 2.71227258e+02  3.33958903e+02  2.71227258e+02 -1.31386990e+00 
 2.92864456e+02  3.33958046e+02  2.92864456e+02 -1.41868044e+00 
 3.16227766e+02  3.33957047e+02  3.16227766e+02 -1.53185132e+00 
 3.41454887e+02  3.33955882e+02  3.41454887e+02 -1.65404925e+00 
 3.68694506e+02  3.33954524e+02  3.68694506e+02 -1.78599404e+00 
 3.98107171e+02  3.33952941e+02  3.98107171e+02 -1.92846286e+00 
 4.29866235e+02  3.33951094e+02  4.29866235e+02 -2.08229480e+00 
 4.64158883e+02  3.33948942e+02  4.64158883e+02 -2.24839572e+00 
 5.01187234e+02  3.33946432e+02  5.01187234e+02 -2.42774362e+00 
 5.41169527e+02  3.33943506e+02  5.41169527e+02 -2.62139431e+00 
 5.84341413e+02  3.33940095e+02  5.84341413e+02 -2.83048757e+00 
 6.30957344e+02  3.33936118e+02  6.30957344e+02 -3.05625381e+00 
 6.81292069e+02  3.33931481e+02  6.81292069e+02 -3.30002116e+00 
 7.35642254e+02  3.33926074e+02  7.35642254e+02 -3.56322323e+00 
 7.94328235e+02  3.33919771e+02  7.94328235e+02 -3.84740738e+00 
 8.57695899e+02  3.33912423e+02  8.57695899e+02 -4.15424357e+00 
 9.26118728e+02  3.33903856e+02  9.26118728e+02 -4.48553402e+00 
 1.00000000e+03  3.33893867e+02  1.00000000e+03 -4.84322345e+00 
 1.07977516e+03  3.33882223e+02  1.07977516e+03 -5.22941013e+00 
 1.16591440e+03  3.33868647e+02  1.16591440e+03 -5.64635775e+00 
 1.25892541e+03  3.33852821e+02  1.25892541e+03 -6.09650806e+00 
 1.35935639e+03  3.33834370e+02  1.35935639e+03 -6.58249444e+00 
 1.46779927e+03  3.33812861e+02  1.46779927e+03 -7.10715639e+00 
 1.58489319e+03  3.33787787e+02  1.58489319e+03 -7.67355492e+00 
 1.71132830e+03  3.33758557e+02  1.71132830e+03 -8.28498896e+00 
 1.84784980e+03  3.33724484e+02  1.84784980e+03 -8.94501269e+00 
 1.99526231e+03  3.33684767e+02  1.99526231e+03 -9.65745387e+00 
 2.15443469e+03  3.33638472e+02  2.15443469e+03 -1.04264331e+01 
 2.32630507e+03  3.33584512e+02  2.32630507e+03 -1.12563840e+01 
 2.51188643e+03  3.33521622e+02  2.51188643e+03 -1.21520741e+01 
 2.71227258e+03  3.33448327e+02  2.71227258e+03 -1.31186263e+01 
 2.92864456e+03  3.33362912e+02  2.92864456e+03 -1.41615410e+01 
 3.16227766e+03  3.33263380e+02  3.16227766e+03 -1.52867180e+01 
 3.41454887e+03  3.33147410e+02  3.41454887e+03 -1.65004787e+01 
 3.68694506e+03  3.33012300e+02  3.68694506e+03 -1.78095867e+01 
 3.98107171e+03  3.32854912e+02  3.98107171e+03 -1.92212673e+01 
 4.29866235e+03  3.32671599e+02  4.29866235e+03 -2.07432251e+01 
 4.64158883e+03  3.32458125e+02  4.64158883e+03 -2.23836571e+01 
 5.01187234e+03  3.32209579e+02  5.01187234e+03 -2.41512612e+01 
 5.41169527e+03  3.31920265e+02  5.41169527e+03 -2.60552377e+01 
 5.84341413e+03  3.31583583e+02  5.84341413e+03 -2.81052821e+01 
 6.30957344e+03  3.31191903e+02  6.30957344e+03 -3.03115641e+01 
 6.81292069e+03  3.30736402e+02  6.81292069e+03 -3.26846927e+01 
 7.35642254e+03  3.30206906e+02  7.35642254e+03 -3.52356595e+01 
 7.94328235e+03  3.29591694e+02  7.94328235e+03 -3.79757570e+01 
 8.57695899e+03  3.28877296e+02  8.57695899e+03 -4.09164646e+01 
 9.26118728e+03  3.28048266e+02  9.26118728e+03 -4.40692944e+01 
 1.00000000e+04  3.27086946e+02  1.00000000e+04 -4.74455887e+01 
 1.07977516e+04  3.25973214e+02  1.07977516e+04 -5.10562573e+01 
 1.16591440e+04  3.24684230e+02  1.16591440e+04 -5.49114449e+01 
 1.25892541e+04  3.23194186e+02  1.25892541e+04 -5.90201142e+01 
 1.35935639e+04  3.21474087e+02  1.35935639e+04 -6.33895332e+01 
 1.46779927e+04  3.19491557e+02  1.46779927e+04 -6.80246528e+01 
 1.58489319e+04  3.17210727e+02  1.58489319e+04 -7.29273642e+01 
 1.71132830e+04  3.14592224e+02  1.71132830e+04 -7.80956297e+01 
 1.84784980e+04  3.11593295e+02  1.84784980e+04 -8.35224850e+01 
 1.99526231e+04  3.08168146e+02  1.99526231e+04 -8.91949236e+01 
 2.15443469e+04  3.04268517e+02  2.15443469e+04 -9.50926880e+01 
 2.32630507e+04  2.99844591e+02  2.32630507e+04 -1.01187010e+02 
 2.51188643e+04  2.94846269e+02  2.51188643e+04 -1.07439374e+02 
 2.71227258e+04  2.89224885e+02  2.71227258e+04 -1.13800394e+02 
 2.92864456e+04  2.82935379e+02  2.92864456e+04 -1.20208946e+02 
 3.16227766e+04  2.75938923e+02  3.16227766e+04 -1.26591710e+02 
 3.41454887e+04  2.68205951e+02  3.41454887e+04 -1.32863304e+02 
 3.68694506e+04  2.59719455e+02  3.68694506e+04 -1.38927200e+02 
 3.98107171e+04  2.50478334e+02  3.98107171e+04 -1.44677586e+02 
 4.29866235e+04  2.40500522e+02  4.29866235e+04 -1.50002288e+02 
 4.64158883e+04  2.29825522e+02  4.64158883e+04 -1.54786750e+02 
 5.01187234e+04  2.18515961e+02  5.01187234e+04 -1.58918966e+02 
 5.41169527e+04  2.06657798e+02  5.41169527e+04 -1.62295075e+02 
 5.84341413e+04  1.94358925e+02  5.84341413e+04 -1.64825194e+02 
 6.30957344e+04  1.81746024e+02  6.30957344e+04 -1.66438939e+02 
 6.81292069e+04  1.68959806e+02  6.81292069e+04 -1.67090046e+02 
 7.35642254e+04  1.56148957e+02  7.35642254e+04 -1.66759542e+02 
 7.94328235e+04  1.43463304e+02  7.94328235e+04 -1.65457078e+02 
 8.57695899e+04  1.31046886e+02  8.57695899e+04 -1.63220250e+02 
 9.26118728e+04  1.19031575e+02  9.26118728e+04 -1.60111994e+02 
 1.00000000e+05  1.07531842e+02  1.00000000e+05 -1.56216386e+02 
 1.07977516e+05  9.66410653e+01  1.07977516e+05 -1.51633349e+02 
 1.16591440e+05  8.64295618e+01  1.16591440e+05 -1.46472860e+02 
 1.25892541e+05  7.69442910e+01  1.25892541e+05 -1.40849222e+02 
 1.35935639e+05  6.82100088e+01  1.35935639e+05 -1.34875879e+02 
 1.46779927e+05  6.02315236e+01  1.46779927e+05 -1.28661097e+02 
 1.58489319e+05  5.29966691e+01  1.58489319e+05 -1.22304700e+02 
 1.71132830e+05  4.64796192e+01  1.71132830e+05 -1.15895861e+02 
 1.84784980e+05  4.06442292e+01  1.84784980e+05 -1.09511899e+02 
 1.99526231e+05  3.54471686e+01  1.99526231e+05 -1.03217904e+02 
 2.15443469e+05  3.08406896e+01  2.15443469e+05 -9.70670247e+01 
 2.32630507e+05  2.67749522e+01  2.32630507e+05 -9.11012211e+01 
 2.51188643e+05  2.31998854e+01  2.51188643e+05 -8.53523190e+01 
 2.71227258e+05  2.00666036e+01  2.71227258e+05 -7.98432224e+01 
 2.92864456e+05  1.73284261e+01  2.92864456e+05 -7.45891743e+01 
 3.16227766e+05  1.49415580e+01  3.16227766e+05 -6.95989884e+01 
 3.41454887e+05  1.28654963e+01  3.41454887e+05 -6.48761988e+01 
 3.68694506e+05  1.10632200e+01  3.68694506e+05 -6.04200978e+01 
 3.98107171e+05  9.50121933e+00  3.98107171e+05 -5.62266476e+01 
 4.29866235e+05  8.14940877e+00  4.29866235e+05 -5.22892639e+01 
 4.64158883e+05  6.98096098e+00  4.64158883e+05 -4.85994765e+01 
 5.01187234e+05  5.97209151e+00  5.01187234e+05 -4.51474766e+01 
 5.41169527e+05  5.10181620e+00  5.41169527e+05 -4.19225633e+01 
 5.84341413e+05  4.35169785e+00  5.84341413e+05 -3.89135030e+01 
 6.30957344e+05  3.70559389e+00  6.30957344e+05 -3.61088132e+01 
 6.81292069e+05  3.14941299e+00  6.81292069e+05 -3.34969834e+01 
 7.35642254e+05  2.67088570e+00  7.35642254e+05 -3.10666446e+01 
 7.94328235e+05  2.25935212e+00  7.94328235e+05 -2.88066947e+01 
 8.57695899e+05  1.90556790e+00  8.57695899e+05 -2.67063910e+01 
 9.26118728e+05  1.60152903e+00  9.26118728e+05 -2.47554135e+01 
 1.00000000e+06  1.34031474e+00  1.00000000e+06 -2.29439071e+01 
 1.07977516e+06  1.11594793e+00  1.07977516e+06 -2.12625062e+01 
 1.16591440e+06  9.23271595e-01  1.16591440e+06 -1.97023462e+01 
 1.25892541e+06  7.57840098e-01  1.25892541e+06 -1.82550649e+01 
 1.35935639e+06  6.15823869e-01  1.35935639e+06 -1.69127957e+01 
 1.46779927e+06  4.93926107e-01  1.46779927e+06 -1.56681556e+01 
 1.58489319e+06  3.89310213e-01  1.58489319e+06 -1.45142295e+01 
 1.71132830e+06  2.99536700e-01  1.71132830e+06 -1.34445507e+01 
 1.84784980e+06  2.22508472e-01  1.84784980e+06 -1.24530810e+01 
 1.99526231e+06  1.56423423e-01  1.99526231e+06 -1.15341884e+01 
 2.15443469e+06  9.97334501e-02  2.15443469e+06 -1.06826255e+01 
 2.32630507e+06  5.11090540e-02  2.32630507e+06 -9.89350726e+00 
 2.51188643e+06  9.40879381e-03  2.51188643e+06 -9.16228919e+00 
 2.71227258e+06 -2.63470378e-02  2.71227258e+06 -8.48474631e+00 
 2.92864456e+06 -5.69990875e-02  2.92864456e+06 -7.85695270e+00 
 3.16227766e+06 -8.32684523e-02  3.16227766e+06 -7.27526189e+00 
 3.41454887e+06 -1.05773458e-01  3.41454887e+06 -6.73628826e+00 
 3.68694506e+06 -1.25044078e-01  3.68694506e+06 -6.23688933e+00 
 3.98107171e+06 -1.41534314e-01  3.98107171e+06 -5.77414905e+00 
 4.29866235e+06 -1.55632825e-01  4.29866235e+06 -5.34536206e+00 
 4.64158883e+06 -1.67672036e-01  4.64158883e+06 -4.94801892e+00 
 5.01187234e+06 -1.77935945e-01  5.01187234e+06 -4.57979226e+00 
 5.41169527e+06 -1.86666806e-01  5.41169527e+06 -4.23852385e+00 
 5.84341413e+06 -1.94070836e-01  5.84341413e+06 -3.92221247e+00 
 6.30957344e+06 -2.00323094e-01  6.30957344e+06 -3.62900268e+00 
 6.81292069e+06 -2.05571635e-01  6.81292069e+06 -3.35717437e+00 
 7.35642254e+06 -2.09941043e-01  7.35642254e+06 -3.10513299e+00 
 7.94328235e+06 -2.13535434e-01  7.94328235e+06 -2.87140056e+00 
 8.57695899e+06 -2.16440995e-01  8.57695899e+06 -2.65460732e+00 
 9.26118728e+06 -2.18728133e-01  9.26118728e+06 -2.45348406e+00 
 1.00000000e+07 -2.20453295e-01  1.00000000e+07 -2.26685499e+00 
 1.07977516e+07 -2.21660505e-01  1.07977516e+07 -2.09363129e+00 
 1.16591440e+07 -2.22382673e-01  1.16591440e+07 -1.93280513e+00 
 1.25892541e+07 -2.22642733e-01  1.25892541e+07 -1.78344426e+00 
 1.35935639e+07 -2.22454641e-01  1.35935639e+07 -1.64468714e+00 
 1.46779927e+07 -2.21824300e-01  1.46779927e+07 -1.51573846e+00 
 1.58489319e+07 -2.20750457e-01  1.58489319e+07 -1.39586526e+00 
 1.71132830e+07 -2.19225624e-01  1.71132830e+07 -1.28439332e+00 
 1.84784980e+07 -2.17237090e-01  1.84784980e+07 -1.18070403e+00 
 1.99526231e+07 -2.14768069e-01  1.99526231e+07 -1.08423157e+00 
 2.15443469e+07 -2.11799051e-01  2.15443469e+07 -9.94460288e-01 
 2.32630507e+07 -2.08309393e-01  2.32630507e+07 -9.10922345e-01 
 2.51188643e+07 -2.04279182e-01  2.51188643e+07 -8.33195306e-01 
 2.71227258e+07 -1.99691374e-01  2.71227258e+07 -7.60899721e-01 
 2.92864456e+07 -1.94534170e-01  2.92864456e+07 -6.93696454e-01 
 3.16227766e+07 -1.88803534e-01  3.16227766e+07 -6.31283650e-01 
 3.41454887e+07 -1.82505718e-01  3.41454887e+07 -5.73393201e-01 
 3.68694506e+07 -1.75659589e-01  3.68694506e+07 -5.19786630e-01 
 3.98107171e+07 -1.68298491e-01  3.98107171e+07 -4.70250378e-01 
 4.29866235e+07 -1.60471399e-01  4.29866235e+07 -4.24590573e-01 
 4.64158883e+07 -1.52243089e-01  4.64158883e+07 -3.82627472e-01 
 5.01187234e+07 -1.43693155e-01  5.01187234e+07 -3.44189887e-01 
 5.41169527e+07 -1.34913795e-01  5.41169527e+07 -3.09109954e-01 
 5.84341413e+07 -1.26006459e-01  5.84341413e+07 -2.77218672e-01 
 6.30957344e+07 -1.17077596e-01  6.30957344e+07 -2.48342569e-01 
 6.81292069e+07 -1.08233885e-01  6.81292069e+07 -2.22301761e-01 
 7.35642254e+07 -9.95774115e-02  7.35642254e+07 -1.98909511e-01 
 7.94328235e+07 -9.12012592e-02  7.94328235e+07 -1.77973197e-01 
 8.57695899e+07 -8.31859266e-02  8.57695899e+07 -1.59296457e-01 
 9.26118728e+07 -7.55968315e-02  9.26118728e+07 -1.42682138e-01 
 1.00000000e+08 -6.84830261e-02  1.00000000e+08 -1.27935626e-01 
 1.07977516e+08 -6.18770780e-02  1.07977516e+08 -1.14868165e-01 
 1.16591440e+08 -5.57959523e-02  1.16591440e+08 -1.03299828e-01 
 1.25892541e+08 -5.02426496e-02  1.25892541e+08 -9.30619090e-02 
 1.35935639e+08 -4.52083278e-02  1.35935639e+08 -8.39986280e-02 
 1.46779927e+08 -4.06746465e-02  1.46779927e+08 -7.59681182e-02 
 1.58489319e+08 -3.66161173e-02  1.58489319e+08 -6.88427662e-02 
 1.71132830e+08 -3.30022964e-02  1.71132830e+08 -6.25090036e-02 
 1.84784980e+08 -2.97997166e-02  1.84784980e+08 -5.68666783e-02 
 1.99526231e+08 -2.69735047e-02  1.99526231e+08 -5.18281352e-02 
 2.15443469e+08 -2.44886723e-02  2.15443469e+08 -4.73171201e-02 
 2.32630507e+08 -2.23110954e-02  2.32630507e+08 -4.32676037e-02 
 2.51188643e+08 -2.04082174e-02  2.51188643e+08 -3.96225997e-02 
 2.71227258e+08 -1.87495167e-02  2.71227258e+08 -3.63330277e-02 
 2.92864456e+08 -1.73067834e-02  2.92864456e+08 -3.33566556e-02 
 3.16227766e+08 -1.60542470e-02  3.16227766e+08 -3.06571409e-02 
 3.41454887e+08 -1.49685926e-02  3.41454887e+08 -2.82031774e-02 
 3.68694506e+08 -1.40288975e-02  3.68694506e+08 -2.59677481e-02 
 3.98107171e+08 -1.32165129e-02  3.98107171e+08 -2.39274794e-02 
 4.29866235e+08 -1.25149127e-02  4.29866235e+08 -2.20620872e-02 
 4.64158883e+08 -1.19095224e-02  4.64158883e+08 -2.03539066e-02 
 5.01187234e+08 -1.13875423e-02  5.01187234e+08 -1.87874942e-02 
 5.41169527e+08 -1.09377701e-02  5.41169527e+08 -1.73492933e-02 
 5.84341413e+08 -1.05504311e-02  5.84341413e+08 -1.60273539e-02 
 6.30957344e+08 -1.02170173e-02  6.30957344e+08 -1.48110974e-02 
 6.81292069e+08 -9.93013914e-03  6.81292069e+08 -1.36911207e-02 
 7.35642254e+08 -9.68338948e-03  7.35642254e+08 -1.26590317e-02 
 7.94328235e+08 -9.47122147e-03  7.94328235e+08 -1.17073129e-02 
 8.57695899e+08 -9.28883882e-03  8.57695899e+08 -1.08292057e-02 
 9.26118728e+08 -9.13209845e-03  9.26118728e+08 -1.00186139e-02 
 1.00000000e+09 -8.99742463e-03  1.00000000e+09 -9.27002270e-03 
 1.07977516e+09 -8.88173347e-03  1.07977516e+09 -8.57842934e-03 
 1.16591440e+09 -8.78236688e-03  1.16591440e+09 -7.93928460e-03 
 1.25892541e+09 -8.69703500e-03  1.25892541e+09 -7.34844259e-03 
 1.35935639e+09 -8.62376606e-03  1.35935639e+09 -6.80211763e-03 
 1.46779927e+09 -8.56086293e-03  1.46779927e+09 -6.29684696e-03 
 1.58489319e+09 -8.50686536e-03  1.58489319e+09 -5.82945833e-03 
 1.71132830e+09 -8.46051736e-03  1.71132830e+09 -5.39704165e-03 
 1.84784980e+09 -8.42073893e-03  1.84784980e+09 -4.99692410e-03 
 1.99526231e+09 -8.38660171e-03  1.99526231e+09 -4.62664823e-03 
 2.15443469e+09 -8.35730781e-03  2.15443469e+09 -4.28395243e-03 
 2.32630507e+09 -8.33217169e-03  2.32630507e+09 -3.96675364e-03 
 2.51188643e+09 -8.31060446e-03  2.51188643e+09 -3.67313187e-03 
 2.71227258e+09 -8.29210031e-03  2.71227258e+09 -3.40131631e-03 
 2.92864456e+09 -8.27622490e-03  2.92864456e+09 -3.14967285e-03 
 3.16227766e+09 -8.26260531e-03  3.16227766e+09 -2.91669277e-03 
 3.41454887e+09 -8.25092139e-03  3.41454887e+09 -2.70098256e-03 
 3.68694506e+09 -8.24089831e-03  3.68694506e+09 -2.50125464e-03 
 3.98107171e+09 -8.23230021e-03  3.98107171e+09 -2.31631895e-03 
 4.29866235e+09 -8.22492466e-03  4.29866235e+09 -2.14507523e-03 
 4.64158883e+09 -8.21859794e-03  4.64158883e+09 -1.98650602e-03 
 5.01187234e+09 -8.21317100e-03  5.01187234e+09 -1.83967023e-03 
 5.41169527e+09 -8.20851593e-03  5.41169527e+09 -1.70369728e-03 
 5.84341413e+09 -8.20452301e-03  5.84341413e+09 -1.57778163e-03 
 6.30957344e+09 -8.20109807e-03  6.30957344e+09 -1.46117790e-03 
 6.81292069e+09 -8.19816036e-03  6.81292069e+09 -1.35319624e-03 
 7.35642254e+09 -8.19564057e-03  7.35642254e+09 -1.25319814e-03 
 7.94328235e+09 -8.19347928e-03  7.94328235e+09 -1.16059261e-03 
 8.57695899e+09 -8.19162548e-03  8.57695899e+09 -1.07483252e-03 
 9.26118728e+09 -8.19003543e-03  9.26118728e+09 -9.95411376e-04 
 1.00000000e+10 -8.18867163e-03  1.00000000e+10 -9.21860261e-04 
