 1.00000000e+00  1.99830618e+02  1.00000000e+00 -2.27545035e-03 
 1.07977516e+00  1.99830618e+02  1.07977516e+00 -2.45697477e-03 
 1.16591440e+00  1.99830618e+02  1.16591440e+00 -2.65298034e-03 
 1.25892541e+00  1.99830618e+02  1.25892541e+00 -2.86462227e-03 
 1.35935639e+00  1.99830618e+02  1.35935639e+00 -3.09314798e-03 
 1.46779927e+00  1.99830618e+02  1.46779927e+00 -3.33990436e-03 
 1.58489319e+00  1.99830618e+02  1.58489319e+00 -3.60634577e-03 
 1.71132830e+00  1.99830618e+02  1.71132830e+00 -3.89404259e-03 
 1.84784980e+00  1.99830618e+02  1.84784980e+00 -4.20469047e-03 
 1.99526231e+00  1.99830618e+02  1.99526231e+00 -4.54012034e-03 
 2.15443469e+00  1.99830618e+02  2.15443469e+00 -4.90230917e-03 
 2.32630507e+00  1.99830618e+02  2.32630507e+00 -5.29339168e-03 
 2.51188643e+00  1.99830618e+02  2.51188643e+00 -5.71567286e-03 
 2.71227258e+00  1.99830618e+02  2.71227258e+00 -6.17164159e-03 
 2.92864456e+00  1.99830618e+02  2.92864456e+00 -6.66398530e-03 
 3.16227766e+00  1.99830618e+02  3.16227766e+00 -7.19560581e-03 
 3.41454887e+00  1.99830618e+02  3.41454887e+00 -7.76963643e-03 
 3.68694506e+00  1.99830618e+02  3.68694506e+00 -8.38946043e-03 
 3.98107171e+00  1.99830618e+02  3.98107171e+00 -9.05873100e-03 
 4.29866235e+00  1.99830618e+02  4.29866235e+00 -9.78139273e-03 
 4.64158883e+00  1.99830618e+02  4.64158883e+00 -1.05617049e-02 
 5.01187234e+00  1.99830617e+02  5.01187234e+00 -1.14042666e-02 
 5.41169527e+00  1.99830617e+02  5.41169527e+00 -1.23140439e-02 
 5.84341413e+00  1.99830617e+02  5.84341413e+00 -1.32963987e-02 
 6.30957344e+00  1.99830617e+02  6.30957344e+00 -1.43571210e-02 
 6.81292069e+00  1.99830617e+02  6.81292069e+00 -1.55024627e-02 
 7.35642254e+00  1.99830617e+02  7.35642254e+00 -1.67391742e-02 
 7.94328235e+00  1.99830616e+02  7.94328235e+00 -1.80745445e-02 
 8.57695899e+00  1.99830616e+02  8.57695899e+00 -1.95164442e-02 
 9.26118728e+00  1.99830616e+02  9.26118728e+00 -2.10733716e-02 
 1.00000000e+01  1.99830615e+02  1.00000000e+01 -2.27545032e-02 
 1.07977516e+01  1.99830615e+02  1.07977516e+01 -2.45697474e-02 
 1.16591440e+01  1.99830615e+02  1.16591440e+01 -2.65298029e-02 
 1.25892541e+01  1.99830614e+02  1.25892541e+01 -2.86462221e-02 
 1.35935639e+01  1.99830613e+02  1.35935639e+01 -3.09314791e-02 
 1.46779927e+01  1.99830612e+02  1.46779927e+01 -3.33990427e-02 
 1.58489319e+01  1.99830612e+02  1.58489319e+01 -3.60634566e-02 
 1.71132830e+01  1.99830610e+02  1.71132830e+01 -3.89404245e-02 
 1.84784980e+01  1.99830609e+02  1.84784980e+01 -4.20469029e-02 
 1.99526231e+01  1.99830608e+02  1.99526231e+01 -4.54012011e-02 
 2.15443469e+01  1.99830606e+02  2.15443469e+01 -4.90230888e-02 
 2.32630507e+01  1.99830604e+02  2.32630507e+01 -5.29339132e-02 
 2.51188643e+01  1.99830602e+02  2.51188643e+01 -5.71567240e-02 
 2.71227258e+01  1.99830599e+02  2.71227258e+01 -6.17164101e-02 
 2.92864456e+01  1.99830596e+02  2.92864456e+01 -6.66398457e-02 
 3.16227766e+01  1.99830592e+02  3.16227766e+01 -7.19560489e-02 
 3.41454887e+01  1.99830588e+02  3.41454887e+01 -7.76963527e-02 
 3.68694506e+01  1.99830583e+02  3.68694506e+01 -8.38945897e-02 
 3.98107171e+01  1.99830577e+02  3.98107171e+01 -9.05872916e-02 
 4.29866235e+01  1.99830570e+02  4.29866235e+01 -9.78139041e-02 
 4.64158883e+01  1.99830562e+02  4.64158883e+01 -1.05617020e-01 
 5.01187234e+01  1.99830553e+02  5.01187234e+01 -1.14042630e-01 
 5.41169527e+01  1.99830542e+02  5.41169527e+01 -1.23140392e-01 
 5.84341413e+01  1.99830530e+02  5.84341413e+01 -1.32963929e-01 
 6.30957344e+01  1.99830515e+02  6.30957344e+01 -1.43571137e-01 
 6.81292069e+01  1.99830498e+02  6.81292069e+01 -1.55024535e-01 
 7.35642254e+01  1.99830478e+02  7.35642254e+01 -1.67391625e-01 
 7.94328235e+01  1.99830455e+02  7.94328235e+01 -1.80745298e-01 
 8.57695899e+01  1.99830428e+02  8.57695899e+01 -1.95164258e-01 
 9.26118728e+01  1.99830396e+02  9.26118728e+01 -2.10733485e-01 
 1.00000000e+02  1.99830359e+02  1.00000000e+02 -2.27544741e-01 
 1.07977516e+02  1.99830316e+02  1.07977516e+02 -2.45697106e-01 
 1.16591440e+02  1.99830266e+02  1.16591440e+02 -2.65297566e-01 
 1.25892541e+02  1.99830208e+02  1.25892541e+02 -2.86461639e-01 
 1.35935639e+02  1.99830139e+02  1.35935639e+02 -3.09314058e-01 
 1.46779927e+02  1.99830060e+02  1.46779927e+02 -3.33989504e-01 
 1.58489319e+02  1.99829968e+02  1.58489319e+02 -3.60633404e-01 
 1.71132830e+02  1.99829860e+02  1.71132830e+02 -3.89402782e-01 
 1.84784980e+02  1.99829734e+02  1.84784980e+02 -4.20467188e-01 
 1.99526231e+02  1.99829587e+02  1.99526231e+02 -4.54009692e-01 
 2.15443469e+02  1.99829416e+02  2.15443469e+02 -4.90227970e-01 
 2.32630507e+02  1.99829217e+02  2.32630507e+02 -5.29335458e-01 
 2.51188643e+02  1.99828984e+02  2.51188643e+02 -5.71562615e-01 
 2.71227258e+02  1.99828713e+02  2.71227258e+02 -6.17158278e-01 
 2.92864456e+02  1.99828397e+02  2.92864456e+02 -6.66391127e-01 
 3.16227766e+02  1.99828028e+02  3.16227766e+02 -7.19551260e-01 
 3.41454887e+02  1.99827599e+02  3.41454887e+02 -7.76951909e-01 
 3.68694506e+02  1.99827098e+02  3.68694506e+02 -8.38931271e-01 
 3.98107171e+02  1.99826513e+02  3.98107171e+02 -9.05854503e-01 
 4.29866235e+02  1.99825832e+02  4.29866235e+02 -9.78115861e-01 
 4.64158883e+02  1.99825039e+02  4.64158883e+02 -1.05614102e+00 
 5.01187234e+02  1.99824113e+02  5.01187234e+02 -1.14038956e+00 
 5.41169527e+02  1.99823034e+02  5.41169527e+02 -1.23135767e+00 
 5.84341413e+02  1.99821775e+02  5.84341413e+02 -1.32958106e+00 
 6.30957344e+02  1.99820308e+02  6.30957344e+02 -1.43563807e+00 
 6.81292069e+02  1.99818598e+02  6.81292069e+02 -1.55015307e+00 
 7.35642254e+02  1.99816603e+02  7.35642254e+02 -1.67380008e+00 
 7.94328235e+02  1.99814278e+02  7.94328235e+02 -1.80730674e+00 
 8.57695899e+02  1.99811568e+02  8.57695899e+02 -1.95145846e+00 
 9.26118728e+02  1.99808407e+02  9.26118728e+02 -2.10710307e+00 
 1.00000000e+03  1.99804723e+02  1.00000000e+03 -2.27515562e+00 
 1.07977516e+03  1.99800427e+02  1.07977516e+03 -2.45660373e+00 
 1.16591440e+03  1.99795419e+02  1.16591440e+03 -2.65251323e+00 
 1.25892541e+03  1.99789580e+02  1.25892541e+03 -2.86403424e+00 
 1.35935639e+03  1.99782773e+02  1.35935639e+03 -3.09240772e+00 
 1.46779927e+03  1.99774836e+02  1.46779927e+03 -3.33897246e+00 
 1.58489319e+03  1.99765585e+02  1.58489319e+03 -3.60517264e+00 
 1.71132830e+03  1.99754799e+02  1.71132830e+03 -3.89256578e+00 
 1.84784980e+03  1.99742225e+02  1.84784980e+03 -4.20283140e+00 
 1.99526231e+03  1.99727566e+02  1.99526231e+03 -4.53778007e+00 
 2.15443469e+03  1.99710479e+02  2.15443469e+03 -4.89936321e+00 
 2.32630507e+03  1.99690560e+02  2.32630507e+03 -5.28968330e+00 
 2.51188643e+03  1.99667342e+02  2.51188643e+03 -5.71100483e+00 
 2.71227258e+03  1.99640277e+02  2.71227258e+03 -6.16576568e+00 
 2.92864456e+03  1.99608732e+02  2.92864456e+03 -6.65658913e+00 
 3.16227766e+03  1.99571966e+02  3.16227766e+03 -7.18629630e+00 
 3.41454887e+03  1.99529116e+02  3.41454887e+03 -7.75791897e+00 
 3.68694506e+03  1.99479181e+02  3.68694506e+03 -8.37471271e+00 
 3.98107171e+03  1.99420992e+02  3.98107171e+03 -9.04017013e+00 
 4.29866235e+03  1.99353191e+02  4.29866235e+03 -9.75803392e+00 
 4.64158883e+03  1.99274200e+02  4.64158883e+03 -1.05323096e+01 
 5.01187234e+03  1.99182181e+02  5.01187234e+03 -1.13672772e+01 
 5.41169527e+03  1.99075003e+02  5.41169527e+03 -1.22675019e+01 
 5.84341413e+03  1.98950188e+02  5.84341413e+03 -1.32378426e+01 
 6.30957344e+03  1.98804861e+02  6.30957344e+03 -1.42834571e+01 
 6.81292069e+03  1.98635690e+02  6.81292069e+03 -1.54098041e+01 
 7.35642254e+03  1.98438815e+02  7.35642254e+03 -1.66226395e+01 
 7.94328235e+03  1.98209767e+02  7.94328235e+03 -1.79280053e+01 
 8.57695899e+03  1.97943383e+02  8.57695899e+03 -1.93322101e+01 
 9.26118728e+03  1.97633704e+02  9.26118728e+03 -2.08417974e+01 
 1.00000000e+04  1.97273866e+02  1.00000000e+04 -2.24634991e+01 
 1.07977516e+04  1.96855976e+02  1.07977516e+04 -2.42041706e+01 
 1.16591440e+04  1.96370981e+02  1.16591440e+04 -2.60707024e+01 
 1.25892541e+04  1.95808525e+02  1.25892541e+04 -2.80699035e+01 
 1.35935639e+04  1.95156803e+02  1.35935639e+04 -3.02083507e+01 
 1.46779927e+04  1.94402405e+02  1.46779927e+04 -3.24921955e+01 
 1.58489319e+04  1.93530169e+02  1.58489319e+04 -3.49269236e+01 
 1.71132830e+04  1.92523044e+02  1.71132830e+04 -3.75170566e+01 
 1.84784980e+04  1.91361971e+02  1.84784980e+04 -4.02657907e+01 
 1.99526231e+04  1.90025810e+02  1.99526231e+04 -4.31745628e+01 
 2.15443469e+04  1.88491319e+02  2.15443469e+04 -4.62425428e+01 
 2.32630507e+04  1.86733220e+02  2.32630507e+04 -4.94660476e+01 
 2.51188643e+04  1.84724371e+02  2.51188643e+04 -5.28378839e+01 
 2.71227258e+04  1.82436098e+02  2.71227258e+04 -5.63466321e+01 
 2.92864456e+04  1.79838695e+02  2.92864456e+04 -5.99758951e+01 
 3.16227766e+04  1.76902162e+02  3.16227766e+04 -6.37035525e+01 
 3.41454887e+04  1.73597181e+02  3.41454887e+04 -6.75010753e+01 
 3.68694506e+04  1.69896381e+02  3.68694506e+04 -7.13329779e+01 
 3.98107171e+04  1.65775866e+02  3.98107171e+04 -7.51564997e+01 
 4.29866235e+04  1.61216996e+02  4.29866235e+04 -7.89216253e+01 
 4.64158883e+04  1.56208342e+02  4.64158883e+04 -8.25715563e+01 
 5.01187234e+04  1.50747692e+02  5.01187234e+04 -8.60437349e+01 
 5.41169527e+04  1.44843959e+02  5.41169527e+04 -8.92714930e+01 
 5.84341413e+04  1.38518762e+02  5.84341413e+04 -9.21863423e+01 
 6.30957344e+04  1.31807460e+02  6.30957344e+04 -9.47208468e+01 
 6.81292069e+04  1.24759407e+02  6.81292069e+04 -9.68119246e+01 
 7.35642254e+04  1.17437271e+02  7.35642254e+04 -9.84043351e+01 
 7.94328235e+04  1.09915305e+02  7.94328235e+04 -9.94540328e+01 
 8.57695899e+04  1.02276639e+02  8.57695899e+04 -9.99310329e+01 
 9.26118728e+04  9.46097510e+01  9.26118728e+04 -9.98214578e+01 
 1.00000000e+05  8.70044335e+01  1.00000000e+05 -9.91285093e+01 
 1.07977516e+05  7.95476243e+01  1.07977516e+05 -9.78722427e+01 
 1.16591440e+05  7.23195193e+01  1.16591440e+05 -9.60881721e+01 
 1.25892541e+05  6.53903205e+01  1.25892541e+05 -9.38248839e+01 
 1.35935639e+05  5.88178792e+01  1.35935639e+05 -9.11409475e+01 
 1.46779927e+05  5.26463621e+01  1.46779927e+05 -8.81014712e+01 
 1.58489319e+05  4.69059308e+01  1.58489319e+05 -8.47746507e+01 
 1.71132830e+05  4.16133136e+01  1.71132830e+05 -8.12286027e+01 
 1.84784980e+05  3.67730711e+01  1.84784980e+05 -7.75286974e+01 
 1.99526231e+05  3.23793248e+01  1.99526231e+05 -7.37355045e+01 
 2.15443469e+05  2.84177223e+01  2.15443469e+05 -6.99033827e+01 
 2.32630507e+05  2.48674442e+01  2.32630507e+05 -6.60796722e+01 
 2.51188643e+05  2.17031036e+01  2.51188643e+05 -6.23044044e+01 
 2.71227258e+05  1.88964390e+01  2.71227258e+05 -5.86104206e+01 
 2.92864456e+05  1.64177465e+01  2.92864456e+05 -5.50237881e+01 
 3.16227766e+05  1.42370345e+01  3.16227766e+05 -5.15644096e+01 
 3.41454887e+05  1.23249092e+01  3.41454887e+05 -4.82467387e+01 
 3.68694506e+05  1.06532184e+01  3.68694506e+05 -4.50805334e+01 
 3.98107171e+05  9.19548630e+00  3.98107171e+05 -4.20715976e+01 
 4.29866235e+05  7.92717882e+00  4.29866235e+05 -3.92224779e+01 
 4.64158883e+05  6.82583480e+00  4.64158883e+05 -3.65330953e+01 
 5.01187234e+05  5.87109581e+00  5.01187234e+05 -3.40013015e+01 
 5.41169527e+05  5.04466304e+00  5.41169527e+05 -3.16233598e+01 
 5.84341413e+05  4.33020391e+00  5.84341413e+05 -2.93943503e+01 
 6.30957344e+05  3.71322668e+00  6.30957344e+05 -2.73085073e+01 
 6.81292069e+05  3.18093711e+00  6.81292069e+05 -2.53594953e+01 
 7.35642254e+05  2.72208737e+00  7.35642254e+05 -2.35406307e+01 
 7.94328235e+05  2.32682464e+00  7.94328235e+05 -2.18450581e+01 
 8.57695899e+05  1.98654448e+00  8.57695899e+05 -2.02658879e+01 
 9.26118728e+05  1.69375225e+00  9.26118728e+05 -1.87963014e+01 
 1.00000000e+06  1.44193450e+00  1.00000000e+06 -1.74296303e+01 
 1.07977516e+06  1.22544120e+00  1.07977516e+06 -1.61594135e+01 
 1.16591440e+06  1.03937930e+00  1.16591440e+06 -1.49794387e+01 
 1.25892541e+06  8.79517160e-01  1.25892541e+06 -1.38837681e+01 
 1.35935639e+06  7.42199482e-01  1.35935639e+06 -1.28667555e+01 
 1.46779927e+06  6.24272039e-01  1.46779927e+06 -1.19230537e+01 
 1.58489319e+06  5.23015345e-01  1.58489319e+06 -1.10476163e+01 
 1.71132830e+06  4.36086488e-01  1.71132830e+06 -1.02356943e+01 
 1.84784980e+06  3.61468275e-01  1.84784980e+06 -9.48282926e+00 
 1.99526231e+06  2.97424900e-01  1.99526231e+06 -8.78484418e+00 
 2.15443469e+06  2.42463401e-01  2.15443469e+06 -8.13783234e+00 
 2.32630507e+06  1.95300201e-01  2.32630507e+06 -7.53814509e+00 
 2.51188643e+06  1.54832133e-01  2.51188643e+06 -6.98237899e+00 
 2.71227258e+06  1.20111369e-01  2.71227258e+06 -6.46736263e+00 
 2.92864456e+06  9.03237628e-02  2.92864456e+06 -5.99014342e+00 
 3.16227766e+06  6.47701571e-02  3.16227766e+06 -5.54797457e+00 
 3.41454887e+06  4.28502686e-02  3.41454887e+06 -5.13830236e+00 
 3.68694506e+06  2.40488029e-02  3.68694506e+06 -4.75875385e+00 
 3.98107171e+06  7.92350022e-03  3.98107171e+06 -4.40712513e+00 
 4.29866235e+06 -5.90515055e-03  4.29866235e+06 -4.08137003e+00 
 4.64158883e+06 -1.77627571e-02  4.64158883e+06 -3.77958952e+00 
 5.01187234e+06 -2.79286271e-02  5.01187234e+06 -3.50002158e+00 
 5.41169527e+06 -3.66423006e-02  5.41169527e+06 -3.24103170e+00 
 5.84341413e+06 -4.41091605e-02  5.84341413e+06 -3.00110398e+00 
 6.30957344e+06 -5.05052482e-02  6.30957344e+06 -2.77883273e+00 
 6.81292069e+06 -5.59813962e-02  6.81292069e+06 -2.57291462e+00 
 7.35642254e+06 -6.06667718e-02  7.35642254e+06 -2.38214140e+00 
 7.94328235e+06 -6.46719152e-02  7.94328235e+06 -2.20539303e+00 
 8.57695899e+06 -6.80913410e-02  8.57695899e+06 -2.04163131e+00 
 9.26118728e+06 -7.10057655e-02  9.26118728e+06 -1.88989396e+00 
 1.00000000e+07 -7.34840106e-02  1.00000000e+07 -1.74928913e+00 
 1.07977516e+07 -7.55846296e-02  1.07977516e+07 -1.61899020e+00 
 1.16591440e+07 -7.73572933e-02  1.16591440e+07 -1.49823110e+00 
 1.25892541e+07 -7.88439696e-02  1.25892541e+07 -1.38630183e+00 
 1.35935639e+07 -8.00799248e-02  1.35935639e+07 -1.28254442e+00 
 1.46779927e+07 -8.10945708e-02  1.46779927e+07 -1.18634908e+00 
 1.58489319e+07 -8.19121807e-02  1.58489319e+07 -1.09715075e+00 
 1.71132830e+07 -8.25524894e-02  1.71132830e+07 -1.01442584e+00 
 1.84784980e+07 -8.30311974e-02  1.84784980e+07 -9.37689214e-01 
 1.99526231e+07 -8.33603920e-02  1.99526231e+07 -8.66491499e-01 
 2.15443469e+07 -8.35488993e-02  2.15443469e+07 -8.00416525e-01 
 2.32630507e+07 -8.36025806e-02  2.32630507e+07 -7.39079035e-01 
 2.51188643e+07 -8.35245859e-02  2.51188643e+07 -6.82122580e-01 
 2.71227258e+07 -8.33155784e-02  2.71227258e+07 -6.29217617e-01 
 2.92864456e+07 -8.29739435e-02  2.92864456e+07 -5.80059782e-01 
 3.16227766e+07 -8.24959992e-02  3.16227766e+07 -5.34368352e-01 
 3.41454887e+07 -8.18762223e-02  3.41454887e+07 -4.91884859e-01 
 3.68694506e+07 -8.11075121e-02  3.68694506e+07 -4.52371860e-01 
 3.98107171e+07 -8.01815076e-02  3.98107171e+07 -4.15611838e-01 
 4.29866235e+07 -7.90889792e-02  4.29866235e+07 -3.81406210e-01 
 4.64158883e+07 -7.78203128e-02  4.64158883e+07 -3.49574415e-01 
 5.01187234e+07 -7.63660969e-02  5.01187234e+07 -3.19953042e-01 
 5.41169527e+07 -7.47178209e-02  5.41169527e+07 -2.92394960e-01 
 5.84341413e+07 -7.28686750e-02  5.84341413e+07 -2.66768378e-01 
 6.30957344e+07 -7.08144300e-02  6.30957344e+07 -2.42955817e-01 
 6.81292069e+07 -6.85543528e-02  6.81292069e+07 -2.20852899e-01 
 7.35642254e+07 -6.60920920e-02  7.35642254e+07 -2.00366946e-01 
 7.94328235e+07 -6.34364487e-02  7.94328235e+07 -1.81415356e-01 
 8.57695899e+07 -6.06019348e-02  8.57695899e+07 -1.63923756e-01 
 9.26118728e+07 -5.76090178e-02  9.26118728e+07 -1.47824008e-01 
 1.00000000e+08 -5.44839703e-02  1.00000000e+08 -1.33052132e-01 
 1.07977516e+08 -5.12582735e-02  1.07977516e+08 -1.19546289e-01 
 1.16591440e+08 -4.79675760e-02  1.16591440e+08 -1.07244973e-01 
 1.25892541e+08 -4.46502673e-02  1.25892541e+08 -9.60855471e-02 
 1.35935639e+08 -4.13457836e-02  1.35935639e+08 -8.60032546e-02 
 1.46779927e+08 -3.80928037e-02  1.46779927e+08 -7.69307752e-02 
 1.58489319e+08 -3.49275124e-02  1.58489319e+08 -6.87983248e-02 
 1.71132830e+08 -3.18820967e-02  1.71132830e+08 -6.15342445e-02 
 1.84784980e+08 -2.89836013e-02  1.84784980e+08 -5.50659595e-02 
 1.99526231e+08 -2.62532187e-02  1.99526231e+08 -4.93211629e-02 
 2.15443469e+08 -2.37060253e-02  2.15443469e+08 -4.42290657e-02 
 2.32630507e+08 -2.13511260e-02  2.32630507e+08 -3.97215789e-02 
 2.51188643e+08 -1.91921264e-02  2.51188643e+08 -3.57343187e-02 
 2.71227258e+08 -1.72278383e-02  2.71227258e+08 -3.22073731e-02 
 2.92864456e+08 -1.54531142e-02  2.92864456e+08 -2.90858046e-02 
 3.16227766e+08 -1.38597251e-02  3.16227766e+08 -2.63198974e-02 
 3.41454887e+08 -1.24372064e-02  3.41454887e+08 -2.38651792e-02 
 3.68694506e+08 -1.11736263e-02  3.68694506e+08 -2.16822648e-02 
 3.98107171e+08 -1.00562446e-02  3.98107171e+08 -1.97365656e-02 
 4.29866235e+08 -9.07205189e-03  4.29866235e+08 -1.79979139e-02 
 4.64158883e+08 -8.20818986e-03  4.64158883e+08 -1.64401402e-02 
 5.01187234e+08 -7.45226173e-03  5.01187234e+08 -1.50406340e-02 
 5.41169527e+08 -6.79254764e-03  5.41169527e+08 -1.37799138e-02 
 5.84341413e+08 -6.21814098e-03  5.84341413e+08 -1.26412199e-02 
 6.30957344e+08 -5.71902183e-03  6.30957344e+08 -1.16101406e-02 
 6.81292069e+08 -5.28608227e-03  6.81292069e+08 -1.06742772e-02 
 7.35642254e+08 -4.91111639e-03  7.35642254e+08 -9.82294760e-03 
 7.94328235e+08 -4.58678567e-03  7.94328235e+08 -9.04692936e-03 
 8.57695899e+08 -4.30656822e-03  8.57695899e+08 -8.33823777e-03 
 9.26118728e+08 -4.06469842e-03  9.26118728e+08 -7.68993712e-03 
 1.00000000e+09 -3.85610204e-03  1.00000000e+09 -7.09598064e-03 
 1.07977516e+09 -3.67633023e-03  1.07977516e+09 -6.55107552e-03 
 1.16591440e+09 -3.52149498e-03  1.16591440e+09 -6.05056975e-03 
 1.25892541e+09 -3.38820770e-03  1.25892541e+09 -5.59035723e-03 
 1.35935639e+09 -3.27352187e-03  1.35935639e+09 -5.16679851e-03 
 1.46779927e+09 -3.17488036e-03  1.46779927e+09 -4.77665454e-03 
 1.58489319e+09 -3.09006764e-03  1.58489319e+09 -4.41703130e-03 
 1.71132830e+09 -3.01716677e-03  1.71132830e+09 -4.08533342e-03 
 1.84784980e+09 -2.95452113e-03  1.84784980e+09 -3.77922532e-03 
 1.99526231e+09 -2.90070043e-03  1.99526231e+09 -3.49659846e-03 
 2.15443469e+09 -2.85447087e-03  2.15443469e+09 -3.23554373e-03 
 2.32630507e+09 -2.81476886e-03  2.32630507e+09 -2.99432798e-03 
 2.51188643e+09 -2.78067813e-03  2.51188643e+09 -2.77137409e-03 
 2.71227258e+09 -2.75140970e-03  2.71227258e+09 -2.56524381e-03 
 2.92864456e+09 -2.72628456e-03  2.92864456e+09 -2.37462305e-03 
 3.16227766e+09 -2.70471854e-03  3.16227766e+09 -2.19830915e-03 
 3.41454887e+09 -2.68620927e-03  3.41454887e+09 -2.03519972e-03 
 3.68694506e+09 -2.67032485e-03  3.68694506e+09 -1.88428300e-03 
 3.98107171e+09 -2.65669405e-03  3.98107171e+09 -1.74462930e-03 
 4.29866235e+09 -2.64499791e-03  4.29866235e+09 -1.61538345e-03 
 4.64158883e+09 -2.63496242e-03  4.64158883e+09 -1.49575815e-03 
 5.01187234e+09 -2.62635223e-03  5.01187234e+09 -1.38502798e-03 
 5.41169527e+09 -2.61896524e-03  5.41169527e+09 -1.28252411e-03 
 5.84341413e+09 -2.61262791e-03  5.84341413e+09 -1.18762948e-03 
 6.30957344e+09 -2.60719127e-03  6.30957344e+09 -1.09977451e-03 
 6.81292069e+09 -2.60252744e-03  6.81292069e+09 -1.01843323e-03 
 7.35642254e+09 -2.59852668e-03  7.35642254e+09 -9.43119720e-04 
 7.94328235e+09 -2.59509478e-03  7.94328235e+09 -8.73384910e-04 
 8.57695899e+09 -2.59215091e-03  8.57695899e+09 -8.08813680e-04 
 9.26118728e+09 -2.58962572e-03  9.26118728e+09 -7.49022181e-04 
 1.00000000e+10 -2.58745969e-03  1.00000000e+10 -6.93655409e-04 
