 1.00000000e+00  2.00188226e+02  1.00000000e+00 -1.63404232e-03 
 1.07977516e+00  2.00188226e+02  1.07977516e+00 -1.76439831e-03 
 1.16591440e+00  2.00188226e+02  1.16591440e+00 -1.90515347e-03 
 1.25892541e+00  2.00188226e+02  1.25892541e+00 -2.05713740e-03 
 1.35935639e+00  2.00188226e+02  1.35935639e+00 -2.22124587e-03 
 1.46779927e+00  2.00188226e+02  1.46779927e+00 -2.39844611e-03 
 1.58489319e+00  2.00188226e+02  1.58489319e+00 -2.58978254e-03 
 1.71132830e+00  2.00188226e+02  1.71132830e+00 -2.79638287e-03 
 1.84784980e+00  2.00188226e+02  1.84784980e+00 -3.01946476e-03 
 1.99526231e+00  2.00188226e+02  1.99526231e+00 -3.26034305e-03 
 2.15443469e+00  2.00188226e+02  2.15443469e+00 -3.52043745e-03 
 2.32630507e+00  2.00188226e+02  2.32630507e+00 -3.80128092e-03 
 2.51188643e+00  2.00188226e+02  2.51188643e+00 -4.10452872e-03 
 2.71227258e+00  2.00188226e+02  2.71227258e+00 -4.43196817e-03 
 2.92864456e+00  2.00188226e+02  2.92864456e+00 -4.78552914e-03 
 3.16227766e+00  2.00188226e+02  3.16227766e+00 -5.16729551e-03 
 3.41454887e+00  2.00188226e+02  3.41454887e+00 -5.57951735e-03 
 3.68694506e+00  2.00188226e+02  3.68694506e+00 -6.02462425e-03 
 3.98107171e+00  2.00188226e+02  3.98107171e+00 -6.50523962e-03 
 4.29866235e+00  2.00188226e+02  4.29866235e+00 -7.02419617e-03 
 4.64158883e+00  2.00188226e+02  4.64158883e+00 -7.58455256e-03 
 5.01187234e+00  2.00188226e+02  5.01187234e+00 -8.18961147e-03 
 5.41169527e+00  2.00188226e+02  5.41169527e+00 -8.84293905e-03 
 5.84341413e+00  2.00188226e+02  5.84341413e+00 -9.54838594e-03 
 6.30957344e+00  2.00188226e+02  6.30957344e+00 -1.03101100e-02 
 6.81292069e+00  2.00188226e+02  6.81292069e+00 -1.11326007e-02 
 7.35642254e+00  2.00188226e+02  7.35642254e+00 -1.20207057e-02 
 7.94328235e+00  2.00188225e+02  7.94328235e+00 -1.29796594e-02 
 8.57695899e+00  2.00188225e+02  8.57695899e+00 -1.40151139e-02 
 9.26118728e+00  2.00188225e+02  9.26118728e+00 -1.51331718e-02 
 1.00000000e+01  2.00188225e+02  1.00000000e+01 -1.63404231e-02 
 1.07977516e+01  2.00188225e+02  1.07977516e+01 -1.76439829e-02 
 1.16591440e+01  2.00188224e+02  1.16591440e+01 -1.90515345e-02 
 1.25892541e+01  2.00188224e+02  1.25892541e+01 -2.05713737e-02 
 1.35935639e+01  2.00188224e+02  1.35935639e+01 -2.22124584e-02 
 1.46779927e+01  2.00188223e+02  1.46779927e+01 -2.39844608e-02 
 1.58489319e+01  2.00188223e+02  1.58489319e+01 -2.58978250e-02 
 1.71132830e+01  2.00188222e+02  1.71132830e+01 -2.79638281e-02 
 1.84784980e+01  2.00188222e+02  1.84784980e+01 -3.01946469e-02 
 1.99526231e+01  2.00188221e+02  1.99526231e+01 -3.26034297e-02 
 2.15443469e+01  2.00188220e+02  2.15443469e+01 -3.52043734e-02 
 2.32630507e+01  2.00188219e+02  2.32630507e+01 -3.80128078e-02 
 2.51188643e+01  2.00188218e+02  2.51188643e+01 -4.10452855e-02 
 2.71227258e+01  2.00188216e+02  2.71227258e+01 -4.43196795e-02 
 2.92864456e+01  2.00188215e+02  2.92864456e+01 -4.78552887e-02 
 3.16227766e+01  2.00188213e+02  3.16227766e+01 -5.16729517e-02 
 3.41454887e+01  2.00188211e+02  3.41454887e+01 -5.57951692e-02 
 3.68694506e+01  2.00188208e+02  3.68694506e+01 -6.02462371e-02 
 3.98107171e+01  2.00188205e+02  3.98107171e+01 -6.50523894e-02 
 4.29866235e+01  2.00188202e+02  4.29866235e+01 -7.02419531e-02 
 4.64158883e+01  2.00188198e+02  4.64158883e+01 -7.58455148e-02 
 5.01187234e+01  2.00188193e+02  5.01187234e+01 -8.18961011e-02 
 5.41169527e+01  2.00188187e+02  5.41169527e+01 -8.84293734e-02 
 5.84341413e+01  2.00188181e+02  5.84341413e+01 -9.54838379e-02 
 6.30957344e+01  2.00188173e+02  6.30957344e+01 -1.03101073e-01 
 6.81292069e+01  2.00188164e+02  6.81292069e+01 -1.11325973e-01 
 7.35642254e+01  2.00188154e+02  7.35642254e+01 -1.20207014e-01 
 7.94328235e+01  2.00188142e+02  7.94328235e+01 -1.29796540e-01 
 8.57695899e+01  2.00188128e+02  8.57695899e+01 -1.40151071e-01 
 9.26118728e+01  2.00188112e+02  9.26118728e+01 -1.51331633e-01 
 1.00000000e+02  2.00188093e+02  1.00000000e+02 -1.63404123e-01 
 1.07977516e+02  2.00188071e+02  1.07977516e+02 -1.76439694e-01 
 1.16591440e+02  2.00188045e+02  1.16591440e+02 -1.90515174e-01 
 1.25892541e+02  2.00188015e+02  1.25892541e+02 -2.05713523e-01 
 1.35935639e+02  2.00187980e+02  1.35935639e+02 -2.22124313e-01 
 1.46779927e+02  2.00187939e+02  1.46779927e+02 -2.39844268e-01 
 1.58489319e+02  2.00187891e+02  1.58489319e+02 -2.58977821e-01 
 1.71132830e+02  2.00187836e+02  1.71132830e+02 -2.79637741e-01 
 1.84784980e+02  2.00187771e+02  1.84784980e+02 -3.01945790e-01 
 1.99526231e+02  2.00187696e+02  1.99526231e+02 -3.26033442e-01 
 2.15443469e+02  2.00187607e+02  2.15443469e+02 -3.52042657e-01 
 2.32630507e+02  2.00187505e+02  2.32630507e+02 -3.80126723e-01 
 2.51188643e+02  2.00187385e+02  2.51188643e+02 -4.10451148e-01 
 2.71227258e+02  2.00187246e+02  2.71227258e+02 -4.43194647e-01 
 2.92864456e+02  2.00187083e+02  2.92864456e+02 -4.78550183e-01 
 3.16227766e+02  2.00186893e+02  3.16227766e+02 -5.16726112e-01 
 3.41454887e+02  2.00186672e+02  3.41454887e+02 -5.57947405e-01 
 3.68694506e+02  2.00186414e+02  3.68694506e+02 -6.02456974e-01 
 3.98107171e+02  2.00186113e+02  3.98107171e+02 -6.50517101e-01 
 4.29866235e+02  2.00185763e+02  4.29866235e+02 -7.02410979e-01 
 4.64158883e+02  2.00185354e+02  4.64158883e+02 -7.58444381e-01 
 5.01187234e+02  2.00184878e+02  5.01187234e+02 -8.18947456e-01 
 5.41169527e+02  2.00184322e+02  5.41169527e+02 -8.84276669e-01 
 5.84341413e+02  2.00183674e+02  5.84341413e+02 -9.54816896e-01 
 6.30957344e+02  2.00182919e+02  6.30957344e+02 -1.03098368e+00 
 6.81292069e+02  2.00182039e+02  6.81292069e+02 -1.11322568e+00 
 7.35642254e+02  2.00181012e+02  7.35642254e+02 -1.20202728e+00 
 7.94328235e+02  2.00179815e+02  7.94328235e+02 -1.29791144e+00 
 8.57695899e+02  2.00178420e+02  8.57695899e+02 -1.40144277e+00 
 9.26118728e+02  2.00176793e+02  9.26118728e+02 -1.51323080e+00 
 1.00000000e+03  2.00174896e+02  1.00000000e+03 -1.63393356e+00 
 1.07977516e+03  2.00172684e+02  1.07977516e+03 -1.76426139e+00 
 1.16591440e+03  2.00170106e+02  1.16591440e+03 -1.90498111e+00 
 1.25892541e+03  2.00167100e+02  1.25892541e+03 -2.05692041e+00 
 1.35935639e+03  2.00163595e+02  1.35935639e+03 -2.22097270e+00 
 1.46779927e+03  2.00159509e+02  1.46779927e+03 -2.39810223e+00 
 1.58489319e+03  2.00154745e+02  1.58489319e+03 -2.58934963e+00 
 1.71132830e+03  2.00149191e+02  1.71132830e+03 -2.79583787e+00 
 1.84784980e+03  2.00142716e+02  1.84784980e+03 -3.01877868e+00 
 1.99526231e+03  2.00135168e+02  1.99526231e+03 -3.25947936e+00 
 2.15443469e+03  2.00126367e+02  2.15443469e+03 -3.51935017e+00 
 2.32630507e+03  2.00116108e+02  2.32630507e+03 -3.79991218e+00 
 2.51188643e+03  2.00104147e+02  2.51188643e+03 -4.10280569e+00 
 2.71227258e+03  2.00090204e+02  2.71227258e+03 -4.42979914e+00 
 2.92864456e+03  2.00073950e+02  2.92864456e+03 -4.78279873e+00 
 3.16227766e+03  2.00055003e+02  3.16227766e+03 -5.16385845e+00 
 3.41454887e+03  2.00032916e+02  3.41454887e+03 -5.57519082e+00 
 3.68694506e+03  2.00007171e+02  3.68694506e+03 -6.01917817e+00 
 3.98107171e+03  1.99977163e+02  3.98107171e+03 -6.49838445e+00 
 4.29866235e+03  1.99942188e+02  4.29866235e+03 -7.01556753e+00 
 4.64158883e+03  1.99901425e+02  4.64158883e+03 -7.57369195e+00 
 5.01187234e+03  1.99853920e+02  5.01187234e+03 -8.17594202e+00 
 5.41169527e+03  1.99798562e+02  5.41169527e+03 -8.82573500e+00 
 5.84341413e+03  1.99734057e+02  5.84341413e+03 -9.52673432e+00 
 6.30957344e+03  1.99658903e+02  6.30957344e+03 -1.02828625e+01 
 6.81292069e+03  1.99571351e+02  6.81292069e+03 -1.10983131e+01 
 7.35642254e+03  1.99469370e+02  7.35642254e+03 -1.19775622e+01 
 7.94328235e+03  1.99350600e+02  7.94328235e+03 -1.29253774e+01 
 8.57695899e+03  1.99212303e+02  8.57695899e+03 -1.39468242e+01 
 9.26118728e+03  1.99051303e+02  9.26118728e+03 -1.50472697e+01 
 1.00000000e+04  1.98863918e+02  1.00000000e+04 -1.62323804e+01 
 1.07977516e+04  1.98645888e+02  1.07977516e+04 -1.75081144e+01 
 1.16591440e+04  1.98392287e+02  1.16591440e+04 -1.88807044e+01 
 1.25892541e+04  1.98097425e+02  1.25892541e+04 -2.03566308e+01 
 1.35935639e+04  1.97754746e+02  1.35935639e+04 -2.19425805e+01 
 1.46779927e+04  1.97356704e+02  1.46779927e+04 -2.36453881e+01 
 1.58489319e+04  1.96894639e+02  1.58489319e+04 -2.54719567e+01 
 1.71132830e+04  1.96358634e+02  1.71132830e+04 -2.74291505e+01 
 1.84784980e+04  1.95737370e+02  1.84784980e+04 -2.95236563e+01 
 1.99526231e+04  1.95017971e+02  1.99526231e+04 -3.17618055e+01 
 2.15443469e+04  1.94185859e+02  2.15443469e+04 -3.41493500e+01 
 2.32630507e+04  1.93224604e+02  2.32630507e+04 -3.66911834e+01 
 2.51188643e+04  1.92115805e+02  2.51188643e+04 -3.93910017e+01 
 2.71227258e+04  1.90838992e+02  2.71227258e+04 -4.22508936e+01 
 2.92864456e+04  1.89371591e+02  2.92864456e+04 -4.52708572e+01 
 3.16227766e+04  1.87688952e+02  3.16227766e+04 -4.84482393e+01 
 3.41454887e+04  1.85764487e+02  3.41454887e+04 -5.17771003e+01 
 3.68694506e+04  1.83569940e+02  3.68694506e+04 -5.52475143e+01 
 3.98107171e+04  1.81075832e+02  3.98107171e+04 -5.88448248e+01 
 4.29866235e+04  1.78252108e+02  4.29866235e+04 -6.25488908e+01 
 4.64158883e+04  1.75069040e+02  4.64158883e+04 -6.63333718e+01 
 5.01187234e+04  1.71498387e+02  5.01187234e+04 -7.01651224e+01 
 5.41169527e+04  1.67514843e+02  5.41169527e+04 -7.40037846e+01 
 5.84341413e+04  1.63097743e+02  5.84341413e+04 -7.78016805e+01 
 6.30957344e+04  1.58232967e+02  6.30957344e+04 -8.15041193e+01 
 6.81292069e+04  1.52914954e+02  6.81292069e+04 -8.50502262e+01 
 7.35642254e+04  1.47148668e+02  7.35642254e+04 -8.83743776e+01 
 7.94328235e+04  1.40951314e+02  7.94328235e+04 -9.14082801e+01 
 8.57695899e+04  1.34353590e+02  8.57695899e+04 -9.40836641e+01 
 9.26118728e+04  1.27400227e+02  9.26118728e+04 -9.63354685e+01 
 1.00000000e+05  1.20149640e+02  1.00000000e+05 -9.81053049e+01 
 1.07977516e+05  1.12672550e+02  1.07977516e+05 -9.93449009e+01 
 1.16591440e+05  1.05049595e+02  1.16591440e+05 -1.00019177e+02 
 1.25892541e+05  9.73680374e+01  1.25892541e+05 -1.00108606e+02 
 1.35935639e+05  8.97178600e+01  1.35935639e+05 -9.96105749e+01 
 1.46779927e+05  8.21875855e+01  1.46779927e+05 -9.85395671e+01 
 1.58489319e+05  7.48602447e+01  1.58489319e+05 -9.69261485e+01 
 1.71132830e+05  6.78098675e+01  1.71132830e+05 -9.48148848e+01 
 1.84784980e+05  6.10987976e+01  1.84784980e+05 -9.22614475e+01 
 1.99526231e+05  5.47760039e+01  1.99526231e+05 -8.93292433e+01 
 2.15443469e+05  4.88764248e+01  2.15443469e+05 -8.60859223e+01 
 2.32630507e+05  4.34212584e+01  2.32630507e+05 -8.26000809e+01 
 2.51188643e+05  3.84190199e+01  2.51188643e+05 -7.89384026e+01 
 2.71227258e+05  3.38671434e+01  2.71227258e+05 -7.51633850e+01 
 2.92864456e+05  2.97538941e+01  2.92864456e+05 -7.13317104e+01 
 3.16227766e+05  2.60603842e+01  3.16227766e+05 -6.74932401e+01 
 3.41454887e+05  2.27625254e+01  3.41454887e+05 -6.36905599e+01 
 3.68694506e+05  1.98328037e+01  3.68694506e+05 -5.99589734e+01 
 3.98107171e+05  1.72418056e+01  3.98107171e+05 -5.63268302e+01 
 4.29866235e+05  1.49594694e+01  4.29866235e+05 -5.28160812e+01 
 4.64158883e+05  1.29560609e+01  4.64158883e+05 -4.94429689e+01 
 5.01187234e+05  1.12028971e+01  5.01187234e+05 -4.62187752e+01 
 5.41169527e+05  9.67284790e+00  5.41169527e+05 -4.31505734e+01 
 5.84341413e+05  8.34065558e+00  5.84341413e+05 -4.02419440e+01 
 6.30957344e+05  7.18310752e+00  6.30957344e+05 -3.74936308e+01 
 6.81292069e+05  6.17909716e+00  6.81292069e+05 -3.49041248e+01 
 7.35642254e+05  5.30960261e+00  7.35642254e+05 -3.24701715e+01 
 7.94328235e+05  4.55760787e+00  7.94328235e+05 -3.01872014e+01 
 8.57695899e+05  3.90798630e+00  8.57695899e+05 -2.80496910e+01 
 9.26118728e+05  3.34736176e+00  9.26118728e+05 -2.60514587e+01 
 1.00000000e+06  2.86395889e+00  1.00000000e+06 -2.41859043e+01 
 1.07977516e+06  2.44745090e+00  1.07977516e+06 -2.24462008e+01 
 1.16591440e+06  2.08881059e+00  1.16591440e+06 -2.08254442e+01 
 1.25892541e+06  1.78016849e+00  1.25892541e+06 -1.93167691e+01 
 1.35935639e+06  1.51468050e+00  1.35935639e+06 -1.79134363e+01 
 1.46779927e+06  1.28640620e+00  1.46779927e+06 -1.66088974e+01 
 1.58489319e+06  1.09019835e+00  1.58489319e+06 -1.53968404e+01 
 1.71132830e+06  9.21603481e-01  1.71132830e+06 -1.42712213e+01 
 1.84784980e+06  7.76773257e-01  1.84784980e+06 -1.32262834e+01 
 1.99526231e+06  6.52385769e-01  1.99526231e+06 -1.22565677e+01 
 2.15443469e+06  5.45576172e-01  2.15443469e+06 -1.13569167e+01 
 2.32630507e+06  4.53875735e-01  2.32630507e+06 -1.05224724e+01 
 2.51188643e+06  3.75158507e-01  2.51188643e+06 -9.74867036e+00 
 2.71227258e+06  3.07594781e-01  2.71227258e+06 -9.03123170e+00 
 2.92864456e+06  2.49610597e-01  2.92864456e+06 -8.36615205e+00 
 3.16227766e+06  1.99852578e-01  3.16227766e+06 -7.74968988e+00 
 3.41454887e+06  1.57157442e-01  3.41454887e+06 -7.17835368e+00 
 3.68694506e+06  1.20525629e-01  3.68694506e+06 -6.64888889e+00 
 3.98107171e+06  8.90984957e-02  3.98107171e+06 -6.15826461e+00 
 4.29866235e+06  6.21386352e-02  4.29866235e+06 -5.70366050e+00 
 4.64158883e+06  3.90129006e-02  4.64158883e+06 -5.28245387e+00 
 5.01187234e+06  1.91777760e-02  5.01187234e+06 -4.89220726e+00 
 5.41169527e+06  2.16677919e-03  5.41169527e+06 -4.53065644e+00 
 5.84341413e+06 -1.24203782e-02  5.84341413e+06 -4.19569899e+00 
 6.30957344e+06 -2.49271146e-02  6.30957344e+06 -3.88538335e+00 
 6.81292069e+06 -3.56479926e-02  6.81292069e+06 -3.59789860e+00 
 7.35642254e+06 -4.48356052e-02  7.35642254e+06 -3.33156470e+00 
 7.94328235e+06 -5.27064892e-02  7.94328235e+06 -3.08482336e+00 
 8.57695899e+06 -5.94462010e-02  8.57695899e+06 -2.85622946e+00 
 9.26118728e+06 -6.52136718e-02  9.26118728e+06 -2.64444302e+00 
 1.00000000e+07 -7.01449406e-02  1.00000000e+07 -2.44822169e+00 
 1.07977516e+07 -7.43563543e-02  1.07977516e+07 -2.26641375e+00 
 1.16591440e+07 -7.79473066e-02  1.16591440e+07 -2.09795157e+00 
 1.25892541e+07 -8.10025805e-02  1.25892541e+07 -1.94184552e+00 
 1.35935639e+07 -8.35943505e-02  1.35935639e+07 -1.79717832e+00 
 1.46779927e+07 -8.57838896e-02  1.46779927e+07 -1.66309977e+00 
 1.58489319e+07 -8.76230233e-02  1.58489319e+07 -1.53882188e+00 
 1.71132830e+07 -8.91553652e-02  1.71132830e+07 -1.42361433e+00 
 1.84784980e+07 -9.04173634e-02  1.84784980e+07 -1.31680028e+00 
 1.99526231e+07 -9.14391854e-02  1.99526231e+07 -1.21775249e+00 
 2.15443469e+07 -9.22454630e-02  2.15443469e+07 -1.12588975e+00 
 2.32630507e+07 -9.28559180e-02  2.32630507e+07 -1.04067354e+00 
 2.51188643e+07 -9.32858872e-02  2.51188643e+07 -9.61605033e-01 
 2.71227258e+07 -9.35467624e-02  2.71227258e+07 -8.88222275e-01 
 2.92864456e+07 -9.36463629e-02  2.92864456e+07 -8.20097648e-01 
 3.16227766e+07 -9.35892550e-02  3.16227766e+07 -7.56835546e-01 
 3.41454887e+07 -9.33770356e-02  3.41454887e+07 -6.98070269e-01 
 3.68694506e+07 -9.30085963e-02  3.68694506e+07 -6.43464122e-01 
 3.98107171e+07 -9.24803867e-02  3.98107171e+07 -5.92705712e-01 
 4.29866235e+07 -9.17866973e-02  4.29866235e+07 -5.45508426e-01 
 4.64158883e+07 -9.09199814e-02  4.64158883e+07 -5.01609070e-01 
 5.01187234e+07 -8.98712413e-02  5.01187234e+07 -4.60766656e-01 
 5.41169527e+07 -8.86304971e-02  5.41169527e+07 -4.22761307e-01 
 5.84341413e+07 -8.71873606e-02  5.84341413e+07 -3.87393243e-01 
 6.30957344e+07 -8.55317258e-02  6.30957344e+07 -3.54481804e-01 
 6.81292069e+07 -8.36545815e-02  6.81292069e+07 -3.23864462e-01 
 7.35642254e+07 -8.15489351e-02  7.35642254e+07 -2.95395762e-01 
 7.94328235e+07 -7.92108184e-02  7.94328235e+07 -2.68946126e-01 
 8.57695899e+07 -7.66403231e-02  8.57695899e+07 -2.44400471e-01 
 9.26118728e+07 -7.38425876e-02  9.26118728e+07 -2.21656591e-01 
 1.00000000e+08 -7.08286382e-02  1.00000000e+08 -2.00623288e-01 
 1.07977516e+08 -6.76159709e-02  1.07977516e+08 -1.81218270e-01 
 1.16591440e+08 -6.42287663e-02  1.16591440e+08 -1.63365880e-01 
 1.25892541e+08 -6.06976451e-02  1.25892541e+08 -1.46994767e-01 
 1.35935639e+08 -5.70589191e-02  1.35935639e+08 -1.32035642e-01 
 1.46779927e+08 -5.33533475e-02  1.46779927e+08 -1.18419293e-01 
 1.58489319e+08 -4.96244771e-02  1.58489319e+08 -1.06075018e-01 
 1.71132830e+08 -4.59167054e-02  1.71132830e+08 -9.49296110e-02 
 1.84784980e+08 -4.22732527e-02  1.84784980e+08 -8.49069528e-02 
 1.99526231e+08 -3.87342394e-02  1.99526231e+08 -7.59282231e-02 
 2.15443469e+08 -3.53350518e-02  2.15443469e+08 -6.79126365e-02 
 2.32630507e+08 -3.21051295e-02  2.32630507e+08 -6.07785732e-02 
 2.51188643e+08 -2.90672473e-02  2.51188643e+08 -5.44449331e-02 
 2.71227258e+08 -2.62372963e-02  2.71227258e+08 -4.88325395e-02 
 2.92864456e+08 -2.36245116e-02  2.92864456e+08 -4.38654437e-02 
 3.16227766e+08 -2.12320528e-02  3.16227766e+08 -3.94720167e-02 
 3.41454887e+08 -1.90578281e-02  3.41454887e+08 -3.55857656e-02 
 3.68694506e+08 -1.70954469e-02  3.68694506e+08 -3.21458516e-02 
 3.98107171e+08 -1.53352058e-02  3.98107171e+08 -2.90973257e-02 
 4.29866235e+08 -1.37650302e-02  4.29866235e+08 -2.63911182e-02 
 4.64158883e+08 -1.23713198e-02  4.64158883e+08 -2.39838349e-02 
 5.01187234e+08 -1.11396692e-02  5.01187234e+08 -2.18374130e-02 
 5.41169527e+08 -1.00554531e-02  5.41169527e+08 -1.99186871e-02 
 5.84341413e+08 -9.10427812e-03  5.84341413e+08 -1.81989087e-02 
 6.30957344e+08 -8.27231422e-03  6.30957344e+08 -1.66532532e-02 
 6.81292069e+08 -7.54652171e-03  6.81292069e+08 -1.52603389e-02 
 7.35642254e+08 -6.91479225e-03  7.35642254e+08 -1.40017750e-02 
 7.94328235e+08 -6.36602187e-03  7.94328235e+08 -1.28617477e-02 
 8.57695899e+08 -5.89013236e-03  8.57695899e+08 -1.18266503e-02 
 9.26118728e+08 -5.47805496e-03  9.26118728e+08 -1.08847577e-02 
 1.00000000e+09 -5.12168806e-03  1.00000000e+09 -1.00259430e-02 
 1.07977516e+09 -4.81383800e-03  1.07977516e+09 -9.24143520e-03 
 1.16591440e+09 -4.54815014e-03  1.16591440e+09 -8.52361156e-03 
 1.25892541e+09 -4.31903548e-03  1.25892541e+09 -7.86582281e-03 
 1.35935639e+09 -4.12159656e-03  1.35935639e+09 -7.26224543e-03 
 1.46779927e+09 -3.95155540e-03  1.46779927e+09 -6.70775780e-03 
 1.58489319e+09 -3.80518507e-03  1.58489319e+09 -6.19783657e-03 
 1.71132830e+09 -3.67924600e-03  1.71132830e+09 -5.72847003e-03 
 1.84784980e+09 -3.57092764e-03  1.84784980e+09 -5.29608569e-03 
 1.99526231e+09 -3.47779548e-03  1.99526231e+09 -4.89748974e-03 
 2.15443469e+09 -3.39774363e-03  2.15443469e+09 -4.52981641e-03 
 2.32630507e+09 -3.32895247e-03  2.32630507e+09 -4.19048544e-03 
 2.51188643e+09 -3.26985127e-03  2.51188643e+09 -3.87716629e-03 
 2.71227258e+09 -3.21908516e-03  2.71227258e+09 -3.58774793e-03 
 2.92864456e+09 -3.17548634e-03  2.92864456e+09 -3.32031316e-03 
 3.16227766e+09 -3.13804878e-03  3.16227766e+09 -3.07311673e-03 
 3.41454887e+09 -3.10590628e-03  3.41454887e+09 -2.84456659e-03 
 3.68694506e+09 -3.07831334e-03  3.68694506e+09 -2.63320776e-03 
 3.98107171e+09 -3.05462862e-03  3.98107171e+09 -2.43770827e-03 
 4.29866235e+09 -3.03430056e-03  4.29866235e+09 -2.25684700e-03 
 4.64158883e+09 -3.01685494e-03  4.64158883e+09 -2.08950303e-03 
 5.01187234e+09 -3.00188419e-03  5.01187234e+09 -1.93464617e-03 
 5.41169527e+09 -2.98903810e-03  5.41169527e+09 -1.79132875e-03 
 5.84341413e+09 -2.97801576e-03  5.84341413e+09 -1.65867817e-03 
 6.30957344e+09 -2.96855877e-03  6.30957344e+09 -1.53589037e-03 
 6.81292069e+09 -2.96044518e-03  6.81292069e+09 -1.42222395e-03 
 7.35642254e+09 -2.95348443e-03  7.35642254e+09 -1.31699486e-03 
 7.94328235e+09 -2.94751292e-03  7.94328235e+09 -1.21957167e-03 
 8.57695899e+09 -2.94239022e-03  8.57695899e+09 -1.12937123e-03 
 9.26118728e+09 -2.93799578e-03  9.26118728e+09 -1.04585480e-03 
 1.00000000e+10 -2.93422617e-03  1.00000000e+10 -9.68524481e-04 
