 1.00000000e+00  3.53517952e+02  1.00000000e+00 -1.09178076e-02 
 1.07977516e+00  3.53517952e+02  1.07977516e+00 -1.17887775e-02 
 1.16591440e+00  3.53517952e+02  1.16591440e+00 -1.27292291e-02 
 1.25892541e+00  3.53517952e+02  1.25892541e+00 -1.37447054e-02 
 1.35935639e+00  3.53517951e+02  1.35935639e+00 -1.48411915e-02 
 1.46779927e+00  3.53517951e+02  1.46779927e+00 -1.60251500e-02 
 1.58489319e+00  3.53517951e+02  1.58489319e+00 -1.73035589e-02 
 1.71132830e+00  3.53517951e+02  1.71132830e+00 -1.86839531e-02 
 1.84784980e+00  3.53517951e+02  1.84784980e+00 -2.01744685e-02 
 1.99526231e+00  3.53517951e+02  1.99526231e+00 -2.17838900e-02 
 2.15443469e+00  3.53517950e+02  2.15443469e+00 -2.35217033e-02 
 2.32630507e+00  3.53517950e+02  2.32630507e+00 -2.53981510e-02 
 2.51188643e+00  3.53517950e+02  2.51188643e+00 -2.74242926e-02 
 2.71227258e+00  3.53517950e+02  2.71227258e+00 -2.96120700e-02 
 2.92864456e+00  3.53517949e+02  2.92864456e+00 -3.19743776e-02 
 3.16227766e+00  3.53517949e+02  3.16227766e+00 -3.45251387e-02 
 3.41454887e+00  3.53517948e+02  3.41454887e+00 -3.72793872e-02 
 3.68694506e+00  3.53517947e+02  3.68694506e+00 -4.02533563e-02 
 3.98107171e+00  3.53517947e+02  3.98107171e+00 -4.34645743e-02 
 4.29866235e+00  3.53517946e+02  4.29866235e+00 -4.69319676e-02 
 4.64158883e+00  3.53517945e+02  4.64158883e+00 -5.06759728e-02 
 5.01187234e+00  3.53517944e+02  5.01187234e+00 -5.47186566e-02 
 5.41169527e+00  3.53517942e+02  5.41169527e+00 -5.90838460e-02 
 5.84341413e+00  3.53517941e+02  5.84341413e+00 -6.37972692e-02 
 6.30957344e+00  3.53517939e+02  6.30957344e+00 -6.88867063e-02 
 6.81292069e+00  3.53517936e+02  6.81292069e+00 -7.43821540e-02 
 7.35642254e+00  3.53517934e+02  7.35642254e+00 -8.03160018e-02 
 7.94328235e+00  3.53517931e+02  7.94328235e+00 -8.67232232e-02 
 8.57695899e+00  3.53517927e+02  8.57695899e+00 -9.36415814e-02 
 9.26118728e+00  3.53517923e+02  9.26118728e+00 -1.01111853e-01 
 1.00000000e+01  3.53517918e+02  1.00000000e+01 -1.09178066e-01 
 1.07977516e+01  3.53517913e+02  1.07977516e+01 -1.17887762e-01 
 1.16591440e+01  3.53517906e+02  1.16591440e+01 -1.27292275e-01 
 1.25892541e+01  3.53517899e+02  1.25892541e+01 -1.37447034e-01 
 1.35935639e+01  3.53517890e+02  1.35935639e+01 -1.48411889e-01 
 1.46779927e+01  3.53517879e+02  1.46779927e+01 -1.60251467e-01 
 1.58489319e+01  3.53517867e+02  1.58489319e+01 -1.73035548e-01 
 1.71132830e+01  3.53517853e+02  1.71132830e+01 -1.86839479e-01 
 1.84784980e+01  3.53517837e+02  1.84784980e+01 -2.01744620e-01 
 1.99526231e+01  3.53517818e+02  1.99526231e+01 -2.17838818e-01 
 2.15443469e+01  3.53517796e+02  2.15443469e+01 -2.35216930e-01 
 2.32630507e+01  3.53517770e+02  2.32630507e+01 -2.53981380e-01 
 2.51188643e+01  3.53517739e+02  2.51188643e+01 -2.74242763e-01 
 2.71227258e+01  3.53517704e+02  2.71227258e+01 -2.96120494e-01 
 2.92864456e+01  3.53517663e+02  2.92864456e+01 -3.19743517e-01 
 3.16227766e+01  3.53517615e+02  3.16227766e+01 -3.45251062e-01 
 3.41454887e+01  3.53517559e+02  3.41454887e+01 -3.72793462e-01 
 3.68694506e+01  3.53517494e+02  3.68694506e+01 -4.02533047e-01 
 3.98107171e+01  3.53517418e+02  3.98107171e+01 -4.34645093e-01 
 4.29866235e+01  3.53517329e+02  4.29866235e+01 -4.69318858e-01 
 4.64158883e+01  3.53517226e+02  4.64158883e+01 -5.06758698e-01 
 5.01187234e+01  3.53517105e+02  5.01187234e+01 -5.47185269e-01 
 5.41169527e+01  3.53516965e+02  5.41169527e+01 -5.90836828e-01 
 5.84341413e+01  3.53516801e+02  5.84341413e+01 -6.37970636e-01 
 6.30957344e+01  3.53516610e+02  6.30957344e+01 -6.88864475e-01 
 6.81292069e+01  3.53516387e+02  6.81292069e+01 -7.43818282e-01 
 7.35642254e+01  3.53516128e+02  7.35642254e+01 -8.03155917e-01 
 7.94328235e+01  3.53515825e+02  7.94328235e+01 -8.67227068e-01 
 8.57695899e+01  3.53515472e+02  8.57695899e+01 -9.36409314e-01 
 9.26118728e+01  3.53515061e+02  9.26118728e+01 -1.01111034e+00 
 1.00000000e+02  3.53514581e+02  1.00000000e+02 -1.09177035e+00 
 1.07977516e+02  3.53514022e+02  1.07977516e+02 -1.17886465e+00 
 1.16591440e+02  3.53513370e+02  1.16591440e+02 -1.27290642e+00 
 1.25892541e+02  3.53512610e+02  1.25892541e+02 -1.37444978e+00 
 1.35935639e+02  3.53511724e+02  1.35935639e+02 -1.48409301e+00 
 1.46779927e+02  3.53510690e+02  1.46779927e+02 -1.60248209e+00 
 1.58489319e+02  3.53509485e+02  1.58489319e+02 -1.73031446e+00 
 1.71132830e+02  3.53508081e+02  1.71132830e+02 -1.86834316e+00 
 1.84784980e+02  3.53506443e+02  1.84784980e+02 -2.01738120e+00 
 1.99526231e+02  3.53504533e+02  1.99526231e+02 -2.17830635e+00 
 2.15443469e+02  3.53502307e+02  2.15443469e+02 -2.35206628e+00 
 2.32630507e+02  3.53499711e+02  2.32630507e+02 -2.53968411e+00 
 2.51188643e+02  3.53496685e+02  2.51188643e+02 -2.74226435e+00 
 2.71227258e+02  3.53493157e+02  2.71227258e+02 -2.96099939e+00 
 2.92864456e+02  3.53489044e+02  2.92864456e+02 -3.19717640e+00 
 3.16227766e+02  3.53484248e+02  3.16227766e+02 -3.45218484e+00 
 3.41454887e+02  3.53478656e+02  3.41454887e+02 -3.72752451e+00 
 3.68694506e+02  3.53472137e+02  3.68694506e+02 -4.02481417e+00 
 3.98107171e+02  3.53464537e+02  3.98107171e+02 -4.34580096e+00 
 4.29866235e+02  3.53455676e+02  4.29866235e+02 -4.69237034e+00 
 4.64158883e+02  3.53445346e+02  4.64158883e+02 -5.06655691e+00 
 5.01187234e+02  3.53433303e+02  5.01187234e+02 -5.47055596e+00 
 5.41169527e+02  3.53419262e+02  5.41169527e+02 -5.90673585e+00 
 5.84341413e+02  3.53402893e+02  5.84341413e+02 -6.37765136e+00 
 6.30957344e+02  3.53383811e+02  6.30957344e+02 -6.88605780e+00 
 6.81292069e+02  3.53361565e+02  6.81292069e+02 -7.43492625e+00 
 7.35642254e+02  3.53335631e+02  7.35642254e+02 -8.02745969e+00 
 7.94328235e+02  3.53305399e+02  7.94328235e+02 -8.66711019e+00 
 8.57695899e+02  3.53270159e+02  8.57695899e+02 -9.35759712e+00 
 9.26118728e+02  3.53229080e+02  9.26118728e+02 -1.01029264e+01 
 1.00000000e+03  3.53181197e+02  1.00000000e+03 -1.09074107e+01 
 1.07977516e+03  3.53125387e+02  1.07977516e+03 -1.17756906e+01 
 1.16591440e+03  3.53060339e+02  1.16591440e+03 -1.27127567e+01 
 1.25892541e+03  3.52984529e+02  1.25892541e+03 -1.37239723e+01 
 1.35935639e+03  3.52896182e+02  1.35935639e+03 -1.48150966e+01 
 1.46779927e+03  3.52793233e+02  1.46779927e+03 -1.59923081e+01 
 1.58489319e+03  3.52673278e+02  1.58489319e+03 -1.72622274e+01 
 1.71132830e+03  3.52533525e+02  1.71132830e+03 -1.86319405e+01 
 1.84784980e+03  3.52370724e+02  1.84784980e+03 -2.01090187e+01 
 1.99526231e+03  3.52181102e+02  1.99526231e+03 -2.17015380e+01 
 2.15443469e+03  3.51960276e+02  2.15443469e+03 -2.34180932e+01 
 2.32630507e+03  3.51703162e+02  2.32630507e+03 -2.52678089e+01 
 2.51188643e+03  3.51403862e+02  2.51188643e+03 -2.72603412e+01 
 2.71227258e+03  3.51055547e+02  2.71227258e+03 -2.94058719e+01 
 2.92864456e+03  3.50650311e+02  2.92864456e+03 -3.17150892e+01 
 3.16227766e+03  3.50179021e+02  3.16227766e+03 -3.41991526e+01 
 3.41454887e+03  3.49631133e+02  3.41454887e+03 -3.68696369e+01 
 3.68694506e+03  3.48994503e+02  3.68694506e+03 -3.97384502e+01 
 3.98107171e+03  3.48255166e+02  3.98107171e+03 -4.28177187e+01 
 4.29866235e+03  3.47397108e+02  4.29866235e+03 -4.61196305e+01 
 4.64158883e+03  3.46402007e+02  4.64158883e+03 -4.96562295e+01 
 5.01187234e+03  3.45248977e+02  5.01187234e+03 -5.34391476e+01 
 5.41169527e+03  3.43914294e+02  5.41169527e+03 -5.74792649e+01 
 5.84341413e+03  3.42371135e+02  5.84341413e+03 -6.17862825e+01 
 6.30957344e+03  3.40589332e+02  6.30957344e+03 -6.63681955e+01 
 6.81292069e+03  3.38535171e+02  6.81292069e+03 -7.12306534e+01 
 7.35642254e+03  3.36171253e+02  7.35642254e+03 -7.63761931e+01 
 7.94328235e+03  3.33456462e+02  7.94328235e+03 -8.18033396e+01 
 8.57695899e+03  3.30346076e+02  8.57695899e+03 -8.75055701e+01 
 9.26118728e+03  3.26792087e+02  9.26118728e+03 -9.34701512e+01 
 1.00000000e+04  3.22743767e+02  1.00000000e+04 -9.96768718e+01 
 1.07977516e+04  3.18148573e+02  1.07977516e+04 -1.06096715e+02 
 1.16591440e+04  3.12953438e+02  1.16591440e+04 -1.12690537e+02 
 1.25892541e+04  3.07106509e+02  1.25892541e+04 -1.19407859e+02 
 1.35935639e+04  3.00559375e+02  1.35935639e+04 -1.26185894e+02 
 1.46779927e+04  2.93269781e+02  1.46779927e+04 -1.32948987e+02 
 1.58489319e+04  2.85204772e+02  1.58489319e+04 -1.39608651e+02 
 1.71132830e+04  2.76344150e+02  1.71132830e+04 -1.46064404e+02 
 1.84784980e+04  2.66684031e+02  1.84784980e+04 -1.52205579e+02 
 1.99526231e+04  2.56240211e+02  1.99526231e+04 -1.57914242e+02 
 2.15443469e+04  2.45050963e+02  2.15443469e+04 -1.63069248e+02 
 2.32630507e+04  2.33178866e+02  2.32630507e+04 -1.67551321e+02 
 2.51188643e+04  2.20711257e+02  2.51188643e+04 -1.71248895e+02 
 2.71227258e+04  2.07759014e+02  2.71227258e+04 -1.74064283e+02 
 2.92864456e+04  1.94453505e+02  2.92864456e+04 -1.75919608e+02 
 3.16227766e+04  1.80941792e+02  3.16227766e+04 -1.76761870e+02 
 3.41454887e+04  1.67380388e+02  3.41454887e+04 -1.76566566e+02 
 3.68694506e+04  1.53928117e+02  3.68694506e+04 -1.75339401e+02 
 3.98107171e+04  1.40738746e+02  3.98107171e+04 -1.73115892e+02 
 4.29866235e+04  1.27954106e+02  4.29866235e+04 -1.69958893e+02 
 4.64158883e+04  1.15698344e+02  4.64158883e+04 -1.65954377e+02 
 5.01187234e+04  1.04073757e+02  5.01187234e+04 -1.61205962e+02 
 5.41169527e+04  9.31584314e+01  5.41169527e+04 -1.55828828e+02 
 5.84341413e+04  8.30056839e+01  5.84341413e+04 -1.49943604e+02 
 6.30957344e+04  7.36450712e+01  6.30957344e+04 -1.43670774e+02 
 6.81292069e+04  6.50846315e+01  6.81292069e+04 -1.37125957e+02 
 7.35642254e+04  5.73139426e+01  7.35642254e+04 -1.30416276e+02 
 7.94328235e+04  5.03075987e+01  7.94328235e+04 -1.23637867e+02 
 8.57695899e+04  4.40287598e+01  8.57695899e+04 -1.16874447e+02 
 9.26118728e+04  3.84325114e+01  9.26118728e+04 -1.10196808e+02 
 1.00000000e+05  3.34688583e+01  1.00000000e+05 -1.03663022e+02 
 1.07977516e+05  2.90852570e+01  1.07977516e+05 -9.73191811e+01 
 1.16591440e+05  2.52286580e+01  1.16591440e+05 -9.12004761e+01 
 1.25892541e+05  2.18470711e+01  1.25892541e+05 -8.53324598e+01 
 1.35935639e+05  1.88907033e+01  1.35935639e+05 -7.97323816e+01 
 1.46779927e+05  1.63127280e+01  1.46779927e+05 -7.44104988e+01 
 1.58489319e+05  1.40697538e+01  1.58489319e+05 -6.93713087e+01 
 1.71132830e+05  1.21220559e+01  1.71132830e+05 -6.46146654e+01 
 1.84784980e+05  1.04336288e+01  1.84784980e+05 -6.01367648e+01 
 1.99526231e+05  8.97211022e+00  1.99526231e+05 -5.59309938e+01 
 2.15443469e+05  7.70861529e+00  2.15443469e+05 -5.19886475e+01 
 2.32630507e+05  6.61751504e+00  2.32630507e+05 -4.82995260e+01 
 2.51188643e+05  5.67618270e+00  2.51188643e+05 -4.48524216e+01 
 2.71227258e+05  4.86472642e+00  2.71227258e+05 -4.16355119e+01 
 2.92864456e+05  4.16572156e+00  2.92864456e+05 -3.86366706e+01 
 3.16227766e+05  3.56395126e+00  3.16227766e+05 -3.58437116e+01 
 3.41454887e+05  3.04616139e+00  3.41454887e+05 -3.32445745e+01 
 3.68694506e+05  2.60083303e+00  3.68694506e+05 -3.08274643e+01 
 3.98107171e+05  2.21797426e+00  3.98107171e+05 -2.85809541e+01 
 4.29866235e+05  1.88893184e+00  4.29866235e+05 -2.64940556e+01 
 4.64158883e+05  1.60622224e+00  4.64158883e+05 -2.45562674e+01 
 5.01187234e+05  1.36338118e+00  5.01187234e+05 -2.27576033e+01 
 5.41169527e+05  1.15483048e+00  5.41169527e+05 -2.10886062e+01 
 5.84341413e+05  9.75760802e-01  5.84341413e+05 -1.95403510e+01 
 6.30957344e+05  8.22028751e-01  6.30957344e+05 -1.81044386e+01 
 6.81292069e+05  6.90066942e-01  6.81292069e+05 -1.67729842e+01 
 7.35642254e+05  5.76805605e-01  7.35642254e+05 -1.55386006e+01 
 7.94328235e+05  4.79604411e-01  7.94328235e+05 -1.43943787e+01 
 8.57695899e+05  3.96193308e-01  8.57695899e+05 -1.33338659e+01 
 9.26118728e+05  3.24621270e-01  9.26118728e+05 -1.23510433e+01 
 1.00000000e+06  2.63211960e-01  1.00000000e+06 -1.14403027e+01 
 1.07977516e+06  2.10525424e-01  1.07977516e+06 -1.05964227e+01 
 1.16591440e+06  1.65325034e-01  1.16591440e+06 -9.81454613e+00 
 1.25892541e+06  1.26548980e-01  1.25892541e+06 -9.09015717e+00 
 1.35935639e+06  9.32857096e-02  1.35935639e+06 -8.41905998e+00 
 1.46779927e+06  6.47527848e-02  1.46779927e+06 -7.79735768e+00 
 1.58489319e+06  4.02786804e-02  1.58489319e+06 -7.22143250e+00 
 1.71132830e+06  1.92871345e-02  1.71132830e+06 -6.68792696e+00 
 1.84784980e+06  1.28369177e-03  1.84784980e+06 -6.19372597e+00 
 1.99526231e+06 -1.41558602e-02  1.99526231e+06 -5.73594012e+00 
 2.15443469e+06 -2.73954262e-02  2.15443469e+06 -5.31188982e+00 
 2.32630507e+06 -3.87471352e-02  2.32630507e+06 -4.91909049e+00 
 2.51188643e+06 -4.84786667e-02  2.51188643e+06 -4.55523877e+00 
 2.71227258e+06 -5.68195381e-02  2.71227258e+06 -4.21819949e+00 
 2.92864456e+06 -6.39665004e-02  2.92864456e+06 -3.90599362e+00 
 3.16227766e+06 -7.00881667e-02  3.16227766e+06 -3.61678699e+00 
 3.41454887e+06 -7.53289809e-02  3.41454887e+06 -3.34887982e+00 
 3.68694506e+06 -7.98126192e-02  3.68694506e+06 -3.10069691e+00 
 3.98107171e+06 -8.36449046e-02  3.98107171e+06 -2.87077861e+00 
 4.29866235e+06 -8.69163019e-02  4.29866235e+06 -2.65777233e+00 
 4.64158883e+06 -8.97040517e-02  4.64158883e+06 -2.46042475e+00 
 5.01187234e+06 -9.20739946e-02  5.01187234e+06 -2.27757452e+00 
 5.41169527e+06 -9.40821274e-02  5.41169527e+06 -2.10814550e+00 
 5.84341413e+06 -9.57759288e-02  5.84341413e+06 -1.95114053e+00 
 6.30957344e+06 -9.71954869e-02  6.30957344e+06 -1.80563561e+00 
 6.81292069e+06 -9.83744542e-02  6.81292069e+06 -1.67077451e+00 
 7.35642254e+06 -9.93408549e-02  7.35642254e+06 -1.54576384e+00 
 7.94328235e+06 -1.00117763e-01  7.94328235e+06 -1.42986838e+00 
 8.57695899e+06 -1.00723871e-01  8.57695899e+06 -1.32240689e+00 
 9.26118728e+06 -1.01173961e-01  9.26118728e+06 -1.22274814e+00 
 1.00000000e+07 -1.01479298e-01  1.00000000e+07 -1.13030731e+00 
 1.07977516e+07 -1.01647945e-01  1.07977516e+07 -1.04454266e+00 
 1.16591440e+07 -1.01685037e-01  1.16591440e+07 -9.64952463e-01 
 1.25892541e+07 -1.01592986e-01  1.25892541e+07 -8.91072209e-01 
 1.35935639e+07 -1.01371678e-01  1.35935639e+07 -8.22472071e-01 
 1.46779927e+07 -1.01018623e-01  1.46779927e+07 -7.58754578e-01 
 1.58489319e+07 -1.00529119e-01  1.58489319e+07 -6.99552528e-01 
 1.71132830e+07 -9.98964142e-02  1.71132830e+07 -6.44527106e-01 
 1.84784980e+07 -9.91118923e-02  1.84784980e+07 -5.93366206e-01 
 1.99526231e+07 -9.81653127e-02  1.99526231e+07 -5.45782933e-01 
 2.15443469e+07 -9.70451113e-02  2.15443469e+07 -5.01514271e-01 
 2.32630507e+07 -9.57387929e-02  2.32630507e+07 -4.60319882e-01 
 2.51188643e+07 -9.42334335e-02  2.51188643e+07 -4.21981022e-01 
 2.71227258e+07 -9.25163089e-02  2.71227258e+07 -3.86299513e-01 
 2.92864456e+07 -9.05756599e-02  2.92864456e+07 -3.53096724e-01 
 3.16227766e+07 -8.84015901e-02  3.16227766e+07 -3.22212513e-01 
 3.41454887e+07 -8.59870731e-02  3.41454887e+07 -2.93504055e-01 
 3.68694506e+07 -8.33290281e-02  3.68694506e+07 -2.66844486e-01 
 3.98107171e+07 -8.04293899e-02  3.98107171e+07 -2.42121329e-01 
 4.29866235e+07 -7.72960806e-02  4.29866235e+07 -2.19234644e-01 
 4.64158883e+07 -7.39437675e-02  4.64158883e+07 -1.98094918e-01 
 5.01187234e+07 -7.03942859e-02  5.01187234e+07 -1.78620732e-01 
 5.41169527e+07 -6.66766171e-02  5.41169527e+07 -1.60736299e-01 
 5.84341413e+07 -6.28263470e-02  5.84341413e+07 -1.44369015e-01 
 6.30957344e+07 -5.88845819e-02  6.30957344e+07 -1.29447191e-01 
 6.81292069e+07 -5.48963719e-02  6.81292069e+07 -1.15898153e-01 
 7.35642254e+07 -5.09087577e-02  7.35642254e+07 -1.03646859e-01 
 7.94328235e+07 -4.69686201e-02  7.94328235e+07 -9.26151570e-02 
 8.57695899e+07 -4.31205389e-02  8.57695899e+07 -8.27216960e-02 
 9.26118728e+07 -3.94048690e-02  9.26118728e+07 -7.38824628e-02 
 1.00000000e+08 -3.58562059e-02  1.00000000e+08 -6.60118118e-02 
 1.07977516e+08 -3.25023498e-02  1.07977516e+08 -5.90238260e-02 
 1.16591440e+08 -2.93638104e-02  1.16591440e+08 -5.28338203e-02 
 1.25892541e+08 -2.64538235e-02  1.25892541e+08 -4.73598119e-02 
 1.35935639e+08 -2.37787981e-02  1.35935639e+08 -4.25238173e-02 
 1.46779927e+08 -2.13390829e-02  1.46779927e+08 -3.82528802e-02 
 1.58489319e+08 -1.91299294e-02  1.58489319e+08 -3.44797880e-02 
 1.71132830e+08 -1.71425388e-02  1.71132830e+08 -3.11434727e-02 
 1.84784980e+08 -1.53650991e-02  1.84784980e+08 -2.81891275e-02 
 1.99526231e+08 -1.37837437e-02  1.99526231e+08 -2.55680880e-02 
 2.15443469e+08 -1.23833887e-02  2.15443469e+08 -2.32375345e-02 
 2.32630507e+08 -1.11484297e-02  2.32630507e+08 -2.11600729e-02 
 2.51188643e+08 -1.00632926e-02  2.51188643e+08 -1.93032438e-02 
 2.71227258e+08 -9.11284877e-03  2.71227258e+08 -1.76390016e-02 
 2.92864456e+08 -8.28270979e-03  2.92864456e+08 -1.61431939e-02 
 3.16227766e+08 -7.55942036e-03  3.16227766e+08 -1.47950642e-02 
 3.41454887e+08 -6.93056944e-03  3.41454887e+08 -1.35767914e-02 
 3.68694506e+08 -6.38483791e-03  3.68694506e+08 -1.24730731e-02 
 3.98107171e+08 -5.91199896e-03  3.98107171e+08 -1.14707566e-02 
 4.29866235e+08 -5.50288495e-03  4.29866235e+08 -1.05585163e-02 
 4.64158883e+08 -5.14933179e-03  4.64158883e+08 -9.72657574e-03 
 5.01187234e+08 -4.84410943e-03  5.01187234e+08 -8.96646964e-03 
 5.41169527e+08 -4.58084517e-03  5.41169527e+08 -8.27084220e-03 
 5.84341413e+08 -4.35394446e-03  5.84341413e+08 -7.63327700e-03 
 6.30957344e+08 -4.15851257e-03  6.30957344e+08 -7.04815401e-03 
 6.81292069e+08 -3.99027948e-03  6.81292069e+08 -6.51053002e-03 
 7.35642254e+08 -3.84552937e-03  7.35642254e+08 -6.01603854e-03 
 7.94328235e+08 -3.72103549e-03  7.94328235e+08 -5.56080627e-03 
 8.57695899e+08 -3.61400087e-03  8.57695899e+08 -5.14138333e-03 
 9.26118728e+08 -3.52200476e-03  9.26118728e+08 -4.75468494e-03 
 1.00000000e+09 -3.44295474e-03  1.00000000e+09 -4.39794255e-03 
 1.07977516e+09 -3.37504420e-03  1.07977516e+09 -4.06866282e-03 
 1.16591440e+09 -3.31671473e-03  1.16591440e+09 -3.76459319e-03 
 1.25892541e+09 -3.26662307e-03  1.25892541e+09 -3.48369264e-03 
 1.35935639e+09 -3.22361220e-03  1.35935639e+09 -3.22410698e-03 
 1.46779927e+09 -3.18668601e-03  1.46779927e+09 -2.98414780e-03 
 1.58489319e+09 -3.15498737e-03  1.58489319e+09 -2.76227438e-03 
 1.71132830e+09 -3.12777901e-03  1.71132830e+09 -2.55707813e-03 
 1.84784980e+09 -3.10442698e-03  1.84784980e+09 -2.36726919e-03 
 1.99526231e+09 -3.08438633e-03  1.99526231e+09 -2.19166464e-03 
 2.15443469e+09 -3.06718873e-03  2.15443469e+09 -2.02917826e-03 
 2.32630507e+09 -3.05243180e-03  2.32630507e+09 -1.87881156e-03 
 2.51188643e+09 -3.03976987e-03  2.51188643e+09 -1.73964572e-03 
 2.71227258e+09 -3.02890607e-03  2.71227258e+09 -1.61083456e-03 
 2.92864456e+09 -3.01958545e-03  2.92864456e+09 -1.49159820e-03 
 3.16227766e+09 -3.01158912e-03  3.16227766e+09 -1.38121740e-03 
 3.41454887e+09 -3.00472916e-03  3.41454887e+09 -1.27902845e-03 
 3.68694506e+09 -2.99884425e-03  3.68694506e+09 -1.18441862e-03 
 3.98107171e+09 -2.99379593e-03  3.98107171e+09 -1.09682197e-03 
 4.29866235e+09 -2.98946538e-03  4.29866235e+09 -1.01571559e-03 
 4.64158883e+09 -2.98575061e-03  4.64158883e+09 -9.40616169e-04 
 5.01187234e+09 -2.98256413e-03  5.01187234e+09 -8.71076903e-04 
 5.41169527e+09 -2.97983083e-03  5.41169527e+09 -8.06684594e-04 
 5.84341413e+09 -2.97748631e-03  5.84341413e+09 -7.47057071e-04 
 6.30957344e+09 -2.97547528e-03  6.30957344e+09 -6.91840787e-04 
 6.81292069e+09 -2.97375032e-03  6.81292069e+09 -6.40708627e-04 
 7.35642254e+09 -2.97227076e-03  7.35642254e+09 -5.93357891e-04 
 7.94328235e+09 -2.97100169e-03  7.94328235e+09 -5.49508440e-04 
 8.57695899e+09 -2.96991317e-03  8.57695899e+09 -5.08900988e-04 
 9.26118728e+09 -2.96897952e-03  9.26118728e+09 -4.71295530e-04 
 1.00000000e+10 -2.96817871e-03  1.00000000e+10 -4.36469892e-04 
