 1.00000000e+00  2.83453795e+02  1.00000000e+00 -3.49037997e-03 
 1.07977516e+00  2.83453795e+02  1.07977516e+00 -3.76882559e-03 
 1.16591440e+00  2.83453795e+02  1.16591440e+00 -4.06948427e-03 
 1.25892541e+00  2.83453795e+02  1.25892541e+00 -4.39412803e-03 
 1.35935639e+00  2.83453795e+02  1.35935639e+00 -4.74467031e-03 
 1.46779927e+00  2.83453795e+02  1.46779927e+00 -5.12317716e-03 
 1.58489319e+00  2.83453795e+02  1.58489319e+00 -5.53187944e-03 
 1.71132830e+00  2.83453795e+02  1.71132830e+00 -5.97318602e-03 
 1.84784980e+00  2.83453795e+02  1.84784980e+00 -6.44969791e-03 
 1.99526231e+00  2.83453795e+02  1.99526231e+00 -6.96422361e-03 
 2.15443469e+00  2.83453795e+02  2.15443469e+00 -7.51979567e-03 
 2.32630507e+00  2.83453795e+02  2.32630507e+00 -8.11968859e-03 
 2.51188643e+00  2.83453795e+02  2.51188643e+00 -8.76743807e-03 
 2.71227258e+00  2.83453795e+02  2.71227258e+00 -9.46686186e-03 
 2.92864456e+00  2.83453795e+02  2.92864456e+00 -1.02220823e-02 
 3.16227766e+00  2.83453795e+02  3.16227766e+00 -1.10375506e-02 
 3.41454887e+00  2.83453795e+02  3.41454887e+00 -1.19180730e-02 
 3.68694506e+00  2.83453795e+02  3.68694506e+00 -1.28688392e-02 
 3.98107171e+00  2.83453795e+02  3.98107171e+00 -1.38954529e-02 
 4.29866235e+00  2.83453795e+02  4.29866235e+00 -1.50039649e-02 
 4.64158883e+00  2.83453795e+02  4.64158883e+00 -1.62009086e-02 
 5.01187234e+00  2.83453794e+02  5.01187234e+00 -1.74933387e-02 
 5.41169527e+00  2.83453794e+02  5.41169527e+00 -1.88888727e-02 
 5.84341413e+00  2.83453794e+02  5.84341413e+00 -2.03957355e-02 
 6.30957344e+00  2.83453794e+02  6.30957344e+00 -2.20228086e-02 
 6.81292069e+00  2.83453793e+02  6.81292069e+00 -2.37796817e-02 
 7.35642254e+00  2.83453793e+02  7.35642254e+00 -2.56767097e-02 
 7.94328235e+00  2.83453793e+02  7.94328235e+00 -2.77250733e-02 
 8.57695899e+00  2.83453792e+02  8.57695899e+00 -2.99368455e-02 
 9.26118728e+00  2.83453792e+02  9.26118728e+00 -3.23250621e-02 
 1.00000000e+01  2.83453791e+02  1.00000000e+01 -3.49037991e-02 
 1.07977516e+01  2.83453790e+02  1.07977516e+01 -3.76882553e-02 
 1.16591440e+01  2.83453790e+02  1.16591440e+01 -4.06948418e-02 
 1.25892541e+01  2.83453789e+02  1.25892541e+01 -4.39412793e-02 
 1.35935639e+01  2.83453788e+02  1.35935639e+01 -4.74467018e-02 
 1.46779927e+01  2.83453786e+02  1.46779927e+01 -5.12317699e-02 
 1.58489319e+01  2.83453785e+02  1.58489319e+01 -5.53187924e-02 
 1.71132830e+01  2.83453783e+02  1.71132830e+01 -5.97318576e-02 
 1.84784980e+01  2.83453781e+02  1.84784980e+01 -6.44969758e-02 
 1.99526231e+01  2.83453778e+02  1.99526231e+01 -6.96422319e-02 
 2.15443469e+01  2.83453776e+02  2.15443469e+01 -7.51979515e-02 
 2.32630507e+01  2.83453772e+02  2.32630507e+01 -8.11968793e-02 
 2.51188643e+01  2.83453768e+02  2.51188643e+01 -8.76743724e-02 
 2.71227258e+01  2.83453764e+02  2.71227258e+01 -9.46686082e-02 
 2.92864456e+01  2.83453759e+02  2.92864456e+01 -1.02220810e-01 
 3.16227766e+01  2.83453752e+02  3.16227766e+01 -1.10375489e-01 
 3.41454887e+01  2.83453745e+02  3.41454887e+01 -1.19180709e-01 
 3.68694506e+01  2.83453737e+02  3.68694506e+01 -1.28688365e-01 
 3.98107171e+01  2.83453727e+02  3.98107171e+01 -1.38954496e-01 
 4.29866235e+01  2.83453716e+02  4.29866235e+01 -1.50039607e-01 
 4.64158883e+01  2.83453703e+02  4.64158883e+01 -1.62009034e-01 
 5.01187234e+01  2.83453688e+02  5.01187234e+01 -1.74933321e-01 
 5.41169527e+01  2.83453670e+02  5.41169527e+01 -1.88888644e-01 
 5.84341413e+01  2.83453649e+02  5.84341413e+01 -2.03957251e-01 
 6.30957344e+01  2.83453624e+02  6.30957344e+01 -2.20227955e-01 
 6.81292069e+01  2.83453596e+02  6.81292069e+01 -2.37796652e-01 
 7.35642254e+01  2.83453563e+02  7.35642254e+01 -2.56766888e-01 
 7.94328235e+01  2.83453524e+02  7.94328235e+01 -2.77250471e-01 
 8.57695899e+01  2.83453479e+02  8.57695899e+01 -2.99368124e-01 
 9.26118728e+01  2.83453427e+02  9.26118728e+01 -3.23250205e-01 
 1.00000000e+02  2.83453366e+02  1.00000000e+02 -3.49037468e-01 
 1.07977516e+02  2.83453295e+02  1.07977516e+02 -3.76881894e-01 
 1.16591440e+02  2.83453211e+02  1.16591440e+02 -4.06947589e-01 
 1.25892541e+02  2.83453115e+02  1.25892541e+02 -4.39411748e-01 
 1.35935639e+02  2.83453002e+02  1.35935639e+02 -4.74465703e-01 
 1.46779927e+02  2.83452870e+02  1.46779927e+02 -5.12316043e-01 
 1.58489319e+02  2.83452716e+02  1.58489319e+02 -5.53185839e-01 
 1.71132830e+02  2.83452537e+02  1.71132830e+02 -5.97315952e-01 
 1.84784980e+02  2.83452328e+02  1.84784980e+02 -6.44966455e-01 
 1.99526231e+02  2.83452085e+02  1.99526231e+02 -6.96418161e-01 
 2.15443469e+02  2.83451801e+02  2.15443469e+02 -7.51974280e-01 
 2.32630507e+02  2.83451470e+02  2.32630507e+02 -8.11962203e-01 
 2.51188643e+02  2.83451085e+02  2.51188643e+02 -8.76735427e-01 
 2.71227258e+02  2.83450635e+02  2.71227258e+02 -9.46675636e-01 
 2.92864456e+02  2.83450111e+02  2.92864456e+02 -1.02219495e+00 
 3.16227766e+02  2.83449499e+02  3.16227766e+02 -1.10373834e+00 
 3.41454887e+02  2.83448786e+02  3.41454887e+02 -1.19178625e+00 
 3.68694506e+02  2.83447955e+02  3.68694506e+02 -1.28685742e+00 
 3.98107171e+02  2.83446987e+02  3.98107171e+02 -1.38951193e+00 
 4.29866235e+02  2.83445857e+02  4.29866235e+02 -1.50035449e+00 
 4.64158883e+02  2.83444540e+02  4.64158883e+02 -1.62003799e+00 
 5.01187234e+02  2.83443004e+02  5.01187234e+02 -1.74926731e+00 
 5.41169527e+02  2.83441214e+02  5.41169527e+02 -1.88880347e+00 
 5.84341413e+02  2.83439126e+02  5.84341413e+02 -2.03946805e+00 
 6.30957344e+02  2.83436693e+02  6.30957344e+02 -2.20214805e+00 
 6.81292069e+02  2.83433855e+02  6.81292069e+02 -2.37780097e+00 
 7.35642254e+02  2.83430547e+02  7.35642254e+02 -2.56746048e+00 
 7.94328235e+02  2.83426691e+02  7.94328235e+02 -2.77224235e+00 
 8.57695899e+02  2.83422194e+02  8.57695899e+02 -2.99335096e+00 
 9.26118728e+02  2.83416951e+02  9.26118728e+02 -3.23208625e+00 
 1.00000000e+03  2.83410839e+02  1.00000000e+03 -3.48985123e+00 
 1.07977516e+03  2.83403714e+02  1.07977516e+03 -3.76815997e+00 
 1.16591440e+03  2.83395406e+02  1.16591440e+03 -4.06864632e+00 
 1.25892541e+03  2.83385721e+02  1.25892541e+03 -4.39307316e+00 
 1.35935639e+03  2.83374429e+02  1.35935639e+03 -4.74334235e+00 
 1.46779927e+03  2.83361266e+02  1.46779927e+03 -5.12150543e+00 
 1.58489319e+03  2.83345920e+02  1.58489319e+03 -5.52977498e+00 
 1.71132830e+03  2.83328029e+02  1.71132830e+03 -5.97053683e+00 
 1.84784980e+03  2.83307174e+02  1.84784980e+03 -6.44636302e+00 
 1.99526231e+03  2.83282862e+02  1.99526231e+03 -6.96002559e+00 
 2.15443469e+03  2.83254521e+02  2.15443469e+03 -7.51451121e+00 
 2.32630507e+03  2.83221486e+02  2.32630507e+03 -8.11303663e+00 
 2.51188643e+03  2.83182979e+02  2.51188643e+03 -8.75906488e+00 
 2.71227258e+03  2.83138097e+02  2.71227258e+03 -9.45632231e+00 
 2.92864456e+03  2.83085786e+02  2.92864456e+03 -1.02088162e+01 
 3.16227766e+03  2.83024820e+02  3.16227766e+03 -1.10208532e+01 
 3.41454887e+03  2.82953773e+02  3.41454887e+03 -1.18970575e+01 
 3.68694506e+03  2.82870982e+02  3.68694506e+03 -1.28423900e+01 
 3.98107171e+03  2.82774517e+02  3.98107171e+03 -1.38621667e+01 
 4.29866235e+03  2.82662129e+02  4.29866235e+03 -1.49620767e+01 
 4.64158883e+03  2.82531208e+02  4.64158883e+03 -1.61481989e+01 
 5.01187234e+03  2.82378717e+02  5.01187234e+03 -1.74270169e+01 
 5.41169527e+03  2.82201135e+02  5.41169527e+03 -1.88054309e+01 
 5.84341413e+03  2.81994370e+02  5.84341413e+03 -2.02907656e+01 
 6.30957344e+03  2.81753682e+02  6.30957344e+03 -2.18907720e+01 
 6.81292069e+03  2.81473578e+02  6.81292069e+03 -2.36136227e+01 
 7.35642254e+03  2.81147703e+02  7.35642254e+03 -2.54678956e+01 
 7.94328235e+03  2.80768712e+02  7.94328235e+03 -2.74625462e+01 
 8.57695899e+03  2.80328129e+02  8.57695899e+03 -2.96068619e+01 
 9.26118728e+03  2.79816189e+02  9.26118728e+03 -3.19103958e+01 
 1.00000000e+04  2.79221665e+02  1.00000000e+04 -3.43828738e+01 
 1.07977516e+04  2.78531681e+02  1.07977516e+04 -3.70340691e+01 
 1.16591440e+04  2.77731511e+02  1.16591440e+04 -3.98736352e+01 
 1.25892541e+04  2.76804365e+02  1.25892541e+04 -4.29108912e+01 
 1.35935639e+04  2.75731174e+02  1.35935639e+04 -4.61545473e+01 
 1.46779927e+04  2.74490381e+02  1.46779927e+04 -4.96123610e+01 
 1.58489319e+04  2.73057743e+02  1.58489319e+04 -5.32907136e+01 
 1.71132830e+04  2.71406171e+02  1.71132830e+04 -5.71940942e+01 
 1.84784980e+04  2.69505617e+02  1.84784980e+04 -6.13244840e+01 
 1.99526231e+04  2.67323057e+02  1.99526231e+04 -6.56806321e+01 
 2.15443469e+04  2.64822578e+02  2.15443469e+04 -7.02572238e+01 
 2.32630507e+04  2.61965635e+02  2.32630507e+04 -7.50439453e+01 
 2.51188643e+04  2.58711516e+02  2.51188643e+04 -8.00244672e+01 
 2.71227258e+04  2.55018069e+02  2.71227258e+04 -8.51753784e+01 
 2.92864456e+04  2.50842744e+02  2.92864456e+04 -9.04651289e+01 
 3.16227766e+04  2.46143996e+02  3.16227766e+04 -9.58530612e+01 
 3.41454887e+04  2.40883076e+02  3.41454887e+04 -1.01288637e+02 
 3.68694506e+04  2.35026215e+02  3.68694506e+04 -1.06710995e+02 
 3.98107171e+04  2.28547154e+02  3.98107171e+04 -1.12048990e+02 
 4.29866235e+04  2.21429913e+02  4.29866235e+04 -1.17221877e+02 
 4.64158883e+04  2.13671653e+02  4.64158883e+04 -1.22140781e+02 
 5.01187234e+04  2.05285356e+02  5.01187234e+04 -1.26711051e+02 
 5.41169527e+04  1.96302070e+02  5.41169527e+04 -1.30835531e+02 
 5.84341413e+04  1.86772347e+02  5.84341413e+04 -1.34418646e+02 
 6.30957344e+04  1.76766591e+02  6.30957344e+04 -1.37371097e+02 
 6.81292069e+04  1.66374045e+02  6.81292069e+04 -1.39614805e+02 
 7.35642254e+04  1.55700330e+02  7.35642254e+04 -1.41087660e+02 
 7.94328235e+04  1.44863562e+02  7.94328235e+04 -1.41747570e+02 
 8.57695899e+04  1.33989336e+02  8.57695899e+04 -1.41575330e+02 
 9.26118728e+04  1.23204989e+02  9.26118728e+04 -1.40575974e+02 
 1.00000000e+05  1.12633692e+02  1.00000000e+05 -1.38778415e+02 
 1.07977516e+05  1.02388953e+02  1.07977516e+05 -1.36233438e+02 
 1.16591440e+05  9.25700205e+01  1.16591440e+05 -1.33010289e+02 
 1.25892541e+05  8.32585732e+01  1.25892541e+05 -1.29192281e+02 
 1.35935639e+05  7.45168564e+01  1.35935639e+05 -1.24871898e+02 
 1.46779927e+05  6.63872552e+01  1.46779927e+05 -1.20145910e+02 
 1.58489319e+05  5.88931284e+01  1.58489319e+05 -1.15110890e+02 
 1.71132830e+05  5.20406201e+01  1.71132830e+05 -1.09859447e+02 
 1.84784980e+05  4.58211216e+01  1.84784980e+05 -1.04477333e+02 
 1.99526231e+05  4.02140625e+01  1.99526231e+05 -9.90414585e+01 
 2.15443469e+05  3.51897559e+01  2.15443469e+05 -9.36187628e+01 
 2.32630507e+05  3.07120883e+01  2.32630507e+05 -8.82658178e+01 
 2.51188643e+05  2.67409131e+01  2.51188643e+05 -8.30290050e+01 
 2.71227258e+05  2.32340755e+01  2.71227258e+05 -7.79451129e+01 
 2.92864456e+05  2.01490410e+01  2.92864456e+05 -7.30422051e+01 
 3.16227766e+05  1.74441451e+01  3.16227766e+05 -6.83406377e+01 
 3.41454887e+05  1.50794994e+01  3.41454887e+05 -6.38541280e+01 
 3.68694506e+05  1.30176029e+01  3.68694506e+05 -5.95908058e+01 
 3.98107171e+05  1.12237148e+01  3.98107171e+05 -5.55541998e+01 
 4.29866235e+05  9.66603603e+00  4.29866235e+05 -5.17441309e+01 
 4.64158883e+05  8.31575007e+00  4.64158883e+05 -4.81575005e+01 
 5.01187234e+05  7.14695957e+00  5.01187234e+05 -4.47889691e+01 
 5.41169527e+05  6.13655291e+00  5.41169527e+05 -4.16315300e+01 
 5.84341413e+05  5.26402560e+00  5.84341413e+05 -3.86769852e+01 
 6.30957344e+05  4.51127665e+00  6.30957344e+05 -3.59163356e+01 
 6.81292069e+05  3.86239411e+00  6.81292069e+05 -3.33400940e+01 
 7.35642254e+05  3.30344047e+00  7.35642254e+05 -3.09385342e+01 
 7.94328235e+05  2.82224483e+00  7.94328235e+05 -2.87018846e+01 
 8.57695899e+05  2.40820658e+00  8.57695899e+05 -2.66204773e+01 
 9.26118728e+05  2.05211332e+00  9.26118728e+05 -2.46848587e+01 
 1.00000000e+06  1.74597412e+00  1.00000000e+06 -2.28858718e+01 
 1.07977516e+06  1.48286888e+00  1.07977516e+06 -2.12147121e+01 
 1.16591440e+06  1.25681303e+00  1.16591440e+06 -1.96629662e+01 
 1.25892541e+06  1.06263724e+00  1.25892541e+06 -1.82226340e+01 
 1.35935639e+06  8.95880834e-01  1.35935639e+06 -1.68861398e+01 
 1.46779927e+06  7.52698027e-01  1.46779927e+06 -1.56463344e+01 
 1.58489319e+06  6.29775597e-01  1.58489319e+06 -1.44964906e+01 
 1.71132830e+06  5.24260960e-01  1.71132830e+06 -1.34302929e+01 
 1.84784980e+06  4.33699471e-01  1.84784980e+06 -1.24418248e+01 
 1.99526231e+06  3.55979899e-01  1.99526231e+06 -1.15255527e+01 
 2.15443469e+06  2.89287113e-01  2.15443469e+06 -1.06763089e+01 
 2.32630507e+06  2.32061094e-01  2.32630507e+06 -9.88927311e+00 
 2.51188643e+06  1.82961483e-01  2.51188643e+06 -9.15995370e+00 
 2.71227258e+06  1.40836946e-01  2.71227258e+06 -8.48416914e+00 
 2.92864456e+06  1.04698743e-01  2.92864456e+06 -7.85802943e+00 
 3.16227766e+06  7.36979345e-02  3.16227766e+06 -7.27791812e+00 
 3.41454887e+06  4.71057404e-02  3.41454887e+06 -6.74047484e+00 
 3.68694506e+06  2.42966362e-02  3.68694506e+06 -6.24257869e+00 
 3.98107171e+06  4.73380239e-03  3.98107171e+06 -5.78133223e+00 
 4.29866235e+06 -1.20433874e-02  4.29866235e+06 -5.35404644e+00 
 4.64158883e+06 -2.64301231e-02  4.64158883e+06 -4.95822641e+00 
 5.01187234e+06 -3.87654004e-02  5.01187234e+06 -4.59155788e+00 
 5.41169527e+06 -4.93399611e-02  5.41169527e+06 -4.25189457e+00 
 5.84341413e+06 -5.84031093e-02  5.84341413e+06 -3.93724637e+00 
 6.30957344e+06 -6.61685639e-02  6.30957344e+06 -3.64576818e+00 
 6.81292069e+06 -7.28194787e-02  6.81292069e+06 -3.37574959e+00 
 7.35642254e+06 -7.85127493e-02  7.35642254e+06 -3.12560516e+00 
 7.94328235e+06 -8.33827039e-02  7.94328235e+06 -2.89386539e+00 
 8.57695899e+06 -8.75442667e-02  8.57695899e+06 -2.67916836e+00 
 9.26118728e+06 -9.10956656e-02  9.26118728e+06 -2.48025188e+00 
 1.00000000e+07 -9.41207490e-02  1.00000000e+07 -2.29594620e+00 
 1.07977516e+07 -9.66909645e-02  1.07977516e+07 -2.12516732e+00 
 1.16591440e+07 -9.88670492e-02  1.16591440e+07 -1.96691066e+00 
 1.25892541e+07 -1.00700467e-01  1.25892541e+07 -1.82024526e+00 
 1.35935639e+07 -1.02234634e-01  1.35935639e+07 -1.68430841e+00 
 1.46779927e+07 -1.03505952e-01  1.46779927e+07 -1.55830063e+00 
 1.58489319e+07 -1.04544687e-01  1.58489319e+07 -1.44148104e+00 
 1.71132830e+07 -1.05375704e-01  1.71132830e+07 -1.33316309e+00 
 1.84784980e+07 -1.06019085e-01  1.84784980e+07 -1.23271064e+00 
 1.99526231e+07 -1.06490648e-01  1.99526231e+07 -1.13953428e+00 
 2.15443469e+07 -1.06802365e-01  2.15443469e+07 -1.05308797e+00 
 2.32630507e+07 -1.06962727e-01  2.32630507e+07 -9.72865998e-01 
 2.51188643e+07 -1.06977034e-01  2.51188643e+07 -8.98400155e-01 
 2.71227258e+07 -1.06847647e-01  2.71227258e+07 -8.29257143e-01 
 2.92864456e+07 -1.06574203e-01  2.92864456e+07 -7.65036261e-01 
 3.16227766e+07 -1.06153824e-01  3.16227766e+07 -7.05367287e-01 
 3.41454887e+07 -1.05581313e-01  3.41454887e+07 -6.49908588e-01 
 3.68694506e+07 -1.04849381e-01  3.68694506e+07 -5.98345416e-01 
 3.98107171e+07 -1.03948909e-01  3.98107171e+07 -5.50388402e-01 
 4.29866235e+07 -1.02869266e-01  4.29866235e+07 -5.05772207e-01 
 4.64158883e+07 -1.01598725e-01  4.64158883e+07 -4.64254318e-01 
 5.01187234e+07 -1.00124972e-01  5.01187234e+07 -4.25613948e-01 
 5.41169527e+07 -9.84357446e-02  5.41169527e+07 -3.89651009e-01 
 5.84341413e+07 -9.65196075e-02  5.84341413e+07 -3.56185093e-01 
 6.30957344e+07 -9.43668531e-02  6.30957344e+07 -3.25054419e-01 
 6.81292069e+07 -9.19705205e-02  6.81292069e+07 -2.96114663e-01 
 7.35642254e+07 -8.93274804e-02  7.35642254e+07 -2.69237624e-01 
 7.94328235e+07 -8.64395228e-02  7.94328235e+07 -2.44309653e-01 
 8.57695899e+07 -8.33143519e-02  8.57695899e+07 -2.21229825e-01 
 9.26118728e+07 -7.99663733e-02  9.26118728e+07 -1.99907833e-01 
 1.00000000e+08 -7.64171543e-02  1.00000000e+08 -1.80261665e-01 
 1.07977516e+08 -7.26954426e-02  1.07977516e+08 -1.62215131e-01 
 1.16591440e+08 -6.88366662e-02  1.16591440e+08 -1.45695399e-01 
 1.25892541e+08 -6.48818875e-02  1.25892541e+08 -1.30630695e-01 
 1.35935639e+08 -6.08762538e-02  1.35935639e+08 -1.16948360e-01 
 1.46779927e+08 -5.68670595e-02  1.46779927e+08 -1.04573420e-01 
 1.58489319e+08 -5.29015926e-02  1.58489319e+08 -9.34277850e-02 
 1.71132830e+08 -4.90249759e-02  1.71132830e+08 -8.34301191e-02 
 1.84784980e+08 -4.52782104e-02  1.84784980e+08 -7.44963312e-02 
 1.99526231e+08 -4.16965986e-02  1.99526231e+08 -6.65405832e-02 
 2.15443469e+08 -3.83086648e-02  2.15443469e+08 -5.94766403e-02 
 2.32630507e+08 -3.51356166e-02  2.32630507e+08 -5.32193796e-02 
 2.51188643e+08 -3.21913264e-02  2.51188643e+08 -4.76862784e-02 
 2.71227258e+08 -2.94827528e-02  2.71227258e+08 -4.27987351e-02 
 2.92864456e+08 -2.70106924e-02  2.92864456e+08 -3.84831280e-02 
 3.16227766e+08 -2.47707389e-02  3.16227766e+08 -3.46715592e-02 
 3.41454887e+08 -2.27543339e-02  3.41454887e+08 -3.13022820e-02 
 3.68694506e+08 -2.09498142e-02  3.68694506e+08 -2.83198381e-02 
 3.98107171e+08 -1.93433838e-02  3.98107171e+08 -2.56749536e-02 
 4.29866235e+08 -1.79199675e-02  4.29866235e+08 -2.33242508e-02 
 4.64158883e+08 -1.66639214e-02  4.64158883e+08 -2.12298339e-02 
 5.01187234e+08 -1.55595979e-02  5.01187234e+08 -1.93587983e-02 
 5.41169527e+08 -1.45917729e-02  5.41169527e+08 -1.76827068e-02 
 5.84341413e+08 -1.37459487e-02  5.84341413e+08 -1.61770661e-02 
 6.30957344e+08 -1.30085544e-02  6.30957344e+08 -1.48208233e-02 
 6.81292069e+08 -1.23670618e-02  6.81292069e+08 -1.35959003e-02 
 7.35642254e+08 -1.18100364e-02  7.35642254e+08 -1.24867725e-02 
 7.94328235e+08 -1.13271394e-02  7.94328235e+08 -1.14800944e-02 
 8.57695899e+08 -1.09090960e-02  8.57695899e+08 -1.05643739e-02 
 9.26118728e+08 -1.05476405e-02  9.26118728e+08 -9.72969011e-03 
 1.00000000e+09 -1.02354467e-02  1.00000000e+09 -8.96745327e-03 
 1.07977516e+09 -9.96605137e-03  1.07977516e+09 -8.27020029e-03 
 1.16591440e+09 -9.73377542e-03  1.16591440e+09 -7.63142276e-03 
 1.25892541e+09 -9.53364514e-03  1.25892541e+09 -7.04542228e-03 
 1.35935639e+09 -9.36131728e-03  1.35935639e+09 -6.50718920e-03 
 1.46779927e+09 -9.21300843e-03  1.46779927e+09 -6.01230120e-03 
 1.58489319e+09 -9.08542980e-03  1.58489319e+09 -5.55683849e-03 
 1.71132830e+09 -8.97572779e-03  1.71132830e+09 -5.13731280e-03 
 1.84784980e+09 -8.88143031e-03  1.84784980e+09 -4.75060796e-03 
 1.99526231e+09 -8.80039866e-03  1.99526231e+09 -4.39393007e-03 
 2.15443469e+09 -8.73078477e-03  2.15443469e+09 -4.06476561e-03 
 2.32630507e+09 -8.67099333e-03  2.32630507e+09 -3.76084605e-03 
 2.51188643e+09 -8.61964840e-03  2.51188643e+09 -3.48011803e-03 
 2.71227258e+09 -8.57556423e-03  2.71227258e+09 -3.22071791e-03 
 2.92864456e+09 -8.53771954e-03  2.92864456e+09 -2.98095021e-03 
 3.16227766e+09 -8.50523531e-03  3.16227766e+09 -2.75926898e-03 
 3.41454887e+09 -8.47735528e-03  3.41454887e+09 -2.55426194e-03 
 3.68694506e+09 -8.45342909e-03  3.68694506e+09 -2.36463661e-03 
 3.98107171e+09 -8.43289766e-03  3.98107171e+09 -2.18920835e-03 
 4.29866235e+09 -8.41528054e-03  4.29866235e+09 -2.02688992e-03 
 4.64158883e+09 -8.40016496e-03  4.64158883e+09 -1.87668219e-03 
 5.01187234e+09 -8.38719638e-03  5.01187234e+09 -1.73766615e-03 
 5.41169527e+09 -8.37607032e-03  5.41169527e+09 -1.60899563e-03 
 5.84341413e+09 -8.36652537e-03  5.84341413e+09 -1.48989092e-03 
 6.30957344e+09 -8.35833711e-03  6.30957344e+09 -1.37963308e-03 
 6.81292069e+09 -8.35131288e-03  6.81292069e+09 -1.27755880e-03 
 7.35642254e+09 -8.34528737e-03  7.35642254e+09 -1.18305574e-03 
 7.94328235e+09 -8.34011867e-03  7.94328235e+09 -1.09555840e-03 
 8.57695899e+09 -8.33568502e-03  8.57695899e+09 -1.01454432e-03 
 9.26118728e+09 -8.33188196e-03  9.26118728e+09 -9.39530640e-04 
 1.00000000e+10 -8.32861983e-03  1.00000000e+10 -8.70070958e-04 
