 1.00000000e+00  3.32727852e+02  1.00000000e+00 -4.25670767e-03 
 1.07977516e+00  3.32727852e+02  1.07977516e+00 -4.59628722e-03 
 1.16591440e+00  3.32727852e+02  1.16591440e+00 -4.96295678e-03 
 1.25892541e+00  3.32727852e+02  1.25892541e+00 -5.35887746e-03 
 1.35935639e+00  3.32727852e+02  1.35935639e+00 -5.78638278e-03 
 1.46779927e+00  3.32727852e+02  1.46779927e+00 -6.24799241e-03 
 1.58489319e+00  3.32727852e+02  1.58489319e+00 -6.74642701e-03 
 1.71132830e+00  3.32727852e+02  1.71132830e+00 -7.28462432e-03 
 1.84784980e+00  3.32727852e+02  1.84784980e+00 -7.86575641e-03 
 1.99526231e+00  3.32727852e+02  1.99526231e+00 -8.49324840e-03 
 2.15443469e+00  3.32727852e+02  2.15443469e+00 -9.17079867e-03 
 2.32630507e+00  3.32727852e+02  2.32630507e+00 -9.90240062e-03 
 2.51188643e+00  3.32727852e+02  2.51188643e+00 -1.06923662e-02 
 2.71227258e+00  3.32727852e+02  2.71227258e+00 -1.15453515e-02 
 2.92864456e+00  3.32727852e+02  2.92864456e+00 -1.24663838e-02 
 3.16227766e+00  3.32727852e+02  3.16227766e+00 -1.34608916e-02 
 3.41454887e+00  3.32727852e+02  3.41454887e+00 -1.45347364e-02 
 3.68694506e+00  3.32727852e+02  3.68694506e+00 -1.56942473e-02 
 3.98107171e+00  3.32727851e+02  3.98107171e+00 -1.69462584e-02 
 4.29866235e+00  3.32727851e+02  4.29866235e+00 -1.82981489e-02 
 4.64158883e+00  3.32727851e+02  4.64158883e+00 -1.97578867e-02 
 5.01187234e+00  3.32727851e+02  5.01187234e+00 -2.13340754e-02 
 5.41169527e+00  3.32727851e+02  5.41169527e+00 -2.30360047e-02 
 5.84341413e+00  3.32727851e+02  5.84341413e+00 -2.48737057e-02 
 6.30957344e+00  3.32727850e+02  6.30957344e+00 -2.68580095e-02 
 6.81292069e+00  3.32727850e+02  6.81292069e+00 -2.90006116e-02 
 7.35642254e+00  3.32727849e+02  7.35642254e+00 -3.13141400e-02 
 7.94328235e+00  3.32727849e+02  7.94328235e+00 -3.38122306e-02 
 8.57695899e+00  3.32727848e+02  8.57695899e+00 -3.65096067e-02 
 9.26118728e+00  3.32727848e+02  9.26118728e+00 -3.94221664e-02 
 1.00000000e+01  3.32727847e+02  1.00000000e+01 -4.25670761e-02 
 1.07977516e+01  3.32727846e+02  1.07977516e+01 -4.59628713e-02 
 1.16591440e+01  3.32727845e+02  1.16591440e+01 -4.96295667e-02 
 1.25892541e+01  3.32727844e+02  1.25892541e+01 -5.35887732e-02 
 1.35935639e+01  3.32727842e+02  1.35935639e+01 -5.78638261e-02 
 1.46779927e+01  3.32727841e+02  1.46779927e+01 -6.24799219e-02 
 1.58489319e+01  3.32727839e+02  1.58489319e+01 -6.74642674e-02 
 1.71132830e+01  3.32727836e+02  1.71132830e+01 -7.28462398e-02 
 1.84784980e+01  3.32727834e+02  1.84784980e+01 -7.86575598e-02 
 1.99526231e+01  3.32727831e+02  1.99526231e+01 -8.49324786e-02 
 2.15443469e+01  3.32727827e+02  2.15443469e+01 -9.17079798e-02 
 2.32630507e+01  3.32727823e+02  2.32630507e+01 -9.90239976e-02 
 2.51188643e+01  3.32727818e+02  2.51188643e+01 -1.06923651e-01 
 2.71227258e+01  3.32727812e+02  2.71227258e+01 -1.15453501e-01 
 2.92864456e+01  3.32727806e+02  2.92864456e+01 -1.24663820e-01 
 3.16227766e+01  3.32727798e+02  3.16227766e+01 -1.34608894e-01 
 3.41454887e+01  3.32727789e+02  3.41454887e+01 -1.45347336e-01 
 3.68694506e+01  3.32727778e+02  3.68694506e+01 -1.56942439e-01 
 3.98107171e+01  3.32727766e+02  3.98107171e+01 -1.69462541e-01 
 4.29866235e+01  3.32727752e+02  4.29866235e+01 -1.82981435e-01 
 4.64158883e+01  3.32727735e+02  4.64158883e+01 -1.97578799e-01 
 5.01187234e+01  3.32727716e+02  5.01187234e+01 -2.13340667e-01 
 5.41169527e+01  3.32727693e+02  5.41169527e+01 -2.30359937e-01 
 5.84341413e+01  3.32727667e+02  5.84341413e+01 -2.48736919e-01 
 6.30957344e+01  3.32727636e+02  6.30957344e+01 -2.68579922e-01 
 6.81292069e+01  3.32727600e+02  6.81292069e+01 -2.90005898e-01 
 7.35642254e+01  3.32727558e+02  7.35642254e+01 -3.13141126e-01 
 7.94328235e+01  3.32727509e+02  7.94328235e+01 -3.38121961e-01 
 8.57695899e+01  3.32727452e+02  8.57695899e+01 -3.65095633e-01 
 9.26118728e+01  3.32727386e+02  9.26118728e+01 -3.94221117e-01 
 1.00000000e+02  3.32727308e+02  1.00000000e+02 -4.25670072e-01 
 1.07977516e+02  3.32727218e+02  1.07977516e+02 -4.59627847e-01 
 1.16591440e+02  3.32727113e+02  1.16591440e+02 -4.96294576e-01 
 1.25892541e+02  3.32726990e+02  1.25892541e+02 -5.35886359e-01 
 1.35935639e+02  3.32726847e+02  1.35935639e+02 -5.78636532e-01 
 1.46779927e+02  3.32726680e+02  1.46779927e+02 -6.24797042e-01 
 1.58489319e+02  3.32726486e+02  1.58489319e+02 -6.74639934e-01 
 1.71132830e+02  3.32726259e+02  1.71132830e+02 -7.28458948e-01 
 1.84784980e+02  3.32725995e+02  1.84784980e+02 -7.86571254e-01 
 1.99526231e+02  3.32725687e+02  1.99526231e+02 -8.49319318e-01 
 2.15443469e+02  3.32725327e+02  2.15443469e+02 -9.17072915e-01 
 2.32630507e+02  3.32724908e+02  2.32630507e+02 -9.90231310e-01 
 2.51188643e+02  3.32724420e+02  2.51188643e+02 -1.06922561e+00 
 2.71227258e+02  3.32723850e+02  2.71227258e+02 -1.15452128e+00 
 2.92864456e+02  3.32723186e+02  2.92864456e+02 -1.24662091e+00 
 3.16227766e+02  3.32722412e+02  3.16227766e+02 -1.34606717e+00 
 3.41454887e+02  3.32721510e+02  3.41454887e+02 -1.45344596e+00 
 3.68694506e+02  3.32720457e+02  3.68694506e+02 -1.56938989e+00 
 3.98107171e+02  3.32719230e+02  3.98107171e+02 -1.69458198e+00 
 4.29866235e+02  3.32717800e+02  4.29866235e+02 -1.82975967e+00 
 4.64158883e+02  3.32716132e+02  4.64158883e+02 -1.97571915e+00 
 5.01187234e+02  3.32714187e+02  5.01187234e+02 -2.13332001e+00 
 5.41169527e+02  3.32711920e+02  5.41169527e+02 -2.30349028e+00 
 5.84341413e+02  3.32709277e+02  5.84341413e+02 -2.48723186e+00 
 6.30957344e+02  3.32706195e+02  6.30957344e+02 -2.68562633e+00 
 6.81292069e+02  3.32702603e+02  6.81292069e+02 -2.89984132e+00 
 7.35642254e+02  3.32698414e+02  7.35642254e+02 -3.13113725e+00 
 7.94328235e+02  3.32693530e+02  7.94328235e+02 -3.38087465e+00 
 8.57695899e+02  3.32687836e+02  8.57695899e+02 -3.65052206e+00 
 9.26118728e+02  3.32681197e+02  9.26118728e+02 -3.94166448e+00 
 1.00000000e+03  3.32673458e+02  1.00000000e+03 -4.25601248e+00 
 1.07977516e+03  3.32664435e+02  1.07977516e+03 -4.59541205e+00 
 1.16591440e+03  3.32653915e+02  1.16591440e+03 -4.96185504e+00 
 1.25892541e+03  3.32641651e+02  1.25892541e+03 -5.35749051e+00 
 1.35935639e+03  3.32627354e+02  1.35935639e+03 -5.78463678e+00 
 1.46779927e+03  3.32610685e+02  1.46779927e+03 -6.24579444e+00 
 1.58489319e+03  3.32591254e+02  1.58489319e+03 -6.74366009e+00 
 1.71132830e+03  3.32568601e+02  1.71132830e+03 -7.28114122e+00 
 1.84784980e+03  3.32542193e+02  1.84784980e+03 -7.86137179e+00 
 1.99526231e+03  3.32511410e+02  1.99526231e+03 -8.48772900e+00 
 2.15443469e+03  3.32475526e+02  2.15443469e+03 -9.16385090e+00 
 2.32630507e+03  3.32433699e+02  2.32630507e+03 -9.89365500e+00 
 2.51188643e+03  3.32384945e+02  2.51188643e+03 -1.06813578e+01 
 2.71227258e+03  3.32328120e+02  2.71227258e+03 -1.15314950e+01 
 2.92864456e+03  3.32261891e+02  2.92864456e+03 -1.24489430e+01 
 3.16227766e+03  3.32184707e+02  3.16227766e+03 -1.34389400e+01 
 3.41454887e+03  3.32094763e+02  3.41454887e+03 -1.45071084e+01 
 3.68694506e+03  3.31989957e+02  3.68694506e+03 -1.56594768e+01 
 3.98107171e+03  3.31867846e+02  3.98107171e+03 -1.69025010e+01 
 4.29866235e+03  3.31725587e+02  4.29866235e+03 -1.82430852e+01 
 4.64158883e+03  3.31559880e+02  4.64158883e+03 -1.96886002e+01 
 5.01187234e+03  3.31366889e+02  5.01187234e+03 -2.12468995e+01 
 5.41169527e+03  3.31142160e+02  5.41169527e+03 -2.29263311e+01 
 5.84341413e+03  3.30880531e+02  5.84341413e+03 -2.47357438e+01 
 6.30957344e+03  3.30576014e+02  6.30957344e+03 -2.66844855e+01 
 6.81292069e+03  3.30221679e+02  6.81292069e+03 -2.87823917e+01 
 7.35642254e+03  3.29809512e+02  7.35642254e+03 -3.10397601e+01 
 7.94328235e+03  3.29330257e+02  7.94328235e+03 -3.34673081e+01 
 8.57695899e+03  3.28773240e+02  8.57695899e+03 -3.60761088e+01 
 9.26118728e+03  3.28126178e+02  9.26118728e+03 -3.88774978e+01 
 1.00000000e+04  3.27374964e+02  1.00000000e+04 -4.18829472e+01 
 1.07977516e+04  3.26503441e+02  1.07977516e+04 -4.51038946e+01 
 1.16591440e+04  3.25493154e+02  1.16591440e+04 -4.85515217e+01 
 1.25892541e+04  3.24323104e+02  1.25892541e+04 -5.22364687e+01 
 1.35935639e+04  3.22969491e+02  1.35935639e+04 -5.61684737e+01 
 1.46779927e+04  3.21405478e+02  1.46779927e+04 -6.03559247e+01 
 1.58489319e+04  3.19600972e+02  1.58489319e+04 -6.48053105e+01 
 1.71132830e+04  3.17522464e+02  1.71132830e+04 -6.95205586e+01 
 1.84784980e+04  3.15132945e+02  1.84784980e+04 -7.45022498e+01 
 1.99526231e+04  3.12391938e+02  1.99526231e+04 -7.97467061e+01 
 2.15443469e+04  3.09255698e+02  2.15443469e+04 -8.52449518e+01 
 2.32630507e+04  3.05677618e+02  2.32630507e+04 -9.09815647e+01 
 2.51188643e+04  3.01608924e+02  2.51188643e+04 -9.69334472e+01 
 2.71227258e+04  2.96999700e+02  2.71227258e+04 -1.03068569e+02 
 2.92864456e+04  2.91800311e+02  2.92864456e+04 -1.09344763e+02 
 3.16227766e+04  2.85963281e+02  3.16227766e+04 -1.15708682e+02 
 3.41454887e+04  2.79445615e+02  3.41454887e+04 -1.22095059e+02 
 3.68694506e+04  2.72211579e+02  3.68694506e+04 -1.28426444e+02 
 3.98107171e+04  2.64235829e+02  3.98107171e+04 -1.34613593e+02 
 4.29866235e+04  2.55506744e+02  4.29866235e+04 -1.40556712e+02 
 4.64158883e+04  2.46029725e+02  4.64158883e+04 -1.46147675e+02 
 5.01187234e+04  2.35830137e+02  5.01187234e+04 -1.51273326e+02 
 5.41169527e+04  2.24955533e+02  5.41169527e+04 -1.55819809e+02 
 5.84341413e+04  2.13476756e+02  5.84341413e+04 -1.59677760e+02 
 6.30957344e+04  2.01487595e+02  6.30957344e+04 -1.62748026e+02 
 6.81292069e+04  1.89102764e+02  6.81292069e+04 -1.64947432e+02 
 7.35642254e+04  1.76454172e+02  7.35642254e+04 -1.66214026e+02 
 7.94328235e+04  1.63685659e+02  7.94328235e+04 -1.66511224e+02 
 8.57695899e+04  1.50946615e+02  8.57695899e+04 -1.65830344e+02 
 9.26118728e+04  1.38385056e+02  9.26118728e+04 -1.64191217e+02 
 1.00000000e+05  1.26140845e+02  1.00000000e+05 -1.61640799e+02 
 1.07977516e+05  1.14339683e+02  1.07977516e+05 -1.58249947e+02 
 1.16591440e+05  1.03088411e+02  1.16591440e+05 -1.54108785e+02 
 1.25892541e+05  9.24719466e+01  1.25892541e+05 -1.49321176e+02 
 1.35935639e+05  8.25519333e+01  1.35935639e+05 -1.43998911e+02 
 1.46779927e+05  7.33670014e+01  1.46779927e+05 -1.38256148e+02 
 1.58489319e+05  6.49343570e+01  1.58489319e+05 -1.32204525e+02 
 1.71132830e+05  5.72523323e+01  1.71132830e+05 -1.25949228e+02 
 1.84784980e+05  5.03035112e+01  1.84784980e+05 -1.19586112e+02 
 1.99526231e+05  4.40580752e+01  1.99526231e+05 -1.13199882e+02 
 2.15443469e+05  3.84770812e+01  2.15443469e+05 -1.06863206e+02 
 2.32630507e+05  3.35154654e+01  2.32630507e+05 -1.00636602e+02 
 2.51188643e+05  2.91246501e+01  2.51188643e+05 -9.45689154e+01 
 2.71227258e+05  2.52546933e+01  2.71227258e+05 -8.86981923e+01 
 2.92864456e+05  2.18559804e+01  2.92864456e+05 -8.30528026e+01 
 3.16227766e+05  1.88804868e+01  3.16227766e+05 -7.76526767e+01 
 3.41454887e+05  1.62826652e+01  3.41454887e+05 -7.25105591e+01 
 3.68694506e+05  1.40200183e+01  3.68694506e+05 -6.76332110e+01 
 3.98107171e+05  1.20534194e+01  3.98107171e+05 -6.30225184e+01 
 4.29866235e+05  1.03472384e+01  4.29866235e+05 -5.86764823e+01 
 4.64158883e+05  8.86932463e+00  4.64158883e+05 -5.45900806e+01 
 5.01187234e+05  7.59088728e+00  5.01187234e+05 -5.07560043e+01 
 5.41169527e+05  6.48630993e+00  5.41169527e+05 -4.71652735e+01 
 5.84341413e+05  5.53292363e+00  5.84341413e+05 -4.38077458e+01 
 6.30957344e+05  4.71075975e+00  6.30957344e+05 -4.06725278e+01 
 6.81292069e+05  4.00229672e+00  6.81292069e+05 -3.77483052e+01 
 7.35642254e+05  3.39221103e+00  7.35642254e+05 -3.50236013e+01 
 7.94328235e+05  2.86713930e+00  7.94328235e+05 -3.24869779e+01 
 8.57695899e+05  2.41545552e+00  8.57695899e+05 -3.01271872e+01 
 9.26118728e+05  2.02706595e+00  9.26118728e+05 -2.79332840e+01 
 1.00000000e+06  1.69322256e+00  1.00000000e+06 -2.58947067e+01 
 1.07977516e+06  1.40635500e+00  1.07977516e+06 -2.40013324e+01 
 1.16591440e+06  1.15992048e+00  1.16591440e+06 -2.22435120e+01 
 1.25892541e+06  9.48270522e-01  1.25892541e+06 -2.06120895e+01 
 1.35935639e+06  7.66533368e-01  1.35935639e+06 -1.90984097e+01 
 1.46779927e+06  6.10510579e-01  1.46779927e+06 -1.76943161e+01 
 1.58489319e+06  4.76586546e-01  1.58489319e+06 -1.63921423e+01 
 1.71132830e+06  3.61649493e-01  1.71132830e+06 -1.51846985e+01 
 1.84784980e+06  2.63022708e-01  1.84784980e+06 -1.40652542e+01 
 1.99526231e+06  1.78404823e-01  1.99526231e+06 -1.30275188e+01 
 2.15443469e+06  1.05818036e-01  2.15443469e+06 -1.20656204e+01 
 2.32630507e+06  4.35633082e-02  2.32630507e+06 -1.11740842e+01 
 2.51188643e+06 -9.81836626e-03  2.51188643e+06 -1.03478104e+01 
 2.71227258e+06 -5.55793781e-02  2.71227258e+06 -9.58205219e+00 
 2.92864456e+06 -9.47943217e-02  2.92864456e+06 -8.87239451e+00 
 3.16227766e+06 -1.28384814e-01  3.16227766e+06 -8.21473295e+00 
 3.41454887e+06 -1.57140853e-01  3.41454887e+06 -7.60525384e+00 
 3.68694506e+06 -1.81739174e-01  3.68694506e+06 -7.04041506e+00 
 3.98107171e+06 -2.02759022e-01  3.98107171e+06 -6.51692782e+00 
 4.29866235e+06 -2.20695681e-01  4.29866235e+06 -6.03173936e+00 
 4.64158883e+06 -2.35972071e-01  4.64158883e+06 -5.58201675e+00 
 5.01187234e+06 -2.48948680e-01  5.01187234e+06 -5.16513158e+00 
 5.41169527e+06 -2.59932057e-01  5.41169527e+06 -4.77864560e+00 
 5.84341413e+06 -2.69182054e-01  5.84341413e+06 -4.42029740e+00 
 6.30957344e+06 -2.76918019e-01  6.30957344e+06 -4.08798987e+00 
 6.81292069e+06 -2.83324046e-01  6.81292069e+06 -3.77977866e+00 
 7.35642254e+06 -2.88553455e-01  7.35642254e+06 -3.49386140e+00 
 7.94328235e+06 -2.92732585e-01  7.94328235e+06 -3.22856776e+00 
 8.57695899e+06 -2.95964021e-01  8.57695899e+06 -2.98235030e+00 
 9.26118728e+06 -2.98329342e-01  9.26118728e+06 -2.75377610e+00 
 1.00000000e+07 -2.99891477e-01  1.00000000e+07 -2.54151905e+00 
 1.07977516e+07 -3.00696757e-01  1.07977516e+07 -2.34435287e+00 
 1.16591440e+07 -3.00776733e-01  1.16591440e+07 -2.16114485e+00 
 1.25892541e+07 -3.00149858e-01  1.25892541e+07 -1.99085010e+00 
 1.35935639e+07 -2.98823106e-01  1.35935639e+07 -1.83250655e+00 
 1.46779927e+07 -2.96793622e-01  1.46779927e+07 -1.68523035e+00 
 1.58489319e+07 -2.94050480e-01  1.58489319e+07 -1.54821184e+00 
 1.71132830e+07 -2.90576648e-01  1.71132830e+07 -1.42071192e+00 
 1.84784980e+07 -2.86351228e-01  1.84784980e+07 -1.30205861e+00 
 1.99526231e+07 -2.81352025e-01  1.99526231e+07 -1.19164389e+00 
 2.15443469e+07 -2.75558479e-01  2.15443469e+07 -1.08892037e+00 
 2.32630507e+07 -2.68954940e-01  2.32630507e+07 -9.93397878e-01 
 2.51188643e+07 -2.61534187e-01  2.51188643e+07 -9.04639520e-01 
 2.71227258e+07 -2.53301054e-01  2.71227258e+07 -8.22257182e-01 
 2.92864456e+07 -2.44275896e-01  2.92864456e+07 -7.45906251e-01 
 3.16227766e+07 -2.34497593e-01  3.16227766e+07 -6.75279499e-01 
 3.41454887e+07 -2.24025723e-01  3.41454887e+07 -6.10100183e-01 
 3.68694506e+07 -2.12941533e-01  3.68694506e+07 -5.50114537e-01 
 3.98107171e+07 -2.01347400e-01  3.98107171e+07 -4.95084024e-01 
 4.29866235e+07 -1.89364614e-01  4.29866235e+07 -4.44777806e-01 
 4.64158883e+07 -1.77129484e-01  4.64158883e+07 -3.98966012e-01 
 5.01187234e+07 -1.64788010e-01  5.01187234e+07 -3.57414332e-01 
 5.41169527e+07 -1.52489560e-01  5.41169527e+07 -3.19880398e-01 
 5.84341413e+07 -1.40380163e-01  5.84341413e+07 -2.86112191e-01 
 6.30957344e+07 -1.28596063e-01  6.30957344e+07 -2.55848504e-01 
 6.81292069e+07 -1.17258165e-01  6.81292069e+07 -2.28821204e-01 
 7.35642254e+07 -1.06467840e-01  7.35642254e+07 -2.04758872e-01 
 7.94328235e+07 -9.63043537e-02  7.94328235e+07 -1.83391246e-01 
 8.57695899e+07 -8.68239592e-02  8.57695899e+07 -1.64453907e-01 
 9.26118728e+07 -7.80605079e-02  9.26118728e+07 -1.47692685e-01 
 1.00000000e+08 -7.00272734e-02  1.00000000e+08 -1.32867385e-01 
 1.07977516e+08 -6.27196263e-02  1.07977516e+08 -1.19754630e-01 
 1.16591440e+08 -5.61181830e-02  1.16591440e+08 -1.08149698e-01 
 1.25892541e+08 -5.01920962e-02  1.25892541e+08 -9.78674135e-02 
 1.35935639e+08 -4.49022234e-02  1.35935639e+08 -8.87422068e-02 
 1.46779927e+08 -4.02039927e-02  1.46779927e+08 -8.06275003e-02 
 1.58489319e+08 -3.60498580e-02  1.58489319e+08 -7.33946115e-02 
 1.71132830e+08 -3.23913053e-02  1.71132830e+08 -6.69313357e-02 
 1.84784980e+08 -2.91804117e-02  1.84784980e+08 -6.11403604e-02 
 1.99526231e+08 -2.63709966e-02  1.99526231e+08 -5.59376238e-02 
 2.15443469e+08 -2.39194184e-02  2.15443469e+08 -5.12507063e-02 
 2.32630507e+08 -2.17850765e-02  2.32630507e+08 -4.70173124e-02 
 2.51188643e+08 -1.99306808e-02  2.51188643e+08 -4.31838783e-02 
 2.71227258e+08 -1.83223419e-02  2.71227258e+08 -3.97043228e-02 
 2.92864456e+08 -1.69295316e-02  2.92864456e+08 -3.65389458e-02 
 3.16227766e+08 -1.57249512e-02  3.16227766e+08 -3.36534717e-02 
 3.41454887e+08 -1.46843415e-02  3.41454887e+08 -3.10182254e-02 
 3.68694506e+08 -1.37862572e-02  3.68694506e+08 -2.86074305e-02 
 3.98107171e+08 -1.30118247e-02  3.98107171e+08 -2.63986150e-02 
 4.29866235e+08 -1.23444965e-02  4.29866235e+08 -2.43721097e-02 
 4.64158883e+08 -1.17698116e-02  4.64158883e+08 -2.25106281e-02 
 5.01187234e+08 -1.12751666e-02  5.01187234e+08 -2.07989136e-02 
 5.41169527e+08 -1.08496032e-02  5.41169527e+08 -1.92234452e-02 
 5.84341413e+08 -1.04836124e-02  5.84341413e+08 -1.77721905e-02 
 6.30957344e+08 -1.01689567e-02  6.30957344e+08 -1.64344001e-02 
 6.81292069e+08 -9.89851085e-03  6.81292069e+08 -1.52004343e-02 
 7.35642254e+08 -9.66611875e-03  7.35642254e+08 -1.40616186e-02 
 7.94328235e+08 -9.46646729e-03  7.94328235e+08 -1.30101215e-02 
 8.57695899e+08 -9.29497479e-03  8.57695899e+08 -1.20388517e-02 
 9.26118728e+08 -9.14769310e-03  9.26118728e+08 -1.11413707e-02 
 1.00000000e+09 -9.02122209e-03  1.00000000e+09 -1.03118184e-02 
 1.07977516e+09 -8.91263494e-03  1.07977516e+09 -9.54484992e-03 
 1.16591440e+09 -8.81941333e-03  1.16591440e+09 -8.83558091e-03 
 1.25892541e+09 -8.73939117e-03  1.25892541e+09 -8.17954007e-03 
 1.35935639e+09 -8.67070588e-03  1.35935639e+09 -7.57262830e-03 
 1.46779927e+09 -8.61175629e-03  1.46779927e+09 -7.01108279e-03 
 1.58489319e+09 -8.56116626e-03  1.58489319e+09 -6.49144543e-03 
 1.71132830e+09 -8.51775329e-03  1.71132830e+09 -6.01053500e-03 
 1.84784980e+09 -8.48050149e-03  1.84784980e+09 -5.56542238e-03 
 1.99526231e+09 -8.44853821e-03  1.99526231e+09 -5.15340855e-03 
 2.15443469e+09 -8.42111401e-03  2.15443469e+09 -4.77200483e-03 
 2.32630507e+09 -8.39758532e-03  2.32630507e+09 -4.41891515e-03 
 2.51188643e+09 -8.37739958e-03  2.51188643e+09 -4.09202007e-03 
 2.71227258e+09 -8.36008241e-03  2.71227258e+09 -3.78936231e-03 
 2.92864456e+09 -8.34522661e-03  2.92864456e+09 -3.50913368e-03 
 3.16227766e+09 -8.33248267e-03  3.16227766e+09 -3.24966311e-03 
 3.41454887e+09 -8.32155062e-03  3.41454887e+09 -3.00940585e-03 
 3.68694506e+09 -8.31217305e-03  3.68694506e+09 -2.78693355e-03 
 3.98107171e+09 -8.30412905e-03  3.98107171e+09 -2.58092518e-03 
 4.29866235e+09 -8.29722909e-03  4.29866235e+09 -2.39015876e-03 
 4.64158883e+09 -8.29131053e-03  4.64158883e+09 -2.21350372e-03 
 5.01187234e+09 -8.28623385e-03  5.01187234e+09 -2.04991395e-03 
 5.41169527e+09 -8.28187933e-03  5.41169527e+09 -1.89842134e-03 
 5.84341413e+09 -8.27814428e-03  5.84341413e+09 -1.75812990e-03 
 6.30957344e+09 -8.27494060e-03  6.30957344e+09 -1.62821029e-03 
 6.81292069e+09 -8.27219271e-03  6.81292069e+09 -1.50789479e-03 
 7.35642254e+09 -8.26983578e-03  7.35642254e+09 -1.39647273e-03 
 7.94328235e+09 -8.26781419e-03  7.94328235e+09 -1.29328613e-03 
 8.57695899e+09 -8.26608024e-03  8.57695899e+09 -1.19772586e-03 
 9.26118728e+09 -8.26459300e-03  9.26118728e+09 -1.10922788e-03 
 1.00000000e+10 -8.26331738e-03  1.00000000e+10 -1.02726999e-03 
