 1.00000000e+00  3.35777622e+02  1.00000000e+00 -3.97753270e-03 
 1.07977516e+00  3.35777622e+02  1.07977516e+00 -4.29484101e-03 
 1.16591440e+00  3.35777622e+02  1.16591440e+00 -4.63746265e-03 
 1.25892541e+00  3.35777622e+02  1.25892541e+00 -5.00741699e-03 
 1.35935639e+00  3.35777622e+02  1.35935639e+00 -5.40688449e-03 
 1.46779927e+00  3.35777622e+02  1.46779927e+00 -5.83821958e-03 
 1.58489319e+00  3.35777622e+02  1.58489319e+00 -6.30396449e-03 
 1.71132830e+00  3.35777622e+02  1.71132830e+00 -6.80686428e-03 
 1.84784980e+00  3.35777622e+02  1.84784980e+00 -7.34988299e-03 
 1.99526231e+00  3.35777622e+02  1.99526231e+00 -7.93622109e-03 
 2.15443469e+00  3.35777622e+02  2.15443469e+00 -8.56933442e-03 
 2.32630507e+00  3.35777622e+02  2.32630507e+00 -9.25295446e-03 
 2.51188643e+00  3.35777622e+02  2.51188643e+00 -9.99111041e-03 
 2.71227258e+00  3.35777622e+02  2.71227258e+00 -1.07881529e-02 
 2.92864456e+00  3.35777622e+02  2.92864456e+00 -1.16487795e-02 
 3.16227766e+00  3.35777622e+02  3.16227766e+00 -1.25780628e-02 
 3.41454887e+00  3.35777622e+02  3.41454887e+00 -1.35814798e-02 
 3.68694506e+00  3.35777622e+02  3.68694506e+00 -1.46649445e-02 
 3.98107171e+00  3.35777621e+02  3.98107171e+00 -1.58348428e-02 
 4.29866235e+00  3.35777621e+02  4.29866235e+00 -1.70980700e-02 
 4.64158883e+00  3.35777621e+02  4.64158883e+00 -1.84620713e-02 
 5.01187234e+00  3.35777621e+02  5.01187234e+00 -1.99348860e-02 
 5.41169527e+00  3.35777621e+02  5.41169527e+00 -2.15251948e-02 
 5.84341413e+00  3.35777621e+02  5.84341413e+00 -2.32423707e-02 
 6.30957344e+00  3.35777620e+02  6.30957344e+00 -2.50965345e-02 
 6.81292069e+00  3.35777620e+02  6.81292069e+00 -2.70986146e-02 
 7.35642254e+00  3.35777620e+02  7.35642254e+00 -2.92604110e-02 
 7.94328235e+00  3.35777619e+02  7.94328235e+00 -3.15946650e-02 
 8.57695899e+00  3.35777619e+02  8.57695899e+00 -3.41151345e-02 
 9.26118728e+00  3.35777618e+02  9.26118728e+00 -3.68366748e-02 
 1.00000000e+01  3.35777618e+02  1.00000000e+01 -3.97753264e-02 
 1.07977516e+01  3.35777617e+02  1.07977516e+01 -4.29484094e-02 
 1.16591440e+01  3.35777616e+02  1.16591440e+01 -4.63746257e-02 
 1.25892541e+01  3.35777615e+02  1.25892541e+01 -5.00741688e-02 
 1.35935639e+01  3.35777614e+02  1.35935639e+01 -5.40688435e-02 
 1.46779927e+01  3.35777612e+02  1.46779927e+01 -5.83821941e-02 
 1.58489319e+01  3.35777610e+02  1.58489319e+01 -6.30396427e-02 
 1.71132830e+01  3.35777608e+02  1.71132830e+01 -6.80686401e-02 
 1.84784980e+01  3.35777606e+02  1.84784980e+01 -7.34988264e-02 
 1.99526231e+01  3.35777603e+02  1.99526231e+01 -7.93622066e-02 
 2.15443469e+01  3.35777600e+02  2.15443469e+01 -8.56933387e-02 
 2.32630507e+01  3.35777597e+02  2.32630507e+01 -9.25295377e-02 
 2.51188643e+01  3.35777593e+02  2.51188643e+01 -9.99110953e-02 
 2.71227258e+01  3.35777588e+02  2.71227258e+01 -1.07881518e-01 
 2.92864456e+01  3.35777582e+02  2.92864456e+01 -1.16487781e-01 
 3.16227766e+01  3.35777575e+02  3.16227766e+01 -1.25780610e-01 
 3.41454887e+01  3.35777567e+02  3.41454887e+01 -1.35814776e-01 
 3.68694506e+01  3.35777558e+02  3.68694506e+01 -1.46649418e-01 
 3.98107171e+01  3.35777548e+02  3.98107171e+01 -1.58348394e-01 
 4.29866235e+01  3.35777535e+02  4.29866235e+01 -1.70980656e-01 
 4.64158883e+01  3.35777521e+02  4.64158883e+01 -1.84620658e-01 
 5.01187234e+01  3.35777504e+02  5.01187234e+01 -1.99348791e-01 
 5.41169527e+01  3.35777484e+02  5.41169527e+01 -2.15251860e-01 
 5.84341413e+01  3.35777461e+02  5.84341413e+01 -2.32423597e-01 
 6.30957344e+01  3.35777435e+02  6.30957344e+01 -2.50965207e-01 
 6.81292069e+01  3.35777404e+02  6.81292069e+01 -2.70985972e-01 
 7.35642254e+01  3.35777367e+02  7.35642254e+01 -2.92603890e-01 
 7.94328235e+01  3.35777325e+02  7.94328235e+01 -3.15946373e-01 
 8.57695899e+01  3.35777276e+02  8.57695899e+01 -3.41150997e-01 
 9.26118728e+01  3.35777218e+02  9.26118728e+01 -3.68366310e-01 
 1.00000000e+02  3.35777151e+02  1.00000000e+02 -3.97752713e-01 
 1.07977516e+02  3.35777073e+02  1.07977516e+02 -4.29483400e-01 
 1.16591440e+02  3.35776982e+02  1.16591440e+02 -4.63745382e-01 
 1.25892541e+02  3.35776876e+02  1.25892541e+02 -5.00740587e-01 
 1.35935639e+02  3.35776752e+02  1.35935639e+02 -5.40687050e-01 
 1.46779927e+02  3.35776608e+02  1.46779927e+02 -5.83820196e-01 
 1.58489319e+02  3.35776440e+02  1.58489319e+02 -6.30394231e-01 
 1.71132830e+02  3.35776244e+02  1.71132830e+02 -6.80683636e-01 
 1.84784980e+02  3.35776015e+02  1.84784980e+02 -7.34984783e-01 
 1.99526231e+02  3.35775748e+02  1.99526231e+02 -7.93617684e-01 
 2.15443469e+02  3.35775437e+02  2.15443469e+02 -8.56927871e-01 
 2.32630507e+02  3.35775075e+02  2.32630507e+02 -9.25288433e-01 
 2.51188643e+02  3.35774652e+02  2.51188643e+02 -9.99102211e-01 
 2.71227258e+02  3.35774159e+02  2.71227258e+02 -1.07880417e+00 
 2.92864456e+02  3.35773585e+02  2.92864456e+02 -1.16486396e+00 
 3.16227766e+02  3.35772915e+02  3.16227766e+02 -1.25778866e+00 
 3.41454887e+02  3.35772134e+02  3.41454887e+02 -1.35812580e+00 
 3.68694506e+02  3.35771223e+02  3.68694506e+02 -1.46646653e+00 
 3.98107171e+02  3.35770161e+02  3.98107171e+02 -1.58344913e+00 
 4.29866235e+02  3.35768923e+02  4.29866235e+02 -1.70976275e+00 
 4.64158883e+02  3.35767480e+02  4.64158883e+02 -1.84615142e+00 
 5.01187234e+02  3.35765798e+02  5.01187234e+02 -1.99341847e+00 
 5.41169527e+02  3.35763836e+02  5.41169527e+02 -2.15243118e+00 
 5.84341413e+02  3.35761548e+02  5.84341413e+02 -2.32412591e+00 
 6.30957344e+02  3.35758882e+02  6.30957344e+02 -2.50951352e+00 
 6.81292069e+02  3.35755773e+02  6.81292069e+02 -2.70968530e+00 
 7.35642254e+02  3.35752148e+02  7.35642254e+02 -2.92581932e+00 
 7.94328235e+02  3.35747921e+02  7.94328235e+02 -3.15918730e+00 
 8.57695899e+02  3.35742994e+02  8.57695899e+02 -3.41116196e+00 
 9.26118728e+02  3.35737250e+02  9.26118728e+02 -3.68322499e+00 
 1.00000000e+03  3.35730552e+02  1.00000000e+03 -3.97697559e+00 
 1.07977516e+03  3.35722744e+02  1.07977516e+03 -4.29413968e+00 
 1.16591440e+03  3.35713640e+02  1.16591440e+03 -4.63657975e+00 
 1.25892541e+03  3.35703027e+02  1.25892541e+03 -5.00630551e+00 
 1.35935639e+03  3.35690654e+02  1.35935639e+03 -5.40548527e+00 
 1.46779927e+03  3.35676229e+02  1.46779927e+03 -5.83645814e+00 
 1.58489319e+03  3.35659412e+02  1.58489319e+03 -6.30174709e+00 
 1.71132830e+03  3.35639808e+02  1.71132830e+03 -6.80407290e+00 
 1.84784980e+03  3.35616953e+02  1.84784980e+03 -7.34636908e+00 
 1.99526231e+03  3.35590311e+02  1.99526231e+03 -7.93179770e+00 
 2.15443469e+03  3.35559253e+02  2.15443469e+03 -8.56376621e+00 
 2.32630507e+03  3.35523050e+02  2.32630507e+03 -9.24594526e+00 
 2.51188643e+03  3.35480851e+02  2.51188643e+03 -9.98228745e+00 
 2.71227258e+03  3.35431663e+02  2.71227258e+03 -1.07770470e+01 
 2.92864456e+03  3.35374332e+02  2.92864456e+03 -1.16348005e+01 
 3.16227766e+03  3.35307514e+02  3.16227766e+03 -1.25604678e+01 
 3.41454887e+03  3.35229643e+02  3.41454887e+03 -1.35593341e+01 
 3.68694506e+03  3.35138898e+02  3.68694506e+03 -1.46370723e+01 
 3.98107171e+03  3.35033159e+02  3.98107171e+03 -1.57997649e+01 
 4.29866235e+03  3.34909961e+02  4.29866235e+03 -1.70539257e+01 
 4.64158883e+03  3.34766437e+02  4.64158883e+03 -1.84065207e+01 
 5.01187234e+03  3.34599255e+02  5.01187234e+03 -1.98649868e+01 
 5.41169527e+03  3.34404546e+02  5.41169527e+03 -2.14372481e+01 
 5.84341413e+03  3.34177817e+02  5.84341413e+03 -2.31317273e+01 
 6.30957344e+03  3.33913858e+02  6.30957344e+03 -2.49573528e+01 
 6.81292069e+03  3.33606631e+02  6.81292069e+03 -2.69235562e+01 
 7.35642254e+03  3.33249142e+02  7.35642254e+03 -2.90402615e+01 
 7.94328235e+03  3.32833306e+02  7.94328235e+03 -3.13178587e+01 
 8.57695899e+03  3.32349784e+02  8.57695899e+03 -3.37671618e+01 
 9.26118728e+03  3.31787809e+02  9.26118728e+03 -3.63993433e+01 
 1.00000000e+04  3.31134986e+02  1.00000000e+04 -3.92258411e+01 
 1.07977516e+04  3.30377084e+02  1.07977516e+04 -4.22582303e+01 
 1.16591440e+04  3.29497800e+02  1.16591440e+04 -4.55080521e+01 
 1.25892541e+04  3.28478517e+02  1.25892541e+04 -4.89865892e+01 
 1.35935639e+04  3.27298047e+02  1.35935639e+04 -5.27045781e+01 
 1.46779927e+04  3.25932379e+02  1.46779927e+04 -5.66718458e+01 
 1.58489319e+04  3.24354435e+02  1.58489319e+04 -6.08968570e+01 
 1.71132830e+04  3.22533854e+02  1.71132830e+04 -6.53861608e+01 
 1.84784980e+04  3.20436826e+02  1.84784980e+04 -7.01437222e+01 
 1.99526231e+04  3.18026013e+02  1.99526231e+04 -7.51701304e+01 
 2.15443469e+04  3.15260576e+02  2.15443469e+04 -8.04616774e+01 
 2.32630507e+04  3.12096375e+02  2.32630507e+04 -8.60093114e+01 
 2.51188643e+04  3.08486388e+02  2.51188643e+04 -9.17974763e+01 
 2.71227258e+04  3.04381400e+02  2.71227258e+04 -9.78028726e+01 
 2.92864456e+04  2.99731047e+02  2.92864456e+04 -1.03993189e+02 
 3.16227766e+04  2.94485245e+02  3.16227766e+04 -1.10325885e+02 
 3.41454887e+04  2.88596087e+02  3.41454887e+04 -1.16747142e+02 
 3.68694506e+04  2.82020187e+02  3.68694506e+04 -1.23191115e+02 
 3.98107171e+04  2.74721482e+02  3.98107171e+04 -1.29579662e+02 
 4.29866235e+04  2.66674390e+02  4.29866235e+04 -1.35822746e+02 
 4.64158883e+04  2.57867174e+02  4.64158883e+04 -1.41819678e+02 
 5.01187234e+04  2.48305268e+02  5.01187234e+04 -1.47461364e+02 
 5.41169527e+04  2.38014252e+02  5.41169527e+04 -1.52633630e+02 
 5.84341413e+04  2.27042089e+02  5.84341413e+04 -1.57221593e+02 
 6.30957344e+04  2.15460244e+02  6.30957344e+04 -1.61114895e+02 
 6.81292069e+04  2.03363333e+02  6.81292069e+04 -1.64213481e+02 
 7.35642254e+04  1.90867091e+02  7.35642254e+04 -1.66433411e+02 
 7.94328235e+04  1.78104606e+02  7.94328235e+04 -1.67712158e+02 
 8.57695899e+04  1.65221007e+02  8.57695899e+04 -1.68012786e+02 
 9.26118728e+04  1.52367028e+02  9.26118728e+04 -1.67326515e+02 
 1.00000000e+05  1.39692026e+02  1.00000000e+05 -1.65673333e+02 
 1.07977516e+05  1.27337131e+02  1.07977516e+05 -1.63100599e+02 
 1.16591440e+05  1.15429191e+02  1.16591440e+05 -1.59679795e+02 
 1.25892541e+05  1.04076027e+02  1.25892541e+05 -1.55501842e+02 
 1.35935639e+05  9.33633380e+01  1.35935639e+05 -1.50671533e+02 
 1.46779927e+05  8.33533415e+01  1.46779927e+05 -1.45301662e+02 
 1.58489319e+05  7.40850331e+01  1.58489319e+05 -1.39507417e+02 
 1.71132830e+05  6.55757893e+01  1.71132830e+05 -1.33401448e+02 
 1.84784980e+05  5.78239402e+01  1.84784980e+05 -1.27089894e+02 
 1.99526231e+05  5.08119237e+01  1.99526231e+05 -1.20669482e+02 
 2.15443469e+05  4.45096604e+01  2.15443469e+05 -1.14225690e+02 
 2.32630507e+05  3.88778616e+01  2.32630507e+05 -1.07831850e+02 
 2.51188643e+05  3.38710611e+01  2.51188643e+05 -1.01549037e+02 
 2.71227258e+05  2.94402448e+01  2.71227258e+05 -9.54265432e+01 
 2.92864456e+05  2.55350210e+01  2.92864456e+05 -8.95027667e+01 
 3.16227766e+05  2.21053267e+01  3.16227766e+05 -8.38063402e+01 
 3.41454887e+05  1.91027027e+01  3.41454887e+05 -7.83573798e+01 
 3.68694506e+05  1.64811891e+01  3.68694506e+05 -7.31687502e+01 
 3.98107171e+05  1.41979028e+01  3.98107171e+05 -6.82472779e+01 
 4.29866235e+05  1.22133618e+01  4.29866235e+05 -6.35948696e+01 
 4.64158883e+05  1.04916122e+01  4.64158883e+05 -5.92095111e+01 
 5.01187234e+05  9.00021050e+00  5.01187234e+05 -5.50861374e+01 
 5.41169527e+05  7.71010404e+00  5.41169527e+05 -5.12173755e+01 
 5.84341413e+05  6.59544300e+00  5.84341413e+05 -4.75941660e+01 
 6.30957344e+05  5.63335188e+00  6.30957344e+05 -4.42062761e+01 
 6.81292069e+05  4.80367998e+00  6.81292069e+05 -4.10427153e+01 
 7.35642254e+05  4.08874594e+00  7.35642254e+05 -3.80920678e+01 
 7.94328235e+05  3.47308645e+00  7.94328235e+05 -3.53427541e+01 
 8.57695899e+05  2.94321613e+00  8.57695899e+05 -3.27832335e+01 
 9.26118728e+05  2.48740281e+00  9.26118728e+05 -3.04021571e+01 
 1.00000000e+06  2.09546053e+00  1.00000000e+06 -2.81884815e+01 
 1.07977516e+06  1.75856128e+00  1.07977516e+06 -2.61315503e+01 
 1.16591440e+06  1.46906544e+00  1.16591440e+06 -2.42211499e+01 
 1.25892541e+06  1.22037029e+00  1.25892541e+06 -2.24475445e+01 
 1.35935639e+06  1.00677557e+00  1.35935639e+06 -2.08014964e+01 
 1.46779927e+06  8.23364748e-01  1.46779927e+06 -1.92742727e+01 
 1.58489319e+06  6.65900730e-01  1.58489319e+06 -1.78576442e+01 
 1.71132830e+06  5.30734513e-01  1.71132830e+06 -1.65438761e+01 
 1.84784980e+06  4.14725460e-01  1.84784980e+06 -1.53257148e+01 
 1.99526231e+06  3.15171898e-01  1.99526231e+06 -1.41963701e+01 
 2.15443469e+06  2.29750835e-01  2.15443469e+06 -1.31494957e+01 
 2.32630507e+06  1.56465702e-01  2.32630507e+06 -1.21791680e+01 
 2.51188643e+06  9.36011209e-02  2.51188643e+06 -1.12798642e+01 
 2.71227258e+06  3.96838057e-02  2.71227258e+06 -1.04464400e+01 
 2.92864456e+06 -6.55118260e-03  2.92864456e+06 -9.67410730e+00 
 3.16227766e+06 -4.61895421e-02  3.16227766e+06 -8.95841295e+00 
 3.41454887e+06 -8.01628027e-02  3.41454887e+06 -8.29521736e+00 
 3.68694506e+06 -1.09269909e-01  3.68694506e+06 -7.68067441e+00 
 3.98107171e+06 -1.34195783e-01  3.98107171e+06 -7.11121208e+00 
 4.29866235e+06 -1.55527276e-01  4.29866235e+06 -6.58351402e+00 
 4.64158883e+06 -1.73766870e-01  4.64158883e+06 -6.09450218e+00 
 5.01187234e+06 -1.89344427e-01  5.01187234e+06 -5.64132030e+00 
 5.41169527e+06 -2.02627267e-01  5.41169527e+06 -5.22131853e+00 
 5.84341413e+06 -2.13928794e-01  5.84341413e+06 -4.83203883e+00 
 6.30957344e+06 -2.23515876e-01  6.30957344e+06 -4.47120151e+00 
 6.81292069e+06 -2.31615145e-01  6.81292069e+06 -4.13669249e+00 
 7.35642254e+06 -2.38418376e-01  7.35642254e+06 -3.82655152e+00 
 7.94328235e+06 -2.44087057e-01  7.94328235e+06 -3.53896123e+00 
 8.57695899e+06 -2.48756283e-01  8.57695899e+06 -3.27223692e+00 
 9.26118728e+06 -2.52538052e-01  9.26118728e+06 -3.02481718e+00 
 1.00000000e+07 -2.55524060e-01  1.00000000e+07 -2.79525515e+00 
 1.07977516e+07 -2.57788073e-01  1.07977516e+07 -2.58221056e+00 
 1.16591440e+07 -2.59387938e-01  1.16591440e+07 -2.38444239e+00 
 1.25892541e+07 -2.60367312e-01  1.25892541e+07 -2.20080213e+00 
 1.35935639e+07 -2.60757158e-01  1.35935639e+07 -2.03022775e+00 
 1.46779927e+07 -2.60577084e-01  1.46779927e+07 -1.87173813e+00 
 1.58489319e+07 -2.59836585e-01  1.58489319e+07 -1.72442817e+00 
 1.71132830e+07 -2.58536258e-01  1.71132830e+07 -1.58746428e+00 
 1.84784980e+07 -2.56669048e-01  1.84784980e+07 -1.46008050e+00 
 1.99526231e+07 -2.54221615e-01  1.99526231e+07 -1.34157490e+00 
 2.15443469e+07 -2.51175880e-01  2.15443469e+07 -1.23130642e+00 
 2.32630507e+07 -2.47510811e-01  2.32630507e+07 -1.12869195e+00 
 2.51188643e+07 -2.43204514e-01  2.51188643e+07 -1.03320350e+00 
 2.71227258e+07 -2.38236628e-01  2.71227258e+07 -9.44365439e-01 
 2.92864456e+07 -2.32591038e-01  2.92864456e+07 -8.61751533e-01 
 3.16227766e+07 -2.26258811e-01  3.16227766e+07 -7.84981626e-01 
 3.41454887e+07 -2.19241249e-01  3.41454887e+07 -7.13717843e-01 
 3.68694506e+07 -2.11552840e-01  3.68694506e+07 -6.47660142e-01 
 3.98107171e+07 -2.03223847e-01  3.98107171e+07 -5.86541150e-01 
 4.29866235e+07 -1.94302224e-01  4.29866235e+07 -5.30120323e-01 
 4.64158883e+07 -1.84854547e-01  4.64158883e+07 -4.78177565e-01 
 5.01187234e+07 -1.74965680e-01  5.01187234e+07 -4.30506605e-01 
 5.41169527e+07 -1.64737016e-01  5.41169527e+07 -3.86908518e-01 
 5.84341413e+07 -1.54283282e-01  5.84341413e+07 -3.47185862e-01 
 6.30957344e+07 -1.43728088e-01  6.30957344e+07 -3.11137922e-01 
 6.81292069e+07 -1.33198588e-01  6.81292069e+07 -2.78557430e-01 
 7.35642254e+07 -1.22819742e-01  7.35642254e+07 -2.49229016e-01 
 7.94328235e+07 -1.12708757e-01  7.94328235e+07 -2.22929413e-01 
 8.57695899e+07 -1.02970234e-01  8.57695899e+07 -1.99429238e-01 
 9.26118728e+07 -9.36924381e-02  9.26118728e+07 -1.78495995e-01 
 1.00000000e+08 -8.49449474e-02  1.00000000e+08 -1.59897813e-01 
 1.07977516e+08 -7.67777279e-02  1.07977516e+08 -1.43407449e-01 
 1.16591440e+08 -6.92215229e-02  1.16591440e+08 -1.28806085e-01 
 1.25892541e+08 -6.22893133e-02  1.25892541e+08 -1.15886588e-01 
 1.35935639e+08 -5.59785375e-02  1.35935639e+08 -1.04456011e-01 
 1.46779927e+08 -5.02737510e-02  1.46779927e+08 -9.43372580e-02 
 1.58489319e+08 -4.51494331e-02  1.58489319e+08 -8.53699208e-02 
 1.71132830e+08 -4.05727120e-02  1.71132830e+08 -7.74103958e-02 
 1.84784980e+08 -3.65058432e-02  1.84784980e+08 -7.03314118e-02 
 1.99526231e+08 -3.29083461e-02  1.99526231e+08 -6.40211267e-02 
 2.15443469e+08 -2.97387562e-02  2.15443469e+08 -5.83819379e-02 
 2.32630507e+08 -2.69559966e-02  2.32630507e+08 -5.33291356e-02 
 2.51188643e+08 -2.45203947e-02  2.51188643e+08 -4.87895000e-02 
 2.71227258e+08 -2.23943917e-02  2.71227258e+08 -4.46999204e-02 
 2.92864456e+08 -2.05429958e-02  2.92864456e+08 -4.10060866e-02 
 3.16227766e+08 -1.89340301e-02  3.16227766e+08 -3.76612858e-02 
 3.41454887e+08 -1.75382239e-02  3.41454887e+08 -3.46253209e-02 
 3.68694506e+08 -1.63291885e-02  3.68694506e+08 -3.18635552e-02 
 3.98107171e+08 -1.52833116e-02  3.98107171e+08 -2.93460810e-02 
 4.29866235e+08 -1.43795994e-02  4.29866235e+08 -2.70470024e-02 
 4.64158883e+08 -1.35994852e-02  4.64158883e+08 -2.49438252e-02 
 5.01187234e+08 -1.29266240e-02  5.01187234e+08 -2.30169373e-02 
 5.41169527e+08 -1.23466819e-02  5.41169527e+08 -2.12491728e-02 
 5.84341413e+08 -1.18471299e-02  5.84341413e+08 -1.96254442e-02 
 6.30957344e+08 -1.14170470e-02  6.30957344e+08 -1.81324347e-02 
 6.81292069e+08 -1.10469368e-02  6.81292069e+08 -1.67583415e-02 
 7.35642254e+08 -1.07285576e-02  7.35642254e+08 -1.54926600e-02 
 7.94328235e+08 -1.04547689e-02  7.94328235e+08 -1.43260044e-02 
 8.57695899e+08 -1.02193932e-02  8.57695899e+08 -1.32499571e-02 
 9.26118728e+08 -1.00170919e-02  9.26118728e+08 -1.22569422e-02 
 1.00000000e+09 -9.84325615e-03  1.00000000e+09 -1.13401197e-02 
 1.07977516e+09 -9.69391034e-03  1.07977516e+09 -1.04932956e-02 
 1.16591440e+09 -9.56562717e-03  1.16591440e+09 -9.71084619e-03 
 1.25892541e+09 -9.45545385e-03  1.25892541e+09 -8.98765331e-03 
 1.35935639e+09 -9.36084758e-03  1.35935639e+09 -8.31904909e-03 
 1.46779927e+09 -9.27961950e-03  1.46779927e+09 -7.70076828e-03 
 1.58489319e+09 -9.20988613e-03  1.58489319e+09 -7.12890700e-03 
 1.71132830e+09 -9.15002730e-03  1.71132830e+09 -6.59988690e-03 
 1.84784980e+09 -9.09864972e-03  1.84784980e+09 -6.11042371e-03 
 1.99526231e+09 -9.05455555e-03  1.99526231e+09 -5.65749962e-03 
 2.15443469e+09 -9.01671523e-03  2.15443469e+09 -5.23833888e-03 
 2.32630507e+09 -8.98424404e-03  2.32630507e+09 -4.85038613e-03 
 2.51188643e+09 -8.95638188e-03  2.51188643e+09 -4.49128703e-03 
 2.71227258e+09 -8.93247583e-03  2.71227258e+09 -4.15887101e-03 
 2.92864456e+09 -8.91196516e-03  2.92864456e+09 -3.85113567e-03 
 3.16227766e+09 -8.89436837e-03  3.16227766e+09 -3.56623288e-03 
 3.41454887e+09 -8.87927205e-03  3.41454887e+09 -3.30245601e-03 
 3.68694506e+09 -8.86632131e-03  3.68694506e+09 -3.05822855e-03 
 3.98107171e+09 -8.85521152e-03  3.98107171e+09 -2.83209365e-03 
 4.29866235e+09 -8.84568122e-03  4.29866235e+09 -2.62270465e-03 
 4.64158883e+09 -8.83750603e-03  4.64158883e+09 -2.42881640e-03 
 5.01187234e+09 -8.83049339e-03  5.01187234e+09 -2.24927738e-03 
 5.41169527e+09 -8.82447808e-03  5.41169527e+09 -2.08302242e-03 
 5.84341413e+09 -8.81931834e-03  5.84341413e+09 -1.92906609e-03 
 6.30957344e+09 -8.81489252e-03  6.30957344e+09 -1.78649657e-03 
 6.81292069e+09 -8.81109628e-03  6.81292069e+09 -1.65447005e-03 
 7.35642254e+09 -8.80784008e-03  7.35642254e+09 -1.53220560e-03 
 7.94328235e+09 -8.80504711e-03  7.94328235e+09 -1.41898039e-03 
 8.57695899e+09 -8.80265151e-03  8.57695899e+09 -1.31412532e-03 
 9.26118728e+09 -8.80059673e-03  9.26118728e+09 -1.21702097e-03 
 1.00000000e+10 -8.79883431e-03  1.00000000e+10 -1.12709392e-03 
