 1.00000000e+00  2.77497866e+02  1.00000000e+00 -2.89460476e-03 
 1.07977516e+00  2.77497866e+02  1.07977516e+00 -3.12552232e-03 
 1.16591440e+00  2.77497866e+02  1.16591440e+00 -3.37486137e-03 
 1.25892541e+00  2.77497866e+02  1.25892541e+00 -3.64409149e-03 
 1.35935639e+00  2.77497866e+02  1.35935639e+00 -3.93479948e-03 
 1.46779927e+00  2.77497866e+02  1.46779927e+00 -4.24869874e-03 
 1.58489319e+00  2.77497866e+02  1.58489319e+00 -4.58763938e-03 
 1.71132830e+00  2.77497866e+02  1.71132830e+00 -4.95361905e-03 
 1.84784980e+00  2.77497866e+02  1.84784980e+00 -5.34879481e-03 
 1.99526231e+00  2.77497866e+02  1.99526231e+00 -5.77549579e-03 
 2.15443469e+00  2.77497866e+02  2.15443469e+00 -6.23623690e-03 
 2.32630507e+00  2.77497866e+02  2.32630507e+00 -6.73373371e-03 
 2.51188643e+00  2.77497866e+02  2.51188643e+00 -7.27091841e-03 
 2.71227258e+00  2.77497866e+02  2.71227258e+00 -7.85095711e-03 
 2.92864456e+00  2.77497866e+02  2.92864456e+00 -8.47726849e-03 
 3.16227766e+00  2.77497866e+02  3.16227766e+00 -9.15354395e-03 
 3.41454887e+00  2.77497866e+02  3.41454887e+00 -9.88376941e-03 
 3.68694506e+00  2.77497866e+02  3.68694506e+00 -1.06722487e-02 
 3.98107171e+00  2.77497866e+02  3.98107171e+00 -1.15236291e-02 
 4.29866235e+00  2.77497866e+02  4.29866235e+00 -1.24429285e-02 
 4.64158883e+00  2.77497866e+02  4.64158883e+00 -1.34355651e-02 
 5.01187234e+00  2.77497865e+02  5.01187234e+00 -1.45073895e-02 
 5.41169527e+00  2.77497865e+02  5.41169527e+00 -1.56647188e-02 
 5.84341413e+00  2.77497865e+02  5.84341413e+00 -1.69143743e-02 
 6.30957344e+00  2.77497865e+02  6.30957344e+00 -1.82637212e-02 
 6.81292069e+00  2.77497865e+02  6.81292069e+00 -1.97207126e-02 
 7.35642254e+00  2.77497865e+02  7.35642254e+00 -2.12939356e-02 
 7.94328235e+00  2.77497864e+02  7.94328235e+00 -2.29926627e-02 
 8.57695899e+00  2.77497864e+02  8.57695899e+00 -2.48269061e-02 
 9.26118728e+00  2.77497864e+02  9.26118728e+00 -2.68074765e-02 
 1.00000000e+01  2.77497863e+02  1.00000000e+01 -2.89460473e-02 
 1.07977516e+01  2.77497863e+02  1.07977516e+01 -3.12552228e-02 
 1.16591440e+01  2.77497862e+02  1.16591440e+01 -3.37486132e-02 
 1.25892541e+01  2.77497861e+02  1.25892541e+01 -3.64409143e-02 
 1.35935639e+01  2.77497861e+02  1.35935639e+01 -3.93479940e-02 
 1.46779927e+01  2.77497860e+02  1.46779927e+01 -4.24869865e-02 
 1.58489319e+01  2.77497859e+02  1.58489319e+01 -4.58763925e-02 
 1.71132830e+01  2.77497857e+02  1.71132830e+01 -4.95361890e-02 
 1.84784980e+01  2.77497856e+02  1.84784980e+01 -5.34879462e-02 
 1.99526231e+01  2.77497854e+02  1.99526231e+01 -5.77549554e-02 
 2.15443469e+01  2.77497852e+02  2.15443469e+01 -6.23623659e-02 
 2.32630507e+01  2.77497850e+02  2.32630507e+01 -6.73373332e-02 
 2.51188643e+01  2.77497847e+02  2.51188643e+01 -7.27091792e-02 
 2.71227258e+01  2.77497844e+02  2.71227258e+01 -7.85095649e-02 
 2.92864456e+01  2.77497840e+02  2.92864456e+01 -8.47726770e-02 
 3.16227766e+01  2.77497836e+02  3.16227766e+01 -9.15354297e-02 
 3.41454887e+01  2.77497831e+02  3.41454887e+01 -9.88376817e-02 
 3.68694506e+01  2.77497825e+02  3.68694506e+01 -1.06722472e-01 
 3.98107171e+01  2.77497818e+02  3.98107171e+01 -1.15236271e-01 
 4.29866235e+01  2.77497810e+02  4.29866235e+01 -1.24429260e-01 
 4.64158883e+01  2.77497801e+02  4.64158883e+01 -1.34355620e-01 
 5.01187234e+01  2.77497790e+02  5.01187234e+01 -1.45073856e-01 
 5.41169527e+01  2.77497778e+02  5.41169527e+01 -1.56647139e-01 
 5.84341413e+01  2.77497763e+02  5.84341413e+01 -1.69143681e-01 
 6.30957344e+01  2.77497746e+02  6.30957344e+01 -1.82637134e-01 
 6.81292069e+01  2.77497726e+02  6.81292069e+01 -1.97207027e-01 
 7.35642254e+01  2.77497703e+02  7.35642254e+01 -2.12939232e-01 
 7.94328235e+01  2.77497676e+02  7.94328235e+01 -2.29926471e-01 
 8.57695899e+01  2.77497644e+02  8.57695899e+01 -2.48268864e-01 
 9.26118728e+01  2.77497607e+02  9.26118728e+01 -2.68074518e-01 
 1.00000000e+02  2.77497564e+02  1.00000000e+02 -2.89460161e-01 
 1.07977516e+02  2.77497514e+02  1.07977516e+02 -3.12551836e-01 
 1.16591440e+02  2.77497456e+02  1.16591440e+02 -3.37485639e-01 
 1.25892541e+02  2.77497388e+02  1.25892541e+02 -3.64408521e-01 
 1.35935639e+02  2.77497309e+02  1.35935639e+02 -3.93479157e-01 
 1.46779927e+02  2.77497216e+02  1.46779927e+02 -4.24868879e-01 
 1.58489319e+02  2.77497108e+02  1.58489319e+02 -4.58762685e-01 
 1.71132830e+02  2.77496982e+02  1.71132830e+02 -4.95360328e-01 
 1.84784980e+02  2.77496836e+02  1.84784980e+02 -5.34877496e-01 
 1.99526231e+02  2.77496665e+02  1.99526231e+02 -5.77547080e-01 
 2.15443469e+02  2.77496465e+02  2.15443469e+02 -6.23620544e-01 
 2.32630507e+02  2.77496233e+02  2.32630507e+02 -6.73369410e-01 
 2.51188643e+02  2.77495962e+02  2.51188643e+02 -7.27086855e-01 
 2.71227258e+02  2.77495646e+02  2.71227258e+02 -7.85089433e-01 
 2.92864456e+02  2.77495278e+02  2.92864456e+02 -8.47718945e-01 
 3.16227766e+02  2.77494848e+02  3.16227766e+02 -9.15344446e-01 
 3.41454887e+02  2.77494348e+02  3.41454887e+02 -9.88364415e-01 
 3.68694506e+02  2.77493764e+02  3.68694506e+02 -1.06720910e+00 
 3.98107171e+02  2.77493083e+02  3.98107171e+02 -1.15234306e+00 
 4.29866235e+02  2.77492290e+02  4.29866235e+02 -1.24426785e+00 
 4.64158883e+02  2.77491364e+02  4.64158883e+02 -1.34352505e+00 
 5.01187234e+02  2.77490286e+02  5.01187234e+02 -1.45069934e+00 
 5.41169527e+02  2.77489028e+02  5.41169527e+02 -1.56642202e+00 
 5.84341413e+02  2.77487561e+02  5.84341413e+02 -1.69137465e+00 
 6.30957344e+02  2.77485852e+02  6.30957344e+02 -1.82629309e+00 
 6.81292069e+02  2.77483859e+02  6.81292069e+02 -1.97197176e+00 
 7.35642254e+02  2.77481535e+02  7.35642254e+02 -2.12926831e+00 
 7.94328235e+02  2.77478825e+02  7.94328235e+02 -2.29910859e+00 
 8.57695899e+02  2.77475666e+02  8.57695899e+02 -2.48249210e+00 
 9.26118728e+02  2.77471983e+02  9.26118728e+02 -2.68049775e+00 
 1.00000000e+03  2.77467689e+02  1.00000000e+03 -2.89429013e+00 
 1.07977516e+03  2.77462683e+02  1.07977516e+03 -3.12512623e+00 
 1.16591440e+03  2.77456847e+02  1.16591440e+03 -3.37436273e+00 
 1.25892541e+03  2.77450042e+02  1.25892541e+03 -3.64346375e+00 
 1.35935639e+03  2.77442109e+02  1.35935639e+03 -3.93400923e+00 
 1.46779927e+03  2.77432860e+02  1.46779927e+03 -4.24770391e+00 
 1.58489319e+03  2.77422078e+02  1.58489319e+03 -4.58638700e+00 
 1.71132830e+03  2.77409508e+02  1.71132830e+03 -4.95204248e+00 
 1.84784980e+03  2.77394853e+02  1.84784980e+03 -5.34681013e+00 
 1.99526231e+03  2.77377769e+02  1.99526231e+03 -5.77299738e+00 
 2.15443469e+03  2.77357853e+02  2.15443469e+03 -6.23309182e+00 
 2.32630507e+03  2.77334637e+02  2.32630507e+03 -6.72977461e+00 
 2.51188643e+03  2.77307573e+02  2.51188643e+03 -7.26593469e+00 
 2.71227258e+03  2.77276026e+02  2.71227258e+03 -7.84468369e+00 
 2.92864456e+03  2.77239254e+02  2.92864456e+03 -8.46937176e+00 
 3.16227766e+03  2.77196393e+02  3.16227766e+03 -9.14360410e+00 
 3.41454887e+03  2.77146437e+02  3.41454887e+03 -9.87125813e+00 
 3.68694506e+03  2.77088216e+02  3.68694506e+03 -1.06565013e+01 
 3.98107171e+03  2.77020366e+02  3.98107171e+03 -1.15038091e+01 
 4.29866235e+03  2.76941301e+02  4.29866235e+03 -1.24179836e+01 
 4.64158883e+03  2.76849175e+02  4.64158883e+03 -1.34041719e+01 
 5.01187234e+03  2.76741841e+02  5.01187234e+03 -1.44678831e+01 
 5.41169527e+03  2.76616803e+02  5.41169527e+03 -1.56150057e+01 
 5.84341413e+03  2.76471163e+02  5.84341413e+03 -1.68518221e+01 
 6.30957344e+03  2.76301552e+02  6.30957344e+03 -1.81850210e+01 
 6.81292069e+03  2.76104063e+02  6.81292069e+03 -1.96217055e+01 
 7.35642254e+03  2.75874163e+02  7.35642254e+03 -2.11693969e+01 
 7.94328235e+03  2.75606602e+02  7.94328235e+03 -2.28360298e+01 
 8.57695899e+03  2.75295304e+02  8.57695899e+03 -2.46299395e+01 
 9.26118728e+03  2.74933243e+02  9.26118728e+03 -2.65598363e+01 
 1.00000000e+04  2.74512311e+02  1.00000000e+04 -2.86347638e+01 
 1.07977516e+04  2.74023164e+02  1.07977516e+04 -3.08640381e+01 
 1.16591440e+04  2.73455056e+02  1.16591440e+04 -3.32571614e+01 
 1.25892541e+04  2.72795656e+02  1.25892541e+04 -3.58237042e+01 
 1.35935639e+04  2.72030855e+02  1.35935639e+04 -3.85731500e+01 
 1.46779927e+04  2.71144557e+02  1.46779927e+04 -4.15146924e+01 
 1.58489319e+04  2.70118470e+02  1.58489319e+04 -4.46569768e+01 
 1.71132830e+04  2.68931898e+02  1.71132830e+04 -4.80077759e+01 
 1.84784980e+04  2.67561547e+02  1.84784980e+04 -5.15735882e+01 
 1.99526231e+04  2.65981355e+02  1.99526231e+04 -5.53591481e+01 
 2.15443469e+04  2.64162382e+02  2.15443469e+04 -5.93668400e+01 
 2.32630507e+04  2.62072764e+02  2.32630507e+04 -6.35960063e+01 
 2.51188643e+04  2.59677790e+02  2.51188643e+04 -6.80421502e+01 
 2.71227258e+04  2.56940115e+02  2.71227258e+04 -7.26960356e+01 
 2.92864456e+04  2.53820186e+02  2.92864456e+04 -7.75427030e+01 
 3.16227766e+04  2.50276903e+02  3.16227766e+04 -8.25604307e+01 
 3.41454887e+04  2.46268586e+02  3.41454887e+04 -8.77196930e+01 
 3.68694506e+04  2.41754291e+02  3.68694506e+04 -9.29821922e+01 
 3.98107171e+04  2.36695501e+02  3.98107171e+04 -9.83000612e+01 
 4.29866235e+04  2.31058203e+02  4.29866235e+04 -1.03615369e+02 
 4.64158883e+04  2.24815310e+02  4.64158883e+04 -1.08860071e+02 
 5.01187234e+04  2.17949354e+02  5.01187234e+04 -1.13956566e+02 
 5.41169527e+04  2.10455274e+02  5.41169527e+04 -1.18819001e+02 
 5.84341413e+04  2.02343099e+02  5.84341413e+04 -1.23355435e+02 
 6.30957344e+04  1.93640231e+02  6.30957344e+04 -1.27470893e+02 
 6.81292069e+04  1.84393002e+02  6.81292069e+04 -1.31071251e+02 
 7.35642254e+04  1.74667211e+02  7.35642254e+04 -1.34067754e+02 
 7.94328235e+04  1.64547361e+02  7.94328235e+04 -1.36381845e+02 
 8.57695899e+04  1.54134476e+02  8.57695899e+04 -1.37949882e+02 
 9.26118728e+04  1.43542516e+02  9.26118728e+04 -1.38727241e+02 
 1.00000000e+05  1.32893626e+02  1.00000000e+05 -1.38691346e+02 
 1.07977516e+05  1.22312590e+02  1.07977516e+05 -1.37843245e+02 
 1.16591440e+05  1.11921048e+02  1.16591440e+05 -1.36207539e+02 
 1.25892541e+05  1.01832000e+02  1.25892541e+05 -1.33830664e+02 
 1.35935639e+05  9.21451413e+01  1.35935639e+05 -1.30777748e+02 
 1.46779927e+05  8.29433975e+01  1.46779927e+05 -1.27128439e+02 
 1.58489319e+05  7.42908667e+01  1.58489319e+05 -1.22972155e+02 
 1.71132830e+05  6.62321805e+01  1.71132830e+05 -1.18403269e+02 
 1.84784980e+05  5.87931372e+01  1.84784980e+05 -1.13516634e+02 
 1.99526231e+05  5.19823407e+01  1.99526231e+05 -1.08403764e+02 
 2.15443469e+05  4.57935296e+01  2.15443469e+05 -1.03149863e+02 
 2.32630507e+05  4.02082774e+01  2.32630507e+05 -9.78317303e+01 
 2.51188643e+05  3.51987848e+01  2.51188643e+05 -9.25165353e+01 
 2.71227258e+05  3.07305497e+01  2.71227258e+05 -8.72613147e+01 
 2.92864456e+05  2.67647639e+01  2.92864456e+05 -8.21130690e+01 
 3.16227766e+05  2.32603566e+01  3.16227766e+05 -7.71092899e+01 
 3.41454887e+05  2.01756525e+01  3.41454887e+05 -7.22787765e+01 
 3.68694506e+05  1.74696532e+01  3.68694506e+05 -6.76426140e+01 
 3.98107171e+05  1.51029755e+01  3.98107171e+05 -6.32152176e+01 
 4.29866235e+05  1.30384944e+01  4.29866235e+05 -5.90053683e+01 
 4.64158883e+05  1.12417410e+01  4.64158883e+05 -5.50171906e+01 
 5.01187234e+05  9.68110868e+00  5.01187234e+05 -5.12510443e+01 
 5.41169527e+05  8.32791217e+00  5.41169527e+05 -4.77043121e+01 
 5.84341413e+05  7.15633962e+00  5.84341413e+05 -4.43720821e+01 
 6.30957344e+05  6.14333135e+00  6.30957344e+05 -4.12477257e+01 
 6.81292069e+05  5.26841079e+00  6.81292069e+05 -3.83233781e+01 
 7.35642254e+05  4.51348789e+00  7.35642254e+05 -3.55903335e+01 
 7.94328235e+05  3.86265017e+00  7.94328235e+05 -3.30393631e+01 
 8.57695899e+05  3.30195205e+00  8.57695899e+05 -3.06609682e+01 
 9.26118728e+05  2.81920994e+00  9.26118728e+05 -2.84455782e+01 
 1.00000000e+06  2.40380800e+00  1.00000000e+06 -2.63837027e+01 
 1.07977516e+06  2.04651746e+00  1.07977516e+06 -2.44660463e+01 
 1.16591440e+06  1.73933093e+00  1.16591440e+06 -2.26835918e+01 
 1.25892541e+06  1.47531229e+00  1.25892541e+06 -2.10276604e+01 
 1.35935639e+06  1.24846192e+00  1.35935639e+06 -1.94899505e+01 
 1.46779927e+06  1.05359651e+00  1.46779927e+06 -1.80625629e+01 
 1.58489319e+06  8.86242675e-01  1.58489319e+06 -1.67380127e+01 
 1.71132830e+06  7.42543134e-01  1.71132830e+06 -1.55092326e+01 
 1.84784980e+06  6.19174409e-01  1.84784980e+06 -1.43695694e+01 
 1.99526231e+06  5.13274813e-01  1.99526231e+06 -1.33127754e+01 
 2.15443469e+06  4.22381669e-01  2.15443469e+06 -1.23329951e+01 
 2.32630507e+06  3.44376694e-01  2.32630507e+06 -1.14247511e+01 
 2.51188643e+06  2.77438593e-01  2.51188643e+06 -1.05829266e+01 
 2.71227258e+06  2.20001979e-01  2.71227258e+06 -9.80274796e+00 
 2.92864456e+06  1.70721833e-01  2.92864456e+06 -9.07976652e+00 
 3.16227766e+06  1.28442789e-01  3.16227766e+06 -8.40983997e+00 
 3.41454887e+06  9.21726280e-02  3.41454887e+06 -7.78911433e+00 
 3.68694506e+06  6.10594181e-02  3.68694506e+06 -7.21400626e+00 
 3.98107171e+06  3.43718178e-02  3.98107171e+06 -6.68118588e+00 
 4.29866235e+06  1.14821167e-02  4.29866235e+06 -6.18756027e+00 
 4.64158883e+06 -8.14835874e-03  4.64158883e+06 -5.73025781e+00 
 5.01187234e+06 -2.49817967e-02  5.01187234e+06 -5.30661322e+00 
 5.41169527e+06 -3.94146897e-02  5.41169527e+06 -4.91415343e+00 
 5.84341413e+06 -5.17871060e-02  5.84341413e+06 -4.55058433e+00 
 6.30957344e+06 -6.23906526e-02  6.30957344e+06 -4.21377820e+00 
 6.81292069e+06 -7.14753118e-02  6.81292069e+06 -3.90176197e+00 
 7.35642254e+06 -7.92553083e-02  7.35642254e+06 -3.61270630e+00 
 7.94328235e+06 -8.59141414e-02  7.94328235e+06 -3.34491521e+00 
 8.57695899e+06 -9.16089003e-02  8.57695899e+06 -3.09681658e+00 
 9.26118728e+06 -9.64739600e-02  9.26118728e+06 -2.86695316e+00 
 1.00000000e+07 -1.00624147e-01  1.00000000e+07 -2.65397426e+00 
 1.07977516e+07 -1.04157445e-01  1.07977516e+07 -2.45662805e+00 
 1.16591440e+07 -1.07157312e-01  1.16591440e+07 -2.27375428e+00 
 1.25892541e+07 -1.09694649e-01  1.25892541e+07 -2.10427766e+00 
 1.35935639e+07 -1.11829481e-01  1.35935639e+07 -1.94720164e+00 
 1.46779927e+07 -1.13612391e-01  1.46779927e+07 -1.80160265e+00 
 1.58489319e+07 -1.15085723e-01  1.58489319e+07 -1.66662477e+00 
 1.71132830e+07 -1.16284608e-01  1.71132830e+07 -1.54147481e+00 
 1.84784980e+07 -1.17237823e-01  1.84784980e+07 -1.42541774e+00 
 1.99526231e+07 -1.17968512e-01  1.99526231e+07 -1.31777248e+00 
 2.15443469e+07 -1.18494791e-01  2.15443469e+07 -1.21790803e+00 
 2.32630507e+07 -1.18830245e-01  2.32630507e+07 -1.12523993e+00 
 2.51188643e+07 -1.18984350e-01  2.51188643e+07 -1.03922693e+00 
 2.71227258e+07 -1.18962828e-01  2.71227258e+07 -9.59368103e-01 
 2.92864456e+07 -1.18767945e-01  2.92864456e+07 -8.85200040e-01 
 3.16227766e+07 -1.18398792e-01  3.16227766e+07 -8.16294457e-01 
 3.41454887e+07 -1.17851540e-01  3.41454887e+07 -7.52255957e-01 
 3.68694506e+07 -1.17119714e-01  3.68694506e+07 -6.92720058e-01 
 3.98107171e+07 -1.16194499e-01  3.98107171e+07 -6.37351427e-01 
 4.29866235e+07 -1.15065095e-01  4.29866235e+07 -5.85842304e-01 
 4.64158883e+07 -1.13719173e-01  4.64158883e+07 -5.37911106e-01 
 5.01187234e+07 -1.12143422e-01  5.01187234e+07 -4.93301159e-01 
 5.41169527e+07 -1.10324242e-01  5.41169527e+07 -4.51779518e-01 
 5.84341413e+07 -1.08248582e-01  5.84341413e+07 -4.13135836e-01 
 6.30957344e+07 -1.05904927e-01  6.30957344e+07 -3.77181200e-01 
 6.81292069e+07 -1.03284421e-01  6.81292069e+07 -3.43746871e-01 
 7.35642254e+07 -1.00382095e-01  7.35642254e+07 -3.12682847e-01 
 7.94328235e+07 -9.71981196e-02  7.94328235e+07 -2.83856197e-01 
 8.57695899e+07 -9.37389935e-02  8.57695899e+07 -2.57149084e-01 
 9.26118728e+07 -9.00185432e-02  9.26118728e+07 -2.32456497e-01 
 1.00000000e+08 -8.60585963e-02  1.00000000e+08 -2.09683687e-01 
 1.07977516e+08 -8.18891945e-02  1.07977516e+08 -1.88743407e-01 
 1.16591440e+08 -7.75482403e-02  1.16591440e+08 -1.69553090e-01 
 1.25892541e+08 -7.30805237e-02  1.25892541e+08 -1.52032147e-01 
 1.35935639e+08 -6.85361493e-02  1.35935639e+08 -1.36099603e-01 
 1.46779927e+08 -6.39684658e-02  1.46779927e+08 -1.21672245e-01 
 1.58489319e+08 -5.94316754e-02  1.58489319e+08 -1.08663464e-01 
 1.71132830e+08 -5.49783505e-02  1.71132830e+08 -9.69828414e-02 
 1.84784980e+08 -5.06571004e-02  1.84784980e+08 -8.65364800e-02 
 1.99526231e+08 -4.65106071e-02  1.99526231e+08 -7.72279708e-02 
 2.15443469e+08 -4.25741875e-02  2.15443469e+08 -6.89598228e-02 
 2.32630507e+08 -3.88749655e-02  2.32630507e+08 -6.16351462e-02 
 2.51188643e+08 -3.54316513e-02  2.51188643e+08 -5.51593814e-02 
 2.71227258e+08 -3.22548594e-02  2.71227258e+08 -4.94418889e-02 
 2.92864456e+08 -2.93478492e-02  2.92864456e+08 -4.43972721e-02 
 3.16227766e+08 -2.67075505e-02  3.16227766e+08 -3.99463564e-02 
 3.41454887e+08 -2.43257369e-02  3.41454887e+08 -3.60168032e-02 
 3.68694506e+08 -2.21902304e-02  3.68694506e+08 -3.25433798e-02 
 3.98107171e+08 -2.02860461e-02  3.98107171e+08 -2.94679330e-02 
 4.29866235e+08 -1.85964149e-02  4.29866235e+08 -2.67391302e-02 
 4.64158883e+08 -1.71036521e-02  4.64158883e+08 -2.43120338e-02 
 5.01187234e+08 -1.57898590e-02  5.01187234e+08 -2.21475696e-02 
 5.41169527e+08 -1.46374634e-02  5.41169527e+08 -2.02119421e-02 
 5.84341413e+08 -1.36296131e-02  5.84341413e+08 -1.84760360e-02 
 6.30957344e+08 -1.27504436e-02  6.30957344e+08 -1.69148349e-02 
 6.81292069e+08 -1.19852431e-02  6.81292069e+08 -1.55068756e-02 
 7.35642254e+08 -1.13205344e-02  7.35642254e+08 -1.42337509e-02 
 7.94328235e+08 -1.07440963e-02  7.94328235e+08 -1.30796644e-02 
 8.57695899e+08 -1.02449399e-02  8.57695899e+08 -1.20310410e-02 
 9.26118728e+08 -9.81325334e-03  9.26118728e+08 -1.10761881e-02 
 1.00000000e+09 -9.44032818e-03  1.00000000e+09 -1.02050062e-02 
 1.07977516e+09 -9.11847334e-03  1.07977516e+09 -9.40874231e-03 
 1.16591440e+09 -8.84092498e-03  1.16591440e+09 -8.67978223e-03 
 1.25892541e+09 -8.60175582e-03  1.25892541e+09 -8.01147572e-03 
 1.35935639e+09 -8.39578736e-03  1.35935639e+09 -7.39799026e-03 
 1.46779927e+09 -8.21850689e-03  1.46779927e+09 -6.83418885e-03 
 1.58489319e+09 -8.06599046e-03  1.58489319e+09 -6.31552795e-03 
 1.71132830e+09 -7.93483250e-03  1.71132830e+09 -5.83797240e-03 
 1.84784980e+09 -7.82208205e-03  1.84784980e+09 -5.39792425e-03 
 1.99526231e+09 -7.72518560e-03  1.99526231e+09 -4.99216328e-03 
 2.15443469e+09 -7.64193622e-03  2.15443469e+09 -4.61779705e-03 
 2.32630507e+09 -7.57042846e-03  2.32630507e+09 -4.27221893e-03 
 2.51188643e+09 -7.50901865e-03  2.51188643e+09 -3.95307268e-03 
 2.71227258e+09 -7.45629002e-03  2.71227258e+09 -3.65822242e-03 
 2.92864456e+09 -7.41102220e-03  2.92864456e+09 -3.38572710e-03 
 3.16227766e+09 -7.37216461e-03  3.16227766e+09 -3.13381867e-03 
 3.41454887e+09 -7.33881329e-03  3.41454887e+09 -2.90088334e-03 
 3.68694506e+09 -7.31019076e-03  3.68694506e+09 -2.68544543e-03 
 3.98107171e+09 -7.28562862e-03  3.98107171e+09 -2.48615334e-03 
 4.29866235e+09 -7.26455238e-03  4.29866235e+09 -2.30176733e-03 
 4.64158883e+09 -7.24646846e-03  4.64158883e+09 -2.13114881e-03 
 5.01187234e+09 -7.23095284e-03  5.01187234e+09 -1.97325095e-03 
 5.41169527e+09 -7.21764140e-03  5.41169527e+09 -1.82711033e-03 
 5.84341413e+09 -7.20622146e-03  5.84341413e+09 -1.69183953e-03 
 6.30957344e+09 -7.19642458e-03  6.30957344e+09 -1.56662054e-03 
 6.81292069e+09 -7.18802033e-03  6.81292069e+09 -1.45069885e-03 
 7.35642254e+09 -7.18081093e-03  7.35642254e+09 -1.34337813e-03 
 7.94328235e+09 -7.17462664e-03  7.94328235e+09 -1.24401543e-03 
 8.57695899e+09 -7.16932180e-03  8.57695899e+09 -1.15201683e-03 
 9.26118728e+09 -7.16477142e-03  9.26118728e+09 -1.06683354e-03 
 1.00000000e+10 -7.16086825e-03  1.00000000e+10 -9.87958248e-04 
