 1.00000000e+00  3.33824502e+02  1.00000000e+00 -4.72978453e-03 
 1.07977516e+00  3.33824502e+02  1.07977516e+00 -5.10710386e-03 
 1.16591440e+00  3.33824502e+02  1.16591440e+00 -5.51452390e-03 
 1.25892541e+00  3.33824502e+02  1.25892541e+00 -5.95444593e-03 
 1.35935639e+00  3.33824502e+02  1.35935639e+00 -6.42946282e-03 
 1.46779927e+00  3.33824502e+02  1.46779927e+00 -6.94237426e-03 
 1.58489319e+00  3.33824502e+02  1.58489319e+00 -7.49620330e-03 
 1.71132830e+00  3.33824502e+02  1.71132830e+00 -8.09421413e-03 
 1.84784980e+00  3.33824502e+02  1.84784980e+00 -8.73993138e-03 
 1.99526231e+00  3.33824502e+02  1.99526231e+00 -9.43716082e-03 
 2.15443469e+00  3.33824502e+02  2.15443469e+00 -1.01900119e-02 
 2.32630507e+00  3.33824502e+02  2.32630507e+00 -1.10029217e-02 
 2.51188643e+00  3.33824502e+02  2.51188643e+00 -1.18806816e-02 
 2.71227258e+00  3.33824502e+02  2.71227258e+00 -1.28284649e-02 
 2.92864456e+00  3.33824502e+02  2.92864456e+00 -1.38518577e-02 
 3.16227766e+00  3.33824502e+02  3.16227766e+00 -1.49568919e-02 
 3.41454887e+00  3.33824502e+02  3.41454887e+00 -1.61500804e-02 
 3.68694506e+00  3.33824501e+02  3.68694506e+00 -1.74384557e-02 
 3.98107171e+00  3.33824501e+02  3.98107171e+00 -1.88296113e-02 
 4.29866235e+00  3.33824501e+02  4.29866235e+00 -2.03317466e-02 
 4.64158883e+00  3.33824501e+02  4.64158883e+00 -2.19537150e-02 
 5.01187234e+00  3.33824501e+02  5.01187234e+00 -2.37050761e-02 
 5.41169527e+00  3.33824500e+02  5.41169527e+00 -2.55961524e-02 
 5.84341413e+00  3.33824500e+02  5.84341413e+00 -2.76380896e-02 
 6.30957344e+00  3.33824500e+02  6.30957344e+00 -2.98429226e-02 
 6.81292069e+00  3.33824499e+02  6.81292069e+00 -3.22236466e-02 
 7.35642254e+00  3.33824499e+02  7.35642254e+00 -3.47942932e-02 
 7.94328235e+00  3.33824498e+02  7.94328235e+00 -3.75700135e-02 
 8.57695899e+00  3.33824497e+02  8.57695899e+00 -4.05671673e-02 
 9.26118728e+00  3.33824497e+02  9.26118728e+00 -4.38034196e-02 
 1.00000000e+01  3.33824496e+02  1.00000000e+01 -4.72978443e-02 
 1.07977516e+01  3.33824494e+02  1.07977516e+01 -5.10710374e-02 
 1.16591440e+01  3.33824493e+02  1.16591440e+01 -5.51452375e-02 
 1.25892541e+01  3.33824492e+02  1.25892541e+01 -5.95444575e-02 
 1.35935639e+01  3.33824490e+02  1.35935639e+01 -6.42946259e-02 
 1.46779927e+01  3.33824488e+02  1.46779927e+01 -6.94237397e-02 
 1.58489319e+01  3.33824485e+02  1.58489319e+01 -7.49620292e-02 
 1.71132830e+01  3.33824483e+02  1.71132830e+01 -8.09421366e-02 
 1.84784980e+01  3.33824479e+02  1.84784980e+01 -8.73993079e-02 
 1.99526231e+01  3.33824476e+02  1.99526231e+01 -9.43716008e-02 
 2.15443469e+01  3.33824471e+02  2.15443469e+01 -1.01900109e-01 
 2.32630507e+01  3.33824466e+02  2.32630507e+01 -1.10029205e-01 
 2.51188643e+01  3.33824460e+02  2.51188643e+01 -1.18806801e-01 
 2.71227258e+01  3.33824453e+02  2.71227258e+01 -1.28284630e-01 
 2.92864456e+01  3.33824445e+02  2.92864456e+01 -1.38518554e-01 
 3.16227766e+01  3.33824435e+02  3.16227766e+01 -1.49568890e-01 
 3.41454887e+01  3.33824424e+02  3.41454887e+01 -1.61500767e-01 
 3.68694506e+01  3.33824411e+02  3.68694506e+01 -1.74384510e-01 
 3.98107171e+01  3.33824396e+02  3.98107171e+01 -1.88296054e-01 
 4.29866235e+01  3.33824379e+02  4.29866235e+01 -2.03317391e-01 
 4.64158883e+01  3.33824358e+02  4.64158883e+01 -2.19537056e-01 
 5.01187234e+01  3.33824334e+02  5.01187234e+01 -2.37050643e-01 
 5.41169527e+01  3.33824306e+02  5.41169527e+01 -2.55961375e-01 
 5.84341413e+01  3.33824274e+02  5.84341413e+01 -2.76380708e-01 
 6.30957344e+01  3.33824236e+02  6.30957344e+01 -2.98428990e-01 
 6.81292069e+01  3.33824191e+02  6.81292069e+01 -3.22236169e-01 
 7.35642254e+01  3.33824140e+02  7.35642254e+01 -3.47942558e-01 
 7.94328235e+01  3.33824080e+02  7.94328235e+01 -3.75699664e-01 
 8.57695899e+01  3.33824010e+02  8.57695899e+01 -4.05671081e-01 
 9.26118728e+01  3.33823928e+02  9.26118728e+01 -4.38033450e-01 
 1.00000000e+02  3.33823833e+02  1.00000000e+02 -4.72977505e-01 
 1.07977516e+02  3.33823721e+02  1.07977516e+02 -5.10709192e-01 
 1.16591440e+02  3.33823592e+02  1.16591440e+02 -5.51450887e-01 
 1.25892541e+02  3.33823441e+02  1.25892541e+02 -5.95442702e-01 
 1.35935639e+02  3.33823265e+02  1.35935639e+02 -6.42943901e-01 
 1.46779927e+02  3.33823059e+02  1.46779927e+02 -6.94234428e-01 
 1.58489319e+02  3.33822820e+02  1.58489319e+02 -7.49616555e-01 
 1.71132830e+02  3.33822541e+02  1.71132830e+02 -8.09416661e-01 
 1.84784980e+02  3.33822216e+02  1.84784980e+02 -8.73987156e-01 
 1.99526231e+02  3.33821836e+02  1.99526231e+02 -9.43708551e-01 
 2.15443469e+02  3.33821394e+02  2.15443469e+02 -1.01899170e+00 
 2.32630507e+02  3.33820878e+02  2.32630507e+02 -1.10028023e+00 
 2.51188643e+02  3.33820277e+02  2.51188643e+02 -1.18805313e+00 
 2.71227258e+02  3.33819576e+02  2.71227258e+02 -1.28282757e+00 
 2.92864456e+02  3.33818759e+02  2.92864456e+02 -1.38516196e+00 
 3.16227766e+02  3.33817806e+02  3.16227766e+02 -1.49565921e+00 
 3.41454887e+02  3.33816695e+02  3.41454887e+02 -1.61497030e+00 
 3.68694506e+02  3.33815399e+02  3.68694506e+02 -1.74379805e+00 
 3.98107171e+02  3.33813889e+02  3.98107171e+02 -1.88290131e+00 
 4.29866235e+02  3.33812128e+02  4.29866235e+02 -2.03309935e+00 
 4.64158883e+02  3.33810075e+02  4.64158883e+02 -2.19527669e+00 
 5.01187234e+02  3.33807681e+02  5.01187234e+02 -2.37038826e+00 
 5.41169527e+02  3.33804891e+02  5.41169527e+02 -2.55946498e+00 
 5.84341413e+02  3.33801637e+02  5.84341413e+02 -2.76361980e+00 
 6.30957344e+02  3.33797844e+02  6.30957344e+02 -2.98405413e+00 
 6.81292069e+02  3.33793421e+02  6.81292069e+02 -3.22206487e+00 
 7.35642254e+02  3.33788265e+02  7.35642254e+02 -3.47905191e+00 
 7.94328235e+02  3.33782253e+02  7.94328235e+02 -3.75652623e+00 
 8.57695899e+02  3.33775245e+02  8.57695899e+02 -4.05611861e+00 
 9.26118728e+02  3.33767073e+02  9.26118728e+02 -4.37958898e+00 
 1.00000000e+03  3.33757547e+02  1.00000000e+03 -4.72883652e+00 
 1.07977516e+03  3.33746441e+02  1.07977516e+03 -5.10591042e+00 
 1.16591440e+03  3.33733493e+02  1.16591440e+03 -5.51302151e+00 
 1.25892541e+03  3.33718398e+02  1.25892541e+03 -5.95255463e+00 
 1.35935639e+03  3.33700800e+02  1.35935639e+03 -6.42708194e+00 
 1.46779927e+03  3.33680285e+02  1.46779927e+03 -6.93937709e+00 
 1.58489319e+03  3.33656370e+02  1.58489319e+03 -7.49243035e+00 
 1.71132830e+03  3.33628490e+02  1.71132830e+03 -8.08946466e+00 
 1.84784980e+03  3.33595991e+02  1.84784980e+03 -8.73395273e+00 
 1.99526231e+03  3.33558108e+02  1.99526231e+03 -9.42963501e+00 
 2.15443469e+03  3.33513951e+02  2.15443469e+03 -1.01805387e+01 
 2.32630507e+03  3.33462482e+02  2.32630507e+03 -1.09909975e+01 
 2.51188643e+03  3.33402493e+02  2.51188643e+03 -1.18656726e+01 
 2.71227258e+03  3.33332579e+02  2.71227258e+03 -1.28095737e+01 
 2.92864456e+03  3.33251102e+02  2.92864456e+03 -1.38280809e+01 
 3.16227766e+03  3.33156157e+02  3.16227766e+03 -1.49269672e+01 
 3.41454887e+03  3.33045527e+02  3.41454887e+03 -1.61124199e+01 
 3.68694506e+03  3.32916635e+02  3.68694506e+03 -1.73910623e+01 
 3.98107171e+03  3.32766484e+02  3.98107171e+03 -1.87699734e+01 
 4.29866235e+03  3.32591591e+02  4.29866235e+03 -2.02567064e+01 
 4.64158883e+03  3.32387913e+02  4.64158883e+03 -2.18593028e+01 
 5.01187234e+03  3.32150757e+02  5.01187234e+03 -2.35863030e+01 
 5.41169527e+03  3.31874679e+02  5.41169527e+03 -2.54467500e+01 
 5.84341413e+03  3.31553375e+02  5.84341413e+03 -2.74501851e+01 
 6.30957344e+03  3.31179545e+02  6.30957344e+03 -2.96066315e+01 
 6.81292069e+03  3.30744755e+02  6.81292069e+03 -3.19265639e+01 
 7.35642254e+03  3.30239264e+02  7.35642254e+03 -3.44208595e+01 
 7.94328235e+03  3.29651852e+02  7.94328235e+03 -3.71007240e+01 
 8.57695899e+03  3.28969611e+02  8.57695899e+03 -3.99775887e+01 
 9.26118728e+03  3.28177730e+02  9.26118728e+03 -4.30629695e+01 
 1.00000000e+04  3.27259263e+02  1.00000000e+04 -4.63682801e+01 
 1.07977516e+04  3.26194873e+02  1.07977516e+04 -4.99045888e+01 
 1.16591440e+04  3.24962590e+02  1.16591440e+04 -5.36823094e+01 
 1.25892541e+04  3.23537549e+02  1.25892541e+04 -5.77108109e+01 
 1.35935639e+04  3.21891762e+02  1.35935639e+04 -6.19979361e+01 
 1.46779927e+04  3.19993919e+02  1.46779927e+04 -6.65494138e+01 
 1.58489319e+04  3.17809239e+02  1.58489319e+04 -7.13681547e+01 
 1.71132830e+04  3.15299432e+02  1.71132830e+04 -7.64534216e+01 
 1.84784980e+04  3.12422771e+02  1.84784980e+04 -8.17998705e+01 
 1.99526231e+04  3.09134364e+02  1.99526231e+04 -8.73964704e+01 
 2.15443469e+04  3.05386647e+02  2.15443469e+04 -9.32253190e+01 
 2.32630507e+04  3.01130184e+02  2.32630507e+04 -9.92603940e+01 
 2.51188643e+04  2.96314824e+02  2.51188643e+04 -1.05466300e+02 
 2.71227258e+04  2.90891278e+02  2.71227258e+04 -1.11797099e+02 
 2.92864456e+04  2.84813147e+02  2.92864456e+04 -1.18195351e+02 
 3.16227766e+04  2.78039416e+02  3.16227766e+04 -1.24591510e+02 
 3.41454887e+04  2.70537365e+02  3.41454887e+04 -1.30903859e+02 
 3.68694506e+04  2.62285800e+02  3.68694506e+04 -1.37039166e+02 
 3.98107171e+04  2.53278417e+02  3.98107171e+04 -1.42894246e+02 
 4.29866235e+04  2.43527028e+02  4.29866235e+04 -1.48358543e+02 
 4.64158883e+04  2.33064314e+02  4.64158883e+04 -1.53317799e+02 
 5.01187234e+04  2.21945721e+02  5.01187234e+04 -1.57658713e+02 
 5.41169527e+04  2.10250117e+02  5.41169527e+04 -1.61274368e+02 
 5.84341413e+04  1.98078899e+02  5.84341413e+04 -1.64070045e+02 
 6.30957344e+04  1.85553388e+02  6.30957344e+04 -1.65968897e+02 
 6.81292069e+04  1.72810538e+02  6.81292069e+04 -1.66916905e+02 
 7.35642254e+04  1.59997231e+02  7.35642254e+04 -1.66886541e+02 
 7.94328235e+04  1.47263618e+02  7.94328235e+04 -1.65878692e+02 
 8.57695899e+04  1.34756154e+02  8.57695899e+04 -1.63922597e+02 
 9.26118728e+04  1.22610980e+02  9.26118728e+04 -1.61073807e+02 
 1.00000000e+05  1.10948294e+02  1.00000000e+05 -1.57410425e+02 
 1.07977516e+05  9.98681609e+01  1.07977516e+05 -1.53028093e+02 
 1.16591440e+05  8.94480091e+01  1.16591440e+05 -1.48034288e+02 
 1.25892541e+05  7.97418462e+01  1.25892541e+05 -1.42542522e+02 
 1.35935639e+05  7.07809992e+01  1.35935639e+05 -1.36666949e+02 
 1.46779927e+05  6.25760745e+01  1.46779927e+05 -1.30517764e+02 
 1.58489319e+05  5.51197512e+01  1.58489319e+05 -1.24197602e+02 
 1.71132830e+05  4.83900272e+01  1.71132830e+05 -1.17799019e+02 
 1.84784980e+05  4.23535795e+01  1.84784980e+05 -1.11402990e+02 
 1.99526231e+05  3.69689790e+01  1.99526231e+05 -1.05078305e+02 
 2.15443469e+05  3.21895811e+01  2.15443469e+05 -9.88816715e+01 
 2.32630507e+05  2.79659891e+01  2.32630507e+05 -9.28583451e+01 
 2.51188643e+05  2.42480560e+01  2.51188643e+05 -8.70431069e+01 
 2.71227258e+05  2.09864319e+01  2.71227258e+05 -8.14614408e+01 
 2.92864456e+05  1.81336981e+01  2.92864456e+05 -7.61307882e+01 
 3.16227766e+05  1.56451448e+01  3.16227766e+05 -7.10617954e+01 
 3.41454887e+05  1.34792539e+01  3.41454887e+05 -6.62594910e+01 
 3.68694506e+05  1.15979489e+01  3.68694506e+05 -6.17243601e+01 
 3.98107171e+05  9.96666873e+00  3.98107171e+05 -5.74532947e+01 
 4.29866235e+05  8.55431093e+00  4.29866235e+05 -5.34404155e+01 
 4.64158883e+05  7.33308706e+00  4.64158883e+05 -4.96777691e+01 
 5.01187234e+05  6.27831967e+00  5.01187234e+05 -4.61559082e+01 
 5.41169527e+05  5.36820610e+00  5.41169527e+05 -4.28643676e+01 
 5.84341413e+05  4.58356719e+00  5.84341413e+05 -3.97920484e+01 
 6.30957344e+05  3.90759370e+00  6.30957344e+05 -3.69275234e+01 
 6.81292069e+05  3.32559968e+00  6.81292069e+05 -3.42592762e+01 
 7.35642254e+05  2.82478854e+00  7.35642254e+05 -3.17758846e+01 
 7.94328235e+05  2.39403536e+00  7.94328235e+05 -2.94661595e+01 
 8.57695899e+05  2.02368739e+00  8.57695899e+05 -2.73192456e+01 
 9.26118728e+05  1.70538313e+00  9.26118728e+05 -2.53246935e+01 
 1.00000000e+06  1.43188990e+00  1.00000000e+06 -2.34725076e+01 
 1.07977516e+06  1.19695906e+00  1.07977516e+06 -2.17531758e+01 
 1.16591440e+06  9.95197795e-01  1.16591440e+06 -2.01576844e+01 
 1.25892541e+06  8.21956008e-01  1.25892541e+06 -1.86775223e+01 
 1.35935639e+06  6.73227137e-01  1.35935639e+06 -1.73046766e+01 
 1.46779927e+06  5.45561362e-01  1.46779927e+06 -1.60316219e+01 
 1.58489319e+06  4.35989930e-01  1.58489319e+06 -1.48513058e+01 
 1.71132830e+06  3.41959327e-01  1.71132830e+06 -1.37571301e+01 
 1.84784980e+06  2.61274137e-01  1.84784980e+06 -1.27429313e+01 
 1.99526231e+06  1.92047528e-01  1.99526231e+06 -1.18029587e+01 
 2.15443469e+06  1.32658414e-01  2.15443469e+06 -1.09318527e+01 
 2.32630507e+06  8.17144464e-02  2.32630507e+06 -1.01246227e+01 
 2.51188643e+06  3.80200678e-02  2.51188643e+06 -9.37662516e+00 
 2.71227258e+06  5.48968572e-04  2.71227258e+06 -8.68354217e+00 
 2.92864456e+06 -3.15796396e-02  2.92864456e+06 -8.04136103e+00 
 3.16227766e+06 -5.91214493e-02  3.16227766e+06 -7.44635427e+00 
 3.41454887e+06 -8.27246271e-02  3.41454887e+06 -6.89506073e+00 
 3.68694506e+06 -1.02944918e-01  3.68694506e+06 -6.38426764e+00 
 3.98107171e+06 -1.20258621e-01  3.98107171e+06 -5.91099357e+00 
 4.29866235e+06 -1.35073729e-01  4.29866235e+06 -5.47247242e+00 
 4.64158883e+06 -1.47739490e-01  4.64158883e+06 -5.06613836e+00 
 5.01187234e+06 -1.58554596e-01  5.01187234e+06 -4.68961169e+00 
 5.41169527e+06 -1.67774207e-01  5.41169527e+06 -4.34068564e+00 
 5.84341413e+06 -1.75615952e-01  5.84341413e+06 -4.01731400e+00 
 6.30957344e+06 -1.82265068e-01  6.30957344e+06 -3.71759962e+00 
 6.81292069e+06 -1.87878777e-01  6.81292069e+06 -3.43978366e+00 
 7.35642254e+06 -1.92590019e-01  7.35642254e+06 -3.18223567e+00 
 7.94328235e+06 -1.96510628e-01  7.94328235e+06 -2.94344432e+00 
 8.57695899e+06 -1.99734023e-01  8.57695899e+06 -2.72200879e+00 
 9.26118728e+06 -2.02337492e-01  9.26118728e+06 -2.51663091e+00 
 1.00000000e+07 -2.04384116e-01  1.00000000e+07 -2.32610777e+00 
 1.07977516e+07 -2.05924399e-01  1.07977516e+07 -2.14932505e+00 
 1.16591440e+07 -2.06997643e-01  1.16591440e+07 -1.98525077e+00 
 1.25892541e+07 -2.07633122e-01  1.25892541e+07 -1.83292969e+00 
 1.35935639e+07 -2.07851086e-01  1.35935639e+07 -1.69147812e+00 
 1.46779927e+07 -2.07663659e-01  1.46779927e+07 -1.56007926e+00 
 1.58489319e+07 -2.07075652e-01  1.58489319e+07 -1.43797898e+00 
 1.71132830e+07 -2.06085362e-01  1.71132830e+07 -1.32448205e+00 
 1.84784980e+07 -2.04685382e-01  1.84784980e+07 -1.21894873e+00 
 1.99526231e+07 -2.02863501e-01  1.99526231e+07 -1.12079180e+00 
 2.15443469e+07 -2.00603721e-01  2.15443469e+07 -1.02947380e+00 
 2.32630507e+07 -1.97887462e-01  2.32630507e+07 -9.44504595e-01 
 2.51188643e+07 -1.94694988e-01  2.51188643e+07 -8.65439096e-01 
 2.71227258e+07 -1.91007082e-01  2.71227258e+07 -7.91875027e-01 
 2.92864456e+07 -1.86806987e-01  2.92864456e+07 -7.23450650e-01 
 3.16227766e+07 -1.82082565e-01  3.16227766e+07 -6.59842302e-01 
 3.41454887e+07 -1.76828616e-01  3.41454887e+07 -6.00761612e-01 
 3.68694506e+07 -1.71049220e-01  3.68694506e+07 -5.45952266e-01 
 3.98107171e+07 -1.64759918e-01  3.98107171e+07 -4.95186246e-01 
 4.29866235e+07 -1.57989516e-01  4.29866235e+07 -4.48259513e-01 
 4.64158883e+07 -1.50781242e-01  4.64158883e+07 -4.04987191e-01 
 5.01187234e+07 -1.43193041e-01  5.01187234e+07 -3.65198430e-01 
 5.41169527e+07 -1.35296805e-01  5.41169527e+07 -3.28731196e-01 
 5.84341413e+07 -1.27176476e-01  5.84341413e+07 -2.95427351e-01 
 6.30957344e+07 -1.18925062e-01  6.30957344e+07 -2.65128378e-01 
 6.81292069e+07 -1.10640791e-01  6.81292069e+07 -2.37672122e-01 
 7.35642254e+07 -1.02422724e-01  7.35642254e+07 -2.12890797e-01 
 7.94328235e+07 -9.43662637e-02  7.94328235e+07 -1.90610374e-01 
 8.57695899e+07 -8.65589929e-02  8.57695899e+07 -1.70651310e-01 
 9.26118728e+07 -7.90772251e-02  9.26118728e+07 -1.52830390e-01 
 1.00000000e+08 -7.19835475e-02  1.00000000e+08 -1.36963379e-01 
 1.07977516e+08 -6.53254756e-02  1.07977516e+08 -1.22868072e-01 
 1.16591440e+08 -5.91352033e-02  1.16591440e+08 -1.10367390e-01 
 1.25892541e+08 -5.34303070e-02  1.25892541e+08 -9.92921825e-02 
 1.35935639e+08 -4.82151834e-02  1.35935639e+08 -8.94835193e-02 
 1.46779927e+08 -4.34829708e-02  1.46779927e+08 -8.07943543e-02 
 1.58489319e+08 -3.92177063e-02  1.58489319e+08 -7.30905243e-02 
 1.71132830e+08 -3.53965145e-02  1.71132830e+08 -6.62511342e-02 
 1.84784980e+08 -3.19916659e-02  1.84784980e+08 -6.01684213e-02 
 1.99526231e+08 -2.89724049e-02  1.99526231e+08 -5.47472138e-02 
 2.15443469e+08 -2.63064890e-02  2.15443469e+08 -4.99041038e-02 
 2.32630507e+08 -2.39614264e-02  2.32630507e+08 -4.55664441e-02 
 2.51188643e+08 -2.19054217e-02  2.51188643e+08 -4.16712601e-02 
 2.71227258e+08 -2.01080595e-02  2.71227258e+08 -3.81641483e-02 
 2.92864456e+08 -1.85407653e-02  2.92864456e+08 -3.49982107e-02 
 3.16227766e+08 -1.71770835e-02  3.16227766e+08 -3.21330612e-02 
 3.41454887e+08 -1.59928123e-02  3.41454887e+08 -2.95339201e-02 
 3.68694506e+08 -1.49660310e-02  3.68694506e+08 -2.71708077e-02 
 3.98107171e+08 -1.40770495e-02  3.98107171e+08 -2.50178360e-02 
 4.29866235e+08 -1.33083043e-02  4.29866235e+08 -2.30525953e-02 
 4.64158883e+08 -1.26442210e-02  4.64158883e+08 -2.12556275e-02 
 5.01187234e+08 -1.20710578e-02  5.01187234e+08 -1.96099786e-02 
 5.41169527e+08 -1.15767411e-02  5.41169527e+08 -1.81008189e-02 
 5.84341413e+08 -1.11507004e-02  5.84341413e+08 -1.67151245e-02 
 6.30957344e+08 -1.07837095e-02  6.30957344e+08 -1.54414094e-02 
 6.81292069e+08 -1.04677358e-02  6.81292069e+08 -1.42695009e-02 
 7.35642254e+08 -1.01958005e-02  7.35642254e+08 -1.31903531e-02 
 7.94328235e+08 -9.96185134e-03  7.94328235e+08 -1.21958892e-02 
 8.57695899e+08 -9.76064701e-03  8.57695899e+08 -1.12788714e-02 
 9.26118728e+08 -9.58765410e-03  9.26118728e+08 -1.04327904e-02 
 1.00000000e+09 -9.43895535e-03  1.00000000e+09 -9.65177365e-03 
 1.07977516e+09 -9.31116879e-03  1.07977516e+09 -8.93050706e-03 
 1.16591440e+09 -9.20137659e-03  1.16591440e+09 -8.26416934e-03 
 1.25892541e+09 -9.10706291e-03  1.25892541e+09 -7.64837573e-03 
 1.35935639e+09 -9.02605965e-03  1.35935639e+09 -7.07912995e-03 
 1.46779927e+09 -8.95649927e-03  1.46779927e+09 -6.55278275e-03 
 1.58489319e+09 -8.89677379e-03  1.58489319e+09 -6.06599617e-03 
 1.71132830e+09 -8.84549925e-03  1.71132830e+09 -5.61571226e-03 
 1.84784980e+09 -8.80148494e-03  1.84784980e+09 -5.19912593e-03 
 1.99526231e+09 -8.76370673e-03  1.99526231e+09 -4.81366088e-03 
 2.15443469e+09 -8.73128402e-03  2.15443469e+09 -4.45694849e-03 
 2.32630507e+09 -8.70345986e-03  2.32630507e+09 -4.12680901e-03 
 2.51188643e+09 -8.67958375e-03  2.51188643e+09 -3.82123491e-03 
 2.71227258e+09 -8.65909679e-03  2.71227258e+09 -3.53837587e-03 
 2.92864456e+09 -8.64151885e-03  2.92864456e+09 -3.27652543e-03 
 3.16227766e+09 -8.62643761e-03  3.16227766e+09 -3.03410893e-03 
 3.41454887e+09 -8.61349900e-03  3.41454887e+09 -2.80967259e-03 
 3.68694506e+09 -8.60239901e-03  3.68694506e+09 -2.60187370e-03 
 3.98107171e+09 -8.59287667e-03  3.98107171e+09 -2.40947167e-03 
 4.29866235e+09 -8.58470798e-03  4.29866235e+09 -2.23131986e-03 
 4.64158883e+09 -8.57770068e-03  4.64158883e+09 -2.06635823e-03 
 5.01187234e+09 -8.57168978e-03  5.01187234e+09 -1.91360652e-03 
 5.41169527e+09 -8.56653367e-03  5.41169527e+09 -1.77215806e-03 
 5.84341413e+09 -8.56211088e-03  5.84341413e+09 -1.64117411e-03 
 6.30957344e+09 -8.55831716e-03  6.30957344e+09 -1.51987865e-03 
 6.81292069e+09 -8.55506307e-03  6.81292069e+09 -1.40755357e-03 
 7.35642254e+09 -8.55227188e-03  7.35642254e+09 -1.30353430e-03 
 7.94328235e+09 -8.54987777e-03  7.94328235e+09 -1.20720574e-03 
 8.57695899e+09 -8.54782425e-03  8.57695899e+09 -1.11799854e-03 
 9.26118728e+09 -8.54606289e-03  9.26118728e+09 -1.03538563e-03 
 1.00000000e+10 -8.54455213e-03  1.00000000e+10 -9.58879098e-04 
