 1.00000000e+00  3.35738645e+02  1.00000000e+00 -5.93592305e-03 
 1.07977516e+00  3.35738645e+02  1.07977516e+00 -6.40946227e-03 
 1.16591440e+00  3.35738645e+02  1.16591440e+00 -6.92077817e-03 
 1.25892541e+00  3.35738645e+02  1.25892541e+00 -7.47288437e-03 
 1.35935639e+00  3.35738645e+02  1.35935639e+00 -8.06903493e-03 
 1.46779927e+00  3.35738644e+02  1.46779927e+00 -8.71274350e-03 
 1.58489319e+00  3.35738644e+02  1.58489319e+00 -9.40780403e-03 
 1.71132830e+00  3.35738644e+02  1.71132830e+00 -1.01583131e-02 
 1.84784980e+00  3.35738644e+02  1.84784980e+00 -1.09686942e-02 
 1.99526231e+00  3.35738644e+02  1.99526231e+00 -1.18437236e-02 
 2.15443469e+00  3.35738644e+02  2.15443469e+00 -1.27885585e-02 
 2.32630507e+00  3.35738644e+02  2.32630507e+00 -1.38087678e-02 
 2.51188643e+00  3.35738644e+02  2.51188643e+00 -1.49103645e-02 
 2.71227258e+00  3.35738644e+02  2.71227258e+00 -1.60998413e-02 
 2.92864456e+00  3.35738644e+02  2.92864456e+00 -1.73842087e-02 
 3.16227766e+00  3.35738644e+02  3.16227766e+00 -1.87710368e-02 
 3.41454887e+00  3.35738643e+02  3.41454887e+00 -2.02684993e-02 
 3.68694506e+00  3.35738643e+02  3.68694506e+00 -2.18854221e-02 
 3.98107171e+00  3.35738643e+02  3.98107171e+00 -2.36313352e-02 
 4.29866235e+00  3.35738643e+02  4.29866235e+00 -2.55165288e-02 
 4.64158883e+00  3.35738642e+02  4.64158883e+00 -2.75521140e-02 
 5.01187234e+00  3.35738642e+02  5.01187234e+00 -2.97500883e-02 
 5.41169527e+00  3.35738642e+02  5.41169527e+00 -3.21234064e-02 
 5.84341413e+00  3.35738641e+02  5.84341413e+00 -3.46860563e-02 
 6.30957344e+00  3.35738641e+02  6.30957344e+00 -3.74531420e-02 
 6.81292069e+00  3.35738640e+02  6.81292069e+00 -4.04409724e-02 
 7.35642254e+00  3.35738639e+02  7.35642254e+00 -4.36671574e-02 
 7.94328235e+00  3.35738638e+02  7.94328235e+00 -4.71507119e-02 
 8.57695899e+00  3.35738637e+02  8.57695899e+00 -5.09121674e-02 
 9.26118728e+00  3.35738636e+02  9.26118728e+00 -5.49736936e-02 
 1.00000000e+01  3.35738634e+02  1.00000000e+01 -5.93592287e-02 
 1.07977516e+01  3.35738632e+02  1.07977516e+01 -6.40946204e-02 
 1.16591440e+01  3.35738630e+02  1.16591440e+01 -6.92077788e-02 
 1.25892541e+01  3.35738628e+02  1.25892541e+01 -7.47288400e-02 
 1.35935639e+01  3.35738625e+02  1.35935639e+01 -8.06903447e-02 
 1.46779927e+01  3.35738622e+02  1.46779927e+01 -8.71274292e-02 
 1.58489319e+01  3.35738618e+02  1.58489319e+01 -9.40780330e-02 
 1.71132830e+01  3.35738614e+02  1.71132830e+01 -1.01583122e-01 
 1.84784980e+01  3.35738609e+02  1.84784980e+01 -1.09686930e-01 
 1.99526231e+01  3.35738603e+02  1.99526231e+01 -1.18437221e-01 
 2.15443469e+01  3.35738596e+02  2.15443469e+01 -1.27885567e-01 
 2.32630507e+01  3.35738588e+02  2.32630507e+01 -1.38087655e-01 
 2.51188643e+01  3.35738579e+02  2.51188643e+01 -1.49103616e-01 
 2.71227258e+01  3.35738568e+02  2.71227258e+01 -1.60998376e-01 
 2.92864456e+01  3.35738555e+02  2.92864456e+01 -1.73842041e-01 
 3.16227766e+01  3.35738540e+02  3.16227766e+01 -1.87710310e-01 
 3.41454887e+01  3.35738522e+02  3.41454887e+01 -2.02684920e-01 
 3.68694506e+01  3.35738502e+02  3.68694506e+01 -2.18854129e-01 
 3.98107171e+01  3.35738478e+02  3.98107171e+01 -2.36313236e-01 
 4.29866235e+01  3.35738451e+02  4.29866235e+01 -2.55165142e-01 
 4.64158883e+01  3.35738419e+02  4.64158883e+01 -2.75520956e-01 
 5.01187234e+01  3.35738381e+02  5.01187234e+01 -2.97500652e-01 
 5.41169527e+01  3.35738338e+02  5.41169527e+01 -3.21233773e-01 
 5.84341413e+01  3.35738287e+02  5.84341413e+01 -3.46860197e-01 
 6.30957344e+01  3.35738227e+02  6.30957344e+01 -3.74530959e-01 
 6.81292069e+01  3.35738158e+02  6.81292069e+01 -4.04409144e-01 
 7.35642254e+01  3.35738077e+02  7.35642254e+01 -4.36670844e-01 
 7.94328235e+01  3.35737983e+02  7.94328235e+01 -4.71506199e-01 
 8.57695899e+01  3.35737873e+02  8.57695899e+01 -5.09120516e-01 
 9.26118728e+01  3.35737745e+02  9.26118728e+01 -5.49735479e-01 
 1.00000000e+02  3.35737596e+02  1.00000000e+02 -5.93590452e-01 
 1.07977516e+02  3.35737422e+02  1.07977516e+02 -6.40943895e-01 
 1.16591440e+02  3.35737219e+02  1.16591440e+02 -6.92074880e-01 
 1.25892541e+02  3.35736983e+02  1.25892541e+02 -7.47284740e-01 
 1.35935639e+02  3.35736707e+02  1.35935639e+02 -8.06898839e-01 
 1.46779927e+02  3.35736385e+02  1.46779927e+02 -8.71268491e-01 
 1.58489319e+02  3.35736010e+02  1.58489319e+02 -9.40773026e-01 
 1.71132830e+02  3.35735573e+02  1.71132830e+02 -1.01582203e+00 
 1.84784980e+02  3.35735064e+02  1.84784980e+02 -1.09685773e+00 
 1.99526231e+02  3.35734469e+02  1.99526231e+02 -1.18435764e+00 
 2.15443469e+02  3.35733777e+02  2.15443469e+02 -1.27883732e+00 
 2.32630507e+02  3.35732969e+02  2.32630507e+02 -1.38085346e+00 
 2.51188643e+02  3.35732027e+02  2.51188643e+02 -1.49100709e+00 
 2.71227258e+02  3.35730930e+02  2.71227258e+02 -1.60994716e+00 
 2.92864456e+02  3.35729650e+02  2.92864456e+02 -1.73837433e+00 
 3.16227766e+02  3.35728157e+02  3.16227766e+02 -1.87704509e+00 
 3.41454887e+02  3.35726417e+02  3.41454887e+02 -2.02677617e+00 
 3.68694506e+02  3.35724389e+02  3.68694506e+02 -2.18844935e+00 
 3.98107171e+02  3.35722023e+02  3.98107171e+02 -2.36301662e+00 
 4.29866235e+02  3.35719266e+02  4.29866235e+02 -2.55150571e+00 
 4.64158883e+02  3.35716051e+02  4.64158883e+02 -2.75502612e+00 
 5.01187234e+02  3.35712302e+02  5.01187234e+02 -2.97477558e+00 
 5.41169527e+02  3.35707932e+02  5.41169527e+02 -3.21204700e+00 
 5.84341413e+02  3.35702837e+02  5.84341413e+02 -3.46823597e+00 
 6.30957344e+02  3.35696897e+02  6.30957344e+02 -3.74484884e+00 
 6.81292069e+02  3.35689971e+02  6.81292069e+02 -4.04351139e+00 
 7.35642254e+02  3.35681897e+02  7.35642254e+02 -4.36597822e+00 
 7.94328235e+02  3.35672484e+02  7.94328235e+02 -4.71414273e+00 
 8.57695899e+02  3.35661509e+02  8.57695899e+02 -5.09004792e+00 
 9.26118728e+02  3.35648714e+02  9.26118728e+02 -5.49589796e+00 
 1.00000000e+03  3.35633798e+02  1.00000000e+03 -5.93407057e+00 
 1.07977516e+03  3.35616409e+02  1.07977516e+03 -6.40713026e+00 
 1.16591440e+03  3.35596137e+02  1.16591440e+03 -6.91784252e+00 
 1.25892541e+03  3.35572505e+02  1.25892541e+03 -7.46918886e+00 
 1.35935639e+03  3.35544956e+02  1.35935639e+03 -8.06438295e+00 
 1.46779927e+03  3.35512842e+02  1.46779927e+03 -8.70688756e+00 
 1.58489319e+03  3.35475407e+02  1.58489319e+03 -9.40043266e+00 
 1.71132830e+03  3.35431772e+02  1.71132830e+03 -1.01490343e+01 
 1.84784980e+03  3.35380911e+02  1.84784980e+03 -1.09570147e+01 
 1.99526231e+03  3.35321632e+02  1.99526231e+03 -1.18290225e+01 
 2.15443469e+03  3.35252544e+02  2.15443469e+03 -1.27700548e+01 
 2.32630507e+03  3.35172028e+02  2.32630507e+03 -1.37854786e+01 
 2.51188643e+03  3.35078203e+02  2.51188643e+03 -1.48810533e+01 
 2.71227258e+03  3.34968878e+02  2.71227258e+03 -1.60629527e+01 
 2.92864456e+03  3.34841503e+02  2.92864456e+03 -1.73377864e+01 
 3.16227766e+03  3.34693118e+02  3.16227766e+03 -1.87126204e+01 
 3.41454887e+03  3.34520279e+02  3.41454887e+03 -2.01949953e+01 
 3.68694506e+03  3.34318989e+02  3.68694506e+03 -2.17929418e+01 
 3.98107171e+03  3.34084607e+02  3.98107171e+03 -2.35149909e+01 
 4.29866235e+03  3.33811753e+02  4.29866235e+03 -2.53701795e+01 
 4.64158883e+03  3.33494189e+02  4.64158883e+03 -2.73680463e+01 
 5.01187234e+03  3.33124699e+02  5.01187234e+03 -2.95186175e+01 
 5.41169527e+03  3.32694937e+02  5.41169527e+03 -3.18323775e+01 
 5.84341413e+03  3.32195268e+02  5.84341413e+03 -3.43202226e+01 
 6.30957344e+03  3.31614588e+02  6.30957344e+03 -3.69933892e+01 
 6.81292069e+03  3.30940121e+02  6.81292069e+03 -3.98633543e+01 
 7.35642254e+03  3.30157203e+02  7.35642254e+03 -4.29416985e+01 
 7.94328235e+03  3.29249049e+02  7.94328235e+03 -4.62399237e+01 
 8.57695899e+03  3.28196504e+02  8.57695899e+03 -4.97692160e+01 
 9.26118728e+03  3.26977785e+02  9.26118728e+03 -5.35401426e+01 
 1.00000000e+04  3.25568236e+02  1.00000000e+04 -5.75622696e+01 
 1.07977516e+04  3.23940078e+02  1.07977516e+04 -6.18436887e+01 
 1.16591440e+04  3.22062215e+02  1.16591440e+04 -6.63904395e+01 
 1.25892541e+04  3.19900074e+02  1.25892541e+04 -7.12058149e+01 
 1.35935639e+04  3.17415548e+02  1.35935639e+04 -7.62895415e+01 
 1.46779927e+04  3.14567062e+02  1.46779927e+04 -8.16368301e+01 
 1.58489319e+04  3.11309810e+02  1.58489319e+04 -8.72373022e+01 
 1.71132830e+04  3.07596230e+02  1.71132830e+04 -9.30738104e+01 
 1.84784980e+04  3.03376768e+02  1.84784980e+04 -9.91211862e+01 
 1.99526231e+04  2.98600998e+02  1.99526231e+04 -1.05344977e+02 
 2.15443469e+04  2.93219155e+02  2.15443469e+04 -1.11700254e+02 
 2.32630507e+04  2.87184121e+02  2.32630507e+04 -1.18130618e+02 
 2.51188643e+04  2.80453882e+02  2.51188643e+04 -1.24567539e+02 
 2.71227258e+04  2.72994413e+02  2.71227258e+04 -1.30930219e+02 
 2.92864456e+04  2.64782897e+02  2.92864456e+04 -1.37126164e+02 
 3.16227766e+04  2.55811102e+02  3.16227766e+04 -1.43052636e+02 
 3.41454887e+04  2.46088660e+02  3.41454887e+04 -1.48599131e+02 
 3.68694506e+04  2.35645914e+02  3.68694506e+04 -1.53650946e+02 
 3.98107171e+04  2.24535935e+02  3.98107171e+04 -1.58093755e+02 
 4.29866235e+04  2.12835351e+02  4.29866235e+04 -1.61818999e+02 
 4.64158883e+04  2.00643636e+02  4.64158883e+04 -1.64729709e+02 
 5.01187234e+04  1.88080691e+02  5.01187234e+04 -1.66746262e+02 
 5.41169527e+04  1.75282715e+02  5.41169527e+04 -1.67811476e+02 
 5.84341413e+04  1.62396611e+02  5.84341413e+04 -1.67894471e+02 
 6.30957344e+04  1.49573368e+02  6.30957344e+04 -1.66992822e+02 
 6.81292069e+04  1.36961055e+02  6.81292069e+04 -1.65132725e+02 
 7.35642254e+04  1.24698095e+02  7.35642254e+04 -1.62367174e+02 
 7.94328235e+04  1.12907460e+02  7.94328235e+04 -1.58772351e+02 
 8.57695899e+04  1.01692272e+02  8.57695899e+04 -1.54442701e+02 
 9.26118728e+04  9.11330919e+01  9.26118728e+04 -1.49485249e+02 
 1.00000000e+05  8.12869292e+01  1.00000000e+05 -1.44013745e+02 
 1.07977516e+05  7.21878302e+01  1.07977516e+05 -1.38143175e+02 
 1.16591440e+05  6.38487252e+01  1.16591440e+05 -1.31985027e+02 
 1.25892541e+05  5.62641620e+01  1.25892541e+05 -1.25643543e+02 
 1.35935639e+05  4.94135363e+01  1.35935639e+05 -1.19213069e+02 
 1.46779927e+05  4.32644736e+01  1.46779927e+05 -1.12776428e+02 
 1.58489319e+05  3.77760894e+01  1.58489319e+05 -1.06404217e+02 
 1.71132830e+05  3.29019401e+01  1.71132830e+05 -1.00154839e+02 
 1.84784980e+05  2.85925535e+01  1.84784980e+05 -9.40750881e+01 
 1.99526231e+05  2.47974951e+01  1.99526231e+05 -8.82010954e+01 
 2.15443469e+05  2.14669753e+01  2.15443469e+05 -8.25595015e+01 
 2.32630507e+05  1.85530353e+01  2.32630507e+05 -7.71687122e+01 
 2.51188643e+05  1.60103668e+01  2.51188643e+05 -7.20401577e+01 
 2.71227258e+05  1.37968290e+01  2.71227258e+05 -6.71794874e+01 
 2.92864456e+05  1.18737236e+01  2.92864456e+05 -6.25876629e+01 
 3.16227766e+05  1.02058864e+01  3.16227766e+05 -5.82619292e+01 
 3.41454887e+05  8.76164370e+00  3.41454887e+05 -5.41966557e+01 
 3.68694506e+05  7.51267477e+00  3.68694506e+05 -5.03840511e+01 
 3.98107171e+05  6.43381329e+00  3.98107171e+05 -4.68147608e+01 
 4.29866235e+05  5.50281253e+00  4.29866235e+05 -4.34783560e+01 
 4.64158883e+05  4.70009359e+00  4.64158883e+05 -4.03637306e+01 
 5.01187234e+05  4.00849013e+00  5.01187234e+05 -3.74594166e+01 
 5.41169527e+05  3.41299917e+00  5.41169527e+05 -3.47538317e+01 
 5.84341413e+05  2.90054413e+00  5.84341413e+05 -3.22354699e+01 
 6.30957344e+05  2.45975393e+00  6.30957344e+05 -2.98930452e+01 
 6.81292069e+05  2.08076013e+00  6.81292069e+05 -2.77155977e+01 
 7.35642254e+05  1.75501289e+00  7.35642254e+05 -2.56925685e+01 
 7.94328235e+05  1.47511548e+00  7.94328235e+05 -2.38138507e+01 
 8.57695899e+05  1.23467671e+00  8.57695899e+05 -2.20698209e+01 
 9.26118728e+05  1.02818009e+00  9.26118728e+05 -2.04513560e+01 
 1.00000000e+06  8.50868443e-01  1.00000000e+06 -1.89498383e+01 
 1.07977516e+06  6.98642598e-01  1.07977516e+06 -1.75571520e+01 
 1.16591440e+06  5.67972737e-01  1.16591440e+06 -1.62656733e+01 
 1.25892541e+06  4.55821071e-01  1.25892541e+06 -1.50682556e+01 
 1.35935639e+06  3.59574563e-01  1.35935639e+06 -1.39582118e+01 
 1.46779927e+06  2.76986508e-01  1.46779927e+06 -1.29292938e+01 
 1.58489319e+06  2.06125903e-01  1.58489319e+06 -1.19756718e+01 
 1.71132830e+06  1.45333644e-01  1.71132830e+06 -1.10919116e+01 
 1.84784980e+06  9.31846654e-02  1.84784980e+06 -1.02729525e+01 
 1.99526231e+06  4.84552614e-02  1.99526231e+06 -9.51408566e+00 
 2.15443469e+06  1.00949102e-02  2.15443469e+06 -8.81093204e+00 
 2.32630507e+06 -2.27980062e-02  2.32630507e+06 -8.15942190e+00 
 2.51188643e+06 -5.09971024e-02  2.51188643e+06 -7.55577464e+00 
 2.71227258e+06 -7.51659714e-02  2.71227258e+06 -6.99647963e+00 
 2.92864456e+06 -9.58736440e-02  2.92864456e+06 -6.47827808e+00 
 3.16227766e+06 -1.13607872e-01  3.16227766e+06 -5.99814579e+00 
 3.41454887e+06 -1.28786533e-01  3.41454887e+06 -5.55327693e+00 
 3.68694506e+06 -1.41767419e-01  3.68694506e+06 -5.14106878e+00 
 3.98107171e+06 -1.52856629e-01  3.98107171e+06 -4.75910740e+00 
 4.29866235e+06 -1.62315757e-01  4.29866235e+06 -4.40515425e+00 
 4.64158883e+06 -1.70368049e-01  4.64158883e+06 -4.07713366e+00 
 5.01187234e+06 -1.77203664e-01  5.01187234e+06 -3.77312112e+00 
 5.41169527e+06 -1.82984167e-01  5.41169527e+06 -3.49133246e+00 
 5.84341413e+06 -1.87846361e-01  5.84341413e+06 -3.23011369e+00 
 6.30957344e+06 -1.91905542e-01  6.30957344e+06 -2.98793162e+00 
 6.81292069e+06 -1.95258269e-01  6.81292069e+06 -2.76336516e+00 
 7.35642254e+06 -1.97984702e-01  7.35642254e+06 -2.55509722e+00 
 7.94328235e+06 -2.00150592e-01  7.94328235e+06 -2.36190733e+00 
 8.57695899e+06 -2.01808941e-01  8.57695899e+06 -2.18266472e+00 
 9.26118728e+06 -2.03001420e-01  9.26118728e+06 -2.01632202e+00 
 1.00000000e+07 -2.03759561e-01  1.00000000e+07 -1.86190953e+00 
 1.07977516e+07 -2.04105779e-01  1.07977516e+07 -1.71852987e+00 
 1.16591440e+07 -2.04054259e-01  1.16591440e+07 -1.58535328e+00 
 1.25892541e+07 -2.03611763e-01  1.25892541e+07 -1.46161321e+00 
 1.35935639e+07 -2.02778382e-01  1.35935639e+07 -1.34660249e+00 
 1.46779927e+07 -2.01548304e-01  1.46779927e+07 -1.23966981e+00 
 1.58489319e+07 -1.99910624e-01  1.58489319e+07 -1.14021662e+00 
 1.71132830e+07 -1.97850271e-01  1.71132830e+07 -1.04769437e+00 
 1.84784980e+07 -1.95349081e-01  1.84784980e+07 -9.61602024e-01 
 1.99526231e+07 -1.92387084e-01  1.99526231e+07 -8.81483729e-01 
 2.15443469e+07 -1.88944032e-01  2.15443469e+07 -8.06926685e-01 
 2.32630507e+07 -1.85001179e-01  2.32630507e+07 -7.37558961e-01 
 2.51188643e+07 -1.80543323e-01  2.51188643e+07 -6.73047210e-01 
 2.71227258e+07 -1.75561038e-01  2.71227258e+07 -6.13094121e-01 
 2.92864456e+07 -1.70053006e-01  2.92864456e+07 -5.57435491e-01 
 3.16227766e+07 -1.64028301e-01  3.16227766e+07 -5.05836797e-01 
 3.41454887e+07 -1.57508403e-01  3.41454887e+07 -4.58089210e-01 
 3.68694506e+07 -1.50528710e-01  3.68694506e+07 -4.14005074e-01 
 3.98107171e+07 -1.43139305e-01  3.98107171e+07 -3.73412957e-01 
 4.29866235e+07 -1.35404745e-01  4.29866235e+07 -3.36152483e-01 
 4.64158883e+07 -1.27402752e-01  4.64158883e+07 -3.02069257e-01 
 5.01187234e+07 -1.19221773e-01  5.01187234e+07 -2.71010252e-01 
 5.41169527e+07 -1.10957553e-01  5.41169527e+07 -2.42820015e-01 
 5.84341413e+07 -1.02708984e-01  5.84341413e+07 -2.17338030e-01 
 6.30957344e+07 -9.45736221e-02  6.30957344e+07 -1.94397413e-01 
 6.81292069e+07 -8.66433078e-02  6.81292069e+07 -1.73824983e-01 
 7.35642254e+07 -7.90003169e-02  7.35642254e+07 -1.55442583e-01 
 7.94328235e+07 -7.17143695e-02  7.94328235e+07 -1.39069369e-01 
 8.57695899e+07 -6.48407076e-02  8.57695899e+07 -1.24524716e-01 
 9.26118728e+07 -5.84192905e-02  9.26118728e+07 -1.11631343e-01 
 1.00000000e+08 -5.24750286e-02  1.00000000e+08 -1.00218308e-01 
 1.07977516e+08 -4.70188692e-02  1.07977516e+08 -9.01235902e-02 
 1.16591440e+08 -4.20494957e-02  1.16591440e+08 -8.11961011e-02 
 1.25892541e+08 -3.75553863e-02  1.25892541e+08 -7.32970278e-02 
 1.35935639e+08 -3.35170041e-02  1.35935639e+08 -6.63005367e-02 
 1.46779927e+08 -2.99089340e-02  1.46779927e+08 -6.00939033e-02 
 1.58489319e+08 -2.67018345e-02  1.58489319e+08 -5.45771735e-02 
 1.71132830e+08 -2.38641260e-02  1.71132830e+08 -4.96624803e-02 
 1.84784980e+08 -2.13633813e-02  1.84784980e+08 -4.52731282e-02 
 1.99526231e+08 -1.91674152e-02  1.99526231e+08 -4.13425482e-02 
 2.15443469e+08 -1.72450979e-02  2.15443469e+08 -3.78132050e-02 
 2.32630507e+08 -1.55669234e-02  2.32630507e+08 -3.46355159e-02 
 2.51188643e+08 -1.41053760e-02  2.51188643e+08 -3.17668251e-02 
 2.71227258e+08 -1.28351329e-02  2.71227258e+08 -2.91704587e-02 
 2.92864456e+08 -1.17331433e-02  2.92864456e+08 -2.68148738e-02 
 3.16227766e+08 -1.07786130e-02  3.16227766e+08 -2.46729064e-02 
 3.41454887e+08 -9.95292665e-03  3.41454887e+08 -2.27211161e-02 
 3.68694506e+08 -9.23952458e-03  3.68694506e+08 -2.09392215e-02 
 3.98107171e+08 -8.62375567e-03  3.98107171e+08 -1.93096185e-02 
 4.29866235e+08 -8.09271635e-03  4.29866235e+08 -1.78169714e-02 
 4.64158883e+08 -7.63508619e-03  4.64158883e+08 -1.64478682e-02 
 5.01187234e+08 -7.24096654e-03  5.01187234e+08 -1.51905320e-02 
 5.41169527e+08 -6.90172631e-03  5.41169527e+08 -1.40345774e-02 
 5.84341413e+08 -6.60985781e-03  5.84341413e+08 -1.29708086e-02 
 6.30957344e+08 -6.35884397e-03  6.30957344e+08 -1.19910492e-02 
 6.81292069e+08 -6.14303759e-03  6.81292069e+08 -1.10880005e-02 
 7.35642254e+08 -5.95755265e-03  7.35642254e+08 -1.02551227e-02 
 7.94328235e+08 -5.79816704e-03  7.94328235e+08 -9.48653493e-03 
 8.57695899e+08 -5.66123640e-03  8.57695899e+08 -8.77693160e-03 
 9.26118728e+08 -5.54361787e-03  9.26118728e+08 -8.12151141e-03 
 1.00000000e+09 -5.44260320e-03  1.00000000e+09 -7.51591746e-03 
 1.07977516e+09 -5.35586010e-03  1.07977516e+09 -6.95618622e-03 
 1.16591440e+09 -5.28138110e-03  1.16591440e+09 -6.43870396e-03 
 1.25892541e+09 -5.21743908e-03  1.25892541e+09 -5.96016936e-03 
 1.35935639e+09 -5.16254860e-03  1.35935639e+09 -5.51756119e-03 
 1.46779927e+09 -5.11543248e-03  1.46779927e+09 -5.10811030e-03 
 1.58489319e+09 -5.07499287e-03  1.58489319e+09 -4.72927517e-03 
 1.71132830e+09 -5.04028624e-03  1.71132830e+09 -4.37872048e-03 
 1.84784980e+09 -5.01050187e-03  1.84784980e+09 -4.05429812e-03 
 1.99526231e+09 -4.98494325e-03  1.99526231e+09 -3.75403046e-03 
 2.15443469e+09 -4.96301206e-03  2.15443469e+09 -3.47609539e-03 
 2.32630507e+09 -4.94419446e-03  2.32630507e+09 -3.21881297e-03 
 2.51188643e+09 -4.92804915e-03  2.51188643e+09 -2.98063337e-03 
 2.71227258e+09 -4.91419722e-03  2.71227258e+09 -2.76012611e-03 
 2.92864456e+09 -4.90231335e-03  2.92864456e+09 -2.55597023e-03 
 3.16227766e+09 -4.89211825e-03  3.16227766e+09 -2.36694549e-03 
 3.41454887e+09 -4.88337221e-03  3.41454887e+09 -2.19192423e-03 
 3.68694506e+09 -4.87586945e-03  3.68694506e+09 -2.02986411e-03 
 3.98107171e+09 -4.86943339e-03  3.98107171e+09 -1.87980133e-03 
 4.29866235e+09 -4.86391248e-03  4.29866235e+09 -1.74084461e-03 
 4.64158883e+09 -4.85917668e-03  4.64158883e+09 -1.61216947e-03 
 5.01187234e+09 -4.85511441e-03  5.01187234e+09 -1.49301318e-03 
 5.41169527e+09 -4.85162991e-03  5.41169527e+09 -1.38266998e-03 
 5.84341413e+09 -4.84864106e-03  5.84341413e+09 -1.28048676e-03 
 6.30957344e+09 -4.84607737e-03  6.30957344e+09 -1.18585909e-03 
 6.81292069e+09 -4.84387838e-03  6.81292069e+09 -1.09822750e-03 
 7.35642254e+09 -4.84199223e-03  7.35642254e+09 -1.01707410e-03 
 7.94328235e+09 -4.84037442e-03  7.94328235e+09 -9.41919487e-04 
 8.57695899e+09 -4.83898679e-03  8.57695899e+09 -8.72319836e-04 
 9.26118728e+09 -4.83779658e-03  9.26118728e+09 -8.07864236e-04 
 1.00000000e+10 -4.83677572e-03  1.00000000e+10 -7.48172238e-04 
