 1.00000000e+00  3.35098269e+02  1.00000000e+00 -2.72977290e-03 
 1.07977516e+00  3.35098269e+02  1.07977516e+00 -2.94754097e-03 
 1.16591440e+00  3.35098269e+02  1.16591440e+00 -3.18268153e-03 
 1.25892541e+00  3.35098269e+02  1.25892541e+00 -3.43658047e-03 
 1.35935639e+00  3.35098269e+02  1.35935639e+00 -3.71073423e-03 
 1.46779927e+00  3.35098269e+02  1.46779927e+00 -4.00675866e-03 
 1.58489319e+00  3.35098269e+02  1.58489319e+00 -4.32639848e-03 
 1.71132830e+00  3.35098269e+02  1.71132830e+00 -4.67153762e-03 
 1.84784980e+00  3.35098269e+02  1.84784980e+00 -5.04421030e-03 
 1.99526231e+00  3.35098269e+02  1.99526231e+00 -5.44661299e-03 
 2.15443469e+00  3.35098269e+02  2.15443469e+00 -5.88111743e-03 
 2.32630507e+00  3.35098269e+02  2.32630507e+00 -6.35028452e-03 
 2.51188643e+00  3.35098269e+02  2.51188643e+00 -6.85687950e-03 
 2.71227258e+00  3.35098268e+02  2.71227258e+00 -7.40388818e-03 
 2.92864456e+00  3.35098268e+02  2.92864456e+00 -7.99453456e-03 
 3.16227766e+00  3.35098268e+02  3.16227766e+00 -8.63229985e-03 
 3.41454887e+00  3.35098268e+02  3.41454887e+00 -9.32094297e-03 
 3.68694506e+00  3.35098268e+02  3.68694506e+00 -1.00645227e-02 
 3.98107171e+00  3.35098268e+02  3.98107171e+00 -1.08674216e-02 
 4.29866235e+00  3.35098268e+02  4.29866235e+00 -1.17343720e-02 
 4.64158883e+00  3.35098268e+02  4.64158883e+00 -1.26704834e-02 
 5.01187234e+00  3.35098268e+02  5.01187234e+00 -1.36812733e-02 
 5.41169527e+00  3.35098268e+02  5.41169527e+00 -1.47726990e-02 
 5.84341413e+00  3.35098268e+02  5.84341413e+00 -1.59511935e-02 
 6.30957344e+00  3.35098268e+02  6.30957344e+00 -1.72237025e-02 
 6.81292069e+00  3.35098268e+02  6.81292069e+00 -1.85977262e-02 
 7.35642254e+00  3.35098267e+02  7.35642254e+00 -2.00813628e-02 
 7.94328235e+00  3.35098267e+02  7.94328235e+00 -2.16833568e-02 
 8.57695899e+00  3.35098267e+02  8.57695899e+00 -2.34131501e-02 
 9.26118728e+00  3.35098267e+02  9.26118728e+00 -2.52809379e-02 
 1.00000000e+01  3.35098266e+02  1.00000000e+01 -2.72977288e-02 
 1.07977516e+01  3.35098266e+02  1.07977516e+01 -2.94754095e-02 
 1.16591440e+01  3.35098266e+02  1.16591440e+01 -3.18268151e-02 
 1.25892541e+01  3.35098265e+02  1.25892541e+01 -3.43658043e-02 
 1.35935639e+01  3.35098265e+02  1.35935639e+01 -3.71073419e-02 
 1.46779927e+01  3.35098264e+02  1.46779927e+01 -4.00675860e-02 
 1.58489319e+01  3.35098263e+02  1.58489319e+01 -4.32639841e-02 
 1.71132830e+01  3.35098262e+02  1.71132830e+01 -4.67153753e-02 
 1.84784980e+01  3.35098261e+02  1.84784980e+01 -5.04421018e-02 
 1.99526231e+01  3.35098260e+02  1.99526231e+01 -5.44661285e-02 
 2.15443469e+01  3.35098258e+02  2.15443469e+01 -5.88111725e-02 
 2.32630507e+01  3.35098257e+02  2.32630507e+01 -6.35028430e-02 
 2.51188643e+01  3.35098255e+02  2.51188643e+01 -6.85687922e-02 
 2.71227258e+01  3.35098252e+02  2.71227258e+01 -7.40388782e-02 
 2.92864456e+01  3.35098250e+02  2.92864456e+01 -7.99453411e-02 
 3.16227766e+01  3.35098246e+02  3.16227766e+01 -8.63229928e-02 
 3.41454887e+01  3.35098243e+02  3.41454887e+01 -9.32094226e-02 
 3.68694506e+01  3.35098238e+02  3.68694506e+01 -1.00645218e-01 
 3.98107171e+01  3.35098233e+02  3.98107171e+01 -1.08674205e-01 
 4.29866235e+01  3.35098228e+02  4.29866235e+01 -1.17343705e-01 
 4.64158883e+01  3.35098221e+02  4.64158883e+01 -1.26704816e-01 
 5.01187234e+01  3.35098213e+02  5.01187234e+01 -1.36812710e-01 
 5.41169527e+01  3.35098204e+02  5.41169527e+01 -1.47726962e-01 
 5.84341413e+01  3.35098193e+02  5.84341413e+01 -1.59511899e-01 
 6.30957344e+01  3.35098180e+02  6.30957344e+01 -1.72236981e-01 
 6.81292069e+01  3.35098166e+02  6.81292069e+01 -1.85977205e-01 
 7.35642254e+01  3.35098148e+02  7.35642254e+01 -2.00813557e-01 
 7.94328235e+01  3.35098129e+02  7.94328235e+01 -2.16833478e-01 
 8.57695899e+01  3.35098105e+02  8.57695899e+01 -2.34131388e-01 
 9.26118728e+01  3.35098078e+02  9.26118728e+01 -2.52809237e-01 
 1.00000000e+02  3.35098047e+02  1.00000000e+02 -2.72977109e-01 
 1.07977516e+02  3.35098010e+02  1.07977516e+02 -2.94753870e-01 
 1.16591440e+02  3.35097967e+02  1.16591440e+02 -3.18267867e-01 
 1.25892541e+02  3.35097917e+02  1.25892541e+02 -3.43657687e-01 
 1.35935639e+02  3.35097858e+02  1.35935639e+02 -3.71072970e-01 
 1.46779927e+02  3.35097790e+02  1.46779927e+02 -4.00675295e-01 
 1.58489319e+02  3.35097711e+02  1.58489319e+02 -4.32639129e-01 
 1.71132830e+02  3.35097618e+02  1.71132830e+02 -4.67152857e-01 
 1.84784980e+02  3.35097510e+02  1.84784980e+02 -5.04419890e-01 
 1.99526231e+02  3.35097385e+02  1.99526231e+02 -5.44659865e-01 
 2.15443469e+02  3.35097238e+02  2.15443469e+02 -5.88109937e-01 
 2.32630507e+02  3.35097067e+02  2.32630507e+02 -6.35026179e-01 
 2.51188643e+02  3.35096868e+02  2.51188643e+02 -6.85685088e-01 
 2.71227258e+02  3.35096635e+02  2.71227258e+02 -7.40385214e-01 
 2.92864456e+02  3.35096364e+02  2.92864456e+02 -7.99448920e-01 
 3.16227766e+02  3.35096048e+02  3.16227766e+02 -8.63224274e-01 
 3.41454887e+02  3.35095680e+02  3.41454887e+02 -9.32087108e-01 
 3.68694506e+02  3.35095250e+02  3.68694506e+02 -1.00644322e+00 
 3.98107171e+02  3.35094750e+02  3.98107171e+02 -1.08673077e+00 
 4.29866235e+02  3.35094166e+02  4.29866235e+02 -1.17342285e+00 
 4.64158883e+02  3.35093485e+02  4.64158883e+02 -1.26703028e+00 
 5.01187234e+02  3.35092691e+02  5.01187234e+02 -1.36810459e+00 
 5.41169527e+02  3.35091766e+02  5.41169527e+02 -1.47724128e+00 
 5.84341413e+02  3.35090687e+02  5.84341413e+02 -1.59508332e+00 
 6.30957344e+02  3.35089429e+02  6.30957344e+02 -1.72232489e+00 
 6.81292069e+02  3.35087963e+02  6.81292069e+02 -1.85971551e+00 
 7.35642254e+02  3.35086253e+02  7.35642254e+02 -2.00806439e+00 
 7.94328235e+02  3.35084259e+02  7.94328235e+02 -2.16824517e+00 
 8.57695899e+02  3.35081935e+02  8.57695899e+02 -2.34120107e+00 
 9.26118728e+02  3.35079225e+02  9.26118728e+02 -2.52795035e+00 
 1.00000000e+03  3.35076066e+02  1.00000000e+03 -2.72959230e+00 
 1.07977516e+03  3.35072383e+02  1.07977516e+03 -2.94731362e+00 
 1.16591440e+03  3.35068088e+02  1.16591440e+03 -3.18239532e+00 
 1.25892541e+03  3.35063081e+02  1.25892541e+03 -3.43622015e+00 
 1.35935639e+03  3.35057244e+02  1.35935639e+03 -3.71028062e+00 
 1.46779927e+03  3.35050438e+02  1.46779927e+03 -4.00618761e+00 
 1.58489319e+03  3.35042504e+02  1.58489319e+03 -4.32567959e+00 
 1.71132830e+03  3.35033253e+02  1.71132830e+03 -4.67063262e+00 
 1.84784980e+03  3.35022469e+02  1.84784980e+03 -5.04307100e+00 
 1.99526231e+03  3.35009896e+02  1.99526231e+03 -5.44517875e+00 
 2.15443469e+03  3.34995238e+02  2.15443469e+03 -5.87931191e+00 
 2.32630507e+03  3.34978150e+02  2.32630507e+03 -6.34801162e+00 
 2.51188643e+03  3.34958229e+02  2.51188643e+03 -6.85401826e+00 
 2.71227258e+03  3.34935006e+02  2.71227258e+03 -7.40028634e+00 
 2.92864456e+03  3.34907933e+02  2.92864456e+03 -7.99000047e+00 
 3.16227766e+03  3.34876375e+02  3.16227766e+03 -8.62659231e+00 
 3.41454887e+03  3.34839588e+02  3.41454887e+03 -9.31375840e+00 
 3.68694506e+03  3.34796708e+02  3.68694506e+03 -1.00554790e+01 
 3.98107171e+03  3.34746727e+02  3.98107171e+03 -1.08560380e+01 
 4.29866235e+03  3.34688472e+02  4.29866235e+03 -1.17200433e+01 
 4.64158883e+03  3.34620578e+02  4.64158883e+03 -1.26524483e+01 
 5.01187234e+03  3.34541454e+02  5.01187234e+03 -1.36585738e+01 
 5.41169527e+03  3.34449249e+02  5.41169527e+03 -1.47441300e+01 
 5.84341413e+03  3.34341810e+02  5.84341413e+03 -1.59152388e+01 
 6.30957344e+03  3.34216632e+02  6.30957344e+03 -1.71784552e+01 
 6.81292069e+03  3.34070803e+02  6.81292069e+03 -1.85407880e+01 
 7.35642254e+03  3.33900940e+02  7.35642254e+03 -2.00097182e+01 
 7.94328235e+03  3.33703112e+02  7.94328235e+03 -2.15932149e+01 
 8.57695899e+03  3.33472757e+02  8.57695899e+03 -2.32997464e+01 
 9.26118728e+03  3.33204583e+02  9.26118728e+03 -2.51382858e+01 
 1.00000000e+04  3.32892458e+02  1.00000000e+04 -2.71183084e+01 
 1.07977516e+04  3.32529284e+02  1.07977516e+04 -2.92497786e+01 
 1.16591440e+04  3.32106851e+02  1.16591440e+04 -3.15431229e+01 
 1.25892541e+04  3.31615683e+02  1.25892541e+04 -3.40091845e+01 
 1.35935639e+04  3.31044850e+02  1.35935639e+04 -3.66591558e+01 
 1.46779927e+04  3.30381781e+02  1.46779927e+04 -3.95044816e+01 
 1.58489319e+04  3.29612041e+02  1.58489319e+04 -4.25567267e+01 
 1.71132830e+04  3.28719098e+02  1.71132830e+04 -4.58273995e+01 
 1.84784980e+04  3.27684085e+02  1.84784980e+04 -4.93277209e+01 
 1.99526231e+04  3.26485534e+02  1.99526231e+04 -5.30683295e+01 
 2.15443469e+04  3.25099133e+02  2.15443469e+04 -5.70589089e+01 
 2.32630507e+04  3.23497479e+02  2.32630507e+04 -6.13077251e+01 
 2.51188643e+04  3.21649870e+02  2.51188643e+04 -6.58210613e+01 
 2.71227258e+04  3.19522147e+02  2.71227258e+04 -7.06025369e+01 
 2.92864456e+04  3.17076620e+02  2.92864456e+04 -7.56523023e+01 
 3.16227766e+04  3.14272120e+02  3.16227766e+04 -8.09661046e+01 
 3.41454887e+04  3.11064217e+02  3.41454887e+04 -8.65342279e+01 
 3.68694506e+04  3.07405663e+02  3.68694506e+04 -9.23403241e+01 
 3.98107171e+04  3.03247124e+02  3.98107171e+04 -9.83601690e+01 
 4.29866235e+04  2.98538254e+02  4.29866235e+04 -1.04560396e+02 
 4.64158883e+04  2.93229184e+02  4.64158883e+04 -1.10897297e+02 
 5.01187234e+04  2.87272456e+02  5.01187234e+04 -1.17315794e+02 
 5.41169527e+04  2.80625426e+02  5.41169527e+04 -1.23748742e+02 
 5.84341413e+04  2.73253102e+02  5.84341413e+04 -1.30116729e+02 
 6.30957344e+04  2.65131334e+02  6.30957344e+04 -1.36328553e+02 
 6.81292069e+04  2.56250182e+02  6.81292069e+04 -1.42282581e+02 
 7.35642254e+04  2.46617215e+02  7.35642254e+04 -1.47869107e+02 
 7.94328235e+04  2.36260417e+02  7.94328235e+04 -1.52973794e+02 
 8.57695899e+04  2.25230312e+02  8.57695899e+04 -1.57482154e+02 
 9.26118728e+04  2.13600937e+02  9.26118728e+04 -1.61284854e+02 
 1.00000000e+05  2.01469303e+02  1.00000000e+05 -1.64283510e+02 
 1.07977516e+05  1.88953170e+02  1.07977516e+05 -1.66396473e+02 
 1.16591440e+05  1.76187098e+02  1.16591440e+05 -1.67564015e+02 
 1.25892541e+05  1.63316990e+02  1.25892541e+05 -1.67752345e+02 
 1.35935639e+05  1.50493570e+02  1.35935639e+05 -1.66955957e+02 
 1.46779927e+05  1.37865393e+02  1.46779927e+05 -1.65198017e+02 
 1.58489319e+05  1.25572061e+02  1.58489319e+05 -1.62528743e+02 
 1.71132830e+05  1.13738303e+02  1.71132830e+05 -1.59021976e+02 
 1.84784980e+05  1.02469409e+02  1.84784980e+05 -1.54770373e+02 
 1.99526231e+05  9.18483401e+01  1.99526231e+05 -1.49879781e+02 
 2.15443469e+05  8.19345566e+01  2.15443469e+05 -1.44463382e+02 
 2.32630507e+05  7.27644516e+01  2.32630507e+05 -1.38636148e+02 
 2.51188643e+05  6.43530780e+01  2.51188643e+05 -1.32510017e+02 
 2.71227258e+05  5.66968039e+01  2.71227258e+05 -1.26190039e+02 
 2.92864456e+05  4.97765038e+01  2.92864456e+05 -1.19771609e+02 
 3.16227766e+05  4.35609348e+01  3.16227766e+05 -1.13338739e+02 
 3.41454887e+05  3.80100177e+01  3.41454887e+05 -1.06963266e+02 
 3.68694506e+05  3.30778233e+01  3.68694506e+05 -1.00704811e+02 
 3.98107171e+05  2.87151492e+01  3.98107171e+05 -9.46113148e+01 
 4.29866235e+05  2.48716330e+01  4.29866235e+05 -8.87199558e+01 
 4.64158883e+05  2.14974060e+01  4.64158883e+05 -8.30582979e+01 
 5.01187234e+05  1.85443203e+01  5.01187234e+05 -7.76455446e+01 
 5.41169527e+05  1.59668039e+01  5.41169527e+05 -7.24937982e+01 
 5.84341413e+05  1.37224059e+01  5.84341413e+05 -6.76092633e+01 
 6.30957344e+05  1.17720951e+01  6.30957344e+05 -6.29933507e+01 
 6.81292069e+05  1.00803676e+01  6.81292069e+05 -5.86436604e+01 
 7.35642254e+05  8.61521641e+00  7.35642254e+05 -5.45548364e+01 
 7.94328235e+05  7.34800212e+00  7.94328235e+05 -5.07192935e+01 
 8.57695899e+05  6.25325955e+00  8.57695899e+05 -4.71278261e+01 
 9.26118728e+05  5.30846631e+00  9.26118728e+05 -4.37701079e+01 
 1.00000000e+06  4.49379226e+00  1.00000000e+06 -4.06350976e+01 
 1.07977516e+06  3.79184446e+00  1.07977516e+06 -3.77113618e+01 
 1.16591440e+06  3.18741722e+00  1.16591440e+06 -3.49873292e+01 
 1.25892541e+06  2.66725389e+00  1.25892541e+06 -3.24514863e+01 
 1.35935639e+06  2.21982435e+00  1.35935639e+06 -3.00925260e+01 
 1.46779927e+06  1.83512047e+00  1.46779927e+06 -2.78994566e+01 
 1.58489319e+06  1.50447023e+00  1.58489319e+06 -2.58616799e+01 
 1.71132830e+06  1.22037049e+00  1.71132830e+06 -2.39690446e+01 
 1.84784980e+06  9.76337758e-01  1.84784980e+06 -2.22118793e+01 
 1.99526231e+06  7.66775793e-01  1.99526231e+06 -2.05810109e+01 
 2.15443469e+06  5.86858804e-01  2.15443469e+06 -1.90677703e+01 
 2.32630507e+06  4.32428866e-01  2.32630507e+06 -1.76639903e+01 
 2.51188643e+06  2.99906143e-01  2.51188643e+06 -1.63619959e+01 
 2.71227258e+06  1.86210568e-01  2.71227258e+06 -1.51545901e+01 
 2.92864456e+06  8.86936975e-02  2.92864456e+06 -1.40350362e+01 
 3.16227766e+06  5.07955666e-03  3.16227766e+06 -1.29970383e+01 
 3.41454887e+06 -6.65866085e-02  3.41454887e+06 -1.20347193e+01 
 3.68694506e+06 -1.27982658e-01  3.68694506e+06 -1.11425997e+01 
 3.98107171e+06 -1.80547832e-01  3.98107171e+06 -1.03155748e+01 
 4.29866235e+06 -2.25515757e-01  4.29866235e+06 -9.54889314e+00 
 4.64158883e+06 -2.63942864e-01  4.64158883e+06 -8.83813455e+00 
 5.01187234e+06 -2.96732833e-01  5.01187234e+06 -8.17918962e+00 
 5.41169527e+06 -3.24657589e-01  5.41169527e+06 -7.56823956e+00 
 5.84341413e+06 -3.48375304e-01  5.84341413e+06 -7.00173711e+00 
 6.30957344e+06 -3.68445829e-01  6.30957344e+06 -6.47638848e+00 
 6.81292069e+06 -3.85343891e-01  6.81292069e+06 -5.98913628e+00 
 7.35642254e+06 -3.99470363e-01  7.35642254e+06 -5.53714348e+00 
 7.94328235e+06 -4.11161895e-01  7.94328235e+06 -5.11777851e+00 
 8.57695899e+06 -4.20699118e-01  8.57695899e+06 -4.72860130e+00 
 9.26118728e+06 -4.28313657e-01  9.26118728e+06 -4.36735045e+00 
 1.00000000e+07 -4.34194124e-01  1.00000000e+07 -4.03193136e+00 
 1.07977516e+07 -4.38491286e-01  1.07977516e+07 -3.72040535e+00 
 1.16591440e+07 -4.41322555e-01  1.16591440e+07 -3.43097984e+00 
 1.25892541e+07 -4.42775978e-01  1.25892541e+07 -3.16199934e+00 
 1.35935639e+07 -4.42913863e-01  1.35935639e+07 -2.91193744e+00 
 1.46779927e+07 -4.41776217e-01  1.46779927e+07 -2.67938958e+00 
 1.58489319e+07 -4.39384134e-01  1.58489319e+07 -2.46306662e+00 
 1.71132830e+07 -4.35743295e-01  1.71132830e+07 -2.26178902e+00 
 1.84784980e+07 -4.30847716e-01  1.84784980e+07 -2.07448159e+00 
 1.99526231e+07 -4.24683867e-01  1.99526231e+07 -1.90016856e+00 
 2.15443469e+07 -4.17235241e-01  2.15443469e+07 -1.73796870e+00 
 2.32630507e+07 -4.08487403e-01  2.32630507e+07 -1.58709039e+00 
 2.51188643e+07 -3.98433456e-01  2.51188643e+07 -1.44682611e+00 
 2.71227258e+07 -3.87079760e-01  2.71227258e+07 -1.31654624e+00 
 2.92864456e+07 -3.74451616e-01  2.92864456e+07 -1.19569178e+00 
 3.16227766e+07 -3.60598507e-01  3.16227766e+07 -1.08376591e+00 
 3.41454887e+07 -3.45598384e-01  3.41454887e+07 -9.80324170e-01 
 3.68694506e+07 -3.29560428e-01  3.68694506e+07 -8.84963660e-01 
 3.98107171e+07 -3.12625771e-01  3.98107171e+07 -7.97311432e-01 
 4.29866235e+07 -2.94965781e-01  4.29866235e+07 -7.17012817e-01 
 4.64158883e+07 -2.76777744e-01  4.64158883e+07 -6.43720418e-01 
 5.01187234e+07 -2.58278109e-01  5.01187234e+07 -5.77084649e-01 
 5.41169527e+07 -2.39693785e-01  5.41169527e+07 -5.16746592e-01 
 5.84341413e+07 -2.21252281e-01  5.84341413e+07 -4.62333747e-01 
 6.30957344e+07 -2.03171637e-01  6.30957344e+07 -4.13458917e-01 
 6.81292069e+07 -1.85651176e-01  6.81292069e+07 -3.69722077e-01 
 7.35642254e+07 -1.68863896e-01  7.35642254e+07 -3.30714749e-01 
 7.94328235e+07 -1.52951130e-01  7.94328235e+07 -2.96026113e-01 
 8.57695899e+07 -1.38019723e-01  8.57695899e+07 -2.65249988e-01 
 9.26118728e+07 -1.24141660e-01  9.26118728e+07 -2.37991838e-01 
 1.00000000e+08 -1.11355826e-01  1.00000000e+08 -2.13875075e-01 
 1.07977516e+08 -9.96713814e-02  1.07977516e+08 -1.92546192e-01 
 1.16591440e+08 -8.90721803e-02  1.16591440e+08 -1.73678439e-01 
 1.25892541e+08 -7.95216968e-02  1.25892541e+08 -1.56974018e-01 
 1.35935639e+08 -7.09679817e-02  1.35935639e+08 -1.42164880e-01 
 1.46779927e+08 -6.33483070e-02  1.46779927e+08 -1.29012377e-01 
 1.58489319e+08 -5.65932721e-02  1.58489319e+08 -1.17305995e-01 
 1.71132830e+08 -5.06302535e-02  1.71132830e+08 -1.06861472e-01 
 1.84784980e+08 -4.53861662e-02  1.84784980e+08 -9.75185214e-02 
 1.99526231e+08 -4.07895694e-02  1.99526231e+08 -8.91383816e-02 
 2.15443469e+08 -3.67721830e-02  2.15443469e+08 -8.16013379e-02 
 2.32630507e+08 -3.32699046e-02  2.32630507e+08 -7.48043359e-02 
 2.51188643e+08 -3.02234180e-02  2.51188643e+08 -6.86587563e-02 
 2.71227258e+08 -2.75784842e-02  2.71227258e+08 -6.30883945e-02 
 2.92864456e+08 -2.52859918e-02  2.92864456e+08 -5.80276616e-02 
 3.16227766e+08 -2.33018358e-02  3.16227766e+08 -5.34200083e-02 
 3.41454887e+08 -2.15866795e-02  3.41454887e+08 -4.92165604e-02 
 3.68694506e+08 -2.01056415e-02  3.68694506e+08 -4.53749510e-02 
 3.98107171e+08 -1.88279432e-02  3.98107171e+08 -4.18583265e-02 
 4.29866235e+08 -1.77265393e-02  4.29866235e+08 -3.86345077e-02 
 4.64158883e+08 -1.67777486e-02  4.64158883e+08 -3.56752832e-02 
 5.01187234e+08 -1.59608984e-02  5.01187234e+08 -3.29558179e-02 
 5.41169527e+08 -1.52579891e-02  5.41169527e+08 -3.04541566e-02 
 5.84341413e+08 -1.46533824e-02  5.84341413e+08 -2.81508101e-02 
 6.30957344e+08 -1.41335175e-02  6.30957344e+08 -2.60284082e-02 
 6.81292069e+08 -1.36866540e-02  6.81292069e+08 -2.40714096e-02 
 7.35642254e+08 -1.33026412e-02  7.35642254e+08 -2.22658585e-02 
 7.94328235e+08 -1.29727132e-02  7.94328235e+08 -2.05991805e-02 
 8.57695899e+08 -1.26893073e-02  8.57695899e+08 -1.90600099e-02 
 9.26118728e+08 -1.24459043e-02  9.26118728e+08 -1.76380441e-02 
 1.00000000e+09 -1.22368884e-02  1.00000000e+09 -1.63239202e-02 
 1.07977516e+09 -1.20574245e-02  1.07977516e+09 -1.51091089e-02 
 1.16591440e+09 -1.19033521e-02  1.16591440e+09 -1.39858246e-02 
 1.25892541e+09 -1.17710921e-02  1.25892541e+09 -1.29469472e-02 
 1.35935639e+09 -1.16575671e-02  1.35935639e+09 -1.19859549e-02 
 1.46779927e+09 -1.15601313e-02  1.46779927e+09 -1.10968651e-02 
 1.58489319e+09 -1.14765107e-02  1.58489319e+09 -1.02741832e-02 
 1.71132830e+09 -1.14047515e-02  1.71132830e+09 -9.51285718e-03 
 1.84784980e+09 -1.13431749e-02  1.84784980e+09 -8.80823775e-03 
 1.99526231e+09 -1.12903389e-02  1.99526231e+09 -8.15604240e-03 
 2.15443469e+09 -1.12450052e-02  2.15443469e+09 -7.55232379e-03 
 2.32630507e+09 -1.12061102e-02  2.32630507e+09 -6.99344117e-03 
 2.51188643e+09 -1.11727407e-02  2.51188643e+09 -6.47603475e-03 
 2.71227258e+09 -1.11441128e-02  2.71227258e+09 -5.99700252e-03 
 2.92864456e+09 -1.11195536e-02  2.92864456e+09 -5.55347929e-03 
 3.16227766e+09 -1.10984854e-02  3.16227766e+09 -5.14281765e-03 
 3.41454887e+09 -1.10804123e-02  3.41454887e+09 -4.76257065e-03 
 3.68694506e+09 -1.10649089e-02  3.68694506e+09 -4.41047601e-03 
 3.98107171e+09 -1.10516101e-02  3.98107171e+09 -4.08444168e-03 
 4.29866235e+09 -1.10402026e-02  4.29866235e+09 -3.78253267e-03 
 4.64158883e+09 -1.10304176e-02  4.64158883e+09 -3.50295887e-03 
 5.01187234e+09 -1.10220243e-02  5.01187234e+09 -3.24406404e-03 
 5.41169527e+09 -1.10148250e-02  5.41169527e+09 -3.00431553e-03 
 5.84341413e+09 -1.10086498e-02  5.84341413e+09 -2.78229492e-03 
 6.30957344e+09 -1.10033531e-02  6.30957344e+09 -2.57668938e-03 
 6.81292069e+09 -1.09988099e-02  6.81292069e+09 -2.38628370e-03 
 7.35642254e+09 -1.09949131e-02  7.35642254e+09 -2.20995295e-03 
 7.94328235e+09 -1.09915707e-02  7.94328235e+09 -2.04665571e-03 
 8.57695899e+09 -1.09887039e-02  8.57695899e+09 -1.89542783e-03 
 9.26118728e+09 -1.09862450e-02  9.26118728e+09 -1.75537663e-03 
 1.00000000e+10 -1.09841360e-02  1.00000000e+10 -1.62567559e-03 
