 1.00000000e+00  3.30054087e+02  1.00000000e+00 -4.06022095e-03 
 1.07977516e+00  3.30054087e+02  1.07977516e+00 -4.38412574e-03 
 1.16591440e+00  3.30054087e+02  1.16591440e+00 -4.73387008e-03 
 1.25892541e+00  3.30054087e+02  1.25892541e+00 -5.11151534e-03 
 1.35935639e+00  3.30054087e+02  1.35935639e+00 -5.51928730e-03 
 1.46779927e+00  3.30054087e+02  1.46779927e+00 -5.95958934e-03 
 1.58489319e+00  3.30054087e+02  1.58489319e+00 -6.43501655e-03 
 1.71132830e+00  3.30054087e+02  1.71132830e+00 -6.94837104e-03 
 1.84784980e+00  3.30054087e+02  1.84784980e+00 -7.50267847e-03 
 1.99526231e+00  3.30054087e+02  1.99526231e+00 -8.10120586e-03 
 2.15443469e+00  3.30054087e+02  2.15443469e+00 -8.74748087e-03 
 2.32630507e+00  3.30054087e+02  2.32630507e+00 -9.44531257e-03 
 2.51188643e+00  3.30054087e+02  2.51188643e+00 -1.01988139e-02 
 2.71227258e+00  3.30054087e+02  2.71227258e+00 -1.10124259e-02 
 2.92864456e+00  3.30054087e+02  2.92864456e+00 -1.18909440e-02 
 3.16227766e+00  3.30054087e+02  3.16227766e+00 -1.28395460e-02 
 3.41454887e+00  3.30054087e+02  3.41454887e+00 -1.38638229e-02 
 3.68694506e+00  3.30054087e+02  3.68694506e+00 -1.49698116e-02 
 3.98107171e+00  3.30054086e+02  3.98107171e+00 -1.61640307e-02 
 4.29866235e+00  3.30054086e+02  4.29866235e+00 -1.74535189e-02 
 4.64158883e+00  3.30054086e+02  4.64158883e+00 -1.88458762e-02 
 5.01187234e+00  3.30054086e+02  5.01187234e+00 -2.03493090e-02 
 5.41169527e+00  3.30054086e+02  5.41169527e+00 -2.19726784e-02 
 5.84341413e+00  3.30054086e+02  5.84341413e+00 -2.37255524e-02 
 6.30957344e+00  3.30054085e+02  6.30957344e+00 -2.56182622e-02 
 6.81292069e+00  3.30054085e+02  6.81292069e+00 -2.76619632e-02 
 7.35642254e+00  3.30054085e+02  7.35642254e+00 -2.98687007e-02 
 7.94328235e+00  3.30054084e+02  7.94328235e+00 -3.22514811e-02 
 8.57695899e+00  3.30054084e+02  8.57695899e+00 -3.48243482e-02 
 9.26118728e+00  3.30054083e+02  9.26118728e+00 -3.76024662e-02 
 1.00000000e+01  3.30054082e+02  1.00000000e+01 -4.06022089e-02 
 1.07977516e+01  3.30054081e+02  1.07977516e+01 -4.38412566e-02 
 1.16591440e+01  3.30054081e+02  1.16591440e+01 -4.73386999e-02 
 1.25892541e+01  3.30054079e+02  1.25892541e+01 -5.11151522e-02 
 1.35935639e+01  3.30054078e+02  1.35935639e+01 -5.51928715e-02 
 1.46779927e+01  3.30054077e+02  1.46779927e+01 -5.95958915e-02 
 1.58489319e+01  3.30054075e+02  1.58489319e+01 -6.43501631e-02 
 1.71132830e+01  3.30054073e+02  1.71132830e+01 -6.94837073e-02 
 1.84784980e+01  3.30054070e+02  1.84784980e+01 -7.50267808e-02 
 1.99526231e+01  3.30054067e+02  1.99526231e+01 -8.10120537e-02 
 2.15443469e+01  3.30054064e+02  2.15443469e+01 -8.74748026e-02 
 2.32630507e+01  3.30054060e+02  2.32630507e+01 -9.44531181e-02 
 2.51188643e+01  3.30054056e+02  2.51188643e+01 -1.01988130e-01 
 2.71227258e+01  3.30054051e+02  2.71227258e+01 -1.10124247e-01 
 2.92864456e+01  3.30054045e+02  2.92864456e+01 -1.18909425e-01 
 3.16227766e+01  3.30054037e+02  3.16227766e+01 -1.28395441e-01 
 3.41454887e+01  3.30054029e+02  3.41454887e+01 -1.38638204e-01 
 3.68694506e+01  3.30054019e+02  3.68694506e+01 -1.49698085e-01 
 3.98107171e+01  3.30054008e+02  3.98107171e+01 -1.61640269e-01 
 4.29866235e+01  3.30053995e+02  4.29866235e+01 -1.74535141e-01 
 4.64158883e+01  3.30053980e+02  4.64158883e+01 -1.88458701e-01 
 5.01187234e+01  3.30053962e+02  5.01187234e+01 -2.03493014e-01 
 5.41169527e+01  3.30053941e+02  5.41169527e+01 -2.19726688e-01 
 5.84341413e+01  3.30053917e+02  5.84341413e+01 -2.37255403e-01 
 6.30957344e+01  3.30053889e+02  6.30957344e+01 -2.56182469e-01 
 6.81292069e+01  3.30053856e+02  6.81292069e+01 -2.76619440e-01 
 7.35642254e+01  3.30053817e+02  7.35642254e+01 -2.98686766e-01 
 7.94328235e+01  3.30053773e+02  7.94328235e+01 -3.22514507e-01 
 8.57695899e+01  3.30053720e+02  8.57695899e+01 -3.48243099e-01 
 9.26118728e+01  3.30053659e+02  9.26118728e+01 -3.76024180e-01 
 1.00000000e+02  3.30053588e+02  1.00000000e+02 -4.06021483e-01 
 1.07977516e+02  3.30053506e+02  1.07977516e+02 -4.38411803e-01 
 1.16591440e+02  3.30053409e+02  1.16591440e+02 -4.73386037e-01 
 1.25892541e+02  3.30053297e+02  1.25892541e+02 -5.11150311e-01 
 1.35935639e+02  3.30053166e+02  1.35935639e+02 -5.51927191e-01 
 1.46779927e+02  3.30053013e+02  1.46779927e+02 -5.95956996e-01 
 1.58489319e+02  3.30052834e+02  1.58489319e+02 -6.43499215e-01 
 1.71132830e+02  3.30052626e+02  1.71132830e+02 -6.94834033e-01 
 1.84784980e+02  3.30052384e+02  1.84784980e+02 -7.50263980e-01 
 1.99526231e+02  3.30052101e+02  1.99526231e+02 -8.10115718e-01 
 2.15443469e+02  3.30051772e+02  2.15443469e+02 -8.74741959e-01 
 2.32630507e+02  3.30051388e+02  2.32630507e+02 -9.44523543e-01 
 2.51188643e+02  3.30050940e+02  2.51188643e+02 -1.01987168e+00 
 2.71227258e+02  3.30050418e+02  2.71227258e+02 -1.10123037e+00 
 2.92864456e+02  3.30049809e+02  2.92864456e+02 -1.18907901e+00 
 3.16227766e+02  3.30049099e+02  3.16227766e+02 -1.28393522e+00 
 3.41454887e+02  3.30048271e+02  3.41454887e+02 -1.38635789e+00 
 3.68694506e+02  3.30047306e+02  3.68694506e+02 -1.49695045e+00 
 3.98107171e+02  3.30046181e+02  3.98107171e+02 -1.61636441e+00 
 4.29866235e+02  3.30044870e+02  4.29866235e+02 -1.74530321e+00 
 4.64158883e+02  3.30043341e+02  4.64158883e+02 -1.88452634e+00 
 5.01187234e+02  3.30041558e+02  5.01187234e+02 -2.03485376e+00 
 5.41169527e+02  3.30039479e+02  5.41169527e+02 -2.19717072e+00 
 5.84341413e+02  3.30037055e+02  5.84341413e+02 -2.37243298e+00 
 6.30957344e+02  3.30034229e+02  6.30957344e+02 -2.56167230e+00 
 6.81292069e+02  3.30030935e+02  6.81292069e+02 -2.76600254e+00 
 7.35642254e+02  3.30027094e+02  7.35642254e+02 -2.98662613e+00 
 7.94328235e+02  3.30022616e+02  7.94328235e+02 -3.22484101e+00 
 8.57695899e+02  3.30017395e+02  8.57695899e+02 -3.48204821e+00 
 9.26118728e+02  3.30011308e+02  9.26118728e+02 -3.75975991e+00 
 1.00000000e+03  3.30004211e+02  1.00000000e+03 -4.05960818e+00 
 1.07977516e+03  3.29995938e+02  1.07977516e+03 -4.38335433e+00 
 1.16591440e+03  3.29986292e+02  1.16591440e+03 -4.73289896e+00 
 1.25892541e+03  3.29975046e+02  1.25892541e+03 -5.11029280e+00 
 1.35935639e+03  3.29961936e+02  1.35935639e+03 -5.51774829e+00 
 1.46779927e+03  3.29946651e+02  1.46779927e+03 -5.95765193e+00 
 1.58489319e+03  3.29928833e+02  1.58489319e+03 -6.43257762e+00 
 1.71132830e+03  3.29908061e+02  1.71132830e+03 -6.94530080e+00 
 1.84784980e+03  3.29883845e+02  1.84784980e+03 -7.49881355e+00 
 1.99526231e+03  3.29855616e+02  1.99526231e+03 -8.09634063e+00 
 2.15443469e+03  3.29822710e+02  2.15443469e+03 -8.74135652e+00 
 2.32630507e+03  3.29784353e+02  2.32630507e+03 -9.43760337e+00 
 2.51188643e+03  3.29739643e+02  2.51188643e+03 -1.01891099e+01 
 2.71227258e+03  3.29687530e+02  2.71227258e+03 -1.10002113e+01 
 2.92864456e+03  3.29626791e+02  2.92864456e+03 -1.18755695e+01 
 3.16227766e+03  3.29556003e+02  3.16227766e+03 -1.28201947e+01 
 3.41454887e+03  3.29473509e+02  3.41454887e+03 -1.38394672e+01 
 3.68694506e+03  3.29377380e+02  3.68694506e+03 -1.49391585e+01 
 3.98107171e+03  3.29265373e+02  3.98107171e+03 -1.61254539e+01 
 4.29866235e+03  3.29134877e+02  4.29866235e+03 -1.74049728e+01 
 4.64158883e+03  3.28982862e+02  4.64158883e+03 -1.87847884e+01 
 5.01187234e+03  3.28805801e+02  5.01187234e+03 -2.02724454e+01 
 5.41169527e+03  3.28599604e+02  5.41169527e+03 -2.18759735e+01 
 5.84341413e+03  3.28359522e+02  5.84341413e+03 -2.36038970e+01 
 6.30957344e+03  3.28080048e+02  6.30957344e+03 -2.54652372e+01 
 6.81292069e+03  3.27754805e+02  6.81292069e+03 -2.74695069e+01 
 7.35642254e+03  3.27376412e+02  7.35642254e+03 -2.96266920e+01 
 7.94328235e+03  3.26936339e+02  7.94328235e+03 -3.19472193e+01 
 8.57695899e+03  3.26424740e+02  8.57695899e+03 -3.44419038e+01 
 9.26118728e+03  3.25830275e+02  9.26118728e+03 -3.71218729e+01 
 1.00000000e+04  3.25139905e+02  1.00000000e+04 -3.99984582e+01 
 1.07977516e+04  3.24338672e+02  1.07977516e+04 -4.30830500e+01 
 1.16591440e+04  3.23409468e+02  1.16591440e+04 -4.63869054e+01 
 1.25892541e+04  3.22332787e+02  1.25892541e+04 -4.99208977e+01 
 1.35935639e+04  3.21086475e+02  1.35935639e+04 -5.36951999e+01 
 1.46779927e+04  3.19645479e+02  1.46779927e+04 -5.77188852e+01 
 1.58489319e+04  3.17981627e+02  1.58489319e+04 -6.19994360e+01 
 1.71132830e+04  3.16063428e+02  1.71132830e+04 -6.65421457e+01 
 1.84784980e+04  3.13855950e+02  1.84784980e+04 -7.13494037e+01 
 1.99526231e+04  3.11320787e+02  1.99526231e+04 -7.64198548e+01 
 2.15443469e+04  3.08416166e+02  2.15443469e+04 -8.17474321e+01 
 2.32630507e+04  3.05097233e+02  2.32630507e+04 -8.73202710e+01 
 2.51188643e+04  3.01316595e+02  2.51188643e+04 -9.31195254e+01 
 2.71227258e+04  2.97025154e+02  2.71227258e+04 -9.91181265e+01 
 2.92864456e+04  2.92173314e+02  2.92864456e+04 -1.05279549e+02 
 3.16227766e+04  2.86712605e+02  3.16227766e+04 -1.11556680e+02 
 3.41454887e+04  2.80597762e+02  3.41454887e+04 -1.17890906e+02 
 3.68694506e+04  2.73789253e+02  3.68694506e+04 -1.24211594e+02 
 3.98107171e+04  2.66256226e+02  3.98107171e+04 -1.30436112e+02 
 4.29866235e+04  2.57979727e+02  4.29866235e+04 -1.36470612e+02 
 4.64158883e+04  2.48956034e+02  4.64158883e+04 -1.42211719e+02 
 5.01187234e+04  2.39199799e+02  5.01187234e+04 -1.47549246e+02 
 5.41169527e+04  2.28746667e+02  5.41169527e+04 -1.52369982e+02 
 5.84341413e+04  2.17654991e+02  5.84341413e+04 -1.56562432e+02 
 6.30957344e+04  2.06006267e+02  6.30957344e+04 -1.60022278e+02 
 6.81292069e+04  1.93903998e+02  6.81292069e+04 -1.62658138e+02 
 7.35642254e+04  1.81470859e+02  7.35642254e+04 -1.64397115e+02 
 7.94328235e+04  1.68844218e+02  7.94328235e+04 -1.65189538e+02 
 8.57695899e+04  1.56170314e+02  8.57695899e+04 -1.65012353e+02 
 9.26118728e+04  1.43597581e+02  9.26118728e+04 -1.63870734e+02 
 1.00000000e+05  1.31269767e+02  1.00000000e+05 -1.61797723e+02 
 1.07977516e+05  1.19319498e+02  1.07977516e+05 -1.58851927e+02 
 1.16591440e+05  1.07862899e+02  1.16591440e+05 -1.55113583e+02 
 1.25892541e+05  9.69956910e+01  1.25892541e+05 -1.50679452e+02 
 1.35935639e+05  8.67909795e+01  1.35935639e+05 -1.45657129e+02 
 1.46779927e+05  7.72987180e+01  1.46779927e+05 -1.40159335e+02 
 1.58489319e+05  6.85466473e+01  1.58489319e+05 -1.34298679e+02 
 1.71132830e+05  6.05423837e+01  1.71132830e+05 -1.28183249e+02 
 1.84784980e+05  5.32762745e+01  1.84784980e+05 -1.21913206e+02 
 1.99526231e+05  4.67246452e+01  1.99526231e+05 -1.15578454e+02 
 2.15443469e+05  4.08531178e+01  2.15443469e+05 -1.09257298e+02 
 2.32630507e+05  3.56197514e+01  2.32630507e+05 -1.03015960e+02 
 2.51188643e+05  3.09778427e+01  2.51188643e+05 -9.69087758e+01 
 2.71227258e+05  2.68782951e+01  2.71227258e+05 -9.09788795e+01 
 2.92864456e+05  2.32715295e+01  2.92864456e+05 -8.52592099e+01 
 3.16227766e+05  2.01089501e+01  3.16227766e+05 -7.97736928e+01 
 3.41454887e+05  1.73440094e+01  3.41454887e+05 -7.45384870e+01 
 3.68694506e+05  1.49329292e+01  3.68694506e+05 -6.95632099e+01 
 3.98107171e+05  1.28351396e+01  3.98107171e+05 -6.48520898e+01 
 4.29866235e+05  1.10134968e+01  4.29866235e+05 -6.04050100e+01 
 4.64158883e+05  9.43433307e+00  4.64158883e+05 -5.62184302e+01 
 5.01187234e+05  8.06738598e+00  5.01187234e+05 -5.22861807e+01 
 5.41169527e+05  6.88564401e+00  5.41169527e+05 -4.86001335e+01 
 5.84341413e+05  5.86513971e+00  5.84341413e+05 -4.51507605e+01 
 6.30957344e+05  4.98471272e+00  6.30957344e+05 -4.19275890e+01 
 6.81292069e+05  4.22576006e+00  6.81292069e+05 -3.89195700e+01 
 7.35642254e+05  3.57198589e+00  7.35642254e+05 -3.61153690e+01 
 7.94328235e+05  3.00915902e+00  7.94328235e+05 -3.35035941e+01 
 8.57695899e+05  2.52488386e+00  8.57695899e+05 -3.10729696e+01 
 9.26118728e+05  2.10838762e+00  9.26118728e+05 -2.88124675e+01 
 1.00000000e+06  1.75032578e+00  1.00000000e+06 -2.67114024e+01 
 1.07977516e+06  1.44260588e+00  1.07977516e+06 -2.47594988e+01 
 1.16591440e+06  1.17822957e+00  1.16591440e+06 -2.29469352e+01 
 1.25892541e+06  9.51151985e-01  1.25892541e+06 -2.12643714e+01 
 1.35935639e+06  7.56157196e-01  1.35935639e+06 -1.97029612e+01 
 1.46779927e+06  5.88748589e-01  1.46779927e+06 -1.82543552e+01 
 1.58489319e+06  4.45052677e-01  1.58489319e+06 -1.69106951e+01 
 1.71132830e+06  3.21735034e-01  1.71132830e+06 -1.56646029e+01 
 1.84784980e+06  2.15927022e-01  1.84784980e+06 -1.45091653e+01 
 1.99526231e+06  1.25162090e-01  1.99526231e+06 -1.34379155e+01 
 2.15443469e+06  4.73205047e-02  2.15443469e+06 -1.24448126e+01 
 2.32630507e+06 -1.94185032e-02  2.32630507e+06 -1.15242210e+01 
 2.51188643e+06 -7.66181210e-02  2.51188643e+06 -1.06708880e+01 
 2.71227258e+06 -1.25619676e-01  2.71227258e+06 -9.87992248e+00 
 2.92864456e+06 -1.67573439e-01  2.92864456e+06 -9.14677271e+00 
 3.16227766e+06 -2.03465151e-01  3.16227766e+06 -8.46720594e+00 
 3.41454887e+06 -2.34138842e-01  3.41454887e+06 -7.83728779e+00 
 3.68694506e+06 -2.60316439e-01  3.68694506e+06 -7.25336291e+00 
 3.98107171e+06 -2.82614594e-01  3.98107171e+06 -6.71203646e+00 
 4.29866235e+06 -3.01559101e-01  4.29866235e+06 -6.21015654e+00 
 4.64158883e+06 -3.17597254e-01  4.64158883e+06 -5.74479766e+00 
 5.01187234e+06 -3.31108390e-01  5.01187234e+06 -5.31324520e+00 
 5.41169527e+06 -3.42412913e-01  5.41169527e+06 -4.91298084e+00 
 5.84341413e+06 -3.51779966e-01  5.84341413e+06 -4.54166906e+00 
 6.30957344e+06 -3.59433984e-01  6.30957344e+06 -4.19714449e+00 
 6.81292069e+06 -3.65560266e-01  6.81292069e+06 -3.87740029e+00 
 7.35642254e+06 -3.70309734e-01  7.35642254e+06 -3.58057740e+00 
 7.94328235e+06 -3.73803004e-01  7.94328235e+06 -3.30495472e+00 
 8.57695899e+06 -3.76133916e-01  8.57695899e+06 -3.04894013e+00 
 9.26118728e+06 -3.77372628e-01  9.26118728e+06 -2.81106235e+00 
 1.00000000e+07 -3.77568407e-01  1.00000000e+07 -2.58996358e+00 
 1.07977516e+07 -3.76752235e-01  1.07977516e+07 -2.38439297e+00 
 1.16591440e+07 -3.74939358e-01  1.16591440e+07 -2.19320067e+00 
 1.25892541e+07 -3.72131884e-01  1.25892541e+07 -2.01533260e+00 
 1.35935639e+07 -3.68321575e-01  1.35935639e+07 -1.84982574e+00 
 1.46779927e+07 -3.63492911e-01  1.46779927e+07 -1.69580370e+00 
 1.58489319e+07 -3.57626546e-01  1.58489319e+07 -1.55247263e+00 
 1.71132830e+07 -3.50703166e-01  1.71132830e+07 -1.41911709e+00 
 1.84784980e+07 -3.42707780e-01  1.84784980e+07 -1.29509568e+00 
 1.99526231e+07 -3.33634326e-01  1.99526231e+07 -1.17983619e+00 
 2.15443469e+07 -3.23490430e-01  2.15443469e+07 -1.07283000e+00 
 2.32630507e+07 -3.12302028e-01  2.32630507e+07 -9.73625550e-01 
 2.51188643e+07 -3.00117450e-01  2.51188643e+07 -8.81820745e-01 
 2.71227258e+07 -2.87010537e-01  2.71227258e+07 -7.97054296e-01 
 2.92864456e+07 -2.73082286e-01  2.92864456e+07 -7.18996266e-01 
 3.16227766e+07 -2.58460638e-01  3.16227766e+07 -6.47338169e-01 
 3.41454887e+07 -2.43298122e-01  3.41454887e+07 -5.81783245e-01 
 3.68694506e+07 -2.27767334e-01  3.68694506e+07 -5.22037586e-01 
 3.98107171e+07 -2.12054494e-01  3.98107171e+07 -4.67802840e-01 
 4.29866235e+07 -1.96351588e-01  4.29866235e+07 -4.18771092e-01 
 4.64158883e+07 -1.80847856e-01  4.64158883e+07 -3.74622313e-01 
 5.01187234e+07 -1.65721442e-01  5.01187234e+07 -3.35024434e-01 
 5.41169527e+07 -1.51132040e-01  5.41169527e+07 -2.99635825e-01 
 5.84341413e+07 -1.37215164e-01  5.84341413e+07 -2.68109649e-01 
 6.30957344e+07 -1.24078455e-01  6.30957344e+07 -2.40099398e-01 
 6.81292069e+07 -1.11800124e-01  6.81292069e+07 -2.15264878e-01 
 7.35642254e+07 -1.00429385e-01  7.35642254e+07 -1.93277951e-01 
 7.94328235e+07 -8.99885221e-02  7.94328235e+07 -1.73827505e-01 
 8.57695899e+07 -8.04761465e-02  8.57695899e+07 -1.56623320e-01 
 9.26118728e+07 -7.18711410e-02  9.26118728e+07 -1.41398673e-01 
 1.00000000e+08 -6.41368680e-02  1.00000000e+08 -1.27911707e-01 
 1.07977516e+08 -5.72252775e-02  1.07977516e+08 -1.15945698e-01 
 1.16591440e+08 -5.10806655e-02  1.16591440e+08 -1.05308423e-01 
 1.25892541e+08 -4.56429266e-02  1.25892541e+08 -9.58308620e-02 
 1.35935639e+08 -4.08502368e-02  1.35935639e+08 -8.73654479e-02 
 1.46779927e+08 -3.66411591e-02  1.46779927e+08 -7.97840713e-02 
 1.58489319e+08 -3.29562167e-02  1.58489319e+08 -7.29759837e-02 
 1.71132830e+08 -2.97389958e-02  1.71132830e+08 -6.68457264e-02 
 1.84784980e+08 -2.69368586e-02  1.84784980e+08 -6.13111611e-02 
 1.99526231e+08 -2.45013415e-02  1.99526231e+08 -5.63016562e-02 
 2.15443469e+08 -2.23883122e-02  2.15443469e+08 -5.17564514e-02 
 2.32630507e+08 -2.05579484e-02  2.32630507e+08 -4.76232132e-02 
 2.51188643e+08 -1.89745904e-02  2.51188643e+08 -4.38567748e-02 
 2.71227258e+08 -1.76065109e-02  2.71227258e+08 -4.04180505e-02 
 2.92864456e+08 -1.64256343e-02  2.92864456e+08 -3.72731089e-02 
 3.16227766e+08 -1.54072302e-02  3.16227766e+08 -3.43923871e-02 
 3.41454887e+08 -1.45295998e-02  3.41454887e+08 -3.17500272e-02 
 3.68694506e+08 -1.37737675e-02  3.68694506e+08 -2.93233198e-02 
 3.98107171e+08 -1.31231861e-02  3.98107171e+08 -2.70922373e-02 
 4.29866235e+08 -1.25634611e-02  4.29866235e+08 -2.50390432e-02 
 4.64158883e+08 -1.20820960e-02  4.64158883e+08 -2.31479657e-02 
 5.01187234e+08 -1.16682617e-02  5.01187234e+08 -2.14049248e-02 
 5.41169527e+08 -1.13125877e-02  5.41169527e+08 -1.97973029e-02 
 5.84341413e+08 -1.10069764e-02  5.84341413e+08 -1.83137532e-02 
 6.30957344e+08 -1.07444375e-02  6.30957344e+08 -1.69440382e-02 
 6.81292069e+08 -1.05189420e-02  6.81292069e+08 -1.56788929e-02 
 7.35642254e+08 -1.03252944e-02  7.35642254e+08 -1.45099099e-02 
 7.94328235e+08 -1.01590199e-02  7.94328235e+08 -1.34294405e-02 
 8.57695899e+08 -1.00162670e-02  8.57695899e+08 -1.24305113e-02 
 9.26118728e+08 -9.89372163e-03  9.26118728e+08 -1.15067517e-02 
 1.00000000e+09 -9.78853363e-03  1.00000000e+09 -1.06523316e-02 
 1.07977516e+09 -9.69825239e-03  1.07977516e+09 -9.86190752e-03 
 1.16591440e+09 -9.62077150e-03  1.16591440e+09 -9.13057525e-03 
 1.25892541e+09 -9.55428077e-03  1.25892541e+09 -8.45382841e-03 
 1.35935639e+09 -9.49722494e-03  1.35935639e+09 -7.82752197e-03 
 1.46779927e+09 -9.44826800e-03  1.46779927e+09 -7.24783976e-03 
 1.58489319e+09 -9.40626248e-03  1.58489319e+09 -6.71126565e-03 
 1.71132830e+09 -9.37022297e-03  1.71132830e+09 -6.21455776e-03 
 1.84784980e+09 -9.33930338e-03  1.84784980e+09 -5.75472525e-03 
 1.99526231e+09 -9.31277730e-03  1.99526231e+09 -5.32900746e-03 
 2.15443469e+09 -9.29002116e-03  2.15443469e+09 -4.93485505e-03 
 2.32630507e+09 -9.27049970e-03  2.32630507e+09 -4.56991292e-03 
 2.51188643e+09 -9.25375354e-03  2.51188643e+09 -4.23200461e-03 
 2.71227258e+09 -9.23938843e-03  2.71227258e+09 -3.91911824e-03 
 2.92864456e+09 -9.22706606e-03  2.92864456e+09 -3.62939352e-03 
 3.16227766e+09 -9.21649611e-03  3.16227766e+09 -3.36110999e-03 
 3.41454887e+09 -9.20742950e-03  3.41454887e+09 -3.11267618e-03 
 3.68694506e+09 -9.19965250e-03  3.68694506e+09 -2.88261970e-03 
 3.98107171e+09 -9.19298175e-03  3.98107171e+09 -2.66957815e-03 
 4.29866235e+09 -9.18725995e-03  4.29866235e+09 -2.47229075e-03 
 4.64158883e+09 -9.18235215e-03  4.64158883e+09 -2.28959060e-03 
 5.01187234e+09 -9.17814256e-03  5.01187234e+09 -2.12039765e-03 
 5.41169527e+09 -9.17453189e-03  5.41169527e+09 -1.96371210e-03 
 5.84341413e+09 -9.17143493e-03  5.84341413e+09 -1.81860840e-03 
 6.30957344e+09 -9.16877861e-03  6.30957344e+09 -1.68422970e-03 
 6.81292069e+09 -9.16650024e-03  6.81292069e+09 -1.55978269e-03 
 7.35642254e+09 -9.16454605e-03  7.35642254e+09 -1.44453286e-03 
 7.94328235e+09 -9.16286993e-03  7.94328235e+09 -1.33780011e-03 
 8.57695899e+09 -9.16143230e-03  8.57695899e+09 -1.23895473e-03 
 9.26118728e+09 -9.16019923e-03  9.26118728e+09 -1.14741361e-03 
 1.00000000e+10 -9.15914163e-03  1.00000000e+10 -1.06263681e-03 
