 1.00000000e+00  2.74180238e+02  1.00000000e+00 -3.68032028e-03 
 1.07977516e+00  2.74180238e+02  1.07977516e+00 -3.97391842e-03 
 1.16591440e+00  2.74180238e+02  1.16591440e+00 -4.29093841e-03 
 1.25892541e+00  2.74180238e+02  1.25892541e+00 -4.63324872e-03 
 1.35935639e+00  2.74180238e+02  1.35935639e+00 -5.00286689e-03 
 1.46779927e+00  2.74180237e+02  1.46779927e+00 -5.40197141e-03 
 1.58489319e+00  2.74180237e+02  1.58489319e+00 -5.83291455e-03 
 1.71132830e+00  2.74180237e+02  1.71132830e+00 -6.29823626e-03 
 1.84784980e+00  2.74180237e+02  1.84784980e+00 -6.80067908e-03 
 1.99526231e+00  2.74180237e+02  1.99526231e+00 -7.34320435e-03 
 2.15443469e+00  2.74180237e+02  2.15443469e+00 -7.92900967e-03 
 2.32630507e+00  2.74180237e+02  2.32630507e+00 -8.56154770e-03 
 2.51188643e+00  2.74180237e+02  2.51188643e+00 -9.24454656e-03 
 2.71227258e+00  2.74180237e+02  2.71227258e+00 -9.98203176e-03 
 2.92864456e+00  2.74180237e+02  2.92864456e+00 -1.07783500e-02 
 3.16227766e+00  2.74180237e+02  3.16227766e+00 -1.16381946e-02 
 3.41454887e+00  2.74180237e+02  3.41454887e+00 -1.25666334e-02 
 3.68694506e+00  2.74180237e+02  3.68694506e+00 -1.35691387e-02 
 3.98107171e+00  2.74180237e+02  3.98107171e+00 -1.46516189e-02 
 4.29866235e+00  2.74180237e+02  4.29866235e+00 -1.58204542e-02 
 4.64158883e+00  2.74180237e+02  4.64158883e+00 -1.70825334e-02 
 5.01187234e+00  2.74180236e+02  5.01187234e+00 -1.84452953e-02 
 5.41169527e+00  2.74180236e+02  5.41169527e+00 -1.99167717e-02 
 5.84341413e+00  2.74180236e+02  5.84341413e+00 -2.15056354e-02 
 6.30957344e+00  2.74180236e+02  6.30957344e+00 -2.32212509e-02 
 6.81292069e+00  2.74180235e+02  6.81292069e+00 -2.50737300e-02 
 7.35642254e+00  2.74180235e+02  7.35642254e+00 -2.70739908e-02 
 7.94328235e+00  2.74180234e+02  7.94328235e+00 -2.92338228e-02 
 8.57695899e+00  2.74180234e+02  8.57695899e+00 -3.15659557e-02 
 9.26118728e+00  2.74180233e+02  9.26118728e+00 -3.40841348e-02 
 1.00000000e+01  2.74180233e+02  1.00000000e+01 -3.68032021e-02 
 1.07977516e+01  2.74180232e+02  1.07977516e+01 -3.97391834e-02 
 1.16591440e+01  2.74180231e+02  1.16591440e+01 -4.29093831e-02 
 1.25892541e+01  2.74180230e+02  1.25892541e+01 -4.63324859e-02 
 1.35935639e+01  2.74180228e+02  1.35935639e+01 -5.00286672e-02 
 1.46779927e+01  2.74180227e+02  1.46779927e+01 -5.40197120e-02 
 1.58489319e+01  2.74180225e+02  1.58489319e+01 -5.83291429e-02 
 1.71132830e+01  2.74180223e+02  1.71132830e+01 -6.29823593e-02 
 1.84784980e+01  2.74180221e+02  1.84784980e+01 -6.80067866e-02 
 1.99526231e+01  2.74180218e+02  1.99526231e+01 -7.34320383e-02 
 2.15443469e+01  2.74180215e+02  2.15443469e+01 -7.92900901e-02 
 2.32630507e+01  2.74180211e+02  2.32630507e+01 -8.56154688e-02 
 2.51188643e+01  2.74180206e+02  2.51188643e+01 -9.24454552e-02 
 2.71227258e+01  2.74180201e+02  2.71227258e+01 -9.98203045e-02 
 2.92864456e+01  2.74180195e+02  2.92864456e+01 -1.07783483e-01 
 3.16227766e+01  2.74180188e+02  3.16227766e+01 -1.16381925e-01 
 3.41454887e+01  2.74180180e+02  3.41454887e+01 -1.25666308e-01 
 3.68694506e+01  2.74180170e+02  3.68694506e+01 -1.35691354e-01 
 3.98107171e+01  2.74180159e+02  3.98107171e+01 -1.46516147e-01 
 4.29866235e+01  2.74180146e+02  4.29866235e+01 -1.58204489e-01 
 4.64158883e+01  2.74180131e+02  4.64158883e+01 -1.70825269e-01 
 5.01187234e+01  2.74180114e+02  5.01187234e+01 -1.84452870e-01 
 5.41169527e+01  2.74180093e+02  5.41169527e+01 -1.99167613e-01 
 5.84341413e+01  2.74180069e+02  5.84341413e+01 -2.15056223e-01 
 6.30957344e+01  2.74180041e+02  6.30957344e+01 -2.32212344e-01 
 6.81292069e+01  2.74180008e+02  6.81292069e+01 -2.50737092e-01 
 7.35642254e+01  2.74179970e+02  7.35642254e+01 -2.70739647e-01 
 7.94328235e+01  2.74179926e+02  7.94328235e+01 -2.92337899e-01 
 8.57695899e+01  2.74179874e+02  8.57695899e+01 -3.15659143e-01 
 9.26118728e+01  2.74179814e+02  9.26118728e+01 -3.40840827e-01 
 1.00000000e+02  2.74179744e+02  1.00000000e+02 -3.68031365e-01 
 1.07977516e+02  2.74179662e+02  1.07977516e+02 -3.97391008e-01 
 1.16591440e+02  2.74179566e+02  1.16591440e+02 -4.29092791e-01 
 1.25892541e+02  2.74179455e+02  1.25892541e+02 -4.63323550e-01 
 1.35935639e+02  2.74179325e+02  1.35935639e+02 -5.00285024e-01 
 1.46779927e+02  2.74179174e+02  1.46779927e+02 -5.40195045e-01 
 1.58489319e+02  2.74178997e+02  1.58489319e+02 -5.83288817e-01 
 1.71132830e+02  2.74178791e+02  1.71132830e+02 -6.29820305e-01 
 1.84784980e+02  2.74178551e+02  1.84784980e+02 -6.80063727e-01 
 1.99526231e+02  2.74178272e+02  1.99526231e+02 -7.34315172e-01 
 2.15443469e+02  2.74177945e+02  2.15443469e+02 -7.92894341e-01 
 2.32630507e+02  2.74177565e+02  2.32630507e+02 -8.56146428e-01 
 2.51188643e+02  2.74177122e+02  2.51188643e+02 -9.24444154e-01 
 2.71227258e+02  2.74176605e+02  2.71227258e+02 -9.98189955e-01 
 2.92864456e+02  2.74176002e+02  2.92864456e+02 -1.07781835e+00 
 3.16227766e+02  2.74175299e+02  3.16227766e+02 -1.16379850e+00 
 3.41454887e+02  2.74174480e+02  3.41454887e+02 -1.25663696e+00 
 3.68694506e+02  2.74173524e+02  3.68694506e+02 -1.35688066e+00 
 3.98107171e+02  2.74172411e+02  3.98107171e+02 -1.46512008e+00 
 4.29866235e+02  2.74171112e+02  4.29866235e+02 -1.58199278e+00 
 4.64158883e+02  2.74169598e+02  4.64158883e+02 -1.70818708e+00 
 5.01187234e+02  2.74167833e+02  5.01187234e+02 -1.84444611e+00 
 5.41169527e+02  2.74165775e+02  5.41169527e+02 -1.99157216e+00 
 5.84341413e+02  2.74163376e+02  5.84341413e+02 -2.15043133e+00 
 6.30957344e+02  2.74160578e+02  6.30957344e+02 -2.32195866e+00 
 6.81292069e+02  2.74157317e+02  6.81292069e+02 -2.50716347e+00 
 7.35642254e+02  2.74153514e+02  7.35642254e+02 -2.70713530e+00 
 7.94328235e+02  2.74149081e+02  7.94328235e+02 -2.92305021e+00 
 8.57695899e+02  2.74143912e+02  8.57695899e+02 -3.15617752e+00 
 9.26118728e+02  2.74137886e+02  9.26118728e+02 -3.40788721e+00 
 1.00000000e+03  2.74130861e+02  1.00000000e+03 -3.67965769e+00 
 1.07977516e+03  2.74122670e+02  1.07977516e+03 -3.97308430e+00 
 1.16591440e+03  2.74113121e+02  1.16591440e+03 -4.28988835e+00 
 1.25892541e+03  2.74101988e+02  1.25892541e+03 -4.63192683e+00 
 1.35935639e+03  2.74089010e+02  1.35935639e+03 -5.00120280e+00 
 1.46779927e+03  2.74073880e+02  1.46779927e+03 -5.39987656e+00 
 1.58489319e+03  2.74056242e+02  1.58489319e+03 -5.83027747e+00 
 1.71132830e+03  2.74035680e+02  1.71132830e+03 -6.29491661e+00 
 1.84784980e+03  2.74011711e+02  1.84784980e+03 -6.79650026e+00 
 1.99526231e+03  2.73983769e+02  1.99526231e+03 -7.33794407e+00 
 2.15443469e+03  2.73951200e+02  2.15443469e+03 -7.92238815e+00 
 2.32630507e+03  2.73913236e+02  2.32630507e+03 -8.55321286e+00 
 2.51188643e+03  2.73868987e+02  2.51188643e+03 -9.23405531e+00 
 2.71227258e+03  2.73817414e+02  2.71227258e+03 -9.96882654e+00 
 2.92864456e+03  2.73757310e+02  2.92864456e+03 -1.07617292e+01 
 3.16227766e+03  2.73687266e+02  3.16227766e+03 -1.16172757e+01 
 3.41454887e+03  2.73605646e+02  3.41454887e+03 -1.25403059e+01 
 3.68694506e+03  2.73510546e+02  3.68694506e+03 -1.35360058e+01 
 3.98107171e+03  2.73399751e+02  3.98107171e+03 -1.46099240e+01 
 4.29866235e+03  2.73270686e+02  4.29866235e+03 -1.57679882e+01 
 4.64158883e+03  2.73120362e+02  4.64158883e+03 -1.70165190e+01 
 5.01187234e+03  2.72945305e+02  5.01187234e+03 -1.83622413e+01 
 5.41169527e+03  2.72741486e+02  5.41169527e+03 -1.98122910e+01 
 5.84341413e+03  2.72504236e+02  5.84341413e+03 -2.13742163e+01 
 6.30957344e+03  2.72228142e+02  6.30957344e+03 -2.30559717e+01 
 6.81292069e+03  2.71906946e+02  6.81292069e+03 -2.48659012e+01 
 7.35642254e+03  2.71533414e+02  7.35642254e+03 -2.68127092e+01 
 7.94328235e+03  2.71099201e+02  7.94328235e+03 -2.89054146e+01 
 8.57695899e+03  2.70594696e+02  8.57695899e+03 -3.11532834e+01 
 9.26118728e+03  2.70008851e+02  9.26118728e+03 -3.35657356e+01 
 1.00000000e+04  2.69328999e+02  1.00000000e+04 -3.61522189e+01 
 1.07977516e+04  2.68540660e+02  1.07977516e+04 -3.89220423e+01 
 1.16591440e+04  2.67627329e+02  1.16591440e+04 -4.18841610e+01 
 1.25892541e+04  2.66570274e+02  1.25892541e+04 -4.50469040e+01 
 1.35935639e+04  2.65348330e+02  1.35935639e+04 -4.84176321e+01 
 1.46779927e+04  2.63937713e+02  1.46779927e+04 -5.20023175e+01 
 1.58489319e+04  2.62311869e+02  1.58489319e+04 -5.58050336e+01 
 1.71132830e+04  2.60441377e+02  1.71132830e+04 -5.98273460e+01 
 1.84784980e+04  2.58293937e+02  1.84784980e+04 -6.40675998e+01 
 1.99526231e+04  2.55834480e+02  1.99526231e+04 -6.85201014e+01 
 2.15443469e+04  2.53025434e+02  2.15443469e+04 -7.31742032e+01 
 2.32630507e+04  2.49827206e+02  2.32630507e+04 -7.80133120e+01 
 2.51188643e+04  2.46198915e+02  2.51188643e+04 -8.30138557e+01 
 2.71227258e+04  2.42099447e+02  2.71227258e+04 -8.81442666e+01 
 2.92864456e+04  2.37488856e+02  2.92864456e+04 -9.33640621e+01 
 3.16227766e+04  2.32330144e+02  3.16227766e+04 -9.86231290e+01 
 3.41454887e+04  2.26591417e+02  3.41454887e+04 -1.03861346e+02 
 3.68694506e+04  2.20248371e+02  3.68694506e+04 -1.09008691e+02 
 3.98107171e+04  2.13286990e+02  3.98107171e+04 -1.13985989e+02 
 4.29866235e+04  2.05706302e+02  4.29866235e+04 -1.18706441e+02 
 4.64158883e+04  1.97520946e+02  4.64158883e+04 -1.23078009e+02 
 5.01187234e+04  1.88763250e+02  5.01187234e+04 -1.27006683e+02 
 5.41169527e+04  1.79484516e+02  5.41169527e+04 -1.30400527e+02 
 5.84341413e+04  1.69755195e+02  5.84341413e+04 -1.33174265e+02 
 6.30957344e+04  1.59663747e+02  6.30957344e+04 -1.35254070e+02 
 6.81292069e+04  1.49314065e+02  6.81292069e+04 -1.36582095e+02 
 7.35642254e+04  1.38821581e+02  7.35642254e+04 -1.37120271e+02 
 7.94328235e+04  1.28308291e+02  7.94328235e+04 -1.36852918e+02 
 8.57695899e+04  1.17897161e+02  8.57695899e+04 -1.35787844e+02 
 9.26118728e+04  1.07706430e+02  9.26118728e+04 -1.33955796e+02 
 1.00000000e+05  9.78443754e+01  1.00000000e+05 -1.31408329e+02 
 1.07977516e+05  8.84050146e+01  1.07977516e+05 -1.28214366e+02 
 1.16591440e+05  7.94650650e+01  1.16591440e+05 -1.24455856e+02 
 1.25892541e+05  7.10823234e+01  1.25892541e+05 -1.20223025e+02 
 1.35935639e+05  6.32954174e+01  1.35935639e+05 -1.15609666e+02 
 1.46779927e+05  5.61247457e+01  1.46779927e+05 -1.10708889e+02 
 1.58489319e+05  4.95743275e+01  1.58489319e+05 -1.05609569e+02 
 1.71132830e+05  4.36342390e+01  1.71132830e+05 -1.00393664e+02 
 1.84784980e+05  3.82833330e+01  1.84784980e+05 -9.51343982e+01 
 1.99526231e+05  3.34919824e+01  1.99526231e+05 -8.98952698e+01 
 2.15443469e+05  2.92246507e+01  2.15443469e+05 -8.47297431e+01 
 2.32630507e+05  2.54421667e+01  2.32630507e+05 -7.96814796e+01 
 2.51188643e+05  2.21036342e+01  2.51188643e+05 -7.47849557e+01 
 2.71227258e+05  1.91679605e+01  2.71227258e+05 -7.00663269e+01 
 2.92864456e+05  1.65950214e+01  2.92864456e+05 -6.55444218e+01 
 3.16227766e+05  1.43464987e+01  3.16227766e+05 -6.12317775e+01 
 3.41454887e+05  1.23864401e+01  3.41454887e+05 -5.71356501e+01 
 3.68694506e+05  1.06815939e+01  3.68694506e+05 -5.32589589e+01 
 3.98107171e+05  9.20156533e+00  3.98107171e+05 -4.96011383e+01 
 4.29866235e+05  7.91884124e+00  4.29866235e+05 -4.61588868e+01 
 4.64158883e+05  6.80871900e+00  4.64158883e+05 -4.29268100e+01 
 5.01187234e+05  5.84917063e+00  5.01187234e+05 -3.98979637e+01 
 5.41169527e+05  5.02066612e+00  5.41169527e+05 -3.70643032e+01 
 5.84341413e+05  4.30597449e+00  5.84341413e+05 -3.44170506e+01 
 6.30957344e+05  3.68995586e+00  6.30957344e+05 -3.19469890e+01 
 6.81292069e+05  3.15935443e+00  6.81292069e+05 -2.96446967e+01 
 7.35642254e+05  2.70259861e+00  7.35642254e+05 -2.75007283e+01 
 7.94328235e+05  2.30961279e+00  7.94328235e+05 -2.55057538e+01 
 8.57695899e+05  1.97164300e+00  8.57695899e+05 -2.36506621e+01 
 9.26118728e+05  1.68109765e+00  9.26118728e+05 -2.19266367e+01 
 1.00000000e+06  1.43140364e+00  1.00000000e+06 -2.03252078e+01 
 1.07977516e+06  1.21687739e+00  1.07977516e+06 -1.88382871e+01 
 1.16591440e+06  1.03261024e+00  1.16591440e+06 -1.74581882e+01 
 1.25892541e+06  8.74366913e-01  1.25892541e+06 -1.61776357e+01 
 1.35935639e+06  7.38496325e-01  1.35935639e+06 -1.49897666e+01 
 1.46779927e+06  6.21853248e-01  1.46779927e+06 -1.38881249e+01 
 1.58489319e+06  5.21729929e-01  1.58489319e+06 -1.28666515e+01 
 1.71132830e+06  4.35796487e-01  1.71132830e+06 -1.19196714e+01 
 1.84784980e+06  3.62049097e-01  1.84784980e+06 -1.10418781e+01 
 1.99526231e+06  2.98765042e-01  1.99526231e+06 -1.02283167e+01 
 2.15443469e+06  2.44463774e-01  2.15443469e+06 -9.47436598e+00 
 2.32630507e+06  1.97873243e-01  2.32630507e+06 -8.77572050e+00 
 2.51188643e+06  1.57900809e-01  2.51188643e+06 -8.12837249e+00 
 2.71227258e+06  1.23608140e-01  2.71227258e+06 -7.52859397e+00 
 2.92864456e+06  9.41895725e-02  2.92864456e+06 -6.97291936e+00 
 3.16227766e+06  6.89534667e-02  3.16227766e+06 -6.45812881e+00 
 3.41454887e+06  4.73061549e-02  3.41454887e+06 -5.98123208e+00 
 3.68694506e+06  2.87381303e-02  3.68694506e+06 -5.53945329e+00 
 3.98107171e+06  1.28121680e-02  3.98107171e+06 -5.13021634e+00 
 4.29866235e+06 -8.46886643e-04  4.29866235e+06 -4.75113127e+00 
 4.64158883e+06 -1.25608940e-02  4.64158883e+06 -4.39998131e+00 
 5.01187234e+06 -2.26059595e-02  5.01187234e+06 -4.07471072e+00 
 5.41169527e+06 -3.12189076e-02  5.41169527e+06 -3.77341347e+00 
 5.84341413e+06 -3.86028418e-02  5.84341413e+06 -3.49432254e+00 
 6.30957344e+06 -4.49319153e-02  6.30957344e+06 -3.23580001e+00 
 6.81292069e+06 -5.03554261e-02  6.81292069e+06 -2.99632776e+00 
 7.35642254e+06 -5.50013285e-02  7.35642254e+06 -2.77449881e+00 
 7.94328235e+06 -5.89792459e-02  7.94328235e+06 -2.56900929e+00 
 8.57695899e+06 -6.23830517e-02  8.57695899e+06 -2.37865093e+00 
 9.26118728e+06 -6.52930820e-02  9.26118728e+06 -2.20230410e+00 
 1.00000000e+07 -6.77780293e-02  1.00000000e+07 -2.03893133e+00 
 1.07977516e+07 -6.98965629e-02  1.07977516e+07 -1.88757126e+00 
 1.16591440e+07 -7.16987140e-02  1.16591440e+07 -1.74733313e+00 
 1.25892541e+07 -7.32270583e-02  1.25892541e+07 -1.61739153e+00 
 1.35935639e+07 -7.45177232e-02  1.35935639e+07 -1.49698166e+00 
 1.46779927e+07 -7.56012452e-02  1.46779927e+07 -1.38539480e+00 
 1.58489319e+07 -7.65032961e-02  1.58489319e+07 -1.28197426e+00 
 1.71132830e+07 -7.72452980e-02  1.71132830e+07 -1.18611151e+00 
 1.84784980e+07 -7.78449397e-02  1.84784980e+07 -1.09724265e+00 
 1.99526231e+07 -7.83166101e-02  1.99526231e+07 -1.01484519e+00 
 2.15443469e+07 -7.86717582e-02  2.15443469e+07 -9.38434958e-01 
 2.32630507e+07 -7.89191914e-02  2.32630507e+07 -8.67563370e-01 
 2.51188643e+07 -7.90653200e-02  2.51188643e+07 -8.01814849e-01 
 2.71227258e+07 -7.91143578e-02  2.71227258e+07 -7.40804476e-01 
 2.92864456e+07 -7.90684860e-02  2.92864456e+07 -6.84175831e-01 
 3.16227766e+07 -7.89279901e-02  3.16227766e+07 -6.31599026e-01 
 3.41454887e+07 -7.86913774e-02  3.41454887e+07 -5.82768916e-01 
 3.68694506e+07 -7.83554865e-02  3.68694506e+07 -5.37403478e-01 
 3.98107171e+07 -7.79155986e-02  3.98107171e+07 -4.95242353e-01 
 4.29866235e+07 -7.73655640e-02  4.29866235e+07 -4.56045540e-01 
 4.64158883e+07 -7.66979568e-02  4.64158883e+07 -4.19592233e-01 
 5.01187234e+07 -7.59042748e-02  5.01187234e+07 -3.85679785e-01 
 5.41169527e+07 -7.49751995e-02  5.41169527e+07 -3.54122784e-01 
 5.84341413e+07 -7.39009339e-02  5.84341413e+07 -3.24752219e-01 
 6.30957344e+07 -7.26716307e-02  6.30957344e+07 -2.97414704e-01 
 6.81292069e+07 -7.12779221e-02  6.81292069e+07 -2.71971735e-01 
 7.35642254e+07 -6.97115527e-02  7.35642254e+07 -2.48298921e-01 
 7.94328235e+07 -6.79661047e-02  7.94328235e+07 -2.26285161e-01 
 8.57695899e+07 -6.60377910e-02  8.57695899e+07 -2.05831695e-01 
 9.26118728e+07 -6.39262710e-02  9.26118728e+07 -1.86851012e-01 
 1.00000000e+08 -6.16354256e-02  1.00000000e+08 -1.69265549e-01 
 1.07977516e+08 -5.91740090e-02  1.07977516e+08 -1.53006201e-01 
 1.16591440e+08 -5.65560892e-02  1.16591440e+08 -1.38010631e-01 
 1.25892541e+08 -5.38011859e-02  1.25892541e+08 -1.24221458e-01 
 1.35935639e+08 -5.09340365e-02  1.35935639e+08 -1.11584390e-01 
 1.46779927e+08 -4.79839554e-02  1.46779927e+08 -1.00046452e-01 
 1.58489319e+08 -4.49837970e-02  1.58489319e+08 -8.95544131e-02 
 1.71132830e+08 -4.19685916e-02  1.71132830e+08 -8.00535745e-02 
 1.84784980e+08 -3.89739675e-02  1.84784980e+08 -7.14869923e-02 
 1.99526231e+08 -3.60345119e-02  1.99526231e+08 -6.37952038e-02 
 2.15443469e+08 -3.31822290e-02  2.15443469e+08 -5.69164403e-02 
 2.32630507e+08 -3.04452392e-02  2.32630507e+08 -5.07872606e-02 
 2.51188643e+08 -2.78468266e-02  2.51188643e+08 -4.53434909e-02 
 2.71227258e+08 -2.54048863e-02  2.71227258e+08 -4.05213345e-02 
 2.92864456e+08 -2.31317736e-02  2.92864456e+08 -3.62585114e-02 
 3.16227766e+08 -2.10345094e-02  3.16227766e+08 -3.24953092e-02 
 3.41454887e+08 -1.91152642e-02  3.41454887e+08 -2.91754573e-02 
 3.68694506e+08 -1.73720320e-02  3.68694506e+08 -2.62467754e-02 
 3.98107171e+08 -1.57994025e-02  3.98107171e+08 -2.36615816e-02 
 4.29866235e+08 -1.43893547e-02  4.29866235e+08 -2.13768729e-02 
 4.64158883e+08 -1.31320115e-02  4.64158883e+08 -1.93543102e-02 
 5.01187234e+08 -1.20163147e-02  5.01187234e+08 -1.75600493e-02 
 5.41169527e+08 -1.10305982e-02  5.41169527e+08 -1.59644622e-02 
 5.84341413e+08 -1.01630518e-02  5.84341413e+08 -1.45417869e-02 
 6.30957344e+08 -9.40207783e-03  6.30957344e+08 -1.32697432e-02 
 6.81292069e+08 -8.73655226e-03  6.81292069e+08 -1.21291380e-02 
 7.35642254e+08 -8.15600137e-03  7.35642254e+08 -1.11034824e-02 
 7.94328235e+08 -7.65071103e-03  7.94328235e+08 -1.01786317e-02 
 8.57695899e+08 -7.21178167e-03  8.57695899e+08 -9.34245758e-03 
 9.26118728e+08 -6.83114256e-03  9.26118728e+08 -8.58455428e-03 
 1.00000000e+09 -6.50153627e-03  1.00000000e+09 -7.89598143e-03 
 1.07977516e+09 -6.21648287e-03  1.07977516e+09 -7.26904058e-03 
 1.16591440e+09 -5.97023094e-03  1.16591440e+09 -6.69708388e-03 
 1.25892541e+09 -5.75770122e-03  1.25892541e+09 -6.17435143e-03 
 1.35935639e+09 -5.57442693e-03  1.35935639e+09 -5.69583394e-03 
 1.46779927e+09 -5.41649396e-03  1.46779927e+09 -5.25715738e-03 
 1.58489319e+09 -5.28048282e-03  1.58489319e+09 -4.85448640e-03 
 1.71132830e+09 -5.16341380e-03  1.71132830e+09 -4.48444366e-03 
 1.84784980e+09 -5.06269609e-03  1.84784980e+09 -4.14404256e-03 
 1.99526231e+09 -4.97608117e-03  1.99526231e+09 -3.83063108e-03 
 2.15443469e+09 -4.90162076e-03  2.15443469e+09 -3.54184488e-03 
 2.32630507e+09 -4.83762898e-03  2.32630507e+09 -3.27556814e-03 
 2.51188643e+09 -4.78264877e-03  2.51188643e+09 -3.02990061e-03 
 2.71227258e+09 -4.73542210e-03  2.71227258e+09 -2.80313004e-03 
 2.92864456e+09 -4.69486376e-03  2.92864456e+09 -2.59370880e-03 
 3.16227766e+09 -4.66003832e-03  3.16227766e+09 -2.40023415e-03 
 3.41454887e+09 -4.63013999e-03  3.41454887e+09 -2.22143140e-03 
 3.68694506e+09 -4.60447508e-03  3.68694506e+09 -2.05613962e-03 
 3.98107171e+09 -4.58244668e-03  3.98107171e+09 -1.90329923e-03 
 4.29866235e+09 -4.56354139e-03  4.29866235e+09 -1.76194142e-03 
 4.64158883e+09 -4.54731783e-03  4.64158883e+09 -1.63117888e-03 
 5.01187234e+09 -4.53339661e-03  5.01187234e+09 -1.51019783e-03 
 5.41169527e+09 -4.52145176e-03  5.41169527e+09 -1.39825090e-03 
 5.84341413e+09 -4.51120326e-03  5.84341413e+09 -1.29465100e-03 
 6.30957344e+09 -4.50241062e-03  6.30957344e+09 -1.19876582e-03 
 6.81292069e+09 -4.49486733e-03  6.81292069e+09 -1.11001295e-03 
 7.35642254e+09 -4.48839610e-03  7.35642254e+09 -1.02785557e-03 
 7.94328235e+09 -4.48284474e-03  7.94328235e+09 -9.51798517e-04 
 8.57695899e+09 -4.47808261e-03  8.57695899e+09 -8.81384855e-04 
 9.26118728e+09 -4.47399759e-03  9.26118728e+09 -8.16192672e-04 
 1.00000000e+10 -4.47049348e-03  1.00000000e+10 -7.55832250e-04 
