 1.00000000e+00  3.14477310e+02  1.00000000e+00 -4.37406000e-03 
 1.07977516e+00  3.14477310e+02  1.07977516e+00 -4.72300134e-03 
 1.16591440e+00  3.14477310e+02  1.16591440e+00 -5.09977954e-03 
 1.25892541e+00  3.14477310e+02  1.25892541e+00 -5.50661528e-03 
 1.35935639e+00  3.14477310e+02  1.35935639e+00 -5.94590641e-03 
 1.46779927e+00  3.14477310e+02  1.46779927e+00 -6.42024206e-03 
 1.58489319e+00  3.14477310e+02  1.58489319e+00 -6.93241791e-03 
 1.71132830e+00  3.14477310e+02  1.71132830e+00 -7.48545267e-03 
 1.84784980e+00  3.14477310e+02  1.84784980e+00 -8.08260588e-03 
 1.99526231e+00  3.14477310e+02  1.99526231e+00 -8.72739707e-03 
 2.15443469e+00  3.14477310e+02  2.15443469e+00 -9.42362659e-03 
 2.32630507e+00  3.14477310e+02  2.32630507e+00 -1.01753979e-02 
 2.51188643e+00  3.14477310e+02  2.51188643e+00 -1.09871419e-02 
 2.71227258e+00  3.14477309e+02  2.71227258e+00 -1.18636430e-02 
 2.92864456e+00  3.14477309e+02  2.92864456e+00 -1.28100670e-02 
 3.16227766e+00  3.14477309e+02  3.16227766e+00 -1.38319922e-02 
 3.41454887e+00  3.14477309e+02  3.41454887e+00 -1.49354416e-02 
 3.68694506e+00  3.14477309e+02  3.68694506e+00 -1.61269189e-02 
 3.98107171e+00  3.14477309e+02  3.98107171e+00 -1.74134464e-02 
 4.29866235e+00  3.14477309e+02  4.29866235e+00 -1.88026069e-02 
 4.64158883e+00  3.14477309e+02  4.64158883e+00 -2.03025880e-02 
 5.01187234e+00  3.14477308e+02  5.01187234e+00 -2.19222302e-02 
 5.41169527e+00  3.14477308e+02  5.41169527e+00 -2.36710796e-02 
 5.84341413e+00  3.14477308e+02  5.84341413e+00 -2.55594438e-02 
 6.30957344e+00  3.14477307e+02  6.30957344e+00 -2.75984526e-02 
 6.81292069e+00  3.14477307e+02  6.81292069e+00 -2.98001236e-02 
 7.35642254e+00  3.14477307e+02  7.35642254e+00 -3.21774332e-02 
 7.94328235e+00  3.14477306e+02  7.94328235e+00 -3.47443931e-02 
 8.57695899e+00  3.14477305e+02  8.57695899e+00 -3.75161327e-02 
 9.26118728e+00  3.14477305e+02  9.26118728e+00 -4.05089881e-02 
 1.00000000e+01  3.14477304e+02  1.00000000e+01 -4.37405991e-02 
 1.07977516e+01  3.14477303e+02  1.07977516e+01 -4.72300124e-02 
 1.16591440e+01  3.14477302e+02  1.16591440e+01 -5.09977941e-02 
 1.25892541e+01  3.14477300e+02  1.25892541e+01 -5.50661512e-02 
 1.35935639e+01  3.14477299e+02  1.35935639e+01 -5.94590620e-02 
 1.46779927e+01  3.14477297e+02  1.46779927e+01 -6.42024179e-02 
 1.58489319e+01  3.14477295e+02  1.58489319e+01 -6.93241758e-02 
 1.71132830e+01  3.14477292e+02  1.71132830e+01 -7.48545225e-02 
 1.84784980e+01  3.14477289e+02  1.84784980e+01 -8.08260535e-02 
 1.99526231e+01  3.14477286e+02  1.99526231e+01 -8.72739641e-02 
 2.15443469e+01  3.14477282e+02  2.15443469e+01 -9.42362575e-02 
 2.32630507e+01  3.14477277e+02  2.32630507e+01 -1.01753969e-01 
 2.51188643e+01  3.14477272e+02  2.51188643e+01 -1.09871406e-01 
 2.71227258e+01  3.14477265e+02  2.71227258e+01 -1.18636413e-01 
 2.92864456e+01  3.14477258e+02  2.92864456e+01 -1.28100649e-01 
 3.16227766e+01  3.14477249e+02  3.16227766e+01 -1.38319895e-01 
 3.41454887e+01  3.14477239e+02  3.41454887e+01 -1.49354383e-01 
 3.68694506e+01  3.14477227e+02  3.68694506e+01 -1.61269147e-01 
 3.98107171e+01  3.14477214e+02  3.98107171e+01 -1.74134412e-01 
 4.29866235e+01  3.14477198e+02  4.29866235e+01 -1.88026003e-01 
 4.64158883e+01  3.14477179e+02  4.64158883e+01 -2.03025796e-01 
 5.01187234e+01  3.14477157e+02  5.01187234e+01 -2.19222197e-01 
 5.41169527e+01  3.14477132e+02  5.41169527e+01 -2.36710664e-01 
 5.84341413e+01  3.14477102e+02  5.84341413e+01 -2.55594271e-01 
 6.30957344e+01  3.14477068e+02  6.30957344e+01 -2.75984316e-01 
 6.81292069e+01  3.14477028e+02  6.81292069e+01 -2.98000971e-01 
 7.35642254e+01  3.14476981e+02  7.35642254e+01 -3.21773999e-01 
 7.94328235e+01  3.14476926e+02  7.94328235e+01 -3.47443512e-01 
 8.57695899e+01  3.14476863e+02  8.57695899e+01 -3.75160799e-01 
 9.26118728e+01  3.14476788e+02  9.26118728e+01 -4.05089217e-01 
 1.00000000e+02  3.14476702e+02  1.00000000e+02 -4.37405154e-01 
 1.07977516e+02  3.14476601e+02  1.07977516e+02 -4.72299070e-01 
 1.16591440e+02  3.14476483e+02  1.16591440e+02 -5.09976615e-01 
 1.25892541e+02  3.14476346e+02  1.25892541e+02 -5.50659842e-01 
 1.35935639e+02  3.14476186e+02  1.35935639e+02 -5.94588518e-01 
 1.46779927e+02  3.14476000e+02  1.46779927e+02 -6.42021533e-01 
 1.58489319e+02  3.14475782e+02  1.58489319e+02 -6.93238426e-01 
 1.71132830e+02  3.14475529e+02  1.71132830e+02 -7.48541031e-01 
 1.84784980e+02  3.14475234e+02  1.84784980e+02 -8.08255254e-01 
 1.99526231e+02  3.14474889e+02  1.99526231e+02 -8.72732993e-01 
 2.15443469e+02  3.14474487e+02  2.15443469e+02 -9.42354206e-01 
 2.32630507e+02  3.14474019e+02  2.32630507e+02 -1.01752915e+00 
 2.51188643e+02  3.14473473e+02  2.51188643e+02 -1.09870080e+00 
 2.71227258e+02  3.14472837e+02  2.71227258e+02 -1.18634743e+00 
 2.92864456e+02  3.14472094e+02  2.92864456e+02 -1.28098547e+00 
 3.16227766e+02  3.14471229e+02  3.16227766e+02 -1.38317249e+00 
 3.41454887e+02  3.14470220e+02  3.41454887e+02 -1.49351051e+00 
 3.68694506e+02  3.14469044e+02  3.68694506e+02 -1.61264952e+00 
 3.98107171e+02  3.14467673e+02  3.98107171e+02 -1.74129131e+00 
 4.29866235e+02  3.14466074e+02  4.29866235e+02 -1.88019355e+00 
 4.64158883e+02  3.14464210e+02  4.64158883e+02 -2.03017427e+00 
 5.01187234e+02  3.14462036e+02  5.01187234e+02 -2.19211661e+00 
 5.41169527e+02  3.14459502e+02  5.41169527e+02 -2.36697400e+00 
 5.84341413e+02  3.14456548e+02  5.84341413e+02 -2.55577574e+00 
 6.30957344e+02  3.14453103e+02  6.30957344e+02 -2.75963295e+00 
 6.81292069e+02  3.14449088e+02  6.81292069e+02 -2.97974508e+00 
 7.35642254e+02  3.14444406e+02  7.35642254e+02 -3.21740685e+00 
 7.94328235e+02  3.14438947e+02  7.94328235e+02 -3.47401572e+00 
 8.57695899e+02  3.14432583e+02  8.57695899e+02 -3.75108001e+00 
 9.26118728e+02  3.14425163e+02  9.26118728e+02 -4.05022750e+00 
 1.00000000e+03  3.14416513e+02  1.00000000e+03 -4.37321480e+00 
 1.07977516e+03  3.14406428e+02  1.07977516e+03 -4.72193734e+00 
 1.16591440e+03  3.14394671e+02  1.16591440e+03 -5.09844009e+00 
 1.25892541e+03  3.14380965e+02  1.25892541e+03 -5.50492908e+00 
 1.35935639e+03  3.14364985e+02  1.35935639e+03 -5.94378372e+00 
 1.46779927e+03  3.14346357e+02  1.46779927e+03 -6.41756991e+00 
 1.58489319e+03  3.14324640e+02  1.58489319e+03 -6.92905410e+00 
 1.71132830e+03  3.14299324e+02  1.71132830e+03 -7.48121823e+00 
 1.84784980e+03  3.14269813e+02  1.84784980e+03 -8.07727553e+00 
 1.99526231e+03  3.14235413e+02  1.99526231e+03 -8.72068729e+00 
 2.15443469e+03  3.14195315e+02  2.15443469e+03 -9.41518056e+00 
 2.32630507e+03  3.14148577e+02  2.32630507e+03 -1.01647666e+01 
 2.51188643e+03  3.14094102e+02  2.51188643e+03 -1.09737602e+01 
 2.71227258e+03  3.14030613e+02  2.71227258e+03 -1.18467998e+01 
 2.92864456e+03  3.13956622e+02  2.92864456e+03 -1.27888677e+01 
 3.16227766e+03  3.13870399e+02  3.16227766e+03 -1.38053111e+01 
 3.41454887e+03  3.13769930e+02  3.41454887e+03 -1.49018628e+01 
 3.68694506e+03  3.13652873e+02  3.68694506e+03 -1.60846615e+01 
 3.98107171e+03  3.13516504e+02  3.98107171e+03 -1.73602707e+01 
 4.29866235e+03  3.13357660e+02  4.29866235e+03 -1.87356965e+01 
 4.64158883e+03  3.13172664e+02  4.64158883e+03 -2.02184024e+01 
 5.01187234e+03  3.12957251e+02  5.01187234e+03 -2.18163197e+01 
 5.41169527e+03  3.12706470e+02  5.41169527e+03 -2.35378531e+01 
 5.84341413e+03  3.12414589e+02  5.84341413e+03 -2.53918780e+01 
 6.30957344e+03  3.12074967e+02  6.30957344e+03 -2.73877289e+01 
 6.81292069e+03  3.11679927e+02  6.81292069e+03 -2.95351738e+01 
 7.35642254e+03  3.11220605e+02  7.35642254e+03 -3.18443725e+01 
 7.94328235e+03  3.10686781e+02  7.94328235e+03 -3.43258134e+01 
 8.57695899e+03  3.10066694e+02  8.57695899e+03 -3.69902232e+01 
 9.26118728e+03  3.09346841e+02  9.26118728e+03 -3.98484436e+01 
 1.00000000e+04  3.08511762e+02  1.00000000e+04 -4.29112666e+01 
 1.07977516e+04  3.07543803e+02  1.07977516e+04 -4.61892186e+01 
 1.16591440e+04  3.06422883e+02  1.16591440e+04 -4.96922856e+01 
 1.25892541e+04  3.05126254e+02  1.25892541e+04 -5.34295644e+01 
 1.35935639e+04  3.03628277e+02  1.35935639e+04 -5.74088312e+01 
 1.46779927e+04  3.01900219e+02  1.46779927e+04 -6.16360126e+01 
 1.58489319e+04  2.99910111e+02  1.58489319e+04 -6.61145498e+01 
 1.71132830e+04  2.97622674e+02  1.71132830e+04 -7.08446453e+01 
 1.84784980e+04  2.94999365e+02  1.84784980e+04 -7.58223891e+01 
 1.99526231e+04  2.91998577e+02  1.99526231e+04 -8.10387668e+01 
 2.15443469e+04  2.88576054e+02  2.15443469e+04 -8.64785658e+01 
 2.32630507e+04  2.84685569e+02  2.32630507e+04 -9.21192088e+01 
 2.51188643e+04  2.80279928e+02  2.51188643e+04 -9.79295676e+01 
 2.71227258e+04  2.75312357e+02  2.71227258e+04 -1.03868835e+02 
 2.92864456e+04  2.69738306e+02  2.92864456e+04 -1.09885560e+02 
 3.16227766e+04  2.63517698e+02  3.16227766e+04 -1.15916986e+02 
 3.41454887e+04  2.56617586e+02  3.41454887e+04 -1.21888852e+02 
 3.68694506e+04  2.49015132e+02  3.68694506e+04 -1.27715834e+02 
 3.98107171e+04  2.40700766e+02  3.98107171e+04 -1.33302796e+02 
 4.29866235e+04  2.31681287e+02  4.29866235e+04 -1.38546987e+02 
 4.64158883e+04  2.21982589e+02  4.64158883e+04 -1.43341259e+02 
 5.01187234e+04  2.11651676e+02  5.01187234e+04 -1.47578237e+02 
 5.41169527e+04  2.00757589e+02  5.41169527e+04 -1.51155294e+02 
 5.84341413e+04  1.89390930e+02  5.84341413e+04 -1.53979978e+02 
 6.30957344e+04  1.77661802e+02  6.30957344e+04 -1.55975434e+02 
 6.81292069e+04  1.65696133e+02  6.81292069e+04 -1.57085288e+02 
 7.35642254e+04  1.53630580e+02  7.35642254e+04 -1.57277429e+02 
 7.94328235e+04  1.41606428e+02  7.94328235e+04 -1.56546243e+02 
 8.57695899e+04  1.29763040e+02  8.57695899e+04 -1.54913007e+02 
 9.26118728e+04  1.18231484e+02  9.26118728e+04 -1.52424399e+02 
 1.00000000e+05  1.07128970e+02  1.00000000e+05 -1.49149310e+02 
 1.07977516e+05  9.65545427e+01  1.07977516e+05 -1.45174355e+02 
 1.16591440e+05  8.65863429e+01  1.16591440e+05 -1.40598606e+02 
 1.25892541e+05  7.72804868e+01  1.25892541e+05 -1.35528106e+02 
 1.35935639e+05  6.86714455e+01  1.35935639e+05 -1.30070654e+02 
 1.46779927e+05  6.07736481e+01  1.46779927e+05 -1.24331275e+02 
 1.58489319e+05  5.35839592e+01  1.58489319e+05 -1.18408592e+02 
 1.71132830e+05  4.70846657e+01  1.71132830e+05 -1.12392206e+02 
 1.84784980e+05  4.12466412e+01  1.84784980e+05 -1.06361070e+02 
 1.99526231e+05  3.60324250e+01  1.99526231e+05 -1.00382725e+02 
 2.15443469e+05  3.13990285e+01  2.15443469e+05 -9.45132603e+01 
 2.32630507e+05  2.73003567e+01  2.32630507e+05 -8.87977987e+01 
 2.51188643e+05  2.36891981e+01  2.51188643e+05 -8.32713575e+01 
 2.71227258e+05  2.05187812e+01  2.71227258e+05 -7.79599220e+01 
 2.92864456e+05  1.77439316e+01  2.92864456e+05 -7.28816189e+01 
 3.16227766e+05  1.53218788e+01  3.16227766e+05 -6.80478982e+01 
 3.41454887e+05  1.32127722e+01  3.41454887e+05 -6.34646627e+01 
 3.68694506e+05  1.13799637e+01  3.68694506e+05 -5.91333044e+01 
 3.98107171e+05  9.79011206e+00  3.98107171e+05 -5.50516285e+01 
 4.29866235e+05  8.41315557e+00  4.29866235e+05 -5.12146564e+01 
 4.64158883e+05  7.22219216e+00  4.64158883e+05 -4.76153095e+01 
 5.01187234e+05  6.19329915e+00  5.01187234e+05 -4.42449814e+01 
 5.41169527e+05  5.30531651e+00  5.41169527e+05 -4.10940082e+01 
 5.84341413e+05  4.53961221e+00  5.84341413e+05 -3.81520503e+01 
 6.30957344e+05  3.87984306e+00  6.30957344e+05 -3.54083960e+01 
 6.81292069e+05  3.31172020e+00  6.81292069e+05 -3.28522013e+01 
 7.35642254e+05  2.82278556e+00  7.35642254e+05 -3.04726740e+01 
 7.94328235e+05  2.40220300e+00  7.94328235e+05 -2.82592134e+01 
 8.57695899e+05  2.04056615e+00  8.57695899e+05 -2.62015137e+01 
 9.26118728e+05  1.72972391e+00  9.26118728e+05 -2.42896374e+01 
 1.00000000e+06  1.46262329e+00  1.00000000e+06 -2.25140653e+01 
 1.07977516e+06  1.23316925e+00  1.07977516e+06 -2.08657286e+01 
 1.16591440e+06  1.03610020e+00  1.16591440e+06 -1.93360255e+01 
 1.25892541e+06  8.66878318e-01  1.25892541e+06 -1.79168275e+01 
 1.35935639e+06  7.21593017e-01  1.35935639e+06 -1.66004770e+01 
 1.46779927e+06  5.96876588e-01  1.46779927e+06 -1.53797786e+01 
 1.58489319e+06  4.89830508e-01  1.58489319e+06 -1.42479858e+01 
 1.71132830e+06  3.97961327e-01  1.71132830e+06 -1.31987847e+01 
 1.84784980e+06  3.19124986e-01  1.84784980e+06 -1.22262752e+01 
 1.99526231e+06  2.51478548e-01  1.99526231e+06 -1.13249511e+01 
 2.15443469e+06  1.93438417e-01  2.15443469e+06 -1.04896796e+01 
 2.32630507e+06  1.43644227e-01  2.32630507e+06 -9.71568047e+00 
 2.51188643e+06  1.00927670e-01  2.51188643e+06 -8.99850538e+00 
 2.71227258e+06  6.42856017e-02  2.71227258e+06 -8.33401757e+00 
 2.92864456e+06  3.28568708e-02  2.92864456e+06 -7.71837238e+00 
 3.16227766e+06  5.90236235e-03  3.16227766e+06 -7.14799827e+00 
 3.41454887e+06 -1.72121758e-02  3.41454887e+06 -6.61957887e+00 
 3.68694506e+06 -3.70309039e-02  3.68694506e+06 -6.13003579e+00 
 3.98107171e+06 -5.40205878e-02  3.98107171e+06 -5.67651241e+00 
 4.29866235e+06 -6.85815104e-02  4.29866235e+06 -5.25635855e+00 
 4.64158883e+06 -8.10568411e-02  4.64158883e+06 -4.86711607e+00 
 5.01187234e+06 -9.17406799e-02  5.01187234e+06 -4.50650536e+00 
 5.41169527e+06 -1.00884959e-01  5.41169527e+06 -4.17241263e+00 
 5.84341413e+06 -1.08705360e-01  5.84341413e+06 -3.86287815e+00 
 6.30957344e+06 -1.15386387e-01  6.30957344e+06 -3.57608511e+00 
 6.81292069e+06 -1.21085708e-01  6.81292069e+06 -3.31034938e+00 
 7.35642254e+06 -1.25937872e-01  7.35642254e+06 -3.06410987e+00 
 7.94328235e+06 -1.30057483e-01  7.94328235e+06 -2.83591963e+00 
 8.57695899e+06 -1.33541910e-01  8.57695899e+06 -2.62443752e+00 
 9.26118728e+06 -1.36473596e-01  9.26118728e+06 -2.42842054e+00 
 1.00000000e+07 -1.38922018e-01  1.00000000e+07 -2.24671665e+00 
 1.07977516e+07 -1.40945354e-01  1.07977516e+07 -2.07825816e+00 
 1.16591440e+07 -1.42591887e-01  1.16591440e+07 -1.92205563e+00 
 1.25892541e+07 -1.43901192e-01  1.25892541e+07 -1.77719215e+00 
 1.35935639e+07 -1.44905128e-01  1.35935639e+07 -1.64281815e+00 
 1.46779927e+07 -1.45628680e-01  1.46779927e+07 -1.51814661e+00 
 1.58489319e+07 -1.46090648e-01  1.58489319e+07 -1.40244858e+00 
 1.71132830e+07 -1.46304246e-01  1.71132830e+07 -1.29504919e+00 
 1.84784980e+07 -1.46277592e-01  1.84784980e+07 -1.19532397e+00 
 1.99526231e+07 -1.46014157e-01  1.99526231e+07 -1.10269544e+00 
 2.15443469e+07 -1.45513156e-01  2.15443469e+07 -1.01663014e+00 
 2.32630507e+07 -1.44769948e-01  2.32630507e+07 -9.36635920e-01 
 2.51188643e+07 -1.43776439e-01  2.51188643e+07 -8.62259443e-01 
 2.71227258e+07 -1.42521549e-01  2.71227258e+07 -7.93084081e-01 
 2.92864456e+07 -1.40991757e-01  2.92864456e+07 -7.28727953e-01 
 3.16227766e+07 -1.39171765e-01  3.16227766e+07 -6.68842198e-01 
 3.41454887e+07 -1.37045322e-01  3.41454887e+07 -6.13109383e-01 
 3.68694506e+07 -1.34596212e-01  3.68694506e+07 -5.61242006e-01 
 3.98107171e+07 -1.31809442e-01  3.98107171e+07 -5.12980999e-01 
 4.29866235e+07 -1.28672608e-01  4.29866235e+07 -4.68094166e-01 
 4.64158883e+07 -1.25177408e-01  4.64158883e+07 -4.26374436e-01 
 5.01187234e+07 -1.21321245e-01  5.01187234e+07 -3.87637862e-01 
 5.41169527e+07 -1.17108801e-01  5.41169527e+07 -3.51721271e-01 
 5.84341413e+07 -1.12553445e-01  5.84341413e+07 -3.18479534e-01 
 6.30957344e+07 -1.07678314e-01  6.30957344e+07 -2.87782445e-01 
 6.81292069e+07 -1.02516882e-01  6.81292069e+07 -2.59511303e-01 
 7.35642254e+07 -9.71128661e-02  7.35642254e+07 -2.33555312e-01 
 7.94328235e+07 -9.15193724e-02  7.94328235e+07 -2.09808032e-01 
 8.57695899e+07 -8.57972474e-02  8.57695899e+07 -1.88164124e-01 
 9.26118728e+07 -8.00127307e-02  9.26118728e+07 -1.68516649e-01 
 1.00000000e+08 -7.42345825e-02  1.00000000e+08 -1.50755150e-01 
 1.07977516e+08 -6.85309520e-02  1.07977516e+08 -1.34764664e-01 
 1.16591440e+08 -6.29662932e-02  1.16591440e+08 -1.20425692e-01 
 1.25892541e+08 -5.75986249e-02  1.25892541e+08 -1.07615060e-01 
 1.35935639e+08 -5.24773758e-02  1.35935639e+08 -9.62074696e-02 
 1.46779927e+08 -4.76419666e-02  1.46779927e+08 -8.60775116e-02 
 1.58489319e+08 -4.31211761e-02  1.58489319e+08 -7.71018482e-02 
 1.71132830e+08 -3.89332406e-02  1.71132830e+08 -6.91613292e-02 
 1.84784980e+08 -3.50865637e-02  1.84784980e+08 -6.21428354e-02 
 1.99526231e+08 -3.15808701e-02  1.99526231e+08 -5.59407238e-02 
 2.15443469e+08 -2.84086274e-02  2.15443469e+08 -5.04578154e-02 
 2.32630507e+08 -2.55565722e-02  2.32630507e+08 -4.56059284e-02 
 2.51188643e+08 -2.30072106e-02  2.51188643e+08 -4.13060057e-02 
 2.71227258e+08 -2.07401948e-02  2.71227258e+08 -3.74879077e-02 
 2.92864456e+08 -1.87335208e-02  2.92864456e+08 -3.40899556e-02 
 3.16227766e+08 -1.69645177e-02  3.16227766e+08 -3.10583065e-02 
 3.41454887e+08 -1.54106277e-02  3.41454887e+08 -2.83462305e-02 
 3.68694506e+08 -1.40499901e-02  3.68694506e+08 -2.59133511e-02 
 3.98107171e+08 -1.28618529e-02  3.98107171e+08 -2.37248892e-02 
 4.29866235e+08 -1.18268393e-02  4.29866235e+08 -2.17509444e-02 
 4.64158883e+08 -1.09270993e-02  4.64158883e+08 -1.99658304e-02 
 5.01187234e+08 -1.01463705e-02  5.01187234e+08 -1.83474760e-02 
 5.41169527e+08 -9.46997317e-03  5.41169527e+08 -1.68768951e-02 
 5.84341413e+08 -8.88475840e-03  5.84341413e+08 -1.55377235e-02 
 6.30957344e+08 -8.37902448e-03  6.30957344e+08 -1.43158207e-02 
 6.81292069e+08 -7.94241486e-03  6.81292069e+08 -1.31989286e-02 
 7.35642254e+08 -7.56580601e-03  7.35642254e+08 -1.21763833e-02 
 7.94328235e+08 -7.24119226e-03  7.94328235e+08 -1.12388708e-02 
 8.57695899e+08 -6.96157239e-03  8.57695899e+08 -1.03782227e-02 
 9.26118728e+08 -6.72084093e-03  9.26118728e+08 -9.58724479e-03 
 1.00000000e+09 -6.51368643e-03  1.00000000e+09 -8.85957394e-03 
 1.07977516e+09 -6.33549757e-03  1.07977516e+09 -8.18955849e-03 
 1.16591440e+09 -6.18227780e-03  1.16591440e+09 -7.57215837e-03 
 1.25892541e+09 -6.05056833e-03  1.25892541e+09 -7.00286163e-03 
 1.35935639e+09 -5.93737947e-03  1.35935639e+09 -6.47761455e-03 
 1.46779927e+09 -5.84012960e-03  1.46779927e+09 -5.99276289e-03 
 1.58489319e+09 -5.75659144e-03  1.58489319e+09 -5.54500246e-03 
 1.71132830e+09 -5.68484477e-03  1.71132830e+09 -5.13133723e-03 
 1.84784980e+09 -5.62323518e-03  1.84784980e+09 -4.74904380e-03 
 1.99526231e+09 -5.57033798e-03  1.99526231e+09 -4.39564098e-03 
 2.15443469e+09 -5.52492691e-03  2.15443469e+09 -4.06886370e-03 
 2.32630507e+09 -5.48594693e-03  2.32630507e+09 -3.76664049e-03 
 2.51188643e+09 -5.45249064e-03  2.51188643e+09 -3.48707394e-03 
 2.71227258e+09 -5.42377783e-03  2.71227258e+09 -3.22842359e-03 
 2.92864456e+09 -5.39913790e-03  2.92864456e+09 -2.98909101e-03 
 3.16227766e+09 -5.37799458e-03  3.16227766e+09 -2.76760661e-03 
 3.41454887e+09 -5.35985277e-03  3.41454887e+09 -2.56261793e-03 
 3.68694506e+09 -5.34428721e-03  3.68694506e+09 -2.37287931e-03 
 3.98107171e+09 -5.33093267e-03  3.98107171e+09 -2.19724259e-03 
 4.29866235e+09 -5.31947555e-03  4.29866235e+09 -2.03464878e-03 
 4.64158883e+09 -5.30964661e-03  4.64158883e+09 -1.88412063e-03 
 5.01187234e+09 -5.30121473e-03  5.01187234e+09 -1.74475588e-03 
 5.41169527e+09 -5.29398153e-03  5.41169527e+09 -1.61572111e-03 
 5.84341413e+09 -5.28777675e-03  5.84341413e+09 -1.49624627e-03 
 6.30957344e+09 -5.28245427e-03  6.30957344e+09 -1.38561959e-03 
 6.81292069e+09 -5.27788872e-03  6.81292069e+09 -1.28318300e-03 
 7.35642254e+09 -5.27397250e-03  7.35642254e+09 -1.18832796e-03 
 7.94328235e+09 -5.27061330e-03  7.94328235e+09 -1.10049158e-03 
 8.57695899e+09 -5.26773194e-03  8.57695899e+09 -1.01915313e-03 
 9.26118728e+09 -5.26526046e-03  9.26118728e+09 -9.43830792e-04 
 1.00000000e+10 -5.26314058e-03  1.00000000e+10 -8.74078709e-04 
