 1.00000000e+00  3.11341580e+02  1.00000000e+00 -2.93422791e-03 
 1.07977516e+00  3.11341580e+02  1.07977516e+00 -3.16830642e-03 
 1.16591440e+00  3.11341580e+02  1.16591440e+00 -3.42105858e-03 
 1.25892541e+00  3.11341580e+02  1.25892541e+00 -3.69397408e-03 
 1.35935639e+00  3.11341580e+02  1.35935639e+00 -3.98866146e-03 
 1.46779927e+00  3.11341580e+02  1.46779927e+00 -4.30685758e-03 
 1.58489319e+00  3.11341580e+02  1.58489319e+00 -4.65043784e-03 
 1.71132830e+00  3.11341580e+02  1.71132830e+00 -5.02142728e-03 
 1.84784980e+00  3.11341580e+02  1.84784980e+00 -5.42201245e-03 
 1.99526231e+00  3.11341580e+02  1.99526231e+00 -5.85455437e-03 
 2.15443469e+00  3.11341580e+02  2.15443469e+00 -6.32160240e-03 
 2.32630507e+00  3.11341580e+02  2.32630507e+00 -6.82590926e-03 
 2.51188643e+00  3.11341580e+02  2.51188643e+00 -7.37044727e-03 
 2.71227258e+00  3.11341580e+02  2.71227258e+00 -7.95842590e-03 
 2.92864456e+00  3.11341580e+02  2.92864456e+00 -8.59331062e-03 
 3.16227766e+00  3.11341580e+02  3.16227766e+00 -9.27884337e-03 
 3.41454887e+00  3.11341580e+02  3.41454887e+00 -1.00190646e-02 
 3.68694506e+00  3.11341580e+02  3.68694506e+00 -1.08183371e-02 
 3.98107171e+00  3.11341580e+02  3.98107171e+00 -1.16813717e-02 
 4.29866235e+00  3.11341580e+02  4.29866235e+00 -1.26132550e-02 
 4.64158883e+00  3.11341579e+02  4.64158883e+00 -1.36194795e-02 
 5.01187234e+00  3.11341579e+02  5.01187234e+00 -1.47059757e-02 
 5.41169527e+00  3.11341579e+02  5.41169527e+00 -1.58791473e-02 
 5.84341413e+00  3.11341579e+02  5.84341413e+00 -1.71459088e-02 
 6.30957344e+00  3.11341579e+02  6.30957344e+00 -1.85137264e-02 
 6.81292069e+00  3.11341579e+02  6.81292069e+00 -1.99906620e-02 
 7.35642254e+00  3.11341579e+02  7.35642254e+00 -2.15854203e-02 
 7.94328235e+00  3.11341578e+02  7.94328235e+00 -2.33074006e-02 
 8.57695899e+00  3.11341578e+02  8.57695899e+00 -2.51667523e-02 
 9.26118728e+00  3.11341578e+02  9.26118728e+00 -2.71744340e-02 
 1.00000000e+01  3.11341577e+02  1.00000000e+01 -2.93422789e-02 
 1.07977516e+01  3.11341577e+02  1.07977516e+01 -3.16830639e-02 
 1.16591440e+01  3.11341576e+02  1.16591440e+01 -3.42105854e-02 
 1.25892541e+01  3.11341576e+02  1.25892541e+01 -3.69397403e-02 
 1.35935639e+01  3.11341575e+02  1.35935639e+01 -3.98866140e-02 
 1.46779927e+01  3.11341574e+02  1.46779927e+01 -4.30685750e-02 
 1.58489319e+01  3.11341573e+02  1.58489319e+01 -4.65043774e-02 
 1.71132830e+01  3.11341572e+02  1.71132830e+01 -5.02142715e-02 
 1.84784980e+01  3.11341571e+02  1.84784980e+01 -5.42201229e-02 
 1.99526231e+01  3.11341569e+02  1.99526231e+01 -5.85455417e-02 
 2.15443469e+01  3.11341567e+02  2.15443469e+01 -6.32160214e-02 
 2.32630507e+01  3.11341565e+02  2.32630507e+01 -6.82590893e-02 
 2.51188643e+01  3.11341563e+02  2.51188643e+01 -7.37044687e-02 
 2.71227258e+01  3.11341560e+02  2.71227258e+01 -7.95842539e-02 
 2.92864456e+01  3.11341556e+02  2.92864456e+01 -8.59330997e-02 
 3.16227766e+01  3.11341552e+02  3.16227766e+01 -9.27884255e-02 
 3.41454887e+01  3.11341548e+02  3.41454887e+01 -1.00190636e-01 
 3.68694506e+01  3.11341542e+02  3.68694506e+01 -1.08183358e-01 
 3.98107171e+01  3.11341536e+02  3.98107171e+01 -1.16813701e-01 
 4.29866235e+01  3.11341529e+02  4.29866235e+01 -1.26132530e-01 
 4.64158883e+01  3.11341521e+02  4.64158883e+01 -1.36194769e-01 
 5.01187234e+01  3.11341511e+02  5.01187234e+01 -1.47059724e-01 
 5.41169527e+01  3.11341499e+02  5.41169527e+01 -1.58791432e-01 
 5.84341413e+01  3.11341486e+02  5.84341413e+01 -1.71459037e-01 
 6.30957344e+01  3.11341470e+02  6.30957344e+01 -1.85137200e-01 
 6.81292069e+01  3.11341452e+02  6.81292069e+01 -1.99906538e-01 
 7.35642254e+01  3.11341431e+02  7.35642254e+01 -2.15854100e-01 
 7.94328235e+01  3.11341406e+02  7.94328235e+01 -2.33073877e-01 
 8.57695899e+01  3.11341377e+02  8.57695899e+01 -2.51667360e-01 
 9.26118728e+01  3.11341343e+02  9.26118728e+01 -2.71744135e-01 
 1.00000000e+02  3.11341304e+02  1.00000000e+02 -2.93422531e-01 
 1.07977516e+02  3.11341258e+02  1.07977516e+02 -3.16830314e-01 
 1.16591440e+02  3.11341204e+02  1.16591440e+02 -3.42105445e-01 
 1.25892541e+02  3.11341142e+02  1.25892541e+02 -3.69396889e-01 
 1.35935639e+02  3.11341069e+02  1.35935639e+02 -3.98865493e-01 
 1.46779927e+02  3.11340985e+02  1.46779927e+02 -4.30684935e-01 
 1.58489319e+02  3.11340886e+02  1.58489319e+02 -4.65042748e-01 
 1.71132830e+02  3.11340771e+02  1.71132830e+02 -5.02141423e-01 
 1.84784980e+02  3.11340636e+02  1.84784980e+02 -5.42199603e-01 
 1.99526231e+02  3.11340480e+02  1.99526231e+02 -5.85453370e-01 
 2.15443469e+02  3.11340297e+02  2.15443469e+02 -6.32157637e-01 
 2.32630507e+02  3.11340084e+02  2.32630507e+02 -6.82587649e-01 
 2.51188643e+02  3.11339836e+02  2.51188643e+02 -7.37040602e-01 
 2.71227258e+02  3.11339547e+02  2.71227258e+02 -7.95837397e-01 
 2.92864456e+02  3.11339210e+02  2.92864456e+02 -8.59324524e-01 
 3.16227766e+02  3.11338816e+02  3.16227766e+02 -9.27876106e-01 
 3.41454887e+02  3.11338358e+02  3.41454887e+02 -1.00189610e+00 
 3.68694506e+02  3.11337823e+02  3.68694506e+02 -1.08182067e+00 
 3.98107171e+02  3.11337200e+02  3.98107171e+02 -1.16812075e+00 
 4.29866235e+02  3.11336473e+02  4.29866235e+02 -1.26130483e+00 
 4.64158883e+02  3.11335626e+02  4.64158883e+02 -1.36192192e+00 
 5.01187234e+02  3.11334638e+02  5.01187234e+02 -1.47056480e+00 
 5.41169527e+02  3.11333486e+02  5.41169527e+02 -1.58787347e+00 
 5.84341413e+02  3.11332143e+02  5.84341413e+02 -1.71453895e+00 
 6.30957344e+02  3.11330578e+02  6.30957344e+02 -1.85130726e+00 
 6.81292069e+02  3.11328752e+02  6.81292069e+02 -1.99898389e+00 
 7.35642254e+02  3.11326624e+02  7.35642254e+02 -2.15843841e+00 
 7.94328235e+02  3.11324143e+02  7.94328235e+02 -2.33060962e+00 
 8.57695899e+02  3.11321250e+02  8.57695899e+02 -2.51651101e+00 
 9.26118728e+02  3.11317877e+02  9.26118728e+02 -2.71723666e+00 
 1.00000000e+03  3.11313945e+02  1.00000000e+03 -2.93396762e+00 
 1.07977516e+03  3.11309360e+02  1.07977516e+03 -3.16797873e+00 
 1.16591440e+03  3.11304015e+02  1.16591440e+03 -3.42064605e+00 
 1.25892541e+03  3.11297784e+02  1.25892541e+03 -3.69345475e+00 
 1.35935639e+03  3.11290518e+02  1.35935639e+03 -3.98800768e+00 
 1.46779927e+03  3.11282048e+02  1.46779927e+03 -4.30603454e+00 
 1.58489319e+03  3.11272173e+02  1.58489319e+03 -4.64940173e+00 
 1.71132830e+03  3.11260661e+02  1.71132830e+03 -5.02012294e+00 
 1.84784980e+03  3.11247239e+02  1.84784980e+03 -5.42037045e+00 
 1.99526231e+03  3.11231592e+02  1.99526231e+03 -5.85248733e+00 
 2.15443469e+03  3.11213351e+02  2.15443469e+03 -6.31900029e+00 
 2.32630507e+03  3.11192086e+02  2.32630507e+03 -6.82263362e+00 
 2.51188643e+03  3.11167297e+02  2.51188643e+03 -7.36632383e+00 
 2.71227258e+03  3.11138399e+02  2.71227258e+03 -7.95323527e+00 
 2.92864456e+03  3.11104714e+02  2.92864456e+03 -8.58677671e+00 
 3.16227766e+03  3.11065450e+02  3.16227766e+03 -9.27061870e+00 
 3.41454887e+03  3.11019683e+02  3.41454887e+03 -1.00087119e+01 
 3.68694506e+03  3.10966340e+02  3.68694506e+03 -1.08053060e+01 
 3.98107171e+03  3.10904170e+02  3.98107171e+03 -1.16649698e+01 
 4.29866235e+03  3.10831716e+02  4.29866235e+03 -1.25926111e+01 
 4.64158883e+03  3.10747284e+02  4.64158883e+03 -1.35934974e+01 
 5.01187234e+03  3.10648901e+02  5.01187234e+03 -1.46732765e+01 
 5.41169527e+03  3.10534273e+02  5.41169527e+03 -1.58379966e+01 
 5.84341413e+03  3.10400733e+02  5.84341413e+03 -1.70941255e+01 
 6.30957344e+03  3.10245183e+02  6.30957344e+03 -1.84485677e+01 
 6.81292069e+03  3.10064021e+02  6.81292069e+03 -1.99086799e+01 
 7.35642254e+03  3.09853068e+02  7.35642254e+03 -2.14822811e+01 
 7.94328235e+03  3.09607477e+02  7.94328235e+03 -2.31776590e+01 
 8.57695899e+03  3.09321630e+02  8.57695899e+03 -2.50035679e+01 
 9.26118728e+03  3.08989022e+02  9.26118728e+03 -2.69692178e+01 
 1.00000000e+04  3.08602132e+02  1.00000000e+04 -2.90842503e+01 
 1.07977516e+04  3.08152271e+02  1.07977516e+04 -3.13586984e+01 
 1.16591440e+04  3.07629424e+02  1.16591440e+04 -3.38029259e+01 
 1.25892541e+04  3.07022064e+02  1.25892541e+04 -3.64275401e+01 
 1.35935639e+04  3.06316953e+02  1.35935639e+04 -3.92432722e+01 
 1.46779927e+04  3.05498931e+02  1.46779927e+04 -4.22608173e+01 
 1.58489319e+04  3.04550682e+02  1.58489319e+04 -4.54906252e+01 
 1.71132830e+04  3.03452508e+02  1.71132830e+04 -4.89426323e+01 
 1.84784980e+04  3.02182082e+02  1.84784980e+04 -5.26259224e+01 
 1.99526231e+04  3.00714233e+02  1.99526231e+04 -5.65483053e+01 
 2.15443469e+04  2.99020739e+02  2.15443469e+04 -6.07158011e+01 
 2.32630507e+04  2.97070183e+02  2.32630507e+04 -6.51320182e+01 
 2.51188643e+04  2.94827871e+02  2.51188643e+04 -6.97974163e+01 
 2.71227258e+04  2.92255869e+02  2.71227258e+04 -7.47084495e+01 
 2.92864456e+04  2.89313191e+02  2.92864456e+04 -7.98565929e+01 
 3.16227766e+04  2.85956190e+02  3.16227766e+04 -8.52272655e+01 
 3.41454887e+04  2.82139206e+02  3.41454887e+04 -9.07986793e+01 
 3.68694506e+04  2.77815541e+02  3.68694506e+04 -9.65406641e+01 
 3.98107171e+04  2.72938797e+02  3.98107171e+04 -1.02413543e+02 
 4.29866235e+04  2.67464639e+02  4.29866235e+04 -1.08367161e+02 
 4.64158883e+04  2.61352983e+02  4.64158883e+04 -1.14340205e+02 
 5.01187234e+04  2.54570600e+02  5.01187234e+04 -1.20259964e+02 
 5.41169527e+04  2.47094052e+02  5.41169527e+04 -1.26042717e+02 
 5.84341413e+04  2.38912812e+02  5.84341413e+04 -1.31594910e+02 
 6.30957344e+04  2.30032342e+02  6.30957344e+04 -1.36815260e+02 
 6.81292069e+04  2.20476838e+02  6.81292069e+04 -1.41597863e+02 
 7.35642254e+04  2.10291285e+02  7.35642254e+04 -1.45836267e+02 
 7.94328235e+04  1.99542461e+02  7.94328235e+04 -1.49428344e+02 
 8.57695899e+04  1.88318582e+02  8.57695899e+04 -1.52281643e+02 
 9.26118728e+04  1.76727370e+02  9.26118728e+04 -1.54318786e+02 
 1.00000000e+05  1.64892529e+02  1.00000000e+05 -1.55482348e+02 
 1.07977516e+05  1.52948791e+02  1.07977516e+05 -1.55738709e+02 
 1.16591440e+05  1.41035929e+02  1.16591440e+05 -1.55080378e+02 
 1.25892541e+05  1.29292281e+02  1.25892541e+05 -1.53526527e+02 
 1.35935639e+05  1.17848410e+02  1.35935639e+05 -1.51121644e+02 
 1.46779927e+05  1.06821516e+02  1.46779927e+05 -1.47932486e+02 
 1.58489319e+05  9.63110749e+01  1.58489319e+05 -1.44043713e+02 
 1.71132830e+05  8.63960039e+01  1.71132830e+05 -1.39552710e+02 
 1.84784980e+05  7.71334432e+01  1.84784980e+05 -1.34564148e+02 
 1.99526231e+05  6.85590299e+01  1.99526231e+05 -1.29184799e+02 
 2.15443469e+05  6.06884095e+01  2.15443469e+05 -1.23518976e+02 
 2.32630507e+05  5.35196386e+01  2.32630507e+05 -1.17664884e+02 
 2.51188643e+05  4.70361168e+01  2.51188643e+05 -1.11711948e+02 
 2.71227258e+05  4.12097175e+01  2.71227258e+05 -1.05739137e+02 
 2.92864456e+05  3.60038493e+01  2.92864456e+05 -9.98141477e+01 
 3.16227766e+05  3.13762589e+01  3.16227766e+05 -9.39933223e+01 
 3.41454887e+05  2.72814580e+01  3.41454887e+05 -8.83220969e+01 
 3.68694506e+05  2.36727252e+01  3.68694506e+05 -8.28358310e+01 
 3.98107171e+05  2.05036775e+01  3.98107171e+05 -7.75608601e+01 
 4.29866235e+05  1.77294424e+01  4.29866235e+05 -7.25156539e+01 
 4.64158883e+05  1.53074805e+01  4.64158883e+05 -6.77119883e+01 
 5.01187234e+05  1.31981146e+01  5.01187234e+05 -6.31560685e+01 
 5.41169527e+05  1.13648250e+01  5.41169527e+05 -5.88495631e+01 
 5.84341413e+05  9.77436332e+00  5.84341413e+05 -5.47905273e+01 
 6.30957344e+05  8.39673378e+00  6.30957344e+05 -5.09742066e+01 
 6.81292069e+05  7.20507994e+00  6.81292069e+05 -4.73937223e+01 
 7.35642254e+05  6.17550960e+00  7.35642254e+05 -4.40406454e+01 
 7.94328235e+05  5.28688217e+00  7.94328235e+05 -4.09054696e+01 
 8.57695899e+05  4.52057710e+00  8.57695899e+05 -3.79779946e+01 
 9.26118728e+05  3.86025709e+00  9.26118728e+05 -3.52476327e+01 
 1.00000000e+06  3.29163533e+00  1.00000000e+06 -3.27036495e+01 
 1.07977516e+06  2.80225320e+00  1.07977516e+06 -3.03353507e+01 
 1.16591440e+06  2.38127236e+00  1.16591440e+06 -2.81322229e+01 
 1.25892541e+06  2.01928329e+00  1.25892541e+06 -2.60840380e+01 
 1.35935639e+06  1.70813119e+00  1.35935639e+06 -2.41809284e+01 
 1.46779927e+06  1.44075920e+00  1.46779927e+06 -2.24134377e+01 
 1.58489319e+06  1.21106841e+00  1.58489319e+06 -2.07725537e+01 
 1.71132830e+06  1.01379354e+00  1.71132830e+06 -1.92497255e+01 
 1.84784980e+06  8.44393275e-01  1.84784980e+06 -1.78368710e+01 
 1.99526231e+06  6.98953872e-01  1.99526231e+06 -1.65263747e+01 
 2.15443469e+06  5.74104733e-01  2.15443469e+06 -1.53110792e+01 
 2.32630507e+06  4.66944765e-01  2.32630507e+06 -1.41842730e+01 
 2.51188643e+06  3.74978242e-01  2.51188643e+06 -1.31396737e+01 
 2.71227258e+06  2.96059114e-01  2.71227258e+06 -1.21714104e+01 
 2.92864456e+06  2.28342712e-01  2.92864456e+06 -1.12740032e+01 
 3.16227766e+06  1.70243952e-01  3.16227766e+06 -1.04423439e+01 
 3.41454887e+06  1.20401209e-01  3.41454887e+06 -9.67167435e+00 
 3.68694506e+06  7.76451148e-02  3.68694506e+06 -8.95756659e+00 
 3.98107171e+06  4.09716572e-02  3.98107171e+06 -8.29590261e+00 
 4.29866235e+06  9.51899021e-03  4.29866235e+06 -7.68285488e+00 
 4.64158883e+06 -1.74525336e-02  4.64158883e+06 -7.11486761e+00 
 5.01187234e+06 -4.05775456e-02  5.01187234e+06 -6.58863883e+00 
 5.41169527e+06 -6.04004395e-02  5.41169527e+06 -6.10110336e+00 
 5.84341413e+06 -7.73880731e-02  5.84341413e+06 -5.64941668e+00 
 6.30957344e+06 -9.19406805e-02  6.30957344e+06 -5.23093969e+00 
 6.81292069e+06 -1.04401241e-01  6.81292069e+06 -4.84322435e+00 
 7.35642254e+06 -1.15063520e-01  7.35642254e+06 -4.48400028e+00 
 7.94328235e+06 -1.24178962e-01  7.94328235e+06 -4.15116216e+00 
 8.57695899e+06 -1.31962601e-01  8.57695899e+06 -3.84275791e+00 
 9.26118728e+06 -1.38598117e-01  9.26118728e+06 -3.55697773e+00 
 1.00000000e+07 -1.44242168e-01  1.00000000e+07 -3.29214384e+00 
 1.07977516e+07 -1.49028085e-01  1.07977516e+07 -3.04670094e+00 
 1.16591440e+07 -1.53069023e-01  1.16591440e+07 -2.81920736e+00 
 1.25892541e+07 -1.56460655e-01  1.25892541e+07 -2.60832677e+00 
 1.35935639e+07 -1.59283448e-01  1.35935639e+07 -2.41282060e+00 
 1.46779927e+07 -1.61604599e-01  1.46779927e+07 -2.23154090e+00 
 1.58489319e+07 -1.63479670e-01  1.58489319e+07 -2.06342384e+00 
 1.71132830e+07 -1.64953971e-01  1.71132830e+07 -1.90748361e+00 
 1.84784980e+07 -1.66063712e-01  1.84784980e+07 -1.76280692e+00 
 1.99526231e+07 -1.66836985e-01  1.99526231e+07 -1.62854780e+00 
 2.15443469e+07 -1.67294581e-01  2.15443469e+07 -1.50392299e+00 
 2.32630507e+07 -1.67450695e-01  2.32630507e+07 -1.38820756e+00 
 2.51188643e+07 -1.67313526e-01  2.51188643e+07 -1.28073114e+00 
 2.71227258e+07 -1.66885834e-01  2.71227258e+07 -1.18087428e+00 
 2.92864456e+07 -1.66165449e-01  2.92864456e+07 -1.08806538e+00 
 3.16227766e+07 -1.65145804e-01  3.16227766e+07 -1.00177778e+00 
 3.41454887e+07 -1.63816502e-01  3.41454887e+07 -9.21527298e-01 
 3.68694506e+07 -1.62163977e-01  3.68694506e+07 -8.46869935e-01 
 3.98107171e+07 -1.60172269e-01  3.98107171e+07 -7.77399873e-01 
 4.29866235e+07 -1.57823974e-01  4.29866235e+07 -7.12747629e-01 
 4.64158883e+07 -1.55101383e-01  4.64158883e+07 -6.52578327e-01 
 5.01187234e+07 -1.51987832e-01  5.01187234e+07 -5.96589989e-01 
 5.41169527e+07 -1.48469265e-01  5.41169527e+07 -5.44511757e-01 
 5.84341413e+07 -1.44535975e-01  5.84341413e+07 -4.96101932e-01 
 6.30957344e+07 -1.40184448e-01  6.30957344e+07 -4.51145720e-01 
 6.81292069e+07 -1.35419199e-01  6.81292069e+07 -4.09452602e-01 
 7.35642254e+07 -1.30254442e-01  7.35642254e+07 -3.70853258e-01 
 7.94328235e+07 -1.24715412e-01  7.94328235e+07 -3.35196052e-01 
 8.57695899e+07 -1.18839124e-01  8.57695899e+07 -3.02343137e-01 
 9.26118728e+07 -1.12674391e-01  9.26118728e+07 -2.72166348e-01 
 1.00000000e+08 -1.06280984e-01  1.00000000e+08 -2.44543091e-01 
 1.07977516e+08 -9.97278735e-02  1.07977516e+08 -2.19352533e-01 
 1.16591440e+08 -9.30906396e-02  1.16591440e+08 -1.96472393e-01 
 1.25892541e+08 -8.64482494e-02  1.25892541e+08 -1.75776592e-01 
 1.35935639e+08 -7.98794814e-02  1.35935639e+08 -1.57133952e-01 
 1.46779927e+08 -7.34593537e-02  1.46779927e+08 -1.40408009e-01 
 1.58489319e+08 -6.72558987e-02  1.58489319e+08 -1.25457859e-01 
 1.71132830e+08 -6.13275766e-02  1.71132830e+08 -1.12139845e-01 
 1.84784980e+08 -5.57215168e-02  1.84784980e+08 -1.00309814e-01 
 1.99526231e+08 -5.04726595e-02  1.99526231e+08 -8.98256112e-02 
 2.15443469e+08 -4.56037546e-02  2.15443469e+08 -8.05495475e-02 
 2.32630507e+08 -4.11260873e-02  2.32630507e+08 -7.23505712e-02 
 2.51188643e+08 -3.70407427e-02  2.51188643e+08 -6.51060052e-02 
 2.71227258e+08 -3.33402079e-02  2.71227258e+08 -5.87027602e-02 
 2.92864456e+08 -3.00101205e-02  2.92864456e+08 -5.30380235e-02 
 3.16227766e+08 -2.70310047e-02  3.16227766e+08 -4.80194686e-02 
 3.41454887e+08 -2.43798814e-02  3.41454887e+08 -4.35650689e-02 
 3.68694506e+08 -2.20316773e-02  3.68694506e+08 -3.96026087e-02 
 3.98107171e+08 -1.99603989e-02  3.98107171e+08 -3.60689883e-02 
 4.29866235e+08 -1.81400637e-02  4.29866235e+08 -3.29094061e-02 
 4.64158883e+08 -1.65454034e-02  4.64158883e+08 -3.00764872e-02 
 5.01187234e+08 -1.51523641e-02  5.01187234e+08 -2.75294127e-02 
 5.41169527e+08 -1.39384361e-02  5.41169527e+08 -2.52330855e-02 
 5.84341413e+08 -1.28828447e-02  5.84341413e+08 -2.31573566e-02 
 6.30957344e+08 -1.19666344e-02  6.30957344e+08 -2.12763256e-02 
 6.81292069e+08 -1.11726730e-02  6.81292069e+08 -1.95677197e-02 
 7.35642254e+08 -1.04855985e-02  7.35642254e+08 -1.80123507e-02 
 7.94328235e+08 -9.89172784e-03  7.94328235e+08 -1.65936466e-02 
 8.57695899e+08 -9.37894172e-03  8.57695899e+08 -1.52972508e-02 
 9.26118728e+08 -8.93655720e-03  9.26118728e+08 -1.41106817e-02 
 1.00000000e+09 -8.55519537e-03  1.00000000e+09 -1.30230459e-02 
 1.07977516e+09 -8.22665044e-03  1.07977516e+09 -1.20247964e-02 
 1.16591440e+09 -7.94376393e-03  1.16591440e+09 -1.11075312e-02 
 1.25892541e+09 -7.70030636e-03  1.25892541e+09 -1.02638242e-02 
 1.35935639e+09 -7.49086798e-03  1.35935639e+09 -9.48708381e-03 
 1.46779927e+09 -7.31075918e-03  1.46779927e+09 -8.77143583e-03 
 1.58489319e+09 -7.15592060e-03  1.58489319e+09 -8.11162468e-03 
 1.71132830e+09 -7.02284277e-03  1.71132830e+09 -7.50293118e-03 
 1.84784980e+09 -6.90849476e-03  1.84784980e+09 -6.94110346e-03 
 1.99526231e+09 -6.81026123e-03  1.99526231e+09 -6.42229874e-03 
 2.15443469e+09 -6.72588706e-03  2.15443469e+09 -5.94303418e-03 
 2.32630507e+09 -6.65342901e-03  2.32630507e+09 -5.50014513e-03 
 2.51188643e+09 -6.59121344e-03  2.51188643e+09 -5.09074944e-03 
 2.71227258e+09 -6.53779961e-03  2.71227258e+09 -4.71221690e-03 
 2.92864456e+09 -6.49194774e-03  2.92864456e+09 -4.36214281e-03 
 3.16227766e+09 -6.45259142e-03  3.16227766e+09 -4.03832514e-03 
 3.41454887e+09 -6.41881363e-03  3.41454887e+09 -3.73874457e-03 
 3.68694506e+09 -6.38982605e-03  3.68694506e+09 -3.46154693e-03 
 3.98107171e+09 -6.36495118e-03  3.98107171e+09 -3.20502786e-03 
 4.29866235e+09 -6.34360691e-03  4.29866235e+09 -2.96761918e-03 
 4.64158883e+09 -6.32529315e-03  4.64158883e+09 -2.74787671e-03 
 5.01187234e+09 -6.30958040e-03  5.01187234e+09 -2.54446955e-03 
 5.41169527e+09 -6.29609986e-03  5.41169527e+09 -2.35617033e-03 
 5.84341413e+09 -6.28453484e-03  5.84341413e+09 -2.18184650e-03 
 6.30957344e+09 -6.27461348e-03  6.30957344e+09 -2.02045256e-03 
 6.81292069e+09 -6.26610243e-03  6.81292069e+09 -1.87102287e-03 
 7.35642254e+09 -6.25880140e-03  7.35642254e+09 -1.73266526e-03 
 7.94328235e+09 -6.25253848e-03  7.94328235e+09 -1.60455513e-03 
 8.57695899e+09 -6.24716619e-03  8.57695899e+09 -1.48593019e-03 
 9.26118728e+09 -6.24255793e-03  9.26118728e+09 -1.37608550e-03 
 1.00000000e+10 -6.23860510e-03  1.00000000e+10 -1.27436907e-03 
