 1.00000000e+00  1.91046102e+02  1.00000000e+00 -3.80323246e-03 
 1.07977516e+00  1.91046102e+02  1.07977516e+00 -4.10663595e-03 
 1.16591440e+00  1.91046102e+02  1.16591440e+00 -4.43424350e-03 
 1.25892541e+00  1.91046102e+02  1.25892541e+00 -4.78798600e-03 
 1.35935639e+00  1.91046102e+02  1.35935639e+00 -5.16994836e-03 
 1.46779927e+00  1.91046102e+02  1.46779927e+00 -5.58238182e-03 
 1.58489319e+00  1.91046102e+02  1.58489319e+00 -6.02771724e-03 
 1.71132830e+00  1.91046102e+02  1.71132830e+00 -6.50857936e-03 
 1.84784980e+00  1.91046102e+02  1.84784980e+00 -7.02780233e-03 
 1.99526231e+00  1.91046102e+02  1.99526231e+00 -7.58844640e-03 
 2.15443469e+00  1.91046102e+02  2.15443469e+00 -8.19381594e-03 
 2.32630507e+00  1.91046102e+02  2.32630507e+00 -8.84747894e-03 
 2.51188643e+00  1.91046102e+02  2.51188643e+00 -9.55328800e-03 
 2.71227258e+00  1.91046102e+02  2.71227258e+00 -1.03154031e-02 
 2.92864456e+00  1.91046102e+02  2.92864456e+00 -1.11383161e-02 
 3.16227766e+00  1.91046102e+02  3.16227766e+00 -1.20268770e-02 
 3.41454887e+00  1.91046102e+02  3.41454887e+00 -1.29863231e-02 
 3.68694506e+00  1.91046102e+02  3.68694506e+00 -1.40223091e-02 
 3.98107171e+00  1.91046101e+02  3.98107171e+00 -1.51409411e-02 
 4.29866235e+00  1.91046101e+02  4.29866235e+00 -1.63488121e-02 
 4.64158883e+00  1.91046101e+02  4.64158883e+00 -1.76530412e-02 
 5.01187234e+00  1.91046101e+02  5.01187234e+00 -1.90613154e-02 
 5.41169527e+00  1.91046100e+02  5.41169527e+00 -2.05819349e-02 
 5.84341413e+00  1.91046100e+02  5.84341413e+00 -2.22238620e-02 
 6.30957344e+00  1.91046100e+02  6.30957344e+00 -2.39967742e-02 
 6.81292069e+00  1.91046099e+02  6.81292069e+00 -2.59111207e-02 
 7.35642254e+00  1.91046098e+02  7.35642254e+00 -2.79781845e-02 
 7.94328235e+00  1.91046098e+02  7.94328235e+00 -3.02101486e-02 
 8.57695899e+00  1.91046097e+02  8.57695899e+00 -3.26201679e-02 
 9.26118728e+00  1.91046096e+02  9.26118728e+00 -3.52224469e-02 
 1.00000000e+01  1.91046095e+02  1.00000000e+01 -3.80323232e-02 
 1.07977516e+01  1.91046094e+02  1.07977516e+01 -4.10663576e-02 
 1.16591440e+01  1.91046092e+02  1.16591440e+01 -4.43424326e-02 
 1.25892541e+01  1.91046091e+02  1.25892541e+01 -4.78798570e-02 
 1.35935639e+01  1.91046089e+02  1.35935639e+01 -5.16994798e-02 
 1.46779927e+01  1.91046086e+02  1.46779927e+01 -5.58238135e-02 
 1.58489319e+01  1.91046084e+02  1.58489319e+01 -6.02771665e-02 
 1.71132830e+01  1.91046080e+02  1.71132830e+01 -6.50857861e-02 
 1.84784980e+01  1.91046077e+02  1.84784980e+01 -7.02780139e-02 
 1.99526231e+01  1.91046072e+02  1.99526231e+01 -7.58844522e-02 
 2.15443469e+01  1.91046067e+02  2.15443469e+01 -8.19381445e-02 
 2.32630507e+01  1.91046062e+02  2.32630507e+01 -8.84747706e-02 
 2.51188643e+01  1.91046055e+02  2.51188643e+01 -9.55328564e-02 
 2.71227258e+01  1.91046047e+02  2.71227258e+01 -1.03154001e-01 
 2.92864456e+01  1.91046038e+02  2.92864456e+01 -1.11383123e-01 
 3.16227766e+01  1.91046027e+02  3.16227766e+01 -1.20268723e-01 
 3.41454887e+01  1.91046014e+02  3.41454887e+01 -1.29863171e-01 
 3.68694506e+01  1.91046000e+02  3.68694506e+01 -1.40223016e-01 
 3.98107171e+01  1.91045983e+02  3.98107171e+01 -1.51409317e-01 
 4.29866235e+01  1.91045963e+02  4.29866235e+01 -1.63488002e-01 
 4.64158883e+01  1.91045939e+02  4.64158883e+01 -1.76530263e-01 
 5.01187234e+01  1.91045912e+02  5.01187234e+01 -1.90612966e-01 
 5.41169527e+01  1.91045881e+02  5.41169527e+01 -2.05819113e-01 
 5.84341413e+01  1.91045844e+02  5.84341413e+01 -2.22238323e-01 
 6.30957344e+01  1.91045801e+02  6.30957344e+01 -2.39967367e-01 
 6.81292069e+01  1.91045751e+02  6.81292069e+01 -2.59110735e-01 
 7.35642254e+01  1.91045693e+02  7.35642254e+01 -2.79781251e-01 
 7.94328235e+01  1.91045625e+02  7.94328235e+01 -3.02100738e-01 
 8.57695899e+01  1.91045546e+02  8.57695899e+01 -3.26200738e-01 
 9.26118728e+01  1.91045453e+02  9.26118728e+01 -3.52223285e-01 
 1.00000000e+02  1.91045346e+02  1.00000000e+02 -3.80321740e-01 
 1.07977516e+02  1.91045220e+02  1.07977516e+02 -4.10661699e-01 
 1.16591440e+02  1.91045074e+02  1.16591440e+02 -4.43421963e-01 
 1.25892541e+02  1.91044903e+02  1.25892541e+02 -4.78795594e-01 
 1.35935639e+02  1.91044704e+02  1.35935639e+02 -5.16991052e-01 
 1.46779927e+02  1.91044472e+02  1.46779927e+02 -5.58233419e-01 
 1.58489319e+02  1.91044201e+02  1.58489319e+02 -6.02765727e-01 
 1.71132830e+02  1.91043886e+02  1.71132830e+02 -6.50850386e-01 
 1.84784980e+02  1.91043518e+02  1.84784980e+02 -7.02770728e-01 
 1.99526231e+02  1.91043089e+02  1.99526231e+02 -7.58832674e-01 
 2.15443469e+02  1.91042589e+02  2.15443469e+02 -8.19366530e-01 
 2.32630507e+02  1.91042006e+02  2.32630507e+02 -8.84728929e-01 
 2.51188643e+02  1.91041327e+02  2.51188643e+02 -9.55304925e-01 
 2.71227258e+02  1.91040534e+02  2.71227258e+02 -1.03151025e+00 
 2.92864456e+02  1.91039610e+02  2.92864456e+02 -1.11379377e+00 
 3.16227766e+02  1.91038533e+02  3.16227766e+02 -1.20264007e+00 
 3.41454887e+02  1.91037277e+02  3.41454887e+02 -1.29857234e+00 
 3.68694506e+02  1.91035813e+02  3.68694506e+02 -1.40215541e+00 
 3.98107171e+02  1.91034106e+02  3.98107171e+02 -1.51399906e+00 
 4.29866235e+02  1.91032116e+02  4.29866235e+02 -1.63476156e+00 
 4.64158883e+02  1.91029796e+02  4.64158883e+02 -1.76515349e+00 
 5.01187234e+02  1.91027090e+02  5.01187234e+02 -1.90594191e+00 
 5.41169527e+02  1.91023936e+02  5.41169527e+02 -2.05795476e+00 
 5.84341413e+02  1.91020259e+02  5.84341413e+02 -2.22208567e+00 
 6.30957344e+02  1.91015972e+02  6.30957344e+02 -2.39929908e+00 
 6.81292069e+02  1.91010974e+02  6.81292069e+02 -2.59063577e+00 
 7.35642254e+02  1.91005147e+02  7.35642254e+02 -2.79721885e+00 
 7.94328235e+02  1.90998353e+02  7.94328235e+02 -3.02026003e+00 
 8.57695899e+02  1.90990433e+02  8.57695899e+02 -3.26106656e+00 
 9.26118728e+02  1.90981200e+02  9.26118728e+02 -3.52104848e+00 
 1.00000000e+03  1.90970436e+02  1.00000000e+03 -3.80172646e+00 
 1.07977516e+03  1.90957888e+02  1.07977516e+03 -4.10474013e+00 
 1.16591440e+03  1.90943259e+02  1.16591440e+03 -4.43185699e+00 
 1.25892541e+03  1.90926207e+02  1.25892541e+03 -4.78498182e+00 
 1.35935639e+03  1.90906329e+02  1.35935639e+03 -5.16616671e+00 
 1.46779927e+03  1.90883158e+02  1.46779927e+03 -5.57762160e+00 
 1.58489319e+03  1.90856151e+02  1.58489319e+03 -6.02172532e+00 
 1.71132830e+03  1.90824671e+02  1.71132830e+03 -6.50103722e+00 
 1.84784980e+03  1.90787982e+02  1.84784980e+03 -7.01830917e+00 
 1.99526231e+03  1.90745224e+02  1.99526231e+03 -7.57649789e+00 
 2.15443469e+03  1.90695395e+02  2.15443469e+03 -8.17877759e+00 
 2.32630507e+03  1.90637333e+02  2.32630507e+03 -8.82855253e+00 
 2.51188643e+03  1.90569681e+02  2.51188643e+03 -9.52946953e+00 
 2.71227258e+03  1.90490865e+02  2.71227258e+03 -1.02854298e+01 
 2.92864456e+03  1.90399055e+02  2.92864456e+03 -1.11006001e+01 
 3.16227766e+03  1.90292124e+02  3.16227766e+03 -1.19794221e+01 
 3.41454887e+03  1.90167604e+02  3.41454887e+03 -1.29266200e+01 
 3.68694506e+03  1.90022629e+02  3.68694506e+03 -1.39472046e+01 
 3.98107171e+03  1.89853879e+02  3.98107171e+03 -1.50464741e+01 
 4.29866235e+03  1.89657510e+02  4.29866235e+03 -1.62300082e+01 
 4.64158883e+03  1.89429072e+02  4.64158883e+03 -1.75036561e+01 
 5.01187234e+03  1.89163426e+02  5.01187234e+03 -1.88735143e+01 
 5.41169527e+03  1.88854645e+02  5.41169527e+03 -2.03458932e+01 
 5.84341413e+03  1.88495904e+02  5.84341413e+03 -2.19272675e+01 
 6.30957344e+03  1.88079358e+02  6.30957344e+03 -2.36242088e+01 
 6.81292069e+03  1.87596020e+02  6.81292069e+03 -2.54432937e+01 
 7.35642254e+03  1.87035615e+02  7.35642254e+03 -2.73909842e+01 
 7.94328235e+03  1.86386443e+02  7.94328235e+03 -2.94734725e+01 
 8.57695899e+03  1.85635230e+02  8.57695899e+03 -3.16964847e+01 
 9.26118728e+03  1.84766988e+02  9.26118728e+03 -3.40650363e+01 
 1.00000000e+04  1.83764889e+02  1.00000000e+04 -3.65831305e+01 
 1.07977516e+04  1.82610164e+02  1.07977516e+04 -3.92533938e+01 
 1.16591440e+04  1.81282039e+02  1.16591440e+04 -4.20766426e+01 
 1.25892541e+04  1.79757740e+02  1.25892541e+04 -4.50513757e+01 
 1.35935639e+04  1.78012584e+02  1.35935639e+04 -4.81731951e+01 
 1.46779927e+04  1.76020178e+02  1.46779927e+04 -5.14341601e+01 
 1.58489319e+04  1.73752779e+02  1.58489319e+04 -5.48220902e+01 
 1.71132830e+04  1.71181835e+02  1.71132830e+04 -5.83198443e+01 
 1.84784980e+04  1.68278747e+02  1.84784980e+04 -6.19046183e+01 
 1.99526231e+04  1.65015885e+02  1.99526231e+04 -6.55473182e+01 
 2.15443469e+04  1.61367861e+02  2.15443469e+04 -6.92120886e+01 
 2.32630507e+04  1.57313069e+02  2.32630507e+04 -7.28560887e+01 
 2.51188643e+04  1.52835438e+02  2.51188643e+04 -7.64296225e+01 
 2.71227258e+04  1.47926328e+02  2.71227258e+04 -7.98767284e+01 
 2.92864456e+04  1.42586444e+02  2.92864456e+04 -8.31363214e+01 
 3.16227766e+04  1.36827586e+02  3.16227766e+04 -8.61439427e+01 
 3.41454887e+04  1.30674042e+02  3.41454887e+04 -8.88341143e+01 
 3.68694506e+04  1.24163384e+02  3.68694506e+04 -9.11432191e+01 
 3.98107171e+04  1.17346474e+02  3.98107171e+04 -9.30127337e+01 
 4.29866235e+04  1.10286535e+02  4.29866235e+04 -9.43925587e+01 
 4.64158883e+04  1.03057226e+02  4.64158883e+04 -9.52441275e+01 
 5.01187234e+04  9.57398111e+01  5.01187234e+04 -9.55429548e+01 
 5.41169527e+04  8.84196151e+01  5.41169527e+04 -9.52803237e+01 
 5.84341413e+04  8.11820928e+01  5.84341413e+04 -9.44638987e+01 
 6.30957344e+04  7.41088828e+01  6.30957344e+04 -9.31171861e+01 
 6.81292069e+04  6.72742310e+01  6.81292069e+04 -9.12779119e+01 
 7.35642254e+04  6.07421026e+01  7.35642254e+04 -8.89955197e+01 
 7.94328235e+04  5.45641986e+01  7.94328235e+04 -8.63280884e+01 
 8.57695899e+04  4.87789589e+01  8.57695899e+04 -8.33390064e+01 
 9.26118728e+04  4.34115122e+01  9.26118728e+04 -8.00937230e+01 
 1.00000000e+05  3.84744298e+01  1.00000000e+05 -7.66568405e+01 
 1.07977516e+05  3.39690829e+01  1.07977516e+05 -7.30897214e+01 
 1.16591440e+05  2.98873792e+01  1.16591440e+05 -6.94486993e+01 
 1.25892541e+05  2.62136696e+01  1.25892541e+05 -6.57838984e+01 
 1.35935639e+05  2.29266499e+01  1.35935639e+05 -6.21386108e+01 
 1.46779927e+05  2.00011284e+01  1.46779927e+05 -5.85491400e+01 
 1.58489319e+05  1.74095775e+01  1.58489319e+05 -5.50450045e+01 
 1.71132830e+05  1.51234283e+01  1.71132830e+05 -5.16493976e+01 
 1.84784980e+05  1.31141000e+01  1.84784980e+05 -4.83798054e+01 
 1.99526231e+05  1.13537788e+01  1.99526231e+05 -4.52487071e+01 
 2.15443469e+05  9.81597262e+00  2.15443469e+05 -4.22642959e+01 
 2.32630507e+05  8.47587834e+00  2.32630507e+05 -3.94311787e+01 
 2.51188643e+05  7.31059543e+00  2.51188643e+05 -3.67510255e+01 
 2.71227258e+05  6.29922122e+00  2.71227258e+05 -3.42231536e+01 
 2.92864456e+05  5.42285734e+00  2.92864456e+05 -3.18450395e+01 
 3.16227766e+05  4.66455289e+00  3.16227766e+05 -2.96127571e+01 
 3.41454887e+05  4.00920506e+00  3.41454887e+05 -2.75213468e+01 
 3.68694506e+05  3.44343328e+00  3.68694506e+05 -2.55651203e+01 
 3.98107171e+05  2.95543919e+00  3.98107171e+05 -2.37379091e+01 
 4.29866235e+05  2.53486161e+00  4.29866235e+05 -2.20332634e+01 
 4.64158883e+05  2.17263267e+00  4.64158883e+05 -2.04446101e+01 
 5.01187234e+05  1.86083956e+00  5.01187234e+05 -1.89653741e+01 
 5.41169527e+05  1.59259463e+00  5.41169527e+05 -1.75890720e+01 
 5.84341413e+05  1.36191533e+00  5.84341413e+05 -1.63093813e+01 
 6.30957344e+05  1.16361467e+00  6.30957344e+05 -1.51201903e+01 
 6.81292069e+05  9.93202430e-01  6.81292069e+05 -1.40156331e+01 
 7.35642254e+05  8.46796714e-01  7.35642254e+05 -1.29901117e+01 
 7.94328235e+05  7.21045355e-01  7.94328235e+05 -1.20383098e+01 
 8.57695899e+05  6.13056432e-01  8.57695899e+05 -1.11551977e+01 
 9.26118728e+05  5.20337158e-01  9.26118728e+05 -1.03360326e+01 
 1.00000000e+06  4.40740325e-01  1.00000000e+06 -9.57635478e+00 
 1.07977516e+06  3.72417522e-01  1.07977516e+06 -8.87197983e+00 
 1.16591440e+06  3.13778392e-01  1.16591440e+06 -8.21898957e+00 
 1.25892541e+06  2.63455215e-01  1.25892541e+06 -7.61372097e+00 
 1.35935639e+06  2.20272196e-01  1.35935639e+06 -7.05275429e+00 
 1.46779927e+06  1.83218866e-01  1.46779927e+06 -6.53290071e+00 
 1.58489319e+06  1.51427079e-01  1.58489319e+06 -6.05118964e+00 
 1.71132830e+06  1.24151151e-01  1.71132830e+06 -5.60485618e+00 
 1.84784980e+06  1.00750718e-01  1.84784980e+06 -5.19132871e+00 
 1.99526231e+06  8.06759589e-02  1.99526231e+06 -4.80821686e+00 
 2.15443469e+06  6.34548687e-02  2.15443469e+06 -4.45329989e+00 
 2.32630507e+06  4.86822985e-02  2.32630507e+06 -4.12451559e+00 
 2.51188643e+06  3.60105279e-02  2.51188643e+06 -3.81994970e+00 
 2.71227258e+06  2.51411559e-02  2.71227258e+06 -3.53782585e+00 
 2.92864456e+06  1.58181296e-02  2.92864456e+06 -3.27649610e+00 
 3.16227766e+06  7.82175363e-03  3.16227766e+06 -3.03443202e+00 
 3.41454887e+06  9.63542974e-04  3.41454887e+06 -2.81021630e+00 
 3.68694506e+06 -4.91819738e-03  3.68694506e+06 -2.60253489e+00 
 3.98107171e+06 -9.96216845e-03  3.98107171e+06 -2.41016968e+00 
 4.29866235e+06 -1.42873360e-02  4.29866235e+06 -2.23199160e+00 
 4.64158883e+06 -1.79957277e-02  4.64158883e+06 -2.06695424e+00 
 5.01187234e+06 -2.11748331e-02  5.01187234e+06 -1.91408785e+00 
 5.41169527e+06 -2.38996633e-02  5.41169527e+06 -1.77249385e+00 
 5.84341413e+06 -2.62345173e-02  5.84341413e+06 -1.64133959e+00 
 6.30957344e+06 -2.82344968e-02  6.30957344e+06 -1.51985355e+00 
 6.81292069e+06 -2.99468044e-02  6.81292069e+06 -1.40732095e+00 
 7.35642254e+06 -3.14118570e-02  7.35642254e+06 -1.30307949e+00 
 7.94328235e+06 -3.26642388e-02  7.94328235e+06 -1.20651557e+00 
 8.57695899e+06 -3.37335169e-02  8.57695899e+06 -1.11706072e+00 
 9.26118728e+06 -3.46449398e-02  9.26118728e+06 -1.03418824e+00 
 1.00000000e+07 -3.54200331e-02  1.00000000e+07 -9.57410158e-01 
 1.07977516e+07 -3.60771088e-02  1.07977516e+07 -8.86274355e-01 
 1.16591440e+07 -3.66316987e-02  1.16591440e+07 -8.20361947e-01 
 1.25892541e+07 -3.70969227e-02  1.25892541e+07 -7.59284823e-01 
 1.35935639e+07 -3.74838006e-02  1.35935639e+07 -7.02683374e-01 
 1.46779927e+07 -3.78015163e-02  1.46779927e+07 -6.50224399e-01 
 1.58489319e+07 -3.80576384e-02  1.58489319e+07 -6.01599156e-01 
 1.71132830e+07 -3.82583056e-02  1.71132830e+07 -5.56521570e-01 
 1.84784980e+07 -3.84083795e-02  1.84784980e+07 -5.14726568e-01 
 1.99526231e+07 -3.85115704e-02  1.99526231e+07 -4.75968548e-01 
 2.15443469e+07 -3.85705400e-02  2.15443469e+07 -4.40019966e-01 
 2.32630507e+07 -3.85869834e-02  2.32630507e+07 -4.06670033e-01 
 2.51188643e+07 -3.85616954e-02  2.51188643e+07 -3.75723525e-01 
 2.71227258e+07 -3.84946237e-02  2.71227258e+07 -3.46999688e-01 
 2.92864456e+07 -3.83849123e-02  2.92864456e+07 -3.20331239e-01 
 3.16227766e+07 -3.82309407e-02  3.16227766e+07 -2.95563462e-01 
 3.41454887e+07 -3.80303615e-02  3.41454887e+07 -2.72553386e-01 
 3.68694506e+07 -3.77801432e-02  3.68694506e+07 -2.51169048e-01 
 3.98107171e+07 -3.74766240e-02  3.98107171e+07 -2.31288829e-01 
 4.29866235e+07 -3.71155827e-02  4.29866235e+07 -2.12800869e-01 
 4.64158883e+07 -3.66923357e-02  4.64158883e+07 -1.95602540e-01 
 5.01187234e+07 -3.62018667e-02  5.01187234e+07 -1.79599975e-01 
 5.41169527e+07 -3.56389986e-02  5.41169527e+07 -1.64707643e-01 
 5.84341413e+07 -3.49986123e-02  5.84341413e+07 -1.50847951e-01 
 6.30957344e+07 -3.42759183e-02  6.30957344e+07 -1.37950855e-01 
 6.81292069e+07 -3.34667802e-02  6.81292069e+07 -1.25953463e-01 
 7.35642254e+07 -3.25680828e-02  7.35642254e+07 -1.14799595e-01 
 7.94328235e+07 -3.15781317e-02  7.94328235e+07 -1.04439288e-01 
 8.57695899e+07 -3.04970584e-02  8.57695899e+07 -9.48282185e-02 
 9.26118728e+07 -2.93271981e-02  9.26118728e+07 -8.59270192e-02 
 1.00000000e+08 -2.80733970e-02  1.00000000e+08 -7.77005041e-02 
 1.07977516e+08 -2.67432044e-02  1.07977516e+08 -7.01167975e-02 
 1.16591440e+08 -2.53469052e-02  1.16591440e+08 -6.31464078e-02 
 1.25892541e+08 -2.38973612e-02  1.25892541e+08 -5.67612900e-02 
 1.35935639e+08 -2.24096469e-02  1.35935639e+08 -5.09339635e-02 
 1.46779927e+08 -2.09004918e-02  1.46779927e+08 -4.56367514e-02 
 1.58489319e+08 -1.93875682e-02  1.58489319e+08 -4.08412053e-02 
 1.71132830e+08 -1.78886867e-02  1.71132830e+08 -3.65177625e-02 
 1.84784980e+08 -1.64209766e-02  1.84784980e+08 -3.26356542e-02 
 1.99526231e+08 -1.50001309e-02  1.99526231e+08 -2.91630542e-02 
 2.15443469e+08 -1.36397853e-02  2.15443469e+08 -2.60674293e-02 
 2.32630507e+08 -1.23510789e-02  2.32630507e+08 -2.33160300e-02 
 2.51188643e+08 -1.11424185e-02  2.51188643e+08 -2.08764525e-02 
 2.71227258e+08 -1.00194408e-02  2.71227258e+08 -1.87172030e-02 
 2.92864456e+08 -8.98514678e-03  2.92864456e+08 -1.68082065e-02 
 3.16227766e+08 -8.04016764e-03  3.16227766e+08 -1.51212221e-02 
 3.41454887e+08 -7.18311573e-03  3.41454887e+08 -1.36301410e-02 
 3.68694506e+08 -6.41097694e-03  3.68694506e+08 -1.23111657e-02 
 3.98107171e+08 -5.71950674e-03  3.98107171e+08 -1.11428764e-02 
 4.29866235e+08 -5.10360181e-03  4.29866235e+08 -1.01062052e-02 
 4.64158883e+08 -4.55762890e-03  4.64158883e+08 -9.18433610e-03 
 5.01187234e+08 -4.07570117e-03  5.01187234e+08 -8.36255504e-03 
 5.41169527e+08 -3.65189966e-03  5.41169527e+08 -7.62806822e-03 
 5.84341413e+08 -3.28044200e-03  5.84341413e+08 -6.96980579e-03 
 6.30957344e+08 -2.95580400e-03  6.30957344e+08 -6.37822346e-03 
 6.81292069e+08 -2.67280101e-03  6.81292069e+08 -5.84511111e-03 
 7.35642254e+08 -2.42663663e-03  7.35642254e+08 -5.36341436e-03 
 7.94328235e+08 -2.21292573e-03  7.94328235e+08 -4.92707245e-03 
 8.57695899e+08 -2.02769824e-03  8.57695899e+08 -4.53087385e-03 
 9.26118728e+08 -1.86738919e-03  9.26118728e+08 -4.17032987e-03 
 1.00000000e+09 -1.72881923e-03  1.00000000e+09 -3.84156513e-03 
 1.07977516e+09 -1.60916928e-03  1.07977516e+09 -3.54122384e-03 
 1.16591440e+09 -1.50595194e-03  1.16591440e+09 -3.26639017e-03 
 1.25892541e+09 -1.41698157e-03  1.25892541e+09 -3.01452090e-03 
 1.35935639e+09 -1.34034439e-03  1.35935639e+09 -2.78338886e-03 
 1.46779927e+09 -1.27436975e-03  1.46779927e+09 -2.57103551e-03 
 1.58489319e+09 -1.21760296e-03  1.58489319e+09 -2.37573125e-03 
 1.71132830e+09 -1.16878014e-03  1.71132830e+09 -2.19594226e-03 
 1.84784980e+09 -1.12680524e-03  1.84784980e+09 -2.03030284e-03 
 1.99526231e+09 -1.09072926e-03  1.99526231e+09 -1.87759216e-03 
 2.15443469e+09 -1.05973167e-03  2.15443469e+09 -1.73671494e-03 
 2.32630507e+09 -1.03310383e-03  2.32630507e+09 -1.60668508e-03 
 2.51188643e+09 -1.01023433e-03  2.51188643e+09 -1.48661194e-03 
 2.71227258e+09 -9.90596106e-04  2.71227258e+09 -1.37568880e-03 
 2.92864456e+09 -9.73735116e-04  2.92864456e+09 -1.27318294e-03 
 3.16227766e+09 -9.59260480e-04  3.16227766e+09 -1.17842729e-03 
 3.41454887e+09 -9.46835850e-04  3.41454887e+09 -1.09081326e-03 
 3.68694506e+09 -9.36171936e-04  3.68694506e+09 -1.00978453e-03 
 3.98107171e+09 -9.27020009e-04  3.98107171e+09 -9.34831708e-04 
 4.29866235e+09 -9.19166282e-04  4.29866235e+09 -8.65487688e-04 
 4.64158883e+09 -9.12427053e-04  4.64158883e+09 -8.01323579e-04 
 5.01187234e+09 -9.06644504e-04  5.01187234e+09 -7.41945126e-04 
 5.41169527e+09 -9.01683081e-04  5.41169527e+09 -6.86989552e-04 
 5.84341413e+09 -8.97426378e-04  5.84341413e+09 -6.36122757e-04 
 6.30957344e+09 -8.93774441e-04  6.30957344e+09 -5.89036818e-04 
 6.81292069e+09 -8.90641459e-04  6.81292069e+09 -5.45447751e-04 
 7.35642254e+09 -8.87953767e-04  7.35642254e+09 -5.05093501e-04 
 7.94328235e+09 -8.85648140e-04  7.94328235e+09 -4.67732130e-04 
 8.57695899e+09 -8.83670312e-04  8.57695899e+09 -4.33140174e-04 
 9.26118728e+09 -8.81973712e-04  9.26118728e+09 -4.01111160e-04 
 1.00000000e+10 -8.80518380e-04  1.00000000e+10 -3.71454250e-04 
