 1.00000000e+00  2.85541078e+02  1.00000000e+00 -3.57392101e-03 
 1.07977516e+00  2.85541078e+02  1.07977516e+00 -3.85903114e-03 
 1.16591440e+00  2.85541078e+02  1.16591440e+00 -4.16688597e-03 
 1.25892541e+00  2.85541078e+02  1.25892541e+00 -4.49929997e-03 
 1.35935639e+00  2.85541078e+02  1.35935639e+00 -4.85823236e-03 
 1.46779927e+00  2.85541078e+02  1.46779927e+00 -5.24579864e-03 
 1.58489319e+00  2.85541078e+02  1.58489319e+00 -5.66428307e-03 
 1.71132830e+00  2.85541078e+02  1.71132830e+00 -6.11615217e-03 
 1.84784980e+00  2.85541078e+02  1.84784980e+00 -6.60406921e-03 
 1.99526231e+00  2.85541078e+02  1.99526231e+00 -7.13090990e-03 
 2.15443469e+00  2.85541078e+02  2.15443469e+00 -7.69977939e-03 
 2.32630507e+00  2.85541078e+02  2.32630507e+00 -8.31403054e-03 
 2.51188643e+00  2.85541078e+02  2.51188643e+00 -8.97728368e-03 
 2.71227258e+00  2.85541078e+02  2.71227258e+00 -9.69344794e-03 
 2.92864456e+00  2.85541078e+02  2.92864456e+00 -1.04667443e-02 
 3.16227766e+00  2.85541078e+02  3.16227766e+00 -1.13017305e-02 
 3.41454887e+00  2.85541078e+02  3.41454887e+00 -1.22033279e-02 
 3.68694506e+00  2.85541078e+02  3.68694506e+00 -1.31768504e-02 
 3.98107171e+00  2.85541077e+02  3.98107171e+00 -1.42280358e-02 
 4.29866235e+00  2.85541077e+02  4.29866235e+00 -1.53630796e-02 
 4.64158883e+00  2.85541077e+02  4.64158883e+00 -1.65886718e-02 
 5.01187234e+00  2.85541077e+02  5.01187234e+00 -1.79120358e-02 
 5.41169527e+00  2.85541077e+02  5.41169527e+00 -1.93409713e-02 
 5.84341413e+00  2.85541077e+02  5.84341413e+00 -2.08839004e-02 
 6.30957344e+00  2.85541076e+02  6.30957344e+00 -2.25499169e-02 
 6.81292069e+00  2.85541076e+02  6.81292069e+00 -2.43488402e-02 
 7.35642254e+00  2.85541076e+02  7.35642254e+00 -2.62912728e-02 
 7.94328235e+00  2.85541075e+02  7.94328235e+00 -2.83886634e-02 
 8.57695899e+00  2.85541075e+02  8.57695899e+00 -3.06533735e-02 
 9.26118728e+00  2.85541074e+02  9.26118728e+00 -3.30987513e-02 
 1.00000000e+01  2.85541074e+02  1.00000000e+01 -3.57392095e-02 
 1.07977516e+01  2.85541073e+02  1.07977516e+01 -3.85903107e-02 
 1.16591440e+01  2.85541072e+02  1.16591440e+01 -4.16688588e-02 
 1.25892541e+01  2.85541071e+02  1.25892541e+01 -4.49929986e-02 
 1.35935639e+01  2.85541070e+02  1.35935639e+01 -4.85823222e-02 
 1.46779927e+01  2.85541069e+02  1.46779927e+01 -5.24579846e-02 
 1.58489319e+01  2.85541067e+02  1.58489319e+01 -5.66428285e-02 
 1.71132830e+01  2.85541065e+02  1.71132830e+01 -6.11615190e-02 
 1.84784980e+01  2.85541063e+02  1.84784980e+01 -6.60406886e-02 
 1.99526231e+01  2.85541060e+02  1.99526231e+01 -7.13090946e-02 
 2.15443469e+01  2.85541057e+02  2.15443469e+01 -7.69977884e-02 
 2.32630507e+01  2.85541054e+02  2.32630507e+01 -8.31402984e-02 
 2.51188643e+01  2.85541050e+02  2.51188643e+01 -8.97728280e-02 
 2.71227258e+01  2.85541045e+02  2.71227258e+01 -9.69344683e-02 
 2.92864456e+01  2.85541040e+02  2.92864456e+01 -1.04667429e-01 
 3.16227766e+01  2.85541033e+02  3.16227766e+01 -1.13017288e-01 
 3.41454887e+01  2.85541026e+02  3.41454887e+01 -1.22033257e-01 
 3.68694506e+01  2.85541017e+02  3.68694506e+01 -1.31768476e-01 
 3.98107171e+01  2.85541007e+02  3.98107171e+01 -1.42280323e-01 
 4.29866235e+01  2.85540996e+02  4.29866235e+01 -1.53630752e-01 
 4.64158883e+01  2.85540982e+02  4.64158883e+01 -1.65886662e-01 
 5.01187234e+01  2.85540966e+02  5.01187234e+01 -1.79120288e-01 
 5.41169527e+01  2.85540947e+02  5.41169527e+01 -1.93409625e-01 
 5.84341413e+01  2.85540926e+02  5.84341413e+01 -2.08838894e-01 
 6.30957344e+01  2.85540900e+02  6.30957344e+01 -2.25499030e-01 
 6.81292069e+01  2.85540871e+02  6.81292069e+01 -2.43488227e-01 
 7.35642254e+01  2.85540836e+02  7.35642254e+01 -2.62912508e-01 
 7.94328235e+01  2.85540796e+02  7.94328235e+01 -2.83886356e-01 
 8.57695899e+01  2.85540749e+02  8.57695899e+01 -3.06533386e-01 
 9.26118728e+01  2.85540695e+02  9.26118728e+01 -3.30987073e-01 
 1.00000000e+02  2.85540631e+02  1.00000000e+02 -3.57391541e-01 
 1.07977516e+02  2.85540557e+02  1.07977516e+02 -3.85902409e-01 
 1.16591440e+02  2.85540470e+02  1.16591440e+02 -4.16687710e-01 
 1.25892541e+02  2.85540369e+02  1.25892541e+02 -4.49928881e-01 
 1.35935639e+02  2.85540252e+02  1.35935639e+02 -4.85821831e-01 
 1.46779927e+02  2.85540115e+02  1.46779927e+02 -5.24578094e-01 
 1.58489319e+02  2.85539955e+02  1.58489319e+02 -5.66426080e-01 
 1.71132830e+02  2.85539769e+02  1.71132830e+02 -6.11612414e-01 
 1.84784980e+02  2.85539551e+02  1.84784980e+02 -6.60403391e-01 
 1.99526231e+02  2.85539298e+02  1.99526231e+02 -7.13086546e-01 
 2.15443469e+02  2.85539003e+02  2.15443469e+02 -7.69972345e-01 
 2.32630507e+02  2.85538658e+02  2.32630507e+02 -8.31396011e-01 
 2.51188643e+02  2.85538257e+02  2.51188643e+02 -8.97719501e-01 
 2.71227258e+02  2.85537789e+02  2.71227258e+02 -9.69333632e-01 
 2.92864456e+02  2.85537243e+02  2.92864456e+02 -1.04666038e+00 
 3.16227766e+02  2.85536607e+02  3.16227766e+02 -1.13015536e+00 
 3.41454887e+02  2.85535865e+02  3.41454887e+02 -1.22031052e+00 
 3.68694506e+02  2.85535000e+02  3.68694506e+02 -1.31765700e+00 
 3.98107171e+02  2.85533991e+02  3.98107171e+02 -1.42276828e+00 
 4.29866235e+02  2.85532815e+02  4.29866235e+02 -1.53626353e+00 
 4.64158883e+02  2.85531445e+02  4.64158883e+02 -1.65881124e+00 
 5.01187234e+02  2.85529846e+02  5.01187234e+02 -1.79113315e+00 
 5.41169527e+02  2.85527983e+02  5.41169527e+02 -1.93400847e+00 
 5.84341413e+02  2.85525810e+02  5.84341413e+02 -2.08827842e+00 
 6.30957344e+02  2.85523277e+02  6.30957344e+02 -2.25485118e+00 
 6.81292069e+02  2.85520324e+02  6.81292069e+02 -2.43470712e+00 
 7.35642254e+02  2.85516881e+02  7.35642254e+02 -2.62890458e+00 
 7.94328235e+02  2.85512866e+02  7.94328235e+02 -2.83858598e+00 
 8.57695899e+02  2.85508186e+02  8.57695899e+02 -3.06498441e+00 
 9.26118728e+02  2.85502730e+02  9.26118728e+02 -3.30943081e+00 
 1.00000000e+03  2.85496368e+02  1.00000000e+03 -3.57336159e+00 
 1.07977516e+03  2.85488951e+02  1.07977516e+03 -3.85832689e+00 
 1.16591440e+03  2.85480305e+02  1.16591440e+03 -4.16599941e+00 
 1.25892541e+03  2.85470224e+02  1.25892541e+03 -4.49818390e+00 
 1.35935639e+03  2.85458472e+02  1.35935639e+03 -4.85682736e+00 
 1.46779927e+03  2.85444771e+02  1.46779927e+03 -5.24402994e+00 
 1.58489319e+03  2.85428798e+02  1.58489319e+03 -5.66205654e+00 
 1.71132830e+03  2.85410178e+02  1.71132830e+03 -6.11334931e+00 
 1.84784980e+03  2.85388471e+02  1.84784980e+03 -6.60054088e+00 
 1.99526231e+03  2.85363167e+02  1.99526231e+03 -7.12646839e+00 
 2.15443469e+03  2.85333671e+02  2.15443469e+03 -7.69418845e+00 
 2.32630507e+03  2.85299288e+02  2.32630507e+03 -8.30699281e+00 
 2.51188643e+03  2.85259211e+02  2.51188643e+03 -8.96842494e+00 
 2.71227258e+03  2.85212499e+02  2.71227258e+03 -9.68229727e+00 
 2.92864456e+03  2.85158056e+02  2.92864456e+03 -1.04527091e+01 
 3.16227766e+03  2.85094607e+02  3.16227766e+03 -1.12840652e+01 
 3.41454887e+03  2.85020666e+02  3.41454887e+03 -1.21810944e+01 
 3.68694506e+03  2.84934505e+02  3.68694506e+03 -1.31488685e+01 
 3.98107171e+03  2.84834115e+02  3.98107171e+03 -1.41928210e+01 
 4.29866235e+03  2.84717158e+02  4.29866235e+03 -1.53187651e+01 
 4.64158883e+03  2.84580917e+02  4.64158883e+03 -1.65329098e+01 
 5.01187234e+03  2.84422237e+02  5.01187234e+03 -1.78418747e+01 
 5.41169527e+03  2.84237452e+02  5.41169527e+03 -1.92527011e+01 
 5.84341413e+03  2.84022311e+02  5.84341413e+03 -2.07728589e+01 
 6.30957344e+03  2.83771887e+02  6.30957344e+03 -2.24102472e+01 
 6.81292069e+03  2.83480470e+02  6.81292069e+03 -2.41731869e+01 
 7.35642254e+03  2.83141458e+02  7.35642254e+03 -2.60704028e+01 
 7.94328235e+03  2.82747220e+02  7.94328235e+03 -2.81109915e+01 
 8.57695899e+03  2.82288957e+02  8.57695899e+03 -3.03043717e+01 
 9.26118728e+03  2.81756532e+02  9.26118728e+03 -3.26602124e+01 
 1.00000000e+04  2.81138300e+02  1.00000000e+04 -3.51883327e+01 
 1.07977516e+04  2.80420910e+02  1.07977516e+04 -3.78985669e+01 
 1.16591440e+04  2.79589101e+02  1.16591440e+04 -4.08005874e+01 
 1.25892541e+04  2.78625492e+02  1.25892541e+04 -4.39036757e+01 
 1.35935639e+04  2.77510355e+02  1.35935639e+04 -4.72164326e+01 
 1.46779927e+04  2.76221416e+02  1.46779927e+04 -5.07464154e+01 
 1.58489319e+04  2.74733654e+02  1.58489319e+04 -5.44996921e+01 
 1.71132830e+04  2.73019154e+02  1.71132830e+04 -5.84803015e+01 
 1.84784980e+04  2.71047007e+02  1.84784980e+04 -6.26896096e+01 
 1.99526231e+04  2.68783315e+02  1.99526231e+04 -6.71255572e+01 
 2.15443469e+04  2.66191308e+02  2.15443469e+04 -7.17817983e+01 
 2.32630507e+04  2.63231647e+02  2.32630507e+04 -7.66467398e+01 
 2.51188643e+04  2.59862942e+02  2.51188643e+04 -8.17025016e+01 
 2.71227258e+04  2.56042547e+02  2.71227258e+04 -8.69238406e+01 
 2.92864456e+04  2.51727686e+02  2.92864456e+04 -9.22770962e+01 
 3.16227766e+04  2.46876946e+02  3.16227766e+04 -9.77192465e+01 
 3.41454887e+04  2.41452169e+02  3.41454887e+04 -1.03197189e+02 
 3.68694506e+04  2.35420727e+02  3.68694506e+04 -1.08647386e+02 
 3.98107171e+04  2.28758139e+02  3.98107171e+04 -1.13996025e+02 
 4.29866235e+04  2.21450893e+02  4.29866235e+04 -1.19159872e+02 
 4.64158883e+04  2.13499311e+02  4.64158883e+04 -1.24047931e+02 
 5.01187234e+04  2.04920187e+02  5.01187234e+04 -1.28564014e+02 
 5.41169527e+04  1.95748897e+02  5.41169527e+04 -1.32610225e+02 
 5.84341413e+04  1.86040642e+02  5.84341413e+04 -1.36091229e+02 
 6.30957344e+04  1.75870524e+02  6.30957344e+04 -1.38919065e+02 
 6.81292069e+04  1.65332217e+02  6.81292069e+04 -1.41018132e+02 
 7.35642254e+04  1.54535169e+02  7.35642254e+04 -1.42329859e+02 
 7.94328235e+04  1.43600423e+02  7.94328235e+04 -1.42816568e+02 
 8.57695899e+04  1.32655366e+02  8.57695899e+04 -1.42464069e+02 
 9.26118728e+04  1.21827864e+02  9.26118728e+04 -1.41282650e+02 
 1.00000000e+05  1.11240352e+02  1.00000000e+05 -1.39306361e+02 
 1.07977516e+05  1.01004450e+02  1.07977516e+05 -1.36590652e+02 
 1.16591440e+05  9.12165892e+01  1.16591440e+05 -1.33208696e+02 
 1.25892541e+05  8.19549757e+01  1.25892541e+05 -1.29246804e+02 
 1.35935639e+05  7.32780306e+01  1.35935639e+05 -1.24799463e+02 
 1.46779927e+05  6.52242513e+01  1.46779927e+05 -1.19964466e+02 
 1.58489319e+05  5.78132875e+01  1.58489319e+05 -1.14838528e+02 
 1.71132830e+05  5.10479337e+01  1.71132830e+05 -1.09513675e+02 
 1.84784980e+05  4.49167064e+01  1.84784980e+05 -1.04074523e+02 
 1.99526231e+05  3.93966877e+01  1.99526231e+05 -9.85964697e+01 
 2.15443469e+05  3.44563740e+01  2.15443469e+05 -9.31447268e+01 
 2.32630507e+05  3.00583308e+01  2.32630507e+05 -8.77740579e+01 
 2.51188643e+05  2.61615292e+01  2.51188643e+05 -8.25290599e+01 
 2.71227258e+05  2.27233002e+01  2.71227258e+05 -7.74448349e+01 
 2.92864456e+05  1.97008927e+01  2.92864456e+05 -7.25479063e+01 
 3.16227766e+05  1.70526536e+01  3.16227766e+05 -6.78572615e+01 
 3.41454887e+05  1.47388735e+01  3.41454887e+05 -6.33854303e+01 
 3.68694506e+05  1.27223466e+01  3.68694506e+05 -5.91395326e+01 
 3.98107171e+05  1.09687003e+01  3.98107171e+05 -5.51222538e+01 
 4.29866235e+05  9.44654504e+00  4.29866235e+05 -5.13327236e+01 
 4.64158883e+05  8.12748925e+00  4.64158883e+05 -4.77672854e+01 
 5.01187234e+05  6.98605825e+00  5.01187234e+05 -4.44201576e+01 
 5.41169527e+05  5.99954803e+00  5.41169527e+05 -4.12839890e+01 
 5.84341413e+05  5.14783861e+00  5.84341413e+05 -3.83503196e+01 
 6.30957344e+05  4.41318545e+00  6.30957344e+05 -3.56099556e+01 
 6.81292069e+05  3.78000267e+00  6.81292069e+05 -3.30532703e+01 
 7.35642254e+05  3.23464778e+00  7.35642254e+05 -3.06704418e+01 
 7.94328235e+05  2.76521458e+00  7.94328235e+05 -2.84516384e+01 
 8.57695899e+05  2.36133822e+00  8.57695899e+05 -2.63871595e+01 
 9.26118728e+05  2.01401501e+00  9.26118728e+05 -2.44675402e+01 
 1.00000000e+06  1.71543799e+00  1.00000000e+06 -2.26836285e+01 
 1.07977516e+06  1.45884842e+00  1.07977516e+06 -2.10266369e+01 
 1.16591440e+06  1.23840290e+00  1.16591440e+06 -1.94881781e+01 
 1.25892541e+06  1.04905515e+00  1.25892541e+06 -1.80602843e+01 
 1.35935639e+06  8.86451571e-01  1.35935639e+06 -1.67354163e+01 
 1.46779927e+06  7.46839293e-01  1.46779927e+06 -1.55064642e+01 
 1.58489319e+06  6.26985612e-01  1.58489319e+06 -1.43667410e+01 
 1.71132830e+06  5.24107610e-01  1.71132830e+06 -1.33099723e+01 
 1.84784980e+06  4.35810833e-01  1.84784980e+06 -1.23302821e+01 
 1.99526231e+06  3.60036005e-01  1.99526231e+06 -1.14221769e+01 
 2.15443469e+06  2.95012791e-01  2.15443469e+06 -1.05805276e+01 
 2.32630507e+06  2.39219769e-01  2.32630507e+06 -9.80055095e+00 
 2.51188643e+06  1.91349804e-01  2.51188643e+06 -9.07779107e+00 
 2.71227258e+06  1.50280150e-01  2.71227258e+06 -8.40810030e+00 
 2.92864456e+06  1.15046643e-01  2.92864456e+06 -7.78762074e+00 
 3.16227766e+06  8.48214612e-02  3.16227766e+06 -7.21276626e+00 
 3.41454887e+06  5.88939595e-02  3.41454887e+06 -6.68020511e+00 
 3.68694506e+06  3.66541759e-02  3.68694506e+06 -6.18684320e+00 
 3.98107171e+06  1.75786366e-02  3.98107171e+06 -5.72980833e+00 
 4.29866235e+06  1.21814999e-03  4.29866235e+06 -5.30643506e+00 
 4.64158883e+06 -1.28126867e-02  4.64158883e+06 -4.91425058e+00 
 5.01187234e+06 -2.48445036e-02  5.01187234e+06 -4.55096126e+00 
 5.41169527e+06 -3.51609041e-02  5.41169527e+06 -4.21444014e+00 
 5.84341413e+06 -4.40051157e-02  5.84341413e+06 -3.90271509e+00 
 6.30957344e+06 -5.15856998e-02  6.30957344e+06 -3.61395784e+00 
 6.81292069e+06 -5.80814523e-02  6.81292069e+06 -3.34647367e+00 
 7.35642254e+06 -6.36456072e-02  7.35642254e+06 -3.09869176e+00 
 7.94328235e+06 -6.84094422e-02  7.94328235e+06 -2.86915631e+00 
 8.57695899e+06 -7.24853690e-02  8.57695899e+06 -2.65651812e+00 
 9.26118728e+06 -7.59695814e-02  9.26118728e+06 -2.45952692e+00 
 1.00000000e+07 -7.89443228e-02  1.00000000e+07 -2.27702409e+00 
 1.07977516e+07 -8.14798259e-02  1.07977516e+07 -2.10793599e+00 
 1.16591440e+07 -8.36359706e-02  1.16591440e+07 -1.95126773e+00 
 1.25892541e+07 -8.54636996e-02  1.25892541e+07 -1.80609741e+00 
 1.35935639e+07 -8.70062239e-02  1.35935639e+07 -1.67157076e+00 
 1.46779927e+07 -8.83000488e-02  1.46779927e+07 -1.54689616e+00 
 1.58489319e+07 -8.93758433e-02  1.58489319e+07 -1.43134004e+00 
 1.71132830e+07 -9.02591753e-02  1.71132830e+07 -1.32422267e+00 
 1.84784980e+07 -9.09711304e-02  1.84784980e+07 -1.22491414e+00 
 1.99526231e+07 -9.15288308e-02  1.99526231e+07 -1.13283078e+00 
 2.15443469e+07 -9.19458666e-02  2.15443469e+07 -1.04743178e+00 
 2.32630507e+07 -9.22326541e-02  2.32630507e+07 -9.68216095e-01 
 2.51188643e+07 -9.23967313e-02  2.51188643e+07 -8.94719577e-01 
 2.71227258e+07 -9.24430012e-02  2.71227258e+07 -8.26512390e-01 
 2.92864456e+07 -9.23739336e-02  2.92864456e+07 -7.63196605e-01 
 3.16227766e+07 -9.21897368e-02  3.16227766e+07 -7.04404017e-01 
 3.41454887e+07 -9.18885099e-02  3.41454887e+07 -6.49794179e-01 
 3.68694506e+07 -9.14663881e-02  3.68694506e+07 -5.99052603e-01 
 3.98107171e+07 -9.09176960e-02  3.98107171e+07 -5.51889169e-01 
 4.29866235e+07 -9.02351238e-02  4.29866235e+07 -5.08036682e-01 
 4.64158883e+07 -8.94099441e-02  4.64158883e+07 -4.67249601e-01 
 5.01187234e+07 -8.84322881e-02  5.01187234e+07 -4.29302897e-01 
 5.41169527e+07 -8.72915002e-02  5.41169527e+07 -3.93991032e-01 
 5.84341413e+07 -8.59765888e-02  5.84341413e+07 -3.61127026e-01 
 6.30957344e+07 -8.44767872e-02  6.30957344e+07 -3.30541568e-01 
 6.81292069e+07 -8.27822322e-02  6.81292069e+07 -3.02082141e-01 
 7.35642254e+07 -8.08847540e-02  7.35642254e+07 -2.75612087e-01 
 7.94328235e+07 -7.87787582e-02  7.94328235e+07 -2.51009584e-01 
 8.57695899e+07 -7.64621585e-02  8.57695899e+07 -2.28166449e-01 
 9.26118728e+07 -7.39372958e-02  9.26118728e+07 -2.06986749e-01 
 1.00000000e+08 -7.12117605e-02  1.00000000e+08 -1.87385175e-01 
 1.07977516e+08 -6.82990165e-02  1.07977516e+08 -1.69285194e-01 
 1.16591440e+08 -6.52187237e-02  1.16591440e+08 -1.52617012e-01 
 1.25892541e+08 -6.19966659e-02  1.25892541e+08 -1.37315446e-01 
 1.35935639e+08 -5.86642256e-02  1.35935639e+08 -1.23317822e-01 
 1.46779927e+08 -5.52573924e-02  1.46779927e+08 -1.10562045e-01 
 1.58489319e+08 -5.18153557e-02  1.58489319e+08 -9.89850077e-02 
 1.71132830e+08 -4.83787896e-02  1.71132830e+08 -8.85214706e-02 
 1.84784980e+08 -4.49879895e-02  1.84784980e+08 -7.91034819e-02 
 1.99526231e+08 -4.16810399e-02  1.99526231e+08 -7.06603783e-02 
 2.15443469e+08 -3.84921906e-02  2.15443469e+08 -6.31193046e-02 
 2.32630507e+08 -3.54505831e-02  2.32630507e+08 -5.64061472e-02 
 2.51188643e+08 -3.25794171e-02  2.51188643e+08 -5.04467314e-02 
 2.71227258e+08 -2.98955812e-02  2.71227258e+08 -4.51681219e-02 
 2.92864456e+08 -2.74097196e-02  2.92864456e+08 -4.04998782e-02 
 3.16227766e+08 -2.51266592e-02  3.16227766e+08 -3.63751457e-02 
 3.41454887e+08 -2.30460984e-02  3.41454887e+08 -3.27315102e-02 
 3.68694506e+08 -2.11634533e-02  3.68694506e+08 -2.95115796e-02 
 3.98107171e+08 -1.94707640e-02  3.98107171e+08 -2.66632957e-02 
 4.29866235e+08 -1.79575847e-02  4.29866235e+08 -2.41400054e-02 
 4.64158883e+08 -1.66117985e-02  4.64158883e+08 -2.19003345e-02 
 5.01187234e+08 -1.54203263e-02  5.01187234e+08 -1.99079139e-02 
 5.41169527e+08 -1.43697107e-02  5.41169527e+08 -1.81310058e-02 
 5.84341413e+08 -1.34465758e-02  5.84341413e+08 -1.65420742e-02 
 6.30957344e+08 -1.26379705e-02  6.30957344e+08 -1.51173326e-02 
 6.81292069e+08 -1.19316095e-02  6.81292069e+08 -1.38362957e-02 
 7.35642254e+08 -1.13160285e-02  7.35642254e+08 -1.26813531e-02 
 7.94328235e+08 -1.07806707e-02  7.94328235e+08 -1.16373765e-02 
 8.57695899e+08 -1.03159213e-02  8.57695899e+08 -1.06913652e-02 
 9.26118728e+08 -9.91310155e-03  9.26118728e+08 -9.83213391e-03 
 1.00000000e+09 -9.56443720e-03  1.00000000e+09 -9.05004002e-03 
 1.07977516e+09 -9.26300756e-03  1.07977516e+09 -8.33674944e-03 
 1.16591440e+09 -9.00268456e-03  1.16591440e+09 -7.68503653e-03 
 1.25892541e+09 -8.77806620e-03  1.25892541e+09 -7.08861474e-03 
 1.35935639e+09 -8.58440861e-03  1.35935639e+09 -6.54199385e-03 
 1.46779927e+09 -8.41755928e-03  1.46779927e+09 -6.04035999e-03 
 1.58489319e+09 -8.27389344e-03  1.58489319e+09 -5.57947521e-03 
 1.71132830e+09 -8.15025450e-03  1.71132830e+09 -5.15559329e-03 
 1.84784980e+09 -8.04389917e-03  1.84784980e+09 -4.76538942e-03 
 1.99526231e+09 -7.95244760e-03  1.99526231e+09 -4.40590116e-03 
 2.15443469e+09 -7.87383835e-03  2.15443469e+09 -4.07447914e-03 
 2.32630507e+09 -7.80628819e-03  2.32630507e+09 -3.76874548e-03 
 2.51188643e+09 -7.74825633e-03  2.51188643e+09 -3.48655887e-03 
 2.71227258e+09 -7.69841275e-03  2.71227258e+09 -3.22598510e-03 
 2.92864456e+09 -7.65561039e-03  2.92864456e+09 -2.98527203e-03 
 3.16227766e+09 -7.61886074e-03  3.16227766e+09 -2.76282834e-03 
 3.41454887e+09 -7.58731247e-03  3.41454887e+09 -2.55720538e-03 
 3.68694506e+09 -7.56023277e-03  3.68694506e+09 -2.36708160e-03 
 3.98107171e+09 -7.53699122e-03  3.98107171e+09 -2.19124907e-03 
 4.29866235e+09 -7.51704567e-03  4.29866235e+09 -2.02860191e-03 
 4.64158883e+09 -7.49993007e-03  4.64158883e+09 -1.87812615e-03 
 5.01187234e+09 -7.48524391e-03  5.01187234e+09 -1.73889085e-03 
 5.41169527e+09 -7.47264310e-03  5.41169527e+09 -1.61004032e-03 
 5.84341413e+09 -7.46183208e-03  5.84341413e+09 -1.49078724e-03 
 6.30957344e+09 -7.45255704e-03  6.30957344e+09 -1.38040660e-03 
 6.81292069e+09 -7.44460005e-03  6.81292069e+09 -1.27823019e-03 
 7.35642254e+09 -7.43777403e-03  7.35642254e+09 -1.18364178e-03 
 7.94328235e+09 -7.43191840e-03  7.94328235e+09 -1.09607273e-03 
 8.57695899e+09 -7.42689532e-03  8.57695899e+09 -1.01499808e-03 
 9.26118728e+09 -7.42258651e-03  9.26118728e+09 -9.39932930e-04 
 1.00000000e+10 -7.41889047e-03  1.00000000e+10 -8.70429270e-04 
