 1.00000000e+00  9.61358921e+04  1.00000000e+00 -1.90013829e+03 
 1.07977516e+00  9.61296638e+04  1.07977516e+00 -2.05158920e+03 
 1.16591440e+00  9.61224032e+04  1.16591440e+00 -2.21508775e+03 
 1.25892541e+00  9.61139394e+04  1.25892541e+00 -2.39158613e+03 
 1.35935639e+00  9.61040731e+04  1.35935639e+00 -2.58211022e+03 
 1.46779927e+00  9.60925724e+04  1.46779927e+00 -2.78776484e+03 
 1.58489319e+00  9.60791671e+04  1.58489319e+00 -3.00973930e+03 
 1.71132830e+00  9.60635424e+04  1.71132830e+00 -3.24931325e+03 
 1.84784980e+00  9.60453317e+04  1.84784980e+00 -3.50786264e+03 
 1.99526231e+00  9.60241084e+04  1.99526231e+00 -3.78686598e+03 
 2.15443469e+00  9.59993756e+04  2.15443469e+00 -4.08791065e+03 
 2.32630507e+00  9.59705554e+04  2.32630507e+00 -4.41269925e+03 
 2.51188643e+00  9.59369753e+04  2.51188643e+00 -4.76305589e+03 
 2.71227258e+00  9.58978534e+04  2.71227258e+00 -5.14093220e+03 
 2.92864456e+00  9.58522810e+04  2.92864456e+00 -5.54841297e+03 
 3.16227766e+00  9.57992021e+04  3.16227766e+00 -5.98772096e+03 
 3.41454887e+00  9.57373907e+04  3.41454887e+00 -6.46122082e+03 
 3.68694506e+00  9.56654247e+04  3.68694506e+00 -6.97142143e+03 
 3.98107171e+00  9.55816549e+04  3.98107171e+00 -7.52097622e+03 
 4.29866235e+00  9.54841716e+04  4.29866235e+00 -8.11268086e+03 
 4.64158883e+00  9.53707651e+04  4.64158883e+00 -8.74946729e+03 
 5.01187234e+00  9.52388826e+04  5.01187234e+00 -9.43439325e+03 
 5.41169527e+00  9.50855786e+04  5.41169527e+00 -1.01706258e+04 
 5.84341413e+00  9.49074613e+04  5.84341413e+00 -1.09614175e+04 
 6.30957344e+00  9.47006325e+04  6.30957344e+00 -1.18100731e+04 
 6.81292069e+00  9.44606231e+04  6.81292069e+00 -1.27199046e+04 
 7.35642254e+00  9.41823242e+04  7.35642254e+00 -1.36941726e+04 
 7.94328235e+00  9.38599150e+04  7.94328235e+00 -1.47360096e+04 
 8.57695899e+00  9.34867895e+04  8.57695899e+00 -1.58483238e+04 
 9.26118728e+00  9.30554854e+04  9.26118728e+00 -1.70336775e+04 
 1.00000000e+01  9.25576198e+04  1.00000000e+01 -1.82941389e+04 
 1.07977516e+01  9.19838358e+04  1.07977516e+01 -1.96311015e+04 
 1.16591440e+01  9.13237707e+04  1.16591440e+01 -2.10450688e+04 
 1.25892541e+01  9.05660530e+04  1.25892541e+01 -2.25354027e+04 
 1.35935639e+01  8.96983427e+04  1.35935639e+01 -2.41000350e+04 
 1.46779927e+01  8.87074285e+04  1.46779927e+01 -2.57351452e+04 
 1.58489319e+01  8.75793992e+04  1.58489319e+01 -2.74348115e+04 
 1.71132830e+01  8.62999075e+04  1.71132830e+01 -2.91906486e+04 
 1.84784980e+01  8.48545429e+04  1.84784980e+01 -3.09914516e+04 
 1.99526231e+01  8.32293298e+04  1.99526231e+01 -3.28228762e+04 
 2.15443469e+01  8.14113583e+04  2.15443469e+01 -3.46671923e+04 
 2.32630507e+01  7.93895458e+04  2.32630507e+01 -3.65031577e+04 
 2.51188643e+01  7.71555121e+04  2.51188643e+01 -3.83060650e+04 
 2.71227258e+01  7.47045290e+04  2.71227258e+01 -4.00480159e+04 
 2.92864456e+01  7.20364857e+04  2.92864456e+01 -4.16984685e+04 
 3.16227766e+01  6.91567822e+04  3.16227766e+01 -4.32250903e+04 
 3.41454887e+01  6.60770495e+04  3.41454887e+01 -4.45949164e+04 
 3.68694506e+01  6.28155836e+04  3.68694506e+01 -4.57757776e+04 
 3.98107171e+01  5.93973885e+04  3.98107171e+01 -4.67379168e+04 
 4.29866235e+01  5.58537519e+04  4.29866235e+01 -4.74556663e+04 
 4.64158883e+01  5.22213222e+04  4.64158883e+01 -4.79090298e+04 
 5.01187234e+01  4.85407212e+04  5.01187234e+01 -4.80849979e+04 
 5.41169527e+01  4.48547877e+04  5.41169527e+01 -4.79784413e+04 
 5.84341413e+01  4.12066086e+04  5.84341413e+01 -4.75924713e+04 
 6.30957344e+01  3.76375256e+04  6.30957344e+01 -4.69382208e+04 
 6.81292069e+01  3.41853110e+04  6.81292069e+01 -4.60340736e+04 
 7.35642254e+01  3.08826769e+04  7.35642254e+01 -4.49044404e+04 
 7.94328235e+01  2.77562333e+04  7.94328235e+01 -4.35782260e+04 
 8.57695899e+01  2.48259411e+04  8.57695899e+01 -4.20871605e+04 
 9.26118728e+01  2.21050456e+04  9.26118728e+01 -4.04641542e+04 
 1.00000000e+02  1.96004237e+04  1.00000000e+02 -3.87418145e+04 
 1.07977516e+02  1.73132431e+04  1.07977516e+02 -3.69512151e+04 
 1.16591440e+02  1.52398247e+04  1.16591440e+02 -3.51209677e+04 
 1.25892541e+02  1.33725974e+04  1.25892541e+02 -3.32766007e+04 
 1.35935639e+02  1.17010592e+04  1.35935639e+02 -3.14402217e+04 
 1.46779927e+02  1.02126746e+04  1.46779927e+02 -2.96304198e+04 
 1.58489319e+02  8.89366674e+03  1.58489319e+02 -2.78623540e+04 
 1.71132830e+02  7.72968110e+03  1.71132830e+02 -2.61479746e+04 
 1.84784980e+02  6.70631548e+03  1.84784980e+02 -2.44963291e+04 
 1.99526231e+02  5.80952288e+03  1.99526231e+02 -2.29139121e+04 
 2.15443469e+02  5.02590053e+03  2.15443469e+02 -2.14050285e+04 
 2.32630507e+02  4.34288226e+03  2.32630507e+02 -1.99721468e+04 
 2.51188643e+02  3.74885247e+03  2.51188643e+02 -1.86162291e+04 
 2.71227258e+02  3.23319878e+03  2.71227258e+02 -1.73370282e+04 
 2.92864456e+02  2.78631876e+03  2.92864456e+02 -1.61333485e+04 
 3.16227766e+02  2.39959381e+03  3.16227766e+02 -1.50032699e+04 
 3.41454887e+02  2.06534063e+03  3.41454887e+02 -1.39443367e+04 
 3.68694506e+02  1.77674887e+03  3.68694506e+02 -1.29537138e+04 
 3.98107171e+02  1.52781109e+03  3.98107171e+02 -1.20283139e+04 
 4.29866235e+02  1.31324980e+03  4.29866235e+02 -1.11649003e+04 
 4.64158883e+02  1.12844494e+03  4.64158883e+02 -1.03601675e+04 
 5.01187234e+02  9.69363954e+02  5.01187234e+02 -9.61080428e+03 
 5.41169527e+02  8.32495991e+02  5.41169527e+02 -8.91354178e+03 
 5.84341413e+02  7.14791000e+02  5.84341413e+02 -8.26518933e+03 
 6.30957344e+02  6.13604131e+02  6.30957344e+02 -7.66266050e+03 
 6.81292069e+02  5.26645513e+02  6.81292069e+02 -7.10299117e+03 
 7.35642254e+02  4.51935281e+02  7.35642254e+02 -6.58335141e+03 
 7.94328235e+02  3.87763578e+02  7.94328235e+02 -6.10105243e+03 
 8.57695899e+02  3.32655185e+02  8.57695899e+02 -5.65354969e+03 
 9.26118728e+02  2.85338400e+02  9.26118728e+02 -5.23844319e+03 
 1.00000000e+03  2.44717751e+02  1.00000000e+03 -4.85347551e+03 
 1.07977516e+03  2.09850159e+02  1.07977516e+03 -4.49652833e+03 
 1.16591440e+03  1.79924168e+02  1.16591440e+03 -4.16561771e+03 
 1.25892541e+03  1.54241896e+02  1.25892541e+03 -3.85888869e+03 
 1.35935639e+03  1.32203365e+02  1.35935639e+03 -3.57460933e+03 
 1.46779927e+03  1.13292947e+02  1.46779927e+03 -3.31116446e+03 
 1.58489319e+03  9.70676251e+01  1.58489319e+03 -3.06704935e+03 
 1.71132830e+03  8.31468656e+01  1.71132830e+03 -2.84086338e+03 
 1.84784980e+03  7.12038732e+01  1.84784980e+03 -2.63130375e+03 
 1.99526231e+03  6.09580522e+01  1.99526231e+03 -2.43715946e+03 
 2.15443469e+03  5.21685129e+01  2.15443469e+03 -2.25730540e+03 
 2.32630507e+03  4.46284803e+01  2.32630507e+03 -2.09069676e+03 
 2.51188643e+03  3.81604827e+01  2.51188643e+03 -1.93636366e+03 
 2.71227258e+03  3.26122143e+01  2.71227258e+03 -1.79340610e+03 
 2.92864456e+03  2.78529770e+01  2.92864456e+03 -1.66098915e+03 
 3.16227766e+03  2.37706234e+01  3.16227766e+03 -1.53833843e+03 
 3.41454887e+03  2.02689292e+01  3.41454887e+03 -1.42473586e+03 
 3.68694506e+03  1.72653372e+01  3.68694506e+03 -1.31951572e+03 
 3.98107171e+03  1.46890192e+01  3.98107171e+03 -1.22206090e+03 
 4.29866235e+03  1.24792119e+01  4.29866235e+03 -1.13179943e+03 
 4.64158883e+03  1.05837883e+01  4.64158883e+03 -1.04820123e+03 
 5.01187234e+03  8.95803170e+00  5.01187234e+03 -9.70775127e+02 
 5.41169527e+03  7.56358319e+00  5.41169527e+03 -8.99065977e+02 
 5.84341413e+03  6.36753821e+00  5.84341413e+03 -8.32652103e+02 
 6.30957344e+03  5.34167166e+00  6.30957344e+03 -7.71142833e+02 
 6.81292069e+03  4.46177272e+00  6.81292069e+03 -7.14176246e+02 
 7.35642254e+03  3.70707421e+00  7.35642254e+03 -6.61417071e+02 
 7.94328235e+03  3.05976298e+00  7.94328235e+03 -6.12554734e+02 
 8.57695899e+03  2.50455990e+00  8.57695899e+03 -5.67301551e+02 
 9.26118728e+03  2.02835943e+00  9.26118728e+03 -5.25391046e+02 
 1.00000000e+04  1.61992054e+00  1.00000000e+04 -4.86576396e+02 
 1.07977516e+04  1.26960147e+00  1.07977516e+04 -4.50628984e+02 
 1.16591440e+04  9.69132290e-01  1.16591440e+04 -4.17337061e+02 
 1.25892541e+04  7.11419693e-01  1.25892541e+04 -3.86504505e+02 
 1.35935639e+04  4.90379654e-01  1.35935639e+04 -3.57949669e+02 
 1.46779927e+04  3.00793826e-01  1.46779927e+04 -3.31504314e+02 
 1.58489319e+04  1.38186378e-01  1.58489319e+04 -3.07012622e+02 
 1.71132830e+04 -1.28164380e-03  1.71132830e+04 -2.84330282e+02 
 1.84784980e+04 -1.20902933e-01  1.84784980e+04 -2.63323634e+02 
 1.99526231e+04 -2.23501644e-01  1.99526231e+04 -2.43868894e+02 
 2.15443469e+04 -3.11500063e-01  2.15443469e+04 -2.25851417e+02 
 2.32630507e+04 -3.86975783e-01  2.32630507e+04 -2.09165024e+02 
 2.51188643e+04 -4.51710754e-01  2.51188643e+04 -1.93711379e+02 
 2.71227258e+04 -5.07233347e-01  2.71227258e+04 -1.79399412e+02 
 2.92864456e+04 -5.54854436e-01  2.92864456e+04 -1.66144775e+02 
 3.16227766e+04 -5.95698349e-01  3.16227766e+04 -1.53869354e+02 
 3.41454887e+04 -6.30729407e-01  3.41454887e+04 -1.42500803e+02 
 3.68694506e+04 -6.60774690e-01  3.68694506e+04 -1.31972121e+02 
 3.98107171e+04 -6.86543569e-01  3.98107171e+04 -1.22221257e+02 
 4.29866235e+04 -7.08644448e-01  4.29866235e+04 -1.13190743e+02 
 4.64158883e+04 -7.27599130e-01  4.64158883e+04 -1.04827354e+02 
 5.01187234e+04 -7.43855139e-01  5.01187234e+04 -9.70818010e+01 
 5.41169527e+04 -7.57796280e-01  5.41169527e+04 -8.99084327e+01 
 5.84341413e+04 -7.69751707e-01  5.84341413e+04 -8.32649710e+01 
 6.30957344e+04 -7.80003688e-01  6.30957344e+04 -7.71122610e+01 
 6.81292069e+04 -7.88794277e-01  6.81292069e+04 -7.14140400e+01 
 7.35642254e+04 -7.96331019e-01  7.35642254e+04 -6.61367236e+01 
 7.94328235e+04 -8.02791861e-01  7.94328235e+04 -6.12492084e+01 
 8.57695899e+04 -8.08329343e-01  8.57695899e+04 -5.67226882e+01 
 9.26118728e+04 -8.13074208e-01  9.26118728e+04 -5.25304844e+01 
 1.00000000e+05 -8.17138483e-01  1.00000000e+05 -4.86478888e+01 
 1.07977516e+05 -8.20618127e-01  1.07977516e+05 -4.50520181e+01 
 1.16591440e+05 -8.23595296e-01  1.16591440e+05 -4.17216786e+01 
 1.25892541e+05 -8.26140284e-01  1.25892541e+05 -3.86372420e+01 
 1.35935639e+05 -8.28313178e-01  1.35935639e+05 -3.57805289e+01 
 1.46779927e+05 -8.30165283e-01  1.46779927e+05 -3.31347023e+01 
 1.58489319e+05 -8.31740329e-01  1.58489319e+05 -3.06841681e+01 
 1.71132830e+05 -8.33075507e-01  1.71132830e+05 -2.84144832e+01 
 1.84784980e+05 -8.34202345e-01  1.84784980e+05 -2.63122705e+01 
 1.99526231e+05 -8.35147453e-01  1.99526231e+05 -2.43651398e+01 
 2.15443469e+05 -8.35933152e-01  2.15443469e+05 -2.25616153e+01 
 2.32630507e+05 -8.36578001e-01  2.32630507e+05 -2.08910672e+01 
 2.51188643e+05 -8.37097240e-01  2.51188643e+05 -1.93436499e+01 
 2.71227258e+05 -8.37503146e-01  2.71227258e+05 -1.79102432e+01 
 2.92864456e+05 -8.37805325e-01  2.92864456e+05 -1.65823993e+01 
 3.16227766e+05 -8.38010945e-01  3.16227766e+05 -1.53522924e+01 
 3.41454887e+05 -8.38124905e-01  3.41454887e+05 -1.42126729e+01 
 3.68694506e+05 -8.38149955e-01  3.68694506e+05 -1.31568247e+01 
 3.98107171e+05 -8.38086770e-01  3.98107171e+05 -1.21785258e+01 
 4.29866235e+05 -8.37933967e-01  4.29866235e+05 -1.12720112e+01 
 4.64158883e+05 -8.37688089e-01  4.64158883e+05 -1.04319395e+01 
 5.01187234e+05 -8.37343536e-01  5.01187234e+05 -9.65336105e+00 
 5.41169527e+05 -8.36892448e-01  5.41169527e+05 -8.93168928e+00 
 5.84341413e+05 -8.36324550e-01  5.84341413e+05 -8.26267349e+00 
 6.30957344e+05 -8.35626944e-01  6.30957344e+05 -7.64237407e+00 
 6.81292069e+05 -8.34783845e-01  6.81292069e+05 -7.06713938e+00 
 7.35642254e+05 -8.33776283e-01  7.35642254e+05 -6.53358452e+00 
 7.94328235e+05 -8.32581727e-01  7.94328235e+05 -6.03857161e+00 
 8.57695899e+05 -8.31173681e-01  8.57695899e+05 -5.57919165e+00 
 9.26118728e+05 -8.29521204e-01  9.26118728e+05 -5.15274776e+00 
 1.00000000e+06 -8.27588386e-01  1.00000000e+06 -4.75673984e+00 
 1.07977516e+06 -8.25333782e-01  1.07977516e+06 -4.38885044e+00 
 1.16591440e+06 -8.22709796e-01  1.16591440e+06 -4.04693184e+00 
 1.25892541e+06 -8.19662044e-01  1.25892541e+06 -3.72899438e+00 
 1.35935639e+06 -8.16128721e-01  1.35935639e+06 -3.43319577e+00 
 1.46779927e+06 -8.12039987e-01  1.46779927e+06 -3.15783164e+00 
 1.58489319e+06 -8.07317433e-01  1.58489319e+06 -2.90132700e+00 
 1.71132830e+06 -8.01873676e-01  1.71132830e+06 -2.66222885e+00 
 1.84784980e+06 -7.95612174e-01  1.84784980e+06 -2.43919970e+00 
 1.99526231e+06 -7.88427340e-01  1.99526231e+06 -2.23101214e+00 
 2.15443469e+06 -7.80205096e-01  2.15443469e+06 -2.03654419e+00 
 2.32630507e+06 -7.70823994e-01  2.32630507e+06 -1.85477564e+00 
 2.51188643e+06 -7.60157071e-01  2.51188643e+06 -1.68478493e+00 
 2.71227258e+06 -7.48074594e-01  2.71227258e+06 -1.52574665e+00 
 2.92864456e+06 -7.34447849e-01  2.92864456e+06 -1.37692932e+00 
 3.16227766e+06 -7.19154091e-01  3.16227766e+06 -1.23769305e+00 
 3.41454887e+06 -7.02082706e-01  3.41454887e+06 -1.10748682e+00 
 3.68694506e+06 -6.83142498e-01  3.68694506e+06 -9.85844815e-01 
 3.98107171e+06 -6.62269900e-01  3.98107171e+06 -8.72381307e-01 
 4.29866235e+06 -6.39437678e-01  4.29866235e+06 -7.66783639e-01 
 4.64158883e+06 -6.14663486e-01  4.64158883e+06 -6.68802853e-01 
 5.01187234e+06 -5.88017454e-01  5.01187234e+06 -5.78241799e-01 
 5.41169527e+06 -5.59627815e-01  5.41169527e+06 -4.94940785e-01 
 5.84341413e+06 -5.29683577e-01  5.84341413e+06 -4.18761249e-01 
 6.30957344e+06 -4.98433369e-01  6.30957344e+06 -3.49568326e-01 
 6.81292069e+06 -4.66179899e-01  6.81292069e+06 -2.87213566e-01 
 7.35642254e+06 -4.33269975e-01  7.35642254e+06 -2.31519268e-01 
 7.94328235e+06 -4.00080597e-01  7.94328235e+06 -1.82265951e-01 
 8.57695899e+06 -3.67002220e-01  8.57695899e+06 -1.39184204e-01 
 9.26118728e+06 -3.34420723e-01  9.26118728e+06 -1.01951725e-01 
 1.00000000e+07 -3.02699847e-01  1.00000000e+07 -7.01956724e-02 
 1.07977516e+07 -2.72165767e-01  1.07977516e+07 -4.34998401e-02 
 1.16591440e+07 -2.43095141e-01  1.16591440e+07 -2.14155503e-02 
 1.25892541e+07 -2.15707419e-01  1.25892541e+07 -3.47483571e-03 
 1.35935639e+07 -1.90161644e-01  1.35935639e+07  1.07956379e-02 
 1.46779927e+07 -1.66557378e-01  1.46779927e+07  2.18613096e-02 
 1.58489319e+07 -1.44939023e-01  1.58489319e+07  3.01682094e-02 
 1.71132830e+07 -1.25302578e-01  1.71132830e+07  3.61338805e-02 
 1.84784980e+07 -1.07603801e-01  1.84784980e+07  4.01410182e-02 
 1.99526231e+07 -9.17668724e-02  1.99526231e+07  4.25337713e-02 
 2.15443469e+07 -7.76928179e-02  2.15443469e+07  4.36164045e-02 
 2.32630507e+07 -6.52671568e-02  2.32630507e+07  4.36538828e-02 
 2.51188643e+07 -5.43664692e-02  2.51188643e+07  4.28738835e-02 
 2.71227258e+07 -4.48637382e-02  2.71227258e+07  4.14697610e-02 
 2.92864456e+07 -3.66324679e-02  2.92864456e+07  3.96040427e-02 
 3.16227766e+07 -2.95496700e-02  3.16227766e+07  3.74121140e-02 
 3.41454887e+07 -2.34978711e-02  3.41454887e+07  3.50058340e-02 
 3.68694506e+07 -1.83663189e-02  3.68694506e+07  3.24769002e-02 
 3.98107171e+07 -1.40515737e-02  3.98107171e+07  2.98998521e-02 
 4.29866235e+07 -1.04576618e-02  4.29866235e+07  2.73346619e-02 
 4.64158883e+07 -7.49594989e-03  4.64158883e+07  2.48289068e-02 
 5.01187234e+07 -5.08487297e-03  5.01187234e+07  2.24195561e-02 
 5.41169527e+07 -3.14961607e-03  5.41169527e+07  2.01344312e-02 
 5.84341413e+07 -1.62181791e-03  5.84341413e+07  1.79934112e-02 
 6.30957344e+07 -4.39330086e-04  6.30957344e+07  1.60094613e-02 
 6.81292069e+07  4.53963948e-04  6.81292069e+07  1.41895532e-02 
 7.35642254e+07  1.10828908e-03  7.35642254e+07  1.25355310e-02 
 7.94328235e+07  1.56810997e-03  7.94328235e+07  1.10449560e-02 
 8.57695899e+07  1.87228925e-03  8.57695899e+07  9.71193921e-03 
 9.26118728e+07  2.05430199e-03  9.26118728e+07  8.52795607e-03 
 1.00000000e+08  2.14252419e-03  1.00000000e+08  7.48262003e-03 
 1.07977516e+08  2.16059860e-03  1.07977516e+08  6.56439143e-03 
 1.16591440e+08  2.12786777e-03  1.16591440e+08  5.76119702e-03 
 1.25892541e+08  2.05985497e-03  1.25892541e+08  5.06094369e-03 
 1.35935639e+08  1.96876813e-03  1.35935639e+08  4.45191905e-03 
 1.46779927e+08  1.86400216e-03  1.46779927e+08  3.92308084e-03 
 1.58489319e+08  1.75261767e-03  1.58489319e+08  3.46424491e-03 
 1.71132830e+08  1.63977984e-03  1.71132830e+08  3.06618675e-03 
 1.84784980e+08  1.52914671e-03  1.84784980e+08  2.72067407e-03 
 1.99526231e+08  1.42320220e-03  1.99526231e+08  2.42044815e-03 
 2.15443469e+08  1.32353391e-03  2.15443469e+08  2.15917016e-03 
 2.32630507e+08  1.23105890e-03  2.32630507e+08  1.93134633e-03 
 2.51188643e+08  1.14620314e-03  2.51188643e+08  1.73224269e-03 
 2.71227258e+08  1.06904148e-03  2.71227258e+08  1.55779745e-03 
 2.92864456e+08  9.99404679e-04  2.92864456e+08  1.40453626e-03 
 3.16227766e+08  9.36960225e-04  3.16227766e+08  1.26949358e-03 
 3.41454887e+08  8.81272485e-04  3.41454887e+08  1.15014173e-03 
 3.68694506e+08  8.31846920e-04  3.68694506e+08  1.04432812e-03 
 3.98107171e+08  7.88162188e-04  3.98107171e+08  9.50220441e-04 
 4.29866235e+08  7.49693088e-04  4.29866235e+08  8.66259171e-04 
 4.64158883e+08  7.15926592e-04  4.64158883e+08  7.91116691e-04 
 5.01187234e+08  6.86372696e-04  5.01187234e+08  7.23662175e-04 
 5.41169527e+08  6.60571364e-04  5.41169527e+08  6.62931549e-04 
 5.84341413e+08  6.38096554e-04  5.84341413e+08  6.08101830e-04 
 6.30957344e+08  6.18558083e-04  6.30957344e+08  5.58469267e-04 
 6.81292069e+08  6.01601910e-04  6.81292069e+08  5.13430765e-04 
 7.35642254e+08  5.86909296e-04  7.35642254e+08  4.72468150e-04 
 7.94328235e+08  5.74195193e-04  7.94328235e+08  4.35134875e-04 
 8.57695899e+08  5.63206135e-04  8.57695899e+08  4.01044821e-04 
 9.26118728e+08  5.53717849e-04  9.26118728e+08  3.69862884e-04 
 1.00000000e+09  5.45532736e-04  1.00000000e+09  3.41297096e-04 
 1.07977516e+09  5.38477335e-04  1.07977516e+09  3.15092021e-04 
 1.16591440e+09  5.32399857e-04  1.16591440e+09  2.91023244e-04 
 1.25892541e+09  5.27167848e-04  1.25892541e+09  2.68892769e-04 
 1.35935639e+09  5.22665994e-04  1.35935639e+09  2.48525179e-04 
 1.46779927e+09  5.18794114e-04  1.46779927e+09  2.29764421e-04 
 1.58489319e+09  5.15465326e-04  1.58489319e+09  2.12471132e-04 
 1.71132830e+09  5.12604400e-04  1.71132830e+09  1.96520384e-04 
 1.84784980e+09  5.10146280e-04  1.84784980e+09  1.81799804e-04 
 1.99526231e+09  5.08034773e-04  1.99526231e+09  1.68207981e-04 
 2.15443469e+09  5.06221388e-04  2.15443469e+09  1.55653128e-04 
 2.32630507e+09  5.04664318e-04  2.32630507e+09  1.44051939e-04 
 2.51188643e+09  5.03327544e-04  2.51188643e+09  1.33328626e-04 
 2.71227258e+09  5.02180054e-04  2.71227258e+09  1.23414084e-04 
 2.92864456e+09  5.01195161e-04  2.92864456e+09  1.14245178e-04 
 3.16227766e+09  5.00349908e-04  3.16227766e+09  1.05764130e-04 
 3.41454887e+09  4.99624560e-04  3.41454887e+09  9.79179797e-05 
 3.68694506e+09  4.99002154e-04  3.68694506e+09  9.06581159e-05 
 3.98107171e+09  4.98468114e-04  3.98107171e+09  8.39398690e-05 
 4.29866235e+09  4.98009919e-04  4.29866235e+09  7.77221466e-05 
 4.64158883e+09  4.97616816e-04  4.64158883e+09  7.19671129e-05 
 5.01187234e+09  4.97279571e-04  5.01187234e+09  6.66399032e-05 
 5.41169527e+09  4.96990257e-04  5.41169527e+09  6.17083681e-05 
 5.84341413e+09  4.96742069e-04  5.84341413e+09  5.71428448e-05 
 6.30957344e+09  4.96529167e-04  6.30957344e+09  5.29159499e-05 
 6.81292069e+09  4.96346538e-04  6.81292069e+09  4.90023936e-05 
 7.35642254e+09  4.96189880e-04  7.35642254e+09  4.53788102e-05 
 7.94328235e+09  4.96055502e-04  7.94328235e+09  4.20236047e-05 
 8.57695899e+09  4.95940237e-04  8.57695899e+09  3.89168126e-05 
 9.26118728e+09  4.95841368e-04  9.26118728e+09  3.60399726e-05 
 1.00000000e+10  4.95756563e-04  1.00000000e+10  3.33760096e-05 
