 1.00000000e+00  9.61358920e+04  1.00000000e+00 -1.90013828e+03 
 1.07977516e+00  9.61296637e+04  1.07977516e+00 -2.05158920e+03 
 1.16591440e+00  9.61224031e+04  1.16591440e+00 -2.21508774e+03 
 1.25892541e+00  9.61139392e+04  1.25892541e+00 -2.39158612e+03 
 1.35935639e+00  9.61040729e+04  1.35935639e+00 -2.58211021e+03 
 1.46779927e+00  9.60925722e+04  1.46779927e+00 -2.78776483e+03 
 1.58489319e+00  9.60791669e+04  1.58489319e+00 -3.00973929e+03 
 1.71132830e+00  9.60635421e+04  1.71132830e+00 -3.24931323e+03 
 1.84784980e+00  9.60453314e+04  1.84784980e+00 -3.50786262e+03 
 1.99526231e+00  9.60241080e+04  1.99526231e+00 -3.78686595e+03 
 2.15443469e+00  9.59993751e+04  2.15443469e+00 -4.08791061e+03 
 2.32630507e+00  9.59705548e+04  2.32630507e+00 -4.41269920e+03 
 2.51188643e+00  9.59369747e+04  2.51188643e+00 -4.76305583e+03 
 2.71227258e+00  9.58978527e+04  2.71227258e+00 -5.14093213e+03 
 2.92864456e+00  9.58522801e+04  2.92864456e+00 -5.54841287e+03 
 3.16227766e+00  9.57992011e+04  3.16227766e+00 -5.98772083e+03 
 3.41454887e+00  9.57373896e+04  3.41454887e+00 -6.46122067e+03 
 3.68694506e+00  9.56654234e+04  3.68694506e+00 -6.97142123e+03 
 3.98107171e+00  9.55816534e+04  3.98107171e+00 -7.52097598e+03 
 4.29866235e+00  9.54841698e+04  4.29866235e+00 -8.11268055e+03 
 4.64158883e+00  9.53707630e+04  4.64158883e+00 -8.74946690e+03 
 5.01187234e+00  9.52388802e+04  5.01187234e+00 -9.43439277e+03 
 5.41169527e+00  9.50855758e+04  5.41169527e+00 -1.01706252e+04 
 5.84341413e+00  9.49074580e+04  5.84341413e+00 -1.09614168e+04 
 6.30957344e+00  9.47006287e+04  6.30957344e+00 -1.18100721e+04 
 6.81292069e+00  9.44606187e+04  6.81292069e+00 -1.27199034e+04 
 7.35642254e+00  9.41823192e+04  7.35642254e+00 -1.36941711e+04 
 7.94328235e+00  9.38599092e+04  7.94328235e+00 -1.47360077e+04 
 8.57695899e+00  9.34867827e+04  8.57695899e+00 -1.58483214e+04 
 9.26118728e+00  9.30554777e+04  9.26118728e+00 -1.70336745e+04 
 1.00000000e+01  9.25576109e+04  1.00000000e+01 -1.82941353e+04 
 1.07977516e+01  9.19838257e+04  1.07977516e+01 -1.96310970e+04 
 1.16591440e+01  9.13237591e+04  1.16591440e+01 -2.10450632e+04 
 1.25892541e+01  9.05660399e+04  1.25892541e+01 -2.25353957e+04 
 1.35935639e+01  8.96983278e+04  1.35935639e+01 -2.41000264e+04 
 1.46779927e+01  8.87074117e+04  1.46779927e+01 -2.57351346e+04 
 1.58489319e+01  8.75793805e+04  1.58489319e+01 -2.74347985e+04 
 1.71132830e+01  8.62998867e+04  1.71132830e+01 -2.91906327e+04 
 1.84784980e+01  8.48545199e+04  1.84784980e+01 -3.09914322e+04 
 1.99526231e+01  8.32293046e+04  1.99526231e+01 -3.28228527e+04 
 2.15443469e+01  8.14113311e+04  2.15443469e+01 -3.46671640e+04 
 2.32630507e+01  7.93895168e+04  2.32630507e+01 -3.65031238e+04 
 2.51188643e+01  7.71554815e+04  2.51188643e+01 -3.83060247e+04 
 2.71227258e+01  7.47044974e+04  2.71227258e+01 -4.00479683e+04 
 2.92864456e+01  7.20364538e+04  2.92864456e+01 -4.16984129e+04 
 3.16227766e+01  6.91567508e+04  3.16227766e+01 -4.32250258e+04 
 3.41454887e+01  6.60770196e+04  3.41454887e+01 -4.45948422e+04 
 3.68694506e+01  6.28155564e+04  3.68694506e+01 -4.57756932e+04 
 3.98107171e+01  5.93973655e+04  3.98107171e+01 -4.67378218e+04 
 4.29866235e+01  5.58537345e+04  4.29866235e+01 -4.74555605e+04 
 4.64158883e+01  5.22213122e+04  4.64158883e+01 -4.79089134e+04 
 5.01187234e+01  4.85407200e+04  5.01187234e+01 -4.80848713e+04 
 5.41169527e+01  4.48547969e+04  5.41169527e+01 -4.79783052e+04 
 5.84341413e+01  4.12066295e+04  5.84341413e+01 -4.75923267e+04 
 6.30957344e+01  3.76375594e+04  6.30957344e+01 -4.69380689e+04 
 6.81292069e+01  3.41853586e+04  6.81292069e+01 -4.60339159e+04 
 7.35642254e+01  3.08827390e+04  7.35642254e+01 -4.49042783e+04 
 7.94328235e+01  2.77563102e+04  7.94328235e+01 -4.35780612e+04 
 8.57695899e+01  2.48260328e+04  8.57695899e+01 -4.20869945e+04 
 9.26118728e+01  2.21051520e+04  9.26118728e+01 -4.04639886e+04 
 1.00000000e+02  1.96005442e+04  1.00000000e+02 -3.87416505e+04 
 1.07977516e+02  1.73133773e+04  1.07977516e+02 -3.69510540e+04 
 1.16591440e+02  1.52399716e+04  1.16591440e+02 -3.51208106e+04 
 1.25892541e+02  1.33727563e+04  1.25892541e+02 -3.32764484e+04 
 1.35935639e+02  1.17012290e+04  1.35935639e+02 -3.14400749e+04 
 1.46779927e+02  1.02128545e+04  1.46779927e+02 -2.96302790e+04 
 1.58489319e+02  8.89385581e+03  1.58489319e+02 -2.78622196e+04 
 1.71132830e+02  7.72987839e+03  1.71132830e+02 -2.61478468e+04 
 1.84784980e+02  6.70652011e+03  1.84784980e+02 -2.44962080e+04 
 1.99526231e+02  5.80973405e+03  1.99526231e+02 -2.29137977e+04 
 2.15443469e+02  5.02611747e+03  2.15443469e+02 -2.14049207e+04 
 2.32630507e+02  4.34310430e+03  2.32630507e+02 -1.99720454e+04 
 2.51188643e+02  3.74907897e+03  2.51188643e+02 -1.86161340e+04 
 2.71227258e+02  3.23342919e+03  2.71227258e+02 -1.73369391e+04 
 2.92864456e+02  2.78655260e+03  2.92864456e+02 -1.61332652e+04 
 3.16227766e+02  2.39983061e+03  3.16227766e+02 -1.50031921e+04 
 3.41454887e+02  2.06558002e+03  3.41454887e+02 -1.39442642e+04 
 3.68694506e+02  1.77699050e+03  3.68694506e+02 -1.29536462e+04 
 3.98107171e+02  1.52805466e+03  3.98107171e+02 -1.20282510e+04 
 4.29866235e+02  1.31349505e+03  4.29866235e+02 -1.11648418e+04 
 4.64158883e+02  1.12869163e+03  4.64158883e+02 -1.03601131e+04 
 5.01187234e+02  9.69611898e+02  5.01187234e+02 -9.61075373e+03 
 5.41169527e+02  8.32745013e+02  5.41169527e+02 -8.91349483e+03 
 5.84341413e+02  7.15040950e+02  5.84341413e+02 -8.26514575e+03 
 6.30957344e+02  6.13854880e+02  6.30957344e+02 -7.66262005e+03 
 6.81292069e+02  5.26896950e+02  6.81292069e+02 -7.10295364e+03 
 7.35642254e+02  4.52187310e+02  7.35642254e+02 -6.58331661e+03 
 7.94328235e+02  3.88016116e+02  7.94328235e+02 -6.10102016e+03 
 8.57695899e+02  3.32908160e+02  8.57695899e+02 -5.65351978e+03 
 9.26118728e+02  2.85591751e+02  9.26118728e+02 -5.23841546e+03 
 1.00000000e+03  2.44971424e+02  1.00000000e+03 -4.85344982e+03 
 1.07977516e+03  2.10104109e+02  1.07977516e+03 -4.49650452e+03 
 1.16591440e+03  1.80178357e+02  1.16591440e+03 -4.16559565e+03 
 1.25892541e+03  1.54496288e+02  1.25892541e+03 -3.85886826e+03 
 1.35935639e+03  1.32457933e+02  1.35935639e+03 -3.57459041e+03 
 1.46779927e+03  1.13547665e+02  1.46779927e+03 -3.31114694e+03 
 1.58489319e+03  9.73224726e+01  1.58489319e+03 -3.06703313e+03 
 1.71132830e+03  8.34018241e+01  1.71132830e+03 -2.84084836e+03 
 1.84784980e+03  7.14589268e+01  1.84784980e+03 -2.63128985e+03 
 1.99526231e+03  6.12131874e+01  1.99526231e+03 -2.43714660e+03 
 2.15443469e+03  5.24237181e+01  2.15443469e+03 -2.25729350e+03 
 2.32630507e+03  4.48837455e+01  2.32630507e+03 -2.09068574e+03 
 2.51188643e+03  3.84157995e+01  2.51188643e+03 -1.93635347e+03 
 2.71227258e+03  3.28675754e+01  2.71227258e+03 -1.79339669e+03 
 2.92864456e+03  2.81083760e+01  2.92864456e+03 -1.66098045e+03 
 3.16227766e+03  2.40260549e+01  3.16227766e+03 -1.53833038e+03 
 3.41454887e+03  2.05243886e+01  3.41454887e+03 -1.42472843e+03 
 3.68694506e+03  1.75208205e+01  3.68694506e+03 -1.31950886e+03 
 3.98107171e+03  1.49445231e+01  3.98107171e+03 -1.22205457e+03 
 4.29866235e+03  1.27347333e+01  4.29866235e+03 -1.13179359e+03 
 4.64158883e+03  1.08393248e+01  4.64158883e+03 -1.04819586e+03 
 5.01187234e+03  9.21358119e+00  5.01187234e+03 -9.70770175e+02 
 5.41169527e+03  7.81914377e+00  5.41169527e+03 -8.99061423e+02 
 5.84341413e+03  6.62310830e+00  5.84341413e+03 -8.32647919e+02 
 6.30957344e+03  5.59724990e+00  6.30957344e+03 -7.71138996e+02 
 6.81292069e+03  4.71735793e+00  6.81292069e+03 -7.14172733e+02 
 7.35642254e+03  3.96266539e+00  7.35642254e+03 -6.61413861e+02 
 7.94328235e+03  3.31535927e+00  7.94328235e+03 -6.12551808e+02 
 8.57695899e+03  2.76016056e+00  8.57695899e+03 -5.67298892e+02 
 9.26118728e+03  2.28396381e+00  9.26118728e+03 -5.25388638e+02 
 1.00000000e+04  1.87552809e+00  1.00000000e+04 -4.86574225e+02 
 1.07977516e+04  1.52521173e+00  1.07977516e+04 -4.50627037e+02 
 1.16591440e+04  1.22474482e+00  1.16591440e+04 -4.17335327e+02 
 1.25892541e+04  9.67034148e-01  1.25892541e+04 -3.86502974e+02 
 1.35935639e+04  7.45995716e-01  1.35935639e+04 -3.57948331e+02 
 1.46779927e+04  5.56411219e-01  1.46779927e+04 -3.31503161e+02 
 1.58489319e+04  3.93804857e-01  1.58489319e+04 -3.07011648e+02 
 1.71132830e+04  2.54337703e-01  1.71132830e+04 -2.84329481e+02 
 1.84784980e+04  1.34717082e-01  1.84784980e+04 -2.63323002e+02 
 1.99526231e+04  3.21188543e-02  1.99526231e+04 -2.43868426e+02 
 2.15443469e+04 -5.58792519e-02  2.15443469e+04 -2.25851111e+02 
 2.32630507e+04 -1.31354824e-01  2.32630507e+04 -2.09164878e+02 
 2.51188643e+04 -1.96089807e-01  2.51188643e+04 -1.93711393e+02 
 2.71227258e+04 -2.51612573e-01  2.71227258e+04 -1.79399584e+02 
 2.92864456e+04 -2.99234002e-01  2.92864456e+04 -1.66145107e+02 
 3.16227766e+04 -3.40078428e-01  3.16227766e+04 -1.53869848e+02 
 3.41454887e+04 -3.75110183e-01  3.41454887e+04 -1.42501463e+02 
 3.68694506e+04 -4.05156366e-01  3.68694506e+04 -1.31972950e+02 
 3.98107171e+04 -4.30926367e-01  3.98107171e+04 -1.22222260e+02 
 4.29866235e+04 -4.53028618e-01  4.29866235e+04 -1.13191925e+02 
 4.64158883e+04 -4.71984955e-01  4.64158883e+04 -1.04828724e+02 
 5.01187234e+04 -4.88242939e-01  5.01187234e+04 -9.70833656e+01 
 5.41169527e+04 -5.02186423e-01  5.41169527e+04 -8.99102013e+01 
 5.84341413e+04 -5.14144615e-01  5.84341413e+04 -8.32669542e+01 
 6.30957344e+04 -5.24399851e-01  6.30957344e+04 -7.71144704e+01 
 6.81292069e+04 -5.33194259e-01  6.81292069e+04 -7.14164885e+01 
 7.35642254e+04 -5.40735475e-01  7.35642254e+04 -6.61394258e+01 
 7.94328235e+04 -5.47201552e-01  7.94328235e+04 -6.12521801e+01 
 8.57695899e+04 -5.52745153e-01  8.57695899e+04 -5.67259469e+01 
 9.26118728e+04 -5.57497166e-01  9.26118728e+04 -5.25340493e+01 
 1.00000000e+05 -5.61569786e-01  1.00000000e+05 -4.86517809e+01 
 1.07977516e+05 -5.65059170e-01  1.07977516e+05 -4.50562603e+01 
 1.16591440e+05 -5.68047702e-01  1.16591440e+05 -4.17262959e+01 
 1.25892541e+05 -5.70605943e-01  1.25892541e+05 -3.86422615e+01 
 1.35935639e+05 -5.72794296e-01  1.35935639e+05 -3.57859801e+01 
 1.46779927e+05 -5.74664427e-01  1.46779927e+05 -3.31406172e+01 
 1.58489319e+05 -5.76260494e-01  1.58489319e+05 -3.06905815e+01 
 1.71132830e+05 -5.77620179e-01  1.71132830e+05 -2.84214327e+01 
 1.84784980e+05 -5.78775589e-01  1.84784980e+05 -2.63197969e+01 
 1.99526231e+05 -5.79754006e-01  1.99526231e+05 -2.43732873e+01 
 2.15443469e+05 -5.80578533e-01  2.15443469e+05 -2.25704315e+01 
 2.32630507e+05 -5.81268644e-01  2.32630507e+05 -2.09006037e+01 
 2.51188643e+05 -5.81840639e-01  2.51188643e+05 -1.93539624e+01 
 2.71227258e+05 -5.82308032e-01  2.71227258e+05 -1.79213920e+01 
 2.92864456e+05 -5.82681871e-01  2.92864456e+05 -1.65944492e+01 
 3.16227766e+05 -5.82971000e-01  3.16227766e+05 -1.53653134e+01 
 3.41454887e+05 -5.83182268e-01  3.41454887e+05 -1.42267407e+01 
 3.68694506e+05 -5.83320695e-01  3.68694506e+05 -1.31720207e+01 
 3.98107171e+05 -5.83389594e-01  3.98107171e+05 -1.21949375e+01 
 4.29866235e+05 -5.83390648e-01  4.29866235e+05 -1.12897330e+01 
 4.64158883e+05 -5.83323962e-01  4.64158883e+05 -1.04510728e+01 
 5.01187234e+05 -5.83188070e-01  5.01187234e+05 -9.67401477e+00 
 5.41169527e+05 -5.82979909e-01  5.41169527e+05 -8.95398039e+00 
 5.84341413e+05 -5.82694762e-01  5.84341413e+05 -8.28672737e+00 
 6.30957344e+05 -5.82326167e-01  6.30957344e+05 -7.66832492e+00 
 6.81292069e+05 -5.81865783e-01  6.81292069e+05 -7.09513069e+00 
 7.35642254e+05 -5.81303235e-01  7.35642254e+05 -6.56376938e+00 
 7.94328235e+05 -5.80625907e-01  7.94328235e+05 -6.07111302e+00 
 8.57695899e+05 -5.79818712e-01  8.57695899e+05 -5.61426274e+00 
 9.26118728e+05 -5.78863810e-01  9.26118728e+05 -5.19053187e+00 
 1.00000000e+06 -5.77740304e-01  1.00000000e+06 -4.79743046e+00 
 1.07977516e+06 -5.76423890e-01  1.07977516e+06 -4.43265090e+00 
 1.16591440e+06 -5.74886480e-01  1.16591440e+06 -4.09405479e+00 
 1.25892541e+06 -5.73095801e-01  1.25892541e+06 -3.77966086e+00 
 1.35935639e+06 -5.71014981e-01  1.35935639e+06 -3.48763391e+00 
 1.46779927e+06 -5.68602135e-01  1.46779927e+06 -3.21627480e+00 
 1.58489319e+06 -5.65809982e-01  1.58489319e+06 -2.96401134e+00 
 1.71132830e+06 -5.62585512e-01  1.71132830e+06 -2.72939008e+00 
 1.84784980e+06 -5.58869763e-01  1.84784980e+06 -2.51106902e+00 
 1.99526231e+06 -5.54597747e-01  1.99526231e+06 -2.30781117e+00 
 2.15443469e+06 -5.49698601e-01  2.15443469e+06 -2.11847883e+00 
 2.32630507e+06 -5.44096048e-01  2.32630507e+06 -1.94202871e+00 
 2.51188643e+06 -5.37709262e-01  2.51188643e+06 -1.77750769e+00 
 2.71227258e+06 -5.30454233e-01  2.71227258e+06 -1.62404909e+00 
 2.92864456e+06 -5.22245758e-01  2.92864456e+06 -1.48086951e+00 
 3.16227766e+06 -5.13000130e-01  3.16227766e+06 -1.34726574e+00 
 3.41454887e+06 -5.02638609e-01  3.41454887e+06 -1.22261185e+00 
 3.68694506e+06 -4.91091665e-01  3.68694506e+06 -1.10635589e+00 
 3.98107171e+06 -4.78303944e-01  3.98107171e+06 -9.98016024e-01 
 4.29866235e+06 -4.64239749e-01  4.29866235e+06 -8.97175710e-01 
 4.64158883e+06 -4.48888748e-01  4.64158883e+06 -8.03477640e-01 
 5.01187234e+06 -4.32271425e-01  5.01187234e+06 -7.16616144e-01 
 5.41169527e+06 -4.14443710e-01  5.41169527e+06 -6.36328021e-01 
 5.84341413e+06 -3.95500135e-01  5.84341413e+06 -5.62381899e-01 
 6.30957344e+06 -3.75574864e-01  6.30957344e+06 -4.94566501e-01 
 6.81292069e+06 -3.54840081e-01  6.81292069e+06 -4.32678478e-01 
 7.35642254e+06 -3.33501465e-01  7.35642254e+06 -3.76510671e-01 
 7.94328235e+06 -3.11790811e-01  7.94328235e+06 -3.25841783e-01 
 8.57695899e+06 -2.89956265e-01  8.57695899e+06 -2.80428431e-01 
 9.26118728e+06 -2.68250979e-01  9.26118728e+06 -2.40000297e-01 
 1.00000000e+07 -2.46921253e-01  1.00000000e+07 -2.04258801e-01 
 1.07977516e+07 -2.26195336e-01  1.07977516e+07 -1.72879236e-01 
 1.16591440e+07 -2.06273905e-01  1.16591440e+07 -1.45515929e-01 
 1.25892541e+07 -1.87323028e-01  1.25892541e+07 -1.21809613e-01 
 1.35935639e+07 -1.69470000e-01  1.35935639e+07 -1.01396037e-01 
 1.46779927e+07 -1.52802104e-01  1.46779927e+07 -8.39148174e-02 
 1.58489319e+07 -1.37367959e-01  1.58489319e+07 -6.90176564e-02 
 1.71132830e+07 -1.23180950e-01  1.71132830e+07 -5.63752951e-02 
 1.84784980e+07 -1.10224076e-01  1.84784980e+07 -4.56828225e-02 
 1.99526231e+07 -9.84555778e-02  1.99526231e+07 -3.66632234e-02 
 2.15443469e+07 -8.78147904e-02  2.15443469e+07 -2.90692409e-02 
 2.32630507e+07 -7.82277741e-02  2.32630507e+07 -2.26837720e-02 
 2.51188643e+07 -6.96124331e-02  2.51188643e+07 -1.73190775e-02 
 2.71227258e+07 -6.18829482e-02  2.71227258e+07 -1.28151048e-02 
 2.92864456e+07 -5.49534533e-02  2.92864456e+07 -9.03719991e-03 
 3.16227766e+07 -4.87409566e-02  3.16227766e+07 -5.87343975e-03 
 3.41454887e+07 -4.31675495e-02  3.41454887e+07 -3.23176813e-03 
 3.68694506e+07 -3.81619637e-02  3.68694506e+07 -1.03707312e-03 
 3.98107171e+07 -3.36605404e-02  3.98107171e+07  7.71691202e-04 
 4.29866235e+07 -2.96076737e-02  4.29866235e+07  2.24425762e-03 
 4.64158883e+07 -2.59557817e-02  4.64158883e+07  3.42160309e-03 
 5.01187234e+07 -2.26648655e-02  5.01187234e+07  4.33824412e-03 
 5.41169527e+07 -1.97017226e-02  5.41169527e+07  5.02420629e-03 
 5.84341413e+07 -1.70388964e-02  5.84341413e+07  5.50661157e-03 
 6.30957344e+07 -1.46534651e-02  6.30957344e+07  5.81084374e-03 
 6.81292069e+07 -1.25257826e-02  6.81292069e+07  5.96128047e-03 
 7.35642254e+07 -1.06382910e-02  7.35642254e+07  5.98161627e-03 
 7.94328235e+07 -8.97450920e-03  7.94328235e+07  5.89483844e-03 
 8.57695899e+07 -7.51827467e-03  8.57695899e+07  5.72294980e-03 
 9.26118728e+07 -6.25327629e-03  9.26118728e+07  5.48654952e-03 
 1.00000000e+08 -5.16287348e-03  1.00000000e+08  5.20438361e-03 
 1.07977516e+08 -4.23015850e-03  1.07977516e+08  4.89295926e-03 
 1.16591440e+08 -3.43819382e-03  1.16591440e+08  4.56628798e-03 
 1.25892541e+08 -2.77034615e-03  1.25892541e+08  4.23578795e-03 
 1.35935639e+08 -2.21064340e-03  1.35935639e+08  3.91034392e-03 
 1.46779927e+08 -1.74409621e-03  1.46779927e+08  3.59649934e-03 
 1.58489319e+08 -1.35694622e-03  1.58489319e+08  3.29874145e-03 
 1.71132830e+08 -1.03682399e-03  1.71132830e+08  3.01983675e-03 
 1.84784980e+08 -7.72816685e-04  1.84784980e+08  2.76117847e-03 
 1.99526231e+08 -5.55457140e-04  1.99526231e+08  2.52311631e-03 
 2.15443469e+08 -3.76652411e-04  2.15443469e+08  2.30524884e-03 
 2.32630507e+08 -2.29571164e-04  2.32630507e+08  2.10666856e-03 
 2.51188643e+08 -1.08507919e-04  2.51188643e+08  1.92615731e-03 
 2.71227258e+08 -8.73879191e-06  2.71227258e+08  1.76233480e-03 
 2.92864456e+08  7.36204693e-05  2.92864456e+08  1.61376619e-03 
 3.16227766e+08  1.41747030e-04  3.16227766e+08  1.47903590e-03 
 3.41454887e+08  1.98230036e-04  3.41454887e+08  1.35679501e-03 
 3.68694506e+08  2.45174495e-04  3.68694506e+08  1.24578874e-03 
 3.98107171e+08  2.84289868e-04  3.98107171e+08  1.14486979e-03 
 4.29866235e+08  3.16964296e-04  4.29866235e+08  1.05300186e-03 
 4.64158883e+08  3.44325937e-04  4.64158883e+08  9.69256923e-04 
 5.01187234e+08  3.67293097e-04  5.01187234e+08  8.92808671e-04 
 5.41169527e+08  3.86614895e-04  5.41169527e+08  8.22923999e-04 
 5.84341413e+08  4.02904028e-04  5.84341413e+08  7.58953692e-04 
 6.30957344e+08  4.16663092e-04  6.30957344e+08  7.00323110e-04 
 6.81292069e+08  4.28305657e-04  6.81292069e+08  6.46523332e-04 
 7.35642254e+08  4.38173135e-04  7.35642254e+08  5.97103023e-04 
 7.94328235e+08  4.46548285e-04  7.94328235e+08  5.51661130e-04 
 8.57695899e+08  4.53666029e-04  8.57695899e+08  5.09840430e-04 
 9.26118728e+08  4.59722149e-04  9.26118728e+08  4.71321892e-04 
 1.00000000e+09  4.64880276e-04  1.00000000e+09  4.35819801e-04 
 1.07977516e+09  4.69277549e-04  1.07977516e+09  4.03077543e-04 
 1.16591440e+09  4.73029192e-04  1.16591440e+09  3.72863995e-04 
 1.25892541e+09  4.76232244e-04  1.25892541e+09  3.44970422e-04 
 1.35935639e+09  4.78968601e-04  1.35935639e+09  3.19207817e-04 
 1.46779927e+09  4.81307514e-04  1.46779927e+09  2.95404621e-04 
 1.58489319e+09  4.83307644e-04  1.58489319e+09  2.73404758e-04 
 1.71132830e+09  4.85018757e-04  1.71132830e+09  2.53065944e-04 
 1.84784980e+09  4.86483130e-04  1.84784980e+09  2.34258222e-04 
 1.99526231e+09  4.87736726e-04  1.99526231e+09  2.16862694e-04 
 2.15443469e+09  4.88810167e-04  2.15443469e+09  2.00770414e-04 
 2.32630507e+09  4.89729553e-04  2.32630507e+09  1.85881416e-04 
 2.51188643e+09  4.90517148e-04  2.51188643e+09  1.72103870e-04 
 2.71227258e+09  4.91191959e-04  2.71227258e+09  1.59353324e-04 
 2.92864456e+09  4.91770222e-04  2.92864456e+09  1.47552040e-04 
 3.16227766e+09  4.92265812e-04  3.16227766e+09  1.36628405e-04 
 3.41454887e+09  4.92690596e-04  3.41454887e+09  1.26516399e-04 
 3.68694506e+09  4.93054723e-04  3.68694506e+09  1.17155119e-04 
 3.98107171e+09  4.93366881e-04  3.98107171e+09  1.08488355e-04 
 4.29866235e+09  4.93634505e-04  4.29866235e+09  1.00464202e-04 
 4.64158883e+09  4.93863962e-04  4.64158883e+09  9.30347105e-05 
 5.01187234e+09  4.94060706e-04  5.01187234e+09  8.61555715e-05 
 5.41169527e+09  4.94229407e-04  5.41169527e+09  7.97858261e-05 
 5.84341413e+09  4.94374068e-04  5.84341413e+09  7.38876027e-05 
 6.30957344e+09  4.94498119e-04  6.30957344e+09  6.84258761e-05 
 6.81292069e+09  4.94604499e-04  6.81292069e+09  6.33682478e-05 
 7.35642254e+09  4.94695728e-04  7.35642254e+09  5.86847434e-05 
 7.94328235e+09  4.94773965e-04  7.94328235e+09  5.43476278e-05 
 8.57695899e+09  4.94841061e-04  8.57695899e+09  5.03312341e-05 
 9.26118728e+09  4.94898604e-04  9.26118728e+09  4.66118074e-05 
 1.00000000e+10  4.94947954e-04  1.00000000e+10  4.31673598e-05 
