 1.00000000e+00  1.05573422e+05  1.00000000e+00 -2.02547800e+03 
 1.07977516e+00  1.05566978e+05  1.07977516e+00 -2.18692733e+03 
 1.16591440e+00  1.05559465e+05  1.16591440e+00 -2.36122176e+03 
 1.25892541e+00  1.05550707e+05  1.25892541e+00 -2.54937708e+03 
 1.35935639e+00  1.05540497e+05  1.35935639e+00 -2.75248779e+03 
 1.46779927e+00  1.05528597e+05  1.46779927e+00 -2.97173283e+03 
 1.58489319e+00  1.05514725e+05  1.58489319e+00 -3.20838151e+03 
 1.71132830e+00  1.05498557e+05  1.71132830e+00 -3.46379981e+03 
 1.84784980e+00  1.05479712e+05  1.84784980e+00 -3.73945691e+03 
 1.99526231e+00  1.05457749e+05  1.99526231e+00 -4.03693195e+03 
 2.15443469e+00  1.05432153e+05  2.15443469e+00 -4.35792090e+03 
 2.32630507e+00  1.05402326e+05  2.32630507e+00 -4.70424355e+03 
 2.51188643e+00  1.05367573e+05  2.51188643e+00 -5.07785050e+03 
 2.71227258e+00  1.05327081e+05  2.71227258e+00 -5.48082986e+03 
 2.92864456e+00  1.05279912e+05  2.92864456e+00 -5.91541361e+03 
 3.16227766e+00  1.05224969e+05  3.16227766e+00 -6.38398334e+03 
 3.41454887e+00  1.05160983e+05  3.41454887e+00 -6.88907495e+03 
 3.68694506e+00  1.05086478e+05  3.68694506e+00 -7.43338193e+03 
 3.98107171e+00  1.04999746e+05  3.98107171e+00 -8.01975670e+03 
 4.29866235e+00  1.04898804e+05  4.29866235e+00 -8.65120926e+03 
 4.64158883e+00  1.04781359e+05  4.64158883e+00 -9.33090235e+03 
 5.01187234e+00  1.04644760e+05  5.01187234e+00 -1.00621420e+04 
 5.41169527e+00  1.04485946e+05  5.41169527e+00 -1.08483621e+04 
 5.84341413e+00  1.04301390e+05  5.84341413e+00 -1.16931017e+04 
 6.30957344e+00  1.04087036e+05  6.30957344e+00 -1.25999728e+04 
 6.81292069e+00  1.03838226e+05  6.81292069e+00 -1.35726162e+04 
 7.35642254e+00  1.03549633e+05  7.35642254e+00 -1.46146431e+04 
 7.94328235e+00  1.03215178e+05  7.94328235e+00 -1.57295593e+04 
 8.57695899e+00  1.02827949e+05  8.57695899e+00 -1.69206681e+04 
 9.26118728e+00  1.02380126e+05  9.26118728e+00 -1.81909482e+04 
 1.00000000e+01  1.01862902e+05  1.00000000e+01 -1.95429028e+04 
 1.07977516e+01  1.01266424e+05  1.07977516e+01 -2.09783753e+04 
 1.16591440e+01  1.00579742e+05  1.16591440e+01 -2.24983280e+04 
 1.25892541e+01  9.97907955e+04  1.25892541e+01 -2.41025819e+04 
 1.35935639e+01  9.88864374e+04  1.35935639e+01 -2.57895148e+04 
 1.46779927e+01  9.78525133e+04  1.46779927e+01 -2.75557216e+04 
 1.58489319e+01  9.66740164e+04  1.58489319e+01 -2.93956410e+04 
 1.71132830e+01  9.53353355e+04  1.71132830e+01 -3.13011609e+04 
 1.84784980e+01  9.38206155e+04  1.84784980e+01 -3.32612222e+04 
 1.99526231e+01  9.21142501e+04  1.99526231e+01 -3.52614474e+04 
 2.15443469e+01  9.02015169e+04  2.15443469e+01 -3.72838329e+04 
 2.32630507e+01  8.80693598e+04  2.32630507e+01 -3.93065528e+04 
 2.51188643e+01  8.57073046e+04  2.51188643e+01 -4.13039300e+04 
 2.71227258e+01  8.31084776e+04  2.71227258e+01 -4.32466329e+04 
 2.92864456e+01  8.02706676e+04  2.92864456e+01 -4.51021557e+04 
 3.16227766e+01  7.71973511e+04  3.16227766e+01 -4.68356222e+04 
 3.41454887e+01  7.38985706e+04  3.41454887e+01 -4.84109301e+04 
 3.68694506e+01  7.03915481e+04  3.68694506e+01 -4.97922126e+04 
 3.98107171e+01  6.67009109e+04  3.98107171e+01 -5.09455464e+04 
 4.29866235e+01  6.28584318e+04  4.29866235e+01 -5.18407874e+04 
 4.64158883e+01  5.89022277e+04  4.64158883e+01 -5.24533701e+04 
 5.01187234e+01  5.48754250e+04  5.01187234e+01 -5.27658881e+04 
 5.41169527e+01  5.08243708e+04  5.41169527e+01 -5.27692718e+04 
 5.84341413e+01  4.67965381e+04  5.84341413e+01 -5.24634226e+04 
 6.30957344e+01  4.28383216e+04  6.30957344e+01 -5.18572188e+04 
 6.81292069e+01  3.89929383e+04  6.81292069e+01 -5.09678963e+04 
 7.35642254e+01  3.52986305e+04  7.35642254e+01 -4.98198800e+04 
 7.94328235e+01  3.17873194e+04  7.94328235e+01 -4.84432116e+04 
 8.57695899e+01  2.84837927e+04  8.57695899e+01 -4.68717516e+04 
 9.26118728e+01  2.54054330e+04  9.26118728e+01 -4.51413435e+04 
 1.00000000e+02  2.25624340e+04  1.00000000e+02 -4.32881010e+04 
 1.07977516e+02  1.99584062e+04  1.07977516e+02 -4.13469404e+04 
 1.16591440e+02  1.75912520e+04  1.16591440e+02 -3.93504290e+04 
 1.25892541e+02  1.54541877e+04  1.25892541e+02 -3.73279737e+04 
 1.35935639e+02  1.35368066e+04  1.35935639e+02 -3.53053344e+04 
 1.46779927e+02  1.18260984e+04  1.46779927e+02 -3.33044211e+04 
 1.58489319e+02  1.03073684e+04  1.58489319e+02 -3.13433191e+04 
 1.71132830e+02  8.96502205e+03  1.71132830e+02 -2.94364819e+04 
 1.84784980e+02  7.78320407e+03  1.84784980e+02 -2.75950373e+04 
 1.99526231e+02  6.74629352e+03  1.99526231e+02 -2.58271571e+04 
 2.15443469e+02  5.83926747e+03  2.15443469e+02 -2.41384541e+04 
 2.32630507e+02  5.04795110e+03  2.32630507e+02 -2.25323762e+04 
 2.51188643e+02  4.35917392e+03  2.51188643e+02 -2.10105807e+04 
 2.71227258e+02  3.76085154e+03  2.71227258e+02 -1.95732747e+04 
 2.92864456e+02  3.24201080e+03  2.92864456e+02 -1.82195178e+04 
 3.16227766e+02  2.79277351e+03  3.16227766e+02 -1.69474833e+04 
 3.41454887e+02  2.40431153e+03  3.41454887e+02 -1.57546804e+04 
 3.68694506e+02  2.06878323e+03  3.68694506e+02 -1.46381388e+04 
 3.98107171e+02  1.77925911e+03  3.98107171e+02 -1.35945611e+04 
 4.29866235e+02  1.52964246e+03  4.29866235e+02 -1.26204446e+04 
 4.64158883e+02  1.31458917e+03  4.64158883e+02 -1.17121797e+04 
 5.01187234e+02  1.12942961e+03  5.01187234e+02 -1.08661254e+04 
 5.41169527e+02  9.70094463e+02  5.41169527e+02 -1.00786687e+04 
 5.84341413e+02  8.33045698e+02  5.84341413e+02 -9.34626849e+03 
 6.30957344e+02  7.15213223e+02  6.30957344e+02 -8.66548836e+03 
 6.81292069e+02  6.13937452e+02  6.81292069e+02 -8.03301927e+03 
 7.35642254e+02  5.26917714e+02  7.35642254e+02 -7.44569526e+03 
 7.94328235e+02  4.52166249e+02  7.94328235e+02 -6.90050293e+03 
 8.57695899e+02  3.87967448e+02  8.57695899e+02 -6.39458642e+03 
 9.26118728e+02  3.32841921e+02  9.26118728e+02 -5.92524876e+03 
 1.00000000e+03  2.85514946e+02  1.00000000e+03 -5.48995066e+03 
 1.07977516e+03  2.44888883e+02  1.07977516e+03 -5.08630722e+03 
 1.16591440e+03  2.10019099e+02  1.16591440e+03 -4.71208324e+03 
 1.25892541e+03  1.80093036e+02  1.25892541e+03 -4.36518755e+03 
 1.35935639e+03  1.54412034e+02  1.35935639e+03 -4.04366664e+03 
 1.46779927e+03  1.32375575e+02  1.46779927e+03 -3.74569793e+03 
 1.58489319e+03  1.13467656e+02  1.58489319e+03 -3.46958282e+03 
 1.71132830e+03  9.72450097e+01  1.71132830e+03 -3.21373972e+03 
 1.84784980e+03  8.33269377e+01  1.84784980e+03 -2.97669712e+03 
 1.99526231e+03  7.13865389e+01  1.99526231e+03 -2.75708685e+03 
 2.15443469e+03  6.11431549e+01  2.15443469e+03 -2.55363757e+03 
 2.32630507e+03  5.23558623e+01  2.32630507e+03 -2.36516845e+03 
 2.51188643e+03  4.48178718e+01  2.51188643e+03 -2.19058319e+03 
 2.71227258e+03  3.83517106e+01  2.71227258e+03 -2.02886436e+03 
 2.92864456e+03  3.28050795e+01  2.92864456e+03 -1.87906797e+03 
 3.16227766e+03  2.80472924e+01  3.16227766e+03 -1.74031843e+03 
 3.41454887e+03  2.39662163e+01  3.41454887e+03 -1.61180376e+03 
 3.68694506e+03  2.04656428e+01  3.68694506e+03 -1.49277110e+03 
 3.98107171e+03  1.74630303e+01  3.98107171e+03 -1.38252255e+03 
 4.29866235e+03  1.48875658e+01  4.29866235e+03 -1.28041122e+03 
 4.64158883e+03  1.26785004e+01  4.64158883e+03 -1.18583758e+03 
 5.01187234e+03  1.07837204e+01  5.01187234e+03 -1.09824605e+03 
 5.41169527e+03  9.15852127e+00  5.41169527e+03 -1.01712184e+03 
 5.84341413e+03  7.76455476e+00  5.84341413e+03 -9.41987967e+02 
 6.30957344e+03  6.56892610e+00  6.30957344e+03 -8.72402519e+02 
 6.81292069e+03  5.54341874e+00  6.81292069e+03 -8.07956097e+02 
 7.35642254e+03  4.66382943e+00  7.35642254e+03 -7.48269440e+02 
 7.94328235e+03  3.90939763e+00  7.94328235e+03 -6.92991222e+02 
 8.57695899e+03  3.26231600e+00  8.57695899e+03 -6.41796006e+02 
 9.26118728e+03  2.70731044e+00  9.26118728e+03 -5.94382343e+02 
 1.00000000e+04  2.23127982e+00  1.00000000e+04 -5.50471012e+02 
 1.07977516e+04  1.82298692e+00  1.07977516e+04 -5.09803389e+02 
 1.16591440e+04  1.47279329e+00  1.16591440e+04 -4.72139929e+02 
 1.25892541e+04  1.17243183e+00  1.25892541e+04 -4.37258763e+02 
 1.35935639e+04  9.14811723e-01  1.35935639e+04 -4.04954397e+02 
 1.46779927e+04  6.93851060e-01  1.46779927e+04 -3.75036506e+02 
 1.58489319e+04  5.04333326e-01  1.58489319e+04 -3.47328815e+02 
 1.71132830e+04  3.41784266e-01  1.71132830e+04 -3.21668065e+02 
 1.84784980e+04  2.02366282e-01  1.84784980e+04 -2.97903049e+02 
 1.99526231e+04  8.27878454e-02  1.99526231e+04 -2.75893729e+02 
 2.15443469e+04 -1.97742006e-02  2.15443469e+04 -2.55510407e+02 
 2.32630507e+04 -1.07741284e-01  2.32630507e+04 -2.36632965e+02 
 2.51188643e+04 -1.83190265e-01  2.51188643e+04 -2.19150155e+02 
 2.71227258e+04 -2.47902468e-01  2.71227258e+04 -2.02958948e+02 
 2.92864456e+04 -3.03405728e-01  2.92864456e+04 -1.87963923e+02 
 3.16227766e+04 -3.51010469e-01  3.16227766e+04 -1.74076708e+02 
 3.41454887e+04 -3.91840632e-01  3.41454887e+04 -1.61215460e+02 
 3.68694506e+04 -4.26860215e-01  3.68694506e+04 -1.49304381e+02 
 3.98107171e+04 -4.56896030e-01  3.98107171e+04 -1.38273271e+02 
 4.29866235e+04 -4.82657224e-01  4.29866235e+04 -1.28057118e+02 
 4.64158883e+04 -5.04752019e-01  4.64158883e+04 -1.18595710e+02 
 5.01187234e+04 -5.23702077e-01  5.01187234e+04 -1.09833285e+02 
 5.41169527e+04 -5.39954811e-01  5.41169527e+04 -1.01718200e+02 
 5.84341413e+04 -5.53893951e-01  5.84341413e+04 -9.42026261e+01 
 6.30957344e+04 -5.65848602e-01  6.30957344e+04 -8.72422689e+01 
 6.81292069e+04 -5.76101016e-01  6.81292069e+04 -8.07961052e+01 
 7.35642254e+04 -5.84893254e-01  7.35642254e+04 -7.48261427e+01 
 7.94328235e+04 -5.92432903e-01  7.94328235e+04 -6.92971955e+01 
 8.57695899e+04 -5.98897977e-01  8.57695899e+04 -6.41766770e+01 
 9.26118728e+04 -6.04441117e-01  9.26118728e+04 -5.94344077e+01 
 1.00000000e+05 -6.09193197e-01  1.00000000e+05 -5.50424374e+01 
 1.07977516e+05 -6.13266417e-01  1.07977516e+05 -5.09748806e+01 
 1.16591440e+05 -6.16756946e-01  1.16591440e+05 -4.72077635e+01 
 1.25892541e+05 -6.19747197e-01  1.25892541e+05 -4.37188835e+01 
 1.35935639e+05 -6.22307770e-01  1.35935639e+05 -4.04876774e+01 
 1.46779927e+05 -6.24499121e-01  1.46779927e+05 -3.74951011e+01 
 1.58489319e+05 -6.26372990e-01  1.58489319e+05 -3.47235167e+01 
 1.71132830e+05 -6.27973620e-01  1.71132830e+05 -3.21565888e+01 
 1.84784980e+05 -6.29338803e-01  1.84784980e+05 -2.97791883e+01 
 1.99526231e+05 -6.30500772e-01  1.99526231e+05 -2.75773031e+01 
 2.15443469e+05 -6.31486964e-01  2.15443469e+05 -2.55379557e+01 
 2.32630507e+05 -6.32320665e-01  2.32630507e+05 -2.36491264e+01 
 2.51188643e+05 -6.33021562e-01  2.51188643e+05 -2.18996827e+01 
 2.71227258e+05 -6.33606208e-01  2.71227258e+05 -2.02793137e+01 
 2.92864456e+05 -6.34088412e-01  2.92864456e+05 -1.87784693e+01 
 3.16227766e+05 -6.34479567e-01  3.16227766e+05 -1.73883038e+01 
 3.41454887e+05 -6.34788917e-01  3.41454887e+05 -1.61006239e+01 
 3.68694506e+05 -6.35023782e-01  3.68694506e+05 -1.49078404e+01 
 3.98107171e+05 -6.35189726e-01  3.98107171e+05 -1.38029234e+01 
 4.29866235e+05 -6.35290692e-01  4.29866235e+05 -1.27793610e+01 
 4.64158883e+05 -6.35329099e-01  4.64158883e+05 -1.18311209e+01 
 5.01187234e+05 -6.35305904e-01  5.01187234e+05 -1.09526148e+01 
 5.41169527e+05 -6.35220623e-01  5.41169527e+05 -1.01386656e+01 
 5.84341413e+05 -6.35071330e-01  5.84341413e+05 -9.38447693e+00 
 6.30957344e+05 -6.34854623e-01  6.30957344e+05 -8.68560468e+00 
 6.81292069e+05 -6.34565545e-01  6.81292069e+05 -8.03793118e+00 
 7.35642254e+05 -6.34197495e-01  7.35642254e+05 -7.43764087e+00 
 7.94328235e+05 -6.33742081e-01  7.94328235e+05 -6.88119787e+00 
 8.57695899e+05 -6.33188956e-01  8.57695899e+05 -6.36532529e+00 
 9.26118728e+05 -6.32525612e-01  9.26118728e+05 -5.88698606e+00 
 1.00000000e+06 -6.31737131e-01  1.00000000e+06 -5.44336519e+00 
 1.07977516e+06 -6.30805902e-01  1.07977516e+06 -5.03185338e+00 
 1.16591440e+06 -6.29711302e-01  1.16591440e+06 -4.65003193e+00 
 1.25892541e+06 -6.28429322e-01  1.25892541e+06 -4.29565879e+00 
 1.35935639e+06 -6.26932174e-01  1.35935639e+06 -3.96665576e+00 
 1.46779927e+06 -6.25187850e-01  1.46779927e+06 -3.66109670e+00 
 1.58489319e+06 -6.23159657e-01  1.58489319e+06 -3.37719683e+00 
 1.71132830e+06 -6.20805742e-01  1.71132830e+06 -3.11330285e+00 
 1.84784980e+06 -6.18078612e-01  1.84784980e+06 -2.86788416e+00 
 1.99526231e+06 -6.14924693e-01  1.99526231e+06 -2.63952478e+00 
 2.15443469e+06 -6.11283938e-01  2.15443469e+06 -2.42691627e+00 
 2.32630507e+06 -6.07089563e-01  2.32630507e+06 -2.22885143e+00 
 2.51188643e+06 -6.02267942e-01  2.51188643e+06 -2.04421883e+00 
 2.71227258e+06 -5.96738761e-01  2.71227258e+06 -1.87199807e+00 
 2.92864456e+06 -5.90415517e-01  2.92864456e+06 -1.71125579e+00 
 3.16227766e+06 -5.83206457e-01  3.16227766e+06 -1.56114238e+00 
 3.41454887e+06 -5.75016105e-01  3.41454887e+06 -1.42088913e+00 
 3.68694506e+06 -5.65747475e-01  3.68694506e+06 -1.28980586e+00 
 3.98107171e+06 -5.55305077e-01  3.98107171e+06 -1.16727876e+00 
 4.29866235e+06 -5.43598822e-01  4.29866235e+06 -1.05276807e+00 
 4.64158883e+06 -5.30548807e-01  4.64158883e+06 -9.45805529e-01 
 5.01187234e+06 -5.16090930e-01  5.01187234e+06 -8.45990976e-01 
 5.41169527e+06 -5.00183133e-01  5.41169527e+06 -7.52987864e-01 
 5.84341413e+06 -4.82811917e-01  5.84341413e+06 -6.66517297e-01 
 6.30957344e+06 -4.63998631e-01  6.30957344e+06 -5.86350289e-01 
 6.81292069e+06 -4.43804871e-01  6.81292069e+06 -5.12298152e-01 
 7.35642254e+06 -4.22336261e-01  7.35642254e+06 -4.44201129e-01 
 7.94328235e+06 -3.99743850e-01  7.94328235e+06 -3.81915688e-01 
 8.57695899e+06 -3.76222558e-01  8.57695899e+06 -3.25301199e-01 
 9.26118728e+06 -3.52006283e-01  9.26118728e+06 -2.74206967e-01 
 1.00000000e+07 -3.27359751e-01  1.00000000e+07 -2.28460752e-01 
 1.07977516e+07 -3.02567568e-01  1.07977516e+07 -1.87859870e-01 
 1.16591440e+07 -2.77921403e-01  1.16591440e+07 -1.52165750e-01 
 1.25892541e+07 -2.53706470e-01  1.25892541e+07 -1.21102441e-01 
 1.35935639e+07 -2.30188665e-01  1.35935639e+07 -9.43590616e-02 
 1.46779927e+07 -2.07603526e-01  1.46779927e+07 -7.15957108e-02 
 1.58489319e+07 -1.86147967e-01  1.58489319e+07 -5.24519517e-02 
 1.71132830e+07 -1.65975258e-01  1.71132830e+07 -3.65567581e-02 
 1.84784980e+07 -1.47193328e-01  1.84784980e+07 -2.35387853e-02 
 1.99526231e+07 -1.29866057e-01  1.99526231e+07 -1.30359581e-02 
 2.15443469e+07 -1.14016938e-01  2.15443469e+07 -4.70363018e-03 
 2.32630507e+07 -9.96343997e-02  2.32630507e+07  1.77912768e-03 
 2.51188643e+07 -8.66780232e-02  2.51188643e+07  6.70526078e-03 
 2.71227258e+07 -7.50850051e-02  2.71227258e+07  1.03373948e-02 
 2.92864456e+07 -6.47763557e-02  2.92864456e+07  1.29071799e-02 
 3.16227766e+07 -5.56624786e-02  3.16227766e+07  1.46159745e-02 
 3.41454887e+07 -4.76479350e-02  3.41454887e+07  1.56365069e-02 
 3.68694506e+07 -4.06353186e-02  3.68694506e+07  1.61151754e-02 
 3.98107171e+07 -3.45282624e-02  3.98107171e+07  1.61746952e-02 
 4.29866235e+07 -2.92336538e-02  4.29866235e+07  1.59168676e-02 
 4.64158883e+07 -2.46631720e-02  4.64158883e+07  1.54253023e-02 
 5.01187234e+07 -2.07342669e-02  5.01187234e+07  1.47679848e-02 
 5.41169527e+07 -1.73706992e-02  5.41169527e+07  1.39996227e-02 
 5.84341413e+07 -1.45027472e-02  5.84341413e+07  1.31637401e-02 
 6.30957344e+07 -1.20671717e-02  6.30957344e+07  1.22945117e-02 
 6.81292069e+07 -1.00070129e-02  6.81292069e+07  1.14183474e-02 
 7.35642254e+07 -8.27127890e-03  7.35642254e+07  1.05552449e-02 
 7.94328235e+07 -6.81457129e-03  7.94328235e+07  9.71993479e-03 
 8.57695899e+07 -5.59668157e-03  8.57695899e+07  8.92284667e-03 
 9.26118728e+07 -4.58218072e-03  9.26118728e+07  8.17092113e-03 
 1.00000000e+08 -3.74001703e-03  1.00000000e+08  7.46829538e-03 
 1.07977516e+08 -3.04312904e-03  1.07977516e+08  6.81688374e-03 
 1.16591440e+08 -2.46807618e-03  1.16591440e+08  6.21687145e-03 
 1.25892541e+08 -1.99468670e-03  1.25892541e+08  5.66713552e-03 
 1.35935639e+08 -1.60572136e-03  1.35935639e+08  5.16560224e-03 
 1.46779927e+08 -1.28655206e-03  1.46779927e+08  4.70954790e-03 
 1.58489319e+08 -1.02485530e-03  1.58489319e+08  4.29584736e-03 
 1.71132830e+08 -8.10321924e-04  1.71132830e+08  3.92117427e-03 
 1.84784980e+08 -6.34385320e-04  1.84784980e+08  3.58215719e-03 
 1.99526231e+08 -4.89970371e-04  1.99526231e+08  3.27549579e-03 
 2.15443469e+08 -3.71265449e-04  2.15443469e+08  2.99804272e-03 
 2.32630507e+08 -2.73518727e-04  2.32630507e+08  2.74685640e-03 
 2.51188643e+08 -1.92859300e-04  2.51188643e+08  2.51923065e-03 
 2.71227258e+08 -1.26142589e-04  2.71227258e+08  2.31270638e-03 
 2.92864456e+08 -7.08187011e-05  2.92864456e+08  2.12507024e-03 
 3.16227766e+08 -2.48218308e-05  3.16227766e+08  1.95434440e-03 
 3.41454887e+08  1.35215779e-05  3.41454887e+08  1.79877068e-03 
 3.68694506e+08  4.55683270e-05  3.68694506e+08  1.65679160e-03 
 3.98107171e+08  7.24200040e-05  3.98107171e+08  1.52703037e-03 
 4.29866235e+08  9.49728057e-05  4.29866235e+08  1.40827093e-03 
 4.64158883e+08  1.13957664e-04  4.64158883e+08  1.29943895e-03 
 5.01187234e+08  1.29972439e-04  5.01187234e+08  1.19958442e-03 
 5.41169527e+08  1.43507674e-04  5.41169527e+08  1.10786576e-03 
 5.84341413e+08  1.54967190e-04  5.84341413e+08  1.02353587e-03 
 6.30957344e+08  1.64684525e-04  6.30957344e+08  9.45929819e-04 
 6.81292069e+08  1.72936095e-04  6.81292069e+08  8.74454165e-04 
 7.35642254e+08  1.79951718e-04  7.35642254e+08  8.08577711e-04 
 7.94328235e+08  1.85923072e-04  7.94328235e+08  7.47823597e-04 
 8.57695899e+08  1.91010498e-04  8.57695899e+08  6.91762488e-04 
 9.26118728e+08  1.95348498e-04  9.26118728e+08  6.40006760e-04 
 1.00000000e+09  1.99050184e-04  1.00000000e+09  5.92205509e-04 
 1.07977516e+09  2.02210906e-04  1.07977516e+09  5.48040281e-04 
 1.16591440e+09  2.04911211e-04  1.16591440e+09  5.07221403e-04 
 1.25892541e+09  2.07219272e-04  1.25892541e+09  4.69484822e-04 
 1.35935639e+09  2.09192882e-04  1.35935639e+09  4.34589374e-04 
 1.46779927e+09  2.10881114e-04  1.46779927e+09  4.02314423e-04 
 1.58489319e+09  2.12325686e-04  1.58489319e+09  3.72457799e-04 
 1.71132830e+09  2.13562105e-04  1.71132830e+09  3.44833996e-04 
 1.84784980e+09  2.14620619e-04  1.84784980e+09  3.19272598e-04 
 1.99526231e+09  2.15527020e-04  1.99526231e+09  2.95616877e-04 
 2.15443469e+09  2.16303314e-04  2.15443469e+09  2.73722566e-04 
 2.32630507e+09  2.16968289e-04  2.32630507e+09  2.53456759e-04 
 2.51188643e+09  2.17537993e-04  2.51188643e+09  2.34696926e-04 
 2.71227258e+09  2.18026141e-04  2.71227258e+09  2.17330039e-04 
 2.92864456e+09  2.18444457e-04  2.92864456e+09  2.01251777e-04 
 3.16227766e+09  2.18802971e-04  3.16227766e+09  1.86365810e-04 
 3.41454887e+09  2.19110260e-04  3.41454887e+09  1.72583153e-04 
 3.68694506e+09  2.19373666e-04  3.68694506e+09  1.59821577e-04 
 3.98107171e+09  2.19599473e-04  3.98107171e+09  1.48005073e-04 
 4.29866235e+09  2.19793060e-04  4.29866235e+09  1.37063363e-04 
 4.64158883e+09  2.19959034e-04  4.64158883e+09  1.26931454e-04 
 5.01187234e+09  2.20101341e-04  5.01187234e+09  1.17549229e-04 
 5.41169527e+09  2.20223361e-04  5.41169527e+09  1.08861069e-04 
 5.84341413e+09  2.20327992e-04  5.84341413e+09  1.00815513e-04 
 6.30957344e+09  2.20417713e-04  6.30957344e+09  9.33649396e-05 
 6.81292069e+09  2.20494652e-04  6.81292069e+09  8.64652744e-05 
 7.35642254e+09  2.20560631e-04  7.35642254e+09  8.00757232e-05 
 7.94328235e+09  2.20617213e-04  7.94328235e+09  7.41585249e-05 
 8.57695899e+09  2.20665738e-04  8.57695899e+09  6.86787230e-05 
 9.26118728e+09  2.20707353e-04  9.26118728e+09  6.36039557e-05 
 1.00000000e+10  2.20743043e-04  1.00000000e+10  5.89042616e-05 
