 1.00000000e+00  5.22670414e+04  1.00000000e+00 -2.53391846e+02 
 1.07977516e+00  5.22668376e+04  1.07977516e+00 -2.73605155e+02 
 1.16591440e+00  5.22666000e+04  1.16591440e+00 -2.95430708e+02 
 1.25892541e+00  5.22663230e+04  1.25892541e+00 -3.18997049e+02 
 1.35935639e+00  5.22659999e+04  1.35935639e+00 -3.44442962e+02 
 1.46779927e+00  5.22656234e+04  1.46779927e+00 -3.71918276e+02 
 1.58489319e+00  5.22651843e+04  1.58489319e+00 -4.01584743e+02 
 1.71132830e+00  5.22646724e+04  1.71132830e+00 -4.33616984e+02 
 1.84784980e+00  5.22640756e+04  1.84784980e+00 -4.68203502e+02 
 1.99526231e+00  5.22633797e+04  1.99526231e+00 -5.05547782e+02 
 2.15443469e+00  5.22625685e+04  2.15443469e+00 -5.45869465e+02 
 2.32630507e+00  5.22616226e+04  2.32630507e+00 -5.89405624e+02 
 2.51188643e+00  5.22605199e+04  2.51188643e+00 -6.36412125e+02 
 2.71227258e+00  5.22592343e+04  2.71227258e+00 -6.87165101e+02 
 2.92864456e+00  5.22577355e+04  2.92864456e+00 -7.41962528e+02 
 3.16227766e+00  5.22559881e+04  3.16227766e+00 -8.01125920e+02 
 3.41454887e+00  5.22539510e+04  3.41454887e+00 -8.65002148e+02 
 3.68694506e+00  5.22515760e+04  3.68694506e+00 -9.33965385e+02 
 3.98107171e+00  5.22488073e+04  3.98107171e+00 -1.00841919e+03 
 4.29866235e+00  5.22455796e+04  4.29866235e+00 -1.08879873e+03 
 4.64158883e+00  5.22418168e+04  4.64158883e+00 -1.17557315e+03 
 5.01187234e+00  5.22374305e+04  5.01187234e+00 -1.26924811e+03 
 5.41169527e+00  5.22323173e+04  5.41169527e+00 -1.37036844e+03 
 5.84341413e+00  5.22263570e+04  5.84341413e+00 -1.47952096e+03 
 6.30957344e+00  5.22194096e+04  6.30957344e+00 -1.59733747e+03 
 6.81292069e+00  5.22113118e+04  6.81292069e+00 -1.72449787e+03 
 7.35642254e+00  5.22018736e+04  7.35642254e+00 -1.86173336e+03 
 7.94328235e+00  5.21908738e+04  7.94328235e+00 -2.00982986e+03 
 8.57695899e+00  5.21780548e+04  8.57695899e+00 -2.16963134e+03 
 9.26118728e+00  5.21631170e+04  9.26118728e+00 -2.34204335e+03 
 1.00000000e+01  5.21457115e+04  1.00000000e+01 -2.52803643e+03 
 1.07977516e+01  5.21254329e+04  1.07977516e+01 -2.72864942e+03 
 1.16591440e+01  5.21018096e+04  1.16591440e+01 -2.94499261e+03 
 1.25892541e+01  5.20742940e+04  1.25892541e+01 -3.17825053e+03 
 1.35935639e+01  5.20422498e+04  1.35935639e+01 -3.42968423e+03 
 1.46779927e+01  5.20049387e+04  1.46779927e+01 -3.70063285e+03 
 1.58489319e+01  5.19615047e+04  1.58489319e+01 -3.99251418e+03 
 1.71132830e+01  5.19109559e+04  1.71132830e+01 -4.30682388e+03 
 1.84784980e+01  5.18521443e+04  1.84784980e+01 -4.64513293e+03 
 1.99526231e+01  5.17837431e+04  1.99526231e+01 -5.00908274e+03 
 2.15443469e+01  5.17042206e+04  2.15443469e+01 -5.40037730e+03 
 2.32630507e+01  5.16118120e+04  2.32630507e+01 -5.82077158e+03 
 2.51188643e+01  5.15044878e+04  2.51188643e+01 -6.27205512e+03 
 2.71227258e+01  5.13799191e+04  2.71227258e+01 -6.75602979e+03 
 2.92864456e+01  5.12354413e+04  2.92864456e+01 -7.27448025e+03 
 3.16227766e+01  5.10680152e+04  3.16227766e+01 -7.82913563e+03 
 3.41454887e+01  5.08741869e+04  3.41454887e+01 -8.42162062e+03 
 3.68694506e+01  5.06500494e+04  3.68694506e+01 -9.05339401e+03 
 3.98107171e+01  5.03912051e+04  3.98107171e+01 -9.72567277e+03 
 4.29866235e+01  5.00927355e+04  4.29866235e+01 -1.04393395e+04 
 4.64158883e+01  4.97491790e+04  4.64158883e+01 -1.11948315e+04 
 5.01187234e+01  4.93545245e+04  5.01187234e+01 -1.19920103e+04 
 5.41169527e+01  4.89022246e+04  5.41169527e+01 -1.28300107e+04 
 5.84341413e+01  4.83852381e+04  5.84341413e+01 -1.37070715e+04 
 6.30957344e+01  4.77961097e+04  6.30957344e+01 -1.46203492e+04 
 6.81292069e+01  4.71270967e+04  6.81292069e+01 -1.55657229e+04 
 7.35642254e+01  4.63703523e+04  7.35642254e+01 -1.65375980e+04 
 7.94328235e+01  4.55181744e+04  7.94328235e+01 -1.75287244e+04 
 8.57695899e+01  4.45633262e+04  8.57695899e+01 -1.85300476e+04 
 9.26118728e+01  4.34994281e+04  9.26118728e+01 -1.95306170e+04 
 1.00000000e+02  4.23214165e+04  1.00000000e+02 -2.05175790e+04 
 1.07977516e+02  4.10260496e+04  1.07977516e+02 -2.14762848e+04 
 1.16591440e+02  3.96124344e+04  1.16591440e+02 -2.23905392e+04 
 1.25892541e+02  3.80825293e+04  1.25892541e+02 -2.32430121e+04 
 1.35935639e+02  3.64415720e+04  1.35935639e+02 -2.40158176e+04 
 1.46779927e+02  3.46983691e+04  1.46779927e+02 -2.46912478e+04 
 1.58489319e+02  3.28653918e+04  1.58489319e+02 -2.52526263e+04 
 1.71132830e+02  3.09586262e+04  1.71132830e+02 -2.56852178e+04 
 1.84784980e+02  2.89971562e+04  1.84784980e+02 -2.59771139e+04 
 1.99526231e+02  2.70024836e+04  1.99526231e+02 -2.61200026e+04 
 2.15443469e+02  2.49976277e+04  2.15443469e+02 -2.61097328e+04 
 2.32630507e+02  2.30060811e+04  2.32630507e+02 -2.59466048e+04 
 2.51188643e+02  2.10507186e+04  2.51188643e+02 -2.56353488e+04 
 2.71227258e+02  1.91527669e+04  2.71227258e+02 -2.51847949e+04 
 2.92864456e+02  1.73309300e+04  2.92864456e+02 -2.46072774e+04 
 3.16227766e+02  1.56007428e+04  3.16227766e+02 -2.39178434e+04 
 3.41454887e+02  1.39741898e+04  3.41454887e+02 -2.31333594e+04 
 3.68694506e+02  1.24595906e+04  3.68694506e+02 -2.22716042e+04 
 3.98107171e+02  1.10617243e+04  3.98107171e+02 -2.13504289e+04 
 4.29866235e+02  9.78214172e+03  4.29866235e+02 -2.03870420e+04 
 4.64158883e+02  8.61960570e+03  4.64158883e+02 -1.93974521e+04 
 5.01187234e+02  7.57060092e+03  5.01187234e+02 -1.83960792e+04 
 5.41169527e+02  6.62985930e+03  5.41169527e+02 -1.73955264e+04 
 5.84341413e+02  5.79086170e+03  5.84341413e+02 -1.64064882e+04 
 6.30957344e+02  5.04628790e+03  6.30957344e+02 -1.54377715e+04 
 6.81292069e+02  4.38839963e+03  6.81292069e+02 -1.44963955e+04 
 7.35642254e+02  3.80935106e+03  7.35642254e+02 -1.35877469e+04 
 7.94328235e+02  3.30142856e+03  7.94328235e+02 -1.27157648e+04 
 8.57695899e+02  2.85722597e+03  8.57695899e+02 -1.18831367e+04 
 9.26118728e+02  2.46976439e+03  9.26118728e+02 -1.10914937e+04 
 1.00000000e+03  2.13256634e+03  1.00000000e+03 -1.03415946e+04 
 1.07977516e+03  1.83969370e+03  1.07977516e+03 -9.63349261e+03 
 1.16591440e+03  1.58575837e+03  1.16591440e+03 -8.96668382e+03 
 1.25892541e+03  1.36591283e+03  1.25892541e+03 -8.34023500e+03 
 1.35935639e+03  1.17582709e+03  1.35935639e+03 -7.75289190e+03 
 1.46779927e+03  1.01165668e+03  1.46779927e+03 -7.20316950e+03 
 1.58489319e+03  8.70005568e+02  1.58489319e+03 -6.68942590e+03 
 1.71132830e+03  7.47886773e+02  1.71132830e+03 -6.20992198e+03 
 1.84784980e+03  6.42682739e+02  1.84784980e+03 -5.76286877e+03 
 1.99526231e+03  5.52106781e+02  1.99526231e+03 -5.34646451e+03 
 2.15443469e+03  4.74166568e+02  2.15443469e+03 -4.95892313e+03 
 2.32630507e+03  4.07130169e+02  2.32630507e+03 -4.59849565e+03 
 2.51188643e+03  3.49494926e+02  2.51188643e+03 -4.26348584e+03 
 2.71227258e+03  2.99959259e+02  2.71227258e+03 -3.95226133e+03 
 2.92864456e+03  2.57397356e+02  2.92864456e+03 -3.66326097e+03 
 3.16227766e+03  2.20836606e+02  3.16227766e+03 -3.39499939e+03 
 3.41454887e+03  1.89437627e+02  3.41454887e+03 -3.14606931e+03 
 3.68694506e+03  1.62476655e+02  3.68694506e+03 -2.91514207e+03 
 3.98107171e+03  1.39330090e+02  3.98107171e+03 -2.70096694e+03 
 4.29866235e+03  1.19460987e+02  4.29866235e+03 -2.50236947e+03 
 4.64158883e+03  1.02407269e+02  4.64158883e+03 -2.31824908e+03 
 5.01187234e+03  8.77714758e+01  5.01187234e+03 -2.14757622e+03 
 5.41169527e+03  7.52118720e+01  5.41169527e+03 -1.98938926e+03 
 5.84341413e+03  6.44347337e+01  5.84341413e+03 -1.84279106e+03 
 6.30957344e+03  5.51876801e+01  6.30957344e+03 -1.70694558e+03 
 6.81292069e+03  4.72539098e+01  6.81292069e+03 -1.58107445e+03 
 7.35642254e+03  4.04472266e+01  7.35642254e+03 -1.46445348e+03 
 7.94328235e+03  3.46077485e+01  7.94328235e+03 -1.35640940e+03 
 8.57695899e+03  2.95982117e+01  8.57695899e+03 -1.25631659e+03 
 9.26118728e+03  2.53007870e+01  9.26118728e+03 -1.16359399e+03 
 1.00000000e+04  2.16143401e+01  1.00000000e+04 -1.07770218e+03 
 1.07977516e+04  1.84520752e+01  1.07977516e+04 -9.98140534e+02 
 1.16591440e+04  1.57395086e+01  1.16591440e+04 -9.24444579e+02 
 1.25892541e+04  1.34127270e+01  1.25892541e+04 -8.56183503e+02 
 1.35935639e+04  1.14168909e+01  1.35935639e+04 -7.92957800e+02 
 1.46779927e+04  9.70494900e+00  1.46779927e+04 -7.34397060e+02 
 1.58489319e+04  8.23653411e+00  1.58489319e+04 -6.80157909e+02 
 1.71132830e+04  6.97701495e+00  1.71132830e+04 -6.29922081e+02 
 1.84784980e+04  5.89668218e+00  1.84784980e+04 -5.83394611e+02 
 1.99526231e+04  4.97004965e+00  1.99526231e+04 -5.40302163e+02 
 2.15443469e+04  4.17525457e+00  2.15443469e+04 -5.00391462e+02 
 2.32630507e+04  3.49354287e+00  2.32630507e+04 -4.63427843e+02 
 2.51188643e+04  2.90882742e+00  2.51188643e+04 -4.29193890e+02 
 2.71227258e+04  2.40730899e+00  2.71227258e+04 -3.97488189e+02 
 2.92864456e+04  1.97715109e+00  2.92864456e+04 -3.68124151e+02 
 3.16227766e+04  1.60820084e+00  3.16227766e+04 -3.40928932e+02 
 3.41454887e+04  1.29174965e+00  3.41454887e+04 -3.15742424e+02 
 3.68694506e+04  1.02032780e+00  3.68694506e+04 -2.92416321e+02 
 3.98107171e+04  7.87528255e-01  3.98107171e+04 -2.70813254e+02 
 4.29866235e+04  5.87855505e-01  4.29866235e+04 -2.50805987e+02 
 4.64158883e+04  4.16595931e-01  4.64158883e+04 -2.32276670e+02 
 5.01187234e+04  2.69706568e-01  5.01187234e+04 -2.15116148e+02 
 5.41169527e+04  1.43719697e-01  5.41169527e+04 -1.99223325e+02 
 5.84341413e+04  3.56610134e-02  5.84341413e+04 -1.84504565e+02 
 6.30957344e+04 -5.70205720e-02  6.30957344e+04 -1.70873146e+02 
 6.81292069e+04 -1.36513146e-01  6.81292069e+04 -1.58248748e+02 
 7.35642254e+04 -2.04693440e-01  7.35642254e+04 -1.46556982e+02 
 7.94328235e+04 -2.63171128e-01  7.94328235e+04 -1.35728953e+02 
 8.57695899e+04 -3.13326824e-01  8.57695899e+04 -1.25700852e+02 
 9.26118728e+04 -3.56344675e-01  9.26118728e+04 -1.16413583e+02 
 1.00000000e+05 -3.93240313e-01  1.00000000e+05 -1.07812416e+02 
 1.07977516e+05 -4.24884830e-01  1.07977516e+05 -9.98466615e+01 
 1.16591440e+05 -4.52025344e-01  1.16591440e+05 -9.24693753e+01 
 1.25892541e+05 -4.75302639e-01  1.25892541e+05 -8.56370797e+01 
 1.35935639e+05 -4.95266288e-01  1.35935639e+05 -7.93095088e+01 
 1.46779927e+05 -5.12387632e-01  1.46779927e+05 -7.34493709e+01 
 1.58489319e+05 -5.27070907e-01  1.58489319e+05 -6.80221286e+01 
 1.71132830e+05 -5.39662785e-01  1.71132830e+05 -6.29957958e+01 
 1.84784980e+05 -5.50460560e-01  1.84784980e+05 -5.83407491e+01 
 1.99526231e+05 -5.59719171e-01  1.99526231e+05 -5.40295529e+01 
 2.15443469e+05 -5.67657213e-01  2.15443469e+05 -5.00367983e+01 
 2.32630507e+05 -5.74462106e-01  2.32630507e+05 -4.63389530e+01 
 2.51188643e+05 -5.80294515e-01  2.51188643e+05 -4.29142227e+01 
 2.71227258e+05 -5.85292145e-01  2.71227258e+05 -3.97424229e+01 
 2.92864456e+05 -5.89572990e-01  2.92864456e+05 -3.68048595e+01 
 3.16227766e+05 -5.93238124e-01  3.16227766e+05 -3.40842192e+01 
 3.41454887e+05 -5.96374082e-01  3.41454887e+05 -3.15644670e+01 
 3.68694506e+05 -5.99054906e-01  3.68694506e+05 -2.92307520e+01 
 3.98107171e+05 -6.01343893e-01  3.98107171e+05 -2.70693196e+01 
 4.29866235e+05 -6.03295089e-01  4.29866235e+05 -2.50674307e+01 
 4.64158883e+05 -6.04954565e-01  4.64158883e+05 -2.32132866e+01 
 5.01187234e+05 -6.06361506e-01  5.01187234e+05 -2.14959593e+01 
 5.41169527e+05 -6.07549138e-01  5.41169527e+05 -1.99053272e+01 
 5.84341413e+05 -6.08545508e-01  5.84341413e+05 -1.84320155e+01 
 6.30957344e+05 -6.09374152e-01  6.30957344e+05 -1.70673409e+01 
 6.81292069e+05 -6.10054651e-01  6.81292069e+05 -1.58032603e+01 
 7.35642254e+05 -6.10603091e-01  7.35642254e+05 -1.46323238e+01 
 7.94328235e+05 -6.11032450e-01  7.94328235e+05 -1.35476303e+01 
 8.57695899e+05 -6.11352903e-01  8.57695899e+05 -1.25427872e+01 
 9.26118728e+05 -6.11572068e-01  9.26118728e+05 -1.16118727e+01 
 1.00000000e+06 -6.11695190e-01  1.00000000e+06 -1.07494008e+01 
 1.07977516e+06 -6.11725272e-01  1.07977516e+06 -9.95028903e+00 
 1.16591440e+06 -6.11663155e-01  1.16591440e+06 -9.20982878e+00 
 1.25892541e+06 -6.11507547e-01  1.25892541e+06 -8.52365722e+00 
 1.35935639e+06 -6.11255013e-01  1.35935639e+06 -7.88773193e+00 
 1.46779927e+06 -6.10899916e-01  1.46779927e+06 -7.29830710e+00 
 1.58489319e+06 -6.10434310e-01  1.58489319e+06 -6.75191153e+00 
 1.71132830e+06 -6.09847795e-01  1.71132830e+06 -6.24532837e+00 
 1.84784980e+06 -6.09127329e-01  1.84784980e+06 -5.77557629e+00 
 1.99526231e+06 -6.08256986e-01  1.99526231e+06 -5.33989214e+00 
 2.15443469e+06 -6.07217687e-01  2.15443469e+06 -4.93571497e+00 
 2.32630507e+06 -6.05986875e-01  2.32630507e+06 -4.56067120e+00 
 2.51188643e+06 -6.04538159e-01  2.51188643e+06 -4.21256110e+00 
 2.71227258e+06 -6.02840931e-01  2.71227258e+06 -3.88934628e+00 
 2.92864456e+06 -6.00859948e-01  2.92864456e+06 -3.58913832e+00 
 3.16227766e+06 -5.98554920e-01  3.16227766e+06 -3.31018831e+00 
 3.41454887e+06 -5.95880098e-01  3.41454887e+06 -3.05087745e+00 
 3.68694506e+06 -5.92783909e-01  3.68694506e+06 -2.80970856e+00 
 3.98107171e+06 -5.89208670e-01  3.98107171e+06 -2.58529840e+00 
 4.29866235e+06 -5.85090429e-01  4.29866235e+06 -2.37637095e+00 
 4.64158883e+06 -5.80358999e-01  4.64158883e+06 -2.18175150e+00 
 5.01187234e+06 -5.74938266e-01  5.01187234e+06 -2.00036144e+00 
 5.41169527e+06 -5.68746858e-01  5.41169527e+06 -1.83121384e+00 
 5.84341413e+06 -5.61699287e-01  5.84341413e+06 -1.67340964e+00 
 6.30957344e+06 -5.53707666e-01  6.30957344e+06 -1.52613430e+00 
 6.81292069e+06 -5.44684106e-01  6.81292069e+06 -1.38865485e+00 
 7.35642254e+06 -5.34543885e-01  7.35642254e+06 -1.26031701e+00 
 7.94328235e+06 -5.23209419e-01  7.94328235e+06 -1.14054220e+00 
 8.57695899e+06 -5.10615016e-01  8.57695899e+06 -1.02882405e+00 
 9.26118728e+06 -4.96712265e-01  9.26118728e+06 -9.24724099e-01 
 1.00000000e+07 -4.81475832e-01  1.00000000e+07 -8.27866407e-01 
 1.07977516e+07 -4.64909231e-01  1.07977516e+07 -7.37930612e-01 
 1.16591440e+07 -4.47050052e-01  1.16591440e+07 -6.54643453e-01 
 1.25892541e+07 -4.27973993e-01  1.25892541e+07 -5.77768656e-01 
 1.35935639e+07 -4.07797026e-01  1.35935639e+07 -5.07095488e-01 
 1.46779927e+07 -3.86675072e-01  1.46779927e+07 -4.42426513e-01 
 1.58489319e+07 -3.64800795e-01  1.58489319e+07 -3.83565343e-01 
 1.71132830e+07 -3.42397378e-01  1.71132830e+07 -3.30305367e-01 
 1.84784980e+07 -3.19709598e-01  1.84784980e+07 -2.82420468e-01 
 1.99526231e+07 -2.96992846e-01  1.99526231e+07 -2.39658619e-01 
 2.15443469e+07 -2.74501108e-01  2.15443469e+07 -2.01738961e-01 
 2.32630507e+07 -2.52475087e-01  2.32630507e+07 -1.68352515e-01 
 2.51188643e+07 -2.31131614e-01  2.51188643e+07 -1.39166287e-01 
 2.71227258e+07 -2.10655316e-01  2.71227258e+07 -1.13830048e-01 
 2.92864456e+07 -1.91193159e-01  2.92864456e+07 -9.19848681e-02 
 3.16227766e+07 -1.72852082e-01  3.16227766e+07 -7.32723157e-02 
 3.41454887e+07 -1.55699562e-01  3.41454887e+07 -5.73433498e-02 
 3.68694506e+07 -1.39766636e-01  3.68694506e+07 -4.38660789e-02 
 3.98107171e+07 -1.25052750e-01  3.98107171e+07 -3.25318474e-02 
 4.29866235e+07 -1.11531709e-01  4.29866235e+07 -2.30593753e-02 
 4.64158883e+07 -9.91580615e-02  4.64158883e+07 -1.51969210e-02 
 5.01187234e+07 -8.78733276e-02  5.01187234e+07 -8.72262783e-03 
 5.41169527e+07 -7.76116196e-02  5.41169527e+07 -3.44334296e-03 
 5.84341413e+07 -6.83043466e-02  5.84341413e+07  8.07731934e-04 
 6.30957344e+07 -5.98838143e-02  6.30957344e+07  4.17416470e-03 
 6.81292069e+07 -5.22856625e-02  6.81292069e+07  6.77980371e-03 
 7.35642254e+07 -4.54501869e-02  7.35642254e+07  8.73231474e-03 
 7.94328235e+07 -3.93226840e-02  7.94328235e+07  1.01264343e-02 
 8.57695899e+07 -3.38530346e-02  8.57695899e+07  1.10467031e-02 
 9.26118728e+07 -2.89947896e-02  9.26118728e+07  1.15695328e-02 
 1.00000000e+08 -2.47040364e-02  1.00000000e+08  1.17645641e-02 
 1.07977516e+08 -2.09383066e-02  1.07977516e+08  1.16953686e-02 
 1.16591440e+08 -1.76557260e-02  1.16591440e+08  1.14196340e-02 
 1.25892541e+08 -1.48145319e-02  1.25892541e+08  1.09890183e-02 
 1.35935639e+08 -1.23729913e-02  1.35935639e+08  1.04488748e-02 
 1.46779927e+08 -1.02896757e-02  1.46779927e+08  9.83802444e-03 
 1.58489319e+08 -8.52399088e-03  1.58489319e+08  9.18870177e-03 
 1.71132830e+08 -7.03683573e-03  1.71132830e+08  8.52673820e-03 
 1.84784980e+08 -5.79126484e-03  1.84784980e+08  7.87198683e-03 
 1.99526231e+08 -4.75305699e-03  1.99526231e+08  7.23894673e-03 
 2.15443469e+08 -3.89112632e-03  2.15443469e+08  6.63751883e-03 
 2.32630507e+08 -3.17775089e-03  2.32630507e+08  6.07381796e-03 
 2.51188643e+08 -2.58862428e-03  2.51188643e+08  5.55097298e-03 
 2.71227258e+08 -2.10275692e-03  2.71227258e+08  5.06986343e-03 
 2.92864456e+08 -1.70226449e-03  2.92864456e+08  4.62976003e-03 
 3.16227766e+08 -1.37208305e-03  3.16227766e+08  4.22885423e-03 
 3.41454887e+08 -1.09964637e-03  3.41454887e+08  3.86467633e-03 
 3.68694506e+08 -8.74554160e-04  3.68694506e+08  3.53441097e-03 
 3.98107171e+08 -6.88252051e-04  3.98107171e+08  3.23512440e-03 
 4.29866235e+08 -5.33736603e-04  4.29866235e+08  2.96391982e-03 
 4.64158883e+08 -4.05292506e-04  4.64158883e+08  2.71803666e-03 
 5.01187234e+08 -2.98264630e-04  5.01187234e+08  2.49490817e-03 
 5.41169527e+08 -2.08864330e-04  5.41169527e+08  2.29218909e-03 
 5.84341413e+08 -1.34007529e-04  5.84341413e+08  2.10776310e-03 
 6.30957344e+08 -7.11810692e-05  6.30957344e+08  1.93973701e-03 
 6.81292069e+08 -1.83334867e-05  6.81292069e+08  1.78642720e-03 
 7.35642254e+08  2.62136098e-05  7.35642254e+08  1.64634193e-03 
 7.94328235e+08  6.38370568e-05  7.94328235e+08  1.51816195e-03 
 8.57695899e+08  9.56696510e-05  8.57695899e+08  1.40072121e-03 
 9.26118728e+08  1.22646312e-04  9.26118728e+08  1.29298849e-03 
 1.00000000e+09  1.45541107e-04  1.00000000e+09  1.19405052e-03 
 1.07977516e+09  1.64996959e-04  1.07977516e+09  1.10309691e-03 
 1.16591440e+09  1.81549524e-04  1.16591440e+09  1.01940675e-03 
 1.25892541e+09  1.95646404e-04  1.25892541e+09  9.42336980e-04 
 1.35935639e+09  2.07662679e-04  1.35935639e+09  8.71312332e-04 
 1.46779927e+09  2.17913467e-04  1.46779927e+09  8.05816634e-04 
 1.58489319e+09  2.26664153e-04  1.58489319e+09  7.45385387e-04 
 1.71132830e+09  2.34138720e-04  1.71132830e+09  6.89599398e-04 
 1.84784980e+09  2.40526585e-04  1.84784980e+09  6.38079333e-04 
 1.99526231e+09  2.45988208e-04  1.99526231e+09  5.90481052e-04 
 2.15443469e+09  2.50659735e-04  2.15443469e+09  5.46491613e-04 
 2.32630507e+09  2.54656839e-04  2.32630507e+09  5.05825828e-04 
 2.51188643e+09  2.58077913e-04  2.51188643e+09  4.68223296e-04 
 2.71227258e+09  2.61006741e-04  2.71227258e+09  4.33445834e-04 
 2.92864456e+09  2.63514728e-04  2.92864456e+09  4.01275239e-04 
 3.16227766e+09  2.65662781e-04  3.16227766e+09  3.71511337e-04 
 3.41454887e+09  2.67502884e-04  3.41454887e+09  3.43970267e-04 
 3.68694506e+09  2.69079433e-04  3.68694506e+09  3.18482974e-04 
 3.98107171e+09  2.70430362e-04  3.98107171e+09  2.94893865e-04 
 4.29866235e+09  2.71588100e-04  4.29866235e+09  2.73059623e-04 
 4.64158883e+09  2.72580380e-04  4.64158883e+09  2.52848141e-04 
 5.01187234e+09  2.73430929e-04  5.01187234e+09  2.34137570e-04 
 5.41169527e+09  2.74160050e-04  5.41169527e+09  2.16815459e-04 
 5.84341413e+09  2.74785123e-04  5.84341413e+09  2.00777984e-04 
 6.30957344e+09  2.75321030e-04  6.30957344e+09  1.85929242e-04 
 6.81292069e+09  2.75780515e-04  6.81292069e+09  1.72180619e-04 
 7.35642254e+09  2.76174495e-04  7.35642254e+09  1.59450208e-04 
 7.94328235e+09  2.76512323e-04  7.94328235e+09  1.47662281e-04 
 8.57695899e+09  2.76802011e-04  8.57695899e+09  1.36746809e-04 
 9.26118728e+09  2.77050427e-04  9.26118728e+09  1.26639016e-04 
 1.00000000e+10  2.77263458e-04  1.00000000e+10  1.17278977e-04 
