 1.00000000e+00  1.05573422e+05  1.00000000e+00 -2.02547800e+03 
 1.07977516e+00  1.05566977e+05  1.07977516e+00 -2.18692733e+03 
 1.16591440e+00  1.05559465e+05  1.16591440e+00 -2.36122176e+03 
 1.25892541e+00  1.05550707e+05  1.25892541e+00 -2.54937707e+03 
 1.35935639e+00  1.05540497e+05  1.35935639e+00 -2.75248779e+03 
 1.46779927e+00  1.05528597e+05  1.46779927e+00 -2.97173282e+03 
 1.58489319e+00  1.05514725e+05  1.58489319e+00 -3.20838149e+03 
 1.71132830e+00  1.05498556e+05  1.71132830e+00 -3.46379979e+03 
 1.84784980e+00  1.05479711e+05  1.84784980e+00 -3.73945689e+03 
 1.99526231e+00  1.05457748e+05  1.99526231e+00 -4.03693193e+03 
 2.15443469e+00  1.05432153e+05  2.15443469e+00 -4.35792086e+03 
 2.32630507e+00  1.05402326e+05  2.32630507e+00 -4.70424351e+03 
 2.51188643e+00  1.05367572e+05  2.51188643e+00 -5.07785045e+03 
 2.71227258e+00  1.05327081e+05  2.71227258e+00 -5.48082979e+03 
 2.92864456e+00  1.05279911e+05  2.92864456e+00 -5.91541352e+03 
 3.16227766e+00  1.05224968e+05  3.16227766e+00 -6.38398323e+03 
 3.41454887e+00  1.05160982e+05  3.41454887e+00 -6.88907482e+03 
 3.68694506e+00  1.05086477e+05  3.68694506e+00 -7.43338176e+03 
 3.98107171e+00  1.04999745e+05  3.98107171e+00 -8.01975649e+03 
 4.29866235e+00  1.04898802e+05  4.29866235e+00 -8.65120900e+03 
 4.64158883e+00  1.04781357e+05  4.64158883e+00 -9.33090202e+03 
 5.01187234e+00  1.04644758e+05  5.01187234e+00 -1.00621415e+04 
 5.41169527e+00  1.04485944e+05  5.41169527e+00 -1.08483615e+04 
 5.84341413e+00  1.04301388e+05  5.84341413e+00 -1.16931011e+04 
 6.30957344e+00  1.04087032e+05  6.30957344e+00 -1.25999720e+04 
 6.81292069e+00  1.03838222e+05  6.81292069e+00 -1.35726152e+04 
 7.35642254e+00  1.03549629e+05  7.35642254e+00 -1.46146418e+04 
 7.94328235e+00  1.03215173e+05  7.94328235e+00 -1.57295577e+04 
 8.57695899e+00  1.02827943e+05  8.57695899e+00 -1.69206661e+04 
 9.26118728e+00  1.02380119e+05  9.26118728e+00 -1.81909458e+04 
 1.00000000e+01  1.01862895e+05  1.00000000e+01 -1.95428998e+04 
 1.07977516e+01  1.01266415e+05  1.07977516e+01 -2.09783715e+04 
 1.16591440e+01  1.00579732e+05  1.16591440e+01 -2.24983233e+04 
 1.25892541e+01  9.97907840e+04  1.25892541e+01 -2.41025760e+04 
 1.35935639e+01  9.88864244e+04  1.35935639e+01 -2.57895076e+04 
 1.46779927e+01  9.78524986e+04  1.46779927e+01 -2.75557127e+04 
 1.58489319e+01  9.66740000e+04  1.58489319e+01 -2.93956300e+04 
 1.71132830e+01  9.53353172e+04  1.71132830e+01 -3.13011474e+04 
 1.84784980e+01  9.38205952e+04  1.84784980e+01 -3.32612058e+04 
 1.99526231e+01  9.21142278e+04  1.99526231e+01 -3.52614274e+04 
 2.15443469e+01  9.02014928e+04  2.15443469e+01 -3.72838088e+04 
 2.32630507e+01  8.80693338e+04  2.32630507e+01 -3.93065239e+04 
 2.51188643e+01  8.57072771e+04  2.51188643e+01 -4.13038955e+04 
 2.71227258e+01  8.31084490e+04  2.71227258e+01 -4.32465921e+04 
 2.92864456e+01  8.02706385e+04  2.92864456e+01 -4.51021077e+04 
 3.16227766e+01  7.71973220e+04  3.16227766e+01 -4.68355663e+04 
 3.41454887e+01  7.38985425e+04  3.41454887e+01 -4.84108657e+04 
 3.68694506e+01  7.03915221e+04  3.68694506e+01 -4.97921390e+04 
 3.98107171e+01  6.67008882e+04  3.98107171e+01 -5.09454633e+04 
 4.29866235e+01  6.28584137e+04  4.29866235e+01 -5.18406944e+04 
 4.64158883e+01  5.89022157e+04  4.64158883e+01 -5.24532673e+04 
 5.01187234e+01  5.48754206e+04  5.01187234e+01 -5.27657758e+04 
 5.41169527e+01  5.08243753e+04  5.41169527e+01 -5.27691506e+04 
 5.84341413e+01  4.67965529e+04  5.84341413e+01 -5.24632931e+04 
 6.30957344e+01  4.28383478e+04  6.30957344e+01 -5.18570822e+04 
 6.81292069e+01  3.89929769e+04  6.81292069e+01 -5.09677538e+04 
 7.35642254e+01  3.52986821e+04  7.35642254e+01 -4.98197331e+04 
 7.94328235e+01  3.17873845e+04  7.94328235e+01 -4.84430616e+04 
 8.57695899e+01  2.84838714e+04  8.57695899e+01 -4.68716000e+04 
 9.26118728e+01  2.54055252e+04  9.26118728e+01 -4.51411916e+04 
 1.00000000e+02  2.25625393e+04  1.00000000e+02 -4.32879502e+04 
 1.07977516e+02  1.99585242e+04  1.07977516e+02 -4.13467919e+04 
 1.16591440e+02  1.75913820e+04  1.16591440e+02 -3.93502838e+04 
 1.25892541e+02  1.54543289e+04  1.25892541e+02 -3.73278326e+04 
 1.35935639e+02  1.35369582e+04  1.35935639e+02 -3.53051980e+04 
 1.46779927e+02  1.18262596e+04  1.46779927e+02 -3.33042901e+04 
 1.58489319e+02  1.03075383e+04  1.58489319e+02 -3.13431938e+04 
 1.71132830e+02  8.96519978e+03  1.71132830e+02 -2.94363626e+04 
 1.84784980e+02  7.78338882e+03  1.84784980e+02 -2.75949241e+04 
 1.99526231e+02  6.74648453e+03  1.99526231e+02 -2.58270500e+04 
 2.15443469e+02  5.83946403e+03  2.15443469e+02 -2.41383531e+04 
 2.32630507e+02  5.04815256e+03  2.32630507e+02 -2.25322812e+04 
 2.51188643e+02  4.35937968e+03  2.51188643e+02 -2.10104915e+04 
 2.71227258e+02  3.76106107e+03  2.71227258e+02 -1.95731911e+04 
 2.92864456e+02  3.24222362e+03  2.92864456e+02 -1.82194396e+04 
 3.16227766e+02  2.79298921e+03  3.16227766e+02 -1.69474102e+04 
 3.41454887e+02  2.40452973e+03  3.41454887e+02 -1.57546122e+04 
 3.68694506e+02  2.06900359e+03  3.68694506e+02 -1.46380752e+04 
 3.98107171e+02  1.77948134e+03  3.98107171e+02 -1.35945019e+04 
 4.29866235e+02  1.52986632e+03  4.29866235e+02 -1.26203895e+04 
 4.64158883e+02  1.31481444e+03  4.64158883e+02 -1.17121285e+04 
 5.01187234e+02  1.12965609e+03  5.01187234e+02 -1.08660778e+04 
 5.41169527e+02  9.70321985e+02  5.41169527e+02 -1.00786244e+04 
 5.84341413e+02  8.33274120e+02  5.84341413e+02 -9.34622743e+03 
 6.30957344e+02  7.15442420e+02  6.30957344e+02 -8.66545025e+03 
 6.81292069e+02  6.14167317e+02  6.81292069e+02 -8.03298391e+03 
 7.35642254e+02  5.27148153e+02  7.35642254e+02 -7.44566246e+03 
 7.94328235e+02  4.52397181e+02  7.94328235e+02 -6.90047252e+03 
 8.57695899e+02  3.88198805e+02  8.57695899e+02 -6.39455822e+03 
 9.26118728e+02  3.33073642e+02  9.26118728e+02 -5.92522262e+03 
 1.00000000e+03  2.85746981e+02  1.00000000e+03 -5.48992644e+03 
 1.07977516e+03  2.45121187e+02  1.07977516e+03 -5.08628478e+03 
 1.16591440e+03  2.10251634e+02  1.16591440e+03 -4.71206245e+03 
 1.25892541e+03  1.80325770e+02  1.25892541e+03 -4.36516829e+03 
 1.35935639e+03  1.54644937e+02  1.35935639e+03 -4.04364880e+03 
 1.46779927e+03  1.32608624e+02  1.46779927e+03 -3.74568141e+03 
 1.58489319e+03  1.13700831e+02  1.58489319e+03 -3.46956752e+03 
 1.71132830e+03  9.74782923e+01  1.71132830e+03 -3.21372555e+03 
 1.84784980e+03  8.35603127e+01  1.84784980e+03 -2.97668400e+03 
 1.99526231e+03  7.16199931e+01  1.99526231e+03 -2.75707471e+03 
 2.15443469e+03  6.13766772e+01  2.15443469e+03 -2.55362634e+03 
 2.32630507e+03  5.25894430e+01  2.32630507e+03 -2.36515805e+03 
 2.51188643e+03  4.50515025e+01  2.51188643e+03 -2.19057357e+03 
 2.71227258e+03  3.85853842e+01  2.71227258e+03 -2.02885546e+03 
 2.92864456e+03  3.30387899e+01  2.92864456e+03 -1.87905974e+03 
 3.16227766e+03  2.82810344e+01  3.16227766e+03 -1.74031083e+03 
 3.41454887e+03  2.41999855e+01  3.41454887e+03 -1.61179673e+03 
 3.68694506e+03  2.06994351e+01  3.68694506e+03 -1.49276461e+03 
 3.98107171e+03  1.76968426e+01  3.98107171e+03 -1.38251656e+03 
 4.29866235e+03  1.51213952e+01  4.29866235e+03 -1.28040569e+03 
 4.64158883e+03  1.29123445e+01  4.64158883e+03 -1.18583247e+03 
 5.01187234e+03  1.10175771e+01  5.01187234e+03 -1.09824135e+03 
 5.41169527e+03  9.39238872e+00  5.41169527e+03 -1.01711751e+03 
 5.84341413e+03  7.99843146e+00  5.84341413e+03 -9.41983982e+02 
 6.30957344e+03  6.80281072e+00  6.30957344e+03 -8.72398858e+02 
 6.81292069e+03  5.77731016e+00  6.81292069e+03 -8.07952737e+02 
 7.35642254e+03  4.89772667e+00  7.35642254e+03 -7.48266362e+02 
 7.94328235e+03  4.14329984e+00  7.94328235e+03 -6.92988409e+02 
 8.57695899e+03  3.49622247e+00  8.57695899e+03 -6.41793439e+02 
 9.26118728e+03  2.94122056e+00  9.26118728e+03 -5.94380008e+02 
 1.00000000e+04  2.46519305e+00  1.00000000e+04 -5.50468896e+02 
 1.07977516e+04  2.05690281e+00  1.07977516e+04 -5.09801479e+02 
 1.16591440e+04  1.70671143e+00  1.16591440e+04 -4.72138213e+02 
 1.25892541e+04  1.40635189e+00  1.25892541e+04 -4.37257232e+02 
 1.35935639e+04  1.14873341e+00  1.35935639e+04 -4.04953041e+02 
 1.46779927e+04  9.27774103e-01  1.46779927e+04 -3.75035318e+02 
 1.58489319e+04  7.38257502e-01  1.58489319e+04 -3.47327787e+02 
 1.71132830e+04  5.75709375e-01  1.71132830e+04 -3.21667191e+02 
 1.84784980e+04  4.36292147e-01  1.84784980e+04 -2.97902325e+02 
 1.99526231e+04  3.16714306e-01  1.99526231e+04 -2.75893150e+02 
 2.15443469e+04  2.14152709e-01  2.15443469e+04 -2.55509970e+02 
 2.32630507e+04  1.26185939e-01  2.32630507e+04 -2.36632666e+02 
 2.51188643e+04  5.07371431e-02  2.51188643e+04 -2.19149994e+02 
 2.71227258e+04 -1.39749976e-02  2.71227258e+04 -2.02958923e+02 
 2.92864456e+04 -6.94783192e-02  2.92864456e+04 -1.87964034e+02 
 3.16227766e+04 -1.17083244e-01  3.16227766e+04 -1.74076956e+02 
 3.41454887e+04 -1.57913720e-01  3.41454887e+04 -1.61215846e+02 
 3.68694506e+04 -1.92933751e-01  3.68694506e+04 -1.49304907e+02 
 3.98107171e+04 -2.22970160e-01  3.98107171e+04 -1.38273941e+02 
 4.29866235e+04 -2.48732107e-01  4.29866235e+04 -1.28057935e+02 
 4.64158883e+04 -2.70827835e-01  4.64158883e+04 -1.18596680e+02 
 5.01187234e+04 -2.89779025e-01  5.01187234e+04 -1.09834413e+02 
 5.41169527e+04 -3.06033117e-01  5.41169527e+04 -1.01719493e+02 
 5.84341413e+04 -3.19973874e-01  5.84341413e+04 -9.42040915e+01 
 6.30957344e+04 -3.31930439e-01  6.30957344e+04 -8.72439153e+01 
 6.81292069e+04 -3.42185108e-01  6.81292069e+04 -8.07979423e+01 
 7.35642254e+04 -3.50979998e-01  7.35642254e+04 -7.48281813e+01 
 7.94328235e+04 -3.58522756e-01  7.94328235e+04 -6.92994477e+01 
 8.57695899e+04 -3.64991470e-01  8.57695899e+04 -6.41791560e+01 
 9.26118728e+04 -3.70538867e-01  9.26118728e+04 -5.94371281e+01 
 1.00000000e+05 -3.75295923e-01  1.00000000e+05 -5.50454153e+01 
 1.07977516e+05 -3.79374952e-01  1.07977516e+05 -5.09781334e+01 
 1.16591440e+05 -3.82872263e-01  1.16591440e+05 -4.72113105e+01 
 1.25892541e+05 -3.85870428e-01  1.25892541e+05 -4.37227454e+01 
 1.35935639e+05 -3.88440233e-01  1.35935639e+05 -4.04918771e+01 
 1.46779927e+05 -3.90642354e-01  1.46779927e+05 -3.74996632e+01 
 1.58489319e+05 -3.92528783e-01  1.58489319e+05 -3.47284680e+01 
 1.71132830e+05 -3.94144058e-01  1.71132830e+05 -3.21619585e+01 
 1.84784980e+05 -3.95526319e-01  1.84784980e+05 -2.97850079e+01 
 1.99526231e+05 -3.96708200e-01  1.99526231e+05 -2.75836069e+01 
 2.15443469e+05 -3.97717607e-01  2.15443469e+05 -2.55447806e+01 
 2.32630507e+05 -3.98578374e-01  2.32630507e+05 -2.36565125e+01 
 2.51188643e+05 -3.99310822e-01  2.51188643e+05 -2.19076733e+01 
 2.71227258e+05 -3.99932249e-01  2.71227258e+05 -2.02879557e+01 
 2.92864456e+05 -4.00457327e-01  2.92864456e+05 -1.87878133e+01 
 3.16227766e+05 -4.00898457e-01  3.16227766e+05 -1.73984043e+01 
 3.41454887e+05 -4.01266057e-01  3.41454887e+05 -1.61115400e+01 
 3.68694506e+05 -4.01568811e-01  3.68694506e+05 -1.49196357e+01 
 3.98107171e+05 -4.01813873e-01  3.98107171e+05 -1.38156666e+01 
 4.29866235e+05 -4.02007039e-01  4.29866235e+05 -1.27931261e+01 
 4.64158883e+05 -4.02152881e-01  4.64158883e+05 -1.18459877e+01 
 5.01187234e+05 -4.02254859e-01  5.01187234e+05 -1.09686692e+01 
 5.41169527e+05 -4.02315402e-01  5.41169527e+05 -1.01560002e+01 
 5.84341413e+05 -4.02335970e-01  5.84341413e+05 -9.40319103e+00 
 6.30957344e+05 -4.02317088e-01  6.30957344e+05 -8.70580526e+00 
 6.81292069e+05 -4.02258367e-01  6.81292069e+05 -8.05973305e+00 
 7.35642254e+05 -4.02158495e-01  7.35642254e+05 -7.46116716e+00 
 7.94328235e+05 -4.02015214e-01  7.94328235e+05 -6.90658053e+00 
 8.57695899e+05 -4.01825279e-01  8.57695899e+05 -6.39270549e+00 
 9.26118728e+05 -4.01584393e-01  9.26118728e+05 -5.91651459e+00 
 1.00000000e+06 -4.01287119e-01  1.00000000e+06 -5.47520280e+00 
 1.07977516e+06 -4.00926782e-01  1.07977516e+06 -5.06617109e+00 
 1.16591440e+06 -4.00495334e-01  1.16591440e+06 -4.68701115e+00 
 1.25892541e+06 -3.99983214e-01  1.25892541e+06 -4.33549137e+00 
 1.35935639e+06 -3.99379173e-01  1.35935639e+06 -4.00954384e+00 
 1.46779927e+06 -3.98670088e-01  1.46779927e+06 -3.70725232e+00 
 1.58489319e+06 -3.97840750e-01  1.58489319e+06 -3.42684118e+00 
 1.71132830e+06 -3.96873640e-01  1.71132830e+06 -3.16666522e+00 
 1.84784980e+06 -3.95748695e-01  1.84784980e+06 -2.92520034e+00 
 1.99526231e+06 -3.94443068e-01  1.99526231e+06 -2.70103489e+00 
 2.15443469e+06 -3.92930901e-01  2.15443469e+06 -2.49286191e+00 
 2.32630507e+06 -3.91183119e-01  2.32630507e+06 -2.29947197e+00 
 2.51188643e+06 -3.89167271e-01  2.51188643e+06 -2.11974668e+00 
 2.71227258e+06 -3.86847450e-01  2.71227258e+06 -1.95265293e+00 
 2.92864456e+06 -3.84184315e-01  2.92864456e+06 -1.79723763e+00 
 3.16227766e+06 -3.81135268e-01  3.16227766e+06 -1.65262307e+00 
 3.41454887e+06 -3.77654838e-01  3.41454887e+06 -1.51800281e+00 
 3.68694506e+06 -3.73695318e-01  3.68694506e+06 -1.39263794e+00 
 3.98107171e+06 -3.69207715e-01  3.98107171e+06 -1.27585385e+00 
 4.29866235e+06 -3.64143075e-01  4.29866235e+06 -1.16703714e+00 
 4.64158883e+06 -3.58454202e-01  4.64158883e+06 -1.06563279e+00 
 5.01187234e+06 -3.52097807e-01  5.01187234e+06 -9.71141214e-01 
 5.41169527e+06 -3.45037032e-01  5.41169527e+06 -8.83115211e-01 
 5.84341413e+06 -3.37244286e-01  5.84341413e+06 -8.01156498e-01 
 6.30957344e+06 -3.28704220e-01  6.30957344e+06 -7.24911694e-01 
 6.81292069e+06 -3.19416622e-01  6.81292069e+06 -6.54067620e-01 
 7.35642254e+06 -3.09398934e-01  7.35642254e+06 -5.88345833e-01 
 7.94328235e+06 -2.98688033e-01  7.94328235e+06 -5.27496448e-01 
 8.57695899e+06 -2.87340957e-01  8.57695899e+06 -4.71291424e-01 
 9.26118728e+06 -2.75434267e-01  9.26118728e+06 -4.19517639e-01 
 1.00000000e+07 -2.63061889e-01  1.00000000e+07 -3.71970203e-01 
 1.07977516e+07 -2.50331467e-01  1.07977516e+07 -3.28446541e-01 
 1.16591440e+07 -2.37359428e-01  1.16591440e+07 -2.88741748e-01 
 1.25892541e+07 -2.24265217e-01  1.25892541e+07 -2.52645650e-01 
 1.35935639e+07 -2.11165278e-01  1.35935639e+07 -2.19941787e-01 
 1.46779927e+07 -1.98167422e-01  1.46779927e+07 -1.90408329e-01 
 1.58489319e+07 -1.85366206e-01  1.58489319e+07 -1.63820667e-01 
 1.71132830e+07 -1.72839781e-01  1.71132830e+07 -1.39955215e-01 
 1.84784980e+07 -1.60648484e-01  1.84784980e+07 -1.18593842e-01 
 1.99526231e+07 -1.48835205e-01  1.99526231e+07 -9.95283015e-02 
 2.15443469e+07 -1.37427350e-01  2.15443469e+07 -8.25640677e-02 
 2.32630507e+07 -1.26440039e-01  2.32630507e+07 -6.75231265e-02 
 2.51188643e+07 -1.15880067e-01  2.51188643e+07 -5.42454079e-02 
 2.71227258e+07 -1.05750102e-01  2.71227258e+07 -4.25887358e-02 
 2.92864456e+07 -9.60525889e-02  2.92864456e+07 -3.24273486e-02 
 3.16227766e+07 -8.67928857e-02  3.16227766e+07 -2.36492093e-02 
 3.41454887e+07 -7.79812721e-02  3.41454887e+07 -1.61524676e-02 
 3.68694506e+07 -6.96335942e-02  3.68694506e+07 -9.84154514e-03 
 3.98107171e+07 -6.17705117e-02  3.98107171e+07 -4.62336826e-03 
 4.29866235e+07 -5.44155019e-02  4.29866235e+07 -4.04260866e-04 
 4.64158883e+07 -4.75919652e-02  4.64158883e+07  2.91208537e-03 
 5.01187234e+07 -4.13199196e-02  5.01187234e+07  5.42531236e-03 
 5.41169527e+07 -3.56128296e-02  5.41169527e+07  7.23773562e-03 
 5.84341413e+07 -3.04750757e-02  5.84341413e+07  8.45251543e-03 
 6.30957344e+07 -2.59004341e-02  6.30957344e+07  9.17103538e-03 
 6.81292069e+07 -2.18717397e-02  6.81292069e+07  9.48996660e-03 
 7.35642254e+07 -1.83616894e-02  7.35642254e+07  9.49849752e-03 
 7.94328235e+07 -1.53345621e-02  7.94328235e+07  9.27611824e-03 
 8.57695899e+07 -1.27485208e-02  8.57695899e+07  8.89119962e-03 
 9.26118728e+07 -1.05581331e-02  9.26118728e+07  8.40044081e-03 
 1.00000000e+08 -8.71678612e-03  1.00000000e+08  7.84911452e-03 
 1.07977516e+08 -7.17876189e-03  1.07977516e+08  7.27194200e-03 
 1.16591440e+08 -5.90083927e-03  1.16591440e+08  6.69438493e-03 
 1.25892541e+08 -4.84338736e-03  1.25892541e+08  6.13414431e-03 
 1.35935639e+08 -3.97098445e-03  1.35935639e+08  5.60268946e-03 
 1.46779927e+08 -3.25264175e-03  1.46779927e+08  5.10668931e-03 
 1.58489319e+08 -2.66172864e-03  1.58489319e+08  4.64926788e-03 
 1.71132830e+08 -2.17569547e-03  1.71132830e+08  4.23104891e-03 
 1.84784980e+08 -1.77567704e-03  1.84784980e+08  3.85098608e-03 
 1.99526231e+08 -1.44604209e-03  1.99526231e+08  3.50699617e-03 
 2.15443469e+08 -1.17393583e-03  2.15443469e+08  3.19642275e-03 
 2.32630507e+08 -9.48845791e-04  2.32630507e+08  2.91636204e-03 
 2.51188643e+08 -7.62208700e-04  2.51188643e+08  2.66388134e-03 
 2.71227258e+08 -6.07066024e-04  2.71227258e+08  2.43615719e-03 
 2.92864456e+08 -4.77769753e-04  2.92864456e+08  2.23055538e-03 
 3.16227766e+08 -3.69735789e-04  3.16227766e+08  2.04467076e-03 
 3.41454887e+08 -2.79240247e-04  3.41454887e+08  1.87634024e-03 
 3.68694506e+08 -2.03253047e-04  3.68694506e+08  1.72363865e-03 
 3.98107171e+08 -1.39303092e-04  3.98107171e+08  1.58486475e-03 
 4.29866235e+08 -8.53696843e-05  4.29866235e+08  1.45852195e-03 
 4.64158883e+08 -3.97954211e-05  4.64158883e+08  1.34329694e-03 
 5.01187234e+08 -1.21647919e-06  5.01187234e+08  1.23803828e-03 
 5.41169527e+08  3.14931244e-05  5.41169527e+08  1.14173612e-03 
 5.84341413e+08  5.92661118e-05  5.84341413e+08  1.05350359e-03 
 6.30957344e+08  8.28776425e-05  6.30957344e+08  9.72560195e-04 
 6.81292069e+08  1.02973958e-04  6.81292069e+08  8.98217251e-04 
 7.35642254e+08  1.20095429e-04  7.35642254e+08  8.29865258e-04 
 7.94328235e+08  1.34695164e-04  7.94328235e+08  7.66963035e-04 
 8.57695899e+08  1.47154078e-04  8.57695899e+08  7.09028440e-04 
 9.26118728e+08  1.57793155e-04  9.26118728e+08  6.55630474e-04 
 1.00000000e+09  1.66883455e-04  1.00000000e+09  6.06382573e-04 
 1.07977516e+09  1.74654325e-04  1.07977516e+09  5.60936916e-04 
 1.16591440e+09  1.81300149e-04  1.16591440e+09  5.18979586e-04 
 1.25892541e+09  1.86985934e-04  1.25892541e+09  4.80226463e-04 
 1.35935639e+09  1.91851938e-04  1.35935639e+09  4.44419718e-04 
 1.46779927e+09  1.96017523e-04  1.46779927e+09  4.11324821e-04 
 1.58489319e+09  1.99584373e-04  1.58489319e+09  3.80727965e-04 
 1.71132830e+09  2.02639188e-04  1.71132830e+09  3.52433859e-04 
 1.84784980e+09  2.05255954e-04  1.84784980e+09  3.26263811e-04 
 1.99526231e+09  2.07497843e-04  1.99526231e+09  3.02054064e-04 
 2.15443469e+09  2.09418829e-04  2.15443469e+09  2.79654343e-04 
 2.32630507e+09  2.11065047e-04  2.32630507e+09  2.58926577e-04 
 2.51188643e+09  2.12475951e-04  2.51188643e+09  2.39743777e-04 
 2.71227258e+09  2.13685292e-04  2.71227258e+09  2.21989039e-04 
 2.92864456e+09  2.14721951e-04  2.92864456e+09  2.05554654e-04 
 3.16227766e+09  2.15610651e-04  3.16227766e+09  1.90341320e-04 
 3.41454887e+09  2.16372558e-04  3.41454887e+09  1.76257425e-04 
 3.68694506e+09  2.17025799e-04  3.68694506e+09  1.63218412e-04 
 3.98107171e+09  2.17585899e-04  3.98107171e+09  1.51146196e-04 
 4.29866235e+09  2.18066161e-04  4.29866235e+09  1.39968641e-04 
 4.64158883e+09  2.18477979e-04  4.64158883e+09  1.29619088e-04 
 5.01187234e+09  2.18831119e-04  5.01187234e+09  1.20035914e-04 
 5.41169527e+09  2.19133951e-04  5.41169527e+09  1.11162142e-04 
 5.84341413e+09  2.19393649e-04  5.84341413e+09  1.02945076e-04 
 6.30957344e+09  2.19616360e-04  6.30957344e+09  9.53359730e-05 
 6.81292069e+09  2.19807356e-04  6.81292069e+09  8.82897361e-05 
 7.35642254e+09  2.19971156e-04  7.35642254e+09  8.17646374e-05 
 7.94328235e+09  2.20111635e-04  7.94328235e+09  7.57220609e-05 
 8.57695899e+09  2.20232114e-04  8.57695899e+09  7.01262671e-05 
 9.26118728e+09  2.20335441e-04  9.26118728e+09  6.49441754e-05 
 1.00000000e+10  2.20424060e-04  1.00000000e+10  6.01451639e-05 
