 1.00000000e+00  9.20227429e+01  1.00000000e+00 -3.56730505e-03 
 1.07977516e+00  9.20227428e+01  1.07977516e+00 -3.85188739e-03 
 1.16591440e+00  9.20227428e+01  1.16591440e+00 -4.15917233e-03 
 1.25892541e+00  9.20227428e+01  1.25892541e+00 -4.49097097e-03 
 1.35935639e+00  9.20227428e+01  1.35935639e+00 -4.84923891e-03 
 1.46779927e+00  9.20227427e+01  1.46779927e+00 -5.23608773e-03 
 1.58489319e+00  9.20227427e+01  1.58489319e+00 -5.65379747e-03 
 1.71132830e+00  9.20227426e+01  1.71132830e+00 -6.10483008e-03 
 1.84784980e+00  9.20227425e+01  1.84784980e+00 -6.59184389e-03 
 1.99526231e+00  9.20227425e+01  1.99526231e+00 -7.11770930e-03 
 2.15443469e+00  9.20227424e+01  2.15443469e+00 -7.68552571e-03 
 2.32630507e+00  9.20227423e+01  2.32630507e+00 -8.29863976e-03 
 2.51188643e+00  9.20227421e+01  2.51188643e+00 -8.96066508e-03 
 2.71227258e+00  9.20227420e+01  2.71227258e+00 -9.67550357e-03 
 2.92864456e+00  9.20227418e+01  2.92864456e+00 -1.04473684e-02 
 3.16227766e+00  9.20227416e+01  3.16227766e+00 -1.12808089e-02 
 3.41454887e+00  9.20227414e+01  3.41454887e+00 -1.21807372e-02 
 3.68694506e+00  9.20227411e+01  3.68694506e+00 -1.31524575e-02 
 3.98107171e+00  9.20227408e+01  3.98107171e+00 -1.42016969e-02 
 4.29866235e+00  9.20227405e+01  4.29866235e+00 -1.53346395e-02 
 4.64158883e+00  9.20227400e+01  4.64158883e+00 -1.65579628e-02 
 5.01187234e+00  9.20227395e+01  5.01187234e+00 -1.78788768e-02 
 5.41169527e+00  9.20227390e+01  5.41169527e+00 -1.93051670e-02 
 5.84341413e+00  9.20227383e+01  5.84341413e+00 -2.08452397e-02 
 6.30957344e+00  9.20227375e+01  6.30957344e+00 -2.25081719e-02 
 6.81292069e+00  9.20227366e+01  6.81292069e+00 -2.43037647e-02 
 7.35642254e+00  9.20227355e+01  7.35642254e+00 -2.62426012e-02 
 7.94328235e+00  9.20227343e+01  7.94328235e+00 -2.83361086e-02 
 8.57695899e+00  9.20227329e+01  8.57695899e+00 -3.05966258e-02 
 9.26118728e+00  9.20227312e+01  9.26118728e+00 -3.30374760e-02 
 1.00000000e+01  9.20227292e+01  1.00000000e+01 -3.56730452e-02 
 1.07977516e+01  9.20227269e+01  1.07977516e+01 -3.85188672e-02 
 1.16591440e+01  9.20227242e+01  1.16591440e+01 -4.15917149e-02 
 1.25892541e+01  9.20227211e+01  1.25892541e+01 -4.49096992e-02 
 1.35935639e+01  9.20227175e+01  1.35935639e+01 -4.84923758e-02 
 1.46779927e+01  9.20227133e+01  1.46779927e+01 -5.23608606e-02 
 1.58489319e+01  9.20227083e+01  1.58489319e+01 -5.65379537e-02 
 1.71132830e+01  9.20227026e+01  1.71132830e+01 -6.10482743e-02 
 1.84784980e+01  9.20226959e+01  1.84784980e+01 -6.59184055e-02 
 1.99526231e+01  9.20226880e+01  1.99526231e+01 -7.11770510e-02 
 2.15443469e+01  9.20226789e+01  2.15443469e+01 -7.68552042e-02 
 2.32630507e+01  9.20226683e+01  2.32630507e+01 -8.29863310e-02 
 2.51188643e+01  9.20226559e+01  2.51188643e+01 -8.96065669e-02 
 2.71227258e+01  9.20226414e+01  2.71227258e+01 -9.67549302e-02 
 2.92864456e+01  9.20226246e+01  2.92864456e+01 -1.04473551e-01 
 3.16227766e+01  9.20226049e+01  3.16227766e+01 -1.12807922e-01 
 3.41454887e+01  9.20225820e+01  3.41454887e+01 -1.21807162e-01 
 3.68694506e+01  9.20225553e+01  3.68694506e+01 -1.31524310e-01 
 3.98107171e+01  9.20225242e+01  3.98107171e+01 -1.42016635e-01 
 4.29866235e+01  9.20224879e+01  4.29866235e+01 -1.53345975e-01 
 4.64158883e+01  9.20224456e+01  4.64158883e+01 -1.65579099e-01 
 5.01187234e+01  9.20223962e+01  5.01187234e+01 -1.78788102e-01 
 5.41169527e+01  9.20223387e+01  5.41169527e+01 -1.93050832e-01 
 5.84341413e+01  9.20222716e+01  5.84341413e+01 -2.08451342e-01 
 6.30957344e+01  9.20221934e+01  6.30957344e+01 -2.25080390e-01 
 6.81292069e+01  9.20221022e+01  6.81292069e+01 -2.43035974e-01 
 7.35642254e+01  9.20219958e+01  7.35642254e+01 -2.62423906e-01 
 7.94328235e+01  9.20218719e+01  7.94328235e+01 -2.83358435e-01 
 8.57695899e+01  9.20217274e+01  8.57695899e+01 -3.05962920e-01 
 9.26118728e+01  9.20215588e+01  9.26118728e+01 -3.30370557e-01 
 1.00000000e+02  9.20213624e+01  1.00000000e+02 -3.56725162e-01 
 1.07977516e+02  9.20211333e+01  1.07977516e+02 -3.85182012e-01 
 1.16591440e+02  9.20208662e+01  1.16591440e+02 -4.15908765e-01 
 1.25892541e+02  9.20205549e+01  1.25892541e+02 -4.49086437e-01 
 1.35935639e+02  9.20201918e+01  1.35935639e+02 -4.84910470e-01 
 1.46779927e+02  9.20197686e+01  1.46779927e+02 -5.23591877e-01 
 1.58489319e+02  9.20192751e+01  1.58489319e+02 -5.65358477e-01 
 1.71132830e+02  9.20186997e+01  1.71132830e+02 -6.10456231e-01 
 1.84784980e+02  9.20180289e+01  1.84784980e+02 -6.59150678e-01 
 1.99526231e+02  9.20172468e+01  1.99526231e+02 -7.11728491e-01 
 2.15443469e+02  9.20163350e+01  2.15443469e+02 -7.68499144e-01 
 2.32630507e+02  9.20152719e+01  2.32630507e+02 -8.29796717e-01 
 2.51188643e+02  9.20140325e+01  2.51188643e+02 -8.95981835e-01 
 2.71227258e+02  9.20125874e+01  2.71227258e+02 -9.67443762e-01 
 2.92864456e+02  9.20109027e+01  2.92864456e+02 -1.04460265e+00 
 3.16227766e+02  9.20089385e+01  3.16227766e+02 -1.12791196e+00 
 3.41454887e+02  9.20066486e+01  3.41454887e+02 -1.21786105e+00 
 3.68694506e+02  9.20039788e+01  3.68694506e+02 -1.31497802e+00 
 3.98107171e+02  9.20008663e+01  3.98107171e+02 -1.41983265e+00 
 4.29866235e+02  9.19972376e+01  4.29866235e+02 -1.53303966e+00 
 4.64158883e+02  9.19930073e+01  4.64158883e+02 -1.65526215e+00 
 5.01187234e+02  9.19880756e+01  5.01187234e+02 -1.78721529e+00 
 5.41169527e+02  9.19823263e+01  5.41169527e+02 -1.92967026e+00 
 5.84341413e+02  9.19756240e+01  5.84341413e+02 -2.08345844e+00 
 6.30957344e+02  9.19678109e+01  6.30957344e+02 -2.24947589e+00 
 6.81292069e+02  9.19587032e+01  6.81292069e+02 -2.42868804e+00 
 7.35642254e+02  9.19480867e+01  7.35642254e+02 -2.62213475e+00 
 7.94328235e+02  9.19357118e+01  7.94328235e+02 -2.83093554e+00 
 8.57695899e+02  9.19212880e+01  8.57695899e+02 -3.05629508e+00 
 9.26118728e+02  9.19044767e+01  9.26118728e+02 -3.29950894e+00 
 1.00000000e+03  9.18848840e+01  1.00000000e+03 -3.56196950e+00 
 1.07977516e+03  9.18620511e+01  1.07977516e+03 -3.84517200e+00 
 1.16591440e+03  9.18354442e+01  1.16591440e+03 -4.15072059e+00 
 1.25892541e+03  9.18044422e+01  1.25892541e+03 -4.48033446e+00 
 1.35935639e+03  9.17683229e+01  1.35935639e+03 -4.83585359e+00 
 1.46779927e+03  9.17262467e+01  1.46779927e+03 -5.21924432e+00 
 1.58489319e+03  9.16772381e+01  1.58489319e+03 -5.63260420e+00 
 1.71132830e+03  9.16201643e+01  1.71132830e+03 -6.07816591e+00 
 1.84784980e+03  9.15537106e+01  1.84784980e+03 -6.55829999e+00 
 1.99526231e+03  9.14763526e+01  1.99526231e+03 -7.07551566e+00 
 2.15443469e+03  9.13863246e+01  2.15443469e+03 -7.63245925e+00 
 2.32630507e+03  9.12815826e+01  2.32630507e+03 -8.23190949e+00 
 2.51188643e+03  9.11597648e+01  2.51188643e+03 -8.87676858e+00 
 2.71227258e+03  9.10181448e+01  2.71227258e+03 -9.57004796e+00 
 2.92864456e+03  9.08535818e+01  2.92864456e+03 -1.03148473e+01 
 3.16227766e+03  9.06624639e+01  3.16227766e+03 -1.11143251e+01 
 3.41454887e+03  9.04406479e+01  3.41454887e+03 -1.19716585e+01 
 3.68694506e+03  9.01833937e+01  3.68694506e+03 -1.28899904e+01 
 3.98107171e+03  8.98852962e+01  3.98107171e+03 -1.38723608e+01 
 4.29866235e+03  8.95402146e+01  4.29866235e+03 -1.49216191e+01 
 4.64158883e+03  8.91412041e+01  4.64158883e+03 -1.60403141e+01 
 5.01187234e+03  8.86804516e+01  5.01187234e+03 -1.72305585e+01 
 5.41169527e+03  8.81492218e+01  5.41169527e+03 -1.84938637e+01 
 5.84341413e+03  8.75378203e+01  5.84341413e+03 -1.98309416e+01 
 6.30957344e+03  8.68355837e+01  6.30957344e+03 -2.12414725e+01 
 6.81292069e+03  8.60309064e+01  6.81292069e+03 -2.27238369e+01 
 7.35642254e+03  8.51113188e+01  7.35642254e+03 -2.42748138e+01 
 7.94328235e+03  8.40636333e+01  7.94328235e+03 -2.58892524e+01 
 8.57695899e+03  8.28741731e+01  8.57695899e+03 -2.75597258e+01 
 9.26118728e+03  8.15291029e+01  9.26118728e+03 -2.92761864e+01 
 1.00000000e+04  8.00148760e+01  1.00000000e+04 -3.10256479e+01 
 1.07977516e+04  7.83188074e+01  1.07977516e+04 -3.27919282e+01 
 1.16591440e+04  7.64297738e+01  1.16591440e+04 -3.45554951e+01 
 1.25892541e+04  7.43390280e+01  1.25892541e+04 -3.62934669e+01 
 1.35935639e+04  7.20410969e+01  1.35935639e+04 -3.79798162e+01 
 1.46779927e+04  6.95347087e+01  1.46779927e+04 -3.95858280e+01 
 1.58489319e+04  6.68236753e+01  1.58489319e+04 -4.10808434e+01 
 1.71132830e+04  6.39176325e+01  1.71132830e+04 -4.24333003e+01 
 1.84784980e+04  6.08325331e+01  1.84784980e+04 -4.36120440e+01 
 1.99526231e+04  5.75907878e+01  1.99526231e+04 -4.45878418e+01 
 2.15443469e+04  5.42209728e+01  2.15443469e+04 -4.53349897e+01 
 2.32630507e+04  5.07570618e+01  2.32630507e+04 -4.58328656e+01 
 2.51188643e+04  4.72371986e+01  2.51188643e+04 -4.60672671e+01 
 2.71227258e+04  4.37020889e+01  2.71227258e+04 -4.60313787e+01 
 2.92864456e+04  4.01931469e+01  2.92864456e+04 -4.57262491e+01 
 3.16227766e+04  3.67505732e+01  3.16227766e+04 -4.51607168e+01 
 3.41454887e+04  3.34115510e+01  3.41454887e+04 -4.43507948e+01 
 3.68694506e+04  3.02087270e+01  3.68694506e+04 -4.33185922e+01 
 3.98107171e+04  2.71691004e+01  3.98107171e+04 -4.20909031e+01 
 4.29866235e+04  2.43133824e+01  4.29866235e+04 -4.06976236e+01 
 4.64158883e+04  2.16558240e+01  4.64158883e+04 -3.91701568e+01 
 5.01187234e+04  1.92044596e+01  5.01187234e+04 -3.75399428e+01 
 5.41169527e+04  1.69616758e+01  5.41169527e+04 -3.58372153e+01 
 5.84341413e+04  1.49249998e+01  5.84341413e+04 -3.40900381e+01 
 6.30957344e+04  1.30880015e+01  6.30957344e+04 -3.23236393e+01 
 6.81292069e+04  1.14412203e+01  6.81292069e+04 -3.05600244e+01 
 7.35642254e+04  9.97304471e+00  7.35642254e+04 -2.88178317e+01 
 7.94328235e+04  8.67049842e+00  7.94328235e+04 -2.71123773e+01 
 8.57695899e+04  7.51990793e+00  8.57695899e+04 -2.54558414e+01 
 9.26118728e+04  6.50744150e+00  9.26118728e+04 -2.38575450e+01 
 1.00000000e+05  5.61952404e+00  1.00000000e+05 -2.23242787e+01 
 1.07977516e+05  4.84313935e+00  1.07977516e+05 -2.08606490e+01 
 1.16591440e+05  4.16603552e+00  1.16591440e+05 -1.94694218e+01 
 1.25892541e+05  3.57685099e+00  1.25892541e+05 -1.81518444e+01 
 1.35935639e+05  3.06517789e+00  1.35935639e+05 -1.69079385e+01 
 1.46779927e+05  2.62157809e+00  1.46779927e+05 -1.57367593e+01 
 1.58489319e+05  2.23756472e+00  1.58489319e+05 -1.46366180e+01 
 1.71132830e+05  1.90556023e+00  1.71132830e+05 -1.36052715e+01 
 1.84784980e+05  1.61883914e+00  1.84784980e+05 -1.26400790e+01 
 1.99526231e+05  1.37146230e+00  1.99526231e+05 -1.17381305e+01 
 2.15443469e+05  1.15820728e+00  2.15443469e+05 -1.08963508e+01 
 2.32630507e+05  9.74498570e-01  2.32630507e+05 -1.01115816e+01 
 2.51188643e+05  8.16339776e-01  2.51188643e+05 -9.38064554e+00 
 2.71227258e+05  6.80249506e-01  2.71227258e+05 -8.70039593e+00 
 2.92864456e+05  5.63201803e-01  2.92864456e+05 -8.06775343e+00 
 3.16227766e+05  4.62571605e-01  3.16227766e+05 -7.47973325e+00 
 3.41454887e+05  3.76085359e-01  3.41454887e+05 -6.93346415e+00 
 3.68694506e+05  3.01776707e-01  3.68694506e+05 -6.42620115e+00 
 3.98107171e+05  2.37947020e-01  3.98107171e+05 -5.95533322e+00 
 4.29866235e+05  1.83130446e-01  4.29866235e+05 -5.51838708e+00 
 4.64158883e+05  1.36063130e-01  4.64158883e+05 -5.11302807e+00 
 5.01187234e+05  9.56561961e-02  5.01187234e+05 -4.73705876e+00 
 5.41169527e+05  6.09721336e-02  5.41169527e+05 -4.38841585e+00 
 5.84341413e+05  3.12042061e-02  5.84341413e+05 -4.06516597e+00 
 6.30957344e+05  5.65854528e-03  6.30957344e+05 -3.76550060e+00 
 6.81292069e+05 -1.62613890e-02  6.81292069e+05 -3.48773047e+00 
 7.35642254e+05 -3.50682725e-02  7.35642254e+05 -3.23027959e+00 
 7.94328235e+05 -5.12025628e-02  7.94328235e+05 -2.99167925e+00 
 8.57695899e+05 -6.50425607e-02  8.57695899e+05 -2.77056184e+00 
 9.26118728e+05 -7.69130938e-02  9.26118728e+05 -2.56565487e+00 
 1.00000000e+06 -8.70930020e-02  1.00000000e+06 -2.37577512e+00 
 1.07977516e+06 -9.58215862e-02  1.07977516e+06 -2.19982289e+00 
 1.16591440e+06 -1.03304159e-01  1.16591440e+06 -2.03677661e+00 
 1.25892541e+06 -1.09716819e-01  1.25892541e+06 -1.88568762e+00 
 1.35935639e+06 -1.15210555e-01  1.35935639e+06 -1.74567519e+00 
 1.46779927e+06 -1.19914771e-01  1.46779927e+06 -1.61592193e+00 
 1.58489319e+06 -1.23940313e-01  1.58489319e+06 -1.49566930e+00 
 1.71132830e+06 -1.27382065e-01  1.71132830e+06 -1.38421353e+00 
 1.84784980e+06 -1.30321174e-01  1.84784980e+06 -1.28090172e+00 
 1.99526231e+06 -1.32826954e-01  1.99526231e+06 -1.18512819e+00 
 2.15443469e+06 -1.34958518e-01  2.15443469e+06 -1.09633110e+00 
 2.32630507e+06 -1.36766165e-01  2.32630507e+06 -1.01398926e+00 
 2.51188643e+06 -1.38292569e-01  2.51188643e+06 -9.37619195e-01 
 2.71227258e+06 -1.39573782e-01  2.71227258e+06 -8.66772389e-01 
 2.92864456e+06 -1.40640090e-01  2.92864456e+06 -8.01032709e-01 
 3.16227766e+06 -1.41516729e-01  3.16227766e+06 -7.40014041e-01 
 3.41454887e+06 -1.42224487e-01  3.41454887e+06 -6.83358087e-01 
 3.68694506e+06 -1.42780204e-01  3.68694506e+06 -6.30732312e-01 
 3.98107171e+06 -1.43197180e-01  3.98107171e+06 -5.81828068e-01 
 4.29866235e+06 -1.43485508e-01  4.29866235e+06 -5.36358844e-01 
 4.64158883e+06 -1.43652331e-01  4.64158883e+06 -4.94058667e-01 
 5.01187234e+06 -1.43702044e-01  5.01187234e+06 -4.54680634e-01 
 5.41169527e+06 -1.43636442e-01  5.41169527e+06 -4.17995576e-01 
 5.84341413e+06 -1.43454809e-01  5.84341413e+06 -3.83790843e-01 
 6.30957344e+06 -1.43153982e-01  6.30957344e+06 -3.51869223e-01 
 6.81292069e+06 -1.42728376e-01  6.81292069e+06 -3.22047978e-01 
 7.35642254e+06 -1.42169975e-01  7.35642254e+06 -2.94158007e-01 
 7.94328235e+06 -1.41468322e-01  7.94328235e+06 -2.68043139e-01 
 8.57695899e+06 -1.40610500e-01  8.57695899e+06 -2.43559550e-01 
 9.26118728e+06 -1.39581117e-01  9.26118728e+06 -2.20575317e-01 
 1.00000000e+07 -1.38362337e-01  1.00000000e+07 -1.98970102e-01 
 1.07977516e+07 -1.36933949e-01  1.07977516e+07 -1.78634976e-01 
 1.16591440e+07 -1.35273531e-01  1.16591440e+07 -1.59472364e-01 
 1.25892541e+07 -1.33356723e-01  1.25892541e+07 -1.41396120e-01 
 1.35935639e+07 -1.31157653e-01  1.35935639e+07 -1.24331702e-01 
 1.46779927e+07 -1.28649565e-01  1.46779927e+07 -1.08216418e-01 
 1.58489319e+07 -1.25805680e-01  1.58489319e+07 -9.29996994e-02 
 1.71132830e+07 -1.22600328e-01  1.71132830e+07 -7.86433314e-02 
 1.84784980e+07 -1.19010386e-01  1.84784980e+07 -6.51215603e-02 
 1.99526231e+07 -1.15017006e-01  1.99526231e+07 -5.24209609e-02 
 2.15443469e+07 -1.10607617e-01  2.15443469e+07 -4.05399442e-02 
 2.32630507e+07 -1.05778111e-01  2.32630507e+07 -2.94877685e-02 
 2.51188643e+07 -1.00535083e-01  2.51188643e+07 -1.92829327e-02 
 2.71227258e+07 -9.48979296e-02  2.71227258e+07 -9.95085997e-03 
 2.92864456e+07 -8.89005569e-02  2.92864456e+07 -1.52084259e-03 
 3.16227766e+07 -8.25924098e-02  3.16227766e+07  5.97768927e-03 
 3.41454887e+07 -7.60385451e-02  3.41454887e+07  1.25193991e-02 
 3.68694506e+07 -6.93185140e-02  3.68694506e+07  1.80874792e-02 
 3.98107171e+07 -6.25239279e-02  3.98107171e+07  2.26778866e-02 
 4.29866235e+07 -5.57547395e-02  4.29866235e+07  2.63029173e-02 
 4.64158883e+07 -4.91144507e-02  4.64158883e+07  2.89936607e-02 
 5.01187234e+07 -4.27046437e-02  5.01187234e+07  3.08009667e-02 
 5.41169527e+07 -3.66193635e-02  5.41169527e+07  3.17947171e-02 
 5.84341413e+07 -3.09399419e-02  5.84341413e+07  3.20614120e-02 
 6.30957344e+07 -2.57308174e-02  6.30957344e+07  3.17003059e-02 
 6.81292069e+07 -2.10367749e-02  6.81292069e+07  3.08185205e-02 
 7.35642254e+07 -1.68818379e-02  7.35642254e+07  2.95256877e-02 
 7.94328235e+07 -1.32698186e-02  7.94328235e+07  2.79287028e-02 
 8.57695899e+07 -1.01863240e-02  8.57695899e+07  2.61271116e-02 
 9.26118728e+07 -7.60185563e-03  9.26118728e+07  2.42095162e-02 
 1.00000000e+08 -5.47555760e-03  1.00000000e+08  2.22512159e-02 
 1.07977516e+08 -3.75915514e-03  1.07977516e+08  2.03131129e-02 
 1.16591440e+08 -2.40068785e-03  1.16591440e+08  1.84417638e-02 
 1.25892541e+08 -1.34774131e-03  1.25892541e+08  1.66703475e-02 
 1.35935639e+08 -5.50002513e-04  1.35935639e+08  1.50202684e-02 
 1.46779927e+08  3.89200108e-05  1.46779927e+08  1.35031104e-02 
 1.58489319e+08  4.60377255e-04  1.58489319e+08  1.21226929e-02 
 1.71132830e+08  7.50164198e-04  1.71132830e+08  1.08770384e-02 
 1.84784980e+08  9.38477562e-04  1.84784980e+08  9.76012146e-03 
 1.99526231e+08  1.05020997e-03  1.99526231e+08  8.76333508e-03 
 2.15443469e+08  1.10545511e-03  2.15443469e+08  7.87665172e-03 
 2.32630507e+08  1.12012044e-03  2.32630507e+08  7.08949599e-03 
 2.51188643e+08  1.10656933e-03  2.51188643e+08  6.39136289e-03 
 2.71227258e+08  1.07423940e-03  2.71227258e+08  5.77222683e-03 
 2.92864456e+08  1.03020460e-03  2.92864456e+08  5.22278736e-03 
 3.16227766e+08  9.79665089e-04  3.16227766e+08  4.73459384e-03 
 3.41454887e+08  9.26360334e-04  3.41454887e+08  4.30008516e-03 
 3.68694506e+08  8.72908647e-04  3.68694506e+08  3.91257331e-03 
 3.98107171e+08  8.21080299e-04  3.98107171e+08  3.56619245e-03 
 4.29866235e+08  7.72013479e-04  4.29866235e+08  3.25582940e-03 
 4.64158883e+08  7.26382570e-04  4.64158883e+08  2.97704619e-03 
 5.01187234e+08  6.84527648e-04  5.01187234e+08  2.72600182e-03 
 5.41169527e+08  6.46553027e-04  5.41169527e+08  2.49937730e-03 
 5.84341413e+08  6.12401443e-04  5.84341413e+08  2.29430655e-03 
 6.30957344e+08  5.81909295e-04  6.30957344e+08  2.10831400e-03 
 6.81292069e+08  5.54847247e-04  6.81292069e+08  1.93925939e-03 
 7.35642254e+08  5.30949652e-04  7.35642254e+08  1.78528939e-03 
 7.94328235e+08  5.09935460e-04  7.94328235e+08  1.64479571e-03 
 8.57695899e+08  4.91522718e-04  8.57695899e+08  1.51637910e-03 
 9.26118728e+08  4.75438283e-04  9.26118728e+08  1.39881846e-03 
 1.00000000e+09  4.61424000e-04  1.00000000e+09  1.29104468e-03 
 1.07977516e+09  4.49240303e-04  1.07977516e+09  1.19211836e-03 
 1.16591440e+09  4.38667980e-04  1.16591440e+09  1.10121103e-03 
 1.25892541e+09  4.29508649e-04  1.25892541e+09  1.01758930e-03 
 1.35935639e+09  4.21584363e-04  1.35935639e+09  9.40601456e-04 
 1.46779927e+09  4.14736647e-04  1.46779927e+09  8.69666232e-04 
 1.58489319e+09  4.08825204e-04  1.58489319e+09  8.04263325e-04 
 1.71132830e+09  4.03726431e-04  1.71132830e+09  7.43925398e-04 
 1.84784980e+09  3.99331876e-04  1.84784980e+09  6.88231327e-04 
 1.99526231e+09  3.95546702e-04  1.99526231e+09  6.36800487e-04 
 2.15443469e+09  3.92288209e-04  2.15443469e+09  5.89287905e-04 
 2.32630507e+09  3.89484458e-04  2.32630507e+09  5.45380126e-04 
 2.51188643e+09  3.87072987e-04  2.51188643e+09  5.04791678e-04 
 2.71227258e+09  3.84999661e-04  2.71227258e+09  4.67262045e-04 
 2.92864456e+09  3.83217626e-04  2.92864456e+09  4.32553042e-04 
 3.16227766e+09  3.81686377e-04  3.16227766e+09  4.00446547e-04 
 3.41454887e+09  3.80370936e-04  3.41454887e+09  3.70742522e-04 
 3.68694506e+09  3.79241126e-04  3.68694506e+09  3.43257282e-04 
 3.98107171e+09  3.78270927e-04  3.98107171e+09  3.17821967e-04 
 4.29866235e+09  3.77437925e-04  4.29866235e+09  2.94281195e-04 
 4.64158883e+09  3.76722817e-04  4.64158883e+09  2.72491861e-04 
 5.01187234e+09  3.76108994e-04  5.01187234e+09  2.52322071e-04 
 5.41169527e+09  3.75582164e-04  5.41169527e+09  2.33650186e-04 
 5.84341413e+09  3.75130041e-04  5.84341413e+09  2.16363955e-04 
 6.30957344e+09  3.74742061e-04  6.30957344e+09  2.00359746e-04 
 6.81292069e+09  3.74409148e-04  6.81292069e+09  1.85541839e-04 
 7.35642254e+09  3.74123503e-04  7.35642254e+09  1.71821791e-04 
 7.94328235e+09  3.73878428e-04  7.94328235e+09  1.59117857e-04 
 8.57695899e+09  3.73668169e-04  8.57695899e+09  1.47354461e-04 
 9.26118728e+09  3.73487788e-04  9.26118728e+09  1.36461714e-04 
 1.00000000e+10  3.73333044e-04  1.00000000e+10  1.26374972e-04 
