 1.00000000e+00  6.84758709e+04  1.00000000e+00 -1.22280076e+03 
 1.07977516e+00  6.84722493e+04  1.07977516e+00 -1.32028006e+03 
 1.16591440e+00  6.84680274e+04  1.16591440e+00 -1.42551771e+03 
 1.25892541e+00  6.84631057e+04  1.25892541e+00 -1.53912797e+03 
 1.35935639e+00  6.84573683e+04  1.35935639e+00 -1.66177289e+03 
 1.46779927e+00  6.84506801e+04  1.46779927e+00 -1.79416579e+03 
 1.58489319e+00  6.84428840e+04  1.58489319e+00 -1.93707501e+03 
 1.71132830e+00  6.84337966e+04  1.71132830e+00 -2.09132777e+03 
 1.84784980e+00  6.84232045e+04  1.84784980e+00 -2.25781427e+03 
 1.99526231e+00  6.84108592e+04  1.99526231e+00 -2.43749191e+03 
 2.15443469e+00  6.83964712e+04  2.15443469e+00 -2.63138969e+03 
 2.32630507e+00  6.83797037e+04  2.32630507e+00 -2.84061268e+03 
 2.51188643e+00  6.83601646e+04  2.51188643e+00 -3.06634659e+03 
 2.71227258e+00  6.83373978e+04  2.71227258e+00 -3.30986220e+03 
 2.92864456e+00  6.83108728e+04  2.92864456e+00 -3.57251981e+03 
 3.16227766e+00  6.82799729e+04  3.16227766e+00 -3.85577325e+03 
 3.41454887e+00  6.82439816e+04  3.41454887e+00 -4.16117363e+03 
 3.68694506e+00  6.82020666e+04  3.68694506e+00 -4.49037231e+03 
 3.98107171e+00  6.81532623e+04  3.98107171e+00 -4.84512295e+03 
 4.29866235e+00  6.80964488e+04  4.29866235e+00 -5.22728228e+03 
 4.64158883e+00  6.80303286e+04  4.64158883e+00 -5.63880914e+03 
 5.01187234e+00  6.79534000e+04  5.01187234e+00 -6.08176108e+03 
 5.41169527e+00  6.78639272e+04  5.41169527e+00 -6.55828810e+03 
 5.84341413e+00  6.77599067e+04  5.84341413e+00 -7.07062234e+03 
 6.30957344e+00  6.76390296e+04  6.30957344e+00 -7.62106297e+03 
 6.81292069e+00  6.74986406e+04  6.81292069e+00 -8.21195478e+03 
 7.35642254e+00  6.73356931e+04  7.35642254e+00 -8.84565914e+03 
 7.94328235e+00  6.71467008e+04  7.94328235e+00 -9.52451541e+03 
 8.57695899e+00  6.69276872e+04  8.57695899e+00 -1.02507909e+04 
 9.26118728e+00  6.66741331e+04  9.26118728e+00 -1.10266168e+04 
 1.00000000e+01  6.63809258e+04  1.00000000e+01 -1.18539082e+04 
 1.07977516e+01  6.60423107e+04  1.07977516e+01 -1.27342645e+04 
 1.16591440e+01  6.56518505e+04  1.16591440e+01 -1.36688487e+04 
 1.25892541e+01  6.52023970e+04  1.25892541e+01 -1.46582420e+04 
 1.35935639e+01  6.46860813e+04  1.35935639e+01 -1.57022733e+04 
 1.46779927e+01  6.40943314e+04  1.46779927e+01 -1.67998221e+04 
 1.58489319e+01  6.34179275e+04  1.58489319e+01 -1.79485960e+04 
 1.71132830e+01  6.26471052e+04  1.71132830e+01 -1.91448879e+04 
 1.84784980e+01  6.17717211e+04  1.84784980e+01 -2.03833196e+04 
 1.99526231e+01  6.07814917e+04  1.99526231e+01 -2.16565847e+04 
 2.15443469e+01  5.96663188e+04  2.15443469e+01 -2.29552100e+04 
 2.32630507e+01  5.84167081e+04  2.32630507e+01 -2.42673600e+04 
 2.51188643e+01  5.70242819e+04  2.51188643e+01 -2.55787148e+04 
 2.71227258e+01  5.54823788e+04  2.71227258e+01 -2.68724601e+04 
 2.92864456e+01  5.37867170e+04  2.92864456e+01 -2.81294260e+04 
 3.16227766e+01  5.19360838e+04  3.16227766e+01 -2.93284112e+04 
 3.41454887e+01  4.99329960e+04  3.41454887e+01 -3.04467188e+04 
 3.68694506e+01  4.77842616e+04  3.68694506e+01 -3.14609127e+04 
 3.98107171e+01  4.55013625e+04  3.98107171e+01 -3.23477773e+04 
 4.29866235e+01  4.31005833e+04  4.29866235e+01 -3.30854344e+04 
 4.64158883e+01  4.06028195e+04  4.64158883e+01 -3.36545345e+04 
 5.01187234e+01  3.80330352e+04  5.01187234e+01 -3.40394195e+04 
 5.41169527e+01  3.54193758e+04  5.41169527e+01 -3.42291330e+04 
 5.84341413e+01  3.27919918e+04  5.84341413e+01 -3.42181646e+04 
 6.30957344e+01  3.01816711e+04  6.30957344e+01 -3.40068349e+04 
 6.81292069e+01  2.76184098e+04  6.81292069e+01 -3.36012728e+04 
 7.35642254e+01  2.51300596e+04  7.35642254e+01 -3.30129884e+04 
 7.94328235e+01  2.27411787e+04  7.94328235e+01 -3.22580943e+04 
 8.57695899e+01  2.04721809e+04  8.57695899e+01 -3.13562732e+04 
 9.26118728e+01  1.83388307e+04  9.26118728e+01 -3.03296064e+04 
 1.00000000e+02  1.63520900e+04  1.00000000e+02 -2.92013851e+04 
 1.07977516e+02  1.45182773e+04  1.07977516e+02 -2.79950083e+04 
 1.16591440e+02  1.28394735e+04  1.16591440e+02 -2.67330428e+04 
 1.25892541e+02  1.13140988e+04  1.25892541e+02 -2.54364909e+04 
 1.35935639e+02  9.93757902e+03  1.35935639e+02 -2.41242781e+04 
 1.46779927e+02  8.70303456e+03  1.46779927e+02 -2.28129510e+04 
 1.58489319e+02  7.60193861e+03  1.58489319e+02 -2.15165560e+04 
 1.71132830e+02  6.62470775e+03  1.71132830e+02 -2.02466641e+04 
 1.84784980e+02  5.76120506e+03  1.84784980e+02 -1.90125021e+04 
 1.99526231e+02  5.00114826e+03  1.99526231e+02 -1.78211543e+04 
 2.15443469e+02  4.33442493e+03  2.15443469e+02 -1.66778045e+04 
 2.32630507e+02  3.75132322e+03  2.32630507e+02 -1.55859936e+04 
 2.51188643e+02  3.24268969e+03  2.51188643e+02 -1.45478747e+04 
 2.71227258e+02  2.80002709e+03  2.71227258e+02 -1.35644548e+04 
 2.92864456e+02  2.41554465e+03  2.92864456e+02 -1.26358139e+04 
 3.16227766e+02  2.08217238e+03  3.16227766e+02 -1.17612997e+04 
 3.41454887e+02  1.79354902e+03  3.41454887e+02 -1.09396950e+04 
 3.68694506e+02  1.54399199e+03  3.68694506e+02 -1.01693608e+04 
 3.98107171e+02  1.32845553e+03  3.98107171e+02 -9.44835386e+03 
 4.29866235e+02  1.14248219e+03  4.29866235e+02 -8.77452464e+03 
 4.64158883e+02  9.82151238e+02  4.64158883e+02 -8.14559515e+03 
 5.01187234e+02  8.44026701e+02  5.01187234e+02 -7.55922144e+03 
 5.41169527e+02  7.25106820e+02  5.41169527e+02 -7.01304225e+03 
 5.84341413e+02  6.22776160e+02  5.84341413e+02 -6.50471651e+03 
 6.30957344e+02  5.34761067e+02  6.30957344e+02 -6.03195142e+03 
 6.81292069e+02  4.59088829e+02  6.81292069e+02 -5.59252315e+03 
 7.35642254e+02  3.94050685e+02  7.35642254e+02 -5.18429135e+03 
 7.94328235e+02  3.38168597e+02  7.94328235e+02 -4.80520896e+03 
 8.57695899e+02  2.90165647e+02  8.57695899e+02 -4.45332816e+03 
 9.26118728e+02  2.48939814e+02  9.26118728e+02 -4.12680340e+03 
 1.00000000e+03  2.13540864e+02  1.00000000e+03 -3.82389224e+03 
 1.07977516e+03  1.83150063e+02  1.07977516e+03 -3.54295435e+03 
 1.16591440e+03  1.57062437e+02  1.16591440e+03 -3.28244937e+03 
 1.25892541e+03  1.34671309e+02  1.25892541e+03 -3.04093383e+03 
 1.35935639e+03  1.15454838e+02  1.35935639e+03 -2.81705739e+03 
 1.46779927e+03  9.89643412e+01  1.46779927e+03 -2.60955874e+03 
 1.58489319e+03  8.48141720e+01  1.58489319e+03 -2.41726118e+03 
 1.71132830e+03  7.26729649e+01  1.71132830e+03 -2.23906813e+03 
 1.84784980e+03  6.22560676e+01  1.84784980e+03 -2.07395859e+03 
 1.99526231e+03  5.33190104e+01  1.99526231e+03 -1.92098270e+03 
 2.15443469e+03  4.56518733e+01  2.15443469e+03 -1.77925733e+03 
 2.32630507e+03  3.90744327e+01  2.32630507e+03 -1.64796184e+03 
 2.51188643e+03  3.34319817e+01  2.51188643e+03 -1.52633409e+03 
 2.71227258e+03  2.85917336e+01  2.71227258e+03 -1.41366650e+03 
 2.92864456e+03  2.44397274e+01  2.92864456e+03 -1.30930238e+03 
 3.16227766e+03  2.08781676e+01  3.16227766e+03 -1.21263249e+03 
 3.41454887e+03  1.78231371e+01  3.41454887e+03 -1.12309173e+03 
 3.68694506e+03  1.52026328e+01  3.68694506e+03 -1.04015605e+03 
 3.98107171e+03  1.29548773e+01  3.98107171e+03 -9.63339574e+02 
 4.29866235e+03  1.10268690e+01  4.29866235e+03 -8.92191894e+02 
 4.64158883e+03  9.37313777e+00  4.64158883e+03 -8.26295526e+02 
 5.01187234e+03  7.95467564e+00  5.01187234e+03 -7.65263559e+02 
 5.41169527e+03  6.73801968e+00  5.41169527e+03 -7.08737448e+02 
 5.84341413e+03  5.69446443e+00  5.84341413e+03 -6.56384965e+02 
 6.30957344e+03  4.79938605e+00  6.30957344e+03 -6.07898288e+02 
 6.81292069e+03  4.03166238e+00  6.81292069e+03 -5.62992230e+02 
 7.35642254e+03  3.37317523e+00  7.35642254e+03 -5.21402585e+02 
 7.94328235e+03  2.80838345e+00  7.94328235e+03 -4.82884599e+02 
 8.57695899e+03  2.32395645e+00  8.57695899e+03 -4.47211545e+02 
 9.26118728e+03  1.90845997e+00  9.26118728e+03 -4.14173405e+02 
 1.00000000e+04  1.55208636e+00  1.00000000e+04 -3.83575640e+02 
 1.07977516e+04  1.24642326e+00  1.07977516e+04 -3.55238058e+02 
 1.16591440e+04  9.84255144e-01  1.16591440e+04 -3.28993758e+02 
 1.25892541e+04  7.59393078e-01  1.25892541e+04 -3.04688152e+02 
 1.35935639e+04  5.66528690e-01  1.35935639e+04 -2.82178058e+02 
 1.46779927e+04  4.01108900e-01  1.46779927e+04 -2.61330865e+02 
 1.58489319e+04  2.59228470e-01  1.58489319e+04 -2.42023747e+02 
 1.71132830e+04  1.37537833e-01  1.71132830e+04 -2.24142947e+02 
 1.84784980e+04  3.31640391e-02  1.84784980e+04 -2.07583107e+02 
 1.99526231e+04 -5.63570603e-02  1.99526231e+04 -1.92246650e+02 
 2.15443469e+04 -1.33138976e-01  2.15443469e+04 -1.78043201e+02 
 2.32630507e+04 -1.98994472e-01  2.32630507e+04 -1.64889062e+02 
 2.51188643e+04 -2.55478357e-01  2.51188643e+04 -1.52706716e+02 
 2.71227258e+04 -3.03924190e-01  2.71227258e+04 -1.41424371e+02 
 2.92864456e+04 -3.45475759e-01  2.92864456e+04 -1.30975538e+02 
 3.16227766e+04 -3.81114085e-01  3.16227766e+04 -1.21298636e+02 
 3.41454887e+04 -4.11680583e-01  3.41454887e+04 -1.12336638e+02 
 3.68694506e+04 -4.37896925e-01  3.68694506e+04 -1.04036726e+02 
 3.98107171e+04 -4.60382076e-01  3.98107171e+04 -9.63499826e+01 
 4.29866235e+04 -4.79666911e-01  4.29866235e+04 -8.92311069e+01 
 4.64158883e+04 -4.96206746e-01  4.64158883e+04 -8.26381423e+01 
 5.01187234e+04 -5.10392087e-01  5.01187234e+04 -7.65322323e+01 
 5.41169527e+04 -5.22557851e-01  5.41169527e+04 -7.08773903e+01 
 5.84341413e+04 -5.32991275e-01  5.84341413e+04 -6.56402882e+01 
 6.30957344e+04 -5.41938693e-01  6.30957344e+04 -6.07900600e+01 
 6.81292069e+04 -5.49611355e-01  6.81292069e+04 -5.62981196e+01 
 7.35642254e+04 -5.56190414e-01  7.35642254e+04 -5.21379922e+01 
 7.94328235e+04 -5.61831204e-01  7.94328235e+04 -4.82851591e+01 
 8.57695899e+04 -5.66666904e-01  8.57695899e+04 -4.47169123e+01 
 9.26118728e+04 -5.70811687e-01  9.26118728e+04 -4.14122212e+01 
 1.00000000e+05 -5.74363412e-01  1.00000000e+05 -3.83516085e+01 
 1.07977516e+05 -5.77405937e-01  1.07977516e+05 -3.55170355e+01 
 1.16591440e+05 -5.80011096e-01  1.16591440e+05 -3.28917956e+01 
 1.25892541e+05 -5.82240399e-01  1.25892541e+05 -3.04604161e+01 
 1.35935639e+05 -5.84146481e-01  1.35935639e+05 -2.82085667e+01 
 1.46779927e+05 -5.85774345e-01  1.46779927e+05 -2.61229754e+01 
 1.58489319e+05 -5.87162428e-01  1.58489319e+05 -2.41913501e+01 
 1.71132830e+05 -5.88343503e-01  1.71132830e+05 -2.24023060e+01 
 1.84784980e+05 -5.89345457e-01  1.84784980e+05 -2.07452987e+01 
 1.99526231e+05 -5.90191951e-01  1.99526231e+05 -1.92105622e+01 
 2.15443469e+05 -5.90902973e-01  2.15443469e+05 -1.77890509e+01 
 2.32630507e+05 -5.91495317e-01  2.32630507e+05 -1.64723868e+01 
 2.51188643e+05 -5.91982974e-01  2.51188643e+05 -1.52528097e+01 
 2.71227258e+05 -5.92377466e-01  2.71227258e+05 -1.41231317e+01 
 2.92864456e+05 -5.92688121e-01  2.92864456e+05 -1.30766948e+01 
 3.16227766e+05 -5.92922290e-01  3.16227766e+05 -1.21073318e+01 
 3.41454887e+05 -5.93085525e-01  3.41454887e+05 -1.12093295e+01 
 3.68694506e+05 -5.93181711e-01  3.68694506e+05 -1.03773957e+01 
 3.98107171e+05 -5.93213161e-01  3.98107171e+05 -9.60662756e+00 
 4.29866235e+05 -5.93180675e-01  4.29866235e+05 -8.89248285e+00 
 4.64158883e+05 -5.93083564e-01  4.64158883e+05 -8.23075328e+00 
 5.01187234e+05 -5.92919640e-01  5.01187234e+05 -7.61753968e+00 
 5.41169527e+05 -5.92685177e-01  5.41169527e+05 -7.04922906e+00 
 5.84341413e+05 -5.92374834e-01  5.84341413e+05 -6.52247342e+00 
 6.30957344e+05 -5.91981546e-01  6.30957344e+05 -6.03417007e+00 
 6.81292069e+05 -5.91496386e-01  6.81292069e+05 -5.58144344e+00 
 7.35642254e+05 -5.90908382e-01  7.35642254e+05 -5.16162829e+00 
 7.94328235e+05 -5.90204308e-01  7.94328235e+05 -4.77225409e+00 
 8.57695899e+05 -5.89368426e-01  8.57695899e+05 -4.41103072e+00 
 9.26118728e+05 -5.88382199e-01  9.26118728e+05 -4.07583517e+00 
 1.00000000e+06 -5.87223962e-01  1.00000000e+06 -3.76469934e+00 
 1.07977516e+06 -5.85868551e-01  1.07977516e+06 -3.47579876e+00 
 1.16591440e+06 -5.84286908e-01  1.16591440e+06 -3.20744233e+00 
 1.25892541e+06 -5.82445652e-01  1.25892541e+06 -2.95806286e+00 
 1.35935639e+06 -5.80306629e-01  1.35935639e+06 -2.72620847e+00 
 1.46779927e+06 -5.77826472e-01  1.46779927e+06 -2.51053486e+00 
 1.58489319e+06 -5.74956169e-01  1.58489319e+06 -2.30979828e+00 
 1.71132830e+06 -5.71640691e-01  1.71132830e+06 -2.12284930e+00 
 1.84784980e+06 -5.67818708e-01  1.84784980e+06 -1.94862739e+00 
 1.99526231e+06 -5.63422459e-01  1.99526231e+06 -1.78615608e+00 
 2.15443469e+06 -5.58377835e-01  2.15443469e+06 -1.63453894e+00 
 2.32630507e+06 -5.52604774e-01  2.32630507e+06 -1.49295616e+00 
 2.51188643e+06 -5.46018042e-01  2.51188643e+06 -1.36066172e+00 
 2.71227258e+06 -5.38528544e-01  2.71227258e+06 -1.23698107e+00 
 2.92864456e+06 -5.30045251e-01  2.92864456e+06 -1.12130918e+00 
 3.16227766e+06 -5.20477863e-01  3.16227766e+06 -1.01310887e+00 
 3.41454887e+06 -5.09740289e-01  3.41454887e+06 -9.11908955e-01 
 3.68694506e+06 -4.97754967e-01  3.68694506e+06 -8.17302283e-01 
 3.98107171e+06 -4.84457990e-01  3.98107171e+06 -7.28942970e-01 
 4.29866235e+06 -4.69804861e-01  4.29866235e+06 -6.46542719e-01 
 4.64158883e+06 -4.53776601e-01  4.64158883e+06 -5.69865775e-01 
 5.01187234e+06 -4.36385751e-01  5.01187234e+06 -4.98722242e-01 
 5.41169527e+06 -4.17681680e-01  5.41169527e+06 -4.32959642e-01 
 5.84341413e+06 -3.97754530e-01  5.84341413e+06 -3.72452748e-01 
 6.30957344e+06 -3.76737067e-01  6.30957344e+06 -3.17092052e-01 
 6.81292069e+06 -3.54803853e-01  6.81292069e+06 -2.66771456e-01 
 7.35642254e+06 -3.32167337e-01  7.35642254e+06 -2.21376088e-01 
 7.94328235e+06 -3.09070837e-01  7.94328235e+06 -1.80771261e-01 
 8.57695899e+06 -2.85778759e-01  8.57695899e+06 -1.44793640e-01 
 9.26118728e+06 -2.62564848e-01  9.26118728e+06 -1.13245503e-01 
 1.00000000e+07 -2.39699531e-01  1.00000000e+07 -8.58926249e-02 
 1.07977516e+07 -2.17437602e-01  1.07977516e+07 -6.24659216e-02 
 1.16591440e+07 -1.96007403e-01  1.16591440e+07 -4.26664535e-02 
 1.25892541e+07 -1.75602453e-01  1.25892541e+07 -2.61730494e-02 
 1.35935639e+07 -1.56376070e-01  1.35935639e+07 -1.26515291e-02 
 1.46779927e+07 -1.38439140e-01  1.46779927e+07 -1.76444455e-03 
 1.58489319e+07 -1.21860774e-01  1.58489319e+07  6.81964391e-03 
 1.71132830e+07 -1.06671357e-01  1.71132830e+07  1.34181176e-02 
 1.84784980e+07 -9.28672839e-02  1.84784980e+07  1.83279551e-02 
 1.99526231e+07 -8.04166958e-02  1.99526231e+07  2.18212906e-02 
 2.15443469e+07 -6.92655569e-02  2.15443469e+07  2.41428340e-02 
 2.32630507e+07 -5.93435658e-02  2.32630507e+07  2.55089419e-02 
 2.51188643e+07 -5.05695296e-02  2.51188643e+07  2.61080305e-02 
 2.71227258e+07 -4.28559824e-02  2.71227258e+07  2.61019861e-02 
 2.92864456e+07 -3.61129527e-02  2.92864456e+07  2.56282401e-02 
 3.16227766e+07 -3.02508820e-02  3.16227766e+07  2.48022171e-02 
 3.41454887e+07 -2.51827602e-02  3.41454887e+07  2.37199187e-02 
 3.68694506e+07 -2.08255839e-02  3.68694506e+07  2.24604661e-02 
 3.98107171e+07 -1.71012617e-02  3.98107171e+07  2.10884791e-02 
 4.29866235e+07 -1.39370926e-02  4.29866235e+07  1.96562189e-02 
 4.64158883e+07 -1.12659369e-02  4.64158883e+07  1.82054619e-02 
 5.01187234e+07 -9.02618214e-03  5.01187234e+07  1.67691013e-02 
 5.41169527e+07 -7.16158904e-03  5.41169527e+07  1.53724994e-02 
 5.84341413e+07 -5.62107884e-03  5.84341413e+07  1.40346259e-02 
 6.30957344e+07 -4.35850340e-03  6.30957344e+07  1.27690228e-02 
 6.81292069e+07 -3.33241877e-03  6.81292069e+07  1.15846401e-02 
 7.35642254e+07 -2.50586744e-03  7.35642254e+07  1.04865762e-02 
 7.94328235e+07 -1.84616349e-03  7.94328235e+07  9.47675059e-03 
 8.57695899e+07 -1.32466998e-03  8.57695899e+07  8.55452219e-03 
 9.26118728e+07 -9.16557775e-04  9.26118728e+07  7.71725982e-03 
 1.00000000e+08 -6.00539067e-04  1.00000000e+08  6.96086119e-03 
 1.07977516e+08 -3.58574322e-04  1.07977516e+08  6.28021454e-03 
 1.16591440e+08 -1.75557301e-04  1.16591440e+08  5.66959623e-03 
 1.25892541e+08 -3.89870174e-05  1.25892541e+08  5.12300002e-03 
 1.35935639e+08  6.13621897e-05  1.35935639e+08  4.63439752e-03 
 1.46779927e+08  1.33761232e-04  1.46779927e+08  4.19793324e-03 
 1.58489319e+08  1.84827787e-04  1.58489319e+08  3.80806106e-03 
 1.71132830e+08  2.19801633e-04  1.71132830e+08  3.45963079e-03 
 1.84784980e+08  2.42789526e-04  1.84784980e+08  3.14793473e-03 
 1.99526231e+08  2.56978034e-04  1.99526231e+08  2.86872341e-03 
 2.15443469e+08  2.64814847e-04  2.15443469e+08  2.61819939e-03 
 2.32630507e+08  2.68160586e-04  2.32630507e+08  2.39299597e-03 
 2.51188643e+08  2.68414050e-04  2.51188643e+08  2.19014669e-03 
 2.71227258e+08  2.66614211e-04  2.71227258e+08  2.00704992e-03 
 2.92864456e+08  2.63522327e-04  2.92864456e+08  1.84143164e-03 
 3.16227766e+08  2.59687371e-04  3.16227766e+08  1.69130853e-03 
 3.41454887e+08  2.55497656e-04  3.41454887e+08  1.55495291e-03 
 3.68694506e+08  2.51221200e-04  3.68694506e+08  1.43086011e-03 
 3.98107171e+08  2.47036986e-04  3.98107171e+08  1.31771906e-03 
 4.29866235e+08  2.43058961e-04  4.29866235e+08  1.21438588e-03 
 4.64158883e+08  2.39354282e-04  4.64158883e+08  1.11986072e-03 
 5.01187234e+08  2.35957055e-04  5.01187234e+08  1.03326753e-03 
 5.41169527e+08  2.32878570e-04  5.41169527e+08  9.53836579e-04 
 5.84341413e+08  2.30114846e-04  5.84341413e+08  8.80889422e-04 
 6.30957344e+08  2.27652115e-04  6.30957344e+08  8.13826092e-04 
 6.81292069e+08  2.25470757e-04  6.81292069e+08  7.52114175e-04 
 7.35642254e+08  2.23548077e-04  7.35642254e+08  6.95279539e-04 
 7.94328235e+08  2.21860209e-04  7.94328235e+08  6.42898482e-04 
 8.57695899e+08  2.20383398e-04  8.57695899e+08  5.94591086e-04 
 9.26118728e+08  2.19094823e-04  9.26118728e+08  5.50015579e-04 
 1.00000000e+09  2.17973089e-04  1.00000000e+09  5.08863561e-04 
 1.07977516e+09  2.16998492e-04  1.07977516e+09  4.70855944e-04 
 1.16591440e+09  2.16153126e-04  1.16591440e+09  4.35739497e-04 
 1.25892541e+09  2.15420885e-04  1.25892541e+09  4.03283896e-04 
 1.35935639e+09  2.14787396e-04  1.35935639e+09  3.73279190e-04 
 1.46779927e+09  2.14239913e-04  1.46779927e+09  3.45533627e-04 
 1.58489319e+09  2.13767191e-04  1.58489319e+09  3.19871767e-04 
 1.71132830e+09  2.13359347e-04  1.71132830e+09  2.96132846e-04 
 1.84784980e+09  2.13007725e-04  1.84784980e+09  2.74169348e-04 
 1.99526231e+09  2.12704762e-04  1.99526231e+09  2.53845751e-04 
 2.15443469e+09  2.12443870e-04  2.15443469e+09  2.35037421e-04 
 2.32630507e+09  2.12219317e-04  2.32630507e+09  2.17629629e-04 
 2.51188643e+09  2.12026125e-04  2.51188643e+09  2.01516685e-04 
 2.71227258e+09  2.11859978e-04  2.71227258e+09  1.86601152e-04 
 2.92864456e+09  2.11717139e-04  2.92864456e+09  1.72793150e-04 
 3.16227766e+09  2.11594376e-04  3.16227766e+09  1.60009724e-04 
 3.41454887e+09  2.11488894e-04  3.41454887e+09  1.48174278e-04 
 3.68694506e+09  2.11398283e-04  3.68694506e+09  1.37216056e-04 
 3.98107171e+09  2.11320462e-04  3.98107171e+09  1.27069675e-04 
 4.29866235e+09  2.11253637e-04  4.29866235e+09  1.17674700e-04 
 4.64158883e+09  2.11196264e-04  4.64158883e+09  1.08975252e-04 
 5.01187234e+09  2.11147013e-04  5.01187234e+09  1.00919656e-04 
 5.41169527e+09  2.11104738e-04  5.41169527e+09  9.34601130e-05 
 5.84341413e+09  2.11068456e-04  5.84341413e+09  8.65524023e-05 
 6.30957344e+09  2.11037319e-04  6.30957344e+09  8.01556082e-05 
 6.81292069e+09  2.11010601e-04  6.81292069e+09  7.42318674e-05 
 7.35642254e+09  2.10987675e-04  7.35642254e+09  6.87461379e-05 
 7.94328235e+09  2.10968005e-04  7.94328235e+09  6.36659855e-05 
 8.57695899e+09  2.10951128e-04  8.57695899e+09  5.89613872e-05 
 9.26118728e+09  2.10936649e-04  9.26118728e+09  5.46045502e-05 
 1.00000000e+10  2.10924228e-04  1.00000000e+10  5.05697446e-05 
