 1.00000000e+00  2.71146286e+02  1.00000000e+00 -2.88579059e-03 
 1.07977516e+00  2.71146286e+02  1.07977516e+00 -3.11600500e-03 
 1.16591440e+00  2.71146286e+02  1.16591440e+00 -3.36458481e-03 
 1.25892541e+00  2.71146286e+02  1.25892541e+00 -3.63299511e-03 
 1.35935639e+00  2.71146286e+02  1.35935639e+00 -3.92281788e-03 
 1.46779927e+00  2.71146286e+02  1.46779927e+00 -4.23576131e-03 
 1.58489319e+00  2.71146286e+02  1.58489319e+00 -4.57366986e-03 
 1.71132830e+00  2.71146286e+02  1.71132830e+00 -4.93853512e-03 
 1.84784980e+00  2.71146286e+02  1.84784980e+00 -5.33250756e-03 
 1.99526231e+00  2.71146286e+02  1.99526231e+00 -5.75790921e-03 
 2.15443469e+00  2.71146286e+02  2.15443469e+00 -6.21724735e-03 
 2.32630507e+00  2.71146286e+02  2.32630507e+00 -6.71322927e-03 
 2.51188643e+00  2.71146285e+02  2.51188643e+00 -7.24877822e-03 
 2.71227258e+00  2.71146285e+02  2.71227258e+00 -7.82705068e-03 
 2.92864456e+00  2.71146285e+02  2.92864456e+00 -8.45145492e-03 
 3.16227766e+00  2.71146285e+02  3.16227766e+00 -9.12567111e-03 
 3.41454887e+00  2.71146285e+02  3.41454887e+00 -9.85367300e-03 
 3.68694506e+00  2.71146285e+02  3.68694506e+00 -1.06397514e-02 
 3.98107171e+00  2.71146285e+02  3.98107171e+00 -1.14885392e-02 
 4.29866235e+00  2.71146285e+02  4.29866235e+00 -1.24050393e-02 
 4.64158883e+00  2.71146285e+02  4.64158883e+00 -1.33946533e-02 
 5.01187234e+00  2.71146285e+02  5.01187234e+00 -1.44632140e-02 
 5.41169527e+00  2.71146285e+02  5.41169527e+00 -1.56170192e-02 
 5.84341413e+00  2.71146285e+02  5.84341413e+00 -1.68628695e-02 
 6.30957344e+00  2.71146284e+02  6.30957344e+00 -1.82081076e-02 
 6.81292069e+00  2.71146284e+02  6.81292069e+00 -1.96606623e-02 
 7.35642254e+00  2.71146284e+02  7.35642254e+00 -2.12290948e-02 
 7.94328235e+00  2.71146284e+02  7.94328235e+00 -2.29226493e-02 
 8.57695899e+00  2.71146283e+02  8.57695899e+00 -2.47513073e-02 
 9.26118728e+00  2.71146283e+02  9.26118728e+00 -2.67258469e-02 
 1.00000000e+01  2.71146283e+02  1.00000000e+01 -2.88579056e-02 
 1.07977516e+01  2.71146282e+02  1.07977516e+01 -3.11600496e-02 
 1.16591440e+01  2.71146282e+02  1.16591440e+01 -3.36458476e-02 
 1.25892541e+01  2.71146281e+02  1.25892541e+01 -3.63299504e-02 
 1.35935639e+01  2.71146280e+02  1.35935639e+01 -3.92281780e-02 
 1.46779927e+01  2.71146279e+02  1.46779927e+01 -4.23576121e-02 
 1.58489319e+01  2.71146278e+02  1.58489319e+01 -4.57366973e-02 
 1.71132830e+01  2.71146277e+02  1.71132830e+01 -4.93853495e-02 
 1.84784980e+01  2.71146275e+02  1.84784980e+01 -5.33250735e-02 
 1.99526231e+01  2.71146273e+02  1.99526231e+01 -5.75790895e-02 
 2.15443469e+01  2.71146271e+02  2.15443469e+01 -6.21724703e-02 
 2.32630507e+01  2.71146269e+02  2.32630507e+01 -6.71322886e-02 
 2.51188643e+01  2.71146266e+02  2.51188643e+01 -7.24877771e-02 
 2.71227258e+01  2.71146263e+02  2.71227258e+01 -7.82705004e-02 
 2.92864456e+01  2.71146259e+02  2.92864456e+01 -8.45145411e-02 
 3.16227766e+01  2.71146255e+02  3.16227766e+01 -9.12567008e-02 
 3.41454887e+01  2.71146250e+02  3.41454887e+01 -9.85367171e-02 
 3.68694506e+01  2.71146244e+02  3.68694506e+01 -1.06397497e-01 
 3.98107171e+01  2.71146237e+02  3.98107171e+01 -1.14885372e-01 
 4.29866235e+01  2.71146229e+02  4.29866235e+01 -1.24050368e-01 
 4.64158883e+01  2.71146220e+02  4.64158883e+01 -1.33946501e-01 
 5.01187234e+01  2.71146209e+02  5.01187234e+01 -1.44632099e-01 
 5.41169527e+01  2.71146196e+02  5.41169527e+01 -1.56170141e-01 
 5.84341413e+01  2.71146181e+02  5.84341413e+01 -1.68628630e-01 
 6.30957344e+01  2.71146163e+02  6.30957344e+01 -1.82080995e-01 
 6.81292069e+01  2.71146143e+02  6.81292069e+01 -1.96606521e-01 
 7.35642254e+01  2.71146120e+02  7.35642254e+01 -2.12290820e-01 
 7.94328235e+01  2.71146092e+02  7.94328235e+01 -2.29226331e-01 
 8.57695899e+01  2.71146060e+02  8.57695899e+01 -2.47512869e-01 
 9.26118728e+01  2.71146022e+02  9.26118728e+01 -2.67258212e-01 
 1.00000000e+02  2.71145979e+02  1.00000000e+02 -2.88578732e-01 
 1.07977516e+02  2.71145928e+02  1.07977516e+02 -3.11600089e-01 
 1.16591440e+02  2.71145868e+02  1.16591440e+02 -3.36457963e-01 
 1.25892541e+02  2.71145799e+02  1.25892541e+02 -3.63298859e-01 
 1.35935639e+02  2.71145718e+02  1.35935639e+02 -3.92280968e-01 
 1.46779927e+02  2.71145624e+02  1.46779927e+02 -4.23575099e-01 
 1.58489319e+02  2.71145514e+02  1.58489319e+02 -4.57365686e-01 
 1.71132830e+02  2.71145387e+02  1.71132830e+02 -4.93851875e-01 
 1.84784980e+02  2.71145237e+02  1.84784980e+02 -5.33248695e-01 
 1.99526231e+02  2.71145063e+02  1.99526231e+02 -5.75788327e-01 
 2.15443469e+02  2.71144861e+02  2.15443469e+02 -6.21721469e-01 
 2.32630507e+02  2.71144624e+02  2.32630507e+02 -6.71318815e-01 
 2.51188643e+02  2.71144348e+02  2.51188643e+02 -7.24872646e-01 
 2.71227258e+02  2.71144027e+02  2.71227258e+02 -7.82698551e-01 
 2.92864456e+02  2.71143652e+02  2.92864456e+02 -8.45137287e-01 
 3.16227766e+02  2.71143215e+02  3.16227766e+02 -9.12556782e-01 
 3.41454887e+02  2.71142706e+02  3.41454887e+02 -9.85354297e-01 
 3.68694506e+02  2.71142112e+02  3.68694506e+02 -1.06395877e+00 
 3.98107171e+02  2.71141420e+02  3.98107171e+02 -1.14883332e+00 
 4.29866235e+02  2.71140612e+02  4.29866235e+02 -1.24047799e+00 
 4.64158883e+02  2.71139671e+02  4.64158883e+02 -1.33943267e+00 
 5.01187234e+02  2.71138574e+02  5.01187234e+02 -1.44628028e+00 
 5.41169527e+02  2.71137294e+02  5.41169527e+02 -1.56165016e+00 
 5.84341413e+02  2.71135802e+02  5.84341413e+02 -1.68622178e+00 
 6.30957344e+02  2.71134063e+02  6.30957344e+02 -1.82072872e+00 
 6.81292069e+02  2.71132035e+02  6.81292069e+02 -1.96596295e+00 
 7.35642254e+02  2.71129671e+02  7.35642254e+02 -2.12277946e+00 
 7.94328235e+02  2.71126915e+02  7.94328235e+02 -2.29210124e+00 
 8.57695899e+02  2.71123701e+02  8.57695899e+02 -2.47492466e+00 
 9.26118728e+02  2.71119954e+02  9.26118728e+02 -2.67232526e+00 
 1.00000000e+03  2.71115586e+02  1.00000000e+03 -2.88546396e+00 
 1.07977516e+03  2.71110493e+02  1.07977516e+03 -3.11559381e+00 
 1.16591440e+03  2.71104556e+02  1.16591440e+03 -3.36406716e+00 
 1.25892541e+03  2.71097633e+02  1.25892541e+03 -3.63234345e+00 
 1.35935639e+03  2.71089563e+02  1.35935639e+03 -3.92199751e+00 
 1.46779927e+03  2.71080154e+02  1.46779927e+03 -4.23472857e+00 
 1.58489319e+03  2.71069185e+02  1.58489319e+03 -4.57236976e+00 
 1.71132830e+03  2.71056397e+02  1.71132830e+03 -4.93689847e+00 
 1.84784980e+03  2.71041489e+02  1.84784980e+03 -5.33044725e+00 
 1.99526231e+03  2.71024110e+02  1.99526231e+03 -5.75531561e+00 
 2.15443469e+03  2.71003849e+02  2.15443469e+03 -6.21398245e+00 
 2.32630507e+03  2.70980232e+02  2.32630507e+03 -6.70911935e+00 
 2.51188643e+03  2.70952701e+02  2.51188643e+03 -7.24360467e+00 
 2.71227258e+03  2.70920609e+02  2.71227258e+03 -7.82053834e+00 
 2.92864456e+03  2.70883202e+02  2.92864456e+03 -8.44325749e+00 
 3.16227766e+03  2.70839602e+02  3.16227766e+03 -9.11535282e+00 
 3.41454887e+03  2.70788786e+02  3.41454887e+03 -9.84068548e+00 
 3.68694506e+03  2.70729562e+02  3.68694506e+03 -1.06234046e+01 
 3.98107171e+03  2.70660546e+02  3.98107171e+03 -1.14679652e+01 
 4.29866235e+03  2.70580123e+02  4.29866235e+03 -1.23791458e+01 
 4.64158883e+03  2.70486417e+02  4.64158883e+03 -1.33620666e+01 
 5.01187234e+03  2.70377246e+02  5.01187234e+03 -1.44222062e+01 
 5.41169527e+03  2.70250072e+02  5.41169527e+03 -1.55654178e+01 
 5.84341413e+03  2.70101950e+02  5.84341413e+03 -1.67979427e+01 
 6.30957344e+03  2.69929457e+02  6.30957344e+03 -1.81264219e+01 
 6.81292069e+03  2.69728623e+02  6.81292069e+03 -1.95579026e+01 
 7.35642254e+03  2.69494844e+02  7.35642254e+03 -2.10998400e+01 
 7.94328235e+03  2.69222789e+02  7.94328235e+03 -2.27600914e+01 
 8.57695899e+03  2.68906289e+02  8.57695899e+03 -2.45468995e+01 
 9.26118728e+03  2.68538215e+02  9.26118728e+03 -2.64688648e+01 
 1.00000000e+04  2.68110342e+02  1.00000000e+04 -2.85348996e+01 
 1.07977516e+04  2.67613197e+02  1.07977516e+04 -3.07541630e+01 
 1.16591440e+04  2.67035890e+02  1.16591440e+04 -3.31359685e+01 
 1.25892541e+04  2.66365935e+02  1.25892541e+04 -3.56896606e+01 
 1.35935639e+04  2.65589056e+02  1.35935639e+04 -3.84244511e+01 
 1.46779927e+04  2.64688982e+02  1.46779927e+04 -4.13492078e+01 
 1.58489319e+04  2.63647243e+02  1.58489319e+04 -4.44721863e+01 
 1.71132830e+04  2.62442967e+02  1.71132830e+04 -4.78006935e+01 
 1.84784980e+04  2.61052698e+02  1.84784980e+04 -5.13406743e+01 
 1.99526231e+04  2.59450240e+02  1.99526231e+04 -5.50962088e+01 
 2.15443469e+04  2.57606567e+02  2.15443469e+04 -5.90689128e+01 
 2.32630507e+04  2.55489803e+02  2.32630507e+04 -6.32572353e+01 
 2.51188643e+04  2.53065329e+02  2.51188643e+04 -6.76556515e+01 
 2.71227258e+04  2.50296042e+02  2.71227258e+04 -7.22537603e+01 
 2.92864456e+04  2.47142828e+02  2.92864456e+04 -7.70353046e+01 
 3.16227766e+04  2.43565276e+02  3.16227766e+04 -8.19771503e+01 
 3.41454887e+04  2.39522718e+02  3.41454887e+04 -8.70482794e+01 
 3.68694506e+04  2.34975600e+02  3.68694506e+04 -9.22088769e+01 
 3.98107171e+04  2.29887240e+02  3.98107171e+04 -9.74096175e+01 
 4.29866235e+04  2.24225947e+02  4.29866235e+04 -1.02591282e+02 
 4.64158883e+04  2.17967474e+02  4.64158883e+04 -1.07684851e+02 
 5.01187234e+04  2.11097684e+02  5.01187234e+04 -1.12612226e+02 
 5.41169527e+04  2.03615276e+02  5.41169527e+04 -1.17287723e+02 
 5.84341413e+04  1.95534328e+02  5.84341413e+04 -1.21620409e+02 
 6.30957344e+04  1.86886372e+02  6.30957344e+04 -1.25517316e+02 
 6.81292069e+04  1.77721688e+02  6.81292069e+04 -1.28887422e+02 
 7.35642254e+04  1.68109503e+02  7.35642254e+04 -1.31646177e+02 
 7.94328235e+04  1.58136894e+02  7.94328235e+04 -1.33720243e+02 
 8.57695899e+04  1.47906285e+02  8.57695899e+04 -1.35051985e+02 
 9.26118728e+04  1.37531611e+02  9.26118728e+04 -1.35603249e+02 
 1.00000000e+05  1.27133430e+02  1.00000000e+05 -1.35357976e+02 
 1.07977516e+05  1.16833394e+02  1.07977516e+05 -1.34323331e+02 
 1.16591440e+05  1.06748613e+02  1.16591440e+05 -1.32529196e+02 
 1.25892541e+05  9.69864606e+01  1.25892541e+05 -1.30026097e+02 
 1.35935639e+05  8.76402944e+01  1.35935639e+05 -1.26881832e+02 
 1.46779927e+05  7.87864208e+01  1.46779927e+05 -1.23177192e+02 
 1.58489319e+05  7.04824560e+01  1.58489319e+05 -1.19001263e+02 
 1.71132830e+05  6.27670496e+01  1.71132830e+05 -1.14446773e+02 
 1.84784980e+05  5.56607896e+01  1.84784980e+05 -1.09605862e+02 
 1.99526231e+05  4.91680132e+01  1.99526231e+05 -1.04566562e+02 
 2.15443469e+05  4.32792061e+01  2.15443469e+05 -9.94101126e+01 
 2.32630507e+05  3.79736893e+01  2.32630507e+05 -9.42091523e+01 
 2.51188643e+05  3.32223328e+01  2.51188643e+05 -8.90267157e+01 
 2.71227258e+05  2.89901054e+01  2.71227258e+05 -8.39159140e+01 
 2.92864456e+05  2.52383308e+01  2.92864456e+05 -7.89201539e+01 
 3.16227766e+05  2.19265859e+01  3.16227766e+05 -7.40737398e+01 
 3.41454887e+05  1.90142215e+01  3.41454887e+05 -6.94027250e+01 
 3.68694506e+05  1.64615223e+01  3.68694506e+05 -6.49258921e+01 
 3.98107171e+05  1.42305426e+01  3.98107171e+05 -6.06557774e+01 
 4.29866235e+05  1.22856664e+01  4.29866235e+05 -5.65996711e+01 
 4.64158883e+05  1.05939422e+01  4.64158883e+05 -5.27605529e+01 
 5.01187234e+05  9.12524231e+00  5.01187234e+05 -4.91379370e+01 
 5.41169527e+05  7.85228932e+00  5.41169527e+05 -4.57286154e+01 
 5.84341413e+05  6.75058791e+00  5.84341413e+05 -4.25272965e+01 
 6.30957344e+05  5.79829167e+00  6.30957344e+05 -3.95271438e+01 
 6.81292069e+05  4.97602909e+00  6.81292069e+05 -3.67202230e+01 
 7.35642254e+05  4.26670720e+00  7.35642254e+05 -3.40978666e+01 
 7.94328235e+05  3.65530601e+00  7.94328235e+05 -3.16509672e+01 
 8.57695899e+05  3.12867365e+00  8.57695899e+05 -2.93702095e+01 
 9.26118728e+05  2.67532849e+00  9.26118728e+05 -2.72462512e+01 
 1.00000000e+06  2.28527272e+00  1.00000000e+06 -2.52698611e+01 
 1.07977516e+06  1.94981950e+00  1.07977516e+06 -2.34320226e+01 
 1.16591440e+06  1.66143519e+00  1.16591440e+06 -2.17240086e+01 
 1.25892541e+06  1.41359659e+00  1.25892541e+06 -2.01374343e+01 
 1.35935639e+06  1.20066314e+00  1.35935639e+06 -1.86642911e+01 
 1.46779927e+06  1.01776317e+00  1.46779927e+06 -1.72969678e+01 
 1.58489319e+06  8.60693280e-01  1.58489319e+06 -1.60282595e+01 
 1.71132830e+06  7.25829743e-01  1.71132830e+06 -1.48513691e+01 
 1.84784980e+06  6.10050877e-01  1.84784980e+06 -1.37599021e+01 
 1.99526231e+06  5.10669162e-01  1.99526231e+06 -1.27478572e+01 
 2.15443469e+06  4.25372097e-01  2.15443469e+06 -1.18096130e+01 
 2.32630507e+06  3.52170789e-01  2.32630507e+06 -1.09399128e+01 
 2.51188643e+06  2.89355344e-01  2.51188643e+06 -1.01338483e+01 
 2.71227258e+06  2.35456228e-01  2.71227258e+06 -9.38684135e+00 
 2.92864456e+06  1.89210847e-01  2.92864456e+06 -8.69462683e+00 
 3.16227766e+06  1.49534684e-01  3.16227766e+06 -8.05323420e+00 
 3.41454887e+06  1.15496381e-01  3.41454887e+06 -7.45897008e+00 
 3.68694506e+06  8.62962657e-02  3.68694506e+06 -6.90840102e+00 
 3.98107171e+06  6.12478442e-02  3.98107171e+06 -6.39833696e+00 
 4.29866235e+06  3.97618722e-02  4.29866235e+06 -5.92581526e+00 
 4.64158883e+06  2.13326461e-02  4.64158883e+06 -5.48808564e+00 
 5.01187234e+06  5.52621371e-03  5.01187234e+06 -5.08259572e+00 
 5.41169527e+06 -8.02976116e-03  5.41169527e+06 -4.70697751e+00 
 5.84341413e+06 -1.96547079e-02  5.84341413e+06 -4.35903456e+00 
 6.30957344e+06 -2.96226311e-02  6.30957344e+06 -4.03672999e+00 
 6.81292069e+06 -3.81685362e-02  6.81292069e+06 -3.73817518e+00 
 7.35642254e+06 -4.54939453e-02  7.35642254e+06 -3.46161923e+00 
 7.94328235e+06 -5.17716320e-02  7.94328235e+06 -3.20543915e+00 
 8.57695899e+06 -5.71496828e-02  8.57695899e+06 -2.96813060e+00 
 9.26118728e+06 -6.17549817e-02  9.26118728e+06 -2.74829936e+00 
 1.00000000e+07 -6.56961964e-02  1.00000000e+07 -2.54465334e+00 
 1.07977516e+07 -6.90663382e-02  1.07977516e+07 -2.35599515e+00 
 1.16591440e+07 -7.19449541e-02  1.16591440e+07 -2.18121521e+00 
 1.25892541e+07 -7.44000024e-02  1.25892541e+07 -2.01928532e+00 
 1.35935639e+07 -7.64894568e-02  1.35935639e+07 -1.86925269e+00 
 1.46779927e+07 -7.82626759e-02  1.46779927e+07 -1.73023446e+00 
 1.58489319e+07 -7.97615709e-02  1.58489319e+07 -1.60141251e+00 
 1.71132830e+07 -8.10215993e-02  1.71132830e+07 -1.48202874e+00 
 1.84784980e+07 -8.20726084e-02  1.84784980e+07 -1.37138066e+00 
 1.99526231e+07 -8.29395486e-02  1.99526231e+07 -1.26881730e+00 
 2.15443469e+07 -8.36430752e-02  2.15443469e+07 -1.17373542e+00 
 2.32630507e+07 -8.42000527e-02  2.32630507e+07 -1.08557605e+00 
 2.51188643e+07 -8.46239752e-02  2.51188643e+07 -1.00382124e+00 
 2.71227258e+07 -8.49253161e-02  2.71227258e+07 -9.27991095e-01 
 2.92864456e+07 -8.51118155e-02  2.92864456e+07 -8.57641022e-01 
 3.16227766e+07 -8.51887165e-02  3.16227766e+07 -7.92359244e-01 
 3.41454887e+07 -8.51589608e-02  3.41454887e+07 -7.31764473e-01 
 3.68694506e+07 -8.50233506e-02  3.68694506e+07 -6.75503818e-01 
 3.98107171e+07 -8.47806906e-02  3.98107171e+07 -6.23250869e-01 
 4.29866235e+07 -8.44279174e-02  4.29866235e+07 -5.74703972e-01 
 4.64158883e+07 -8.39602322e-02  4.64158883e+07 -5.29584671e-01 
 5.01187234e+07 -8.33712468e-02  5.01187234e+07 -4.87636318e-01 
 5.41169527e+07 -8.26531629e-02  5.41169527e+07 -4.48622828e-01 
 5.84341413e+07 -8.17969972e-02  5.84341413e+07 -4.12327577e-01 
 6.30957344e+07 -8.07928736e-02  6.30957344e+07 -3.78552418e-01 
 6.81292069e+07 -7.96303985e-02  6.81292069e+07 -3.47116790e-01 
 7.35642254e+07 -7.82991340e-02  7.35642254e+07 -3.17856886e-01 
 7.94328235e+07 -7.67891808e-02  7.94328235e+07 -2.90624854e-01 
 8.57695899e+07 -7.50918710e-02  8.57695899e+07 -2.65287971e-01 
 9.26118728e+07 -7.32005584e-02  9.26118728e+07 -2.41727745e-01 
 1.00000000e+08 -7.11114797e-02  1.00000000e+08 -2.19838890e-01 
 1.07977516e+08 -6.88246350e-02  1.07977516e+08 -1.99528131e-01 
 1.16591440e+08 -6.63446181e-02  1.16591440e+08 -1.80712793e-01 
 1.25892541e+08 -6.36813086e-02  1.25892541e+08 -1.63319178e-01 
 1.35935639e+08 -6.08503272e-02  1.35935639e+08 -1.47280733e-01 
 1.46779927e+08 -5.78731600e-02  1.46779927e+08 -1.32536089e-01 
 1.58489319e+08 -5.47768769e-02  1.58489319e+08 -1.19027060e-01 
 1.71132830e+08 -5.15934109e-02  1.71132830e+08 -1.06696733e-01 
 1.84784980e+08 -4.83584134e-02  1.84784980e+08 -9.54878078e-02 
 1.99526231e+08 -4.51097634e-02  1.99526231e+08 -8.53413116e-02 
 2.15443469e+08 -4.18858578e-02  2.15443469e+08 -7.61958059e-02 
 2.32630507e+08 -3.87238464e-02  2.32630507e+08 -6.79871276e-02 
 2.51188643e+08 -3.56579845e-02  2.51188643e+08 -6.06486544e-02 
 2.71227258e+08 -3.27182543e-02  2.71227258e+08 -5.41120152e-02 
 2.92864456e+08 -2.99293673e-02  2.92864456e+08 -4.83081223e-02 
 3.16227766e+08 -2.73102003e-02  3.16227766e+08 -4.31683746e-02 
 3.41454887e+08 -2.48736621e-02  3.41454887e+08 -3.86258836e-02 
 3.68694506e+08 -2.26269388e-02  3.68694506e+08 -3.46165955e-02 
 3.98107171e+08 -2.05720336e-02  3.98107171e+08 -3.10802182e-02 
 4.29866235e+08 -1.87065033e-02  4.29866235e+08 -2.79609029e-02 
 4.64158883e+08 -1.70242955e-02  4.64158883e+08 -2.52076655e-02 
 5.01187234e+08 -1.55166022e-02  5.01187234e+08 -2.27745659e-02 
 5.41169527e+08 -1.41726689e-02  5.41169527e+08 -2.06206793e-02 
 5.84341413e+08 -1.29805145e-02  5.84341413e+08 -1.87099040e-02 
 6.30957344e+08 -1.19275418e-02  6.30957344e+08 -1.70106544e-02 
 6.81292069e+08 -1.10010284e-02  6.81292069e+08 -1.54954809e-02 
 7.35642254e+08 -1.01885038e-02  7.35642254e+08 -1.41406535e-02 
 7.94328235e+08 -9.47802390e-03  7.94328235e+08 -1.29257374e-02 
 8.57695899e+08 -8.85835582e-03  8.57695899e+08 -1.18331818e-02 
 9.26118728e+08 -8.31909121e-03  9.26118728e+08 -1.08479343e-02 
 1.00000000e+09 -7.85070198e-03  1.00000000e+09 -9.95708992e-03 
 1.07977516e+09 -7.44455302e-03  1.07977516e+09 -9.14957783e-03 
 1.16591440e+09 -7.09288372e-03  1.16591440e+09 -8.41588644e-03 
 1.25892541e+09 -6.78876808e-03  1.25892541e+09 -7.74782545e-03 
 1.35935639e+09 -6.52606122e-03  1.35935639e+09 -7.13832194e-03 
 1.46779927e+09 -6.29933820e-03  1.46779927e+09 -6.58124726e-03 
 1.58489319e+09 -6.10382960e-03  1.58489319e+09 -6.07127083e-03 
 1.71132830e+09 -5.93535711e-03  1.71132830e+09 -5.60373751e-03 
 1.84784980e+09 -5.79027114e-03  1.84784980e+09 -5.17456487e-03 
 1.99526231e+09 -5.66539198e-03  1.99526231e+09 -4.78015746e-03 
 2.15443469e+09 -5.55795527e-03  2.15443469e+09 -4.41733534e-03 
 2.32630507e+09 -5.46556212e-03  2.32630507e+09 -4.08327437e-03 
 2.51188643e+09 -5.38613410e-03  2.51188643e+09 -3.77545647e-03 
 2.71227258e+09 -5.31787283e-03  2.71227258e+09 -3.49162787e-03 
 2.92864456e+09 -5.25922405e-03  2.92864456e+09 -3.22976428e-03 
 3.16227766e+09 -5.20884588e-03  3.16227766e+09 -2.98804142e-03 
 3.41454887e+09 -5.16558075e-03  3.41454887e+09 -2.76481030e-03 
 3.68694506e+09 -5.12843089e-03  3.68694506e+09 -2.55857617e-03 
 3.98107171e+09 -5.09653682e-03  3.98107171e+09 -2.36798069e-03 
 4.29866235e+09 -5.06915860e-03  4.29866235e+09 -2.19178662e-03 
 4.64158883e+09 -5.04565952e-03  4.64158883e+09 -2.02886471e-03 
 5.01187234e+09 -5.02549198e-03  5.01187234e+09 -1.87818239e-03 
 5.41169527e+09 -5.00818513e-03  5.41169527e+09 -1.73879398e-03 
 5.84341413e+09 -4.99333430e-03  5.84341413e+09 -1.60983208e-03 
 6.30957344e+09 -4.98059177e-03  6.30957344e+09 -1.49050010e-03 
 6.81292069e+09 -4.96965884e-03  6.81292069e+09 -1.38006567e-03 
 7.35642254e+09 -4.96027897e-03  7.35642254e+09 -1.27785481e-03 
 7.94328235e+09 -4.95223188e-03  7.94328235e+09 -1.18324670e-03 
 8.57695899e+09 -4.94532843e-03  8.57695899e+09 -1.09566914e-03 
 9.26118728e+09 -4.93940627e-03  9.26118728e+09 -1.01459433e-03 
 1.00000000e+10 -4.93432605e-03  1.00000000e+10 -9.39535192e-04 
