 1.00000000e+00  2.75468445e+02  1.00000000e+00 -2.81359146e-03 
 1.07977516e+00  2.75468445e+02  1.07977516e+00 -3.03804618e-03 
 1.16591440e+00  2.75468445e+02  1.16591440e+00 -3.28040680e-03 
 1.25892541e+00  2.75468445e+02  1.25892541e+00 -3.54210179e-03 
 1.35935639e+00  2.75468445e+02  1.35935639e+00 -3.82467353e-03 
 1.46779927e+00  2.75468445e+02  1.46779927e+00 -4.12978748e-03 
 1.58489319e+00  2.75468445e+02  1.58489319e+00 -4.45924195e-03 
 1.71132830e+00  2.75468445e+02  1.71132830e+00 -4.81497870e-03 
 1.84784980e+00  2.75468445e+02  1.84784980e+00 -5.19909441e-03 
 1.99526231e+00  2.75468445e+02  1.99526231e+00 -5.61385301e-03 
 2.15443469e+00  2.75468445e+02  2.15443469e+00 -6.06169904e-03 
 2.32630507e+00  2.75468445e+02  2.32630507e+00 -6.54527207e-03 
 2.51188643e+00  2.75468445e+02  2.51188643e+00 -7.06742221e-03 
 2.71227258e+00  2.75468445e+02  2.71227258e+00 -7.63122696e-03 
 2.92864456e+00  2.75468445e+02  2.92864456e+00 -8.24000933e-03 
 3.16227766e+00  2.75468445e+02  3.16227766e+00 -8.89735741e-03 
 3.41454887e+00  2.75468445e+02  3.41454887e+00 -9.60714554e-03 
 3.68694506e+00  2.75468445e+02  3.68694506e+00 -1.03735571e-02 
 3.98107171e+00  2.75468445e+02  3.98107171e+00 -1.12011093e-02 
 4.29866235e+00  2.75468445e+02  4.29866235e+00 -1.20946796e-02 
 4.64158883e+00  2.75468445e+02  4.64158883e+00 -1.30595347e-02 
 5.01187234e+00  2.75468445e+02  5.01187234e+00 -1.41013612e-02 
 5.41169527e+00  2.75468445e+02  5.41169527e+00 -1.52262995e-02 
 5.84341413e+00  2.75468445e+02  5.84341413e+00 -1.64409800e-02 
 6.30957344e+00  2.75468444e+02  6.30957344e+00 -1.77525619e-02 
 6.81292069e+00  2.75468444e+02  6.81292069e+00 -1.91687754e-02 
 7.35642254e+00  2.75468444e+02  7.35642254e+00 -2.06979675e-02 
 7.94328235e+00  2.75468444e+02  7.94328235e+00 -2.23491512e-02 
 8.57695899e+00  2.75468443e+02  8.57695899e+00 -2.41320584e-02 
 9.26118728e+00  2.75468443e+02  9.26118728e+00 -2.60571972e-02 
 1.00000000e+01  2.75468443e+02  1.00000000e+01 -2.81359143e-02 
 1.07977516e+01  2.75468442e+02  1.07977516e+01 -3.03804614e-02 
 1.16591440e+01  2.75468442e+02  1.16591440e+01 -3.28040676e-02 
 1.25892541e+01  2.75468441e+02  1.25892541e+01 -3.54210173e-02 
 1.35935639e+01  2.75468440e+02  1.35935639e+01 -3.82467346e-02 
 1.46779927e+01  2.75468439e+02  1.46779927e+01 -4.12978739e-02 
 1.58489319e+01  2.75468438e+02  1.58489319e+01 -4.45924183e-02 
 1.71132830e+01  2.75468437e+02  1.71132830e+01 -4.81497855e-02 
 1.84784980e+01  2.75468436e+02  1.84784980e+01 -5.19909422e-02 
 1.99526231e+01  2.75468434e+02  1.99526231e+01 -5.61385278e-02 
 2.15443469e+01  2.75468432e+02  2.15443469e+01 -6.06169875e-02 
 2.32630507e+01  2.75468430e+02  2.32630507e+01 -6.54527170e-02 
 2.51188643e+01  2.75468427e+02  2.51188643e+01 -7.06742175e-02 
 2.71227258e+01  2.75468424e+02  2.71227258e+01 -7.63122638e-02 
 2.92864456e+01  2.75468421e+02  2.92864456e+01 -8.24000860e-02 
 3.16227766e+01  2.75468417e+02  3.16227766e+01 -8.89735649e-02 
 3.41454887e+01  2.75468412e+02  3.41454887e+01 -9.60714438e-02 
 3.68694506e+01  2.75468406e+02  3.68694506e+01 -1.03735557e-01 
 3.98107171e+01  2.75468400e+02  3.98107171e+01 -1.12011075e-01 
 4.29866235e+01  2.75468392e+02  4.29866235e+01 -1.20946773e-01 
 4.64158883e+01  2.75468384e+02  4.64158883e+01 -1.30595318e-01 
 5.01187234e+01  2.75468373e+02  5.01187234e+01 -1.41013575e-01 
 5.41169527e+01  2.75468361e+02  5.41169527e+01 -1.52262949e-01 
 5.84341413e+01  2.75468347e+02  5.84341413e+01 -1.64409743e-01 
 6.30957344e+01  2.75468331e+02  6.30957344e+01 -1.77525546e-01 
 6.81292069e+01  2.75468312e+02  6.81292069e+01 -1.91687662e-01 
 7.35642254e+01  2.75468290e+02  7.35642254e+01 -2.06979560e-01 
 7.94328235e+01  2.75468264e+02  7.94328235e+01 -2.23491367e-01 
 8.57695899e+01  2.75468234e+02  8.57695899e+01 -2.41320400e-01 
 9.26118728e+01  2.75468199e+02  9.26118728e+01 -2.60571741e-01 
 1.00000000e+02  2.75468158e+02  1.00000000e+02 -2.81358853e-01 
 1.07977516e+02  2.75468111e+02  1.07977516e+02 -3.03804248e-01 
 1.16591440e+02  2.75468055e+02  1.16591440e+02 -3.28040215e-01 
 1.25892541e+02  2.75467990e+02  1.25892541e+02 -3.54209594e-01 
 1.35935639e+02  2.75467915e+02  1.35935639e+02 -3.82466616e-01 
 1.46779927e+02  2.75467827e+02  1.46779927e+02 -4.12977821e-01 
 1.58489319e+02  2.75467724e+02  1.58489319e+02 -4.45923027e-01 
 1.71132830e+02  2.75467604e+02  1.71132830e+02 -4.81496400e-01 
 1.84784980e+02  2.75467465e+02  1.84784980e+02 -5.19907590e-01 
 1.99526231e+02  2.75467302e+02  1.99526231e+02 -5.61382971e-01 
 2.15443469e+02  2.75467112e+02  2.15443469e+02 -6.06166971e-01 
 2.32630507e+02  2.75466891e+02  2.32630507e+02 -6.54523514e-01 
 2.51188643e+02  2.75466633e+02  2.51188643e+02 -7.06737573e-01 
 2.71227258e+02  2.75466332e+02  2.71227258e+02 -7.63116844e-01 
 2.92864456e+02  2.75465982e+02  2.92864456e+02 -8.23993566e-01 
 3.16227766e+02  2.75465573e+02  3.16227766e+02 -8.89726467e-01 
 3.41454887e+02  2.75465096e+02  3.41454887e+02 -9.60702878e-01 
 3.68694506e+02  2.75464541e+02  3.68694506e+02 -1.03734101e+00 
 3.98107171e+02  2.75463893e+02  3.98107171e+02 -1.12009243e+00 
 4.29866235e+02  2.75463137e+02  4.29866235e+02 -1.20944467e+00 
 4.64158883e+02  2.75462257e+02  4.64158883e+02 -1.30592414e+00 
 5.01187234e+02  2.75461230e+02  5.01187234e+02 -1.41009920e+00 
 5.41169527e+02  2.75460033e+02  5.41169527e+02 -1.52258347e+00 
 5.84341413e+02  2.75458637e+02  5.84341413e+02 -1.64403949e+00 
 6.30957344e+02  2.75457009e+02  6.30957344e+02 -1.77518252e+00 
 6.81292069e+02  2.75455112e+02  6.81292069e+02 -1.91678480e+00 
 7.35642254e+02  2.75452900e+02  7.35642254e+02 -2.06968000e+00 
 7.94328235e+02  2.75450321e+02  7.94328235e+02 -2.23476814e+00 
 8.57695899e+02  2.75447314e+02  8.57695899e+02 -2.41302080e+00 
 9.26118728e+02  2.75443808e+02  9.26118728e+02 -2.60548678e+00 
 1.00000000e+03  2.75439721e+02  1.00000000e+03 -2.81329818e+00 
 1.07977516e+03  2.75434956e+02  1.07977516e+03 -3.03767696e+00 
 1.16591440e+03  2.75429400e+02  1.16591440e+03 -3.27994200e+00 
 1.25892541e+03  2.75422923e+02  1.25892541e+03 -3.54151665e+00 
 1.35935639e+03  2.75415372e+02  1.35935639e+03 -3.82393691e+00 
 1.46779927e+03  2.75406568e+02  1.46779927e+03 -4.12886016e+00 
 1.58489319e+03  2.75396305e+02  1.58489319e+03 -4.45807457e+00 
 1.71132830e+03  2.75384339e+02  1.71132830e+03 -4.81350912e+00 
 1.84784980e+03  2.75370390e+02  1.84784980e+03 -5.19724440e+00 
 1.99526231e+03  2.75354128e+02  1.99526231e+03 -5.61152413e+00 
 2.15443469e+03  2.75335170e+02  2.15443469e+03 -6.05876736e+00 
 2.32630507e+03  2.75313070e+02  2.32630507e+03 -6.54158159e+00 
 2.51188643e+03  2.75287308e+02  2.51188643e+03 -7.06277661e+00 
 2.71227258e+03  2.75257277e+02  2.71227258e+03 -7.62537913e+00 
 2.92864456e+03  2.75222273e+02  2.92864456e+03 -8.23264829e+00 
 3.16227766e+03  2.75181472e+02  3.16227766e+03 -8.88809178e+00 
 3.41454887e+03  2.75133917e+02  3.41454887e+03 -9.59548282e+00 
 3.68694506e+03  2.75078492e+02  3.68694506e+03 -1.03588776e+01 
 3.98107171e+03  2.75013900e+02  3.98107171e+03 -1.11826332e+01 
 4.29866235e+03  2.74938629e+02  4.29866235e+03 -1.20714260e+01 
 4.64158883e+03  2.74850922e+02  4.64158883e+03 -1.30302694e+01 
 5.01187234e+03  2.74748734e+02  5.01187234e+03 -1.40645320e+01 
 5.41169527e+03  2.74629686e+02  5.41169527e+03 -1.51799545e+01 
 5.84341413e+03  2.74491018e+02  5.84341413e+03 -1.63826645e+01 
 6.30957344e+03  2.74329519e+02  6.30957344e+03 -1.76791902e+01 
 6.81292069e+03  2.74141464e+02  6.81292069e+03 -1.90764692e+01 
 7.35642254e+03  2.73922534e+02  7.35642254e+03 -2.05818536e+01 
 7.94328235e+03  2.73667721e+02  7.94328235e+03 -2.22031084e+01 
 8.57695899e+03  2.73371229e+02  8.57695899e+03 -2.39484005e+01 
 9.26118728e+03  2.73026354e+02  9.26118728e+03 -2.58262773e+01 
 1.00000000e+04  2.72625356e+02  1.00000000e+04 -2.78456301e+01 
 1.07977516e+04  2.72159311e+02  1.07977516e+04 -3.00156397e+01 
 1.16591440e+04  2.71617950e+02  1.16591440e+04 -3.23456976e+01 
 1.25892541e+04  2.70989481e+02  1.25892541e+04 -3.48452984e+01 
 1.35935639e+04  2.70260401e+02  1.35935639e+04 -3.75238967e+01 
 1.46779927e+04  2.69415292e+02  1.46779927e+04 -4.03907195e+01 
 1.58489319e+04  2.68436614e+02  1.58489319e+04 -4.34545256e+01 
 1.71132830e+04  2.67304496e+02  1.71132830e+04 -4.67233028e+01 
 1.84784980e+04  2.65996538e+02  1.84784980e+04 -5.02038909e+01 
 1.99526231e+04  2.64487634e+02  1.99526231e+04 -5.39015208e+01 
 2.15443469e+04  2.62749846e+02  2.15443469e+04 -5.78192594e+01 
 2.32630507e+04  2.60752338e+02  2.32630507e+04 -6.19573523e+01 
 2.51188643e+04  2.58461412e+02  2.51188643e+04 -6.63124607e+01 
 2.71227258e+04  2.55840681e+02  2.71227258e+04 -7.08767947e+01 
 2.92864456e+04  2.52851430e+02  2.92864456e+04 -7.56371570e+01 
 3.16227766e+04  2.49453200e+02  3.16227766e+04 -8.05739225e+01 
 3.41454887e+04  2.45604662e+02  3.41454887e+04 -8.56599987e+01 
 3.68694506e+04  2.41264828e+02  3.68694506e+04 -9.08598358e+01 
 3.98107171e+04  2.36394618e+02  3.98107171e+04 -9.61285779e+01 
 4.29866235e+04  2.30958827e+02  4.29866235e+04 -1.01411476e+02 
 4.64158883e+04  2.24928436e+02  4.64158883e+04 -1.06643703e+02 
 5.01187234e+04  2.18283225e+02  5.01187234e+04 -1.11750727e+02 
 5.41169527e+04  2.11014538e+02  5.41169527e+04 -1.16649391e+02 
 5.84341413e+04  2.03127993e+02  5.84341413e+04 -1.21249821e+02 
 6.30957344e+04  1.94645892e+02  6.30957344e+04 -1.25458218e+02 
 6.81292069e+04  1.85608996e+02  6.81292069e+04 -1.29180500e+02 
 7.35642254e+04  1.76077360e+02  7.35642254e+04 -1.32326646e+02 
 7.94328235e+04  1.66129946e+02  7.94328235e+04 -1.34815441e+02 
 8.57695899e+04  1.55862852e+02  8.57695899e+04 -1.36579236e+02 
 9.26118728e+04  1.45386113e+02  9.26118728e+04 -1.37568233e+02 
 1.00000000e+05  1.34819274e+02  1.00000000e+05 -1.37753828e+02 
 1.07977516e+05  1.24286048e+02  1.07977516e+05 -1.37130601e+02 
 1.16591440e+05  1.13908591e+02  1.16591440e+05 -1.35716689e+02 
 1.25892541e+05  1.03801905e+02  1.25892541e+05 -1.33552525e+02 
 1.35935639e+05  9.40689511e+01  1.35935639e+05 -1.30698068e+02 
 1.46779927e+05  8.47968454e+01  1.46779927e+05 -1.27228893e+02 
 1.58489319e+05  7.60544325e+01  1.58489319e+05 -1.23231589e+02 
 1.71132830e+05  6.78912741e+01  1.71132830e+05 -1.18798948e+02 
 1.84784980e+05  6.03379547e+01  1.84784980e+05 -1.14025399e+02 
 1.99526231e+05  5.34074663e+01  1.99526231e+05 -1.09003013e+02 
 2.15443469e+05  4.70973652e+01  2.15443469e+05 -1.03818314e+02 
 2.32630507e+05  4.13923815e+01  2.32630507e+05 -9.85499653e+01 
 2.51188643e+05  3.62671902e+01  2.51188643e+05 -9.32673241e+01 
 2.71227258e+05  3.16891110e+01  2.71227258e+05 -8.80297626e+01 
 2.92864456e+05  2.76205730e+01  2.92864456e+05 -8.28866152e+01 
 3.16227766e+05  2.40212434e+01  3.16227766e+05 -7.78776015e+01 
 3.41454887e+05  2.08497778e+01  3.41454887e+05 -7.30335703e+01 
 3.68694506e+05  1.80651923e+01  3.68694506e+05 -6.83774389e+01 
 3.98107171e+05  1.56278832e+01  3.98107171e+05 -6.39252194e+01 
 4.29866235e+05  1.35003404e+01  4.29866235e+05 -5.96870549e+01 
 4.64158883e+05  1.16476033e+01  4.64158883e+05 -5.56682090e+01 
 5.01187234e+05  1.00375130e+01  5.01187234e+05 -5.18699767e+01 
 5.41169527e+05  8.64080612e+00  5.41169527e+05 -4.82904952e+01 
 5.84341413e+05  7.43109303e+00  5.84341413e+05 -4.49254497e+01 
 6.30957344e+05  6.38475440e+00  6.30957344e+05 -4.17686743e+01 
 6.81292069e+05  5.48078408e+00  6.81292069e+05 -3.88126555e+01 
 7.35642254e+05  4.70059982e+00  7.35642254e+05 -3.60489455e+01 
 7.94328235e+05  4.02783794e+00  7.94328235e+05 -3.34684982e+01 
 8.57695899e+05  3.44814383e+00  8.57695899e+05 -3.10619368e+01 
 9.26118728e+05  2.94896648e+00  9.26118728e+05 -2.88197647e+01 
 1.00000000e+06  2.51936238e+00  1.00000000e+06 -2.67325274e+01 
 1.07977516e+06  2.14981229e+00  1.07977516e+06 -2.47909361e+01 
 1.16591440e+06  1.83205271e+00  1.16591440e+06 -2.29859588e+01 
 1.25892541e+06  1.55892257e+00  1.25892541e+06 -2.13088845e+01 
 1.35935639e+06  1.32422540e+00  1.35935639e+06 -1.97513684e+01 
 1.46779927e+06  1.12260618e+00  1.46779927e+06 -1.83054591e+01 
 1.58489319e+06  9.49442045e-01  1.58489319e+06 -1.69636146e+01 
 1.71132830e+06  8.00745940e-01  1.71132830e+06 -1.57187072e+01 
 1.84784980e+06  6.73081866e-01  1.84784980e+06 -1.45640217e+01 
 1.99526231e+06  5.63490746e-01  1.99526231e+06 -1.34932481e+01 
 2.15443469e+06  4.69425715e-01  2.15443469e+06 -1.25004698e+01 
 2.32630507e+06  3.88695790e-01  2.32630507e+06 -1.15801494e+01 
 2.51188643e+06  3.19416955e-01  2.51188643e+06 -1.07271124e+01 
 2.71227258e+06  2.59969745e-01  2.71227258e+06 -9.93652979e+00 
 2.92864456e+06  2.08962546e-01  2.92864456e+06 -9.20389987e+00 
 3.16227766e+06  1.65199862e-01  3.16227766e+06 -8.52503026e+00 
 3.41454887e+06  1.27654922e-01  3.41454887e+06 -7.89601966e+00 
 3.68694506e+06  9.54460441e-02  3.68694506e+06 -7.31324013e+00 
 3.98107171e+06  6.78162779e-02  3.98107171e+06 -6.77331996e+00 
 4.29866235e+06  4.41158582e-02  4.29866235e+06 -6.27312706e+00 
 4.64158883e+06  2.37871114e-02  4.64158883e+06 -5.80975322e+00 
 5.01187234e+06  6.35146754e-03  5.01187234e+06 -5.38049905e+00 
 5.41169527e+06 -8.60170583e-03  5.41169527e+06 -4.98285977e+00 
 5.84341413e+06 -2.14247017e-02  5.84341413e+06 -4.61451174e+00 
 6.30957344e+06 -3.24197193e-02  6.30957344e+06 -4.27329988e+00 
 6.81292069e+06 -4.18459469e-02  6.81292069e+06 -3.95722579e+00 
 7.35642254e+06 -4.99256422e-02  7.35642254e+06 -3.66443663e+00 
 7.94328235e+06 -5.68493520e-02  7.94328235e+06 -3.39321476e+00 
 8.57695899e+06 -6.27803899e-02  8.57695899e+06 -3.14196804e+00 
 9.26118728e+06 -6.78586781e-02  9.26118728e+06 -2.90922076e+00 
 1.00000000e+07 -7.22040393e-02  1.00000000e+07 -2.69360525e+00 
 1.07977516e+07 -7.59190196e-02  1.07977516e+07 -2.49385401e+00 
 1.16591440e+07 -7.90913041e-02  1.16591440e+07 -2.30879243e+00 
 1.25892541e+07 -8.17957848e-02  1.25892541e+07 -2.13733203e+00 
 1.35935639e+07 -8.40963284e-02  1.35935639e+07 -1.97846410e+00 
 1.46779927e+07 -8.60472851e-02  1.46779927e+07 -1.83125393e+00 
 1.58489319e+07 -8.76947751e-02  1.58489319e+07 -1.69483534e+00 
 1.71132830e+07 -8.90777826e-02  1.71132830e+07 -1.56840566e+00 
 1.84784980e+07 -9.02290842e-02  1.84784980e+07 -1.45122107e+00 
 1.99526231e+07 -9.11760339e-02  1.99526231e+07 -1.34259231e+00 
 2.15443469e+07 -9.19412245e-02  2.15443469e+07 -1.24188063e+00 
 2.32630507e+07 -9.25430421e-02  2.32630507e+07 -1.14849418e+00 
 2.51188643e+07 -9.29961286e-02  2.51188643e+07 -1.06188452e+00 
 2.71227258e+07 -9.33117651e-02  2.71227258e+07 -9.81543561e-01 
 2.92864456e+07 -9.34981893e-02  2.92864456e+07 -9.07000606e-01 
 3.16227766e+07 -9.35608570e-02  3.16227766e+07 -8.37819754e-01 
 3.41454887e+07 -9.35026590e-02  3.41454887e+07 -7.73597455e-01 
 3.68694506e+07 -9.33241056e-02  3.68694506e+07 -7.13960305e-01 
 3.98107171e+07 -9.30234896e-02  3.98107171e+07 -6.58563049e-01 
 4.29866235e+07 -9.25970416e-02  4.29866235e+07 -6.07086769e-01 
 4.64158883e+07 -9.20390914e-02  4.64158883e+07 -5.59237263e-01 
 5.01187234e+07 -9.13422529e-02  5.01187234e+07 -5.14743598e-01 
 5.41169527e+07 -9.04976491e-02  5.41169527e+07 -4.73356818e-01 
 5.84341413e+07 -8.94951984e-02  5.84341413e+07 -4.34848801e-01 
 6.30957344e+07 -8.83239803e-02  6.30957344e+07 -3.99011221e-01 
 6.81292069e+07 -8.69726998e-02  6.81292069e+07 -3.65654616e-01 
 7.35642254e+07 -8.54302656e-02  7.35642254e+07 -3.34607494e-01 
 7.94328235e+07 -8.36864888e-02  7.94328235e+07 -3.05715446e-01 
 8.57695899e+07 -8.17328978e-02  8.57695899e+07 -2.78840217e-01 
 9.26118728e+07 -7.95636488e-02  9.26118728e+07 -2.53858659e-01 
 1.00000000e+08 -7.71764898e-02  1.00000000e+08 -2.30661529e-01 
 1.07977516e+08 -7.45737137e-02  1.07977516e+08 -2.09152074e-01 
 1.16591440e+08 -7.17630135e-02  1.16591440e+08 -1.89244375e-01 
 1.25892541e+08 -6.87581366e-02  1.25892541e+08 -1.70861454e-01 
 1.35935639e+08 -6.55792289e-02  1.35935639e+08 -1.53933195e-01 
 1.46779927e+08 -6.22527761e-02  1.46779927e+08 -1.38394151e-01 
 1.58489319e+08 -5.88110747e-02  1.58489319e+08 -1.24181381e-01 
 1.71132830e+08 -5.52912225e-02  1.71132830e+08 -1.11232461e-01 
 1.84784980e+08 -5.17336752e-02  1.84784980e+08 -9.94838353e-02 
 1.99526231e+08 -4.81804819e-02  1.99526231e+08 -8.88696448e-02 
 2.15443469e+08 -4.46733598e-02  2.15443469e+08 -7.93211263e-02 
 2.32630507e+08 -4.12517961e-02  2.32630507e+08 -7.07665984e-02 
 2.51188643e+08 -3.79513601e-02  2.51188643e+08 -6.31319922e-02 
 2.71227258e+08 -3.48023737e-02  2.71227258e+08 -5.63418121e-02 
 2.92864456e+08 -3.18290334e-02  2.92864456e+08 -5.03203739e-02 
 3.16227766e+08 -2.90490145e-02  3.16227766e+08 -4.49931550e-02 
 3.41454887e+08 -2.64735261e-02  3.41454887e+08 -4.02881006e-02 
 3.68694506e+08 -2.41077419e-02  3.68694506e+08 -3.61367651e-02 
 3.98107171e+08 -2.19515057e-02  3.98107171e+08 -3.24752081e-02 
 4.29866235e+08 -2.00002017e-02  4.29866235e+08 -2.92446093e-02 
 4.64158883e+08 -1.82456908e-02  4.64158883e+08 -2.63916052e-02 
 5.01187234e+08 -1.66772321e-02  5.01187234e+08 -2.38683734e-02 
 5.41169527e+08 -1.52823282e-02  5.41169527e+08 -2.16325126e-02 
 5.84341413e+08 -1.40474621e-02  5.84341413e+08 -1.96467676e-02 
 6.30957344e+08 -1.29587053e-02  6.30957344e+08 -1.78786495e-02 
 6.81292069e+08 -1.20021982e-02  6.81292069e+08 -1.62999966e-02 
 7.35642254e+08 -1.11645093e-02  7.35642254e+08 -1.48865101e-02 
 7.94328235e+08 -1.04328887e-02  7.94328235e+08 -1.36172930e-02 
 8.57695899e+08 -9.79543232e-03  8.57695899e+08 -1.24744109e-02 
 9.26118728e+08 -9.24117478e-03  9.26118728e+08 -1.14424858e-02 
 1.00000000e+09 -8.76012691e-03  1.00000000e+09 -1.05083301e-02 
 1.07977516e+09 -8.34327228e-03  1.07977516e+09 -9.66062255e-03 
 1.16591440e+09 -7.98253480e-03  1.16591440e+09 -8.88962618e-03 
 1.25892541e+09 -7.67072708e-03  1.25892541e+09 -8.18694502e-03 
 1.35935639e+09 -7.40148717e-03  1.35935639e+09 -7.54531679e-03 
 1.46779927e+09 -7.16920935e-03  1.46779927e+09 -6.95843734e-03 
 1.58489319e+09 -6.96897326e-03  1.58489319e+09 -6.42081292e-03 
 1.71132830e+09 -6.79647404e-03  1.71132830e+09 -5.92763627e-03 
 1.84784980e+09 -6.64795583e-03  1.84784980e+09 -5.47468309e-03 
 1.99526231e+09 -6.52014933e-03  1.99526231e+09 -5.05822564e-03 
 2.15443469e+09 -6.41021456e-03  2.15443469e+09 -4.67496058e-03 
 2.32630507e+09 -6.31568864e-03  2.32630507e+09 -4.32194880e-03 
 2.51188643e+09 -6.23443891e-03  2.51188643e+09 -3.99656510e-03 
 2.71227258e+09 -6.16462100e-03  2.71227258e+09 -3.69645603e-03 
 2.92864456e+09 -6.10464159e-03  2.92864456e+09 -3.41950450e-03 
 3.16227766e+09 -6.05312557e-03  3.16227766e+09 -3.16379998e-03 
 3.41454887e+09 -6.00888716e-03  3.41454887e+09 -2.92761325e-03 
 3.68694506e+09 -5.97090452e-03  3.68694506e+09 -2.70937502e-03 
 3.98107171e+09 -5.93829770e-03  3.98107171e+09 -2.50765770e-03 
 4.29866235e+09 -5.91030931e-03  4.29866235e+09 -2.32115971e-03 
 4.64158883e+09 -5.88628777e-03  4.64158883e+09 -2.14869210e-03 
 5.01187234e+09 -5.86567277e-03  5.01187234e+09 -1.98916688e-03 
 5.41169527e+09 -5.84798262e-03  5.41169527e+09 -1.84158688e-03 
 5.84341413e+09 -5.83280341e-03  5.84341413e+09 -1.70503699e-03 
 6.30957344e+09 -5.81977951e-03  6.30957344e+09 -1.57867633e-03 
 6.81292069e+09 -5.80860545e-03  6.81292069e+09 -1.46173148e-03 
 7.35642254e+09 -5.79901892e-03  7.35642254e+09 -1.35349035e-03 
 7.94328235e+09 -5.79079468e-03  7.94328235e+09 -1.25329684e-03 
 8.57695899e+09 -5.78373939e-03  8.57695899e+09 -1.16054600e-03 
 9.26118728e+09 -5.77768705e-03  9.26118728e+09 -1.07467968e-03 
 1.00000000e+10 -5.77249523e-03  1.00000000e+10 -9.95182700e-04 
