 1.00000000e+00  2.64833037e+02  1.00000000e+00 -2.14140422e-03 
 1.07977516e+00  2.64833037e+02  1.07977516e+00 -2.31223509e-03 
 1.16591440e+00  2.64833037e+02  1.16591440e+00 -2.49669402e-03 
 1.25892541e+00  2.64833037e+02  1.25892541e+00 -2.69586819e-03 
 1.35935639e+00  2.64833037e+02  1.35935639e+00 -2.91093151e-03 
 1.46779927e+00  2.64833037e+02  1.46779927e+00 -3.14315155e-03 
 1.58489319e+00  2.64833037e+02  1.58489319e+00 -3.39389697e-03 
 1.71132830e+00  2.64833037e+02  1.71132830e+00 -3.66464565e-03 
 1.84784980e+00  2.64833037e+02  1.84784980e+00 -3.95699336e-03 
 1.99526231e+00  2.64833037e+02  1.99526231e+00 -4.27266314e-03 
 2.15443469e+00  2.64833037e+02  2.15443469e+00 -4.61351554e-03 
 2.32630507e+00  2.64833037e+02  2.32630507e+00 -4.98155949e-03 
 2.51188643e+00  2.64833037e+02  2.51188643e+00 -5.37896421e-03 
 2.71227258e+00  2.64833037e+02  2.71227258e+00 -5.80807195e-03 
 2.92864456e+00  2.64833037e+02  2.92864456e+00 -6.27141183e-03 
 3.16227766e+00  2.64833037e+02  3.16227766e+00 -6.77171473e-03 
 3.41454887e+00  2.64833037e+02  3.41454887e+00 -7.31192937e-03 
 3.68694506e+00  2.64833037e+02  3.68694506e+00 -7.89523972e-03 
 3.98107171e+00  2.64833037e+02  3.98107171e+00 -8.52508375e-03 
 4.29866235e+00  2.64833037e+02  4.29866235e+00 -9.20517368e-03 
 4.64158883e+00  2.64833037e+02  4.64158883e+00 -9.93951791e-03 
 5.01187234e+00  2.64833037e+02  5.01187234e+00 -1.07324446e-02 
 5.41169527e+00  2.64833036e+02  5.41169527e+00 -1.15886271e-02 
 5.84341413e+00  2.64833036e+02  5.84341413e+00 -1.25131117e-02 
 6.30957344e+00  2.64833036e+02  6.30957344e+00 -1.35113472e-02 
 6.81292069e+00  2.64833036e+02  6.81292069e+00 -1.45892171e-02 
 7.35642254e+00  2.64833036e+02  7.35642254e+00 -1.57530742e-02 
 7.94328235e+00  2.64833036e+02  7.94328235e+00 -1.70097783e-02 
 8.57695899e+00  2.64833036e+02  8.57695899e+00 -1.83667361e-02 
 9.26118728e+00  2.64833035e+02  9.26118728e+00 -1.98319454e-02 
 1.00000000e+01  2.64833035e+02  1.00000000e+01 -2.14140421e-02 
 1.07977516e+01  2.64833035e+02  1.07977516e+01 -2.31223507e-02 
 1.16591440e+01  2.64833035e+02  1.16591440e+01 -2.49669400e-02 
 1.25892541e+01  2.64833034e+02  1.25892541e+01 -2.69586816e-02 
 1.35935639e+01  2.64833034e+02  1.35935639e+01 -2.91093148e-02 
 1.46779927e+01  2.64833033e+02  1.46779927e+01 -3.14315150e-02 
 1.58489319e+01  2.64833033e+02  1.58489319e+01 -3.39389692e-02 
 1.71132830e+01  2.64833032e+02  1.71132830e+01 -3.66464558e-02 
 1.84784980e+01  2.64833031e+02  1.84784980e+01 -3.95699327e-02 
 1.99526231e+01  2.64833030e+02  1.99526231e+01 -4.27266303e-02 
 2.15443469e+01  2.64833029e+02  2.15443469e+01 -4.61351540e-02 
 2.32630507e+01  2.64833028e+02  2.32630507e+01 -4.98155931e-02 
 2.51188643e+01  2.64833026e+02  2.51188643e+01 -5.37896399e-02 
 2.71227258e+01  2.64833024e+02  2.71227258e+01 -5.80807167e-02 
 2.92864456e+01  2.64833022e+02  2.92864456e+01 -6.27141148e-02 
 3.16227766e+01  2.64833020e+02  3.16227766e+01 -6.77171429e-02 
 3.41454887e+01  2.64833017e+02  3.41454887e+01 -7.31192882e-02 
 3.68694506e+01  2.64833013e+02  3.68694506e+01 -7.89523902e-02 
 3.98107171e+01  2.64833010e+02  3.98107171e+01 -8.52508287e-02 
 4.29866235e+01  2.64833005e+02  4.29866235e+01 -9.20517258e-02 
 4.64158883e+01  2.64833000e+02  4.64158883e+01 -9.93951652e-02 
 5.01187234e+01  2.64832993e+02  5.01187234e+01 -1.07324428e-01 
 5.41169527e+01  2.64832986e+02  5.41169527e+01 -1.15886249e-01 
 5.84341413e+01  2.64832978e+02  5.84341413e+01 -1.25131089e-01 
 6.30957344e+01  2.64832968e+02  6.30957344e+01 -1.35113437e-01 
 6.81292069e+01  2.64832957e+02  6.81292069e+01 -1.45892127e-01 
 7.35642254e+01  2.64832943e+02  7.35642254e+01 -1.57530687e-01 
 7.94328235e+01  2.64832928e+02  7.94328235e+01 -1.70097713e-01 
 8.57695899e+01  2.64832910e+02  8.57695899e+01 -1.83667274e-01 
 9.26118728e+01  2.64832889e+02  9.26118728e+01 -1.98319344e-01 
 1.00000000e+02  2.64832864e+02  1.00000000e+02 -2.14140282e-01 
 1.07977516e+02  2.64832835e+02  1.07977516e+02 -2.31223333e-01 
 1.16591440e+02  2.64832802e+02  1.16591440e+02 -2.49669180e-01 
 1.25892541e+02  2.64832763e+02  1.25892541e+02 -2.69586540e-01 
 1.35935639e+02  2.64832717e+02  1.35935639e+02 -2.91092800e-01 
 1.46779927e+02  2.64832664e+02  1.46779927e+02 -3.14314712e-01 
 1.58489319e+02  2.64832602e+02  1.58489319e+02 -3.39389140e-01 
 1.71132830e+02  2.64832530e+02  1.71132830e+02 -3.66463864e-01 
 1.84784980e+02  2.64832446e+02  1.84784980e+02 -3.95698453e-01 
 1.99526231e+02  2.64832348e+02  1.99526231e+02 -4.27265203e-01 
 2.15443469e+02  2.64832234e+02  2.15443469e+02 -4.61350155e-01 
 2.32630507e+02  2.64832100e+02  2.32630507e+02 -4.98154188e-01 
 2.51188643e+02  2.64831945e+02  2.51188643e+02 -5.37894203e-01 
 2.71227258e+02  2.64831764e+02  2.71227258e+02 -5.80804404e-01 
 2.92864456e+02  2.64831552e+02  2.92864456e+02 -6.27137669e-01 
 3.16227766e+02  2.64831306e+02  3.16227766e+02 -6.77167049e-01 
 3.41454887e+02  2.64831019e+02  3.41454887e+02 -7.31187368e-01 
 3.68694506e+02  2.64830684e+02  3.68694506e+02 -7.89516961e-01 
 3.98107171e+02  2.64830294e+02  3.98107171e+02 -8.52499548e-01 
 4.29866235e+02  2.64829839e+02  4.29866235e+02 -9.20506257e-01 
 4.64158883e+02  2.64829308e+02  4.64158883e+02 -9.93937802e-01 
 5.01187234e+02  2.64828689e+02  5.01187234e+02 -1.07322685e+00 
 5.41169527e+02  2.64827968e+02  5.41169527e+02 -1.15884054e+00 
 5.84341413e+02  2.64827127e+02  5.84341413e+02 -1.25128326e+00 
 6.30957344e+02  2.64826146e+02  6.30957344e+02 -1.35109958e+00 
 6.81292069e+02  2.64825003e+02  6.81292069e+02 -1.45887747e+00 
 7.35642254e+02  2.64823670e+02  7.35642254e+02 -1.57525173e+00 
 7.94328235e+02  2.64822116e+02  7.94328235e+02 -1.70090772e+00 
 8.57695899e+02  2.64820305e+02  8.57695899e+02 -1.83658535e+00 
 9.26118728e+02  2.64818192e+02  9.26118728e+02 -1.98308343e+00 
 1.00000000e+03  2.64815729e+02  1.00000000e+03 -2.14126433e+00 
 1.07977516e+03  2.64812858e+02  1.07977516e+03 -2.31205898e+00 
 1.16591440e+03  2.64809510e+02  1.16591440e+03 -2.49647231e+00 
 1.25892541e+03  2.64805607e+02  1.25892541e+03 -2.69558907e+00 
 1.35935639e+03  2.64801057e+02  1.35935639e+03 -2.91058013e+00 
 1.46779927e+03  2.64795752e+02  1.46779927e+03 -3.14270919e+00 
 1.58489319e+03  2.64789567e+02  1.58489319e+03 -3.39334010e+00 
 1.71132830e+03  2.64782356e+02  1.71132830e+03 -3.66394461e+00 
 1.84784980e+03  2.64773949e+02  1.84784980e+03 -3.95611082e+00 
 1.99526231e+03  2.64764148e+02  1.99526231e+03 -4.27155213e+00 
 2.15443469e+03  2.64752721e+02  2.15443469e+03 -4.61211692e+00 
 2.32630507e+03  2.64739401e+02  2.32630507e+03 -4.97979882e+00 
 2.51188643e+03  2.64723871e+02  2.51188643e+03 -5.37674779e+00 
 2.71227258e+03  2.64705768e+02  2.71227258e+03 -5.80528183e+00 
 2.92864456e+03  2.64684664e+02  2.92864456e+03 -6.26789956e+00 
 3.16227766e+03  2.64660063e+02  3.16227766e+03 -6.76729346e+00 
 3.41454887e+03  2.64631386e+02  3.41454887e+03 -7.30636392e+00 
 3.68694506e+03  2.64597959e+02  3.68694506e+03 -7.88823412e+00 
 3.98107171e+03  2.64558996e+02  3.98107171e+03 -8.51626552e+00 
 4.29866235e+03  2.64513584e+02  4.29866235e+03 -9.19407410e+00 
 4.64158883e+03  2.64460656e+02  4.64158883e+03 -9.92554716e+00 
 5.01187234e+03  2.64398974e+02  5.01187234e+03 -1.07148605e+01 
 5.41169527e+03  2.64327094e+02  5.41169527e+03 -1.15664961e+01 
 5.84341413e+03  2.64243338e+02  5.84341413e+03 -1.24852592e+01 
 6.30957344e+03  2.64145752e+02  6.30957344e+03 -1.34762960e+01 
 6.81292069e+03  2.64032066e+02  6.81292069e+03 -1.45451093e+01 
 7.35642254e+03  2.63899642e+02  7.35642254e+03 -1.56975736e+01 
 7.94328235e+03  2.63745414e+02  7.94328235e+03 -1.69399480e+01 
 8.57695899e+03  2.63565825e+02  8.57695899e+03 -1.82788848e+01 
 9.26118728e+03  2.63356748e+02  9.26118728e+03 -1.97214349e+01 
 1.00000000e+04  2.63113400e+02  1.00000000e+04 -2.12750460e+01 
 1.07977516e+04  2.62830244e+02  1.07977516e+04 -2.29475533e+01 
 1.16591440e+04  2.62500877e+02  1.16591440e+04 -2.47471587e+01 
 1.25892541e+04  2.62117904e+02  1.25892541e+04 -2.66823970e+01 
 1.35935639e+04  2.61672798e+02  1.35935639e+04 -2.87620834e+01 
 1.46779927e+04  2.61155747e+02  1.46779927e+04 -3.09952401e+01 
 1.58489319e+04  2.60555482e+02  1.58489319e+04 -3.33909935e+01 
 1.71132830e+04  2.59859099e+02  1.71132830e+04 -3.59584384e+01 
 1.84784980e+04  2.59051859e+02  1.84784980e+04 -3.87064597e+01 
 1.99526231e+04  2.58116993e+02  1.99526231e+04 -4.16435037e+01 
 2.15443469e+04  2.57035501e+02  2.15443469e+04 -4.47772895e+01 
 2.32630507e+04  2.55785957e+02  2.32630507e+04 -4.81144502e+01 
 2.51188643e+04  2.54344343e+02  2.51188643e+04 -5.16600933e+01 
 2.71227258e+04  2.52683920e+02  2.71227258e+04 -5.54172716e+01 
 2.92864456e+04  2.50775165e+02  2.92864456e+04 -5.93863552e+01 
 3.16227766e+04  2.48585799e+02  3.16227766e+04 -6.35643026e+01 
 3.41454887e+04  2.46080950e+02  3.41454887e+04 -6.79438319e+01 
 3.68694506e+04  2.43223482e+02  3.68694506e+04 -7.25125043e+01 
 3.98107171e+04  2.39974558e+02  3.98107171e+04 -7.72517453e+01 
 4.29866235e+04  2.36294460e+02  4.29866235e+04 -8.21358446e+01 
 4.64158883e+04  2.32143737e+02  4.64158883e+04 -8.71310011e+01 
 5.01187234e+04  2.27484701e+02  5.01187234e+04 -9.21944983e+01 
 5.41169527e+04  2.22283295e+02  5.41169527e+04 -9.72741261e+01 
 5.84341413e+04  2.16511310e+02  5.84341413e+04 -1.02307983e+02 
 6.30957344e+04  2.10148877e+02  6.30957344e+04 -1.07224809e+02 
 6.81292069e+04  2.03187129e+02  6.81292069e+04 -1.11944988e+02 
 7.35642254e+04  1.95630812e+02  7.35642254e+04 -1.16382350e+02 
 7.94328235e+04  1.87500619e+02  7.94328235e+04 -1.20446813e+02 
 8.57695899e+04  1.78834933e+02  8.57695899e+04 -1.24047856e+02 
 9.26118728e+04  1.69690670e+02  9.26118728e+04 -1.27098667e+02 
 1.00000000e+05  1.60142974e+02  1.00000000e+05 -1.29520695e+02 
 1.07977516e+05  1.50283560e+02  1.07977516e+05 -1.31248235e+02 
 1.16591440e+05  1.40217711e+02  1.16591440e+05 -1.32232582e+02 
 1.25892541e+05  1.30060055e+02  1.25892541e+05 -1.32445287e+02 
 1.35935639e+05  1.19929472e+02  1.35935639e+05 -1.31880138e+02 
 1.46779927e+05  1.09943582e+02  1.46779927e+05 -1.30553592e+02 
 1.58489319e+05  1.00213359e+02  1.58489319e+05 -1.28503622e+02 
 1.71132830e+05  9.08383833e+01  1.71132830e+05 -1.25787119e+02 
 1.84784980e+05  8.19031386e+01  1.84784980e+05 -1.22476170e+02 
 1.99526231e+05  7.34746159e+01  1.99526231e+05 -1.18653655e+02 
 2.15443469e+05  6.56012822e+01  2.15443469e+05 -1.14408616e+02 
 2.32630507e+05  5.83133231e+01  2.32630507e+05 -1.09831853e+02 
 2.51188643e+05  5.16239342e+01  2.51188643e+05 -1.05012055e+02 
 2.71227258e+05  4.55313688e+01  2.71227258e+05 -1.00032693e+02 
 2.92864456e+05  4.00214333e+01  2.92864456e+05 -9.49697616e+01 
 3.16227766e+05  3.50701499e+01  3.16227766e+05 -8.98903544e+01 
 3.41454887e+05  3.06463591e+01  3.41454887e+05 -8.48519789e+01 
 3.68694506e+05  2.67141014e+01  3.68694506e+05 -7.99024844e+01 
 3.98107171e+05  2.32346795e+01  3.98107171e+05 -7.50804508e+01 
 4.29866235e+05  2.01683574e+01  4.29866235e+05 -7.04158937e+01 
 4.64158883e+05  1.74756948e+01  4.64158883e+05 -6.59311609e+01 
 5.01187234e+05  1.51185420e+01  5.01187234e+05 -6.16419177e+01 
 5.41169527e+05  1.30607371e+01  5.41169527e+05 -5.75581432e+01 
 5.84341413e+05  1.12685547e+01  5.84341413e+05 -5.36850856e+01 
 6.30957344e+05  9.71095582e+00  6.30957344e+05 -5.00241407e+01 
 6.81292069e+05  8.35968380e+00  6.81292069e+05 -4.65736360e+01 
 7.35642254e+05  7.18924764e+00  7.35642254e+05 -4.33295141e+01 
 7.94328235e+05  6.17682532e+00  7.94328235e+05 -4.02859149e+01 
 8.57695899e+05  5.30211459e+00  8.57695899e+05 -3.74356626e+01 
 9.26118728e+05  4.54715195e+00  9.26118728e+05 -3.47706679e+01 
 1.00000000e+06  3.89611570e+00  1.00000000e+06 -3.22822533e+01 
 1.07977516e+06  3.33512450e+00  1.07977516e+06 -2.99614133e+01 
 1.16591440e+06  2.85203949e+00  1.16591440e+06 -2.77990191e+01 
 1.25892541e+06  2.43627535e+00  1.25892541e+06 -2.57859769e+01 
 1.35935639e+06  2.07862353e+00  1.35935639e+06 -2.39133473e+01 
 1.46779927e+06  1.77108954e+00  1.46779927e+06 -2.21724343e+01 
 1.58489319e+06  1.50674498e+00  1.58489319e+06 -2.05548489e+01 
 1.71132830e+06  1.27959433e+00  1.71132830e+06 -1.90525519e+01 
 1.84784980e+06  1.08445594e+00  1.84784980e+06 -1.76578819e+01 
 1.99526231e+06  9.16856461e-01  1.99526231e+06 -1.63635705e+01 
 2.15443469e+06  7.72937608e-01  2.15443469e+06 -1.51627475e+01 
 2.32630507e+06  6.49374262e-01  2.32630507e+06 -1.40489396e+01 
 2.51188643e+06  5.43302757e-01  2.51188643e+06 -1.30160634e+01 
 2.71227258e+06  4.52258287e-01  2.71227258e+06 -1.20584143e+01 
 2.92864456e+06  3.74120421e-01  2.92864456e+06 -1.11706527e+01 
 3.16227766e+06  3.07065775e-01  3.16227766e+06 -1.03477890e+01 
 3.41454887e+06  2.49526988e-01  3.41454887e+06 -9.58516611e+00 
 3.68694506e+06  2.00157196e-01  3.68694506e+06 -8.87844271e+00 
 3.98107171e+06  1.57799338e-01  3.98107171e+06 -8.22357544e+00 
 4.29866235e+06  1.21459646e-01  4.29866235e+06 -7.61680158e+00 
 4.64158883e+06  9.02847734e-02  4.64158883e+06 -7.05462197e+00 
 5.01187234e+06  6.35420924e-02  5.01187234e+06 -6.53378448e+00 
 5.41169527e+06  4.06027166e-02  5.41169527e+06 -6.05126807e+00 
 5.84341413e+06  2.09268921e-02  5.84341413e+06 -5.60426755e+00 
 6.30957344e+06  4.05142897e-03  6.30957344e+06 -5.19017912e+00 
 6.81292069e+06 -1.04211057e-02  6.81292069e+06 -4.80658666e+00 
 7.35642254e+06 -2.28316762e-02  7.35642254e+06 -4.45124876e+00 
 7.94328235e+06 -3.34727588e-02  7.94328235e+06 -4.12208655e+00 
 8.57695899e+06 -4.25951959e-02  8.57695899e+06 -3.81717229e+00 
 9.26118728e+06 -5.04140807e-02  9.26118728e+06 -3.53471864e+00 
 1.00000000e+07 -5.71138081e-02  1.00000000e+07 -3.27306864e+00 
 1.07977516e+07 -6.28524085e-02  1.07977516e+07 -3.03068639e+00 
 1.16591440e+07 -6.77652641e-02  1.16591440e+07 -2.80614828e+00 
 1.25892541e+07 -7.19682953e-02  1.25892541e+07 -2.59813493e+00 
 1.35935639e+07 -7.55606907e-02  1.35935639e+07 -2.40542357e+00 
 1.46779927e+07 -7.86272444e-02  1.46779927e+07 -2.22688101e+00 
 1.58489319e+07 -8.12403558e-02  1.58489319e+07 -2.06145714e+00 
 1.71132830e+07 -8.34617387e-02  1.71132830e+07 -1.90817883e+00 
 1.84784980e+07 -8.53438796e-02  1.84784980e+07 -1.76614428e+00 
 1.99526231e+07 -8.69312811e-02  1.99526231e+07 -1.63451783e+00 
 2.15443469e+07 -8.82615180e-02  2.15443469e+07 -1.51252505e+00 
 2.32630507e+07 -8.93661334e-02  2.32630507e+07 -1.39944833e+00 
 2.51188643e+07 -9.02713958e-02  2.51188643e+07 -1.29462263e+00 
 2.71227258e+07 -9.09989361e-02  2.71227258e+07 -1.19743171e+00 
 2.92864456e+07 -9.15662814e-02  2.92864456e+07 -1.10730453e+00 
 3.16227766e+07 -9.19872998e-02  3.16227766e+07 -1.02371199e+00 
 3.41454887e+07 -9.22725689e-02  3.41454887e+07 -9.46163877e-01 
 3.68694506e+07 -9.24296812e-02  3.68694506e+07 -8.74206147e-01 
 3.98107171e+07 -9.24634953e-02  3.98107171e+07 -8.07418331e-01 
 4.29866235e+07 -9.23763473e-02  4.29866235e+07 -7.45411229e-01 
 4.64158883e+07 -9.21682305e-02  4.64158883e+07 -6.87824795e-01 
 5.01187234e+07 -9.18369588e-02  5.01187234e+07 -6.34326216e-01 
 5.41169527e+07 -9.13783251e-02  5.41169527e+07 -5.84608191e-01 
 5.84341413e+07 -9.07862711e-02  5.84341413e+07 -5.38387385e-01 
 6.30957344e+07 -9.00530845e-02  6.30957344e+07 -4.95403044e-01 
 6.81292069e+07 -8.91696428e-02  6.81292069e+07 -4.55415775e-01 
 7.35642254e+07 -8.81257227e-02  7.35642254e+07 -4.18206447e-01 
 7.94328235e+07 -8.69103947e-02  7.94328235e+07 -3.83575210e-01 
 8.57695899e+07 -8.55125208e-02  8.57695899e+07 -3.51340585e-01 
 9.26118728e+07 -8.39213678e-02  9.26118728e+07 -3.21338591e-01 
 1.00000000e+08 -8.21273397e-02  1.00000000e+08 -2.93421860e-01 
 1.07977516e+08 -8.01228212e-02  1.07977516e+08 -2.67458686e-01 
 1.16591440e+08 -7.79031038e-02  1.16591440e+08 -2.43331948e-01 
 1.25892541e+08 -7.54673474e-02  1.25892541e+08 -2.20937853e-01 
 1.35935639e+08 -7.28195051e-02  1.35935639e+08 -2.00184460e-01 
 1.46779927e+08 -6.99691182e-02  1.46779927e+08 -1.80989963e-01 
 1.58489319e+08 -6.69318773e-02  1.58489319e+08 -1.63280747e-01 
 1.71132830e+08 -6.37298441e-02  1.71132830e+08 -1.46989282e-01 
 1.84784980e+08 -6.03912458e-02  1.84784980e+08 -1.32051941e-01 
 1.99526231e+08 -5.69497957e-02  1.99526231e+08 -1.18406899e-01 
 2.15443469e+08 -5.34435440e-02  2.15443469e+08 -1.05992251e-01 
 2.32630507e+08 -4.99133287e-02  2.32630507e+08 -9.47445215e-02 
 2.51188643e+08 -4.64009548e-02  2.51188643e+08 -8.45976798e-02 
 2.71227258e+08 -4.29472739e-02  2.71227258e+08 -7.54827352e-02 
 2.92864456e+08 -3.95903512e-02  2.92864456e+08 -6.73279084e-02 
 3.16227766e+08 -3.63638934e-02  3.16227766e+08 -6.00593114e-02 
 3.41454887e+08 -3.32960690e-02  3.41454887e+08 -5.36020082e-02 
 3.68694506e+08 -3.04087931e-02  3.68694506e+08 -4.78812974e-02 
 3.98107171e+08 -2.77174860e-02  3.98107171e+08 -4.28240525e-02 
 4.29866235e+08 -2.52312585e-02  4.29866235e+08 -3.83599767e-02 
 4.64158883e+08 -2.29534396e-02  4.64158883e+08 -3.44226616e-02 
 5.01187234e+08 -2.08823401e-02  5.01187234e+08 -3.09503887e-02 
 5.41169527e+08 -1.90121480e-02  5.41169527e+08 -2.78866473e-02 
 5.84341413e+08 -1.73338588e-02  5.84341413e+08 -2.51803840e-02 
 6.30957344e+08 -1.58361706e-02  6.30957344e+08 -2.27860153e-02 
 6.81292069e+08 -1.45062898e-02  6.81292069e+08 -2.06632538e-02 
 7.35642254e+08 -1.33306215e-02  7.35642254e+08 -1.87767965e-02 
 7.94328235e+08 -1.22953308e-02  7.94328235e+08 -1.70959257e-02 
 8.57695899e+08 -1.13867792e-02  8.57695899e+08 -1.55940618e-02 
 9.26118728e+08 -1.05918443e-02  9.26118728e+08 -1.42483025e-02 
 1.00000000e+09 -9.89814140e-03  1.00000000e+09 -1.30389708e-02 
 1.07977516e+09 -9.29416115e-03  1.07977516e+09 -1.19491894e-02 
 1.16591440e+09 -8.76934235e-03  1.16591440e+09 -1.09644911e-02 
 1.25892541e+09 -8.31409457e-03  1.25892541e+09 -1.00724692e-02 
 1.35935639e+09 -7.91978437e-03  1.35935639e+09 -9.26246992e-03 
 1.46779927e+09 -7.57869606e-03  1.46779927e+09 -8.52532589e-03 
 1.58489319e+09 -7.28397607e-03  1.58489319e+09 -7.85312683e-03 
 1.71132830e+09 -7.02956777e-03  1.71132830e+09 -7.23902469e-03 
 1.84784980e+09 -6.81014188e-03  1.84784980e+09 -6.67706910e-03 
 1.99526231e+09 -6.62102619e-03  1.99526231e+09 -6.16206896e-03 
 2.15443469e+09 -6.45813716e-03  2.15443469e+09 -5.68947665e-03 
 2.32630507e+09 -6.31791504e-03  2.32630507e+09 -5.25529132e-03 
 2.51188643e+09 -6.19726359e-03  2.51188643e+09 -4.85597815e-03 
 2.71227258e+09 -6.09349483e-03  2.71227258e+09 -4.48840111e-03 
 2.92864456e+09 -6.00427894e-03  2.92864456e+09 -4.14976674e-03 
 3.16227766e+09 -5.92759940e-03  3.16227766e+09 -3.83757722e-03 
 3.41454887e+09 -5.86171293e-03  3.41454887e+09 -3.54959100e-03 
 3.68694506e+09 -5.80511403e-03  3.68694506e+09 -3.28378972e-03 
 3.98107171e+09 -5.75650373e-03  3.98107171e+09 -3.03835035e-03 
 4.29866235e+09 -5.71476214e-03  4.29866235e+09 -2.81162156e-03 
 4.64158883e+09 -5.67892439e-03  4.64158883e+09 -2.60210368e-03 
 5.01187234e+09 -5.64815970e-03  5.01187234e+09 -2.40843151e-03 
 5.41169527e+09 -5.62175312e-03  5.41169527e+09 -2.22935972e-03 
 5.84341413e+09 -5.59908963e-03  5.84341413e+09 -2.06375010e-03 
 6.30957344e+09 -5.57964039e-03  6.30957344e+09 -1.91056065e-03 
 6.81292069e+09 -5.56295084e-03  6.81292069e+09 -1.76883597e-03 
 7.35642254e+09 -5.54863036e-03  7.35642254e+09 -1.63769899e-03 
 7.94328235e+09 -5.53634338e-03  7.94328235e+09 -1.51634353e-03 
 8.57695899e+09 -5.52580166e-03  8.57695899e+09 -1.40402787e-03 
 9.26118728e+09 -5.51675769e-03  9.26118728e+09 -1.30006901e-03 
 1.00000000e+10 -5.50899896e-03  1.00000000e+10 -1.20383746e-03 
