 1.00000000e+00  2.61687034e+02  1.00000000e+00 -3.42794599e-03 
 1.07977516e+00  2.61687034e+02  1.07977516e+00 -3.70141094e-03 
 1.16591440e+00  2.61687034e+02  1.16591440e+00 -3.99669160e-03 
 1.25892541e+00  2.61687034e+02  1.25892541e+00 -4.31552832e-03 
 1.35935639e+00  2.61687034e+02  1.35935639e+00 -4.65980029e-03 
 1.46779927e+00  2.61687034e+02  1.46779927e+00 -5.03153662e-03 
 1.58489319e+00  2.61687034e+02  1.58489319e+00 -5.43292827e-03 
 1.71132830e+00  2.61687034e+02  1.71132830e+00 -5.86634100e-03 
 1.84784980e+00  2.61687034e+02  1.84784980e+00 -6.33432930e-03 
 1.99526231e+00  2.61687034e+02  1.99526231e+00 -6.83965145e-03 
 2.15443469e+00  2.61687034e+02  2.15443469e+00 -7.38528576e-03 
 2.32630507e+00  2.61687034e+02  2.32630507e+00 -7.97444812e-03 
 2.51188643e+00  2.61687034e+02  2.51188643e+00 -8.61061102e-03 
 2.71227258e+00  2.61687034e+02  2.71227258e+00 -9.29752391e-03 
 2.92864456e+00  2.61687034e+02  2.92864456e+00 -1.00392354e-02 
 3.16227766e+00  2.61687034e+02  3.16227766e+00 -1.08401170e-02 
 3.41454887e+00  2.61687034e+02  3.41454887e+00 -1.17048891e-02 
 3.68694506e+00  2.61687034e+02  3.68694506e+00 -1.26386485e-02 
 3.98107171e+00  2.61687034e+02  3.98107171e+00 -1.36468988e-02 
 4.29866235e+00  2.61687034e+02  4.29866235e+00 -1.47355823e-02 
 4.64158883e+00  2.61687033e+02  4.64158883e+00 -1.59111158e-02 
 5.01187234e+00  2.61687033e+02  5.01187234e+00 -1.71804276e-02 
 5.41169527e+00  2.61687033e+02  5.41169527e+00 -1.85509990e-02 
 5.84341413e+00  2.61687033e+02  5.84341413e+00 -2.00309079e-02 
 6.30957344e+00  2.61687033e+02  6.30957344e+00 -2.16288769e-02 
 6.81292069e+00  2.61687032e+02  6.81292069e+00 -2.33543240e-02 
 7.35642254e+00  2.61687032e+02  7.35642254e+00 -2.52174189e-02 
 7.94328235e+00  2.61687032e+02  7.94328235e+00 -2.72291426e-02 
 8.57695899e+00  2.61687031e+02  8.57695899e+00 -2.94013518e-02 
 9.26118728e+00  2.61687031e+02  9.26118728e+00 -3.17468494e-02 
 1.00000000e+01  2.61687030e+02  1.00000000e+01 -3.42794593e-02 
 1.07977516e+01  2.61687029e+02  1.07977516e+01 -3.70141087e-02 
 1.16591440e+01  2.61687028e+02  1.16591440e+01 -3.99669151e-02 
 1.25892541e+01  2.61687027e+02  1.25892541e+01 -4.31552820e-02 
 1.35935639e+01  2.61687026e+02  1.35935639e+01 -4.65980014e-02 
 1.46779927e+01  2.61687025e+02  1.46779927e+01 -5.03153643e-02 
 1.58489319e+01  2.61687023e+02  1.58489319e+01 -5.43292803e-02 
 1.71132830e+01  2.61687021e+02  1.71132830e+01 -5.86634071e-02 
 1.84784980e+01  2.61687019e+02  1.84784980e+01 -6.33432894e-02 
 1.99526231e+01  2.61687017e+02  1.99526231e+01 -6.83965099e-02 
 2.15443469e+01  2.61687014e+02  2.15443469e+01 -7.38528517e-02 
 2.32630507e+01  2.61687010e+02  2.32630507e+01 -7.97444739e-02 
 2.51188643e+01  2.61687006e+02  2.51188643e+01 -8.61061009e-02 
 2.71227258e+01  2.61687001e+02  2.71227258e+01 -9.29752275e-02 
 2.92864456e+01  2.61686996e+02  2.92864456e+01 -1.00392339e-01 
 3.16227766e+01  2.61686990e+02  3.16227766e+01 -1.08401152e-01 
 3.41454887e+01  2.61686982e+02  3.41454887e+01 -1.17048868e-01 
 3.68694506e+01  2.61686973e+02  3.68694506e+01 -1.26386456e-01 
 3.98107171e+01  2.61686963e+02  3.98107171e+01 -1.36468951e-01 
 4.29866235e+01  2.61686951e+02  4.29866235e+01 -1.47355777e-01 
 4.64158883e+01  2.61686938e+02  4.64158883e+01 -1.59111100e-01 
 5.01187234e+01  2.61686922e+02  5.01187234e+01 -1.71804203e-01 
 5.41169527e+01  2.61686903e+02  5.41169527e+01 -1.85509898e-01 
 5.84341413e+01  2.61686881e+02  5.84341413e+01 -2.00308963e-01 
 6.30957344e+01  2.61686856e+02  6.30957344e+01 -2.16288622e-01 
 6.81292069e+01  2.61686826e+02  6.81292069e+01 -2.33543056e-01 
 7.35642254e+01  2.61686791e+02  7.35642254e+01 -2.52173958e-01 
 7.94328235e+01  2.61686751e+02  7.94328235e+01 -2.72291134e-01 
 8.57695899e+01  2.61686704e+02  8.57695899e+01 -2.94013151e-01 
 9.26118728e+01  2.61686649e+02  9.26118728e+01 -3.17468031e-01 
 1.00000000e+02  2.61686586e+02  1.00000000e+02 -3.42794011e-01 
 1.07977516e+02  2.61686511e+02  1.07977516e+02 -3.70140354e-01 
 1.16591440e+02  2.61686424e+02  1.16591440e+02 -3.99668228e-01 
 1.25892541e+02  2.61686323e+02  1.25892541e+02 -4.31551659e-01 
 1.35935639e+02  2.61686205e+02  1.35935639e+02 -4.65978553e-01 
 1.46779927e+02  2.61686067e+02  1.46779927e+02 -5.03151803e-01 
 1.58489319e+02  2.61685907e+02  1.58489319e+02 -5.43290486e-01 
 1.71132830e+02  2.61685720e+02  1.71132830e+02 -5.86631154e-01 
 1.84784980e+02  2.61685502e+02  1.84784980e+02 -6.33429221e-01 
 1.99526231e+02  2.61685247e+02  1.99526231e+02 -6.83960476e-01 
 2.15443469e+02  2.61684951e+02  2.15443469e+02 -7.38522697e-01 
 2.32630507e+02  2.61684605e+02  2.32630507e+02 -7.97437412e-01 
 2.51188643e+02  2.61684202e+02  2.51188643e+02 -8.61051785e-01 
 2.71227258e+02  2.61683732e+02  2.71227258e+02 -9.29740662e-01 
 2.92864456e+02  2.61683184e+02  2.92864456e+02 -1.00390877e+00 
 3.16227766e+02  2.61682545e+02  3.16227766e+02 -1.08399311e+00 
 3.41454887e+02  2.61681801e+02  3.41454887e+02 -1.17046551e+00 
 3.68694506e+02  2.61680932e+02  3.68694506e+02 -1.26383539e+00 
 3.98107171e+02  2.61679920e+02  3.98107171e+02 -1.36465279e+00 
 4.29866235e+02  2.61678739e+02  4.29866235e+02 -1.47351154e+00 
 4.64158883e+02  2.61677363e+02  4.64158883e+02 -1.59105280e+00 
 5.01187234e+02  2.61675759e+02  5.01187234e+02 -1.71796876e+00 
 5.41169527e+02  2.61673888e+02  5.41169527e+02 -1.85500674e+00 
 5.84341413e+02  2.61671707e+02  5.84341413e+02 -2.00297351e+00 
 6.30957344e+02  2.61669164e+02  6.30957344e+02 -2.16274004e+00 
 6.81292069e+02  2.61666199e+02  6.81292069e+02 -2.33524652e+00 
 7.35642254e+02  2.61662743e+02  7.35642254e+02 -2.52150789e+00 
 7.94328235e+02  2.61658713e+02  7.94328235e+02 -2.72261967e+00 
 8.57695899e+02  2.61654014e+02  8.57695899e+02 -2.93976433e+00 
 9.26118728e+02  2.61648537e+02  9.26118728e+02 -3.17421807e+00 
 1.00000000e+03  2.61642150e+02  1.00000000e+03 -3.42735820e+00 
 1.07977516e+03  2.61634705e+02  1.07977516e+03 -3.70067097e+00 
 1.16591440e+03  2.61626025e+02  1.16591440e+03 -3.99576006e+00 
 1.25892541e+03  2.61615905e+02  1.25892541e+03 -4.31435563e+00 
 1.35935639e+03  2.61604107e+02  1.35935639e+03 -4.65832403e+00 
 1.46779927e+03  2.61590354e+02  1.46779927e+03 -5.02967821e+00 
 1.58489319e+03  2.61574320e+02  1.58489319e+03 -5.43058881e+00 
 1.71132830e+03  2.61555628e+02  1.71132830e+03 -5.86339601e+00 
 1.84784980e+03  2.61533839e+02  1.84784980e+03 -6.33062210e+00 
 1.99526231e+03  2.61508439e+02  1.99526231e+03 -6.83498481e+00 
 2.15443469e+03  2.61478831e+02  2.15443469e+03 -7.37941146e+00 
 2.32630507e+03  2.61444319e+02  2.32630507e+03 -7.96705381e+00 
 2.51188643e+03  2.61404092e+02  2.51188643e+03 -8.60130355e+00 
 2.71227258e+03  2.61357207e+02  2.71227258e+03 -9.28580860e+00 
 2.92864456e+03  2.61302564e+02  2.92864456e+03 -1.00244898e+01 
 3.16227766e+03  2.61238884e+02  3.16227766e+03 -1.08215579e+01 
 3.41454887e+03  2.61164678e+02  3.41454887e+03 -1.16815312e+01 
 3.68694506e+03  2.61078213e+02  3.68694506e+03 -1.26092524e+01 
 3.98107171e+03  2.60977475e+02  3.98107171e+03 -1.36099055e+01 
 4.29866235e+03  2.60860121e+02  4.29866235e+03 -1.46890315e+01 
 4.64158883e+03  2.60723429e+02  4.64158883e+03 -1.58525425e+01 
 5.01187234e+03  2.60564238e+02  5.01187234e+03 -1.71067333e+01 
 5.41169527e+03  2.60378881e+02  5.41169527e+03 -1.84582893e+01 
 5.84341413e+03  2.60163103e+02  5.84341413e+03 -1.99142900e+01 
 6.30957344e+03  2.59911976e+02  6.30957344e+03 -2.14822053e+01 
 6.81292069e+03  2.59619794e+02  6.81292069e+03 -2.31698829e+01 
 7.35642254e+03  2.59279963e+02  7.35642254e+03 -2.49855252e+01 
 7.94328235e+03  2.58884871e+02  7.94328235e+03 -2.69376505e+01 
 8.57695899e+03  2.58425744e+02  8.57695899e+03 -2.90350356e+01 
 9.26118728e+03  2.57892493e+02  9.26118728e+03 -3.12866359e+01 
 1.00000000e+04  2.57273539e+02  1.00000000e+04 -3.37014750e+01 
 1.07977516e+04  2.56555631e+02  1.07977516e+04 -3.62884994e+01 
 1.16591440e+04  2.55723653e+02  1.16591440e+04 -3.90563887e+01 
 1.25892541e+04  2.54760424e+02  1.25892541e+04 -4.20133137e+01 
 1.35935639e+04  2.53646501e+02  1.35935639e+04 -4.51666328e+01 
 1.46779927e+04  2.52359996e+02  1.46779927e+04 -4.85225151e+01 
 1.58489319e+04  2.50876417e+02  1.58489319e+04 -5.20854821e+01 
 1.71132830e+04  2.49168560e+02  1.71132830e+04 -5.58578569e+01 
 1.84784980e+04  2.47206465e+02  1.84784980e+04 -5.98391158e+01 
 1.99526231e+04  2.44957481e+02  1.99526231e+04 -6.40251392e+01 
 2.15443469e+04  2.42386470e+02  2.15443469e+04 -6.84073659e+01 
 2.32630507e+04  2.39456191e+02  2.32630507e+04 -7.29718668e+01 
 2.51188643e+04  2.36127926e+02  2.51188643e+04 -7.76983667e+01 
 2.71227258e+04  2.32362377e+02  2.71227258e+04 -8.25592616e+01 
 2.92864456e+04  2.28120899e+02  2.92864456e+04 -8.75187018e+01 
 3.16227766e+04  2.23367080e+02  3.16227766e+04 -9.25318347e+01 
 3.41454887e+04  2.18068691e+02  3.41454887e+04 -9.75443269e+01 
 3.68694506e+04  2.12199965e+02  3.68694506e+04 -1.02492304e+02 
 3.98107171e+04  2.05744119e+02  3.98107171e+04 -1.07302855e+02 
 4.29866235e+04  1.98695996e+02  4.29866235e+04 -1.11895241e+02 
 4.64158883e+04  1.91064591e+02  4.64158883e+04 -1.16182910e+02 
 5.01187234e+04  1.82875224e+02  5.01187234e+04 -1.20076351e+02 
 5.41169527e+04  1.74171032e+02  5.41169527e+04 -1.23486735e+02 
 5.84341413e+04  1.65013510e+02  5.84341413e+04 -1.26330162e+02 
 6.30957344e+04  1.55481825e+02  6.30957344e+04 -1.28532213e+02 
 6.81292069e+04  1.45670804e+02  6.81292069e+04 -1.30032399e+02 
 7.35642254e+04  1.35687590e+02  7.35642254e+04 -1.30788065e+02 
 7.94328235e+04  1.25647189e+02  7.94328235e+04 -1.30777272e+02 
 8.57695899e+04  1.15667260e+02  8.57695899e+04 -1.30000336e+02 
 9.26118728e+04  1.05862657e+02  9.26118728e+04 -1.28479803e+02 
 1.00000000e+05  9.63402327e+01  1.00000000e+05 -1.26258875e+02 
 1.07977516e+05  8.71944159e+01  1.07977516e+05 -1.23398485e+02 
 1.16591440e+05  7.85039008e+01  1.16591440e+05 -1.19973383e+02 
 1.25892541e+05  7.03296685e+01  1.25892541e+05 -1.16067667e+02 
 1.35935639e+05  6.27143461e+01  1.35935639e+05 -1.11770240e+02 
 1.46779927e+05  5.56827705e+01  1.46779927e+05 -1.07170577e+02 
 1.58489319e+05  4.92435097e+01  1.58489319e+05 -1.02355102e+02 
 1.71132830e+05  4.33910437e+01  1.71132830e+05 -9.74043581e+01 
 1.84784980e+05  3.81083039e+01  1.84784980e+05 -9.23910161e+01 
 1.99526231e+05  3.33693070e+01  1.99526231e+05 -8.73786865e+01 
 2.15443469e+05  2.91416772e+01  2.15443469e+05 -8.24214340e+01 
 2.32630507e+05  2.53889162e+01  2.32630507e+05 -7.75638507e+01 
 2.51188643e+05  2.20723397e+01  2.51188643e+05 -7.28415439e+01 
 2.71227258e+05  1.91526520e+01  2.71227258e+05 -6.82818992e+01 
 2.92864456e+05  1.65911643e+01  2.92864456e+05 -6.39050003e+01 
 3.16227766e+05  1.43506886e+01  3.16227766e+05 -5.97246126e+01 
 3.41454887e+05  1.23961512e+01  3.41454887e+05 -5.57491606e+01 
 3.68694506e+05  1.06949748e+01  3.68694506e+05 -5.19826519e+01 
 3.98107171e+05  9.21727700e+00  3.98107171e+05 -4.84255208e+01 
 4.29866235e+05  7.93592949e+00  4.29866235e+05 -4.50753738e+01 
 4.64158883e+05  6.82651596e+00  4.64158883e+05 -4.19276364e+01 
 5.01187234e+05  5.86721911e+00  5.01187234e+05 -3.89761001e+01 
 5.41169527e+05  5.03866229e+00  5.41169527e+05 -3.62133791e+01 
 5.84341413e+05  4.32372481e+00  5.84341413e+05 -3.36312842e+01 
 6.30957344e+05  3.70734503e+00  6.30957344e+05 -3.12211252e+01 
 6.81292069e+05  3.17632171e+00  6.81292069e+05 -2.89739511e+01 
 7.35642254e+05  2.71912053e+00  7.35642254e+05 -2.68807382e+01 
 7.94328235e+05  2.32569067e+00  7.94328235e+05 -2.49325348e+01 
 8.57695899e+05  1.98729395e+00  8.57695899e+05 -2.31205701e+01 
 9.26118728e+05  1.69634826e+00  9.26118728e+05 -2.14363337e+01 
 1.00000000e+06  1.44628556e+00  1.00000000e+06 -1.98716330e+01 
 1.07977516e+06  1.23142436e+00  1.07977516e+06 -1.84186300e+01 
 1.16591440e+06  1.04685603e+00  1.16591440e+06 -1.70698656e+01 
 1.25892541e+06  8.88344134e-01  1.25892541e+06 -1.58182713e+01 
 1.35935639e+06  7.52235584e-01  1.35935639e+06 -1.46571724e+01 
 1.46779927e+06  6.35382766e-01  1.46779927e+06 -1.35802846e+01 
 1.58489319e+06  5.35075358e-01  1.58489319e+06 -1.25817063e+01 
 1.71132830e+06  4.48980890e-01  1.71132830e+06 -1.16559065e+01 
 1.84784980e+06  3.75093034e-01  1.84784980e+06 -1.07977105e+01 
 1.99526231e+06  3.11686711e-01  1.99526231e+06 -1.00022848e+01 
 2.15443469e+06  2.57279192e-01  2.15443469e+06 -9.26511971e+00 
 2.32630507e+06  2.10596438e-01  2.32630507e+06 -8.58201231e+00 
 2.51188643e+06  1.70544013e-01  2.51188643e+06 -7.94904935e+00 
 2.71227258e+06  1.36181980e-01  2.71227258e+06 -7.36258993e+00 
 2.92864456e+06  1.06703246e-01  2.92864456e+06 -6.81924884e+00 
 3.16227766e+06  8.14149011e-02  3.16227766e+06 -6.31588038e+00 
 3.41454887e+06  5.97221586e-02  3.41454887e+06 -5.84956281e+00 
 3.68694506e+06  4.11145218e-02  3.68694506e+06 -5.41758350e+00 
 3.98107171e+06  2.51538916e-02  3.98107171e+06 -5.01742488e+00 
 4.29866235e+06  1.14643401e-02  4.29866235e+06 -4.64675105e+00 
 4.64158883e+06 -2.76679857e-04  4.64158883e+06 -4.30339529e+00 
 5.01187234e+06 -1.03458865e-02  5.01187234e+06 -3.98534817e+00 
 5.41169527e+06 -1.89806560e-02  5.41169527e+06 -3.69074650e+00 
 5.84341413e+06 -2.63845928e-02  5.84341413e+06 -3.41786296e+00 
 6.30957344e+06 -3.27323116e-02  6.30957344e+06 -3.16509638e+00 
 6.81292069e+06 -3.81735419e-02  6.81292069e+06 -2.93096269e+00 
 7.35642254e+06 -4.28366490e-02  7.35642254e+06 -2.71408649e+00 
 7.94328235e+06 -4.68316555e-02  7.94328235e+06 -2.51319316e+00 
 8.57695899e+06 -5.02528317e-02  8.57695899e+06 -2.32710155e+00 
 9.26118728e+06 -5.31809162e-02  9.26118728e+06 -2.15471719e+00 
 1.00000000e+07 -5.56850188e-02  1.00000000e+07 -1.99502595e+00 
 1.07977516e+07 -5.78242500e-02  1.07977516e+07 -1.84708815e+00 
 1.16591440e+07 -5.96491154e-02  1.16591440e+07 -1.71003313e+00 
 1.25892541e+07 -6.12027079e-02  1.25892541e+07 -1.58305417e+00 
 1.35935639e+07 -6.25217258e-02  1.35935639e+07 -1.46540378e+00 
 1.46779927e+07 -6.36373412e-02  1.46779927e+07 -1.35638936e+00 
 1.58489319e+07 -6.45759380e-02  1.58489319e+07 -1.25536917e+00 
 1.71132830e+07 -6.53597396e-02  1.71132830e+07 -1.16174855e+00 
 1.84784980e+07 -6.60073388e-02  1.84784980e+07 -1.07497652e+00 
 1.99526231e+07 -6.65341451e-02  1.99526231e+07 -9.94542482e-01 
 2.15443469e+07 -6.69527591e-02  2.15443469e+07 -9.19973334e-01 
 2.32630507e+07 -6.72732848e-02  2.32630507e+07 -8.50830687e-01 
 2.51188643e+07 -6.75035873e-02  2.51188643e+07 -7.86708345e-01 
 2.71227258e+07 -6.76495056e-02  2.71227258e+07 -7.27229974e-01 
 2.92864456e+07 -6.77150243e-02  2.92864456e+07 -6.72046955e-01 
 3.16227766e+07 -6.77024146e-02  3.16227766e+07 -6.20836417e-01 
 3.41454887e+07 -6.76123489e-02  3.41454887e+07 -5.73299433e-01 
 3.68694506e+07 -6.74439963e-02  3.68694506e+07 -5.29159382e-01 
 3.98107171e+07 -6.71951077e-02  3.98107171e+07 -4.88160454e-01 
 4.29866235e+07 -6.68620980e-02  4.29866235e+07 -4.50066303e-01 
 4.64158883e+07 -6.64401351e-02  4.64158883e+07 -4.14658839e-01 
 5.01187234e+07 -6.59232471e-02  5.01187234e+07 -3.81737143e-01 
 5.41169527e+07 -6.53044600e-02  5.41169527e+07 -3.51116505e-01 
 5.84341413e+07 -6.45759787e-02  5.84341413e+07 -3.22627566e-01 
 6.30957344e+07 -6.37294264e-02  6.30957344e+07 -2.96115551e-01 
 6.81292069e+07 -6.27561551e-02  6.81292069e+07 -2.71439570e-01 
 7.35642254e+07 -6.16476388e-02  7.35642254e+07 -2.48471964e-01 
 7.94328235e+07 -6.03959552e-02  7.94328235e+07 -2.27097661e-01 
 8.57695899e+07 -5.89943555e-02  8.57695899e+07 -2.07213507e-01 
 9.26118728e+07 -5.74379082e-02  9.26118728e+07 -1.88727520e-01 
 1.00000000e+08 -5.57241906e-02  1.00000000e+08 -1.71558043e-01 
 1.07977516e+08 -5.38539839e-02  1.07977516e+08 -1.55632743e-01 
 1.16591440e+08 -5.18319112e-02  1.16591440e+08 -1.40887441e-01 
 1.25892541e+08 -4.96669452e-02  1.25892541e+08 -1.27264766e-01 
 1.35935639e+08 -4.73727069e-02  1.35935639e+08 -1.14712660e-01 
 1.46779927e+08 -4.49674827e-02  1.46779927e+08 -1.03182799e-01 
 1.58489319e+08 -4.24739068e-02  1.58489319e+08 -9.26289951e-02 
 1.71132830e+08 -3.99182933e-02  1.71132830e+08 -8.30057183e-02 
 1.84784980e+08 -3.73296408e-02  1.84784980e+08 -7.42668378e-02 
 1.99526231e+08 -3.47383846e-02  1.99526231e+08 -6.63646927e-02 
 2.15443469e+08 -3.21750070e-02  2.15443469e+08 -5.92495672e-02 
 2.32630507e+08 -2.96686396e-02  2.32630507e+08 -5.28695978e-02 
 2.51188643e+08 -2.72457939e-02  2.51188643e+08 -4.71710845e-02 
 2.71227258e+08 -2.49293335e-02  2.71227258e+08 -4.20991364e-02 
 2.92864456e+08 -2.27377669e-02  2.92864456e+08 -3.75985413e-02 
 3.16227766e+08 -2.06848890e-02  3.16227766e+08 -3.36147422e-02 
 3.41454887e+08 -1.87797591e-02  3.41454887e+08 -3.00948011e-02 
 3.68694506e+08 -1.70269652e-02  3.68694506e+08 -2.69882592e-02 
 3.98107171e+08 -1.54271041e-02  3.98107171e+08 -2.42478273e-02 
 4.29866235e+08 -1.39773960e-02  4.29866235e+08 -2.18298744e-02 
 4.64158883e+08 -1.26723622e-02  4.64158883e+08 -1.96947113e-02 
 5.01187234e+08 -1.15045010e-02  5.01187234e+08 -1.78066857e-02 
 5.41169527e+08 -1.04649166e-02  5.41169527e+08 -1.61341218e-02 
 5.84341413e+08 -9.54387173e-03  5.84341413e+08 -1.46491391e-02 
 6.30957344e+08 -8.73124963e-03  6.30957344e+08 -1.33273883e-02 
 6.81292069e+08 -8.01692133e-03  6.81292069e+08 -1.21477379e-02 
 7.35642254e+08 -7.39102388e-03  7.35642254e+08 -1.10919383e-02 
 7.94328235e+08 -6.84415916e-03  7.94328235e+08 -1.01442847e-02 
 8.57695899e+08 -6.36752536e-03  8.57695899e+08 -9.29129299e-03 
 9.26118728e+08 -5.95299409e-03  9.26118728e+08 -8.52139919e-03 
 1.00000000e+09 -5.59314496e-03  1.00000000e+09 -7.82468696e-03 
 1.07977516e+09 -5.28126854e-03  1.07977516e+09 -7.19264555e-03 
 1.16591440e+09 -5.01134652e-03  1.16591440e+09 -6.61795827e-03 
 1.25892541e+09 -4.77801673e-03  1.25892541e+09 -6.09431975e-03 
 1.35935639e+09 -4.57652850e-03  1.35935639e+09 -5.61627973e-03 
 1.46779927e+09 -4.40269297e-03  1.46779927e+09 -5.17911057e-03 
 1.58489319e+09 -4.25283153e-03  1.58489319e+09 -4.77869558e-03 
 1.71132830e+09 -4.12372463e-03  1.71132830e+09 -4.41143521e-03 
 1.84784980e+09 -4.01256266e-03  1.84784980e+09 -4.07416875e-03 
 1.99526231e+09 -3.91689968e-03  1.99526231e+09 -3.76410885e-03 
 2.15443469e+09 -3.83461076e-03  2.15443469e+09 -3.47878699e-03 
 2.32630507e+09 -3.76385314e-03  2.32630507e+09 -3.21600794e-03 
 2.51188643e+09 -3.70303110e-03  2.51188643e+09 -2.97381182e-03 
 2.71227258e+09 -3.65076462e-03  2.71227258e+09 -2.75044233e-03 
 2.92864456e+09 -3.60586155e-03  2.92864456e+09 -2.54432007e-03 
 3.16227766e+09 -3.56729299e-03  3.16227766e+09 -2.35402012e-03 
 3.41454887e+09 -3.53417169e-03  3.41454887e+09 -2.17825316e-03 
 3.68694506e+09 -3.50573303e-03  3.68694506e+09 -2.01584937e-03 
 3.98107171e+09 -3.48131855e-03  3.98107171e+09 -1.86574475e-03 
 4.29866235e+09 -3.46036145e-03  4.29866235e+09 -1.72696944e-03 
 4.64158883e+09 -3.44237411e-03  4.64158883e+09 -1.59863762e-03 
 5.01187234e+09 -3.42693716e-03  5.01187234e+09 -1.47993883e-03 
 5.41169527e+09 -3.41369008e-03  5.41169527e+09 -1.37013039e-03 
 5.84341413e+09 -3.40232303e-03  5.84341413e+09 -1.26853078e-03 
 6.30957344e+09 -3.39256981e-03  6.30957344e+09 -1.17451389e-03 
 6.81292069e+09 -3.38420173e-03  6.81292069e+09 -1.08750384e-03 
 7.35642254e+09 -3.37702242e-03  7.35642254e+09 -1.00697052e-03 
 7.94328235e+09 -3.37086324e-03  7.94328235e+09 -9.32425521e-04 
 8.57695899e+09 -3.36557942e-03  8.57695899e+09 -8.63418538e-04 
 9.26118728e+09 -3.36104669e-03  9.26118728e+09 -7.99534152e-04 
 1.00000000e+10 -3.35715838e-03  1.00000000e+10 -7.40388919e-04 
