 1.00000000e+00  2.76591051e+02  1.00000000e+00 -3.18567328e-03 
 1.07977516e+00  2.76591051e+02  1.07977516e+00 -3.43981088e-03 
 1.16591440e+00  2.76591051e+02  1.16591440e+00 -3.71422235e-03 
 1.25892541e+00  2.76591051e+02  1.25892541e+00 -4.01052504e-03 
 1.35935639e+00  2.76591051e+02  1.35935639e+00 -4.33046533e-03 
 1.46779927e+00  2.76591051e+02  1.46779927e+00 -4.67592890e-03 
 1.58489319e+00  2.76591051e+02  1.58489319e+00 -5.04895189e-03 
 1.71132830e+00  2.76591051e+02  1.71132830e+00 -5.45173284e-03 
 1.84784980e+00  2.76591051e+02  1.84784980e+00 -5.88664572e-03 
 1.99526231e+00  2.76591051e+02  1.99526231e+00 -6.35625383e-03 
 2.15443469e+00  2.76591051e+02  2.15443469e+00 -6.86332501e-03 
 2.32630507e+00  2.76591051e+02  2.32630507e+00 -7.41084788e-03 
 2.51188643e+00  2.76591051e+02  2.51188643e+00 -8.00204947e-03 
 2.71227258e+00  2.76591051e+02  2.71227258e+00 -8.64041427e-03 
 2.92864456e+00  2.76591051e+02  2.92864456e+00 -9.32970471e-03 
 3.16227766e+00  2.76591051e+02  3.16227766e+00 -1.00739834e-02 
 3.41454887e+00  2.76591051e+02  3.41454887e+00 -1.08776371e-02 
 3.68694506e+00  2.76591051e+02  3.68694506e+00 -1.17454023e-02 
 3.98107171e+00  2.76591051e+02  3.98107171e+00 -1.26823937e-02 
 4.29866235e+00  2.76591051e+02  4.29866235e+00 -1.36941337e-02 
 4.64158883e+00  2.76591050e+02  4.64158883e+00 -1.47865855e-02 
 5.01187234e+00  2.76591050e+02  5.01187234e+00 -1.59661877e-02 
 5.41169527e+00  2.76591050e+02  5.41169527e+00 -1.72398929e-02 
 5.84341413e+00  2.76591050e+02  5.84341413e+00 -1.86152082e-02 
 6.30957344e+00  2.76591050e+02  6.30957344e+00 -2.01002394e-02 
 6.81292069e+00  2.76591050e+02  6.81292069e+00 -2.17037392e-02 
 7.35642254e+00  2.76591049e+02  7.35642254e+00 -2.34351585e-02 
 7.94328235e+00  2.76591049e+02  7.94328235e+00 -2.53047021e-02 
 8.57695899e+00  2.76591049e+02  8.57695899e+00 -2.73233888e-02 
 9.26118728e+00  2.76591048e+02  9.26118728e+00 -2.95031165e-02 
 1.00000000e+01  2.76591048e+02  1.00000000e+01 -3.18567323e-02 
 1.07977516e+01  2.76591047e+02  1.07977516e+01 -3.43981083e-02 
 1.16591440e+01  2.76591046e+02  1.16591440e+01 -3.71422228e-02 
 1.25892541e+01  2.76591045e+02  1.25892541e+01 -4.01052496e-02 
 1.35935639e+01  2.76591044e+02  1.35935639e+01 -4.33046522e-02 
 1.46779927e+01  2.76591043e+02  1.46779927e+01 -4.67592877e-02 
 1.58489319e+01  2.76591042e+02  1.58489319e+01 -5.04895172e-02 
 1.71132830e+01  2.76591040e+02  1.71132830e+01 -5.45173263e-02 
 1.84784980e+01  2.76591039e+02  1.84784980e+01 -5.88664545e-02 
 1.99526231e+01  2.76591037e+02  1.99526231e+01 -6.35625350e-02 
 2.15443469e+01  2.76591034e+02  2.15443469e+01 -6.86332460e-02 
 2.32630507e+01  2.76591031e+02  2.32630507e+01 -7.41084735e-02 
 2.51188643e+01  2.76591028e+02  2.51188643e+01 -8.00204881e-02 
 2.71227258e+01  2.76591024e+02  2.71227258e+01 -8.64041343e-02 
 2.92864456e+01  2.76591020e+02  2.92864456e+01 -9.32970366e-02 
 3.16227766e+01  2.76591015e+02  3.16227766e+01 -1.00739821e-01 
 3.41454887e+01  2.76591008e+02  3.41454887e+01 -1.08776354e-01 
 3.68694506e+01  2.76591001e+02  3.68694506e+01 -1.17454002e-01 
 3.98107171e+01  2.76590993e+02  3.98107171e+01 -1.26823911e-01 
 4.29866235e+01  2.76590983e+02  4.29866235e+01 -1.36941304e-01 
 4.64158883e+01  2.76590972e+02  4.64158883e+01 -1.47865813e-01 
 5.01187234e+01  2.76590959e+02  5.01187234e+01 -1.59661824e-01 
 5.41169527e+01  2.76590944e+02  5.41169527e+01 -1.72398863e-01 
 5.84341413e+01  2.76590926e+02  5.84341413e+01 -1.86151998e-01 
 6.30957344e+01  2.76590905e+02  6.30957344e+01 -2.01002289e-01 
 6.81292069e+01  2.76590881e+02  6.81292069e+01 -2.17037260e-01 
 7.35642254e+01  2.76590853e+02  7.35642254e+01 -2.34351419e-01 
 7.94328235e+01  2.76590820e+02  7.94328235e+01 -2.53046811e-01 
 8.57695899e+01  2.76590781e+02  8.57695899e+01 -2.73233624e-01 
 9.26118728e+01  2.76590737e+02  9.26118728e+01 -2.95030833e-01 
 1.00000000e+02  2.76590684e+02  1.00000000e+02 -3.18566905e-01 
 1.07977516e+02  2.76590624e+02  1.07977516e+02 -3.43980556e-01 
 1.16591440e+02  2.76590553e+02  1.16591440e+02 -3.71421566e-01 
 1.25892541e+02  2.76590470e+02  1.25892541e+02 -4.01051662e-01 
 1.35935639e+02  2.76590373e+02  1.35935639e+02 -4.33045472e-01 
 1.46779927e+02  2.76590261e+02  1.46779927e+02 -4.67591555e-01 
 1.58489319e+02  2.76590130e+02  1.58489319e+02 -5.04893508e-01 
 1.71132830e+02  2.76589977e+02  1.71132830e+02 -5.45171168e-01 
 1.84784980e+02  2.76589799e+02  1.84784980e+02 -5.88661907e-01 
 1.99526231e+02  2.76589591e+02  1.99526231e+02 -6.35622029e-01 
 2.15443469e+02  2.76589349e+02  2.15443469e+02 -6.86328279e-01 
 2.32630507e+02  2.76589066e+02  2.32630507e+02 -7.41079472e-01 
 2.51188643e+02  2.76588737e+02  2.51188643e+02 -8.00198255e-01 
 2.71227258e+02  2.76588353e+02  2.71227258e+02 -8.64033001e-01 
 2.92864456e+02  2.76587905e+02  2.92864456e+02 -9.32959865e-01 
 3.16227766e+02  2.76587383e+02  3.16227766e+02 -1.00738499e+00 
 3.41454887e+02  2.76586775e+02  3.41454887e+02 -1.08774690e+00 
 3.68694506e+02  2.76586065e+02  3.68694506e+02 -1.17451907e+00 
 3.98107171e+02  2.76585238e+02  3.98107171e+02 -1.26821273e+00 
 4.29866235e+02  2.76584274e+02  4.29866235e+02 -1.36937983e+00 
 4.64158883e+02  2.76583149e+02  4.64158883e+02 -1.47861632e+00 
 5.01187234e+02  2.76581838e+02  5.01187234e+02 -1.59656561e+00 
 5.41169527e+02  2.76580310e+02  5.41169527e+02 -1.72392237e+00 
 5.84341413e+02  2.76578528e+02  5.84341413e+02 -1.86143657e+00 
 6.30957344e+02  2.76576450e+02  6.30957344e+02 -2.00991788e+00 
 6.81292069e+02  2.76574027e+02  6.81292069e+02 -2.17024040e+00 
 7.35642254e+02  2.76571203e+02  7.35642254e+02 -2.34334776e+00 
 7.94328235e+02  2.76567910e+02  7.94328235e+02 -2.53025859e+00 
 8.57695899e+02  2.76564071e+02  8.57695899e+02 -2.73207247e+00 
 9.26118728e+02  2.76559595e+02  9.26118728e+02 -2.94997627e+00 
 1.00000000e+03  2.76554377e+02  1.00000000e+03 -3.18525102e+00 
 1.07977516e+03  2.76548293e+02  1.07977516e+03 -3.43927931e+00 
 1.16591440e+03  2.76541201e+02  1.16591440e+03 -3.71355316e+00 
 1.25892541e+03  2.76532931e+02  1.25892541e+03 -4.00968260e+00 
 1.35935639e+03  2.76523291e+02  1.35935639e+03 -4.32940480e+00 
 1.46779927e+03  2.76512052e+02  1.46779927e+03 -4.67459383e+00 
 1.58489319e+03  2.76498949e+02  1.58489319e+03 -5.04727121e+00 
 1.71132830e+03  2.76483674e+02  1.71132830e+03 -5.44961711e+00 
 1.84784980e+03  2.76465866e+02  1.84784980e+03 -5.88398234e+00 
 1.99526231e+03  2.76445107e+02  1.99526231e+03 -6.35290109e+00 
 2.15443469e+03  2.76420908e+02  2.15443469e+03 -6.85910453e+00 
 2.32630507e+03  2.76392699e+02  2.32630507e+03 -7.40553515e+00 
 2.51188643e+03  2.76359817e+02  2.51188643e+03 -7.99536193e+00 
 2.71227258e+03  2.76321489e+02  2.71227258e+03 -8.63199632e+00 
 2.92864456e+03  2.76276816e+02  2.92864456e+03 -9.31910886e+00 
 3.16227766e+03  2.76224748e+02  3.16227766e+03 -1.00606465e+01 
 3.41454887e+03  2.76164067e+02  3.41454887e+03 -1.08608506e+01 
 3.68694506e+03  2.76093352e+02  3.68694506e+03 -1.17242749e+01 
 3.98107171e+03  2.76010950e+02  3.98107171e+03 -1.26558037e+01 
 4.29866235e+03  2.75914938e+02  4.29866235e+03 -1.36606706e+01 
 4.64158883e+03  2.75803080e+02  4.64158883e+03 -1.47444749e+01 
 5.01187234e+03  2.75672778e+02  5.01187234e+03 -1.59131987e+01 
 5.41169527e+03  2.75521013e+02  5.41169527e+03 -1.71732204e+01 
 5.84341413e+03  2.75344278e+02  5.84341413e+03 -1.85313263e+01 
 6.30957344e+03  2.75138506e+02  6.30957344e+03 -1.99947173e+01 
 6.81292069e+03  2.74898982e+02  6.81292069e+03 -2.15710104e+01 
 7.35642254e+03  2.74620243e+02  7.35642254e+03 -2.32682322e+01 
 7.94328235e+03  2.74295970e+02  7.94328235e+03 -2.50948023e+01 
 8.57695899e+03  2.73918860e+02  8.57695899e+03 -2.70595038e+01 
 9.26118728e+03  2.73480489e+02  9.26118728e+03 -2.91714364e+01 
 1.00000000e+04  2.72971154e+02  1.00000000e+04 -3.14399493e+01 
 1.07977516e+04  2.72379703e+02  1.07977516e+04 -3.38745460e+01 
 1.16591440e+04  2.71693348e+02  1.16591440e+04 -3.64847573e+01 
 1.25892541e+04  2.70897470e+02  1.25892541e+04 -3.92799732e+01 
 1.35935639e+04  2.69975409e+02  1.35935639e+04 -4.22692260e+01 
 1.46779927e+04  2.68908257e+02  1.46779927e+04 -4.54609140e+01 
 1.58489319e+04  2.67674649e+02  1.58489319e+04 -4.88624574e+01 
 1.71132830e+04  2.66250577e+02  1.71132830e+04 -5.24798731e+01 
 1.84784980e+04  2.64609238e+02  1.84784980e+04 -5.63172596e+01 
 1.99526231e+04  2.62720938e+02  1.99526231e+04 -6.03761823e+01 
 2.15443469e+04  2.60553077e+02  2.15443469e+04 -6.46549538e+01 
 2.32630507e+04  2.58070264e+02  2.32630507e+04 -6.91478080e+01 
 2.51188643e+04  2.55234582e+02  2.51188643e+04 -7.38439764e+01 
 2.71227258e+04  2.52006081e+02  2.71227258e+04 -7.87266873e+01 
 2.92864456e+04  2.48343516e+02  2.92864456e+04 -8.37721232e+01 
 3.16227766e+04  2.44205410e+02  3.16227766e+04 -8.89483959e+01 
 3.41454887e+04  2.39551475e+02  3.41454887e+04 -9.42146190e+01 
 3.68694506e+04  2.34344406e+02  3.68694506e+04 -9.95201878e+01 
 3.98107171e+04  2.28552058e+02  3.98107171e+04 -1.04804400e+02 
 4.29866235e+04  2.22149956e+02  4.29866235e+04 -1.09996568e+02 
 4.64158883e+04  2.15124020e+02  4.64158883e+04 -1.15016776e+02 
 5.01187234e+04  2.07473339e+02  5.01187234e+04 -1.19777424e+02 
 5.41169527e+04  1.99212763e+02  5.41169527e+04 -1.24185643e+02 
 5.84341413e+04  1.90374999e+02  5.84341413e+04 -1.28146594e+02 
 6.30957344e+04  1.81011896e+02  6.30957344e+04 -1.31567549e+02 
 6.81292069e+04  1.71194623e+02  6.81292069e+04 -1.34362524e+02 
 7.35642254e+04  1.61012501e+02  7.35642254e+04 -1.36457107e+02 
 7.94328235e+04  1.50570411e+02  7.94328235e+04 -1.37793032e+02 
 8.57695899e+04  1.39984849e+02  8.57695899e+04 -1.38331998e+02 
 9.26118728e+04  1.29378908e+02  9.26118728e+04 -1.38058300e+02 
 1.00000000e+05  1.18876630e+02  1.00000000e+05 -1.36979932e+02 
 1.07977516e+05  1.08597261e+02  1.07977516e+05 -1.35128022e+02 
 1.16591440e+05  9.86499751e+01  1.16591440e+05 -1.32554676e+02 
 1.25892541e+05  8.91295396e+01  1.25892541e+05 -1.29329500e+02 
 1.35935639e+05  8.01132593e+01  1.35935639e+05 -1.25535222e+02 
 1.46779927e+05  7.16593463e+01  1.46779927e+05 -1.21262891e+02 
 1.58489319e+05  6.38066758e+01  1.58489319e+05 -1.16607137e+02 
 1.71132830e+05  5.65757408e+01  1.71132830e+05 -1.11661878e+02 
 1.84784980e+05  4.99705205e+01  1.84784980e+05 -1.06516747e+02 
 1.99526231e+05  4.39809411e+01  1.99526231e+05 -1.01254386e+02 
 2.15443469e+05  3.85856203e+01  2.15443469e+05 -9.59486188e+01 
 2.32630507e+05  3.37546336e+01  2.32630507e+05 -9.06634562e+01 
 2.51188643e+05  2.94521078e+01  2.51188643e+05 -8.54527848e+01 
 2.71227258e+05  2.56385125e+01  2.71227258e+05 -8.03606045e+01 
 2.92864456e+05  2.22725859e+01  2.92864456e+05 -7.54216529e+01 
 3.16227766e+05  1.93128748e+01  3.16227766e+05 -7.06622776e+01 
 3.41454887e+05  1.67189076e+01  3.41454887e+05 -6.61014400e+01 
 3.68694506e+05  1.44520380e+01  3.68694506e+05 -6.17517592e+01 
 3.98107171e+05  1.24760092e+01  3.98107171e+05 -5.76205317e+01 
 4.29866235e+05  1.07572894e+01  4.29866235e+05 -5.37106835e+01 
 4.64158883e+05  9.26522980e+00  4.64158883e+05 -5.00216285e+01 
 5.01187234e+05  7.97208836e+00  5.01187234e+05 -4.65500241e+01 
 5.41169527e+05  6.85295788e+00  5.41169527e+05 -4.32904196e+01 
 5.84341413e+05  5.88562861e+00  5.84341413e+05 -4.02358028e+01 
 6.30957344e+05  5.05040994e+00  6.30957344e+05 -3.73780535e+01 
 6.81292069e+05  4.32992954e+00  6.81292069e+05 -3.47083133e+01 
 7.35642254e+05  3.70892366e+00  7.35642254e+05 -3.22172825e+01 
 7.94328235e+05  3.17402820e+00  7.94328235e+05 -2.98954555e+01 
 8.57695899e+05  2.71357724e+00  8.57695899e+05 -2.77333036e+01 
 9.26118728e+05  2.31741313e+00  9.26118728e+05 -2.57214154e+01 
 1.00000000e+06  1.97671072e+00  1.00000000e+06 -2.38506006e+01 
 1.07977516e+06  1.68381674e+00  1.07977516e+06 -2.21119662e+01 
 1.16591440e+06  1.43210473e+00  1.16591440e+06 -2.04969695e+01 
 1.25892541e+06  1.21584505e+00  1.25892541e+06 -1.89974526e+01 
 1.35935639e+06  1.03008922e+00  1.35935639e+06 -1.76056632e+01 
 1.46779927e+06  8.70567690e-01  1.46779927e+06 -1.63142635e+01 
 1.58489319e+06  7.33599810e-01  1.58489319e+06 -1.51163320e+01 
 1.71132830e+06  6.16014905e-01  1.71132830e+06 -1.40053575e+01 
 1.84784980e+06  5.15083323e-01  1.84784980e+06 -1.29752293e+01 
 1.99526231e+06  4.28456350e-01  1.99526231e+06 -1.20202240e+01 
 2.15443469e+06  3.54113971e-01  2.15443469e+06 -1.11349900e+01 
 2.32630507e+06  2.90319554e-01  2.32630507e+06 -1.03145301e+01 
 2.51188643e+06  2.35580602e-01  2.51188643e+06 -9.55418378e+00 
 2.71227258e+06  1.88614806e-01  2.71227258e+06 -8.84960908e+00 
 2.92864456e+06  1.48320717e-01  2.92864456e+06 -8.19676407e+00 
 3.16227766e+06  1.13752450e-01  3.16227766e+06 -7.59188904e+00 
 3.41454887e+06  8.40978643e-02  3.41454887e+06 -7.03148893e+00 
 3.68694506e+06  5.86597675e-02  3.68694506e+06 -6.51231644e+00 
 3.98107171e+06  3.68397392e-02  3.98107171e+06 -6.03135587e+00 
 4.29866235e+06  1.81242059e-02  4.29866235e+06 -5.58580763e+00 
 4.64158883e+06  2.07246859e-03  4.64158883e+06 -5.17307365e+00 
 5.01187234e+06 -1.16935913e-02  5.01187234e+06 -4.79074353e+00 
 5.41169527e+06 -2.34983565e-02  5.41169527e+06 -4.43658150e+00 
 5.84341413e+06 -3.36200725e-02  5.84341413e+06 -4.10851420e+00 
 6.30957344e+06 -4.22973722e-02  6.30957344e+06 -3.80461921e+00 
 6.81292069e+06 -4.97348778e-02  6.81292069e+06 -3.52311429e+00 
 7.35642254e+06 -5.61080083e-02  7.35642254e+06 -3.26234736e+00 
 7.94328235e+06 -6.15671032e-02  7.94328235e+06 -3.02078713e+00 
 8.57695899e+06 -6.62409600e-02  8.57695899e+06 -2.79701440e+00 
 9.26118728e+06 -7.02398663e-02  9.26118728e+06 -2.58971391e+00 
 1.00000000e+07 -7.36581975e-02  1.00000000e+07 -2.39766679e+00 
 1.07977516e+07 -7.65766413e-02  1.07977516e+07 -2.21974353e+00 
 1.16591440e+07 -7.90641006e-02  1.16591440e+07 -2.05489746e+00 
 1.25892541e+07 -8.11793204e-02  1.25892541e+07 -1.90215868e+00 
 1.35935639e+07 -8.29722761e-02  1.35935639e+07 -1.76062842e+00 
 1.46779927e+07 -8.44853562e-02  1.46779927e+07 -1.62947383e+00 
 1.58489319e+07 -8.57543687e-02  1.58489319e+07 -1.50792316e+00 
 1.71132830e+07 -8.68093941e-02  1.71132830e+07 -1.39526125e+00 
 1.84784980e+07 -8.76755061e-02  1.84784980e+07 -1.29082537e+00 
 1.99526231e+07 -8.83733786e-02  1.99526231e+07 -1.19400141e+00 
 2.15443469e+07 -8.89197944e-02  2.15443469e+07 -1.10422032e+00 
 2.32630507e+07 -8.93280678e-02  2.32630507e+07 -1.02095481e+00 
 2.51188643e+07 -8.96083958e-02  2.51188643e+07 -9.43716377e-01 
 2.71227258e+07 -8.97681472e-02  2.71227258e+07 -8.72052479e-01 
 2.92864456e+07 -8.98121003e-02  2.92864456e+07 -8.05544020e-01 
 3.16227766e+07 -8.97426407e-02  3.16227766e+07 -7.43803011e-01 
 3.41454887e+07 -8.95599279e-02  3.41454887e+07 -6.86470443e-01 
 3.68694506e+07 -8.92620437e-02  3.68694506e+07 -6.33214364e-01 
 3.98107171e+07 -8.88451336e-02  3.98107171e+07 -5.83728141e-01 
 4.29866235e+07 -8.83035552e-02  4.29866235e+07 -5.37728900e-01 
 4.64158883e+07 -8.76300496e-02  4.64158883e+07 -4.94956127e-01 
 5.01187234e+07 -8.68159519e-02  5.01187234e+07 -4.55170432e-01 
 5.41169527e+07 -8.58514607e-02  5.41169527e+07 -4.18152442e-01 
 5.84341413e+07 -8.47259841e-02  5.84341413e+07 -3.83701811e-01 
 6.30957344e+07 -8.34285808e-02  6.30957344e+07 -3.51636315e-01 
 6.81292069e+07 -8.19485102e-02  6.81292069e+07 -3.21790998e-01 
 7.35642254e+07 -8.02758991e-02  7.35642254e+07 -2.94017320e-01 
 7.94328235e+07 -7.84025194e-02  7.94328235e+07 -2.68182261e-01 
 8.57695899e+07 -7.63226592e-02  8.57695899e+07 -2.44167326e-01 
 9.26118728e+07 -7.40340457e-02  9.26118728e+07 -2.21867388e-01 
 1.00000000e+08 -7.15387593e-02  1.00000000e+08 -2.01189334e-01 
 1.07977516e+08 -6.88440553e-02  1.07977516e+08 -1.82050479e-01 
 1.16591440e+08 -6.59629941e-02  1.16591440e+08 -1.64376760e-01 
 1.25892541e+08 -6.29147774e-02  1.25892541e+08 -1.48100730e-01 
 1.35935639e+08 -5.97246967e-02  1.35935639e+08 -1.33159467e-01 
 1.46779927e+08 -5.64236334e-02  1.46779927e+08 -1.19492489e-01 
 1.58489319e+08 -5.30470970e-02  1.58489319e+08 -1.07039844e-01 
 1.71132830e+08 -4.96338462e-02  1.71132830e+08 -9.57405215e-02 
 1.84784980e+08 -4.62241988e-02  1.84784980e+08 -8.55313220e-02 
 1.99526231e+08 -4.28581859e-02  1.99526231e+08 -7.63462665e-02 
 2.15443469e+08 -3.95737293e-02  2.15443469e+08 -6.81165776e-02 
 2.32630507e+08 -3.64050166e-02  2.32630507e+08 -6.07711791e-02 
 2.51188643e+08 -3.33812195e-02  2.51188643e+08 -5.42376119e-02 
 2.71227258e+08 -3.05256444e-02  2.71227258e+08 -4.84432195e-02 
 2.92864456e+08 -2.78553444e-02  2.92864456e+08 -4.33164415e-02 
 3.16227766e+08 -2.53811662e-02  3.16227766e+08 -3.87880689e-02 
 3.41454887e+08 -2.31081580e-02  3.41454887e+08 -3.47923419e-02 
 3.68694506e+08 -2.10362427e-02  3.68694506e+08 -3.12678132e-02 
 3.98107171e+08 -1.91610509e-02  3.98107171e+08 -2.81579429e-02 
 4.29866235e+08 -1.74748194e-02  4.29866235e+08 -2.54114245e-02 
 4.64158883e+08 -1.59672750e-02  4.64158883e+08 -2.29822702e-02 
 5.01187234e+08 -1.46264479e-02  5.01187234e+08 -2.08296975e-02 
 5.41169527e+08 -1.34393793e-02  5.41169527e+08 -1.89178676e-02 
 5.84341413e+08 -1.23927080e-02  5.84341413e+08 -1.72155226e-02 
 6.30957344e+08 -1.14731320e-02  6.30957344e+08 -1.56955640e-02 
 6.81292069e+08 -1.06677558e-02  6.81292069e+08 -1.43346080e-02 
 7.35642254e+08 -9.96433439e-03  7.35642254e+08 -1.31125424e-02 
 7.94328235e+08 -9.35143257e-03  7.94328235e+08 -1.20121051e-02 
 8.57695899e+08 -8.81851461e-03  8.57695899e+08 -1.10184933e-02 
 9.26118728e+08 -8.35598120e-03  9.26118728e+08 -1.01190122e-02 
 1.00000000e+09 -7.95516655e-03  1.00000000e+09 -9.30276298e-03 
 1.07977516e+09 -7.60830777e-03  1.07977516e+09 -8.56037184e-03 
 1.16591440e+09 -7.30849553e-03  1.16591440e+09 -7.88375568e-03 
 1.25892541e+09 -7.04961352e-03  1.25892541e+09 -7.26592276e-03 
 1.35935639e+09 -6.82627216e-03  1.35935639e+09 -6.70080372e-03 
 1.46779927e+09 -6.63374051e-03  1.46779927e+09 -6.18310939e-03 
 1.58489319e+09 -6.46787935e-03  1.58489319e+09 -5.70821154e-03 
 1.71132830e+09 -6.32507716e-03  1.71132830e+09 -5.27204319e-03 
 1.84784980e+09 -6.20219032e-03  1.84784980e+09 -4.87101539e-03 
 1.99526231e+09 -6.09648793e-03  1.99526231e+09 -4.50194780e-03 
 2.15443469e+09 -6.00560174e-03  2.15443469e+09 -4.16201074e-03 
 2.32630507e+09 -5.92748100e-03  2.32630507e+09 -3.84867671e-03 
 2.51188643e+09 -5.86035222e-03  2.51188643e+09 -3.55967984e-03 
 2.71227258e+09 -5.80268330e-03  2.71227258e+09 -3.29298180e-03 
 2.92864456e+09 -5.75315200e-03  2.92864456e+09 -3.04674310e-03 
 3.16227766e+09 -5.71061811e-03  3.16227766e+09 -2.81929880e-03 
 3.41454887e+09 -5.67409911e-03  3.41454887e+09 -2.60913793e-03 
 3.68694506e+09 -5.64274889e-03  3.68694506e+09 -2.41488591e-03 
 3.98107171e+09 -5.61583920e-03  3.98107171e+09 -2.23528950e-03 
 4.29866235e+09 -5.59274355e-03  4.29866235e+09 -2.06920387e-03 
 4.64158883e+09 -5.57292317e-03  4.64158883e+09 -1.91558138e-03 
 5.01187234e+09 -5.55591495e-03  5.01187234e+09 -1.77346187e-03 
 5.41169527e+09 -5.54132091e-03  5.41169527e+09 -1.64196414e-03 
 5.84341413e+09 -5.52879910e-03  5.84341413e+09 -1.52027849e-03 
 6.30957344e+09 -5.51805583e-03  6.30957344e+09 -1.40766016e-03 
 6.81292069e+09 -5.50883891e-03  6.81292069e+09 -1.30342343e-03 
 7.35642254e+09 -5.50093176e-03  7.35642254e+09 -1.20693652e-03 
 7.94328235e+09 -5.49414849e-03  7.94328235e+09 -1.11761686e-03 
 8.57695899e+09 -5.48832952e-03  8.57695899e+09 -1.03492700e-03 
 9.26118728e+09 -5.48333788e-03  9.26118728e+09 -9.58370803e-04 
 1.00000000e+10 -5.47905603e-03  1.00000000e+10 -8.87490088e-04 
