 1.00000000e+00  1.51978102e+02  1.00000000e+00 -1.05361875e-03 
 1.07977516e+00  1.51978102e+02  1.07977516e+00 -1.13767135e-03 
 1.16591440e+00  1.51978102e+02  1.16591440e+00 -1.22842927e-03 
 1.25892541e+00  1.51978102e+02  1.25892541e+00 -1.32642741e-03 
 1.35935639e+00  1.51978102e+02  1.35935639e+00 -1.43224338e-03 
 1.46779927e+00  1.51978102e+02  1.46779927e+00 -1.54650082e-03 
 1.58489319e+00  1.51978102e+02  1.58489319e+00 -1.66987318e-03 
 1.71132830e+00  1.51978102e+02  1.71132830e+00 -1.80308758e-03 
 1.84784980e+00  1.51978102e+02  1.84784980e+00 -1.94692919e-03 
 1.99526231e+00  1.51978102e+02  1.99526231e+00 -2.10224578e-03 
 2.15443469e+00  1.51978102e+02  2.15443469e+00 -2.26995278e-03 
 2.32630507e+00  1.51978102e+02  2.32630507e+00 -2.45103863e-03 
 2.51188643e+00  1.51978102e+02  2.51188643e+00 -2.64657063e-03 
 2.71227258e+00  1.51978102e+02  2.71227258e+00 -2.85770123e-03 
 2.92864456e+00  1.51978102e+02  2.92864456e+00 -3.08567481e-03 
 3.16227766e+00  1.51978102e+02  3.16227766e+00 -3.33183502e-03 
 3.41454887e+00  1.51978102e+02  3.41454887e+00 -3.59763270e-03 
 3.68694506e+00  1.51978102e+02  3.68694506e+00 -3.88463443e-03 
 3.98107171e+00  1.51978102e+02  3.98107171e+00 -4.19453177e-03 
 4.29866235e+00  1.51978102e+02  4.29866235e+00 -4.52915123e-03 
 4.64158883e+00  1.51978102e+02  4.64158883e+00 -4.89046500e-03 
 5.01187234e+00  1.51978102e+02  5.01187234e+00 -5.28060264e-03 
 5.41169527e+00  1.51978102e+02  5.41169527e+00 -5.70186357e-03 
 5.84341413e+00  1.51978102e+02  5.84341413e+00 -6.15673066e-03 
 6.30957344e+00  1.51978102e+02  6.30957344e+00 -6.64788485e-03 
 6.81292069e+00  1.51978102e+02  6.81292069e+00 -7.17822094e-03 
 7.35642254e+00  1.51978102e+02  7.35642254e+00 -7.75086467e-03 
 7.94328235e+00  1.51978102e+02  7.94328235e+00 -8.36919116e-03 
 8.57695899e+00  1.51978102e+02  8.57695899e+00 -9.03684474e-03 
 9.26118728e+00  1.51978102e+02  9.26118728e+00 -9.75776049e-03 
 1.00000000e+01  1.51978101e+02  1.00000000e+01 -1.05361874e-02 
 1.07977516e+01  1.51978101e+02  1.07977516e+01 -1.13767135e-02 
 1.16591440e+01  1.51978101e+02  1.16591440e+01 -1.22842926e-02 
 1.25892541e+01  1.51978101e+02  1.25892541e+01 -1.32642740e-02 
 1.35935639e+01  1.51978101e+02  1.35935639e+01 -1.43224336e-02 
 1.46779927e+01  1.51978101e+02  1.46779927e+01 -1.54650081e-02 
 1.58489319e+01  1.51978100e+02  1.58489319e+01 -1.66987316e-02 
 1.71132830e+01  1.51978100e+02  1.71132830e+01 -1.80308756e-02 
 1.84784980e+01  1.51978100e+02  1.84784980e+01 -1.94692915e-02 
 1.99526231e+01  1.51978099e+02  1.99526231e+01 -2.10224574e-02 
 2.15443469e+01  1.51978099e+02  2.15443469e+01 -2.26995273e-02 
 2.32630507e+01  1.51978098e+02  2.32630507e+01 -2.45103856e-02 
 2.51188643e+01  1.51978098e+02  2.51188643e+01 -2.64657055e-02 
 2.71227258e+01  1.51978097e+02  2.71227258e+01 -2.85770113e-02 
 2.92864456e+01  1.51978096e+02  2.92864456e+01 -3.08567469e-02 
 3.16227766e+01  1.51978095e+02  3.16227766e+01 -3.33183486e-02 
 3.41454887e+01  1.51978094e+02  3.41454887e+01 -3.59763250e-02 
 3.68694506e+01  1.51978092e+02  3.68694506e+01 -3.88463418e-02 
 3.98107171e+01  1.51978091e+02  3.98107171e+01 -4.19453146e-02 
 4.29866235e+01  1.51978089e+02  4.29866235e+01 -4.52915083e-02 
 4.64158883e+01  1.51978086e+02  4.64158883e+01 -4.89046450e-02 
 5.01187234e+01  1.51978084e+02  5.01187234e+01 -5.28060201e-02 
 5.41169527e+01  1.51978081e+02  5.41169527e+01 -5.70186278e-02 
 5.84341413e+01  1.51978077e+02  5.84341413e+01 -6.15672966e-02 
 6.30957344e+01  1.51978073e+02  6.30957344e+01 -6.64788359e-02 
 6.81292069e+01  1.51978068e+02  6.81292069e+01 -7.17821935e-02 
 7.35642254e+01  1.51978063e+02  7.35642254e+01 -7.75086268e-02 
 7.94328235e+01  1.51978056e+02  7.94328235e+01 -8.36918865e-02 
 8.57695899e+01  1.51978048e+02  8.57695899e+01 -9.03684158e-02 
 9.26118728e+01  1.51978040e+02  9.26118728e+01 -9.75775651e-02 
 1.00000000e+02  1.51978029e+02  1.00000000e+02 -1.05361824e-01 
 1.07977516e+02  1.51978017e+02  1.07977516e+02 -1.13767072e-01 
 1.16591440e+02  1.51978003e+02  1.16591440e+02 -1.22842847e-01 
 1.25892541e+02  1.51977986e+02  1.25892541e+02 -1.32642640e-01 
 1.35935639e+02  1.51977967e+02  1.35935639e+02 -1.43224210e-01 
 1.46779927e+02  1.51977945e+02  1.46779927e+02 -1.54649922e-01 
 1.58489319e+02  1.51977919e+02  1.58489319e+02 -1.66987116e-01 
 1.71132830e+02  1.51977888e+02  1.71132830e+02 -1.80308504e-01 
 1.84784980e+02  1.51977853e+02  1.84784980e+02 -1.94692599e-01 
 1.99526231e+02  1.51977811e+02  1.99526231e+02 -2.10224176e-01 
 2.15443469e+02  1.51977763e+02  2.15443469e+02 -2.26994771e-01 
 2.32630507e+02  1.51977707e+02  2.32630507e+02 -2.45103226e-01 
 2.51188643e+02  1.51977641e+02  2.51188643e+02 -2.64656261e-01 
 2.71227258e+02  1.51977565e+02  2.71227258e+02 -2.85769114e-01 
 2.92864456e+02  1.51977476e+02  2.92864456e+02 -3.08566210e-01 
 3.16227766e+02  1.51977372e+02  3.16227766e+02 -3.33181902e-01 
 3.41454887e+02  1.51977251e+02  3.41454887e+02 -3.59761255e-01 
 3.68694506e+02  1.51977110e+02  3.68694506e+02 -3.88460907e-01 
 3.98107171e+02  1.51976945e+02  3.98107171e+02 -4.19449985e-01 
 4.29866235e+02  1.51976753e+02  4.29866235e+02 -4.52911103e-01 
 4.64158883e+02  1.51976529e+02  4.64158883e+02 -4.89041440e-01 
 5.01187234e+02  1.51976268e+02  5.01187234e+02 -5.28053893e-01 
 5.41169527e+02  1.51975964e+02  5.41169527e+02 -5.70178337e-01 
 5.84341413e+02  1.51975609e+02  5.84341413e+02 -6.15662970e-01 
 6.30957344e+02  1.51975195e+02  6.30957344e+02 -6.64775774e-01 
 6.81292069e+02  1.51974713e+02  6.81292069e+02 -7.17806092e-01 
 7.35642254e+02  1.51974151e+02  7.35642254e+02 -7.75066322e-01 
 7.94328235e+02  1.51973495e+02  7.94328235e+02 -8.36893755e-01 
 8.57695899e+02  1.51972731e+02  8.57695899e+02 -9.03652546e-01 
 9.26118728e+02  1.51971839e+02  9.26118728e+02 -9.75735855e-01 
 1.00000000e+03  1.51970800e+02  1.00000000e+03 -1.05356814e+00 
 1.07977516e+03  1.51969589e+02  1.07977516e+03 -1.13760764e+00 
 1.16591440e+03  1.51968177e+02  1.16591440e+03 -1.22834907e+00 
 1.25892541e+03  1.51966530e+02  1.25892541e+03 -1.32632644e+00 
 1.35935639e+03  1.51964610e+02  1.35935639e+03 -1.43211626e+00 
 1.46779927e+03  1.51962372e+02  1.46779927e+03 -1.54634080e+00 
 1.58489319e+03  1.51959762e+02  1.58489319e+03 -1.66967173e+00 
 1.71132830e+03  1.51956720e+02  1.71132830e+03 -1.80283398e+00 
 1.84784980e+03  1.51953173e+02  1.84784980e+03 -1.94660992e+00 
 1.99526231e+03  1.51949037e+02  1.99526231e+03 -2.10184386e+00 
 2.15443469e+03  1.51944216e+02  2.15443469e+03 -2.26944681e+00 
 2.32630507e+03  1.51938595e+02  2.32630507e+03 -2.45040167e+00 
 2.51188643e+03  1.51932042e+02  2.51188643e+03 -2.64576879e+00 
 2.71227258e+03  1.51924403e+02  2.71227258e+03 -2.85669182e+00 
 2.92864456e+03  1.51915497e+02  2.92864456e+03 -3.08440412e+00 
 3.16227766e+03  1.51905115e+02  3.16227766e+03 -3.33023542e+00 
 3.41454887e+03  1.51893013e+02  3.41454887e+03 -3.59561908e+00 
 3.68694506e+03  1.51878904e+02  3.68694506e+03 -3.88209967e+00 
 3.98107171e+03  1.51862459e+02  3.98107171e+03 -4.19134104e+00 
 4.29866235e+03  1.51843289e+02  4.29866235e+03 -4.52513484e+00 
 4.64158883e+03  1.51820944e+02  4.64158883e+03 -4.88540942e+00 
 5.01187234e+03  1.51794901e+02  5.01187234e+03 -5.27423913e+00 
 5.41169527e+03  1.51764548e+02  5.41169527e+03 -5.69385399e+00 
 5.84341413e+03  1.51729174e+02  5.84341413e+03 -6.14664954e+00 
 6.30957344e+03  1.51687952e+02  6.30957344e+03 -6.63519692e+00 
 6.81292069e+03  1.51639919e+02  6.81292069e+03 -7.16225284e+00 
 7.35642254e+03  1.51583955e+02  7.35642254e+03 -7.73076944e+00 
 7.94328235e+03  1.51518758e+02  7.94328235e+03 -8.34390364e+00 
 8.57695899e+03  1.51442815e+02  8.57695899e+03 -9.00502559e+00 
 9.26118728e+03  1.51354367e+02  9.26118728e+03 -9.71772594e+00 
 1.00000000e+04  1.51251375e+02  1.00000000e+04 -1.04858212e+01 
 1.07977516e+04  1.51131472e+02  1.07977516e+04 -1.13133564e+01 
 1.16591440e+04  1.50991916e+02  1.16591440e+04 -1.22046044e+01 
 1.25892541e+04  1.50829529e+02  1.25892541e+04 -1.31640604e+01 
 1.35935639e+04  1.50640641e+02  1.35935639e+04 -1.41964301e+01 
 1.46779927e+04  1.50421010e+02  1.46779927e+04 -1.53066102e+01 
 1.58489319e+04  1.50165745e+02  1.58489319e+04 -1.64996588e+01 
 1.71132830e+04  1.49869221e+02  1.71132830e+04 -1.77807525e+01 
 1.84784980e+04  1.49524973e+02  1.84784980e+04 -1.91551283e+01 
 1.99526231e+04  1.49125600e+02  1.99526231e+04 -2.06280054e+01 
 2.15443469e+04  1.48662650e+02  2.15443469e+04 -2.22044827e+01 
 2.32630507e+04  1.48126506e+02  2.32630507e+04 -2.38894084e+01 
 2.51188643e+04  1.47506268e+02  2.51188643e+04 -2.56872139e+01 
 2.71227258e+04  1.46789648e+02  2.71227258e+04 -2.76017083e+01 
 2.92864456e+04  1.45962869e+02  2.92864456e+04 -2.96358266e+01 
 3.16227766e+04  1.45010596e+02  3.16227766e+04 -3.17913256e+01 
 3.41454887e+04  1.43915892e+02  3.41454887e+04 -3.40684248e+01 
 3.68694506e+04  1.42660241e+02  3.68694506e+04 -3.64653873e+01 
 3.98107171e+04  1.41223638e+02  3.98107171e+04 -3.89780452e+01 
 4.29866235e+04  1.39584778e+02  4.29866235e+04 -4.15992733e+01 
 4.64158883e+04  1.37721378e+02  4.64158883e+04 -4.43184281e+01 
 5.01187234e+04  1.35610648e+02  5.01187234e+04 -4.71207734e+01 
 5.41169527e+04  1.33229946e+02  5.41169527e+04 -4.99869324e+01 
 5.84341413e+04  1.30557642e+02  5.84341413e+04 -5.28924139e+01 
 6.30957344e+04  1.27574182e+02  6.30957344e+04 -5.58072802e+01 
 6.81292069e+04  1.24263362e+02  6.81292069e+04 -5.86960320e+01 
 7.35642254e+04  1.20613760e+02  7.35642254e+04 -6.15177982e+01 
 7.94328235e+04  1.16620258e+02  7.94328235e+04 -6.42269106e+01 
 8.57695899e+04  1.12285548e+02  8.57695899e+04 -6.67739338e+01 
 9.26118728e+04  1.07621466e+02  9.26118728e+04 -6.91071819e+01 
 1.00000000e+05  1.02649995e+02  1.00000000e+05 -7.11747080e+01 
 1.07977516e+05  9.74037548e+01  1.07977516e+05 -7.29266828e+01 
 1.16591440e+05  9.19258235e+01  1.16591440e+05 -7.43180080e+01 
 1.25892541e+05  8.62687967e+01  1.25892541e+05 -7.53109466e+01 
 1.35935639e+05  8.04930618e+01  1.35935639e+05 -7.58775072e+01 
 1.46779927e+05  7.46643809e+01  1.46779927e+05 -7.60013178e+01 
 1.58489319e+05  6.88509667e+01  1.58489319e+05 -7.56787615e+01 
 1.71132830e+05  6.31203221e+01  1.71132830e+05 -7.49192316e+01 
 1.84784980e+05  5.75361478e+01  1.84784980e+05 -7.37444725e+01 
 1.99526231e+05  5.21556158e+01  1.99526231e+05 -7.21870909e+01 
 2.15443469e+05  4.70272430e+01  2.15443469e+05 -7.02884235e+01 
 2.32630507e+05  4.21895117e+01  2.32630507e+05 -6.80960087e+01 
 2.51188643e+05  3.76702754e+01  2.51188643e+05 -6.56609339e+01 
 2.71227258e+05  3.34868956e+01  2.71227258e+05 -6.30353030e+01 
 2.92864456e+05  2.96469805e+01  2.92864456e+05 -6.02700165e+01 
 3.16227766e+05  2.61495588e+01  3.16227766e+05 -5.74129874e+01 
 3.41454887e+05  2.29865109e+01  3.41454887e+05 -5.45078427e+01 
 3.68694506e+05  2.01440966e+01  3.68694506e+05 -5.15931031e+01 
 3.98107171e+05  1.76044491e+01  3.98107171e+05 -4.87017902e+01 
 4.29866235e+05  1.53469422e+01  4.29866235e+05 -4.58613827e+01 
 4.64158883e+05  1.33493744e+01  4.64158883e+05 -4.30940391e+01 
 5.01187234e+05  1.15889447e+01  5.01187234e+05 -4.04170015e+01 
 5.41169527e+05  1.00430194e+01  5.41169527e+05 -3.78431100e+01 
 5.84341413e+05  8.68970305e+00  5.84341413e+05 -3.53813676e+01 
 6.30957344e+05  7.50823998e+00  6.30957344e+05 -3.30375125e+01 
 6.81292069e+05  6.47927178e+00  6.81292069e+05 -3.08145658e+01 
 7.35642254e+05  5.58498112e+00  7.35642254e+05 -2.87133362e+01 
 7.94328235e+05  4.80914727e+00  7.94328235e+05 -2.67328701e+01 
 8.57695899e+05  4.13713660e+00  8.57695899e+05 -2.48708441e+01 
 9.26118728e+05  3.55584733e+00  9.26118728e+05 -2.31238988e+01 
 1.00000000e+06  3.05362395e+00  1.00000000e+06 -2.14879192e+01 
 1.07977516e+06  2.62015345e+00  1.07977516e+06 -1.99582650e+01 
 1.16591440e+06  2.24635226e+00  1.16591440e+06 -1.85299578e+01 
 1.25892541e+06  1.92425075e+00  1.25892541e+06 -1.71978306e+01 
 1.35935639e+06  1.64687957e+00  1.35935639e+06 -1.59566451e+01 
 1.46779927e+06  1.40816126e+00  1.46779927e+06 -1.48011828e+01 
 1.58489319e+06  1.20280877e+00  1.58489319e+06 -1.37263137e+01 
 1.71132830e+06  1.02623208e+00  1.71132830e+06 -1.27270471e+01 
 1.84784980e+06  8.74453220e-01  1.84784980e+06 -1.17985684e+01 
 1.99526231e+06  7.44029817e-01  1.99526231e+06 -1.09362637e+01 
 2.15443469e+06  6.31986787e-01  2.15443469e+06 -1.01357360e+01 
 2.32630507e+06  5.35755697e-01  2.32630507e+06 -9.39281344e+00 
 2.51188643e+06  4.53121261e-01  2.51188643e+06 -8.70355295e+00 
 2.71227258e+06  3.82174307e-01  2.71227258e+06 -8.06423914e+00 
 2.92864456e+06  3.21270608e-01  2.92864456e+06 -7.47138033e+00 
 3.16227766e+06  2.68994945e-01  3.16227766e+06 -6.92170227e+00 
 3.41454887e+06  2.24129826e-01  3.41454887e+06 -6.41214031e+00 
 3.68694506e+06  1.85628309e-01  3.68694506e+06 -5.93983046e+00 
 3.98107171e+06  1.52590449e-01  3.98107171e+06 -5.50209978e+00 
 4.29866235e+06  1.24242904e-01  4.29866235e+06 -5.09645645e+00 
 4.64158883e+06  9.99213057e-02  4.64158883e+06 -4.72057973e+00 
 5.01187234e+06  7.90550399e-02  5.01187234e+06 -4.37230994e+00 
 5.41169527e+06  6.11541176e-02  5.41169527e+06 -4.04963872e+00 
 5.84341413e+06  4.57978571e-02  5.84341413e+06 -3.75069946e+00 
 6.30957344e+06  3.26251385e-02  6.30957344e+06 -3.47375823e+00 
 6.81292069e+06  2.13260138e-02  6.81292069e+06 -3.21720501e+00 
 7.35642254e+06  1.16344903e-02  7.35642254e+06 -2.97954536e+00 
 7.94328235e+06  3.32232405e-03  7.94328235e+06 -2.75939260e+00 
 8.57695899e+06 -3.80631412e-03  8.57695899e+06 -2.55546032e+00 
 9.26118728e+06 -9.91942206e-03  9.26118728e+06 -2.36655545e+00 
 1.00000000e+07 -1.51611033e-02  1.00000000e+07 -2.19157165e+00 
 1.07977516e+07 -1.96549478e-02  1.07977516e+07 -2.02948320e+00 
 1.16591440e+07 -2.35069336e-02  1.16591440e+07 -1.87933923e+00 
 1.25892541e+07 -2.68079179e-02  1.25892541e+07 -1.74025836e+00 
 1.35935639e+07 -2.96357732e-02  1.35935639e+07 -1.61142371e+00 
 1.46779927e+07 -3.20572202e-02  1.46779927e+07 -1.49207821e+00 
 1.58489319e+07 -3.41293986e-02  1.58489319e+07 -1.38152027e+00 
 1.71132830e+07 -3.59012128e-02  1.71132830e+07 -1.27909974e+00 
 1.84784980e+07 -3.74144853e-02  1.84784980e+07 -1.18421417e+00 
 1.99526231e+07 -3.87049426e-02  1.99526231e+07 -1.09630530e+00 
 2.15443469e+07 -3.98030588e-02  2.15443469e+07 -1.01485584e+00 
 2.32630507e+07 -4.07347753e-02  2.32630507e+07 -9.39386447e-01 
 2.51188643e+07 -4.15221150e-02  2.51188643e+07 -8.69452970e-01 
 2.71227258e+07 -4.21837041e-02  2.71227258e+07 -8.04643831e-01 
 2.92864456e+07 -4.27352158e-02  2.92864456e+07 -7.44577648e-01 
 3.16227766e+07 -4.31897446e-02  3.16227766e+07 -6.88901017e-01 
 3.41454887e+07 -4.35581224e-02  3.41454887e+07 -6.37286455e-01 
 3.68694506e+07 -4.38491833e-02  3.68694506e+07 -5.89430511e-01 
 3.98107171e+07 -4.40699844e-02  3.98107171e+07 -5.45052006e-01 
 4.29866235e+07 -4.42259883e-02  4.29866235e+07 -5.03890423e-01 
 4.64158883e+07 -4.43212144e-02  4.64158883e+07 -4.65704419e-01 
 5.01187234e+07 -4.43583624e-02  5.01187234e+07 -4.30270458e-01 
 5.41169527e+07 -4.43389144e-02  5.41169527e+07 -3.97381559e-01 
 5.84341413e+07 -4.42632199e-02  5.84341413e+07 -3.66846157e-01 
 6.30957344e+07 -4.41305698e-02  6.30957344e+07 -3.38487058e-01 
 6.81292069e+07 -4.39392645e-02  6.81292069e+07 -3.12140508e-01 
 7.35642254e+07 -4.36866837e-02  7.35642254e+07 -2.87655339e-01 
 7.94328235e+07 -4.33693643e-02  7.94328235e+07 -2.64892216e-01 
 8.57695899e+07 -4.29830950e-02  8.57695899e+07 -2.43722958e-01 
 9.26118728e+07 -4.25230372e-02  9.26118728e+07 -2.24029939e-01 
 1.00000000e+08 -4.19838810e-02  1.00000000e+08 -2.05705549e-01 
 1.07977516e+08 -4.13600462e-02  1.07977516e+08 -1.88651707e-01 
 1.16591440e+08 -4.06459362e-02  1.16591440e+08 -1.72779410e-01 
 1.25892541e+08 -3.98362498e-02  1.25892541e+08 -1.58008297e-01 
 1.35935639e+08 -3.89263530e-02  1.35935639e+08 -1.44266192e-01 
 1.46779927e+08 -3.79127016e-02  1.46779927e+08 -1.31488622e-01 
 1.58489319e+08 -3.67933026e-02  1.58489319e+08 -1.19618258e-01 
 1.71132830e+08 -3.55681840e-02  1.71132830e+08 -1.08604267e-01 
 1.84784980e+08 -3.42398391e-02  1.84784980e+08 -9.84015481e-02 
 1.99526231e+08 -3.28135942e-02  1.99526231e+08 -8.89698603e-02 
 2.15443469e+08 -3.12978497e-02  2.15443469e+08 -8.02728339e-02 
 2.32630507e+08 -2.97041436e-02  2.32630507e+08 -7.22769159e-02 
 2.51188643e+08 -2.80469968e-02  2.51188643e+08 -6.49502947e-02 
 2.71227258e+08 -2.63435243e-02  2.71227258e+08 -5.82618779e-02 
 2.92864456e+08 -2.46128189e-02  2.92864456e+08 -5.21804004e-02 
 3.16227766e+08 -2.28751521e-02  3.16227766e+08 -4.66737394e-02 
 3.41454887e+08 -2.11510574e-02  3.41454887e+08 -4.17084900e-02 
 3.68694506e+08 -1.94603876e-02  3.68694506e+08 -3.72498280e-02 
 3.98107171e+08 -1.78214339e-02  3.98107171e+08 -3.32616539e-02 
 4.29866235e+08 -1.62501927e-02  4.29866235e+08 -2.97069731e-02 
 4.64158883e+08 -1.47598345e-02  4.64158883e+08 -2.65484475e-02 
 5.01187234e+08 -1.33604061e-02  5.01187234e+08 -2.37490382e-02 
 5.41169527e+08 -1.20587632e-02  5.41169527e+08 -2.12726580e-02 
 5.84341413e+08 -1.08587036e-02  5.84341413e+08 -1.90847689e-02 
 6.30957344e+08 -9.76125877e-03  6.30957344e+08 -1.71528739e-02 
 6.81292069e+08 -8.76508852e-03  6.81292069e+08 -1.54468778e-02 
 7.35642254e+08 -7.86692915e-03  7.35642254e+08 -1.39393091e-02 
 7.94328235e+08 -7.06205015e-03  7.94328235e+08 -1.26054122e-02 
 8.57695899e+08 -6.34468597e-03  8.57695899e+08 -1.14231295e-02 
 9.26118728e+08 -5.70842048e-03  9.26118728e+08 -1.03729961e-02 
 1.00000000e+09 -5.14651205e-03  1.00000000e+09 -9.43797372e-03 
 1.07977516e+09 -4.65215533e-03  1.07977516e+09 -8.60324602e-03 
 1.16591440e+09 -4.21868209e-03  1.16591440e+09 -7.85599483e-03 
 1.25892541e+09 -3.83970684e-03  1.25892541e+09 -7.18517248e-03 
 1.35935639e+09 -3.50922541e-03  1.35935639e+09 -6.58128115e-03 
 1.46779927e+09 -3.22167485e-03  1.46779927e+09 -6.03616639e-03 
 1.58489319e+09 -2.97196298e-03  1.58489319e+09 -5.54282906e-03 
 1.71132830e+09 -2.75547504e-03  1.71132830e+09 -5.09525751e-03 
 1.84784980e+09 -2.56806373e-03  1.84784980e+09 -4.68828027e-03 
 1.99526231e+09 -2.40602790e-03  1.99526231e+09 -4.31743853e-03 
 2.15443469e+09 -2.26608398e-03  2.15443469e+09 -3.97887676e-03 
 2.32630507e+09 -2.14533340e-03  2.32630507e+09 -3.66924972e-03 
 2.51188643e+09 -2.04122818e-03  2.51188643e+09 -3.38564399e-03 
 2.71227258e+09 -1.95153652e-03  2.71227258e+09 -3.12551191e-03 
 2.92864456e+09 -1.87430951e-03  2.92864456e+09 -2.88661628e-03 
 3.16227766e+09 -1.80784959e-03  3.16227766e+09 -2.66698420e-03 
 3.41454887e+09 -1.75068141e-03  3.41454887e+09 -2.46486841e-03 
 3.68694506e+09 -1.70152511e-03  3.68694506e+09 -2.27871519e-03 
 3.98107171e+09 -1.65927214e-03  3.98107171e+09 -2.10713737e-03 
 4.29866235e+09 -1.62296369e-03  4.29866235e+09 -1.94889188e-03 
 4.64158883e+09 -1.59177135e-03  4.64158883e+09 -1.80286085e-03 
 5.01187234e+09 -1.56498013e-03  5.01187234e+09 -1.66803574e-03 
 5.41169527e+09 -1.54197347e-03  5.41169527e+09 -1.54350393e-03 
 5.84341413e+09 -1.52222001e-03  5.84341413e+09 -1.42843734e-03 
 6.30957344e+09 -1.50526219e-03  6.30957344e+09 -1.32208275e-03 
 6.81292069e+09 -1.49070615e-03  6.81292069e+09 -1.22375355e-03 
 7.35642254e+09 -1.47821308e-03  7.35642254e+09 -1.13282254e-03 
 7.94328235e+09 -1.46749160e-03  7.94328235e+09 -1.04871587e-03 
 8.57695899e+09 -1.45829123e-03  8.57695899e+09 -9.70907628e-04 
 9.26118728e+09 -1.45039671e-03  9.26118728e+09 -8.98915172e-04 
 1.00000000e+10 -1.44362309e-03  1.00000000e+10 -8.32295066e-04 
