 1.00000000e+00  2.73133157e+02  1.00000000e+00 -3.03630624e-03 
 1.07977516e+00  2.73133157e+02  1.07977516e+00 -3.27852806e-03 
 1.16591440e+00  2.73133157e+02  1.16591440e+00 -3.54007317e-03 
 1.25892541e+00  2.73133157e+02  1.25892541e+00 -3.82248308e-03 
 1.35935639e+00  2.73133157e+02  1.35935639e+00 -4.12742229e-03 
 1.46779927e+00  2.73133157e+02  1.46779927e+00 -4.45668808e-03 
 1.58489319e+00  2.73133157e+02  1.58489319e+00 -4.81222109e-03 
 1.71132830e+00  2.73133157e+02  1.71132830e+00 -5.19611681e-03 
 1.84784980e+00  2.73133157e+02  1.84784980e+00 -5.61063787e-03 
 1.99526231e+00  2.73133157e+02  1.99526231e+00 -6.05822742e-03 
 2.15443469e+00  2.73133157e+02  2.15443469e+00 -6.54152349e-03 
 2.32630507e+00  2.73133157e+02  2.32630507e+00 -7.06337459e-03 
 2.51188643e+00  2.73133157e+02  2.51188643e+00 -7.62685644e-03 
 2.71227258e+00  2.73133157e+02  2.71227258e+00 -8.23529015e-03 
 2.92864456e+00  2.73133157e+02  2.92864456e+00 -8.89226176e-03 
 3.16227766e+00  2.73133157e+02  3.16227766e+00 -9.60164339e-03 
 3.41454887e+00  2.73133157e+02  3.41454887e+00 -1.03676160e-02 
 3.68694506e+00  2.73133157e+02  3.68694506e+00 -1.11946943e-02 
 3.98107171e+00  2.73133157e+02  3.98107171e+00 -1.20877528e-02 
 4.29866235e+00  2.73133156e+02  4.29866235e+00 -1.30520553e-02 
 4.64158883e+00  2.73133156e+02  4.64158883e+00 -1.40932851e-02 
 5.01187234e+00  2.73133156e+02  5.01187234e+00 -1.52175792e-02 
 5.41169527e+00  2.73133156e+02  5.41169527e+00 -1.64315641e-02 
 5.84341413e+00  2.73133156e+02  5.84341413e+00 -1.77423947e-02 
 6.30957344e+00  2.73133156e+02  6.30957344e+00 -1.91577971e-02 
 6.81292069e+00  2.73133156e+02  6.81292069e+00 -2.06861135e-02 
 7.35642254e+00  2.73133155e+02  7.35642254e+00 -2.23363515e-02 
 7.94328235e+00  2.73133155e+02  7.94328235e+00 -2.41182376e-02 
 8.57695899e+00  2.73133155e+02  8.57695899e+00 -2.60422739e-02 
 9.26118728e+00  2.73133154e+02  9.26118728e+00 -2.81198004e-02 
 1.00000000e+01  2.73133154e+02  1.00000000e+01 -3.03630620e-02 
 1.07977516e+01  2.73133153e+02  1.07977516e+01 -3.27852802e-02 
 1.16591440e+01  2.73133153e+02  1.16591440e+01 -3.54007311e-02 
 1.25892541e+01  2.73133152e+02  1.25892541e+01 -3.82248301e-02 
 1.35935639e+01  2.73133151e+02  1.35935639e+01 -4.12742220e-02 
 1.46779927e+01  2.73133150e+02  1.46779927e+01 -4.45668796e-02 
 1.58489319e+01  2.73133149e+02  1.58489319e+01 -4.81222094e-02 
 1.71132830e+01  2.73133147e+02  1.71132830e+01 -5.19611662e-02 
 1.84784980e+01  2.73133146e+02  1.84784980e+01 -5.61063764e-02 
 1.99526231e+01  2.73133144e+02  1.99526231e+01 -6.05822712e-02 
 2.15443469e+01  2.73133141e+02  2.15443469e+01 -6.54152312e-02 
 2.32630507e+01  2.73133139e+02  2.32630507e+01 -7.06337412e-02 
 2.51188643e+01  2.73133136e+02  2.51188643e+01 -7.62685586e-02 
 2.71227258e+01  2.73133132e+02  2.71227258e+01 -8.23528941e-02 
 2.92864456e+01  2.73133128e+02  2.92864456e+01 -8.89226083e-02 
 3.16227766e+01  2.73133123e+02  3.16227766e+01 -9.60164221e-02 
 3.41454887e+01  2.73133118e+02  3.41454887e+01 -1.03676146e-01 
 3.68694506e+01  2.73133111e+02  3.68694506e+01 -1.11946924e-01 
 3.98107171e+01  2.73133104e+02  3.98107171e+01 -1.20877505e-01 
 4.29866235e+01  2.73133095e+02  4.29866235e+01 -1.30520523e-01 
 4.64158883e+01  2.73133084e+02  4.64158883e+01 -1.40932814e-01 
 5.01187234e+01  2.73133072e+02  5.01187234e+01 -1.52175745e-01 
 5.41169527e+01  2.73133058e+02  5.41169527e+01 -1.64315582e-01 
 5.84341413e+01  2.73133042e+02  5.84341413e+01 -1.77423873e-01 
 6.30957344e+01  2.73133023e+02  6.30957344e+01 -1.91577878e-01 
 6.81292069e+01  2.73133001e+02  6.81292069e+01 -2.06861018e-01 
 7.35642254e+01  2.73132975e+02  7.35642254e+01 -2.23363368e-01 
 7.94328235e+01  2.73132944e+02  7.94328235e+01 -2.41182190e-01 
 8.57695899e+01  2.73132909e+02  8.57695899e+01 -2.60422505e-01 
 9.26118728e+01  2.73132868e+02  9.26118728e+01 -2.81197710e-01 
 1.00000000e+02  2.73132820e+02  1.00000000e+02 -3.03630249e-01 
 1.07977516e+02  2.73132764e+02  1.07977516e+02 -3.27852335e-01 
 1.16591440e+02  2.73132699e+02  1.16591440e+02 -3.54006723e-01 
 1.25892541e+02  2.73132623e+02  1.25892541e+02 -3.82247561e-01 
 1.35935639e+02  2.73132534e+02  1.35935639e+02 -4.12741288e-01 
 1.46779927e+02  2.73132430e+02  1.46779927e+02 -4.45667623e-01 
 1.58489319e+02  2.73132310e+02  1.58489319e+02 -4.81220618e-01 
 1.71132830e+02  2.73132169e+02  1.71132830e+02 -5.19609803e-01 
 1.84784980e+02  2.73132005e+02  1.84784980e+02 -5.61061423e-01 
 1.99526231e+02  2.73131814e+02  1.99526231e+02 -6.05819766e-01 
 2.15443469e+02  2.73131592e+02  2.15443469e+02 -6.54148603e-01 
 2.32630507e+02  2.73131332e+02  2.32630507e+02 -7.06332742e-01 
 2.51188643e+02  2.73131029e+02  2.51188643e+02 -7.62679707e-01 
 2.71227258e+02  2.73130676e+02  2.71227258e+02 -8.23521540e-01 
 2.92864456e+02  2.73130264e+02  2.92864456e+02 -8.89216765e-01 
 3.16227766e+02  2.73129784e+02  3.16227766e+02 -9.60152491e-01 
 3.41454887e+02  2.73129225e+02  3.41454887e+02 -1.03674669e+00 
 3.68694506e+02  2.73128572e+02  3.68694506e+02 -1.11945065e+00 
 3.98107171e+02  2.73127811e+02  3.98107171e+02 -1.20875165e+00 
 4.29866235e+02  2.73126925e+02  4.29866235e+02 -1.30517577e+00 
 4.64158883e+02  2.73125890e+02  4.64158883e+02 -1.40929105e+00 
 5.01187234e+02  2.73124685e+02  5.01187234e+02 -1.52171076e+00 
 5.41169527e+02  2.73123279e+02  5.41169527e+02 -1.64309703e+00 
 5.84341413e+02  2.73121640e+02  5.84341413e+02 -1.77416472e+00 
 6.30957344e+02  2.73119730e+02  6.30957344e+02 -1.91568561e+00 
 6.81292069e+02  2.73117502e+02  6.81292069e+02 -2.06849288e+00 
 7.35642254e+02  2.73114905e+02  7.35642254e+02 -2.23348601e+00 
 7.94328235e+02  2.73111877e+02  7.94328235e+02 -2.41163600e+00 
 8.57695899e+02  2.73108347e+02  8.57695899e+02 -2.60399102e+00 
 9.26118728e+02  2.73104231e+02  9.26118728e+02 -2.81168248e+00 
 1.00000000e+03  2.73099432e+02  1.00000000e+03 -3.03593160e+00 
 1.07977516e+03  2.73093837e+02  1.07977516e+03 -3.27805642e+00 
 1.16591440e+03  2.73087314e+02  1.16591440e+03 -3.53947943e+00 
 1.25892541e+03  2.73079710e+02  1.25892541e+03 -3.82173562e+00 
 1.35935639e+03  2.73070844e+02  1.35935639e+03 -4.12648133e+00 
 1.46779927e+03  2.73060508e+02  1.46779927e+03 -4.45550351e+00 
 1.58489319e+03  2.73048459e+02  1.58489319e+03 -4.81072988e+00 
 1.71132830e+03  2.73034411e+02  1.71132830e+03 -5.19423958e+00 
 1.84784980e+03  2.73018035e+02  1.84784980e+03 -5.60827473e+00 
 1.99526231e+03  2.72998944e+02  1.99526231e+03 -6.05525260e+00 
 2.15443469e+03  2.72976688e+02  2.15443469e+03 -6.53777873e+00 
 2.32630507e+03  2.72950745e+02  2.32630507e+03 -7.05866066e+00 
 2.51188643e+03  2.72920504e+02  2.51188643e+03 -7.62092261e+00 
 2.71227258e+03  2.72885254e+02  2.71227258e+03 -8.22782087e+00 
 2.92864456e+03  2.72844167e+02  2.92864456e+03 -8.88285990e+00 
 3.16227766e+03  2.72796278e+02  3.16227766e+03 -9.58980922e+00 
 3.41454887e+03  2.72740465e+02  3.41454887e+03 -1.03527208e+01 
 3.68694506e+03  2.72675421e+02  3.68694506e+03 -1.11759467e+01 
 3.98107171e+03  2.72599624e+02  3.98107171e+03 -1.20641576e+01 
 4.29866235e+03  2.72511305e+02  4.29866235e+03 -1.30223602e+01 
 4.64158883e+03  2.72408404e+02  4.64158883e+03 -1.40559154e+01 
 5.01187234e+03  2.72288529e+02  5.01187234e+03 -1.51705542e+01 
 5.41169527e+03  2.72148897e+02  5.41169527e+03 -1.63723934e+01 
 5.84341413e+03  2.71986280e+02  5.84341413e+03 -1.76679477e+01 
 6.30957344e+03  2.71796927e+02  6.30957344e+03 -1.90641391e+01 
 6.81292069e+03  2.71576489e+02  6.81292069e+03 -2.05683006e+01 
 7.35642254e+03  2.71319929e+02  7.35642254e+03 -2.21881739e+01 
 7.94328235e+03  2.71021413e+02  7.94328235e+03 -2.39318981e+01 
 8.57695899e+03  2.70674196e+02  8.57695899e+03 -2.58079867e+01 
 9.26118728e+03  2.70270492e+02  9.26118728e+03 -2.78252900e+01 
 1.00000000e+04  2.69801324e+02  1.00000000e+04 -2.99929385e+01 
 1.07977516e+04  2.69256366e+02  1.07977516e+04 -3.23202628e+01 
 1.16591440e+04  2.68623762e+02  1.16591440e+04 -3.48166833e+01 
 1.25892541e+04  2.67889941e+02  1.25892541e+04 -3.74915646e+01 
 1.35935639e+04  2.67039410e+02  1.35935639e+04 -4.03540242e+01 
 1.46779927e+04  2.66054554e+02  1.46779927e+04 -4.34126886e+01 
 1.58489319e+04  2.64915422e+02  1.58489319e+04 -4.66753859e+01 
 1.71132830e+04  2.63599538e+02  1.71132830e+04 -5.01487641e+01 
 1.84784980e+04  2.62081729e+02  1.84784980e+04 -5.38378256e+01 
 1.99526231e+04  2.60334000e+02  1.99526231e+04 -5.77453662e+01 
 2.15443469e+04  2.58325482e+02  2.15443469e+04 -6.18713133e+01 
 2.32630507e+04  2.56022475e+02  2.32630507e+04 -6.62119583e+01 
 2.51188643e+04  2.53388643e+02  2.51188643e+04 -7.07590878e+01 
 2.71227258e+04  2.50385382e+02  2.71227258e+04 -7.54990271e+01 
 2.92864456e+04  2.46972434e+02  2.92864456e+04 -8.04116235e+01 
 3.16227766e+04  2.43108782e+02  3.16227766e+04 -8.54692174e+01 
 3.41454887e+04  2.38753881e+02  3.41454887e+04 -9.06356692e+01 
 3.68694506e+04  2.33869257e+02  3.68694506e+04 -9.58655378e+01 
 3.98107171e+04  2.28420489e+02  3.98107171e+04 -1.01103531e+02 
 4.29866235e+04  2.22379539e+02  4.29866235e+04 -1.06284369e+02 
 4.64158883e+04  2.15727363e+02  4.64158883e+04 -1.11333221e+02 
 5.01187234e+04  2.08456658e+02  5.01187234e+04 -1.16166847e+02 
 5.41169527e+04  2.00574535e+02  5.41169527e+04 -1.20695582e+02 
 5.84341413e+04  1.92104861e+02  5.84341413e+04 -1.24826186e+02 
 6.30957344e+04  1.83089938e+02  6.30957344e+04 -1.28465542e+02 
 6.81292069e+04  1.73591226e+02  6.81292069e+04 -1.31525010e+02 
 7.35642254e+04  1.63688830e+02  7.35642254e+04 -1.33925160e+02 
 7.94328235e+04  1.53479596e+02  7.94328235e+04 -1.35600466e+02 
 8.57695899e+04  1.43073811e+02  8.57695899e+04 -1.36503486e+02 
 9.26118728e+04  1.32590703e+02  9.26118728e+04 -1.36608062e+02 
 1.00000000e+05  1.22153083e+02  1.00000000e+05 -1.35911136e+02 
 1.07977516e+05  1.11881649e+02  1.07977516e+05 -1.34432970e+02 
 1.16591440e+05  1.01889492e+02  1.16591440e+05 -1.32215727e+02 
 1.25892541e+05  9.22773241e+01  1.25892541e+05 -1.29320598e+02 
 1.35935639e+05  8.31298471e+01  1.35935639e+05 -1.25823834e+02 
 1.46779927e+05  7.45134756e+01  1.46779927e+05 -1.21812141e+02 
 1.58489319e+05  6.64754730e+01  1.58489319e+05 -1.17377913e+02 
 1.71132830e+05  5.90443729e+01  1.71132830e+05 -1.12614742e+02 
 1.84784980e+05  5.22314422e+01  1.84784980e+05 -1.07613535e+02 
 1.99526231e+05  4.60328787e+01  1.99526231e+05 -1.02459427e+02 
 2.15443469e+05  4.04324272e+01  2.15443469e+05 -9.72295809e+01 
 2.32630507e+05  3.54041302e+01  2.32630507e+05 -9.19918282e+01 
 2.51188643e+05  3.09149896e+01  2.51188643e+05 -8.68040666e+01 
 2.71227258e+05  2.69273806e+01  2.71227258e+05 -8.17142611e+01 
 2.92864456e+05  2.34011279e+01  2.92864456e+05 -7.67609005e+01 
 3.16227766e+05  2.02952043e+01  3.16227766e+05 -7.19737610e+01 
 3.41454887e+05  1.75690546e+01  3.41454887e+05 -6.73748496e+01 
 3.68694506e+05  1.51835758e+01  3.68694506e+05 -6.29794269e+01 
 3.98107171e+05  1.31017961e+01  3.98107171e+05 -5.87970317e+01 
 4.29866235e+05  1.12893062e+01  4.29866235e+05 -5.48324565e+01 
 4.64158883e+05  9.71449068e+00  4.64158883e+05 -5.10866416e+01 
 5.01187234e+05  8.34860858e+00  5.01187234e+05 -4.75574687e+01 
 5.41169527e+05  7.16576233e+00  5.41169527e+05 -4.42404513e+01 
 5.84341413e+05  6.14278866e+00  5.84341413e+05 -4.11293204e+01 
 6.30957344e+05  5.25909883e+00  6.30957344e+05 -3.82165145e+01 
 6.81292069e+05  4.49648857e+00  6.81292069e+05 -3.54935817e+01 
 7.35642254e+05  3.83893368e+00  7.35642254e+05 -3.29515056e+01 
 7.94328235e+05  3.27238223e+00  7.94328235e+05 -3.05809651e+01 
 8.57695899e+05  2.78455151e+00  8.57695899e+05 -2.83725377e+01 
 9.26118728e+05  2.36473464e+00  9.26118728e+05 -2.63168567e+01 
 1.00000000e+06  2.00362029e+00  1.00000000e+06 -2.44047298e+01 
 1.07977516e+06  1.69312688e+00  1.07977516e+06 -2.26272266e+01 
 1.16591440e+06  1.42625218e+00  1.16591440e+06 -2.09757406e+01 
 1.25892541e+06  1.19693797e+00  1.25892541e+06 -1.94420314e+01 
 1.35935639e+06  9.99949318e-01  1.35935639e+06 -1.80182513e+01 
 1.46779927e+06  8.30767561e-01  1.46779927e+06 -1.66969590e+01 
 1.58489319e+06  6.85495845e-01  1.58489319e+06 -1.54711244e+01 
 1.71132830e+06  5.60776214e-01  1.71132830e+06 -1.43341260e+01 
 1.84784980e+06  4.53717037e-01  1.84784980e+06 -1.32797431e+01 
 1.99526231e+06  3.61829699e-01  1.99526231e+06 -1.23021437e+01 
 2.15443469e+06  2.82973505e-01  2.15443469e+06 -1.13958705e+01 
 2.32630507e+06  2.15307845e-01  2.32630507e+06 -1.05558241e+01 
 2.51188643e+06  1.57250730e-01  2.51188643e+06 -9.77724607e+00 
 2.71227258e+06  1.07442911e-01  2.71227258e+06 -9.05570081e+00 
 2.92864456e+06  6.47168751e-02  2.92864456e+06 -8.38705746e+00 
 3.16227766e+06  2.80700758e-02  3.16227766e+06 -7.76747203e+00 
 3.41454887e+06 -3.35814779e-03  3.41454887e+06 -7.19336983e+00 
 3.68694506e+06 -3.03064581e-02  3.68694506e+06 -6.66142845e+00 
 3.98107171e+06 -5.34086405e-02  3.98107171e+06 -6.16856147e+00 
 4.29866235e+06 -7.32083331e-02  4.29866235e+06 -5.71190281e+00 
 4.64158883e+06 -9.01716905e-02  4.64158883e+06 -5.28879194e+00 
 5.01187234e+06 -1.04698265e-01  5.01187234e+06 -4.89675977e+00 
 5.41169527e+06 -1.17130348e-01  5.41169527e+06 -4.53351549e+00 
 5.84341413e+06 -1.27760988e-01  5.84341413e+06 -4.19693404e+00 
 6.30957344e+06 -1.36840866e-01  6.30957344e+06 -3.88504448e+00 
 6.81292069e+06 -1.44584177e-01  6.81292069e+06 -3.59601904e+00 
 7.35642254e+06 -1.51173681e-01  7.35642254e+06 -3.32816290e+00 
 7.94328235e+06 -1.56764999e-01  7.94328235e+06 -3.07990465e+00 
 8.57695899e+06 -1.61490302e-01  8.57695899e+06 -2.84978741e+00 
 9.26118728e+06 -1.65461439e-01  9.26118728e+06 -2.63646062e+00 
 1.00000000e+07 -1.68772602e-01  1.00000000e+07 -2.43867231e+00 
 1.07977516e+07 -1.71502593e-01  1.07977516e+07 -2.25526203e+00 
 1.16591440e+07 -1.73716737e-01  1.16591440e+07 -2.08515429e+00 
 1.25892541e+07 -1.75468501e-01  1.25892541e+07 -1.92735244e+00 
 1.35935639e+07 -1.76800857e-01  1.35935639e+07 -1.78093311e+00 
 1.46779927e+07 -1.77747436e-01  1.46779927e+07 -1.64504109e+00 
 1.58489319e+07 -1.78333505e-01  1.58489319e+07 -1.51888456e+00 
 1.71132830e+07 -1.78576798e-01  1.71132830e+07 -1.40173088e+00 
 1.84784980e+07 -1.78488248e-01  1.84784980e+07 -1.29290263e+00 
 1.99526231e+07 -1.78072647e-01  1.99526231e+07 -1.19177414e+00 
 2.15443469e+07 -1.77329274e-01  2.15443469e+07 -1.09776831e+00 
 2.32630507e+07 -1.76252531e-01  2.32630507e+07 -1.01035382e+00 
 2.51188643e+07 -1.74832628e-01  2.51188643e+07 -9.29042578e-01 
 2.71227258e+07 -1.73056363e-01  2.71227258e+07 -8.53387506e-01 
 2.92864456e+07 -1.70908041e-01  2.92864456e+07 -7.82980526e-01 
 3.16227766e+07 -1.68370565e-01  3.16227766e+07 -7.17450700e-01 
 3.41454887e+07 -1.65426740e-01  3.41454887e+07 -6.56462469e-01 
 3.68694506e+07 -1.62060788e-01  3.68694506e+07 -5.99713876e-01 
 3.98107171e+07 -1.58260086e-01  3.98107171e+07 -5.46934681e-01 
 4.29866235e+07 -1.54017052e-01  4.29866235e+07 -4.97884237e-01 
 4.64158883e+07 -1.49331122e-01  4.64158883e+07 -4.52349036e-01 
 5.01187234e+07 -1.44210652e-01  5.01187234e+07 -4.10139823e-01 
 5.41169527e+07 -1.38674598e-01  5.41169527e+07 -3.71088236e-01 
 5.84341413e+07 -1.32753747e-01  5.84341413e+07 -3.35042997e-01 
 6.30957344e+07 -1.26491303e-01  6.30957344e+07 -3.01865742e-01 
 6.81292069e+07 -1.19942637e-01  6.81292069e+07 -2.71426693e-01 
 7.35642254e+07 -1.13174104e-01  7.35642254e+07 -2.43600422e-01 
 7.94328235e+07 -1.06260912e-01  7.94328235e+07 -2.18262030e-01 
 8.57695899e+07 -9.92841736e-02  8.57695899e+07 -1.95284039e-01 
 9.26118728e+07 -9.23273645e-02  9.26118728e+07 -1.74534276e-01 
 1.00000000e+08 -8.54725337e-02  1.00000000e+08 -1.55874886e-01 
 1.07977516e+08 -7.87966325e-02  1.07977516e+08 -1.39162500e-01 
 1.16591440e+08 -7.23683118e-02  1.16591440e+08 -1.24249446e-01 
 1.25892541e+08 -6.62454668e-02  1.25892541e+08 -1.10985747e-01 
 1.35935639e+08 -6.04736883e-02  1.35935639e+08 -9.92216216e-02 
 1.46779927e+08 -5.50856575e-02  1.46779927e+08 -8.88101307e-02 
 1.58489319e+08 -5.01014068e-02  1.58489319e+08 -7.96097023e-02 
 1.71132830e+08 -4.55292847e-02  1.71132830e+08 -7.14862905e-02 
 1.84784980e+08 -4.13674213e-02  1.84784980e+08 -6.43150368e-02 
 1.99526231e+08 -3.76054816e-02  1.99526231e+08 -5.79813738e-02 
 2.15443469e+08 -3.42265148e-02  2.15443469e+08 -5.23815870e-02 
 2.32630507e+08 -3.12087493e-02  2.32630507e+08 -4.74228982e-02 
 2.51188643e+08 -2.85272236e-02  2.51188643e+08 -4.30231623e-02 
 2.71227258e+08 -2.61551926e-02  2.71227258e+08 -3.91102785e-02 
 2.92864456e+08 -2.40652803e-02  2.92864456e+08 -3.56214136e-02 
 3.16227766e+08 -2.22303801e-02  3.16227766e+08 -3.25021212e-02 
 3.41454887e+08 -2.06243240e-02  3.41454887e+08 -2.97054243e-02 
 3.68694506e+08 -1.92223468e-02  3.68694506e+08 -2.71909109e-02 
 3.98107171e+08 -1.80013835e-02  3.98107171e+08 -2.49238780e-02 
 4.29866235e+08 -1.69402301e-02  4.29866235e+08 -2.28745450e-02 
 4.64158883e+08 -1.60196020e-02  4.64158883e+08 -2.10173462e-02 
 5.01187234e+08 -1.52221165e-02  5.01187234e+08 -1.93303069e-02 
 5.41169527e+08 -1.45322214e-02  5.41169527e+08 -1.77945009e-02 
 5.84341413e+08 -1.39360897e-02  5.84341413e+08 -1.63935835e-02 
 6.30957344e+08 -1.34214920e-02  6.30957344e+08 -1.51133941e-02 
 6.81292069e+08 -1.29776610e-02  6.81292069e+08 -1.39416193e-02 
 7.35642254e+08 -1.25951517e-02  7.35642254e+08 -1.28675102e-02 
 7.94328235e+08 -1.22657054e-02  7.94328235e+08 -1.18816444e-02 
 8.57695899e+08 -1.19821206e-02  8.57695899e+08 -1.09757277e-02 
 9.26118728e+08 -1.17381322e-02  9.26118728e+08 -1.01424284e-02 
 1.00000000e+09 -1.15283001e-02  1.00000000e+09 -9.37523813e-03 
 1.07977516e+09 -1.13479087e-02  1.07977516e+09 -8.66835707e-03 
 1.16591440e+09 -1.11928768e-02  1.16591440e+09 -8.01659649e-03 
 1.25892541e+09 -1.10596757e-02  1.25892541e+09 -7.41529785e-03 
 1.35935639e+09 -1.09452588e-02  1.35935639e+09 -6.86026460e-03 
 1.46779927e+09 -1.08469973e-02  1.46779927e+09 -6.34770458e-03 
 1.58489319e+09 -1.07626251e-02  1.58489319e+09 -5.87418134e-03 
 1.71132830e+09 -1.06901902e-02  1.71132830e+09 -5.43657277e-03 
 1.84784980e+09 -1.06280119e-02  1.84784980e+09 -5.03203566e-03 
 1.99526231e+09 -1.05746440e-02  1.99526231e+09 -4.65797544e-03 
 2.15443469e+09 -1.05288427e-02  2.15443469e+09 -4.31202002e-03 
 2.32630507e+09 -1.04895385e-02  2.32630507e+09 -3.99199707e-03 
 2.51188643e+09 -1.04558122e-02  2.51188643e+09 -3.69591433e-03 
 2.71227258e+09 -1.04268741e-02  2.71227258e+09 -3.42194233e-03 
 2.92864456e+09 -1.04020458e-02  2.92864456e+09 -3.16839918e-03 
 3.16227766e+09 -1.03807446e-02  3.16227766e+09 -2.93373713e-03 
 3.41454887e+09 -1.03624701e-02  3.41454887e+09 -2.71653065e-03 
 3.68694506e+09 -1.03467929e-02  3.68694506e+09 -2.51546579e-03 
 3.98107171e+09 -1.03333441e-02  3.98107171e+09 -2.32933067e-03 
 4.29866235e+09 -1.03218074e-02  4.29866235e+09 -2.15700689e-03 
 4.64158883e+09 -1.03119111e-02  4.64158883e+09 -1.99746186e-03 
 5.01187234e+09 -1.03034221e-02  5.01187234e+09 -1.84974175e-03 
 5.41169527e+09 -1.02961404e-02  5.41169527e+09 -1.71296521e-03 
 5.84341413e+09 -1.02898944e-02  5.84341413e+09 -1.58631759e-03 
 6.30957344e+09 -1.02845368e-02  6.30957344e+09 -1.46904569e-03 
 6.81292069e+09 -1.02799414e-02  6.81292069e+09 -1.36045294e-03 
 7.35642254e+09 -1.02759997e-02  7.35642254e+09 -1.25989504e-03 
 7.94328235e+09 -1.02726187e-02  7.94328235e+09 -1.16677592e-03 
 8.57695899e+09 -1.02697188e-02  8.57695899e+09 -1.08054406e-03 
 9.26118728e+09 -1.02672315e-02  9.26118728e+09 -1.00068908e-03 
 1.00000000e+10 -1.02650980e-02  1.00000000e+10 -9.26738620e-04 
