 1.00000000e+00  9.55879070e+02  1.00000000e+00 -1.63160207e-01 
 1.07977516e+00  9.55879066e+02  1.07977516e+00 -1.76176338e-01 
 1.16591440e+00  9.55879060e+02  1.16591440e+00 -1.90230833e-01 
 1.25892541e+00  9.55879054e+02  1.25892541e+00 -2.05406528e-01 
 1.35935639e+00  9.55879047e+02  1.35935639e+00 -2.21792865e-01 
 1.46779927e+00  9.55879038e+02  1.46779927e+00 -2.39486425e-01 
 1.58489319e+00  9.55879028e+02  1.58489319e+00 -2.58591490e-01 
 1.71132830e+00  9.55879016e+02  1.71132830e+00 -2.79220665e-01 
 1.84784980e+00  9.55879003e+02  1.84784980e+00 -3.01495535e-01 
 1.99526231e+00  9.55878987e+02  1.99526231e+00 -3.25547384e-01 
 2.15443469e+00  9.55878969e+02  2.15443469e+00 -3.51517973e-01 
 2.32630507e+00  9.55878947e+02  2.32630507e+00 -3.79560368e-01 
 2.51188643e+00  9.55878922e+02  2.51188643e+00 -4.09839847e-01 
 2.71227258e+00  9.55878893e+02  2.71227258e+00 -4.42534874e-01 
 2.92864456e+00  9.55878859e+02  2.92864456e+00 -4.77838149e-01 
 3.16227766e+00  9.55878820e+02  3.16227766e+00 -5.15957743e-01 
 3.41454887e+00  9.55878773e+02  3.41454887e+00 -5.57118329e-01 
 3.68694506e+00  9.55878720e+02  3.68694506e+00 -6.01562500e-01 
 3.98107171e+00  9.55878657e+02  3.98107171e+00 -6.49552204e-01 
 4.29866235e+00  9.55878584e+02  4.29866235e+00 -7.01370282e-01 
 4.64158883e+00  9.55878498e+02  4.64158883e+00 -7.57322143e-01 
 5.01187234e+00  9.55878399e+02  5.01187234e+00 -8.17737555e-01 
 5.41169527e+00  9.55878283e+02  5.41169527e+00 -8.82972594e-01 
 5.84341413e+00  9.55878147e+02  5.84341413e+00 -9.53411741e-01 
 6.30957344e+00  9.55877990e+02  6.30957344e+00 -1.02947015e+00 
 6.81292069e+00  9.55877806e+02  6.81292069e+00 -1.11159608e+00 
 7.35642254e+00  9.55877591e+02  7.35642254e+00 -1.20027357e+00 
 7.94328235e+00  9.55877341e+02  7.94328235e+00 -1.29602525e+00 
 8.57695899e+00  9.55877050e+02  8.57695899e+00 -1.39941545e+00 
 9.26118728e+00  9.55876710e+02  9.26118728e+00 -1.51105351e+00 
 1.00000000e+01  9.55876314e+02  1.00000000e+01 -1.63159737e+00 
 1.07977516e+01  9.55875852e+02  1.07977516e+01 -1.76175746e+00 
 1.16591440e+01  9.55875314e+02  1.16591440e+01 -1.90230088e+00 
 1.25892541e+01  9.55874686e+02  1.25892541e+01 -2.05405589e+00 
 1.35935639e+01  9.55873954e+02  1.35935639e+01 -2.21791684e+00 
 1.46779927e+01  9.55873100e+02  1.46779927e+01 -2.39484937e+00 
 1.58489319e+01  9.55872105e+02  1.58489319e+01 -2.58589618e+00 
 1.71132830e+01  9.55870945e+02  1.71132830e+01 -2.79218308e+00 
 1.84784980e+01  9.55869592e+02  1.84784980e+01 -3.01492567e+00 
 1.99526231e+01  9.55868015e+02  1.99526231e+01 -3.25543649e+00 
 2.15443469e+01  9.55866176e+02  2.15443469e+01 -3.51513270e+00 
 2.32630507e+01  9.55864032e+02  2.32630507e+01 -3.79554448e+00 
 2.51188643e+01  9.55861533e+02  2.51188643e+01 -4.09832394e+00 
 2.71227258e+01  9.55858618e+02  2.71227258e+01 -4.42525491e+00 
 2.92864456e+01  9.55855221e+02  2.92864456e+01 -4.77826336e+00 
 3.16227766e+01  9.55851259e+02  3.16227766e+01 -5.15942872e+00 
 3.41454887e+01  9.55846640e+02  3.41454887e+01 -5.57099608e+00 
 3.68694506e+01  9.55841256e+02  3.68694506e+01 -6.01538932e+00 
 3.98107171e+01  9.55834977e+02  3.98107171e+01 -6.49522533e+00 
 4.29866235e+01  9.55827657e+02  4.29866235e+01 -7.01332929e+00 
 4.64158883e+01  9.55819123e+02  4.64158883e+01 -7.57275119e+00 
 5.01187234e+01  9.55809173e+02  5.01187234e+01 -8.17678355e+00 
 5.41169527e+01  9.55797573e+02  5.41169527e+01 -8.82898067e+00 
 5.84341413e+01  9.55784048e+02  5.84341413e+01 -9.53317919e+00 
 6.30957344e+01  9.55768279e+02  6.30957344e+01 -1.02935203e+01 
 6.81292069e+01  9.55749895e+02  6.81292069e+01 -1.11144739e+01 
 7.35642254e+01  9.55728462e+02  7.35642254e+01 -1.20008638e+01 
 7.94328235e+01  9.55703474e+02  7.94328235e+01 -1.29578960e+01 
 8.57695899e+01  9.55674342e+02  8.57695899e+01 -1.39911879e+01 
 9.26118728e+01  9.55640378e+02  9.26118728e+01 -1.51068005e+01 
 1.00000000e+02  9.55600783e+02  1.00000000e+02 -1.63112724e+01 
 1.07977516e+02  9.55554622e+02  1.07977516e+02 -1.76116563e+01 
 1.16591440e+02  9.55500808e+02  1.16591440e+02 -1.90155585e+01 
 1.25892541e+02  9.55438073e+02  1.25892541e+02 -2.05311802e+01 
 1.35935639e+02  9.55364940e+02  1.35935639e+02 -2.21673621e+01 
 1.46779927e+02  9.55279688e+02  1.46779927e+02 -2.39336319e+01 
 1.58489319e+02  9.55180310e+02  1.58489319e+02 -2.58402538e+01 
 1.71132830e+02  9.55064469e+02  1.71132830e+02 -2.78982818e+01 
 1.84784980e+02  9.54929445e+02  1.84784980e+02 -3.01196145e+01 
 1.99526231e+02  9.54772066e+02  1.99526231e+02 -3.25170537e+01 
 2.15443469e+02  9.54588641e+02  2.15443469e+02 -3.51043641e+01 
 2.32630507e+02  9.54374873e+02  2.32630507e+02 -3.78963353e+01 
 2.51188643e+02  9.54125758e+02  2.51188643e+02 -4.09088447e+01 
 2.71227258e+02  9.53835475e+02  2.71227258e+02 -4.41589205e+01 
 2.92864456e+02  9.53497253e+02  2.92864456e+02 -4.76648043e+01 
 3.16227766e+02  9.53103218e+02  3.16227766e+02 -5.14460108e+01 
 3.41454887e+02  9.52644218e+02  3.41454887e+02 -5.55233826e+01 
 3.68694506e+02  9.52109620e+02  3.68694506e+02 -5.99191382e+01 
 3.98107171e+02  9.51487082e+02  3.98107171e+02 -6.46569094e+01 
 4.29866235e+02  9.50762283e+02  4.29866235e+02 -6.97617630e+01 
 4.64158883e+02  9.49918621e+02  4.64158883e+02 -7.52602025e+01 
 5.01187234e+02  9.48936872e+02  5.01187234e+02 -8.11801418e+01 
 5.41169527e+02  9.47794794e+02  5.41169527e+02 -8.75508432e+01 
 5.84341413e+02  9.46466695e+02  5.84341413e+02 -9.44028082e+01 
 6.30957344e+02  9.44922934e+02  6.30957344e+02 -1.01767608e+02 
 6.81292069e+02  9.43129386e+02  6.81292069e+02 -1.09677641e+02 
 7.35642254e+02  9.41046837e+02  7.35642254e+02 -1.18165789e+02 
 7.94328235e+02  9.38630341e+02  7.94328235e+02 -1.27264967e+02 
 8.57695899e+02  9.35828531e+02  8.57695899e+02 -1.37007515e+02 
 9.26118728e+02  9.32582898e+02  9.26118728e+02 -1.47424433e+02 
 1.00000000e+03  9.28827070e+02  1.00000000e+03 -1.58544393e+02 
 1.07977516e+03  9.24486099e+02  1.07977516e+03 -1.70392521e+02 
 1.16591440e+03  9.19475834e+02  1.16591440e+03 -1.82988885e+02 
 1.25892541e+03  9.13702407e+02  1.25892541e+03 -1.96346679e+02 
 1.35935639e+03  9.07061929e+02  1.35935639e+03 -2.10470051e+02 
 1.46779927e+03  8.99440502e+02  1.46779927e+03 -2.25351571e+02 
 1.58489319e+03  8.90714651e+02  1.58489319e+03 -2.40969330e+02 
 1.71132830e+03  8.80752353e+02  1.71132830e+03 -2.57283711e+02 
 1.84784980e+03  8.69414812e+02  1.84784980e+03 -2.74233903e+02 
 1.99526231e+03  8.56559161e+02  1.99526231e+03 -2.91734296e+02 
 2.15443469e+03  8.42042277e+02  2.15443469e+03 -3.09670957e+02 
 2.32630507e+03  8.25725839e+02  2.32630507e+03 -3.27898500e+02 
 2.51188643e+03  8.07482713e+02  2.51188643e+03 -3.46237712e+02 
 2.71227258e+03  7.87204631e+02  2.71227258e+03 -3.64474425e+02 
 2.92864456e+03  7.64810967e+02  2.92864456e+03 -3.82360158e+02 
 3.16227766e+03  7.40258229e+02  3.16227766e+03 -3.99615047e+02 
 3.41454887e+03  7.13549622e+02  3.41454887e+03 -4.15933547e+02 
 3.68694506e+03  6.84743831e+02  3.68694506e+03 -4.30993163e+02 
 3.98107171e+03  6.53961988e+02  3.98107171e+03 -4.44466219e+02 
 4.29866235e+03  6.21391692e+02  4.29866235e+03 -4.56034256e+02 
 4.64158883e+03  5.87287069e+02  4.64158883e+03 -4.65404199e+02 
 5.01187234e+03  5.51964135e+02  5.01187234e+03 -4.72325030e+02 
 5.41169527e+03  5.15791216e+02  5.41169527e+03 -4.76603350e+02 
 5.84341413e+03  4.79174782e+02  5.84341413e+03 -4.78116160e+02 
 6.30957344e+03  4.42541754e+02  6.30957344e+03 -4.76819334e+02 
 6.81292069e+03  4.06319821e+02  6.81292069e+03 -4.72750718e+02 
 7.35642254e+03  3.70917699e+02  7.35642254e+03 -4.66027471e+02 
 7.94328235e+03  3.36707207e+02  7.94328235e+03 -4.56837972e+02 
 8.57695899e+03  3.04008796e+02  8.57695899e+03 -4.45429329e+02 
 9.26118728e+03  2.73081592e+02  9.26118728e+03 -4.32091963e+02 
 1.00000000e+04  2.44118373e+02  1.00000000e+04 -4.17142968e+02 
 1.07977516e+04  2.17245295e+02  1.07977516e+04 -4.00909851e+02 
 1.16591440e+04  1.92525640e+02  1.16591440e+04 -3.83715961e+02 
 1.25892541e+04  1.69966593e+02  1.25892541e+04 -3.65868499e+02 
 1.35935639e+04  1.49527923e+02  1.35935639e+04 -3.47649549e+02 
 1.46779927e+04  1.31131524e+02  1.46779927e+04 -3.29310148e+02 
 1.58489319e+04  1.14670933e+02  1.58489319e+04 -3.11067157e+02 
 1.71132830e+04  1.00020183e+02  1.71132830e+04 -2.93102460e+02 
 1.84784980e+04  8.70415696e+01  1.84784980e+04 -2.75563981e+02 
 1.99526231e+04  7.55921435e+01  1.99526231e+04 -2.58567971e+02 
 2.15443469e+04  6.55288683e+01  2.15443469e+04 -2.42202100e+02 
 2.32630507e+04  5.67125234e+01  2.32630507e+04 -2.26528962e+02 
 2.51188643e+04  4.90104900e+01  2.51188643e+04 -2.11589680e+02 
 2.71227258e+04  4.22985912e+01  2.71227258e+04 -1.97407408e+02 
 2.92864456e+04  3.64621668e+01  2.92864456e+04 -1.83990586e+02 
 3.16227766e+04  3.13965530e+01  3.16227766e+04 -1.71335863e+02 
 3.41454887e+04  2.70071164e+01  3.41454887e+04 -1.59430659e+02 
 3.68694506e+04  2.32089722e+01  3.68694506e+04 -1.48255366e+02 
 3.98107171e+04  1.99264870e+01  3.98107171e+04 -1.37785192e+02 
 4.29866235e+04  1.70926501e+01  4.29866235e+04 -1.27991689e+02 
 4.64158883e+04  1.46483732e+01  4.64158883e+04 -1.18844000e+02 
 5.01187234e+04  1.25417643e+01  5.01187234e+04 -1.10309856e+02 
 5.41169527e+04  1.07274077e+01  5.41169527e+04 -1.02356365e+02 
 5.84341413e+04  9.16567226e+00  5.84341413e+04 -9.49506223e+01 
 6.30957344e+04  7.82206081e+00  6.30957344e+04 -8.80601790e+01 
 6.81292069e+04  6.66660892e+00  6.81292069e+04 -8.16533899e+01 
 7.35642254e+04  5.67333667e+00  7.35642254e+04 -7.56996635e+01 
 7.94328235e+04  4.81975381e+00  7.94328235e+04 -7.01696369e+01 
 8.57695899e+04  4.08641689e+00  8.57695899e+04 -6.50352888e+01 
 9.26118728e+04  3.45653559e+00  9.26118728e+04 -6.02700049e+01 
 1.00000000e+05  2.91562483e+00  1.00000000e+05 -5.58486067e+01 
 1.07977516e+05  2.45119862e+00  1.07977516e+05 -5.17473516e+01 
 1.16591440e+05  2.05250192e+00  1.16591440e+05 -4.79439124e+01 
 1.25892541e+05  1.71027627e+00  1.25892541e+05 -4.44173409e+01 
 1.35935639e+05  1.41655575e+00  1.35935639e+05 -4.11480211e+01 
 1.46779927e+05  1.16448961e+00  1.46779927e+05 -3.81176142e+01 
 1.58489319e+05  9.48188411e-01  1.58489319e+05 -3.53089993e+01 
 1.71132830e+05  7.62590806e-01  1.71132830e+05 -3.27062113e+01 
 1.84784980e+05  6.03348355e-01  1.84784980e+05 -3.02943776e+01 
 1.99526231e+05  4.66726008e-01  1.99526231e+05 -2.80596552e+01 
 2.15443469e+05  3.49516264e-01  2.15443469e+05 -2.59891686e+01 
 2.32630507e+05  2.48965154e-01  2.32630507e+05 -2.40709497e+01 
 2.51188643e+05  1.62708492e-01  2.51188643e+05 -2.22938797e+01 
 2.71227258e+05  8.87169841e-02  2.71227258e+05 -2.06476331e+01 
 2.92864456e+05  2.52490056e-02  2.92864456e+05 -1.91226252e+01 
 3.16227766e+05 -2.91900147e-02  3.16227766e+05 -1.77099615e+01 
 3.41454887e+05 -7.58825093e-02  3.41454887e+05 -1.64013905e+01 
 3.68694506e+05 -1.15928776e-01  3.68694506e+05 -1.51892588e+01 
 3.98107171e+05 -1.50272757e-01  3.98107171e+05 -1.40664693e+01 
 4.29866235e+05 -1.79724172e-01  4.29866235e+05 -1.30264418e+01 
 4.64158883e+05 -2.04977535e-01  4.64158883e+05 -1.20630762e+01 
 5.01187234e+05 -2.26628464e-01  5.01187234e+05 -1.11707182e+01 
 5.41169527e+05 -2.45187690e-01  5.41169527e+05 -1.03441272e+01 
 5.84341413e+05 -2.61093068e-01  5.84341413e+05 -9.57844623e+00 
 6.30957344e+05 -2.74719889e-01  6.30957344e+05 -8.86917443e+00 
 6.81292069e+05 -2.86389711e-01  6.81292069e+05 -8.21214097e+00 
 7.35642254e+05 -2.96377942e-01  7.35642254e+05 -7.60348098e+00 
 7.94328235e+05 -3.04920324e-01  7.94328235e+05 -7.03961323e+00 
 8.57695899e+05 -3.12218495e-01  8.57695899e+05 -6.51721934e+00 
 9.26118728e+05 -3.18444745e-01  9.26118728e+05 -6.03322446e+00 
 1.00000000e+06 -3.23746080e-01  1.00000000e+06 -5.58477937e+00 
 1.07977516e+06 -3.28247694e-01  1.07977516e+06 -5.16924388e+00 
 1.16591440e+06 -3.32055927e-01  1.16591440e+06 -4.78417144e+00 
 1.25892541e+06 -3.35260782e-01  1.25892541e+06 -4.42729482e+00 
 1.35935639e+06 -3.37938057e-01  1.35935639e+06 -4.09651286e+00 
 1.46779927e+06 -3.40151148e-01  1.46779927e+06 -3.78987828e+00 
 1.58489319e+06 -3.41952559e-01  1.58489319e+06 -3.50558623e+00 
 1.71132830e+06 -3.43385171e-01  1.71132830e+06 -3.24196382e+00 
 1.84784980e+06 -3.44483284e-01  1.84784980e+06 -2.99746042e+00 
 1.99526231e+06 -3.45273467e-01  1.99526231e+06 -2.77063863e+00 
 2.15443469e+06 -3.45775246e-01  2.15443469e+06 -2.56016601e+00 
 2.32630507e+06 -3.46001646e-01  2.32630507e+06 -2.36480746e+00 
 2.51188643e+06 -3.45959598e-01  2.51188643e+06 -2.18341816e+00 
 2.71227258e+06 -3.45650246e-01  2.71227258e+06 -2.01493715e+00 
 2.92864456e+06 -3.45069157e-01  2.92864456e+06 -1.85838147e+00 
 3.16227766e+06 -3.44206465e-01  3.16227766e+06 -1.71284077e+00 
 3.41454887e+06 -3.43046960e-01  3.41454887e+06 -1.57747248e+00 
 3.68694506e+06 -3.41570157e-01  3.68694506e+06 -1.45149748e+00 
 3.98107171e+06 -3.39750365e-01  3.98107171e+06 -1.33419625e+00 
 4.29866235e+06 -3.37556798e-01  4.29866235e+06 -1.22490542e+00 
 4.64158883e+06 -3.34953776e-01  4.64158883e+06 -1.12301491e+00 
 5.01187234e+06 -3.31901052e-01  5.01187234e+06 -1.02796530e+00 
 5.41169527e+06 -3.28354343e-01  5.41169527e+06 -9.39245780e-01 
 5.84341413e+06 -3.24266117e-01  5.84341413e+06 -8.56392315e-01 
 6.30957344e+06 -3.19586719e-01  6.30957344e+06 -7.78986130e-01 
 6.81292069e+06 -3.14265889e-01  6.81292069e+06 -7.06652372e-01 
 7.35642254e+06 -3.08254739e-01  7.35642254e+06 -6.39058814e-01 
 7.94328235e+06 -3.01508215e-01  7.94328235e+06 -5.75914458e-01 
 8.57695899e+06 -2.93988028e-01  8.57695899e+06 -5.16967831e-01 
 9.26118728e+06 -2.85665992e-01  9.26118728e+06 -4.62004780e-01 
 1.00000000e+07 -2.76527611e-01  1.00000000e+07 -4.10845548e-01 
 1.07977516e+07 -2.66575691e-01  1.07977516e+07 -3.63340948e-01 
 1.16591440e+07 -2.55833643e-01  1.16591440e+07 -3.19367522e-01 
 1.25892541e+07 -2.44348092e-01  1.25892541e+07 -2.78821685e-01 
 1.35935639e+07 -2.32190381e-01  1.35935639e+07 -2.41613001e-01 
 1.46779927e+07 -2.19456584e-01  1.46779927e+07 -2.07656893e-01 
 1.58489319e+07 -2.06265748e-01  1.58489319e+07 -1.76867276e-01 
 1.71132830e+07 -1.92756301e-01  1.71132830e+07 -1.49149692e-01 
 1.84784980e+07 -1.79080732e-01  1.84784980e+07 -1.24395579e-01 
 1.99526231e+07 -1.65398974e-01  1.99526231e+07 -1.02478237e-01 
 2.15443469e+07 -1.51871045e-01  2.15443469e+07 -8.32508583e-02 
 2.32630507e+07 -1.38649680e-01  2.32630507e+07 -6.65467945e-02 
 2.51188643e+07 -1.25873661e-01  2.51188643e+07 -5.21818886e-02 
 2.71227258e+07 -1.13662432e-01  2.71227258e+07 -3.99585076e-02 
 2.92864456e+07 -1.02112421e-01  2.92864456e+07 -2.96707026e-02 
 3.16227766e+07 -9.12951958e-02  3.16227766e+07 -2.11098620e-02 
 3.41454887e+07 -8.12573942e-02  3.41454887e+07 -1.40702568e-02 
 3.68694506e+07 -7.20221526e-02  3.68694506e+07 -8.35398476e-03 
 3.98107171e+07 -6.35916592e-02  3.98107171e+07 -3.77498434e-03 
 4.29866235e+07 -5.59504122e-02  4.29866235e+07 -1.61954155e-04 
 4.64158883e+07 -4.90687935e-02  4.64158883e+07  2.63983498e-03 
 5.01187234e+07 -4.29066317e-02  5.01187234e+07  4.76773821e-03 
 5.41169527e+07 -3.74165138e-02  5.41169527e+07  6.34177857e-03 
 5.84341413e+07 -3.25466948e-02  5.84341413e+07  7.46533667e-03 
 6.30957344e+07 -2.82435303e-02  6.30957344e+07  8.22629294e-03 
 6.81292069e+07 -2.44534167e-02  6.81292069e+07  8.69844792e-03 
 7.35642254e+07 -2.11242666e-02  7.35642254e+07  8.94307731e-03 
 7.94328235e+07 -1.82065711e-02  7.94328235e+07  9.01051291e-03 
 8.57695899e+07 -1.56541126e-02  8.57695899e+07  8.94167293e-03 
 9.26118728e+07 -1.34243936e-02  9.26118728e+07  8.76949306e-03 
 1.00000000e+08 -1.14788406e-02  1.00000000e+08  8.52023128e-03 
 1.07977516e+08 -9.78283823e-03  1.07977516e+08  8.21463536e-03 
 1.16591440e+08 -8.30563261e-03  1.16591440e+08  7.86897218e-03 
 1.25892541e+08 -7.02014147e-03  1.25892541e+08  7.49592354e-03 
 1.35935639e+08 -5.90269409e-03  1.35935639e+08  7.10535591e-03 
 1.46779927e+08 -4.93272277e-03  1.46779927e+08  6.70497098e-03 
 1.58489319e+08 -4.09242213e-03  1.58489319e+08  6.30084358e-03 
 1.71132830e+08 -3.36639187e-03  1.71132830e+08  5.89785228e-03 
 1.84784980e+08 -2.74127794e-03  1.84784980e+08  5.50000858e-03 
 1.99526231e+08 -2.20542780e-03  1.99526231e+08  5.11069174e-03 
 2.15443469e+08 -1.74857468e-03  2.15443469e+08  4.73279978e-03 
 2.32630507e+08 -1.36156405e-03  2.32630507e+08  4.36883008e-03 
 2.51188643e+08 -1.03613180e-03  2.51188643e+08  4.02090698e-03 
 2.71227258e+08 -7.64738547e-04  2.71227258e+08  3.69077499e-03 
 2.92864456e+08 -5.40458530e-04  2.92864456e+08  3.37977683e-03 
 3.16227766e+08 -3.56916036e-04  3.16227766e+08  3.08883241e-03 
 3.41454887e+08 -2.08258276e-04  3.41454887e+08  2.81843103e-03 
 3.68694506e+08 -8.91514990e-05  3.68694506e+08  2.56864351e-03 
 3.98107171e+08  5.21253918e-06  3.98107171e+08  2.33915564e-03 
 4.29866235e+08  7.91105607e-05  4.29866235e+08  2.12932005e-03 
 4.64158883e+08  1.36289720e-04  4.64158883e+08  1.93822064e-03 
 5.01187234e+08  1.79981447e-04  5.01187234e+08  1.76474275e-03 
 5.41169527e+08  2.12927880e-04  5.41169527e+08  1.60764247e-03 
 5.84341413e+08  2.37419225e-04  5.84341413e+08  1.46560979e-03 
 6.30957344e+08  2.55338974e-04  6.30957344e+08  1.33732223e-03 
 6.81292069e+08  2.68213438e-04  6.81292069e+08  1.22148723e-03 
 7.35642254e+08  2.77262257e-04  7.35642254e+08  1.11687317e-03 
 7.94328235e+08  2.83447137e-04  7.94328235e+08  1.02232996e-03 
 8.57695899e+08  2.87516872e-04  8.57695899e+08  9.36800791e-04 
 9.26118728e+08  2.90047460e-04  9.26118728e+08  8.59326847e-04 
 1.00000000e+09  2.91476799e-04  1.00000000e+09  7.89046762e-04 
 1.07977516e+09  2.92133947e-04  1.07977516e+09  7.25192506e-04 
 1.16591440e+09  2.92263267e-04  1.16591440e+09  6.67082974e-04 
 1.25892541e+09  2.92043992e-04  1.25892541e+09  6.14116357e-04 
 1.35935639e+09  2.91605818e-04  1.35935639e+09  5.65762051e-04 
 1.46779927e+09  2.91041158e-04  1.46779927e+09  5.21552642e-04 
 1.58489319e+09  2.90414659e-04  1.58489319e+09  4.81076297e-04 
 1.71132830e+09  2.89770496e-04  1.71132830e+09  4.43969776e-04 
 1.84784980e+09  2.89137924e-04  1.84784980e+09  4.09912133e-04 
 1.99526231e+09  2.88535449e-04  1.99526231e+09  3.78619152e-04 
 2.15443469e+09  2.87973945e-04  2.15443469e+09  3.49838479e-04 
 2.32630507e+09  2.87458954e-04  2.32630507e+09  3.23345404e-04 
 2.51188643e+09  2.86992373e-04  2.51188643e+09  2.98939234e-04 
 2.71227258e+09  2.86573682e-04  2.71227258e+09  2.76440175e-04 
 2.92864456e+09  2.86200820e-04  2.92864456e+09  2.55686671e-04 
 3.16227766e+09  2.85870807e-04  3.16227766e+09  2.36533134e-04 
 3.41454887e+09  2.85580185e-04  3.41454887e+09  2.18847996e-04 
 3.68694506e+09  2.85325310e-04  3.68694506e+09  2.02512052e-04 
 3.98107171e+09  2.85102551e-04  3.98107171e+09  1.87417031e-04 
 4.29866235e+09  2.84908419e-04  4.29866235e+09  1.73464376e-04 
 4.64158883e+09  2.84739641e-04  4.64158883e+09  1.60564192e-04 
 5.01187234e+09  2.84593202e-04  5.01187234e+09  1.48634327e-04 
 5.41169527e+09  2.84466363e-04  5.41169527e+09  1.37599587e-04 
 5.84341413e+09  2.84356659e-04  5.84341413e+09  1.27391041e-04 
 6.30957344e+09  2.84261891e-04  6.30957344e+09  1.17945420e-04 
 6.81292069e+09  2.84180112e-04  6.81292069e+09  1.09204579e-04 
 7.35642254e+09  2.84109603e-04  7.35642254e+09  1.01115032e-04 
 7.94328235e+09  2.84048857e-04  7.94328235e+09  9.36275350e-05 
 8.57695899e+09  2.83996557e-04  8.57695899e+09  8.66967090e-05 
 9.26118728e+09  2.83951552e-04  9.26118728e+09  8.02807128e-05 
 1.00000000e+10  2.83912843e-04  1.00000000e+10  7.43409419e-05 
