 1.00000000e+00  6.92272389e+04  1.00000000e+00 -4.36970995e+02 
 1.07977516e+00  6.92267813e+04  1.07977516e+00 -4.71827309e+02 
 1.16591440e+00  6.92262478e+04  1.16591440e+00 -5.09463483e+02 
 1.25892541e+00  6.92256258e+04  1.25892541e+00 -5.50101072e+02 
 1.35935639e+00  6.92249006e+04  1.35935639e+00 -5.93979251e+02 
 1.46779927e+00  6.92240551e+04  1.46779927e+00 -6.41356209e+02 
 1.58489319e+00  6.92230693e+04  1.58489319e+00 -6.92510643e+02 
 1.71132830e+00  6.92219200e+04  1.71132830e+00 -7.47743377e+02 
 1.84784980e+00  6.92205800e+04  1.84784980e+00 -8.07379098e+02 
 1.99526231e+00  6.92190179e+04  1.99526231e+00 -8.71768222e+02 
 2.15443469e+00  6.92171966e+04  2.15443469e+00 -9.41288906e+02 
 2.32630507e+00  6.92150733e+04  2.32630507e+00 -1.01634920e+03 
 2.51188643e+00  6.92125978e+04  2.51188643e+00 -1.09738938e+03 
 2.71227258e+00  6.92097118e+04  2.71227258e+00 -1.18488438e+03 
 2.92864456e+00  6.92063474e+04  2.92864456e+00 -1.27934653e+03 
 3.16227766e+00  6.92024251e+04  3.16227766e+00 -1.38132832e+03 
 3.41454887e+00  6.91978526e+04  3.41454887e+00 -1.49142546e+03 
 3.68694506e+00  6.91925223e+04  3.68694506e+00 -1.61028012e+03 
 3.98107171e+00  6.91863086e+04  3.98107171e+00 -1.73858434e+03 
 4.29866235e+00  6.91790654e+04  4.29866235e+00 -1.87708365e+03 
 4.64158883e+00  6.91706223e+04  4.64158883e+00 -2.02658094e+03 
 5.01187234e+00  6.91607810e+04  5.01187234e+00 -2.18794043e+03 
 5.41169527e+00  6.91493105e+04  5.41169527e+00 -2.36209191e+03 
 5.84341413e+00  6.91359416e+04  5.84341413e+00 -2.55003508e+03 
 6.30957344e+00  6.91203611e+04  6.30957344e+00 -2.75284403e+03 
 6.81292069e+00  6.91022045e+04  6.81292069e+00 -2.97167181e+03 
 7.35642254e+00  6.90810475e+04  7.35642254e+00 -3.20775500e+03 
 7.94328235e+00  6.90563966e+04  7.94328235e+00 -3.46241821e+03 
 8.57695899e+00  6.90276779e+04  8.57695899e+00 -3.73707841e+03 
 9.26118728e+00  6.89942246e+04  9.26118728e+00 -4.03324885e+03 
 1.00000000e+01  6.89552618e+04  1.00000000e+01 -4.35254258e+03 
 1.07977516e+01  6.89098900e+04  1.07977516e+01 -4.69667500e+03 
 1.16591440e+01  6.88570657e+04  1.16591440e+01 -5.06746550e+03 
 1.25892541e+01  6.87955793e+04  1.25892541e+01 -5.46683741e+03 
 1.35935639e+01  6.87240298e+04  1.35935639e+01 -5.89681607e+03 
 1.46779927e+01  6.86407970e+04  1.46779927e+01 -6.35952414e+03 
 1.58489319e+01  6.85440089e+04  1.58489319e+01 -6.85717357e+03 
 1.71132830e+01  6.84315063e+04  1.71132830e+01 -7.39205316e+03 
 1.84784980e+01  6.83008033e+04  1.84784980e+01 -7.96651053e+03 
 1.99526231e+01  6.81490438e+04  1.99526231e+01 -8.58292726e+03 
 2.15443469e+01  6.79729545e+04  2.15443469e+01 -9.24368541e+03 
 2.32630507e+01  6.77687950e+04  2.32630507e+01 -9.95112356e+03 
 2.51188643e+01  6.75323056e+04  2.51188643e+01 -1.07074802e+04 
 2.71227258e+01  6.72586547e+04  2.71227258e+01 -1.15148220e+04 
 2.92864456e+01  6.69423882e+04  2.92864456e+01 -1.23749544e+04 
 3.16227766e+01  6.65773835e+04  3.16227766e+01 -1.32893117e+04 
 3.41454887e+01  6.61568133e+04  3.41454887e+01 -1.42588238e+04 
 3.68694506e+01  6.56731243e+04  3.68694506e+01 -1.52837585e+04 
 3.98107171e+01  6.51180390e+04  3.98107171e+01 -1.63635366e+04 
 4.29866235e+01  6.44825892e+04  4.29866235e+01 -1.74965210e+04 
 4.64158883e+01  6.37571921e+04  4.64158883e+01 -1.86797819e+04 
 5.01187234e+01  6.29317812e+04  5.01187234e+01 -1.99088436e+04 
 5.41169527e+01  6.19960061e+04  5.41169527e+01 -2.11774236e+04 
 5.84341413e+01  6.09395115e+04  5.84341413e+01 -2.24771784e+04 
 6.30957344e+01  5.97523083e+04  6.30957344e+01 -2.37974781e+04 
 6.81292069e+01  5.84252394e+04  6.81292069e+01 -2.51252384e+04 
 7.35642254e+01  5.69505399e+04  7.35642254e+01 -2.64448431e+04 
 7.94328235e+01  5.53224755e+04  7.94328235e+01 -2.77381974e+04 
 8.57695899e+01  5.35380308e+04  8.57695899e+01 -2.89849480e+04 
 9.26118728e+01  5.15976005e+04  9.26118728e+01 -3.01629053e+04 
 1.00000000e+02  4.95056218e+04  1.00000000e+02 -3.12486853e+04 
 1.07977516e+02  4.72710703e+04  1.07977516e+02 -3.22185707e+04 
 1.16591440e+02  4.49077406e+04  1.16591440e+02 -3.30495605e+04 
 1.25892541e+02  4.24342366e+04  1.25892541e+02 -3.37205444e+04 
 1.35935639e+02  3.98736202e+04  1.35935639e+02 -3.42135086e+04 
 1.46779927e+02  3.72527017e+04  1.46779927e+02 -3.45146564e+04 
 1.58489319e+02  3.46010024e+04  1.58489319e+02 -3.46153220e+04 
 1.71132830e+02  3.19494635e+04  1.71132830e+02 -3.45125682e+04 
 1.84784980e+02  2.93290188e+04  1.84784980e+02 -3.42093930e+04 
 1.99526231e+02  2.67691679e+04  1.99526231e+02 -3.37145185e+04 
 2.15443469e+02  2.42966874e+04  2.15443469e+02 -3.30417900e+04 
 2.32630507e+02  2.19345963e+04  2.32630507e+02 -3.22092591e+04 
 2.51188643e+02  1.97014501e+04  2.51188643e+02 -3.12380617e+04 
 2.71227258e+02  1.76109933e+04  2.71227258e+02 -3.01512122e+04 
 2.92864456e+02  1.56721530e+04  2.92864456e+02 -2.89724293e+04 
 3.16227766e+02  1.38893219e+04  3.16227766e+02 -2.77250887e+04 
 3.41454887e+02  1.22628563e+04  3.41454887e+02 -2.64313643e+04 
 3.68694506e+02  1.07897093e+04  3.68694506e+02 -2.51115876e+04 
 3.98107171e+02  9.46412212e+03  3.98107171e+02 -2.37838290e+04 
 4.29866235e+02  8.27831245e+03  4.29866235e+02 -2.24636783e+04 
 4.64158883e+02  7.22311202e+03  4.64158883e+02 -2.11641943e+04 
 5.01187234e+02  6.28852560e+03  5.01187234e+02 -1.98959822e+04 
 5.41169527e+02  5.46419636e+03  5.41169527e+02 -1.86673631e+04 
 5.84341413e+02  4.73977539e+03  5.84341413e+02 -1.74845997e+04 
 6.30957344e+02  4.10520045e+03  6.30957344e+02 -1.63521503e+04 
 6.81292069e+02  3.55089445e+03  6.81292069e+02 -1.52729302e+04 
 7.35642254e+02  3.06789590e+03  7.35642254e+02 -1.42485645e+04 
 7.94328235e+02  2.64793467e+03  7.94328235e+02 -1.32796226e+04 
 8.57695899e+02  2.28346506e+03  8.57695899e+02 -1.23658291e+04 
 9.26118728e+02  1.96766710e+03  9.26118728e+02 -1.15062480e+04 
 1.00000000e+03  1.69442529e+03  1.00000000e+03 -1.06994406e+04 
 1.07977516e+03  1.45829213e+03  1.07977516e+03 -9.94359822e+03 
 1.16591440e+03  1.25444223e+03  1.16591440e+03 -9.23665205e+03 
 1.25892541e+03  1.07862151e+03  1.25892541e+03 -8.57636222e+03 
 1.35935639e+03  9.27094596e+02  1.35935639e+03 -7.96038943e+03 
 1.46779927e+03  7.96592756e+02  1.46779927e+03 -7.38635143e+03 
 1.58489319e+03  6.84263927e+02  1.58489319e+03 -6.85186683e+03 
 1.71132830e+03  5.87625757e+02  1.71132830e+03 -6.35458849e+03 
 1.84784980e+03  5.04522249e+02  1.84784980e+03 -5.89222834e+03 
 1.99526231e+03  4.33084237e+02  1.99526231e+03 -5.46257529e+03 
 2.15443469e+03  3.71693724e+02  2.15443469e+03 -5.06350763e+03 
 2.32630507e+03  3.18951980e+02  2.32630507e+03 -4.69300107e+03 
 2.51188643e+03  2.73651194e+02  2.51188643e+03 -4.34913333e+03 
 2.71227258e+03  2.34749420e+02  2.71227258e+03 -4.03008610e+03 
 2.92864456e+03  2.01348542e+02  2.92864456e+03 -3.73414504e+03 
 3.16227766e+03  1.72674972e+02  3.16227766e+03 -3.45969816e+03 
 3.41454887e+03  1.48062785e+02  3.41454887e+03 -3.20523318e+03 
 3.68694506e+03  1.26939032e+02  3.68694506e+03 -2.96933414e+03 
 3.98107171e+03  1.08810981e+02  3.98107171e+03 -2.75067734e+03 
 4.29866235e+03  9.32550469e+01  4.29866235e+03 -2.54802709e+03 
 4.64158883e+03  7.99072071e+01  4.64158883e+03 -2.36023117e+03 
 5.01187234e+03  6.84547129e+01  5.01187234e+03 -2.18621628e+03 
 5.41169527e+03  5.86289330e+01  5.41169527e+03 -2.02498346e+03 
 5.84341413e+03  5.01991774e+01  5.84341413e+03 -1.87560363e+03 
 6.30957344e+03  4.29673736e+01  6.30957344e+03 -1.73721320e+03 
 6.81292069e+03  3.67634805e+01  6.81292069e+03 -1.60900990e+03 
 7.35642254e+03  3.14415404e+01  7.35642254e+03 -1.49024878e+03 
 7.94328235e+03  2.68762819e+01  7.94328235e+03 -1.38023832e+03 
 8.57695899e+03  2.29601986e+01  8.57695899e+03 -1.27833684e+03 
 9.26118728e+03  1.96010369e+01  9.26118728e+03 -1.18394911e+03 
 1.00000000e+04  1.67196378e+01  1.00000000e+04 -1.09652304e+03 
 1.07977516e+04  1.42480826e+01  1.07977516e+04 -1.01554673e+03 
 1.16591440e+04  1.21280991e+01  1.16591440e+04 -9.40545589e+02 
 1.25892541e+04  1.03096946e+01  1.25892541e+04 -8.71079702e+02 
 1.35935639e+04  8.74998035e+00  1.35935639e+04 -8.06741333e+02 
 1.46779927e+04  7.41216387e+00  1.46779927e+04 -7.47152620e+02 
 1.58489319e+04  6.26468299e+00  1.58489319e+04 -6.91963421e+02 
 1.71132830e+04  5.28046306e+00  1.71132830e+04 -6.40849305e+02 
 1.84784980e+04  4.43627940e+00  1.84784980e+04 -5.93509685e+02 
 1.99526231e+04  3.71221016e+00  1.99526231e+04 -5.49666079e+02 
 2.15443469e+04  3.09116691e+00  2.15443469e+04 -5.09060504e+02 
 2.32630507e+04  2.55849182e+00  2.32630507e+04 -4.71453972e+02 
 2.51188643e+04  2.10161211e+00  2.51188643e+04 -4.36625103e+02 
 2.71227258e+04  1.70974350e+00  2.71227258e+04 -4.04368832e+02 
 2.92864456e+04  1.37363594e+00  2.92864456e+04 -3.74495214e+02 
 3.16227766e+04  1.08535534e+00  3.16227766e+04 -3.46828310e+02 
 3.41454887e+04  8.38096433e-01  3.41454887e+04 -3.21205162e+02 
 3.68694506e+04  6.26022180e-01  3.68694506e+04 -2.97474834e+02 
 3.98107171e+04  4.44126052e-01  3.98107171e+04 -2.75497530e+02 
 4.29866235e+04  2.88113872e-01  4.29866235e+04 -2.55143772e+02 
 4.64158883e+04  1.54302473e-01  4.64158883e+04 -2.36293640e+02 
 5.01187234e+04  3.95327701e-02  5.01187234e+04 -2.18836065e+02 
 5.41169527e+04 -5.89048077e-02  5.41169527e+04 -2.02668184e+02 
 5.84341413e+04 -1.43334270e-01  5.84341413e+04 -1.87694723e+02 
 6.30957344e+04 -2.15748927e-01  6.30957344e+04 -1.73827450e+02 
 6.81292069e+04 -2.77858438e-01  6.81292069e+04 -1.60984645e+02 
 7.35642254e+04 -3.31129176e-01  7.35642254e+04 -1.49090624e+02 
 7.94328235e+04 -3.76818842e-01  7.94328235e+04 -1.38075294e+02 
 8.57695899e+04 -4.16006153e-01  8.57695899e+04 -1.27873740e+02 
 9.26118728e+04 -4.49616314e-01  9.26118728e+04 -1.18425838e+02 
 1.00000000e+05 -4.78442854e-01  1.00000000e+05 -1.09675908e+02 
 1.07977516e+05 -5.03166366e-01  1.07977516e+05 -1.01572384e+02 
 1.16591440e+05 -5.24370572e-01  1.16591440e+05 -9.40675055e+01 
 1.25892541e+05 -5.42556102e-01  1.25892541e+05 -8.71170425e+01 
 1.35935639e+05 -5.58152319e-01  1.35935639e+05 -8.06800313e+01 
 1.46779927e+05 -5.71527451e-01  1.46779927e+05 -7.47185341e+01 
 1.58489319e+05 -5.82997285e-01  1.58489319e+05 -6.91974157e+01 
 1.71132830e+05 -5.92832627e-01  1.71132830e+05 -6.40841361e+01 
 1.84784980e+05 -6.01265691e-01  1.84784980e+05 -5.93485587e+01 
 1.99526231e+05 -6.08495583e-01  1.99526231e+05 -5.49627732e+01 
 2.15443469e+05 -6.14693002e-01  2.15443469e+05 -5.09009307e+01 
 2.32630507e+05 -6.20004272e-01  2.32630507e+05 -4.71390915e+01 
 2.51188643e+05 -6.24554792e-01  2.51188643e+05 -4.36550839e+01 
 2.71227258e+05 -6.28452002e-01  2.71227258e+05 -4.04283739e+01 
 2.92864456e+05 -6.31787918e-01  2.92864456e+05 -3.74399437e+01 
 3.16227766e+05 -6.34641301e-01  3.16227766e+05 -3.46721801e+01 
 3.41454887e+05 -6.37079522e-01  3.41454887e+05 -3.21087703e+01 
 3.68694506e+05 -6.39160150e-01  3.68694506e+05 -2.97346059e+01 
 3.98107171e+05 -6.40932311e-01  3.98107171e+05 -2.75356941e+01 
 4.29866235e+05 -6.42437850e-01  4.29866235e+05 -2.54990748e+01 
 4.64158883e+05 -6.43712317e-01  4.64158883e+05 -2.36127445e+01 
 5.01187234e+05 -6.44785808e-01  5.01187234e+05 -2.18655855e+01 
 5.41169527e+05 -6.45683678e-01  5.41169527e+05 -2.02473006e+01 
 5.84341413e+05 -6.46427134e-01  5.84341413e+05 -1.87483518e+01 
 6.30957344e+05 -6.47033747e-01  6.30957344e+05 -1.73599048e+01 
 6.81292069e+05 -6.47517856e-01  6.81292069e+05 -1.60737764e+01 
 7.35642254e+05 -6.47890920e-01  7.35642254e+05 -1.48823869e+01 
 7.94328235e+05 -6.48161783e-01  7.94328235e+05 -1.37787148e+01 
 8.57695899e+05 -6.48336889e-01  8.57695899e+05 -1.27562556e+01 
 9.26118728e+05 -6.48420441e-01  9.26118728e+05 -1.18089838e+01 
 1.00000000e+06 -6.48414503e-01  1.00000000e+06 -1.09313173e+01 
 1.07977516e+06 -6.48319058e-01  1.07977516e+06 -1.01180842e+01 
 1.16591440e+06 -6.48132022e-01  1.16591440e+06 -9.36449302e+00 
 1.25892541e+06 -6.47849206e-01  1.25892541e+06 -8.66610380e+00 
 1.35935639e+06 -6.47464243e-01  1.35935639e+06 -8.01880259e+00 
 1.46779927e+06 -6.46968464e-01  1.46779927e+06 -7.41877707e+00 
 1.58489319e+06 -6.46350730e-01  1.58489319e+06 -6.86249426e+00 
 1.71132830e+06 -6.45597227e-01  1.71132830e+06 -6.34667989e+00 
 1.84784980e+06 -6.44691203e-01  1.84784980e+06 -5.86829930e+00 
 1.99526231e+06 -6.43612674e-01  1.99526231e+06 -5.42453984e+00 
 2.15443469e+06 -6.42338073e-01  2.15443469e+06 -5.01279463e+00 
 2.32630507e+06 -6.40839866e-01  2.32630507e+06 -4.63064757e+00 
 2.51188643e+06 -6.39086129e-01  2.51188643e+06 -4.27585964e+00 
 2.71227258e+06 -6.37040094e-01  2.71227258e+06 -3.94635628e+00 
 2.92864456e+06 -6.34659681e-01  2.92864456e+06 -3.64021595e+00 
 3.16227766e+06 -6.31897034e-01  3.16227766e+06 -3.35565962e+00 
 3.41454887e+06 -6.28698083e-01  3.41454887e+06 -3.09104138e+00 
 3.68694506e+06 -6.25002175e-01  3.68694506e+06 -2.84483998e+00 
 3.98107171e+06 -6.20741826e-01  3.98107171e+06 -2.61565131e+00 
 4.29866235e+06 -6.15842637e-01  4.29866235e+06 -2.40218175e+00 
 4.64158883e+06 -6.10223490e-01  4.64158883e+06 -2.20324246e+00 
 5.01187234e+06 -6.03797077e-01  5.01187234e+06 -2.01774440e+00 
 5.41169527e+06 -5.96470910e-01  5.41169527e+06 -1.84469407e+00 
 5.84341413e+06 -5.88148906e-01  5.84341413e+06 -1.68318992e+00 
 6.30957344e+06 -5.78733681e-01  6.30957344e+06 -1.53241914e+00 
 6.81292069e+06 -5.68129659e-01  6.81292069e+06 -1.39165473e+00 
 7.35642254e+06 -5.56247066e-01  7.35642254e+06 -1.26025252e+00 
 7.94328235e+06 -5.43006825e-01  7.94328235e+06 -1.13764786e+00 
 8.57695899e+06 -5.28346258e-01  8.57695899e+06 -1.02335152e+00 
 9.26118728e+06 -5.12225396e-01  9.26118728e+06 -9.16944538e-01 
 1.00000000e+07 -4.94633522e-01  1.00000000e+07 -8.18071565e-01 
 1.07977516e+07 -4.75595423e-01  1.07977516e+07 -7.26432423e-01 
 1.16591440e+07 -4.55176689e-01  1.16591440e+07 -6.41771859e-01 
 1.25892541e+07 -4.33487306e-01  1.25892541e+07 -5.63867575e-01 
 1.35935639e+07 -4.10682798e-01  1.35935639e+07 -4.92517007e-01 
 1.46779927e+07 -3.86962346e-01  1.46779927e+07 -4.27523593e-01 
 1.58489319e+07 -3.62563559e-01  1.58489319e+07 -3.68683532e-01 
 1.71132830e+07 -3.37753982e-01  1.71132830e+07 -3.15774169e-01 
 1.84784980e+07 -3.12819885e-01  1.84784980e+07 -2.68545089e-01 
 1.99526231e+07 -2.88053253e-01  1.99526231e+07 -2.26712777e-01 
 2.15443469e+07 -2.63738225e-01  2.15443469e+07 -1.89959271e-01 
 2.32630507e+07 -2.40138294e-01  2.32630507e+07 -1.57934793e-01 
 2.51188643e+07 -2.17485455e-01  2.51188643e+07 -1.30263777e-01 
 2.71227258e+07 -1.95972201e-01  2.71227258e+07 -1.06553425e-01 
 2.92864456e+07 -1.75746810e-01  2.92864456e+07 -8.64036158e-02 
 3.16227766e+07 -1.56911959e-01  3.16227766e+07 -6.94170703e-02 
 3.41454887e+07 -1.39526296e-01  3.41454887e+07 -5.52087453e-02 
 3.68694506e+07 -1.23608333e-01  3.68694506e+07 -4.34137564e-02 
 3.98107171e+07 -1.09141951e-01  3.98107171e+07 -3.36934000e-02 
 4.29866235e+07 -9.60827264e-02  4.29866235e+07 -2.57391502e-02 
 4.64158883e+07 -8.43644794e-02  4.64158883e+07 -1.92747350e-02 
 5.01187234e+07 -7.39055056e-02  5.01187234e+07 -1.40565540e-02 
 5.41169527e+07 -6.46141746e-02  5.41169527e+07 -9.87277865e-03 
 5.84341413e+07 -5.63936955e-02  5.84341413e+07 -6.54149704e-03 
 6.30957344e+07 -4.91459868e-02  6.30957344e+07 -3.90824014e-03 
 6.81292069e+07 -4.27746721e-02  6.81292069e+07 -1.84317377e-03 
 7.35642254e+07 -3.71872819e-02  7.35642254e+07 -2.38181162e-04 
 7.94328235e+07 -3.22967734e-02  7.94328235e+07  9.96001285e-04 
 8.57695899e+07 -2.80224880e-02  8.57695899e+07  1.93248670e-03 
 9.26118728e+07 -2.42906647e-02  9.26118728e+07  2.63071532e-03 
 1.00000000e+08 -2.10346149e-02  1.00000000e+08  3.13867716e-03 
 1.07977516e+08 -1.81946451e-02  1.07977516e+08  3.49487414e-03 
 1.16591440e+08 -1.57178010e-02  1.16591440e+08  3.73003100e-03 
 1.25892541e+08 -1.35574855e-02  1.25892541e+08  3.86857254e-03 
 1.35935639e+08 -1.16729930e-02  1.35935639e+08  3.92988779e-03 
 1.46779927e+08 -1.00289889e-02  1.46779927e+08  3.92940107e-03 
 1.58489319e+08 -8.59495728e-03  1.58489319e+08  3.87946745e-03 
 1.71132830e+08 -7.34463531e-03  1.71132830e+08  3.79010752e-03 
 1.84784980e+08 -6.25545017e-03  1.84784980e+08  3.66959425e-03 
 1.99526231e+08 -5.30797532e-03  1.99526231e+08  3.52490423e-03 
 2.15443469e+08 -4.48542104e-03  2.15443469e+08  3.36204678e-03 
 2.32630507e+08 -3.77317395e-03  2.32630507e+08  3.18628672e-03 
 2.51188643e+08 -3.15839721e-03  2.51188643e+08  3.00227954e-03 
 2.71227258e+08 -2.62969918e-03  2.71227258e+08  2.81413975e-03 
 2.92864456e+08 -2.17687263e-03  2.92864456e+08  2.62546436e-03 
 3.16227766e+08 -1.79070156e-03  3.16227766e+08  2.43933209e-03 
 3.41454887e+08 -1.46282690e-03  3.41454887e+08  2.25829610e-03 
 3.68694506e+08 -1.18565962e-03  3.68694506e+08  2.08438351e-03 
 3.98107171e+08 -9.52327305e-04  3.98107171e+08  1.91910968e-03 
 4.29866235e+08 -7.56641189e-04  4.29866235e+08  1.76351027e-03 
 4.64158883e+08 -5.93071904e-04  4.64158883e+08  1.61818977e-03 
 5.01187234e+08 -4.56725610e-04  5.01187234e+08  1.48338237e-03 
 5.41169527e+08 -3.43315095e-04  5.41169527e+08  1.35901948e-03 
 5.84341413e+08 -2.49123593e-04  5.84341413e+08  1.24479848e-03 
 6.30957344e+08 -1.70961393e-04  6.30957344e+08  1.14024748e-03 
 6.81292069e+08 -1.06116906e-04  6.81292069e+08  1.04478296e-03 
 7.35642254e+08 -5.23045711e-05  7.35642254e+08  9.57758018e-04 
 7.94328235e+08 -7.61216073e-06  7.94328235e+08  8.78500772e-04 
 8.57695899e+08  2.95502950e-05  8.57695899e+08  8.06343122e-04 
 9.26118728e+08  6.04982635e-05  9.26118728e+08  7.40641038e-04 
 1.00000000e+09  8.63160317e-05  1.00000000e+09  6.80787716e-04 
 1.07977516e+09  1.07895029e-04  1.07977516e+09  6.26221096e-04 
 1.16591440e+09  1.25967028e-04  1.16591440e+09  5.76427155e-04 
 1.25892541e+09  1.41132417e-04  1.25892541e+09  5.30940194e-04 
 1.35935639e+09  1.53883932e-04  1.35935639e+09  4.89341115e-04 
 1.46779927e+09  1.64626367e-04  1.46779927e+09  4.51254471e-04 
 1.58489319e+09  1.73692792e-04  1.58489319e+09  4.16344873e-04 
 1.71132830e+09  1.81357808e-04  1.71132830e+09  3.84313128e-04 
 1.84784980e+09  1.87848334e-04  1.84784980e+09  3.54892419e-04 
 1.99526231e+09  1.93352363e-04  1.99526231e+09  3.27844658e-04 
 2.15443469e+09  1.98026044e-04  2.15443469e+09  3.02957130e-04 
 2.32630507e+09  2.01999422e-04  2.32630507e+09  2.80039457e-04 
 2.51188643e+09  2.05381084e-04  2.51188643e+09  2.58920903e-04 
 2.71227258e+09  2.08261932e-04  2.71227258e+09  2.39447998e-04 
 2.92864456e+09  2.10718246e-04  2.92864456e+09  2.21482462e-04 
 3.16227766e+09  2.12814185e-04  3.16227766e+09  2.04899405e-04 
 3.41454887e+09  2.14603821e-04  3.41454887e+09  1.89585761e-04 
 3.68694506e+09  2.16132823e-04  3.68694506e+09  1.75438938e-04 
 3.98107171e+09  2.17439825e-04  3.98107171e+09  1.62365643e-04 
 4.29866235e+09  2.18557566e-04  4.29866235e+09  1.50280873e-04 
 4.64158883e+09  2.19513830e-04  4.64158883e+09  1.39107031e-04 
 5.01187234e+09  2.20332228e-04  5.01187234e+09  1.28773164e-04 
 5.41169527e+09  2.21032844e-04  5.41169527e+09  1.19214288e-04 
 5.84341413e+09  2.21632785e-04  5.84341413e+09  1.10370811e-04 
 6.30957344e+09  2.22146633e-04  6.30957344e+09  1.02188012e-04 
 6.81292069e+09  2.22586828e-04  6.81292069e+09  9.46155907e-05 
 7.35642254e+09  2.22963990e-04  7.35642254e+09  8.76072638e-05 
 7.94328235e+09  2.23287193e-04  7.94328235e+09  8.11204095e-05 
 8.57695899e+09  2.23564190e-04  8.57695899e+09  7.51157468e-05 
 9.26118728e+09  2.23801612e-04  9.26118728e+09  6.95570505e-05 
 1.00000000e+10  2.24005134e-04  1.00000000e+10  6.44108942e-05 
