 1.00000000e+00  6.92013172e+04  1.00000000e+00 -6.53071378e+02 
 1.07977516e+00  6.92002948e+04  1.07977516e+00 -7.05159834e+02 
 1.16591440e+00  6.91991027e+04  1.16591440e+00 -7.61400959e+02 
 1.25892541e+00  6.91977130e+04  1.25892541e+00 -8.22125332e+02 
 1.35935639e+00  6.91960927e+04  1.35935639e+00 -8.87689728e+02 
 1.46779927e+00  6.91942036e+04  1.46779927e+00 -9.58479153e+02 
 1.58489319e+00  6.91920013e+04  1.58489319e+00 -1.03490904e+03 
 1.71132830e+00  6.91894338e+04  1.71132830e+00 -1.11742761e+03 
 1.84784980e+00  6.91864405e+04  1.84784980e+00 -1.20651839e+03 
 1.99526231e+00  6.91829509e+04  1.99526231e+00 -1.30270288e+03 
 2.15443469e+00  6.91788828e+04  2.15443469e+00 -1.40654350e+03 
 2.32630507e+00  6.91741403e+04  2.32630507e+00 -1.51864662e+03 
 2.51188643e+00  6.91686118e+04  2.51188643e+00 -1.63966585e+03 
 2.71227258e+00  6.91621672e+04  2.71227258e+00 -1.77030550e+03 
 2.92864456e+00  6.91546548e+04  2.92864456e+00 -1.91132428e+03 
 3.16227766e+00  6.91458981e+04  3.16227766e+00 -2.06353915e+03 
 3.41454887e+00  6.91356913e+04  3.41454887e+00 -2.22782942e+03 
 3.68694506e+00  6.91237949e+04  3.68694506e+00 -2.40514095e+03 
 3.98107171e+00  6.91099298e+04  3.98107171e+00 -2.59649054e+03 
 4.29866235e+00  6.90937714e+04  4.29866235e+00 -2.80297049e+03 
 4.64158883e+00  6.90749415e+04  4.64158883e+00 -3.02575311e+03 
 5.01187234e+00  6.90530005e+04  5.01187234e+00 -3.26609528e+03 
 5.41169527e+00  6.90274367e+04  5.41169527e+00 -3.52534299e+03 
 5.84341413e+00  6.89976555e+04  5.84341413e+00 -3.80493550e+03 
 6.30957344e+00  6.89629655e+04  6.30957344e+00 -4.10640924e+03 
 6.81292069e+00  6.89225640e+04  6.81292069e+00 -4.43140109e+03 
 7.35642254e+00  6.88755190e+04  7.35642254e+00 -4.78165078e+03 
 7.94328235e+00  6.88207496e+04  7.94328235e+00 -5.15900211e+03 
 8.57695899e+00  6.87570030e+04  8.57695899e+00 -5.56540253e+03 
 9.26118728e+00  6.86828289e+04  9.26118728e+00 -6.00290063e+03 
 1.00000000e+01  6.85965500e+04  1.00000000e+01 -6.47364070e+03 
 1.07977516e+01  6.84962296e+04  1.07977516e+01 -6.97985373e+03 
 1.16591440e+01  6.83796344e+04  1.16591440e+01 -7.52384376e+03 
 1.25892541e+01  6.82441946e+04  1.25892541e+01 -8.10796838e+03 
 1.35935639e+01  6.80869592e+04  1.35935639e+01 -8.73461191e+03 
 1.46779927e+01  6.79045486e+04  1.46779927e+01 -9.40614963e+03 
 1.58489319e+01  6.76931038e+04  1.58489319e+01 -1.01249010e+04 
 1.71132830e+01  6.74482337e+04  1.71132830e+01 -1.08930698e+04 
 1.84784980e+01  6.71649637e+04  1.84784980e+01 -1.17126681e+04 
 1.99526231e+01  6.68376846e+04  1.99526231e+01 -1.25854225e+04 
 2.15443469e+01  6.64601097e+04  2.15443469e+01 -1.35126587e+04 
 2.32630507e+01  6.60252407e+04  2.32630507e+01 -1.44951629e+04 
 2.51188643e+01  6.55253518e+04  2.51188643e+01 -1.55330174e+04 
 2.71227258e+01  6.49519980e+04  2.71227258e+01 -1.66254093e+04 
 2.92864456e+01  6.42960575e+04  2.92864456e+01 -1.77704138e+04 
 3.16227766e+01  6.35478203e+04  3.16227766e+01 -1.89647547e+04 
 3.41454887e+01  6.26971341e+04  3.41454887e+01 -2.02035479e+04 
 3.68694506e+01  6.17336217e+04  3.68694506e+01 -2.14800405e+04 
 3.98107171e+01  6.06469820e+04  3.98107171e+01 -2.27853619e+04 
 4.29866235e+01  5.94273826e+04  4.29866235e+01 -2.41083088e+04 
 4.64158883e+01  5.80659492e+04  4.64158883e+01 -2.54351963e+04 
 5.01187234e+01  5.65553464e+04  5.01187234e+01 -2.67498077e+04 
 5.41169527e+01  5.48904305e+04  5.41169527e+01 -2.80334847e+04 
 5.84341413e+01  5.30689438e+04  5.84341413e+01 -2.92653932e+04 
 6.30957344e+01  5.10921977e+04  6.30957344e+01 -3.04229971e+04 
 6.81292069e+01  4.89656788e+04  6.81292069e+01 -3.14827537e+04 
 7.35642254e+01  4.66995010e+04  7.35642254e+01 -3.24210236e+04 
 7.94328235e+01  4.43086221e+04  7.94328235e+01 -3.32151574e+04 
 8.57695899e+01  4.18127556e+04  8.57695899e+01 -3.38446860e+04 
 9.26118728e+01  3.92359337e+04  9.26118728e+01 -3.42925175e+04 
 1.00000000e+02  3.66057147e+04  1.00000000e+02 -3.45460186e+04 
 1.07977516e+02  3.39520760e+04  1.07977516e+02 -3.45978608e+04 
 1.16591440e+02  3.13060795e+04  1.16591440e+02 -3.44465297e+04 
 1.25892541e+02  2.86984316e+04  1.25892541e+02 -3.40964313e+04 
 1.35935639e+02  2.61580782e+04  1.35935639e+02 -3.35575829e+04 
 1.46779927e+02  2.37109680e+04  1.46779927e+02 -3.28449285e+04 
 1.58489319e+02  2.13790918e+04  1.58489319e+02 -3.19773617e+04 
 1.71132830e+02  1.91798623e+04  1.71132830e+02 -3.09765733e+04 
 1.84784980e+02  1.71258517e+04  1.84784980e+02 -2.98658425e+04 
 1.99526231e+02  1.52248603e+04  1.99526231e+02 -2.86688875e+04 
 2.15443469e+02  1.34802584e+04  2.15443469e+02 -2.74088580e+04 
 2.32630507e+02  1.18915242e+04  2.32630507e+02 -2.61075282e+04 
 2.51188643e+02  1.04548968e+04  2.51188643e+02 -2.47847104e+04 
 2.71227258e+02  9.16407211e+03  2.71227258e+02 -2.34578866e+04 
 2.92864456e+02  8.01088196e+03  2.92864456e+02 -2.21420331e+04 
 3.16227766e+02  6.98591503e+03  3.16227766e+02 -2.08496041e+04 
 3.41454887e+02  6.07905373e+03  3.41454887e+02 -1.95906350e+04 
 3.68694506e+02  5.27991639e+03  3.68694506e+02 -1.83729278e+04 
 3.98107171e+02  4.57820410e+03  3.98107171e+02 -1.72022864e+04 
 4.29866235e+02  3.96395906e+03  4.29866235e+02 -1.60827733e+04 
 4.64158883e+02  3.42774547e+03  4.64158883e+02 -1.50169707e+04 
 5.01187234e+02  2.96076566e+03  5.01187234e+02 -1.40062291e+04 
 5.41169527e+02  2.55492447e+03  5.41169527e+02 -1.30508968e+04 
 5.84341413e+02  2.20285376e+03  5.84341413e+02 -1.21505239e+04 
 6.30957344e+02  1.89790753e+03  6.30957344e+02 -1.13040407e+04 
 6.81292069e+02  1.63413643e+03  6.81292069e+02 -1.05099090e+04 
 7.35642254e+02  1.40624851e+03  7.35642254e+02 -9.76624910e+03 
 7.94328235e+02  1.20956188e+03  7.94328235e+02 -9.07094425e+03 
 8.57695899e+02  1.03995318e+03  8.57695899e+02 -8.42172558e+03 
 9.26118728e+02  8.93804970e+02  9.26118728e+02 -7.81623960e+03 
 1.00000000e+03  7.67954082e+02  1.00000000e+03 -7.25210149e+03 
 1.07977516e+03  6.59642293e+02  1.07977516e+03 -6.72693617e+03 
 1.16591440e+03  5.66470226e+02  1.16591440e+03 -6.23840947e+03 
 1.25892541e+03  4.86354907e+02  1.25892541e+03 -5.78425114e+03 
 1.35935639e+03  4.17491187e+02  1.35935639e+03 -5.36227132e+03 
 1.46779927e+03  3.58317012e+02  1.46779927e+03 -4.97037180e+03 
 1.58489319e+03  3.07482400e+02  1.58489319e+03 -4.60655313e+03 
 1.71132830e+03  2.63821921e+02  1.71132830e+03 -4.26891853e+03 
 1.84784980e+03  2.26330400e+02  1.84784980e+03 -3.95567532e+03 
 1.99526231e+03  1.94141576e+02  1.99526231e+03 -3.66513446e+03 
 2.15443469e+03  1.66509412e+02  2.15443469e+03 -3.39570871e+03 
 2.32630507e+03  1.42791784e+02  2.32630507e+03 -3.14590976e+03 
 2.51188643e+03  1.22436286e+02  2.51188643e+03 -2.91434463e+03 
 2.71227258e+03  1.04967897e+02  2.71227258e+03 -2.69971159e+03 
 2.92864456e+03  8.99782925e+01  2.92864456e+03 -2.50079580e+03 
 3.16227766e+03  7.71165884e+01  3.16227766e+03 -2.31646479e+03 
 3.41454887e+03  6.60813435e+01  3.41454887e+03 -2.14566387e+03 
 3.68694506e+03  5.66136521e+01  3.68694506e+03 -1.98741158e+03 
 3.98107171e+03  4.84911861e+01  3.98107171e+03 -1.84079526e+03 
 4.29866235e+03  4.15230600e+01  4.29866235e+03 -1.70496671e+03 
 4.64158883e+03  3.55454081e+01  4.64158883e+03 -1.57913805e+03 
 5.01187234e+03  3.04175774e+01  5.01187234e+03 -1.46257771e+03 
 5.41169527e+03  2.60188523e+01  5.41169527e+03 -1.35460671e+03 
 5.84341413e+03  2.22456382e+01  5.84341413e+03 -1.25459504e+03 
 6.30957344e+03  1.90090400e+01  6.30957344e+03 -1.16195829e+03 
 6.81292069e+03  1.62327817e+01  6.81292069e+03 -1.07615449e+03 
 7.35642254e+03  1.38514189e+01  7.35642254e+03 -9.96681092e+02 
 7.94328235e+03  1.18088031e+01  7.94328235e+03 -9.23072238e+02 
 8.57695899e+03  1.00567639e+01  8.57695899e+03 -8.54896093e+02 
 9.26118728e+03  8.55397642e+00  9.26118728e+03 -7.91752435e+02 
 1.00000000e+04  7.26498974e+00  1.00000000e+04 -7.33270371e+02 
 1.07977516e+04  6.15939290e+00  1.07977516e+04 -6.79106224e+02 
 1.16591440e+04  5.21109889e+00  1.16591440e+04 -6.28941558e+02 
 1.25892541e+04  4.39773032e+00  1.25892541e+04 -5.82481344e+02 
 1.35935639e+04  3.70009221e+00  1.35935639e+04 -5.39452258e+02 
 1.46779927e+04  3.10171967e+00  1.46779927e+04 -4.99601092e+02 
 1.58489319e+04  2.58848978e+00  1.58489319e+04 -4.62693287e+02 
 1.71132830e+04  2.14828856e+00  1.71132830e+04 -4.28511566e+02 
 1.84784980e+04  1.77072535e+00  1.84784980e+04 -3.96854668e+02 
 1.99526231e+04  1.44688768e+00  1.99526231e+04 -3.67536169e+02 
 2.15443469e+04  1.16913106e+00  2.15443469e+04 -3.40383398e+02 
 2.32630507e+04  9.30898608e-01  2.32630507e+04 -3.15236418e+02 
 2.51188643e+04  7.26566354e-01  2.51188643e+04 -2.91947098e+02 
 2.71227258e+04  5.51310513e-01  2.71227258e+04 -2.70378237e+02 
 2.92864456e+04  4.00993655e-01  2.92864456e+04 -2.50402759e+02 
 3.16227766e+04  2.72067059e-01  3.16227766e+04 -2.31902973e+02 
 3.41454887e+04  1.61486953e-01  3.41454887e+04 -2.14769874e+02 
 3.68694506e+04  6.66426711e-02  3.68694506e+04 -1.98902507e+02 
 3.98107171e+04 -1.47049661e-02  3.98107171e+04 -1.84207372e+02 
 4.29866235e+04 -8.44765122e-02  4.29866235e+04 -1.70597873e+02 
 4.64158883e+04 -1.44319229e-01  4.64158883e+04 -1.57993811e+02 
 5.01187234e+04 -1.95645972e-01  5.01187234e+04 -1.46320907e+02 
 5.41169527e+04 -2.39668546e-01  5.41169527e+04 -1.35510372e+02 
 5.84341413e+04 -2.77426311e-01  5.84341413e+04 -1.25498496e+02 
 6.30957344e+04 -3.09810720e-01  6.30957344e+04 -1.16226275e+02 
 6.81292069e+04 -3.37586365e-01  6.81292069e+04 -1.07639063e+02 
 7.35642254e+04 -3.61409026e-01  7.35642254e+04 -9.96862511e+01 
 7.94328235e+04 -3.81841156e-01  7.94328235e+04 -9.23209696e+01 
 8.57695899e+04 -3.99365157e-01  8.57695899e+04 -8.54998101e+01 
 9.26118728e+04 -4.14394774e-01  9.26118728e+04 -7.91825708e+01 
 1.00000000e+05 -4.27284856e-01  1.00000000e+05 -7.33320201e+01 
 1.07977516e+05 -4.38339741e-01  1.07977516e+05 -6.79136763e+01 
 1.16591440e+05 -4.47820434e-01  1.16591440e+05 -6.28956053e+01 
 1.25892541e+05 -4.55950779e-01  1.25892541e+05 -5.82482315e+01 
 1.35935639e+05 -4.62922732e-01  1.35935639e+05 -5.39441646e+01 
 1.46779927e+05 -4.68900904e-01  1.46779927e+05 -4.99580371e+01 
 1.58489319e+05 -4.74026441e-01  1.58489319e+05 -4.62663556e+01 
 1.71132830e+05 -4.78420358e-01  1.71132830e+05 -4.28473619e+01 
 1.84784980e+05 -4.82186396e-01  1.84784980e+05 -3.96809052e+01 
 1.99526231e+05 -4.85413474e-01  1.99526231e+05 -3.67483228e+01 
 2.15443469e+05 -4.88177782e-01  2.15443469e+05 -3.40323305e+01 
 2.32630507e+05 -4.90544588e-01  2.32630507e+05 -3.15169208e+01 
 2.51188643e+05 -4.92569772e-01  2.51188643e+05 -2.91872681e+01 
 2.71227258e+05 -4.94301151e-01  2.71227258e+05 -2.70296418e+01 
 2.92864456e+05 -4.95779605e-01  2.92864456e+05 -2.50313252e+01 
 3.16227766e+05 -4.97040039e-01  3.16227766e+05 -2.31805404e+01 
 3.41454887e+05 -4.98112216e-01  3.41454887e+05 -2.14663793e+01 
 3.68694506e+05 -4.99021452e-01  3.68694506e+05 -1.98787388e+01 
 3.98107171e+05 -4.99789217e-01  3.98107171e+05 -1.84082617e+01 
 4.29866235e+05 -5.00433643e-01  4.29866235e+05 -1.70462812e+01 
 4.64158883e+05 -5.00969948e-01  4.64158883e+05 -1.57847700e+01 
 5.01187234e+05 -5.01410804e-01  5.01187234e+05 -1.46162931e+01 
 5.41169527e+05 -5.01766627e-01  5.41169527e+05 -1.35339637e+01 
 5.84341413e+05 -5.02045834e-01  5.84341413e+05 -1.25314030e+01 
 6.30957344e+05 -5.02255033e-01  6.30957344e+05 -1.16027022e+01 
 6.81292069e+05 -5.02399188e-01  6.81292069e+05 -1.07423880e+01 
 7.35642254e+05 -5.02481735e-01  7.35642254e+05 -9.94539012e+00 
 7.94328235e+05 -5.02504669e-01  7.94328235e+05 -9.20701170e+00 
 8.57695899e+05 -5.02468592e-01  8.57695899e+05 -8.52290141e+00 
 9.26118728e+05 -5.02372734e-01  9.26118728e+05 -7.88902799e+00 
 1.00000000e+06 -5.02214945e-01  1.00000000e+06 -7.30165642e+00 
 1.07977516e+06 -5.01991650e-01  1.07977516e+06 -6.75732603e+00 
 1.16591440e+06 -5.01697783e-01  1.16591440e+06 -6.25283015e+00 
 1.25892541e+06 -5.01326686e-01  1.25892541e+06 -5.78519727e+00 
 1.35935639e+06 -5.00869975e-01  1.35935639e+06 -5.35167365e+00 
 1.46779927e+06 -5.00317379e-01  1.46779927e+06 -4.94970719e+00 
 1.58489319e+06 -4.99656544e-01  1.58489319e+06 -4.57693255e+00 
 1.71132830e+06 -4.98872803e-01  1.71132830e+06 -4.23115740e+00 
 1.84784980e+06 -4.97948919e-01  1.84784980e+06 -3.91034973e+00 
 1.99526231e+06 -4.96864786e-01  1.99526231e+06 -3.61262616e+00 
 2.15443469e+06 -4.95597110e-01  2.15443469e+06 -3.33624119e+00 
 2.32630507e+06 -4.94119059e-01  2.32630507e+06 -3.07957734e+00 
 2.51188643e+06 -4.92399900e-01  2.51188643e+06 -2.84113612e+00 
 2.71227258e+06 -4.90404630e-01  2.71227258e+06 -2.61952985e+00 
 2.92864456e+06 -4.88093618e-01  2.92864456e+06 -2.41347423e+00 
 3.16227766e+06 -4.85422284e-01  3.16227766e+06 -2.22178163e+00 
 3.41454887e+06 -4.82340851e-01  3.41454887e+06 -2.04335517e+00 
 3.68694506e+06 -4.78794203e-01  3.68694506e+06 -1.87718340e+00 
 3.98107171e+06 -4.74721924e-01  3.98107171e+06 -1.72233579e+00 
 4.29866235e+06 -4.70058556e-01  4.29866235e+06 -1.57795868e+00 
 4.64158883e+06 -4.64734190e-01  4.64158883e+06 -1.44327196e+00 
 5.01187234e+06 -4.58675451e-01  5.01187234e+06 -1.31756616e+00 
 5.41169527e+06 -4.51806990e-01  5.41169527e+06 -1.20019999e+00 
 5.84341413e+06 -4.44053566e-01  5.84341413e+06 -1.09059809e+00 
 6.30957344e+06 -4.35342792e-01  6.30957344e+06 -9.88248953e-01 
 6.81292069e+06 -4.25608584e-01  6.81292069e+06 -8.92702604e-01 
 7.35642254e+06 -4.14795280e-01  7.35642254e+06 -8.03567881e-01 
 7.94328235e+06 -4.02862323e-01  7.94328235e+06 -7.20509004e-01 
 8.57695899e+06 -3.89789296e-01  8.57695899e+06 -6.43241114e-01 
 9.26118728e+06 -3.75580937e-01  9.26118728e+06 -5.71524536e-01 
 1.00000000e+07 -3.60271700e-01  1.00000000e+07 -5.05157624e-01 
 1.07977516e+07 -3.43929283e-01  1.07977516e+07 -4.43968189e-01 
 1.16591440e+07 -3.26656545e-01  1.16591440e+07 -3.87803752e-01 
 1.25892541e+07 -3.08591276e-01  1.25892541e+07 -3.36521060e-01 
 1.35935639e+07 -2.89903466e-01  1.35935639e+07 -2.89975580e-01 
 1.46779927e+07 -2.70789970e-01  1.46779927e+07 -2.48011793e-01 
 1.58489319e+07 -2.51466795e-01  1.58489319e+07 -2.10455173e-01 
 1.71132830e+07 -2.32159615e-01  1.71132830e+07 -1.77106630e-01 
 1.84784980e+07 -2.13093328e-01  1.84784980e+07 -1.47739923e-01 
 1.99526231e+07 -1.94481711e-01  1.99526231e+07 -1.22102210e-01 
 2.15443469e+07 -1.76518125e-01  2.15443469e+07 -9.99175026e-02 
 2.32630507e+07 -1.59368128e-01  2.32630507e+07 -8.08924520e-02 
 2.51188643e+07 -1.43164503e-01  2.51188643e+07 -6.47236486e-02 
 2.71227258e+07 -1.28004900e-01  2.71227258e+07 -5.11055440e-02 
 2.92864456e+07 -1.13951945e-01  2.92864456e+07 -3.97381505e-02 
 3.16227766e+07 -1.01035419e-01  3.16227766e+07 -3.03338448e-02 
 3.41454887e+07 -8.92559735e-02  3.41454887e+07 -2.26228306e-02 
 3.68694506e+07 -7.85897836e-02  3.68694506e+07 -1.63570512e-02 
 3.98107171e+07 -6.89935970e-02  3.98107171e+07 -1.13125504e-02 
 4.29866235e+07 -6.04097304e-02  4.29866235e+07 -7.29042905e-03 
 4.64158883e+07 -5.27706833e-02  4.64158883e+07 -4.11664010e-03 
 5.01187234e+07 -4.60031673e-02  5.01187234e+07 -1.64089977e-03 
 5.41169527e+07 -4.00314531e-02  5.41169527e+07  2.65010348e-04 
 5.84341413e+07 -3.47800206e-02  5.84341413e+07  1.70930631e-03 
 6.30957344e+07 -3.01755554e-02  6.30957344e+07  2.78243077e-03 
 6.81292069e+07 -2.61483679e-02  6.81292069e+07  3.55929673e-03 
 7.35642254e+07 -2.26333260e-02  7.35642254e+07  4.10144025e-03 
 7.94328235e+07 -1.95703984e-02  7.94328235e+07  4.45901502e-03 
 8.57695899e+07 -1.69048947e-02  8.57695899e+07  4.67259244e-03 
 9.26118728e+07 -1.45874805e-02  9.26118728e+07  4.77475354e-03 
 1.00000000e+08 -1.25740329e-02  1.00000000e+08  4.79147511e-03 
 1.07977516e+08 -1.08253867e-02  1.07977516e+08  4.74332213e-03 
 1.16591440e+08 -9.30701124e-03  1.16591440e+08  4.64646415e-03 
 1.25892541e+08 -7.98864756e-03  1.25892541e+08  4.51353529e-03 
 1.35935639e+08 -6.84392484e-03  1.35935639e+08  4.35435718e-03 
 1.46779927e+08 -5.84997180e-03  1.46779927e+08  4.17654232e-03 
 1.58489319e+08 -4.98703189e-03  1.58489319e+08  3.98599319e-03 
 1.71132830e+08 -4.23808949e-03  1.71132830e+08  3.78730953e-03 
 1.84784980e+08 -3.58851271e-03  1.84784980e+08  3.58411429e-03 
 1.99526231e+08 -3.02571775e-03  1.99526231e+08  3.37930768e-03 
 2.15443469e+08 -2.53885945e-03  2.15443469e+08  3.17525753e-03 
 2.32630507e+08 -2.11855250e-03  2.32630507e+08  2.97393501e-03 
 2.51188643e+08 -1.75662685e-03  2.51188643e+08  2.77700453e-03 
 2.71227258e+08 -1.44591952e-03  2.71227258e+08  2.58587777e-03 
 2.92864456e+08 -1.18010334e-03  2.92864456e+08  2.40174135e-03 
 3.16227766e+08 -9.53551294e-04  3.16227766e+08  2.22556769e-03 
 3.41454887e+08 -7.61232984e-04  3.41454887e+08  2.05811748e-03 
 3.68694506e+08 -5.98638472e-04  3.68694506e+08  1.89994038e-03 
 3.98107171e+08 -4.61723694e-04  3.98107171e+08  1.75137903e-03 
 4.29866235e+08 -3.46871358e-04  4.29866235e+08  1.61257899e-03 
 4.64158883e+08 -2.50861645e-04  4.64158883e+08  1.48350551e-03 
 5.01187234e+08 -1.70847909e-04  5.01187234e+08  1.36396644e-03 
 5.41169527e+08 -1.04333834e-04  5.41169527e+08  1.25363953e-03 
 5.84341413e+08 -4.91497949e-05  5.84341413e+08  1.15210179e-03 
 6.30957344e+08 -3.42741523e-06  6.30957344e+08  1.05885871e-03 
 6.81292069e+08  3.44277227e-05  6.81292069e+08  9.73371361e-04 
 7.35642254e+08  6.57646301e-05  7.35642254e+08  8.95080095e-04 
 7.94328235e+08  9.17158034e-05  7.94328235e+08  8.23423923e-04 
 8.57695899e+08  1.13225478e-04  8.57695899e+08  7.57855525e-04 
 9.26118728e+08  1.31076383e-04  9.26118728e+08  6.97852027e-04 
 1.00000000e+09  1.45914349e-04  1.00000000e+09  6.42922046e-04 
 1.07977516e+09  1.58270380e-04  1.07977516e+09  5.92609676e-04 
 1.16591440e+09  1.68580009e-04  1.16591440e+09  5.46496073e-04 
 1.25892541e+09  1.77199964e-04  1.25892541e+09  5.04199273e-04 
 1.35935639e+09  1.84422289e-04  1.35935639e+09  4.65372802e-04 
 1.46779927e+09  1.90486156e-04  1.46779927e+09  4.29703531e-04 
 1.58489319e+09  1.95587635e-04  1.58489319e+09  3.96909099e-04 
 1.71132830e+09  1.99887722e-04  1.71132830e+09  3.66735182e-04 
 1.84784980e+09  2.03518875e-04  1.84784980e+09  3.38952758e-04 
 1.99526231e+09  2.06590331e-04  1.99526231e+09  3.13355493e-04 
 2.15443469e+09  2.09192405e-04  2.15443469e+09  2.89757314e-04 
 2.32630507e+09  2.11399967e-04  2.32630507e+09  2.67990188e-04 
 2.51188643e+09  2.13275251e-04  2.51188643e+09  2.47902131e-04 
 2.71227258e+09  2.14870128e-04  2.71227258e+09  2.29355433e-04 
 2.92864456e+09  2.16227945e-04  2.92864456e+09  2.12225092e-04 
 3.16227766e+09  2.17385016e-04  3.16227766e+09  1.96397437e-04 
 3.41454887e+09  2.18371838e-04  3.41454887e+09  1.81768914e-04 
 3.68694506e+09  2.19214075e-04  3.68694506e+09  1.68245028e-04 
 3.98107171e+09  2.19933377e-04  3.98107171e+09  1.55739412e-04 
 4.29866235e+09  2.20548036e-04  4.29866235e+09  1.44173011e-04 
 4.64158883e+09  2.21073535e-04  4.64158883e+09  1.33473364e-04 
 5.01187234e+09  2.21523002e-04  5.01187234e+09  1.23573973e-04 
 5.41169527e+09  2.21907584e-04  5.41169527e+09  1.14413743e-04 
 5.84341413e+09  2.22236754e-04  5.84341413e+09  1.05936489e-04 
 6.30957344e+09  2.22518578e-04  6.30957344e+09  9.80904896e-05 
 6.81292069e+09  2.22759925e-04  6.81292069e+09  9.08281029e-05 
 7.35642254e+09  2.22966653e-04  7.35642254e+09  8.41054078e-05 
 7.94328235e+09  2.23143760e-04  7.94328235e+09  7.78818915e-05 
 8.57695899e+09  2.23295514e-04  8.57695899e+09  7.21201639e-05 
 9.26118728e+09  2.23425563e-04  9.26118728e+09  6.67857013e-05 
 1.00000000e+10  2.23537025e-04  1.00000000e+10  6.18466133e-05 
