 1.00000000e+00  2.79536775e+02  1.00000000e+00 -2.92763039e-03 
 1.07977516e+00  2.79536775e+02  1.07977516e+00 -3.16118258e-03 
 1.16591440e+00  2.79536775e+02  1.16591440e+00 -3.41336643e-03 
 1.25892541e+00  2.79536775e+02  1.25892541e+00 -3.68566829e-03 
 1.35935639e+00  2.79536775e+02  1.35935639e+00 -3.97969307e-03 
 1.46779927e+00  2.79536775e+02  1.46779927e+00 -4.29717374e-03 
 1.58489319e+00  2.79536775e+02  1.58489319e+00 -4.63998147e-03 
 1.71132830e+00  2.79536775e+02  1.71132830e+00 -5.01013674e-03 
 1.84784980e+00  2.79536775e+02  1.84784980e+00 -5.40982121e-03 
 1.99526231e+00  2.79536775e+02  1.99526231e+00 -5.84139058e-03 
 2.15443469e+00  2.79536775e+02  2.15443469e+00 -6.30738846e-03 
 2.32630507e+00  2.79536774e+02  2.32630507e+00 -6.81056140e-03 
 2.51188643e+00  2.79536774e+02  2.51188643e+00 -7.35387504e-03 
 2.71227258e+00  2.79536774e+02  2.71227258e+00 -7.94053161e-03 
 2.92864456e+00  2.79536774e+02  2.92864456e+00 -8.57398881e-03 
 3.16227766e+00  2.79536774e+02  3.16227766e+00 -9.25798016e-03 
 3.41454887e+00  2.79536774e+02  3.41454887e+00 -9.99653703e-03 
 3.68694506e+00  2.79536774e+02  3.68694506e+00 -1.07940124e-02 
 3.98107171e+00  2.79536774e+02  3.98107171e+00 -1.16551065e-02 
 4.29866235e+00  2.79536774e+02  4.29866235e+00 -1.25848945e-02 
 4.64158883e+00  2.79536774e+02  4.64158883e+00 -1.35888565e-02 
 5.01187234e+00  2.79536774e+02  5.01187234e+00 -1.46729097e-02 
 5.41169527e+00  2.79536774e+02  5.41169527e+00 -1.58434434e-02 
 5.84341413e+00  2.79536774e+02  5.84341413e+00 -1.71073567e-02 
 6.30957344e+00  2.79536773e+02  6.30957344e+00 -1.84720989e-02 
 6.81292069e+00  2.79536773e+02  6.81292069e+00 -1.99457135e-02 
 7.35642254e+00  2.79536773e+02  7.35642254e+00 -2.15368860e-02 
 7.94328235e+00  2.79536773e+02  7.94328235e+00 -2.32549946e-02 
 8.57695899e+00  2.79536772e+02  8.57695899e+00 -2.51101655e-02 
 9.26118728e+00  2.79536772e+02  9.26118728e+00 -2.71133330e-02 
 1.00000000e+01  2.79536772e+02  1.00000000e+01 -2.92763035e-02 
 1.07977516e+01  2.79536771e+02  1.07977516e+01 -3.16118254e-02 
 1.16591440e+01  2.79536770e+02  1.16591440e+01 -3.41336638e-02 
 1.25892541e+01  2.79536770e+02  1.25892541e+01 -3.68566823e-02 
 1.35935639e+01  2.79536769e+02  1.35935639e+01 -3.97969299e-02 
 1.46779927e+01  2.79536768e+02  1.46779927e+01 -4.29717364e-02 
 1.58489319e+01  2.79536767e+02  1.58489319e+01 -4.63998134e-02 
 1.71132830e+01  2.79536766e+02  1.71132830e+01 -5.01013658e-02 
 1.84784980e+01  2.79536764e+02  1.84784980e+01 -5.40982101e-02 
 1.99526231e+01  2.79536762e+02  1.99526231e+01 -5.84139033e-02 
 2.15443469e+01  2.79536760e+02  2.15443469e+01 -6.30738814e-02 
 2.32630507e+01  2.79536758e+02  2.32630507e+01 -6.81056100e-02 
 2.51188643e+01  2.79536755e+02  2.51188643e+01 -7.35387453e-02 
 2.71227258e+01  2.79536752e+02  2.71227258e+01 -7.94053098e-02 
 2.92864456e+01  2.79536748e+02  2.92864456e+01 -8.57398801e-02 
 3.16227766e+01  2.79536744e+02  3.16227766e+01 -9.25797915e-02 
 3.41454887e+01  2.79536739e+02  3.41454887e+01 -9.99653576e-02 
 3.68694506e+01  2.79536733e+02  3.68694506e+01 -1.07940108e-01 
 3.98107171e+01  2.79536726e+02  3.98107171e+01 -1.16551045e-01 
 4.29866235e+01  2.79536718e+02  4.29866235e+01 -1.25848920e-01 
 4.64158883e+01  2.79536709e+02  4.64158883e+01 -1.35888533e-01 
 5.01187234e+01  2.79536698e+02  5.01187234e+01 -1.46729057e-01 
 5.41169527e+01  2.79536685e+02  5.41169527e+01 -1.58434384e-01 
 5.84341413e+01  2.79536670e+02  5.84341413e+01 -1.71073504e-01 
 6.30957344e+01  2.79536653e+02  6.30957344e+01 -1.84720909e-01 
 6.81292069e+01  2.79536632e+02  6.81292069e+01 -1.99457035e-01 
 7.35642254e+01  2.79536609e+02  7.35642254e+01 -2.15368734e-01 
 7.94328235e+01  2.79536581e+02  7.94328235e+01 -2.32549787e-01 
 8.57695899e+01  2.79536549e+02  8.57695899e+01 -2.51101455e-01 
 9.26118728e+01  2.79536512e+02  9.26118728e+01 -2.71133078e-01 
 1.00000000e+02  2.79536468e+02  1.00000000e+02 -2.92762718e-01 
 1.07977516e+02  2.79536417e+02  1.07977516e+02 -3.16117854e-01 
 1.16591440e+02  2.79536358e+02  1.16591440e+02 -3.41336134e-01 
 1.25892541e+02  2.79536289e+02  1.25892541e+02 -3.68566189e-01 
 1.35935639e+02  2.79536208e+02  1.35935639e+02 -3.97968502e-01 
 1.46779927e+02  2.79536114e+02  1.46779927e+02 -4.29716359e-01 
 1.58489319e+02  2.79536005e+02  1.58489319e+02 -4.63996870e-01 
 1.71132830e+02  2.79535877e+02  1.71132830e+02 -5.01012066e-01 
 1.84784980e+02  2.79535728e+02  1.84784980e+02 -5.40980097e-01 
 1.99526231e+02  2.79535555e+02  1.99526231e+02 -5.84136510e-01 
 2.15443469e+02  2.79535352e+02  2.15443469e+02 -6.30735638e-01 
 2.32630507e+02  2.79535116e+02  2.32630507e+02 -6.81052101e-01 
 2.51188643e+02  2.79534841e+02  2.51188643e+02 -7.35382419e-01 
 2.71227258e+02  2.79534520e+02  2.71227258e+02 -7.94046760e-01 
 2.92864456e+02  2.79534146e+02  2.92864456e+02 -8.57390823e-01 
 3.16227766e+02  2.79533710e+02  3.16227766e+02 -9.25787871e-01 
 3.41454887e+02  2.79533201e+02  3.41454887e+02 -9.99640931e-01 
 3.68694506e+02  2.79532609e+02  3.68694506e+02 -1.07938516e+00 
 3.98107171e+02  2.79531917e+02  3.98107171e+02 -1.16549041e+00 
 4.29866235e+02  2.79531111e+02  4.29866235e+02 -1.25846397e+00 
 4.64158883e+02  2.79530172e+02  4.64158883e+02 -1.35885357e+00 
 5.01187234e+02  2.79529076e+02  5.01187234e+02 -1.46725058e+00 
 5.41169527e+02  2.79527799e+02  5.41169527e+02 -1.58429350e+00 
 5.84341413e+02  2.79526310e+02  5.84341413e+02 -1.71067166e+00 
 6.30957344e+02  2.79524574e+02  6.30957344e+02 -1.84712931e+00 
 6.81292069e+02  2.79522550e+02  6.81292069e+02 -1.99446991e+00 
 7.35642254e+02  2.79520190e+02  7.35642254e+02 -2.15356090e+00 
 7.94328235e+02  2.79517438e+02  7.94328235e+02 -2.32533869e+00 
 8.57695899e+02  2.79514230e+02  8.57695899e+02 -2.51081415e+00 
 9.26118728e+02  2.79510490e+02  9.26118728e+02 -2.71107850e+00 
 1.00000000e+03  2.79506130e+02  1.00000000e+03 -2.92730958e+00 
 1.07977516e+03  2.79501046e+02  1.07977516e+03 -3.16077871e+00 
 1.16591440e+03  2.79495119e+02  1.16591440e+03 -3.41285801e+00 
 1.25892541e+03  2.79488209e+02  1.25892541e+03 -3.68502824e+00 
 1.35935639e+03  2.79480153e+02  1.35935639e+03 -3.97888732e+00 
 1.46779927e+03  2.79470761e+02  1.46779927e+03 -4.29615939e+00 
 1.58489319e+03  2.79459811e+02  1.58489319e+03 -4.63870453e+00 
 1.71132830e+03  2.79447046e+02  1.71132830e+03 -5.00852925e+00 
 1.84784980e+03  2.79432165e+02  1.84784980e+03 -5.40779761e+00 
 1.99526231e+03  2.79414816e+02  1.99526231e+03 -5.83884316e+00 
 2.15443469e+03  2.79394591e+02  2.15443469e+03 -6.30418169e+00 
 2.32630507e+03  2.79371015e+02  2.32630507e+03 -6.80652465e+00 
 2.51188643e+03  2.79343532e+02  2.51188643e+03 -7.34879357e+00 
 2.71227258e+03  2.79311496e+02  2.71227258e+03 -7.93413516e+00 
 2.92864456e+03  2.79274154e+02  2.92864456e+03 -8.56593723e+00 
 3.16227766e+03  2.79230630e+02  3.16227766e+03 -9.24784540e+00 
 3.41454887e+03  2.79179901e+02  3.41454887e+03 -9.98378044e+00 
 3.68694506e+03  2.79120778e+02  3.68694506e+03 -1.07779562e+01 
 3.98107171e+03  2.79051878e+02  3.98107171e+03 -1.16348979e+01 
 4.29866235e+03  2.78971589e+02  4.29866235e+03 -1.25594607e+01 
 4.64158883e+03  2.78878038e+02  4.64158883e+03 -1.35568480e+01 
 5.01187234e+03  2.78769044e+02  5.01187234e+03 -1.46326292e+01 
 5.41169527e+03  2.78642074e+02  5.41169527e+03 -1.57927564e+01 
 5.84341413e+03  2.78494183e+02  5.84341413e+03 -1.70435793e+01 
 6.30957344e+03  2.78321954e+02  6.30957344e+03 -1.83918575e+01 
 6.81292069e+03  2.78121418e+02  6.81292069e+03 -1.98447684e+01 
 7.35642254e+03  2.77887974e+02  7.35642254e+03 -2.14099102e+01 
 7.94328235e+03  2.77616293e+02  7.94328235e+03 -2.30952978e+01 
 8.57695899e+03  2.77300205e+02  8.57695899e+03 -2.49093479e+01 
 9.26118728e+03  2.76932582e+02  9.26118728e+03 -2.68608536e+01 
 1.00000000e+04  2.76505192e+02  1.00000000e+04 -2.89589411e+01 
 1.07977516e+04  2.76008555e+02  1.07977516e+04 -3.12130071e+01 
 1.16591440e+04  2.75431765e+02  1.16591440e+04 -3.36326301e+01 
 1.25892541e+04  2.74762313e+02  1.25892541e+04 -3.62274506e+01 
 1.35935639e+04  2.73985884e+02  1.35935639e+04 -3.90070117e+01 
 1.46779927e+04  2.73086154e+02  1.46779927e+04 -4.19805524e+01 
 1.58489319e+04  2.72044576e+02  1.58489319e+04 -4.51567439e+01 
 1.71132830e+04  2.70840168e+02  1.71132830e+04 -4.85433593e+01 
 1.84784980e+04  2.69449321e+02  1.84784980e+04 -5.21468640e+01 
 1.99526231e+04  2.67845634e+02  1.99526231e+04 -5.59719184e+01 
 2.15443469e+04  2.65999799e+02  2.15443469e+04 -6.00207810e+01 
 2.32630507e+04  2.63879564e+02  2.32630507e+04 -6.42926070e+01 
 2.51188643e+04  2.61449817e+02  2.51188643e+04 -6.87826385e+01 
 2.71227258e+04  2.58672811e+02  2.71227258e+04 -7.34812937e+01 
 2.92864456e+04  2.55508600e+02  2.92864456e+04 -7.83731710e+01 
 3.16227766e+04  2.51915726e+02  3.16227766e+04 -8.34360015e+01 
 3.41454887e+04  2.47852205e+02  3.41454887e+04 -8.86396012e+01 
 3.68694506e+04  2.43276877e+02  3.68694506e+04 -9.39449018e+01 
 3.98107171e+04  2.38151126e+02  3.98107171e+04 -9.93031610e+01 
 4.29866235e+04  2.32440992e+02  4.29866235e+04 -1.04655483e+02 
 4.64158883e+04  2.26119632e+02  4.64158883e+04 -1.09932798e+02 
 5.01187234e+04  2.19170037e+02  5.01187234e+04 -1.15056458e+02 
 5.41169527e+04  2.11587844e+02  5.41169527e+04 -1.19939595e+02 
 5.84341413e+04  2.03384026e+02  5.84341413e+04 -1.24489350e+02 
 6.30957344e+04  1.94587156e+02  6.30957344e+04 -1.28609991e+02 
 6.81292069e+04  1.85244937e+02  6.81292069e+04 -1.32206873e+02 
 7.35642254e+04  1.75424673e+02  7.35642254e+04 -1.35191006e+02 
 7.94328235e+04  1.65212432e+02  7.94328235e+04 -1.37483937e+02 
 8.57695899e+04  1.54710763e+02  8.57695899e+04 -1.39022467e+02 
 9.26118728e+04  1.44035027e+02  9.26118728e+04 -1.39762752e+02 
 1.00000000e+05  1.33308546e+02  1.00000000e+05 -1.39683277e+02 
 1.07977516e+05  1.22656999e+02  1.07977516e+05 -1.38786365e+02 
 1.16591440e+05  1.12202591e+02  1.16591440e+05 -1.37098011e+02 
 1.25892541e+05  1.02058552e+02  1.25892541e+05 -1.34666072e+02 
 1.35935639e+05  9.23244948e+01  1.35935639e+05 -1.31557038e+02 
 1.46779927e+05  8.30829930e+01  1.46779927e+05 -1.27851779e+02 
 1.58489319e+05  7.43975857e+01  1.58489319e+05 -1.23640751e+02 
 1.71132830e+05  6.63122068e+01  1.71132830e+05 -1.19019154e+02 
 1.84784980e+05  5.88518831e+01  1.84784980e+05 -1.14082445e+02 
 1.99526231e+05  5.20244299e+01  1.99526231e+05 -1.08922545e+02 
 2.15443469e+05  4.58228250e+01  2.15443469e+05 -1.03624877e+02 
 2.32630507e+05  4.02279396e+01  2.32630507e+05 -9.82663204e+01 
 2.51188643e+05  3.52113502e+01  2.51188643e+05 -9.29140037e+01 
 2.71227258e+05  3.07380158e+01  2.71227258e+05 -8.76248432e+01 
 2.92864456e+05  2.67686759e+01  2.92864456e+05 -8.24456632e+01 
 3.16227766e+05  2.32618883e+01  3.16227766e+05 -7.74137467e+01 
 3.41454887e+05  2.01756790e+01  3.41454887e+05 -7.25576690e+01 
 3.68694506e+05  1.74688141e+01  3.68694506e+05 -6.78982899e+01 
 3.98107171e+05  1.51017279e+01  3.98107171e+05 -6.34498058e+01 
 4.29866235e+05  1.30371557e+01  4.29866235e+05 -5.92207910e+01 
 4.64158883e+05  1.12405243e+01  4.64158883e+05 -5.52151793e+01 
 5.01187234e+05  9.68014992e+00  5.01187234e+05 -5.14331560e+01 
 5.41169527e+05  8.32729139e+00  5.41169527e+05 -4.78719470e+01 
 5.84341413e+05  7.15609721e+00  5.84341413e+05 -4.45264997e+01 
 6.30957344e+05  6.14348027e+00  6.30957344e+05 -4.13900599e+01 
 6.81292069e+05  5.26894556e+00  6.81292069e+05 -3.84546517e+01 
 7.35642254e+05  4.51439124e+00  7.35642254e+05 -3.57114701e+01 
 7.94328235e+05  3.86389779e+00  7.94328235e+05 -3.31511987e+01 
 8.57695899e+05  3.30351593e+00  8.57695899e+05 -3.07642607e+01 
 9.26118728e+05  2.82106068e+00  9.26118728e+05 -2.85410162e+01 
 1.00000000e+06  2.40591638e+00  1.00000000e+06 -2.64719132e+01 
 1.07977516e+06  2.04885541e+00  1.07977516e+06 -2.45476009e+01 
 1.16591440e+06  1.74187214e+00  1.16591440e+06 -2.27590128e+01 
 1.25892541e+06  1.47803253e+00  1.25892541e+06 -2.10974256e+01 
 1.35935639e+06  1.25133917e+00  1.35935639e+06 -1.95544978e+01 
 1.46779927e+06  1.05661095e+00  1.46779927e+06 -1.81222940e+01 
 1.58489319e+06  8.89376634e-01  1.58489319e+06 -1.67932967e+01 
 1.71132830e+06  7.45780944e-01  1.71132830e+06 -1.55604090e+01 
 1.84784980e+06  6.22502247e-01  1.84784980e+06 -1.44169508e+01 
 1.99526231e+06  5.16680536e-01  1.99526231e+06 -1.33566495e+01 
 2.15443469e+06  4.25854643e-01  2.15443469e+06 -1.23736274e+01 
 2.32630507e+06  3.47907632e-01  2.32630507e+06 -1.14623866e+01 
 2.51188643e+06  2.81019397e-01  2.51188643e+06 -1.06177915e+01 
 2.71227258e+06  2.23625597e-01  2.71227258e+06 -9.83505130e+00 
 2.92864456e+06  1.74382124e-01  2.92864456e+06 -9.10970139e+00 
 3.16227766e+06  1.32134409e-01  3.16227766e+06 -8.43758499e+00 
 3.41454887e+06  9.58909186e-02  3.41454887e+06 -7.81483478e+00 
 3.68694506e+06  6.48003126e-02  3.68694506e+06 -7.23785511e+00 
 3.98107171e+06  3.81317546e-02  3.98107171e+06 -6.70330478e+00 
 4.29866235e+06  1.52579629e-02  4.29866235e+06 -6.20808045e+00 
 4.64158883e+06 -4.35937554e-03  4.64158883e+06 -5.74930089e+00 
 5.01187234e+06 -2.11821496e-02  5.01187234e+06 -5.32429196e+00 
 5.41169527e+06 -3.56066080e-02  5.41169527e+06 -4.93057244e+00 
 5.84341413e+06 -4.79726249e-02  5.84341413e+06 -4.56584068e+00 
 6.30957344e+06 -5.85716597e-02  6.30957344e+06 -4.22796203e+00 
 6.81292069e+06 -6.76535898e-02  6.81292069e+06 -3.91495704e+00 
 7.35642254e+06 -7.54325758e-02  7.35642254e+06 -3.62499044e+00 
 7.94328235e+06 -8.20920920e-02  7.94328235e+06 -3.35636086e+00 
 8.57695899e+06 -8.77892409e-02  8.57695899e+06 -3.10749116e+00 
 9.26118728e+06 -9.26584494e-02  9.26118728e+06 -2.87691949e+00 
 1.00000000e+07 -9.68146351e-02  1.00000000e+07 -2.66329093e+00 
 1.07977516e+07 -1.00355915e-01  1.07977516e+07 -2.46534972e+00 
 1.16591440e+07 -1.03365920e-01  1.16591440e+07 -2.28193204e+00 
 1.25892541e+07 -1.05915773e-01  1.25892541e+07 -2.11195930e+00 
 1.35935639e+07 -1.08065772e-01  1.35935639e+07 -1.95443189e+00 
 1.46779927e+07 -1.09866821e-01  1.46779927e+07 -1.80842343e+00 
 1.58489319e+07 -1.11361649e-01  1.58489319e+07 -1.67307541e+00 
 1.71132830e+07 -1.12585832e-01  1.71132830e+07 -1.54759223e+00 
 1.84784980e+07 -1.13568663e-01  1.84784980e+07 -1.43123662e+00 
 1.99526231e+07 -1.14333876e-01  1.99526231e+07 -1.32332540e+00 
 2.15443469e+07 -1.14900250e-01  2.15443469e+07 -1.22322557e+00 
 2.32630507e+07 -1.15282121e-01  2.32630507e+07 -1.13035077e+00 
 2.51188643e+07 -1.15489797e-01  2.51188643e+07 -1.04415790e+00 
 2.71227258e+07 -1.15529912e-01  2.71227258e+07 -9.64144193e-01 
 2.92864456e+07 -1.15405725e-01  2.92864456e+07 -8.89844390e-01 
 3.16227766e+07 -1.15117381e-01  3.16227766e+07 -8.20828295e-01 
 3.41454887e+07 -1.14662156e-01  3.41454887e+07 -7.56698505e-01 
 3.68694506e+07 -1.14034702e-01  3.68694506e+07 -6.97088388e-01 
 3.98107171e+07 -1.13227306e-01  3.98107171e+07 -6.41660276e-01 
 4.29866235e+07 -1.12230209e-01  4.29866235e+07 -5.90103857e-01 
 4.64158883e+07 -1.11031975e-01  4.64158883e+07 -5.42134740e-01 
 5.01187234e+07 -1.09619973e-01  5.01187234e+07 -4.97493173e-01 
 5.41169527e+07 -1.07980962e-01  5.41169527e+07 -4.55942870e-01 
 5.84341413e+07 -1.06101822e-01  5.84341413e+07 -4.17269898e-01 
 6.30957344e+07 -1.03970432e-01  6.30957344e+07 -3.81281584e-01 
 6.81292069e+07 -1.01576684e-01  6.81292069e+07 -3.47805350e-01 
 7.35642254e+07 -9.89136183e-02  7.35642254e+07 -3.16687429e-01 
 7.94328235e+07 -9.59786296e-02  7.94328235e+07 -2.87791373e-01 
 8.57695899e+07 -9.27746537e-02  8.57695899e+07 -2.60996310e-01 
 9.26118728e+07 -8.93112412e-02  9.26118728e+07 -2.36194897e-01 
 1.00000000e+08 -8.56053826e-02  1.00000000e+08 -2.13290984e-01 
 1.07977516e+08 -8.16819552e-02  1.07977516e+08 -1.92197041e-01 
 1.16591440e+08 -7.75736713e-02  1.16591440e+08 -1.72831443e-01 
 1.25892541e+08 -7.33204467e-02  1.25892541e+08 -1.55115784e-01 
 1.35935639e+08 -6.89681726e-02  1.35935639e+08 -1.38972400e-01 
 1.46779927e+08 -6.45669463e-02  1.46779927e+08 -1.24322312e-01 
 1.58489319e+08 -6.01688982e-02  1.58489319e+08 -1.11083752e-01 
 1.71132830e+08 -5.58258129e-02  1.71132830e+08 -9.91713895e-02 
 1.84784980e+08 -5.15867754e-02  1.84784980e+08 -8.84962917e-02 
 1.99526231e+08 -4.74960713e-02  1.99526231e+08 -7.89665608e-02 
 2.15443469e+08 -4.35915245e-02  2.15443469e+08 -7.04885056e-02 
 2.32630507e+08 -3.99033929e-02  2.32630507e+08 -6.29681670e-02 
 2.51188643e+08 -3.64538597e-02  2.51188643e+08 -5.63129867e-02 
 2.71227258e+08 -3.32570860e-02  2.71227258e+08 -5.04334284e-02 
 2.92864456e+08 -3.03197318e-02  2.92864456e+08 -4.52443979e-02 
 3.16227766e+08 -2.76418215e-02  3.16227766e+08 -4.06663631e-02 
 3.41454887e+08 -2.52178177e-02  3.41454887e+08 -3.66261258e-02 
 3.68694506e+08 -2.30377808e-02  3.68694506e+08 -3.30572475e-02 
 3.98107171e+08 -2.10885116e-02  3.98107171e+08 -2.99001632e-02 
 4.29866235e+08 -1.93546033e-02  4.29866235e+08 -2.71020384e-02 
 4.64158883e+08 -1.78193581e-02  4.64158883e+08 -2.46164328e-02 
 5.01187234e+08 -1.64655467e-02  5.01187234e+08 -2.24028327e-02 
 5.41169527e+08 -1.52760073e-02  5.41169527e+08 -2.04261079e-02 
 5.84341413e+08 -1.42340958e-02  5.84341413e+08 -1.86559363e-02 
 6.30957344e+08 -1.33240027e-02  6.30957344e+08 -1.70662319e-02 
 6.81292069e+08 -1.25309601e-02  6.81292069e+08 -1.56345993e-02 
 7.35642254e+08 -1.18413591e-02  7.35642254e+08 -1.43418286e-02 
 7.94328235e+08 -1.12427972e-02  7.94328235e+08 -1.31714403e-02 
 8.57695899e+08 -1.07240763e-02  8.57695899e+08 -1.21092826e-02 
 9.26118728e+08 -1.02751626e-02  9.26118728e+08 -1.11431800e-02 
 1.00000000e+09 -9.88712408e-03  1.00000000e+09 -1.02626307e-02 
 1.07977516e+09 -9.55205196e-03  1.07977516e+09 -9.45854843e-03 
 1.16591440e+09 -9.26297585e-03  1.16591440e+09 -8.72304378e-03 
 1.25892541e+09 -9.01377600e-03  1.25892541e+09 -8.04924025e-03 
 1.35935639e+09 -8.79909703e-03  1.35935639e+09 -7.43111965e-03 
 1.46779927e+09 -8.61426562e-03  1.46779927e+09 -6.86339294e-03 
 1.58489319e+09 -8.45521325e-03  1.58489319e+09 -6.34139237e-03 
 1.71132830e+09 -8.31840520e-03  1.71132830e+09 -5.86098131e-03 
 1.84784980e+09 -8.20077588e-03  1.84784980e+09 -5.41847900e-03 
 1.99526231e+09 -8.09967053e-03  1.99526231e+09 -5.01059764e-03 
 2.15443469e+09 -8.01279322e-03  2.15443469e+09 -4.63438964e-03 
 2.32630507e+09 -7.93816051e-03  2.32630507e+09 -4.28720327e-03 
 2.51188643e+09 -7.87406062e-03  2.51188643e+09 -3.96664539e-03 
 2.71227258e+09 -7.81901748e-03  2.71227258e+09 -3.67054987e-03 
 2.92864456e+09 -7.77175917e-03  2.92864456e+09 -3.39695077e-03 
 3.16227766e+09 -7.73119040e-03  3.16227766e+09 -3.14405955e-03 
 3.41454887e+09 -7.69636851e-03  3.41454887e+09 -2.91024544e-03 
 3.68694506e+09 -7.66648254e-03  3.68694506e+09 -2.69401868e-03 
 3.98107171e+09 -7.64083518e-03  3.98107171e+09 -2.49401592e-03 
 4.29866235e+09 -7.61882699e-03  4.29866235e+09 -2.30898758e-03 
 4.64158883e+09 -7.59994288e-03  4.64158883e+09 -2.13778679e-03 
 5.01187234e+09 -7.58374032e-03  5.01187234e+09 -1.97935970e-03 
 5.41169527e+09 -7.56983923e-03  5.41169527e+09 -1.83273691e-03 
 5.84341413e+09 -7.55791321e-03  5.84341413e+09 -1.69702589e-03 
 6.30957344e+09 -7.54768201e-03  6.30957344e+09 -1.57140424e-03 
 6.81292069e+09 -7.53890507e-03  6.81292069e+09 -1.45511365e-03 
 7.35642254e+09 -7.53137588e-03  7.35642254e+09 -1.34745446e-03 
 7.94328235e+09 -7.52491720e-03  7.94328235e+09 -1.24778082e-03 
 8.57695899e+09 -7.51937695e-03  8.57695899e+09 -1.15549627e-03 
 9.26118728e+09 -7.51462460e-03  9.26118728e+09 -1.07004973e-03 
 1.00000000e+10 -7.51054817e-03  1.00000000e+10 -9.90931927e-04 
