 1.00000000e+00  2.78113408e+02  1.00000000e+00 -4.03935044e-03 
 1.07977516e+00  2.78113408e+02  1.07977516e+00 -4.36159028e-03 
 1.16591440e+00  2.78113408e+02  1.16591440e+00 -4.70953685e-03 
 1.25892541e+00  2.78113408e+02  1.25892541e+00 -5.08524091e-03 
 1.35935639e+00  2.78113408e+02  1.35935639e+00 -5.49091683e-03 
 1.46779927e+00  2.78113408e+02  1.46779927e+00 -5.92895561e-03 
 1.58489319e+00  2.78113408e+02  1.58489319e+00 -6.40193901e-03 
 1.71132830e+00  2.78113408e+02  1.71132830e+00 -6.91265473e-03 
 1.84784980e+00  2.78113408e+02  1.84784980e+00 -7.46411289e-03 
 1.99526231e+00  2.78113408e+02  1.99526231e+00 -8.05956370e-03 
 2.15443469e+00  2.78113408e+02  2.15443469e+00 -8.70251670e-03 
 2.32630507e+00  2.78113408e+02  2.32630507e+00 -9.39676139e-03 
 2.51188643e+00  2.78113408e+02  2.51188643e+00 -1.01463895e-02 
 2.71227258e+00  2.78113408e+02  2.71227258e+00 -1.09558194e-02 
 2.92864456e+00  2.78113408e+02  2.92864456e+00 -1.18298217e-02 
 3.16227766e+00  2.78113408e+02  3.16227766e+00 -1.27735476e-02 
 3.41454887e+00  2.78113408e+02  3.41454887e+00 -1.37925595e-02 
 3.68694506e+00  2.78113408e+02  3.68694506e+00 -1.48928631e-02 
 3.98107171e+00  2.78113408e+02  3.98107171e+00 -1.60809437e-02 
 4.29866235e+00  2.78113407e+02  4.29866235e+00 -1.73638036e-02 
 4.64158883e+00  2.78113407e+02  4.64158883e+00 -1.87490038e-02 
 5.01187234e+00  2.78113407e+02  5.01187234e+00 -2.02447086e-02 
 5.41169527e+00  2.78113407e+02  5.41169527e+00 -2.18597335e-02 
 5.84341413e+00  2.78113406e+02  5.84341413e+00 -2.36035973e-02 
 6.30957344e+00  2.78113406e+02  6.30957344e+00 -2.54865781e-02 
 6.81292069e+00  2.78113406e+02  6.81292069e+00 -2.75197739e-02 
 7.35642254e+00  2.78113405e+02  7.35642254e+00 -2.97151683e-02 
 7.94328235e+00  2.78113405e+02  7.94328235e+00 -3.20857006e-02 
 8.57695899e+00  2.78113404e+02  8.57695899e+00 -3.46453425e-02 
 9.26118728e+00  2.78113403e+02  9.26118728e+00 -3.74091802e-02 
 1.00000000e+01  2.78113403e+02  1.00000000e+01 -4.03935035e-02 
 1.07977516e+01  2.78113402e+02  1.07977516e+01 -4.36159017e-02 
 1.16591440e+01  2.78113401e+02  1.16591440e+01 -4.70953671e-02 
 1.25892541e+01  2.78113399e+02  1.25892541e+01 -5.08524075e-02 
 1.35935639e+01  2.78113398e+02  1.35935639e+01 -5.49091662e-02 
 1.46779927e+01  2.78113396e+02  1.46779927e+01 -5.92895535e-02 
 1.58489319e+01  2.78113394e+02  1.58489319e+01 -6.40193868e-02 
 1.71132830e+01  2.78113391e+02  1.71132830e+01 -6.91265431e-02 
 1.84784980e+01  2.78113388e+02  1.84784980e+01 -7.46411235e-02 
 1.99526231e+01  2.78113385e+02  1.99526231e+01 -8.05956303e-02 
 2.15443469e+01  2.78113381e+02  2.15443469e+01 -8.70251586e-02 
 2.32630507e+01  2.78113377e+02  2.32630507e+01 -9.39676032e-02 
 2.51188643e+01  2.78113371e+02  2.51188643e+01 -1.01463882e-01 
 2.71227258e+01  2.78113365e+02  2.71227258e+01 -1.09558177e-01 
 2.92864456e+01  2.78113358e+02  2.92864456e+01 -1.18298196e-01 
 3.16227766e+01  2.78113350e+02  3.16227766e+01 -1.27735450e-01 
 3.41454887e+01  2.78113340e+02  3.41454887e+01 -1.37925561e-01 
 3.68694506e+01  2.78113329e+02  3.68694506e+01 -1.48928589e-01 
 3.98107171e+01  2.78113316e+02  3.98107171e+01 -1.60809384e-01 
 4.29866235e+01  2.78113300e+02  4.29866235e+01 -1.73637969e-01 
 4.64158883e+01  2.78113282e+02  4.64158883e+01 -1.87489954e-01 
 5.01187234e+01  2.78113261e+02  5.01187234e+01 -2.02446980e-01 
 5.41169527e+01  2.78113237e+02  5.41169527e+01 -2.18597202e-01 
 5.84341413e+01  2.78113208e+02  5.84341413e+01 -2.36035805e-01 
 6.30957344e+01  2.78113175e+02  6.30957344e+01 -2.54865569e-01 
 6.81292069e+01  2.78113136e+02  6.81292069e+01 -2.75197473e-01 
 7.35642254e+01  2.78113091e+02  7.35642254e+01 -2.97151347e-01 
 7.94328235e+01  2.78113038e+02  7.94328235e+01 -3.20856584e-01 
 8.57695899e+01  2.78112977e+02  8.57695899e+01 -3.46452893e-01 
 9.26118728e+01  2.78112905e+02  9.26118728e+01 -3.74091133e-01 
 1.00000000e+02  2.78112822e+02  1.00000000e+02 -4.03934193e-01 
 1.07977516e+02  2.78112725e+02  1.07977516e+02 -4.36157956e-01 
 1.16591440e+02  2.78112611e+02  1.16591440e+02 -4.70952336e-01 
 1.25892541e+02  2.78112479e+02  1.25892541e+02 -5.08522393e-01 
 1.35935639e+02  2.78112325e+02  1.35935639e+02 -5.49089545e-01 
 1.46779927e+02  2.78112145e+02  1.46779927e+02 -5.92892869e-01 
 1.58489319e+02  2.78111935e+02  1.58489319e+02 -6.40190512e-01 
 1.71132830e+02  2.78111691e+02  1.71132830e+02 -6.91261207e-01 
 1.84784980e+02  2.78111406e+02  1.84784980e+02 -7.46405917e-01 
 1.99526231e+02  2.78111074e+02  1.99526231e+02 -8.05949608e-01 
 2.15443469e+02  2.78110686e+02  2.15443469e+02 -8.70243157e-01 
 2.32630507e+02  2.78110235e+02  2.32630507e+02 -9.39665421e-01 
 2.51188643e+02  2.78109708e+02  2.51188643e+02 -1.01462546e+00 
 2.71227258e+02  2.78109094e+02  2.71227258e+02 -1.09556496e+00 
 2.92864456e+02  2.78108379e+02  2.92864456e+02 -1.18296078e+00 
 3.16227766e+02  2.78107544e+02  3.16227766e+02 -1.27732784e+00 
 3.41454887e+02  2.78106571e+02  3.41454887e+02 -1.37922205e+00 
 3.68694506e+02  2.78105437e+02  3.68694506e+02 -1.48924365e+00 
 3.98107171e+02  2.78104114e+02  3.98107171e+02 -1.60804065e+00 
 4.29866235e+02  2.78102572e+02  4.29866235e+02 -1.73631274e+00 
 4.64158883e+02  2.78100774e+02  4.64158883e+02 -1.87481525e+00 
 5.01187234e+02  2.78098678e+02  5.01187234e+02 -2.02436369e+00 
 5.41169527e+02  2.78096234e+02  5.41169527e+02 -2.18583843e+00 
 5.84341413e+02  2.78093385e+02  5.84341413e+02 -2.36018987e+00 
 6.30957344e+02  2.78090063e+02  6.30957344e+02 -2.54844397e+00 
 6.81292069e+02  2.78086191e+02  6.81292069e+02 -2.75170820e+00 
 7.35642254e+02  2.78081675e+02  7.35642254e+02 -2.97117794e+00 
 7.94328235e+02  2.78076411e+02  7.94328235e+02 -3.20814343e+00 
 8.57695899e+02  2.78070273e+02  8.57695899e+02 -3.46399717e+00 
 9.26118728e+02  2.78063118e+02  9.26118728e+02 -3.74024190e+00 
 1.00000000e+03  2.78054776e+02  1.00000000e+03 -4.03849918e+00 
 1.07977516e+03  2.78045050e+02  1.07977516e+03 -4.36051865e+00 
 1.16591440e+03  2.78033712e+02  1.16591440e+03 -4.70818780e+00 
 1.25892541e+03  2.78020493e+02  1.25892541e+03 -5.08354265e+00 
 1.35935639e+03  2.78005083e+02  1.35935639e+03 -5.48877896e+00 
 1.46779927e+03  2.77987119e+02  1.46779927e+03 -5.92626437e+00 
 1.58489319e+03  2.77966177e+02  1.58489319e+03 -6.39855119e+00 
 1.71132830e+03  2.77941764e+02  1.71132830e+03 -6.90839009e+00 
 1.84784980e+03  2.77913306e+02  1.84784980e+03 -7.45874457e+00 
 1.99526231e+03  2.77880134e+02  1.99526231e+03 -8.05280620e+00 
 2.15443469e+03  2.77841468e+02  2.15443469e+03 -8.69401069e+00 
 2.32630507e+03  2.77796401e+02  2.32630507e+03 -9.38605469e+00 
 2.51188643e+03  2.77743875e+02  2.51188643e+03 -1.01329132e+01 
 2.71227258e+03  2.77682659e+02  2.71227258e+03 -1.09388574e+01 
 2.92864456e+03  2.77611320e+02  2.92864456e+03 -1.18084732e+01 
 3.16227766e+03  2.77528191e+02  3.16227766e+03 -1.27466796e+01 
 3.41454887e+03  2.77431334e+02  3.41454887e+03 -1.37587464e+01 
 3.68694506e+03  2.77318491e+02  3.68694506e+03 -1.48503123e+01 
 3.98107171e+03  2.77187042e+02  3.98107171e+03 -1.60274007e+01 
 4.29866235e+03  2.77033940e+02  4.29866235e+03 -1.72964342e+01 
 4.64158883e+03  2.76855651e+02  4.64158883e+03 -1.86642454e+01 
 5.01187234e+03  2.76648070e+02  5.01187234e+03 -2.01380840e+01 
 5.41169527e+03  2.76406441e+02  5.41169527e+03 -2.17256183e+01 
 5.84341413e+03  2.76125254e+02  5.84341413e+03 -2.34349279e+01 
 6.30957344e+03  2.75798135e+02  6.30957344e+03 -2.52744874e+01 
 6.81292069e+03  2.75417720e+02  6.81292069e+03 -2.72531357e+01 
 7.35642254e+03  2.74975511e+02  7.35642254e+03 -2.93800294e+01 
 7.94328235e+03  2.74461722e+02  7.94328235e+03 -3.16645738e+01 
 8.57695899e+03  2.73865105e+02  8.57695899e+03 -3.41163273e+01 
 9.26118728e+03  2.73172767e+02  9.26118728e+03 -3.67448725e+01 
 1.00000000e+04  2.72369966e+02  1.00000000e+04 -3.95596464e+01 
 1.07977516e+04  2.71439903e+02  1.07977516e+04 -4.25697210e+01 
 1.16591440e+04  2.70363514e+02  1.16591440e+04 -4.57835244e+01 
 1.25892541e+04  2.69119262e+02  1.25892541e+04 -4.92084927e+01 
 1.35935639e+04  2.67682948e+02  1.35935639e+04 -5.28506411e+01 
 1.46779927e+04  2.66027559e+02  1.46779927e+04 -5.67140438e+01 
 1.58489319e+04  2.64123174e+02  1.58489319e+04 -6.08002136e+01 
 1.71132830e+04  2.61936951e+02  1.71132830e+04 -6.51073758e+01 
 1.84784980e+04  2.59433245e+02  1.84784980e+04 -6.96296357e+01 
 1.99526231e+04  2.56573880e+02  1.99526231e+04 -7.43560480e+01 
 2.15443469e+04  2.53318646e+02  2.15443469e+04 -7.92696087e+01 
 2.32630507e+04  2.49626054e+02  2.32630507e+04 -8.43462070e+01 
 2.51188643e+04  2.45454405e+02  2.51188643e+04 -8.95535951e+01 
 2.71227258e+04  2.40763231e+02  2.71227258e+04 -9.48504592e+01 
 2.92864456e+04  2.35515104e+02  2.92864456e+04 -1.00185701e+02 
 3.16227766e+04  2.29677839e+02  3.16227766e+04 -1.05498067e+02 
 3.41454887e+04  2.23227017e+02  3.41454887e+04 -1.10716267e+02 
 3.68694506e+04  2.16148729e+02  3.68694506e+04 -1.15759762e+02 
 3.98107171e+04  2.08442372e+02  3.98107171e+04 -1.20540324e+02 
 4.29866235e+04  2.00123237e+02  4.29866235e+04 -1.24964489e+02 
 4.64158883e+04  1.91224610e+02  4.64158883e+04 -1.28936891e+02 
 5.01187234e+04  1.81799043e+02  5.01187234e+04 -1.32364381e+02 
 5.41169527e+04  1.71918501e+02  5.41169527e+04 -1.35160694e+02 
 5.84341413e+04  1.61673167e+02  5.84341413e+04 -1.37251303e+02 
 6.30957344e+04  1.51168796e+02  6.30957344e+04 -1.38578006e+02 
 6.81292069e+04  1.40522727e+02  6.81292069e+04 -1.39102748e+02 
 7.35642254e+04  1.29858816e+02  7.35642254e+04 -1.38810237e+02 
 7.94328235e+04  1.19301751e+02  7.94328235e+04 -1.37709013e+02 
 8.57695899e+04  1.08971279e+02  8.57695899e+04 -1.35830853e+02 
 9.26118728e+04  9.89769138e+01  9.26118728e+04 -1.33228564e+02 
 1.00000000e+05  8.94136049e+01  1.00000000e+05 -1.29972467e+02 
 1.07977516e+05  8.03586916e+01  1.07977516e+05 -1.26145976e+02 
 1.16591440e+05  7.18702956e+01  1.16591440e+05 -1.21840769e+02 
 1.25892541e+05  6.39871029e+01  1.25892541e+05 -1.17152031e+02 
 1.35935639e+05  5.67293467e+01  1.35935639e+05 -1.12174144e+02 
 1.46779927e+05  5.01007022e+01  1.46779927e+05 -1.06997115e+02 
 1.58489319e+05  4.40907699e+01  1.58489319e+05 -1.01703872e+02 
 1.71132830e+05  3.86778383e+01  1.71132830e+05 -9.63684491e+01 
 1.84784980e+05  3.38316642e+01  1.84784980e+05 -9.10549969e+01 
 1.99526231e+05  2.95160746e+01  1.99526231e+05 -8.58174871e+01 
 2.15443469e+05  2.56912642e+01  2.15443469e+05 -8.06999591e+01 
 2.32630507e+05  2.23157233e+01  2.32630507e+05 -7.57371551e+01 
 2.51188643e+05  1.93477782e+01  2.51188643e+05 -7.09554010e+01 
 2.71227258e+05  1.67467639e+01  2.71227258e+05 -6.63736177e+01 
 2.92864456e+05  1.44738655e+01  2.92864456e+05 -6.20043706e+01 
 3.16227766e+05  1.24926799e+01  3.16227766e+05 -5.78548940e+01 
 3.41454887e+05  1.07695495e+01  3.41454887e+05 -5.39280467e+01 
 3.68694506e+05  9.27371725e+00  3.68694506e+05 -5.02231734e+01 
 3.98107171e+05  7.97734848e+00  3.98107171e+05 -4.67368616e+01 
 4.29866235e+05  6.85545670e+00  4.29866235e+05 -4.34635915e+01 
 4.64158883e+05  5.88576443e+00  4.64158883e+05 -4.03962842e+01 
 5.01187234e+05  5.04852319e+00  5.01187234e+05 -3.75267549e+01 
 5.41169527e+05  4.32631127e+00  5.41169527e+05 -3.48460838e+01 
 5.84341413e+05  3.70382276e+00  5.84341413e+05 -3.23449128e+01 
 6.30957344e+05  3.16765756e+00  6.30957344e+05 -3.00136814e+01 
 6.81292069e+05  2.70611900e+00  6.81292069e+05 -2.78428091e+01 
 7.35642254e+05  2.30902318e+00  7.35642254e+05 -2.58228358e+01 
 7.94328235e+05  1.96752250e+00  7.94328235e+05 -2.39445257e+01 
 8.57695899e+05  1.67394452e+00  8.57695899e+05 -2.21989434e+01 
 9.26118728e+05  1.42164637e+00  9.26118728e+05 -2.05775065e+01 
 1.00000000e+06  1.20488438e+00  1.00000000e+06 -1.90720204e+01 
 1.07977516e+06  1.01869809e+00  1.07977516e+06 -1.76746982e+01 
 1.16591440e+06  8.58807664e-01  1.16591440e+06 -1.63781703e+01 
 1.25892541e+06  7.21523667e-01  1.25892541e+06 -1.51754853e+01 
 1.35935639e+06  6.03667902e-01  1.35935639e+06 -1.40601044e+01 
 1.46779927e+06  5.02504281e-01  1.46779927e+06 -1.30258914e+01 
 1.58489319e+06  4.15678579e-01  1.58489319e+06 -1.20670990e+01 
 1.71132830e+06  3.41166066e-01  1.71132830e+06 -1.11783534e+01 
 1.84784980e+06  2.77226075e-01  1.84784980e+06 -1.03546369e+01 
 1.99526231e+06  2.22362659e-01  1.99526231e+06 -9.59126993e+00 
 2.15443469e+06  1.75290559e-01  2.15443469e+06 -8.88389280e+00 
 2.32630507e+06  1.34905813e-01  2.32630507e+06 -8.22844716e+00 
 2.51188643e+06  1.00260388e-01  2.51188643e+06 -7.62115801e+00 
 2.71227258e+06  7.05403162e-02  2.71227258e+06 -7.05851612e+00 
 2.92864456e+06  4.50468581e-02  2.92864456e+06 -6.53726104e+00 
 3.16227766e+06  2.31802828e-02  3.16227766e+06 -6.05436481e+00 
 3.41454887e+06  4.42591615e-03  3.41454887e+06 -5.60701648e+00 
 3.68694506e+06 -1.16578598e-02  3.68694506e+06 -5.19260738e+00 
 3.98107171e+06 -2.54499217e-02  3.98107171e+06 -4.80871727e+00 
 4.29866235e+06 -3.72752681e-02  4.29866235e+06 -4.45310123e+00 
 4.64158883e+06 -4.74126324e-02  4.64158883e+06 -4.12367735e+00 
 5.01187234e+06 -5.61010199e-02  5.01187234e+06 -3.81851524e+00 
 5.41169527e+06 -6.35453179e-02  5.41169527e+06 -3.53582524e+00 
 5.84341413e+06 -6.99211100e-02  5.84341413e+06 -3.27394832e+00 
 6.30957344e+06 -7.53788045e-02  6.30957344e+06 -3.03134672e+00 
 6.81292069e+06 -8.00471740e-02  6.81292069e+06 -2.80659515e+00 
 7.35642254e+06 -8.40363872e-02  7.35642254e+06 -2.59837267e+00 
 7.94328235e+06 -8.74406049e-02  7.94328235e+06 -2.40545508e+00 
 8.57695899e+06 -9.03402013e-02  8.57695899e+06 -2.22670787e+00 
 9.26118728e+06 -9.28036609e-02  9.26118728e+06 -2.06107967e+00 
 1.00000000e+07 -9.48891979e-02  1.00000000e+07 -1.90759616e+00 
 1.07977516e+07 -9.66461353e-02  1.07977516e+07 -1.76535444e+00 
 1.16591440e+07 -9.81160769e-02  1.16591440e+07 -1.63351778e+00 
 1.25892541e+07 -9.93339008e-02  1.25892541e+07 -1.51131078e+00 
 1.35935639e+07 -1.00328598e-01  1.35935639e+07 -1.39801489e+00 
 1.46779927e+07 -1.01123979e-01  1.46779927e+07 -1.29296426e+00 
 1.58489319e+07 -1.01739265e-01  1.58489319e+07 -1.19554189e+00 
 1.71132830e+07 -1.02189579e-01  1.71132830e+07 -1.10517612e+00 
 1.84784980e+07 -1.02486356e-01  1.84784980e+07 -1.02133735e+00 
 1.99526231e+07 -1.02637683e-01  1.99526231e+07 -9.43535097e-01 
 2.15443469e+07 -1.02648578e-01  2.15443469e+07 -8.71315211e-01 
 2.32630507e+07 -1.02521231e-01  2.32630507e+07 -8.04257414e-01 
 2.51188643e+07 -1.02255208e-01  2.51188643e+07 -7.41973028e-01 
 2.71227258e+07 -1.01847646e-01  2.71227258e+07 -6.84102921e-01 
 2.92864456e+07 -1.01293445e-01  2.92864456e+07 -6.30315672e-01 
 3.16227766e+07 -1.00585474e-01  3.16227766e+07 -5.80305922e-01 
 3.41454887e+07 -9.97148249e-02  3.41454887e+07 -5.33792908e-01 
 3.68694506e+07 -9.86711150e-02  3.68694506e+07 -4.90519158e-01 
 3.98107171e+07 -9.74428783e-02  3.98107171e+07 -4.50249320e-01 
 4.29866235e+07 -9.60180554e-02  4.29866235e+07 -4.12769105e-01 
 4.64158883e+07 -9.43846049e-02  4.64158883e+07 -3.77884291e-01 
 5.01187234e+07 -9.25312445e-02  5.01187234e+07 -3.45419745e-01 
 5.41169527e+07 -9.04483224e-02  5.41169527e+07 -3.15218412e-01 
 5.84341413e+07 -8.81288002e-02  5.84341413e+07 -2.87140195e-01 
 6.30957344e+07 -8.55693060e-02  6.30957344e+07 -2.61060681e-01 
 6.81292069e+07 -8.27711960e-02  6.81292069e+07 -2.36869629e-01 
 7.35642254e+07 -7.97415312e-02  7.35642254e+07 -2.14469224e-01 
 7.94328235e+07 -7.64938621e-02  7.94328235e+07 -1.93772042e-01 
 8.57695899e+07 -7.30487002e-02  8.57695899e+07 -1.74698813e-01 
 9.26118728e+07 -6.94335686e-02  9.26118728e+07 -1.57176021e-01 
 1.00000000e+08 -6.56825499e-02  1.00000000e+08 -1.41133505e-01 
 1.07977516e+08 -6.18353018e-02  1.07977516e+08 -1.26502208e-01 
 1.16591440e+08 -5.79355790e-02  1.16591440e+08 -1.13212261e-01 
 1.25892541e+08 -5.40293649e-02  1.25892541e+08 -1.01191555e-01 
 1.35935639e+08 -5.01627828e-02  1.35935639e+08 -9.03649264e-02 
 1.46779927e+08 -4.63799863e-02  1.46779927e+08 -8.06539833e-02 
 1.58489319e+08 -4.27212337e-02  1.58489319e+08 -7.19775557e-02 
 1.71132830e+08 -3.92213233e-02  1.71132830e+08 -6.42526479e-02 
 1.84784980e+08 -3.59085062e-02  1.84784980e+08 -5.73957412e-02 
 1.99526231e+08 -3.28039258e-02  1.99526231e+08 -5.13242613e-02 
 2.15443469e+08 -2.99215672e-02  2.15443469e+08 -4.59580364e-02 
 2.32630507e+08 -2.72686414e-02  2.32630507e+08 -4.12206018e-02 
 2.51188643e+08 -2.48462994e-02  2.51188643e+08 -3.70402523e-02 
 2.71227258e+08 -2.26505555e-02  2.71227258e+08 -3.33507904e-02 
 2.92864456e+08 -2.06733078e-02  2.92864456e+08 -3.00919659e-02 
 3.16227766e+08 -1.89033607e-02  3.16227766e+08 -2.72096290e-02 
 3.41454887e+08 -1.73273782e-02  3.41454887e+08 -2.46556463e-02 
 3.68694506e+08 -1.59307236e-02  3.68694506e+08 -2.23876320e-02 
 3.98107171e+08 -1.46981620e-02  3.98107171e+08 -2.03685536e-02 
 4.29866235e+08 -1.36144207e-02  4.29866235e+08 -1.85662595e-02 
 4.64158883e+08 -1.26646142e-02  4.64158883e+08 -1.69529719e-02 
 5.01187234e+08 -1.18345481e-02  5.01187234e+08 -1.55047768e-02 
 5.41169527e+08 -1.11109211e-02  5.41169527e+08 -1.42011334e-02 
 5.84341413e+08 -1.04814440e-02  5.84341413e+08 -1.30244184e-02 
 6.30957344e+08 -9.93489323e-03  6.30957344e+08 -1.19595125e-02 
 6.81292069e+08 -9.46111682e-03  6.81292069e+08 -1.09934333e-02 
 7.35642254e+08 -9.05100505e-03  7.35642254e+08 -1.01150145e-02 
 7.94328235e+08 -8.69643814e-03  7.94328235e+08 -9.31462845e-03 
 8.57695899e+08 -8.39021929e-03  8.57695899e+08 -8.58394959e-03 
 9.26118728e+08 -8.12599995e-03  9.26118728e+08 -7.91575316e-03 
 1.00000000e+09 -7.89820231e-03  1.00000000e+09 -7.30374591e-03 
 1.07977516e+09 -7.70194232e-03  1.07977516e+09 -6.74242386e-03 
 1.16591440e+09 -7.53295580e-03  1.16591440e+09 -6.22695321e-03 
 1.25892541e+09 -7.38752892e-03  1.25892541e+09 -5.75307085e-03 
 1.35935639e+09 -7.26243399e-03  1.35935639e+09 -5.31700129e-03 
 1.46779927e+09 -7.15487089e-03  1.46779927e+09 -4.91538725e-03 
 1.58489319e+09 -7.06241424e-03  1.58489319e+09 -4.54523170e-03 
 1.71132830e+09 -6.98296603e-03  1.71132830e+09 -4.20384919e-03 
 1.84784980e+09 -6.91471356e-03  1.84784980e+09 -3.88882513e-03 
 1.99526231e+09 -6.85609219e-03  1.99526231e+09 -3.59798138e-03 
 2.15443469e+09 -6.80575256e-03  2.15443469e+09 -3.32934729e-03 
 2.32630507e+09 -6.76253187e-03  2.32630507e+09 -3.08113499e-03 
 2.51188643e+09 -6.72542870e-03  2.51188643e+09 -2.85171852e-03 
 2.71227258e+09 -6.69358112e-03  2.71227258e+09 -2.63961581e-03 
 2.92864456e+09 -6.66624761e-03  2.92864456e+09 -2.44347329e-03 
 3.16227766e+09 -6.64279051e-03  3.16227766e+09 -2.26205253e-03 
 3.41454887e+09 -6.62266167e-03  3.41454887e+09 -2.09421870e-03 
 3.68694506e+09 -6.60539003e-03  3.68694506e+09 -1.93893043e-03 
 3.98107171e+09 -6.59057091e-03  3.98107171e+09 -1.79523097e-03 
 4.29866235e+09 -6.57785668e-03  4.29866235e+09 -1.66224035e-03 
 4.64158883e+09 -6.56694886e-03  4.64158883e+09 -1.53914849e-03 
 5.01187234e+09 -6.55759114e-03  5.01187234e+09 -1.42520903e-03 
 5.41169527e+09 -6.54956349e-03  5.41169527e+09 -1.31973384e-03 
 5.84341413e+09 -6.54267706e-03  5.84341413e+09 -1.22208805e-03 
 6.30957344e+09 -6.53676975e-03  6.30957344e+09 -1.13168567e-03 
 6.81292069e+09 -6.53170245e-03  6.81292069e+09 -1.04798555e-03 
 7.35642254e+09 -6.52735578e-03  7.35642254e+09 -9.70487750e-04 
 7.94328235e+09 -6.52362733e-03  7.94328235e+09 -8.98730241e-04 
 8.57695899e+09 -6.52042920e-03  8.57695899e+09 -8.32285911e-04 
 9.26118728e+09 -6.51768599e-03  9.26118728e+09 -7.70759824e-04 
 1.00000000e+10 -6.51533302e-03  1.00000000e+10 -7.13786712e-04 
