 1.00000000e+00  2.81815116e+02  1.00000000e+00 -2.68923568e-03 
 1.07977516e+00  2.81815116e+02  1.07977516e+00 -2.90376990e-03 
 1.16591440e+00  2.81815116e+02  1.16591440e+00 -3.13541861e-03 
 1.25892541e+00  2.81815116e+02  1.25892541e+00 -3.38554714e-03 
 1.35935639e+00  2.81815116e+02  1.35935639e+00 -3.65562971e-03 
 1.46779927e+00  2.81815116e+02  1.46779927e+00 -3.94725817e-03 
 1.58489319e+00  2.81815116e+02  1.58489319e+00 -4.26215133e-03 
 1.71132830e+00  2.81815116e+02  1.71132830e+00 -4.60216514e-03 
 1.84784980e+00  2.81815116e+02  1.84784980e+00 -4.96930361e-03 
 1.99526231e+00  2.81815116e+02  1.99526231e+00 -5.36573061e-03 
 2.15443469e+00  2.81815116e+02  2.15443469e+00 -5.79378265e-03 
 2.32630507e+00  2.81815116e+02  2.32630507e+00 -6.25598260e-03 
 2.51188643e+00  2.81815116e+02  2.51188643e+00 -6.75505462e-03 
 2.71227258e+00  2.81815116e+02  2.71227258e+00 -7.29394020e-03 
 2.92864456e+00  2.81815116e+02  2.92864456e+00 -7.87581546e-03 
 3.16227766e+00  2.81815116e+02  3.16227766e+00 -8.50410992e-03 
 3.41454887e+00  2.81815116e+02  3.41454887e+00 -9.18252667e-03 
 3.68694506e+00  2.81815116e+02  3.68694506e+00 -9.91506422e-03 
 3.98107171e+00  2.81815116e+02  3.98107171e+00 -1.07060401e-02 
 4.29866235e+00  2.81815116e+02  4.29866235e+00 -1.15601162e-02 
 4.64158883e+00  2.81815116e+02  4.64158883e+00 -1.24823263e-02 
 5.01187234e+00  2.81815116e+02  5.01187234e+00 -1.34781059e-02 
 5.41169527e+00  2.81815116e+02  5.41169527e+00 -1.45533240e-02 
 5.84341413e+00  2.81815116e+02  5.84341413e+00 -1.57143178e-02 
 6.30957344e+00  2.81815115e+02  6.30957344e+00 -1.69679300e-02 
 6.81292069e+00  2.81815115e+02  6.81292069e+00 -1.83215494e-02 
 7.35642254e+00  2.81815115e+02  7.35642254e+00 -1.97831539e-02 
 7.94328235e+00  2.81815115e+02  7.94328235e+00 -2.13613582e-02 
 8.57695899e+00  2.81815114e+02  8.57695899e+00 -2.30654640e-02 
 9.26118728e+00  2.81815114e+02  9.26118728e+00 -2.49055151e-02 
 1.00000000e+01  2.81815114e+02  1.00000000e+01 -2.68923566e-02 
 1.07977516e+01  2.81815113e+02  1.07977516e+01 -2.90376987e-02 
 1.16591440e+01  2.81815113e+02  1.16591440e+01 -3.13541857e-02 
 1.25892541e+01  2.81815112e+02  1.25892541e+01 -3.38554709e-02 
 1.35935639e+01  2.81815112e+02  1.35935639e+01 -3.65562965e-02 
 1.46779927e+01  2.81815111e+02  1.46779927e+01 -3.94725809e-02 
 1.58489319e+01  2.81815110e+02  1.58489319e+01 -4.26215123e-02 
 1.71132830e+01  2.81815109e+02  1.71132830e+01 -4.60216502e-02 
 1.84784980e+01  2.81815108e+02  1.84784980e+01 -4.96930346e-02 
 1.99526231e+01  2.81815106e+02  1.99526231e+01 -5.36573042e-02 
 2.15443469e+01  2.81815104e+02  2.15443469e+01 -5.79378240e-02 
 2.32630507e+01  2.81815102e+02  2.32630507e+01 -6.25598229e-02 
 2.51188643e+01  2.81815100e+02  2.51188643e+01 -6.75505424e-02 
 2.71227258e+01  2.81815098e+02  2.71227258e+01 -7.29393972e-02 
 2.92864456e+01  2.81815094e+02  2.92864456e+01 -7.87581486e-02 
 3.16227766e+01  2.81815091e+02  3.16227766e+01 -8.50410915e-02 
 3.41454887e+01  2.81815086e+02  3.41454887e+01 -9.18252570e-02 
 3.68694506e+01  2.81815082e+02  3.68694506e+01 -9.91506301e-02 
 3.98107171e+01  2.81815076e+02  3.98107171e+01 -1.07060385e-01 
 4.29866235e+01  2.81815069e+02  4.29866235e+01 -1.15601142e-01 
 4.64158883e+01  2.81815061e+02  4.64158883e+01 -1.24823239e-01 
 5.01187234e+01  2.81815052e+02  5.01187234e+01 -1.34781029e-01 
 5.41169527e+01  2.81815041e+02  5.41169527e+01 -1.45533201e-01 
 5.84341413e+01  2.81815029e+02  5.84341413e+01 -1.57143129e-01 
 6.30957344e+01  2.81815014e+02  6.30957344e+01 -1.69679239e-01 
 6.81292069e+01  2.81814997e+02  6.81292069e+01 -1.83215417e-01 
 7.35642254e+01  2.81814978e+02  7.35642254e+01 -1.97831443e-01 
 7.94328235e+01  2.81814955e+02  7.94328235e+01 -2.13613461e-01 
 8.57695899e+01  2.81814928e+02  8.57695899e+01 -2.30654487e-01 
 9.26118728e+01  2.81814896e+02  9.26118728e+01 -2.49054959e-01 
 1.00000000e+02  2.81814860e+02  1.00000000e+02 -2.68923324e-01 
 1.07977516e+02  2.81814817e+02  1.07977516e+02 -2.90376682e-01 
 1.16591440e+02  2.81814768e+02  1.16591440e+02 -3.13541474e-01 
 1.25892541e+02  2.81814710e+02  1.25892541e+02 -3.38554226e-01 
 1.35935639e+02  2.81814642e+02  1.35935639e+02 -3.65562357e-01 
 1.46779927e+02  2.81814564e+02  1.46779927e+02 -3.94725043e-01 
 1.58489319e+02  2.81814472e+02  1.58489319e+02 -4.26214159e-01 
 1.71132830e+02  2.81814365e+02  1.71132830e+02 -4.60215288e-01 
 1.84784980e+02  2.81814241e+02  1.84784980e+02 -4.96928818e-01 
 1.99526231e+02  2.81814095e+02  1.99526231e+02 -5.36571119e-01 
 2.15443469e+02  2.81813926e+02  2.15443469e+02 -5.79375819e-01 
 2.32630507e+02  2.81813728e+02  2.32630507e+02 -6.25595181e-01 
 2.51188643e+02  2.81813498e+02  2.51188643e+02 -6.75501586e-01 
 2.71227258e+02  2.81813230e+02  2.71227258e+02 -7.29389140e-01 
 2.92864456e+02  2.81812917e+02  2.92864456e+02 -7.87575403e-01 
 3.16227766e+02  2.81812552e+02  3.16227766e+02 -8.50403258e-01 
 3.41454887e+02  2.81812126e+02  3.41454887e+02 -9.18242930e-01 
 3.68694506e+02  2.81811630e+02  3.68694506e+02 -9.91494165e-01 
 3.98107171e+02  2.81811052e+02  3.98107171e+02 -1.07058858e+00 
 4.29866235e+02  2.81810377e+02  4.29866235e+02 -1.15599219e+00 
 4.64158883e+02  2.81809591e+02  4.64158883e+02 -1.24820817e+00 
 5.01187234e+02  2.81808674e+02  5.01187234e+02 -1.34777980e+00 
 5.41169527e+02  2.81807605e+02  5.41169527e+02 -1.45529364e+00 
 5.84341413e+02  2.81806359e+02  5.84341413e+02 -1.57138298e+00 
 6.30957344e+02  2.81804906e+02  6.30957344e+02 -1.69673157e+00 
 6.81292069e+02  2.81803213e+02  6.81292069e+02 -1.83207760e+00 
 7.35642254e+02  2.81801238e+02  7.35642254e+02 -1.97821803e+00 
 7.94328235e+02  2.81798935e+02  7.94328235e+02 -2.13601325e+00 
 8.57695899e+02  2.81796251e+02  8.57695899e+02 -2.30639210e+00 
 9.26118728e+02  2.81793121e+02  9.26118728e+02 -2.49035726e+00 
 1.00000000e+03  2.81789472e+02  1.00000000e+03 -2.68899111e+00 
 1.07977516e+03  2.81785217e+02  1.07977516e+03 -2.90346200e+00 
 1.16591440e+03  2.81780257e+02  1.16591440e+03 -3.13503100e+00 
 1.25892541e+03  2.81774474e+02  1.25892541e+03 -3.38505918e+00 
 1.35935639e+03  2.81767732e+02  1.35935639e+03 -3.65501542e+00 
 1.46779927e+03  2.81759872e+02  1.46779927e+03 -3.94648484e+00 
 1.58489319e+03  2.81750708e+02  1.58489319e+03 -4.26117780e+00 
 1.71132830e+03  2.81740025e+02  1.71132830e+03 -4.60093959e+00 
 1.84784980e+03  2.81727570e+02  1.84784980e+03 -4.96776080e+00 
 1.99526231e+03  2.81713050e+02  1.99526231e+03 -5.36378842e+00 
 2.15443469e+03  2.81696123e+02  2.15443469e+03 -5.79133772e+00 
 2.32630507e+03  2.81676390e+02  2.32630507e+03 -6.25290483e+00 
 2.51188643e+03  2.81653387e+02  2.51188643e+03 -6.75118026e+00 
 2.71227258e+03  2.81626571e+02  2.71227258e+03 -7.28906314e+00 
 2.92864456e+03  2.81595313e+02  2.92864456e+03 -7.86967628e+00 
 3.16227766e+03  2.81558878e+02  3.16227766e+03 -8.49638215e+00 
 3.41454887e+03  2.81516409e+02  3.41454887e+03 -9.17279945e+00 
 3.68694506e+03  2.81466911e+02  3.68694506e+03 -9.90282053e+00 
 3.98107171e+03  2.81409221e+02  3.98107171e+03 -1.06906293e+01 
 4.29866235e+03  2.81341991e+02  4.29866235e+03 -1.15407198e+01 
 4.64158883e+03  2.81263646e+02  4.64158883e+03 -1.24579146e+01 
 5.01187234e+03  2.81172357e+02  5.01187234e+03 -1.34473833e+01 
 5.41169527e+03  2.81065998e+02  5.41169527e+03 -1.45146611e+01 
 5.84341413e+03  2.80942093e+02  5.84341413e+03 -1.56656656e+01 
 6.30957344e+03  2.80797768e+02  6.30957344e+03 -1.69067120e+01 
 6.81292069e+03  2.80629685e+02  6.81292069e+03 -1.82445265e+01 
 7.35642254e+03  2.80433969e+02  7.35642254e+03 -1.96862555e+01 
 7.94328235e+03  2.80206124e+02  7.94328235e+03 -2.12394694e+01 
 8.57695899e+03  2.79940943e+02  8.57695899e+03 -2.29121602e+01 
 9.26118728e+03  2.79632398e+02  9.26118728e+03 -2.47127297e+01 
 1.00000000e+04  2.79273517e+02  1.00000000e+04 -2.66499654e+01 
 1.07977516e+04  2.78856254e+02  1.07977516e+04 -2.87330019e+01 
 1.16591440e+04  2.78371332e+02  1.16591440e+04 -3.09712619e+01 
 1.25892541e+04  2.77808078e+02  1.25892541e+04 -3.33743733e+01 
 1.35935639e+04  2.77154241e+02  1.35935639e+04 -3.59520551e+01 
 1.46779927e+04  2.76395797e+02  1.46779927e+04 -3.87139664e+01 
 1.58489319e+04  2.75516738e+02  1.58489319e+04 -4.16695089e+01 
 1.71132830e+04  2.74498859e+02  1.71132830e+04 -4.48275740e+01 
 1.84784980e+04  2.73321550e+02  1.84784980e+04 -4.81962252e+01 
 1.99526231e+04  2.71961588e+02  1.99526231e+04 -5.17823033e+01 
 2.15443469e+04  2.70392968e+02  2.15443469e+04 -5.55909442e+01 
 2.32630507e+04  2.68586773e+02  2.32630507e+04 -5.96250003e+01 
 2.51188643e+04  2.66511118e+02  2.51188643e+04 -6.38843552e+01 
 2.71227258e+04  2.64131203e+02  2.71227258e+04 -6.83651309e+01 
 2.92864456e+04  2.61409508e+02  2.92864456e+04 -7.30587906e+01 
 3.16227766e+04  2.58306182e+02  3.16227766e+04 -7.79511502e+01 
 3.41454887e+04  2.54779677e+02  3.41454887e+04 -8.30213294e+01 
 3.68694506e+04  2.50787674e+02  3.68694506e+04 -8.82406906e+01 
 3.98107171e+04  2.46288359e+02  3.98107171e+04 -9.35718359e+01 
 4.29866235e+04  2.41242080e+02  4.29866235e+04 -9.89677622e+01 
 4.64158883e+04  2.35613392e+02  4.64158883e+04 -1.04371299e+02 
 5.01187234e+04  2.29373468e+02  5.01187234e+04 -1.09714974e+02 
 5.41169527e+04  2.22502792e+02  5.41169527e+04 -1.14921469e+02 
 5.84341413e+04  2.14993998e+02  5.84341413e+04 -1.19904814e+02 
 6.30957344e+04  2.06854624e+02  6.30957344e+04 -1.24572439e+02 
 6.81292069e+04  1.98109518e+02  6.81292069e+04 -1.28828129e+02 
 7.35642254e+04  1.88802564e+02  7.35642254e+04 -1.32575846e+02 
 7.94328235e+04  1.78997412e+02  7.94328235e+04 -1.35724233e+02 
 8.57695899e+04  1.68776934e+02  8.57695899e+04 -1.38191492e+02 
 9.26118728e+04  1.58241235e+02  9.26118728e+04 -1.39910231e+02 
 1.00000000e+05  1.47504241e+02  1.00000000e+05 -1.40831759e+02 
 1.07977516e+05  1.36689035e+02  1.07977516e+05 -1.40929376e+02 
 1.16591440e+05  1.25922325e+02  1.16591440e+05 -1.40200229e+02 
 1.25892541e+05  1.15328568e+02  1.25892541e+05 -1.38665513e+02 
 1.35935639e+05  1.05024304e+02  1.35935639e+05 -1.36368990e+02 
 1.46779927e+05  9.51132494e+01  1.46779927e+05 -1.33374008e+02 
 1.58489319e+05  8.56825660e+01  1.58489319e+05 -1.29759396e+02 
 1.71132830e+05  7.68005285e+01  1.71132830e+05 -1.25614708e+02 
 1.84784980e+05  6.85156523e+01  1.84784980e+05 -1.21035305e+02 
 1.99526231e+05  6.08571425e+01  1.99526231e+05 -1.16117732e+02 
 2.15443469e+05  5.38364150e+01  2.15443469e+05 -1.10955717e+02 
 2.32630507e+05  4.74493710e+01  2.32630507e+05 -1.05637002e+02 
 2.51188643e+05  4.16790993e+01  2.51188643e+05 -1.00241079e+02 
 2.71227258e+05  3.64987142e+01  2.71227258e+05 -9.48378035e+01 
 2.92864456e+05  3.18740990e+01  2.92864456e+05 -8.94867780e+01 
 3.16227766e+05  2.77663928e+01  3.16227766e+05 -8.42373615e+01 
 3.41454887e+05  2.41341277e+01  3.41454887e+05 -7.91291448e+01 
 3.68694506e+05  2.09349757e+01  3.68694506e+05 -7.41927413e+01 
 3.98107171e+05  1.81271109e+01  3.98107171e+05 -6.94507623e+01 
 4.29866235e+05  1.56702156e+01  4.29866235e+05 -6.49188721e+01 
 4.64158883e+05  1.35261782e+01  4.64158883e+05 -6.06068447e+01 
 5.01187234e+05  1.16595344e+01  5.01187234e+05 -5.65195702e+01 
 5.41169527e+05  1.00377043e+01  5.41169527e+05 -5.26579745e+01 
 5.84341413e+05  8.63107376e+00  5.84341413e+05 -4.90198383e+01 
 6.30957344e+05  7.41296106e+00  6.30957344e+05 -4.56005069e+01 
 6.81292069e+05  6.35950353e+00  6.81292069e+05 -4.23934935e+01 
 7.35642254e+05  5.44949226e+00  7.35642254e+05 -3.93909837e+01 
 7.94328235e+05  4.66417580e+00  7.94328235e+05 -3.65842491e+01 
 8.57695899e+05  3.98704908e+00  8.57695899e+05 -3.39639828e+01 
 9.26118728e+05  3.40363916e+00  9.26118728e+05 -3.15205661e+01 
 1.00000000e+06  2.90129574e+00  1.00000000e+06 -2.92442783e+01 
 1.07977516e+06  2.46899188e+00  1.07977516e+06 -2.71254582e+01 
 1.16591440e+06  2.09713813e+00  1.16591440e+06 -2.51546254e+01 
 1.25892541e+06  1.77741172e+00  1.25892541e+06 -2.33225710e+01 
 1.35935639e+06  1.50260156e+00  1.35935639e+06 -2.16204208e+01 
 1.46779927e+06  1.26646880e+00  1.46779927e+06 -2.00396788e+01 
 1.58489319e+06  1.06362254e+00  1.58489319e+06 -1.85722544e+01 
 1.71132830e+06  8.89409457e-01  1.71132830e+06 -1.72104763e+01 
 1.84784980e+06  7.39816634e-01  1.84784980e+06 -1.59470976e+01 
 1.99526231e+06  6.11386086e-01  1.99526231e+06 -1.47752930e+01 
 2.15443469e+06  5.01140041e-01  2.15443469e+06 -1.36886503e+01 
 2.32630507e+06  4.06515726e-01  2.32630507e+06 -1.26811585e+01 
 2.51188643e+06  3.25308626e-01  2.51188643e+06 -1.17471926e+01 
 2.71227258e+06  2.55623213e-01  2.71227258e+06 -1.08814971e+01 
 2.92864456e+06  1.95830248e-01  2.92864456e+06 -1.00791680e+01 
 3.16227766e+06  1.44529819e-01  3.16227766e+06 -9.33563388e+00 
 3.41454887e+06  1.00519408e-01  3.41454887e+06 -8.64663790e+00 
 3.68694506e+06  6.27663222e-02  3.68694506e+06 -8.00821880e+00 
 3.98107171e+06  3.03839112e-02  3.98107171e+06 -7.41669304e+00 
 4.29866235e+06  2.61108430e-03  4.29866235e+06 -6.86863723e+00 
 4.64158883e+06 -2.12053338e-02  4.64158883e+06 -6.36087128e+00 
 5.01187234e+06 -4.16257825e-02  5.01187234e+06 -5.89044230e+00 
 5.41169527e+06 -5.91310204e-02  5.41169527e+06 -5.45460935e+00 
 5.84341413e+06 -7.41333452e-02  5.84341413e+06 -5.05082889e+00 
 6.30957344e+06 -8.69862337e-02  6.30957344e+06 -4.67674121e+00 
 6.81292069e+06 -9.79926172e-02  6.81292069e+06 -4.33015754e+00 
 7.35642254e+06 -1.07411984e-01  7.35642254e+06 -4.00904801e+00 
 7.94328235e+06 -1.15466470e-01  7.94328235e+06 -3.71153038e+00 
 8.57695899e+06 -1.22346079e-01  8.57695899e+06 -3.43585947e+00 
 9.26118728e+06 -1.28213154e-01  9.26118728e+06 -3.18041737e+00 
 1.00000000e+07 -1.33206199e-01  1.00000000e+07 -2.94370419e+00 
 1.07977516e+07 -1.37443151e-01  1.07977516e+07 -2.72432962e+00 
 1.16591440e+07 -1.41024165e-01  1.16591440e+07 -2.52100488e+00 
 1.25892541e+07 -1.44033990e-01  1.25892541e+07 -2.33253542e+00 
 1.35935639e+07 -1.46543993e-01  1.35935639e+07 -2.15781407e+00 
 1.46779927e+07 -1.48613863e-01  1.46779927e+07 -1.99581467e+00 
 1.58489319e+07 -1.50293064e-01  1.58489319e+07 -1.84558621e+00 
 1.71132830e+07 -1.51622054e-01  1.71132830e+07 -1.70624745e+00 
 1.84784980e+07 -1.52633310e-01  1.84784980e+07 -1.57698186e+00 
 1.99526231e+07 -1.53352191e-01  1.99526231e+07 -1.45703308e+00 
 2.15443469e+07 -1.53797660e-01  2.15443469e+07 -1.34570070e+00 
 2.32630507e+07 -1.53982899e-01  2.32630507e+07 -1.24233635e+00 
 2.51188643e+07 -1.53915836e-01  2.51188643e+07 -1.14634029e+00 
 2.71227258e+07 -1.53599613e-01  2.71227258e+07 -1.05715814e+00 
 2.92864456e+07 -1.53033023e-01  2.92864456e+07 -9.74278109e-01 
 3.16227766e+07 -1.52210945e-01  3.16227766e+07 -8.97228349e-01 
 3.41454887e+07 -1.51124805e-01  3.41454887e+07 -8.25574723e-01 
 3.68694506e+07 -1.49763110e-01  3.68694506e+07 -7.58918744e-01 
 3.98107171e+07 -1.48112066e-01  3.98107171e+07 -6.96895765e-01 
 4.29866235e+07 -1.46156346e-01  4.29866235e+07 -6.39173327e-01 
 4.64158883e+07 -1.43880005e-01  4.64158883e+07 -5.85449638e-01 
 5.01187234e+07 -1.41267592e-01  5.01187234e+07 -5.35452099e-01 
 5.41169527e+07 -1.38305444e-01  5.41169527e+07 -4.88935792e-01 
 5.84341413e+07 -1.34983152e-01  5.84341413e+07 -4.45681856e-01 
 6.30957344e+07 -1.31295149e-01  6.30957344e+07 -4.05495627e-01 
 6.81292069e+07 -1.27242340e-01  6.81292069e+07 -3.68204488e-01 
 7.35642254e+07 -1.22833634e-01  7.35642254e+07 -3.33655329e-01 
 7.94328235e+07 -1.18087241e-01  7.94328235e+07 -3.01711624e-01 
 8.57695899e+07 -1.13031547e-01  8.57695899e+07 -2.72250136e-01 
 9.26118728e+07 -1.07705392e-01  9.26118728e+07 -2.45157377e-01 
 1.00000000e+08 -1.02157629e-01  1.00000000e+08 -2.20325976e-01 
 1.07977516e+08 -9.64458840e-02  1.07977516e+08 -1.97651221e-01 
 1.16591440e+08 -9.06345469e-02  1.16591440e+08 -1.77028008e-01 
 1.25892541e+08 -8.47921265e-02  1.25892541e+08 -1.58348479e-01 
 1.35935639e+08 -7.89881931e-02  1.35935639e+08 -1.41500518e-01 
 1.46779927e+08 -7.32902028e-02  1.46779927e+08 -1.26367225e-01 
 1.58489319e+08 -6.77605143e-02  1.58489319e+08 -1.12827329e-01 
 1.71132830e+08 -6.24538762e-02  1.71132830e+08 -1.00756423e-01 
 1.84784980e+08 -5.74155904e-02  1.84784980e+08 -9.00287872e-02 
 1.99526231e+08 -5.26804548e-02  1.99526231e+08 -8.05195441e-02 
 2.15443469e+08 -4.82724832e-02  2.15443469e+08 -7.21068625e-02 
 2.32630507e+08 -4.42053162e-02  2.32630507e+08 -6.46739920e-02 
 2.51188643e+08 -4.04831714e-02  2.51188643e+08 -5.81109508e-02 
 2.71227258e+08 -3.71021582e-02  2.71227258e+08 -5.23157754e-02 
 2.92864456e+08 -3.40517832e-02  2.92864456e+08 -4.71953014e-02 
 3.16227766e+08 -3.13164934e-02  3.16227766e+08 -4.26655054e-02 
 3.41454887e+08 -2.88771424e-02  3.41454887e+08 -3.86514659e-02 
 3.68694506e+08 -2.67123014e-02  3.68694506e+08 -3.50870282e-02 
 3.98107171e+08 -2.47993704e-02  3.98107171e+08 -3.19142547e-02 
 4.29866235e+08 -2.31154762e-02  4.29866235e+08 -2.90827411e-02 
 4.64158883e+08 -2.16381636e-02  4.64158883e+08 -2.65488638e-02 
 5.01187234e+08 -2.03458975e-02  5.01187234e+08 -2.42750117e-02 
 5.41169527e+08 -1.92184050e-02  5.41169527e+08 -2.22288400e-02 
 5.84341413e+08 -1.82368839e-02  5.84341413e+08 -2.03825699e-02 
 6.30957344e+08 -1.73841077e-02  6.30957344e+08 -1.87123516e-02 
 6.81292069e+08 -1.66444518e-02  6.81292069e+08 -1.71976942e-02 
 7.35642254e+08 -1.60038624e-02  7.35642254e+08 -1.58209671e-02 
 7.94328235e+08 -1.54497869e-02  7.94328235e+08 -1.45669661e-02 
 8.57695899e+08 -1.49710792e-02  8.57695899e+08 -1.34225436e-02 
 9.26118728e+08 -1.45578911e-02  9.26118728e+08 -1.23762920e-02 
 1.00000000e+09 -1.42015577e-02  1.00000000e+09 -1.14182782e-02 
 1.07977516e+09 -1.38944825e-02  1.07977516e+09 -1.05398184e-02 
 1.16591440e+09 -1.36300255e-02  1.16591440e+09 -9.73329063e-03 
 1.25892541e+09 -1.34023986e-02  1.25892541e+09 -8.99197675e-03 
 1.35935639e+09 -1.32065671e-02  1.35935639e+09 -8.30993116e-03 
 1.46779927e+09 -1.30381602e-02  1.46779927e+09 -7.68187048e-03 
 1.58489319e+09 -1.28933897e-02  1.58489319e+09 -7.10308146e-03 
 1.71132830e+09 -1.27689773e-02  1.71132830e+09 -6.56934371e-03 
 1.84784980e+09 -1.26620891e-02  1.84784980e+09 -6.07686490e-03 
 1.99526231e+09 -1.25702782e-02  1.99526231e+09 -5.62222614e-03 
 2.15443469e+09 -1.24914339e-02  2.15443469e+09 -5.20233585e-03 
 2.32630507e+09 -1.24237367e-02  2.32630507e+09 -4.81439067e-03 
 2.51188643e+09 -1.23656194e-02  2.51188643e+09 -4.45584223e-03 
 2.71227258e+09 -1.23157327e-02  2.71227258e+09 -4.12436860e-03 
 2.92864456e+09 -1.22729159e-02  2.92864456e+09 -3.81784996e-03 
 3.16227766e+09 -1.22361705e-02  3.16227766e+09 -3.53434742e-03 
 3.41454887e+09 -1.22046382e-02  3.41454887e+09 -3.27208476e-03 
 3.68694506e+09 -1.21775814e-02  3.68694506e+09 -3.02943245e-03 
 3.98107171e+09 -1.21543662e-02  3.98107171e+09 -2.80489368e-03 
 4.29866235e+09 -1.21344483e-02  4.29866235e+09 -2.59709206e-03 
 4.64158883e+09 -1.21173601e-02  4.64158883e+09 -2.40476066e-03 
 5.01187234e+09 -1.21027002e-02  5.01187234e+09 -2.22673240e-03 
 5.41169527e+09 -1.20901239e-02  5.41169527e+09 -2.06193136e-03 
 5.84341413e+09 -1.20793354e-02  5.84341413e+09 -1.90936505e-03 
 6.30957344e+09 -1.20700807e-02  6.30957344e+09 -1.76811744e-03 
 6.81292069e+09 -1.20621420e-02  6.81292069e+09 -1.63734263e-03 
 7.35642254e+09 -1.20553323e-02  7.35642254e+09 -1.51625925e-03 
 7.94328235e+09 -1.20494911e-02  7.94328235e+09 -1.40414518e-03 
 8.57695899e+09 -1.20444807e-02  8.57695899e+09 -1.30033293e-03 
 9.26118728e+09 -1.20401830e-02  9.26118728e+09 -1.20420531e-03 
 1.00000000e+10 -1.20364967e-02  1.00000000e+10 -1.11519152e-03 
