 1.00000000e+00  2.78191837e+02  1.00000000e+00 -1.94829457e-03 
 1.07977516e+00  2.78191837e+02  1.07977516e+00 -2.10372008e-03 
 1.16591440e+00  2.78191837e+02  1.16591440e+00 -2.27154469e-03 
 1.25892541e+00  2.78191837e+02  1.25892541e+00 -2.45275754e-03 
 1.35935639e+00  2.78191837e+02  1.35935639e+00 -2.64842667e-03 
 1.46779927e+00  2.78191837e+02  1.46779927e+00 -2.85970534e-03 
 1.58489319e+00  2.78191837e+02  1.58489319e+00 -3.08783879e-03 
 1.71132830e+00  2.78191837e+02  1.71132830e+00 -3.33417163e-03 
 1.84784980e+00  2.78191837e+02  1.84784980e+00 -3.60015572e-03 
 1.99526231e+00  2.78191837e+02  1.99526231e+00 -3.88735872e-03 
 2.15443469e+00  2.78191837e+02  2.15443469e+00 -4.19747340e-03 
 2.32630507e+00  2.78191836e+02  2.32630507e+00 -4.53232752e-03 
 2.51188643e+00  2.78191836e+02  2.51188643e+00 -4.89389468e-03 
 2.71227258e+00  2.78191836e+02  2.71227258e+00 -5.28430592e-03 
 2.92864456e+00  2.78191836e+02  2.92864456e+00 -5.70586229e-03 
 3.16227766e+00  2.78191836e+02  3.16227766e+00 -6.16104838e-03 
 3.41454887e+00  2.78191836e+02  3.41454887e+00 -6.65254701e-03 
 3.68694506e+00  2.78191836e+02  3.68694506e+00 -7.18325503e-03 
 3.98107171e+00  2.78191836e+02  3.98107171e+00 -7.75630036e-03 
 4.29866235e+00  2.78191836e+02  4.29866235e+00 -8.37506048e-03 
 4.64158883e+00  2.78191836e+02  4.64158883e+00 -9.04318229e-03 
 5.01187234e+00  2.78191836e+02  5.01187234e+00 -9.76460362e-03 
 5.41169527e+00  2.78191836e+02  5.41169527e+00 -1.05435765e-02 
 5.84341413e+00  2.78191836e+02  5.84341413e+00 -1.13846920e-02 
 6.30957344e+00  2.78191836e+02  6.30957344e+00 -1.22929076e-02 
 6.81292069e+00  2.78191836e+02  6.81292069e+00 -1.32735763e-02 
 7.35642254e+00  2.78191836e+02  7.35642254e+00 -1.43324780e-02 
 7.94328235e+00  2.78191836e+02  7.94328235e+00 -1.54758538e-02 
 8.57695899e+00  2.78191836e+02  8.57695899e+00 -1.67104425e-02 
 9.26118728e+00  2.78191835e+02  9.26118728e+00 -1.80435208e-02 
 1.00000000e+01  2.78191835e+02  1.00000000e+01 -1.94829456e-02 
 1.07977516e+01  2.78191835e+02  1.07977516e+01 -2.10372007e-02 
 1.16591440e+01  2.78191835e+02  1.16591440e+01 -2.27154468e-02 
 1.25892541e+01  2.78191834e+02  1.25892541e+01 -2.45275752e-02 
 1.35935639e+01  2.78191834e+02  1.35935639e+01 -2.64842664e-02 
 1.46779927e+01  2.78191834e+02  1.46779927e+01 -2.85970531e-02 
 1.58489319e+01  2.78191833e+02  1.58489319e+01 -3.08783876e-02 
 1.71132830e+01  2.78191833e+02  1.71132830e+01 -3.33417159e-02 
 1.84784980e+01  2.78191832e+02  1.84784980e+01 -3.60015566e-02 
 1.99526231e+01  2.78191831e+02  1.99526231e+01 -3.88735865e-02 
 2.15443469e+01  2.78191830e+02  2.15443469e+01 -4.19747330e-02 
 2.32630507e+01  2.78191829e+02  2.32630507e+01 -4.53232740e-02 
 2.51188643e+01  2.78191828e+02  2.51188643e+01 -4.89389453e-02 
 2.71227258e+01  2.78191827e+02  2.71227258e+01 -5.28430574e-02 
 2.92864456e+01  2.78191825e+02  2.92864456e+01 -5.70586205e-02 
 3.16227766e+01  2.78191823e+02  3.16227766e+01 -6.16104808e-02 
 3.41454887e+01  2.78191821e+02  3.41454887e+01 -6.65254663e-02 
 3.68694506e+01  2.78191818e+02  3.68694506e+01 -7.18325455e-02 
 3.98107171e+01  2.78191815e+02  3.98107171e+01 -7.75629976e-02 
 4.29866235e+01  2.78191811e+02  4.29866235e+01 -8.37505973e-02 
 4.64158883e+01  2.78191807e+02  4.64158883e+01 -9.04318134e-02 
 5.01187234e+01  2.78191802e+02  5.01187234e+01 -9.76460243e-02 
 5.41169527e+01  2.78191797e+02  5.41169527e+01 -1.05435750e-01 
 5.84341413e+01  2.78191790e+02  5.84341413e+01 -1.13846901e-01 
 6.30957344e+01  2.78191782e+02  6.30957344e+01 -1.22929053e-01 
 6.81292069e+01  2.78191773e+02  6.81292069e+01 -1.32735733e-01 
 7.35642254e+01  2.78191763e+02  7.35642254e+01 -1.43324743e-01 
 7.94328235e+01  2.78191751e+02  7.94328235e+01 -1.54758490e-01 
 8.57695899e+01  2.78191736e+02  8.57695899e+01 -1.67104366e-01 
 9.26118728e+01  2.78191720e+02  9.26118728e+01 -1.80435133e-01 
 1.00000000e+02  2.78191700e+02  1.00000000e+02 -1.94829361e-01 
 1.07977516e+02  2.78191678e+02  1.07977516e+02 -2.10371888e-01 
 1.16591440e+02  2.78191651e+02  1.16591440e+02 -2.27154318e-01 
 1.25892541e+02  2.78191620e+02  1.25892541e+02 -2.45275563e-01 
 1.35935639e+02  2.78191585e+02  1.35935639e+02 -2.64842427e-01 
 1.46779927e+02  2.78191543e+02  1.46779927e+02 -2.85970232e-01 
 1.58489319e+02  2.78191494e+02  1.58489319e+02 -3.08783499e-01 
 1.71132830e+02  2.78191437e+02  1.71132830e+02 -3.33416685e-01 
 1.84784980e+02  2.78191371e+02  1.84784980e+02 -3.60014969e-01 
 1.99526231e+02  2.78191294e+02  1.99526231e+02 -3.88735114e-01 
 2.15443469e+02  2.78191204e+02  2.15443469e+02 -4.19746385e-01 
 2.32630507e+02  2.78191099e+02  2.32630507e+02 -4.53231550e-01 
 2.51188643e+02  2.78190976e+02  2.51188643e+02 -4.89387955e-01 
 2.71227258e+02  2.78190833e+02  2.71227258e+02 -5.28428688e-01 
 2.92864456e+02  2.78190667e+02  2.92864456e+02 -5.70583831e-01 
 3.16227766e+02  2.78190473e+02  3.16227766e+02 -6.16101819e-01 
 3.41454887e+02  2.78190247e+02  3.41454887e+02 -6.65250901e-01 
 3.68694506e+02  2.78189983e+02  3.68694506e+02 -7.18320719e-01 
 3.98107171e+02  2.78189675e+02  3.98107171e+02 -7.75624014e-01 
 4.29866235e+02  2.78189317e+02  4.29866235e+02 -8.37498466e-01 
 4.64158883e+02  2.78188898e+02  4.64158883e+02 -9.04308684e-01 
 5.01187234e+02  2.78188411e+02  5.01187234e+02 -9.76448346e-01 
 5.41169527e+02  2.78187843e+02  5.41169527e+02 -1.05434252e+00 
 5.84341413e+02  2.78187180e+02  5.84341413e+02 -1.13845015e+00 
 6.30957344e+02  2.78186407e+02  6.30957344e+02 -1.22926679e+00 
 6.81292069e+02  2.78185507e+02  6.81292069e+02 -1.32732745e+00 
 7.35642254e+02  2.78184456e+02  7.35642254e+02 -1.43320980e+00 
 7.94328235e+02  2.78183232e+02  7.94328235e+02 -1.54753754e+00 
 8.57695899e+02  2.78181804e+02  8.57695899e+02 -1.67098403e+00 
 9.26118728e+02  2.78180140e+02  9.26118728e+02 -1.80427626e+00 
 1.00000000e+03  2.78178200e+02  1.00000000e+03 -1.94819911e+00 
 1.07977516e+03  2.78175937e+02  1.07977516e+03 -2.10359991e+00 
 1.16591440e+03  2.78173299e+02  1.16591440e+03 -2.27139340e+00 
 1.25892541e+03  2.78170224e+02  1.25892541e+03 -2.45256708e+00 
 1.35935639e+03  2.78166638e+02  1.35935639e+03 -2.64818690e+00 
 1.46779927e+03  2.78162458e+02  1.46779927e+03 -2.85940349e+00 
 1.58489319e+03  2.78157584e+02  1.58489319e+03 -3.08745880e+00 
 1.71132830e+03  2.78151902e+02  1.71132830e+03 -3.33369326e+00 
 1.84784980e+03  2.78145278e+02  1.84784980e+03 -3.59955349e+00 
 1.99526231e+03  2.78137554e+02  1.99526231e+03 -3.88660059e+00 
 2.15443469e+03  2.78128550e+02  2.15443469e+03 -4.19651900e+00 
 2.32630507e+03  2.78118053e+02  2.32630507e+03 -4.53112604e+00 
 2.51188643e+03  2.78105815e+02  2.51188643e+03 -4.89238218e+00 
 2.71227258e+03  2.78091548e+02  2.71227258e+03 -5.28240190e+00 
 2.92864456e+03  2.78074915e+02  2.92864456e+03 -5.70346540e+00 
 3.16227766e+03  2.78055526e+02  3.16227766e+03 -6.15803109e+00 
 3.41454887e+03  2.78032923e+02  3.41454887e+03 -6.64874878e+00 
 3.68694506e+03  2.78006575e+02  3.68694506e+03 -7.17847379e+00 
 3.98107171e+03  2.77975861e+02  3.98107171e+03 -7.75028181e+00 
 4.29866235e+03  2.77940060e+02  4.29866235e+03 -8.36748455e+00 
 4.64158883e+03  2.77898330e+02  4.64158883e+03 -9.03364618e+00 
 5.01187234e+03  2.77849693e+02  5.01187234e+03 -9.75260048e+00 
 5.41169527e+03  2.77793008e+02  5.41169527e+03 -1.05284685e+01 
 5.84341413e+03  2.77726947e+02  5.84341413e+03 -1.13656767e+01 
 6.30957344e+03  2.77649966e+02  6.30957344e+03 -1.22689754e+01 
 6.81292069e+03  2.77560265e+02  6.81292069e+03 -1.32434572e+01 
 7.35642254e+03  2.77455756e+02  7.35642254e+03 -1.42945745e+01 
 7.94328235e+03  2.77334006e+02  7.94328235e+03 -1.54281570e+01 
 8.57695899e+03  2.77192190e+02  8.57695899e+03 -1.66504266e+01 
 9.26118728e+03  2.77027029e+02  9.26118728e+03 -1.79680102e+01 
 1.00000000e+04  2.76834713e+02  1.00000000e+04 -1.93879493e+01 
 1.07977516e+04  2.76610825e+02  1.07977516e+04 -2.09177041e+01 
 1.16591440e+04  2.76350248e+02  1.16591440e+04 -2.25651512e+01 
 1.25892541e+04  2.76047057e+02  1.25892541e+04 -2.43385717e+01 
 1.35935639e+04  2.75694400e+02  1.35935639e+04 -2.62466290e+01 
 1.46779927e+04  2.75284368e+02  1.46779927e+04 -2.82983300e+01 
 1.58489319e+04  2.74807841e+02  1.58489319e+04 -3.05029681e+01 
 1.71132830e+04  2.74254331e+02  1.71132830e+04 -3.28700423e+01 
 1.84784980e+04  2.73611792e+02  1.84784980e+04 -3.54091451e+01 
 1.99526231e+04  2.72866435e+02  1.99526231e+04 -3.81298153e+01 
 2.15443469e+04  2.72002522e+02  2.15443469e+04 -4.10413436e+01 
 2.32630507e+04  2.71002152e+02  2.32630507e+04 -4.41525257e+01 
 2.51188643e+04  2.69845052e+02  2.51188643e+04 -4.74713503e+01 
 2.71227258e+04  2.68508380e+02  2.71227258e+04 -5.10046119e+01 
 2.92864456e+04  2.66966551e+02  2.92864456e+04 -5.47574378e+01 
 3.16227766e+04  2.65191106e+02  3.16227766e+04 -5.87327196e+01 
 3.41454887e+04  2.63150663e+02  3.41454887e+04 -6.29304400e+01 
 3.68694506e+04  2.60810952e+02  3.68694506e+04 -6.73468939e+01 
 3.98107171e+04  2.58135016e+02  3.98107171e+04 -7.19738048e+01 
 4.29866235e+04  2.55083578e+02  4.29866235e+04 -7.67973521e+01 
 4.64158883e+04  2.51615665e+02  4.64158883e+04 -8.17971371e+01 
 5.01187234e+04  2.47689513e+02  5.01187234e+04 -8.69451342e+01 
 5.41169527e+04  2.43263811e+02  5.41169527e+04 -9.22046988e+01 
 5.84341413e+04  2.38299330e+02  5.84341413e+04 -9.75297267e+01 
 6.30957344e+04  2.32760926e+02  6.30957344e+04 -1.02864089e+02 
 6.81292069e+04  2.26619915e+02  6.81292069e+04 -1.08141483e+02 
 7.35642254e+04  2.19856720e+02  7.35642254e+04 -1.13285868e+02 
 7.94328235e+04  2.12463674e+02  7.94328235e+04 -1.18212613e+02 
 8.57695899e+04  2.04447744e+02  8.57695899e+04 -1.22830500e+02 
 9.26118728e+04  1.95832921e+02  9.26118728e+04 -1.27044615e+02 
 1.00000000e+05  1.86661949e+02  1.00000000e+05 -1.30760095e+02 
 1.07977516e+05  1.76997076e+02  1.07977516e+05 -1.33886558e+02 
 1.16591440e+05  1.66919560e+02  1.16591440e+05 -1.36342915e+02 
 1.25892541e+05  1.56527749e+02  1.25892541e+05 -1.38062157e+02 
 1.35935639e+05  1.45933754e+02  1.35935639e+05 -1.38995622e+02 
 1.46779927e+05  1.35258870e+02  1.46779927e+05 -1.39116277e+02 
 1.58489319e+05  1.24628148e+02  1.58489319e+05 -1.38420596e+02 
 1.71132830e+05  1.14164582e+02  1.71132830e+05 -1.36928809e+02 
 1.84784980e+05  1.03983511e+02  1.84784980e+05 -1.34683486e+02 
 1.99526231e+05  9.41877497e+01  1.99526231e+05 -1.31746636e+02 
 2.15443469e+05  8.48638551e+01  2.15443469e+05 -1.28195682e+02 
 2.32630507e+05  7.60797926e+01  2.32630507e+05 -1.24118775e+02 
 2.51188643e+05  6.78840288e+01  2.51188643e+05 -1.19609942e+02 
 2.71227258e+05  6.03059401e+01  2.71227258e+05 -1.14764505e+02 
 2.92864456e+05  5.33572863e+01  2.92864456e+05 -1.09675113e+02 
 3.16227766e+05  4.70344391e+01  3.16227766e+05 -1.04428584e+02 
 3.41454887e+05  4.13210410e+01  3.41454887e+05 -9.91036500e+01 
 3.68694506e+05  3.61908063e+01  3.68694506e+05 -9.37695565e+01 
 3.98107171e+05  3.16102342e+01  3.98107171e+05 -8.84854386e+01 
 4.29866235e+05  2.75410733e+01  4.29866235e+05 -8.33003124e+01 
 4.64158883e+05  2.39424411e+01  4.64158883e+05 -7.82535331e+01 
 5.01187234e+05  2.07725612e+01  5.01187234e+05 -7.33755681e+01 
 5.41169527e+05  1.79901175e+01  5.41169527e+05 -6.86889561e+01 
 5.84341413e+05  1.55552583e+01  5.84341413e+05 -6.42093470e+01 
 6.30957344e+05  1.34302927e+01  6.30957344e+05 -5.99465468e+01 
 6.81292069e+05  1.15801329e+01  6.81292069e+05 -5.59055117e+01 
 7.35642254e+05  9.97253410e+00  7.35642254e+05 -5.20872598e+01 
 7.94328235e+05  8.57817814e+00  7.94328235e+05 -4.84896821e+01 
 8.57695899e+05  7.37064356e+00  8.57695899e+05 -4.51082463e+01 
 9.26118728e+05  6.32629582e+00  9.26118728e+05 -4.19365958e+01 
 1.00000000e+06  5.42412513e+00  1.00000000e+06 -3.89670496e+01 
 1.07977516e+06  4.64555343e+00  1.07977516e+06 -3.61910142e+01 
 1.16591440e+06  3.97422630e+00  1.16591440e+06 -3.35993157e+01 
 1.25892541e+06  3.39580135e+00  1.25892541e+06 -3.11824661e+01 
 1.35935639e+06  2.89774134e+00  1.35935639e+06 -2.89308708e+01 
 1.46779927e+06  2.46911703e+00  1.46779927e+06 -2.68349898e+01 
 1.58489319e+06  2.10042334e+00  1.58489319e+06 -2.48854590e+01 
 1.71132830e+06  1.78341025e+00  1.71132830e+06 -2.30731796e+01 
 1.84784980e+06  1.51092935e+00  1.84784980e+06 -2.13893817e+01 
 1.99526231e+06  1.27679583e+00  1.99526231e+06 -1.98256679e+01 
 2.15443469e+06  1.07566521e+00  2.15443469e+06 -1.83740401e+01 
 2.32630507e+06  9.02924171e-01  2.32630507e+06 -1.70269142e+01 
 2.51188643e+06  7.54594129e-01  2.51188643e+06 -1.57771247e+01 
 2.71227258e+06  6.27246630e-01  2.71227258e+06 -1.46179224e+01 
 2.92864456e+06  5.17929255e-01  2.92864456e+06 -1.35429663e+01 
 3.16227766e+06  4.24101001e-01  3.16227766e+06 -1.25463119e+01 
 3.41454887e+06  3.43576031e-01  3.41454887e+06 -1.16223962e+01 
 3.68694506e+06  2.74474839e-01  3.68694506e+06 -1.07660214e+01 
 3.98107171e+06  2.15181914e-01  3.98107171e+06 -9.97233695e+00 
 4.29866235e+06  1.64309106e-01  4.29866235e+06 -9.23682167e+00 
 4.64158883e+06  1.20663960e-01  4.64158883e+06 -8.55526504e+00 
 5.01187234e+06  8.32223823e-02  5.01187234e+06 -7.92374906e+00 
 5.41169527e+06  5.11050610e-02  5.41169527e+06 -7.33863037e+00 
 5.84341413e+06  2.35571519e-02  5.84341413e+06 -6.79652292e+00 
 6.30957344e+06 -6.92173573e-05  6.30957344e+06 -6.29428135e+00 
 6.81292069e+06 -2.03300034e-02  6.81292069e+06 -5.82898506e+00 
 7.35642254e+06 -3.77021960e-02  7.35642254e+06 -5.39792309e+00 
 7.94328235e+06 -5.25949500e-02  7.94328235e+06 -4.99857984e+00 
 8.57695899e+06 -6.53591499e-02  8.57695899e+06 -4.62862155e+00 
 9.26118728e+06 -7.62956244e-02  9.26118728e+06 -4.28588359e+00 
 1.00000000e+07 -8.56621982e-02  1.00000000e+07 -3.96835857e+00 
 1.07977516e+07 -9.36797420e-02  1.07977516e+07 -3.67418518e+00 
 1.16591440e+07 -1.00537362e-01  1.16591440e+07 -3.40163772e+00 
 1.25892541e+07 -1.06396844e-01  1.25892541e+07 -3.14911642e+00 
 1.35935639e+07 -1.11396467e-01  1.35935639e+07 -2.91513832e+00 
 1.46779927e+07 -1.15654254e-01  1.46779927e+07 -2.69832882e+00 
 1.58489319e+07 -1.19270762e-01  1.58489319e+07 -2.49741383e+00 
 1.71132830e+07 -1.22331458e-01  1.71132830e+07 -2.31121245e+00 
 1.84784980e+07 -1.24908743e-01  1.84784980e+07 -2.13863017e+00 
 1.99526231e+07 -1.27063674e-01  1.99526231e+07 -1.97865259e+00 
 2.15443469e+07 -1.28847424e-01  2.15443469e+07 -1.83033957e+00 
 2.32630507e+07 -1.30302516e-01  2.32630507e+07 -1.69281983e+00 
 2.51188643e+07 -1.31463868e-01  2.51188643e+07 -1.56528597e+00 
 2.71227258e+07 -1.32359658e-01  2.71227258e+07 -1.44698986e+00 
 2.92864456e+07 -1.33012064e-01  2.92864456e+07 -1.33723837e+00 
 3.16227766e+07 -1.33437872e-01  3.16227766e+07 -1.23538950e+00 
 3.41454887e+07 -1.33648987e-01  3.41454887e+07 -1.14084880e+00 
 3.68694506e+07 -1.33652871e-01  3.68694506e+07 -1.05306609e+00 
 3.98107171e+07 -1.33452919e-01  3.98107171e+07 -9.71532538e-01 
 4.29866235e+07 -1.33048796e-01  4.29866235e+07 -8.95777940e-01 
 4.64158883e+07 -1.32436765e-01  4.64158883e+07 -8.25368334e-01 
 5.01187234e+07 -1.31610024e-01  5.01187234e+07 -7.59903838e-01 
 5.41169527e+07 -1.30559082e-01  5.41169527e+07 -6.99016725e-01 
 5.84341413e+07 -1.29272203e-01  5.84341413e+07 -6.42369717e-01 
 6.30957344e+07 -1.27735948e-01  6.30957344e+07 -5.89654460e-01 
 6.81292069e+07 -1.25935838e-01  6.81292069e+07 -5.40590128e-01 
 7.35642254e+07 -1.23857180e-01  7.35642254e+07 -4.94922139e-01 
 7.94328235e+07 -1.21486043e-01  7.94328235e+07 -4.52420876e-01 
 8.57695899e+07 -1.18810415e-01  8.57695899e+07 -4.12880381e-01 
 9.26118728e+07 -1.15821496e-01  9.26118728e+07 -3.76116911e-01 
 1.00000000e+08 -1.12515093e-01  1.00000000e+08 -3.41967285e-01 
 1.07977516e+08 -1.08893020e-01  1.07977516e+08 -3.10286949e-01 
 1.16591440e+08 -1.04964402e-01  1.16591440e+08 -2.80947700e-01 
 1.25892541e+08 -1.00746739e-01  1.25892541e+08 -2.53835074e-01 
 1.35935639e+08 -9.62665571e-02  1.35935639e+08 -2.28845421e-01 
 1.46779927e+08 -9.15595306e-02  1.46779927e+08 -2.05882786e-01 
 1.58489319e+08 -8.66699401e-02  1.58489319e+08 -1.84855770e-01 
 1.71132830e+08 -8.16494391e-02  1.71132830e+08 -1.65674562e-01 
 1.84784980e+08 -7.65551642e-02  1.84784980e+08 -1.48248398e-01 
 1.99526231e+08 -7.14473239e-02  1.99526231e+08 -1.32483650e-01 
 2.15443469e+08 -6.63864802e-02  2.15443469e+08 -1.18282700e-01 
 2.32630507e+08 -6.14307831e-02  2.32630507e+08 -1.05543662e-01 
 2.51188643e+08 -5.66334301e-02  2.51188643e+08 -9.41609214e-02 
 2.71227258e+08 -5.20405816e-02  2.71227258e+08 -8.40263400e-02 
 2.92864456e+08 -4.76898943e-02  2.92864456e+08 -7.50309441e-02 
 3.16227766e+08 -4.36097422e-02  3.16227766e+08 -6.70668371e-02 
 3.41454887e+08 -3.98191078e-02  3.41454887e+08 -6.00291179e-02 
 3.68694506e+08 -3.63280521e-02  3.68694506e+08 -5.38176078e-02 
 3.98107171e+08 -3.31386245e-02  3.98107171e+08 -4.83382553e-02 
 4.29866235e+08 -3.02460591e-02  4.29866235e+08 -4.35041448e-02 
 4.64158883e+08 -2.76401062e-02  4.64158883e+08 -3.92360999e-02 
 5.01187234e+08 -2.53063742e-02  5.01187234e+08 -3.54629097e-02 
 5.41169527e+08 -2.32275865e-02  5.41169527e+08 -3.21212380e-02 
 5.84341413e+08 -2.13846921e-02  5.84341413e+08 -2.91552875e-02 
 6.30957344e+08 -1.97577988e-02  6.30957344e+08 -2.65162936e-02 
 6.81292069e+08 -1.83269189e-02  6.81292069e+08 -2.41619113e-02 
 7.35642254e+08 -1.70725373e-02  7.35642254e+08 -2.20555552e-02 
 7.94328235e+08 -1.59760200e-02  7.94328235e+08 -2.01657306e-02 
 8.57695899e+08 -1.50198869e-02  8.57695899e+08 -1.84653903e-02 
 9.26118728e+08 -1.41879736e-02  9.26118728e+08 -1.69313350e-02 
 1.00000000e+09 -1.34655071e-02  1.00000000e+09 -1.55436685e-02 
 1.07977516e+09 -1.28391171e-02  1.07977516e+09 -1.42853140e-02 
 1.16591440e+09 -1.22967998e-02  1.16591440e+09 -1.31415905e-02 
 1.25892541e+09 -1.18278515e-02  1.25892541e+09 -1.20998467e-02 
 1.35935639e+09 -1.14227814e-02  1.35935639e+09 -1.11491484e-02 
 1.46779927e+09 -1.10732146e-02  1.46779927e+09 -1.02800129e-02 
 1.58489319e+09 -1.07717906e-02  1.58489319e+09 -9.48418497e-03 
 1.71132830e+09 -1.05120623e-02  1.71132830e+09 -8.75444968e-03 
 1.84784980e+09 -1.02883994e-02  1.84784980e+09 -8.08447457e-03 
 1.99526231e+09 -1.00958966e-02  1.99526231e+09 -7.46867851e-03 
 2.15443469e+09 -9.93028998e-03  2.15443469e+09 -6.90212202e-03 
 2.32630507e+09 -9.78787913e-03  2.32630507e+09 -6.38041567e-03 
 2.51188643e+09 -9.66545822e-03  2.51188643e+09 -5.89964351e-03 
 2.71227258e+09 -9.56025346e-03  2.71227258e+09 -5.45629897e-03 
 2.92864456e+09 -9.46986773e-03  2.92864456e+09 -5.04723100e-03 
 3.16227766e+09 -9.39223152e-03  3.16227766e+09 -4.66959877e-03 
 3.41454887e+09 -9.32555973e-03  3.41454887e+09 -4.32083342e-03 
 3.68694506e+09 -9.26831377e-03  3.68694506e+09 -3.99860558e-03 
 3.98107171e+09 -9.21916841e-03  3.98107171e+09 -3.70079773e-03 
 4.29866235e+09 -9.17698283e-03  4.29866235e+09 -3.42548062e-03 
 4.64158883e+09 -9.14077544e-03  4.64158883e+09 -3.17089290e-03 
 5.01187234e+09 -9.10970207e-03  5.01187234e+09 -2.93542364e-03 
 5.41169527e+09 -9.08303696e-03  5.41169527e+09 -2.71759712e-03 
 5.84341413e+09 -9.06015636e-03  5.84341413e+09 -2.51605951e-03 
 6.30957344e+09 -9.04052435e-03  6.30957344e+09 -2.32956731e-03 
 6.81292069e+09 -9.02368060e-03  6.81292069e+09 -2.15697706e-03 
 7.35642254e+09 -9.00922977e-03  7.35642254e+09 -1.99723631e-03 
 7.94328235e+09 -8.99683238e-03  7.94328235e+09 -1.84937556e-03 
 8.57695899e+09 -8.98619700e-03  8.57695899e+09 -1.71250107e-03 
 9.26118728e+09 -8.97707348e-03  9.26118728e+09 -1.58578840e-03 
 1.00000000e+10 -8.96924709e-03  1.00000000e+10 -1.46847665e-03 
