 1.00000000e+00  3.35027972e+02  1.00000000e+00 -4.19418858e-03 
 1.07977516e+00  3.35027972e+02  1.07977516e+00 -4.52878065e-03 
 1.16591440e+00  3.35027972e+02  1.16591440e+00 -4.89006487e-03 
 1.25892541e+00  3.35027972e+02  1.25892541e+00 -5.28017058e-03 
 1.35935639e+00  3.35027972e+02  1.35935639e+00 -5.70139705e-03 
 1.46779927e+00  3.35027972e+02  1.46779927e+00 -6.15622692e-03 
 1.58489319e+00  3.35027972e+02  1.58489319e+00 -6.64734093e-03 
 1.71132830e+00  3.35027972e+02  1.71132830e+00 -7.17763363e-03 
 1.84784980e+00  3.35027972e+02  1.84784980e+00 -7.75023051e-03 
 1.99526231e+00  3.35027972e+02  1.99526231e+00 -8.36850641e-03 
 2.15443469e+00  3.35027972e+02  2.15443469e+00 -9.03610537e-03 
 2.32630507e+00  3.35027972e+02  2.32630507e+00 -9.75696214e-03 
 2.51188643e+00  3.35027971e+02  2.51188643e+00 -1.05353254e-02 
 2.71227258e+00  3.35027971e+02  2.71227258e+00 -1.13757827e-02 
 2.92864456e+00  3.35027971e+02  2.92864456e+00 -1.22832876e-02 
 3.16227766e+00  3.35027971e+02  3.16227766e+00 -1.32631888e-02 
 3.41454887e+00  3.35027971e+02  3.41454887e+00 -1.43212619e-02 
 3.68694506e+00  3.35027971e+02  3.68694506e+00 -1.54637429e-02 
 3.98107171e+00  3.35027971e+02  3.98107171e+00 -1.66973654e-02 
 4.29866235e+00  3.35027971e+02  4.29866235e+00 -1.80294005e-02 
 4.64158883e+00  3.35027971e+02  4.64158883e+00 -1.94676988e-02 
 5.01187234e+00  3.35027970e+02  5.01187234e+00 -2.10207376e-02 
 5.41169527e+00  3.35027970e+02  5.41169527e+00 -2.26976704e-02 
 5.84341413e+00  3.35027970e+02  5.84341413e+00 -2.45083807e-02 
 6.30957344e+00  3.35027970e+02  6.30957344e+00 -2.64635407e-02 
 6.81292069e+00  3.35027969e+02  6.81292069e+00 -2.85746740e-02 
 7.35642254e+00  3.35027969e+02  7.35642254e+00 -3.08542232e-02 
 7.94328235e+00  3.35027968e+02  7.94328235e+00 -3.33156238e-02 
 8.57695899e+00  3.35027968e+02  8.57695899e+00 -3.59733830e-02 
 9.26118728e+00  3.35027967e+02  9.26118728e+00 -3.88431654e-02 
 1.00000000e+01  3.35027967e+02  1.00000000e+01 -4.19418851e-02 
 1.07977516e+01  3.35027966e+02  1.07977516e+01 -4.52878057e-02 
 1.16591440e+01  3.35027965e+02  1.16591440e+01 -4.89006476e-02 
 1.25892541e+01  3.35027963e+02  1.25892541e+01 -5.28017045e-02 
 1.35935639e+01  3.35027962e+02  1.35935639e+01 -5.70139689e-02 
 1.46779927e+01  3.35027961e+02  1.46779927e+01 -6.15622672e-02 
 1.58489319e+01  3.35027959e+02  1.58489319e+01 -6.64734067e-02 
 1.71132830e+01  3.35027956e+02  1.71132830e+01 -7.17763330e-02 
 1.84784980e+01  3.35027954e+02  1.84784980e+01 -7.75023010e-02 
 1.99526231e+01  3.35027951e+02  1.99526231e+01 -8.36850590e-02 
 2.15443469e+01  3.35027947e+02  2.15443469e+01 -9.03610472e-02 
 2.32630507e+01  3.35027943e+02  2.32630507e+01 -9.75696132e-02 
 2.51188643e+01  3.35027939e+02  2.51188643e+01 -1.05353243e-01 
 2.71227258e+01  3.35027933e+02  2.71227258e+01 -1.13757814e-01 
 2.92864456e+01  3.35027927e+02  2.92864456e+01 -1.22832859e-01 
 3.16227766e+01  3.35027919e+02  3.16227766e+01 -1.32631868e-01 
 3.41454887e+01  3.35027911e+02  3.41454887e+01 -1.43212593e-01 
 3.68694506e+01  3.35027901e+02  3.68694506e+01 -1.54637396e-01 
 3.98107171e+01  3.35027889e+02  3.98107171e+01 -1.66973613e-01 
 4.29866235e+01  3.35027875e+02  4.29866235e+01 -1.80293953e-01 
 4.64158883e+01  3.35027859e+02  4.64158883e+01 -1.94676923e-01 
 5.01187234e+01  3.35027840e+02  5.01187234e+01 -2.10207295e-01 
 5.41169527e+01  3.35027818e+02  5.41169527e+01 -2.26976601e-01 
 5.84341413e+01  3.35027793e+02  5.84341413e+01 -2.45083677e-01 
 6.30957344e+01  3.35027763e+02  6.30957344e+01 -2.64635244e-01 
 6.81292069e+01  3.35027728e+02  6.81292069e+01 -2.85746534e-01 
 7.35642254e+01  3.35027688e+02  7.35642254e+01 -3.08541973e-01 
 7.94328235e+01  3.35027641e+02  7.94328235e+01 -3.33155912e-01 
 8.57695899e+01  3.35027586e+02  8.57695899e+01 -3.59733420e-01 
 9.26118728e+01  3.35027522e+02  9.26118728e+01 -3.88431138e-01 
 1.00000000e+02  3.35027447e+02  1.00000000e+02 -4.19418202e-01 
 1.07977516e+02  3.35027360e+02  1.07977516e+02 -4.52877240e-01 
 1.16591440e+02  3.35027259e+02  1.16591440e+02 -4.89005447e-01 
 1.25892541e+02  3.35027140e+02  1.25892541e+02 -5.28015750e-01 
 1.35935639e+02  3.35027003e+02  1.35935639e+02 -5.70138057e-01 
 1.46779927e+02  3.35026842e+02  1.46779927e+02 -6.15620618e-01 
 1.58489319e+02  3.35026654e+02  1.58489319e+02 -6.64731481e-01 
 1.71132830e+02  3.35026436e+02  1.71132830e+02 -7.17760075e-01 
 1.84784980e+02  3.35026181e+02  1.84784980e+02 -7.75018913e-01 
 1.99526231e+02  3.35025884e+02  1.99526231e+02 -8.36845431e-01 
 2.15443469e+02  3.35025537e+02  2.15443469e+02 -9.03603977e-01 
 2.32630507e+02  3.35025133e+02  2.32630507e+02 -9.75687956e-01 
 2.51188643e+02  3.35024662e+02  2.51188643e+02 -1.05352214e+00 
 2.71227258e+02  3.35024113e+02  2.71227258e+02 -1.13756518e+00 
 2.92864456e+02  3.35023473e+02  2.92864456e+02 -1.22831228e+00 
 3.16227766e+02  3.35022726e+02  3.16227766e+02 -1.32629814e+00 
 3.41454887e+02  3.35021856e+02  3.41454887e+02 -1.43210007e+00 
 3.68694506e+02  3.35020841e+02  3.68694506e+02 -1.54634141e+00 
 3.98107171e+02  3.35019658e+02  3.98107171e+02 -1.66969516e+00 
 4.29866235e+02  3.35018279e+02  4.29866235e+02 -1.80288794e+00 
 4.64158883e+02  3.35016671e+02  4.64158883e+02 -1.94670429e+00 
 5.01187234e+02  3.35014796e+02  5.01187234e+02 -2.10199119e+00 
 5.41169527e+02  3.35012610e+02  5.41169527e+02 -2.26966308e+00 
 5.84341413e+02  3.35010062e+02  5.84341413e+02 -2.45070719e+00 
 6.30957344e+02  3.35007090e+02  6.30957344e+02 -2.64618931e+00 
 6.81292069e+02  3.35003626e+02  6.81292069e+02 -2.85725997e+00 
 7.35642254e+02  3.34999587e+02  7.35642254e+02 -3.08516119e+00 
 7.94328235e+02  3.34994878e+02  7.94328235e+02 -3.33123365e+00 
 8.57695899e+02  3.34989388e+02  8.57695899e+02 -3.59692446e+00 
 9.26118728e+02  3.34982987e+02  9.26118728e+02 -3.88379556e+00 
 1.00000000e+03  3.34975525e+02  1.00000000e+03 -4.19353265e+00 
 1.07977516e+03  3.34966825e+02  1.07977516e+03 -4.52795491e+00 
 1.16591440e+03  3.34956682e+02  1.16591440e+03 -4.88902534e+00 
 1.25892541e+03  3.34944857e+02  1.25892541e+03 -5.27886195e+00 
 1.35935639e+03  3.34931071e+02  1.35935639e+03 -5.69974964e+00 
 1.46779927e+03  3.34914999e+02  1.46779927e+03 -6.15415306e+00 
 1.58489319e+03  3.34896262e+02  1.58489319e+03 -6.64473024e+00 
 1.71132830e+03  3.34874420e+02  1.71132830e+03 -7.17434718e+00 
 1.84784980e+03  3.34848957e+02  1.84784980e+03 -7.74609343e+00 
 1.99526231e+03  3.34819274e+02  1.99526231e+03 -8.36329860e+00 
 2.15443469e+03  3.34784674e+02  2.15443469e+03 -9.02954979e+00 
 2.32630507e+03  3.34744341e+02  2.32630507e+03 -9.74871015e+00 
 2.51188643e+03  3.34697329e+02  2.51188643e+03 -1.05249382e+01 
 2.71227258e+03  3.34642534e+02  2.71227258e+03 -1.13627081e+01 
 2.92864456e+03  3.34578670e+02  2.92864456e+03 -1.22668308e+01 
 3.16227766e+03  3.34504240e+02  3.16227766e+03 -1.32424756e+01 
 3.41454887e+03  3.34417504e+02  3.41454887e+03 -1.42951923e+01 
 3.68694506e+03  3.34316433e+02  3.68694506e+03 -1.54309331e+01 
 3.98107171e+03  3.34198671e+02  3.98107171e+03 -1.66560749e+01 
 4.29866235e+03  3.34061474e+02  4.29866235e+03 -1.79774401e+01 
 4.64158883e+03  3.33901657e+02  4.64158883e+03 -1.94023158e+01 
 5.01187234e+03  3.33715517e+02  5.01187234e+03 -2.09384712e+01 
 5.41169527e+03  3.33498754e+02  5.41169527e+03 -2.25941702e+01 
 5.84341413e+03  3.33246383e+02  5.84341413e+03 -2.43781802e+01 
 6.30957344e+03  3.32952621e+02  6.30957344e+03 -2.62997724e+01 
 6.81292069e+03  3.32610772e+02  6.81292069e+03 -2.83687133e+01 
 7.35642254e+03  3.32213090e+02  7.35642254e+03 -3.05952438e+01 
 7.94328235e+03  3.31750625e+02  7.94328235e+03 -3.29900415e+01 
 8.57695899e+03  3.31213052e+02  8.57695899e+03 -3.55641627e+01 
 9.26118728e+03  3.30588481e+02  9.26118728e+03 -3.83289581e+01 
 1.00000000e+04  3.29863249e+02  1.00000000e+04 -4.12959552e+01 
 1.07977516e+04  3.29021694e+02  1.07977516e+04 -4.44767006e+01 
 1.16591440e+04  3.28045914e+02  1.16591440e+04 -4.78825521e+01 
 1.25892541e+04  3.26915512e+02  1.25892541e+04 -5.15244104e+01 
 1.35935639e+04  3.25607348e+02  1.35935639e+04 -5.54123788e+01 
 1.46779927e+04  3.24095286e+02  1.46779927e+04 -5.95553385e+01 
 1.58489319e+04  3.22349968e+02  1.58489319e+04 -6.39604254e+01 
 1.71132830e+04  3.20338640e+02  1.71132830e+04 -6.86323967e+01 
 1.84784980e+04  3.18025035e+02  1.84784980e+04 -7.35728763e+01 
 1.99526231e+04  3.15369371e+02  1.99526231e+04 -7.87794720e+01 
 2.15443469e+04  3.12328497e+02  2.15443469e+04 -8.42447651e+01 
 2.32630507e+04  3.08856243e+02  2.32630507e+04 -8.99551825e+01 
 2.51188643e+04  3.04904025e+02  2.51188643e+04 -9.58897773e+01 
 2.71227258e+04  3.00421779e+02  2.71227258e+04 -1.02018965e+02 
 2.92864456e+04  2.95359279e+02  2.92864456e+04 -1.08303285e+02 
 3.16227766e+04  2.89667889e+02  3.16227766e+04 -1.14692292e+02 
 3.41454887e+04  2.83302779e+02  3.41454887e+04 -1.21123709e+02 
 3.68694506e+04  2.76225599e+02  3.68694506e+04 -1.27523007e+02 
 3.98107171e+04  2.68407540e+02  3.98107171e+04 -1.33803593e+02 
 4.29866235e+04  2.59832658e+02  4.29866235e+04 -1.39867803e+02 
 4.64158883e+04  2.50501227e+02  4.64158883e+04 -1.45608843e+02 
 5.01187234e+04  2.40432849e+02  5.01187234e+04 -1.50913810e+02 
 5.41169527e+04  2.29668927e+02  5.41169527e+04 -1.55667763e+02 
 5.84341413e+04  2.18274139e+02  5.84341413e+04 -1.59758739e+02 
 6.30957344e+04  2.06336527e+02  6.30957344e+04 -1.63083402e+02 
 6.81292069e+04  1.93965956e+02  6.81292069e+04 -1.65552890e+02 
 7.35642254e+04  1.81290834e+02  7.35642254e+04 -1.67098311e+02 
 7.94328235e+04  1.68453211e+02  7.94328235e+04 -1.67675280e+02 
 8.57695899e+04  1.55602624e+02  8.57695899e+04 -1.67266973e+02 
 9.26118728e+04  1.42889213e+02  9.26118728e+04 -1.65885306e+02 
 1.00000000e+05  1.30456782e+02  1.00000000e+05 -1.63570104e+02 
 1.07977516e+05  1.18436466e+02  1.07977516e+05 -1.60386337e+02 
 1.16591440e+05  1.06941597e+02  1.16591440e+05 -1.56419811e+02 
 1.25892541e+05  9.60641194e+01  1.25892541e+05 -1.51771790e+02 
 1.35935639e+05  8.58727594e+01  1.35935639e+05 -1.46553169e+02 
 1.46779927e+05  7.64128454e+01  1.46779927e+05 -1.40878756e+02 
 1.58489319e+05  6.77075673e+01  1.58489319e+05 -1.34862122e+02 
 1.71132830e+05  5.97603105e+01  1.71132830e+05 -1.28611352e+02 
 1.84784980e+05  5.25576782e+01  1.84784980e+05 -1.22225846e+02 
 1.99526231e+05  4.60728301e+01  1.99526231e+05 -1.15794191e+02 
 2.15443469e+05  4.02688271e+01  2.15443469e+05 -1.09393019e+02 
 2.32630507e+05  3.51017498e+01  2.32630507e+05 -1.03086696e+02 
 2.51188643e+05  3.05234447e+01  2.51188643e+05 -9.69276465e+01 
 2.71227258e+05  2.64838210e+01  2.71227258e+05 -9.09571420e+01 
 2.92864456e+05  2.29326820e+01  2.92864456e+05 -8.52063761e+01 
 3.16227766e+05  1.98211142e+01  3.16227766e+05 -7.96976874e+01 
 3.41454887e+05  1.71024806e+01  3.41454887e+05 -7.44458251e+01 
 3.68694506e+05  1.47330814e+01  3.68694506e+05 -6.94591805e+01 
 3.98107171e+05  1.26725413e+01  3.98107171e+05 -6.47409321e+01 
 4.29866235e+05  1.08839869e+01  4.29866235e+05 -6.02900780e+01 
 4.64158883e+05  9.33406481e+00  4.64158883e+05 -5.61023405e+01 
 5.01187234e+05  7.99284718e+00  5.01187234e+05 -5.21709423e+01 
 5.41169527e+05  6.83366019e+00  5.41169527e+05 -4.84872605e+01 
 5.84341413e+05  5.83286523e+00  5.84341413e+05 -4.50413672e+01 
 6.30957344e+05  4.96961402e+00  6.30957344e+05 -4.18224704e+01 
 6.81292069e+05  4.22559420e+00  6.81292069e+05 -3.88192682e+01 
 7.35642254e+05  3.58477652e+00  7.35642254e+05 -3.60202281e+01 
 7.94328235e+05  3.03317161e+00  7.94328235e+05 -3.34138047e+01 
 8.57695899e+05  2.55860105e+00  8.57695899e+05 -3.09886055e+01 
 9.26118728e+05  2.15048570e+00  9.26118728e+05 -2.87335143e+01 
 1.00000000e+06  1.79965255e+00  1.00000000e+06 -2.66377811e+01 
 1.07977516e+06  1.49816030e+00  1.07977516e+06 -2.46910841e+01 
 1.16591440e+06  1.23914317e+00  1.16591440e+06 -2.28835704e+01 
 1.25892541e+06  1.01667212e+00  1.25892541e+06 -2.12058796e+01 
 1.35935639e+06  8.25632091e-01  1.35935639e+06 -1.96491542e+01 
 1.46779927e+06  6.61614000e-01  1.46779927e+06 -1.82050404e+01 
 1.58489319e+06  5.20820111e-01  1.58489319e+06 -1.68656810e+01 
 1.71132830e+06  3.99981347e-01  1.71132830e+06 -1.56237028e+01 
 1.84784980e+06  2.96285268e-01  1.84784980e+06 -1.44722002e+01 
 1.99526231e+06  2.07313482e-01  1.99526231e+06 -1.34047165e+01 
 2.15443469e+06  1.30987357e-01  2.15443469e+06 -1.24152225e+01 
 2.32630507e+06  6.55210110e-02  2.32630507e+06 -1.14980951e+01 
 2.51188643e+06  9.38068276e-03  2.51188643e+06 -1.06480951e+01 
 2.71227258e+06 -3.87503624e-02  2.71227258e+06 -9.86034502e+00 
 2.92864456e+06 -8.00020912e-02  2.92864456e+06 -9.13030731e+00 
 3.16227766e+06 -1.15343775e-01  3.16227766e+06 -8.45376314e+00 
 3.41454887e+06 -1.45606430e-01  3.41454887e+06 -7.82679208e+00 
 3.68694506e+06 -1.71502114e-01  3.68694506e+06 -7.24575244e+00 
 3.98107171e+06 -1.93640508e-01  3.98107171e+06 -6.70726269e+00 
 4.29866235e+06 -2.12543146e-01  4.29866235e+06 -6.20818382e+00 
 4.64158883e+06 -2.28655617e-01  4.64158883e+06 -5.74560263e+00 
 5.01187234e+06 -2.42358017e-01  5.01187234e+06 -5.31681611e+00 
 5.41169527e+06 -2.53973895e-01  5.41169527e+06 -4.91931672e+00 
 5.84341413e+06 -2.63777886e-01  5.84341413e+06 -4.55077864e+00 
 6.30957344e+06 -2.72002236e-01  6.30957344e+06 -4.20904495e+00 
 6.81292069e+06 -2.78842341e-01  6.81292069e+06 -3.89211570e+00 
 7.35642254e+06 -2.84461477e-01  7.35642254e+06 -3.59813684e+00 
 7.94328235e+06 -2.88994801e-01  7.94328235e+06 -3.32538996e+00 
 8.57695899e+06 -2.92552758e-01  8.57695899e+06 -3.07228285e+00 
 9.26118728e+06 -2.95223970e-01  9.26118728e+06 -2.83734082e+00 
 1.00000000e+07 -2.97077716e-01  1.00000000e+07 -2.61919873e+00 
 1.07977516e+07 -2.98166059e-01  1.07977516e+07 -2.41659377e+00 
 1.16591440e+07 -2.98525730e-01  1.16591440e+07 -2.22835886e+00 
 1.25892541e+07 -2.98179827e-01  1.25892541e+07 -2.05341674e+00 
 1.35935639e+07 -2.97139428e-01  1.35935639e+07 -1.89077468e+00 
 1.46779927e+07 -2.95405189e-01  1.46779927e+07 -1.73951971e+00 
 1.58489319e+07 -2.92969026e-01  1.58489319e+07 -1.59881443e+00 
 1.71132830e+07 -2.89815962e-01  1.71132830e+07 -1.46789313e+00 
 1.84784980e+07 -2.85926211e-01  1.84784980e+07 -1.34605841e+00 
 1.99526231e+07 -2.81277586e-01  1.99526231e+07 -1.23267787e+00 
 2.15443469e+07 -2.75848249e-01  2.15443469e+07 -1.12718090e+00 
 2.32630507e+07 -2.69619817e-01  2.32630507e+07 -1.02905537e+00 
 2.51188643e+07 -2.62580780e-01  2.51188643e+07 -9.37843947e-01 
 2.71227258e+07 -2.54730073e-01  2.71227258e+07 -8.53139880e-01 
 2.92864456e+07 -2.46080634e-01  2.92864456e+07 -7.74582117e-01 
 3.16227766e+07 -2.36662639e-01  3.16227766e+07 -7.01849573e-01 
 3.41454887e+07 -2.26526064e-01  3.41454887e+07 -6.34654594e-01 
 3.68694506e+07 -2.15742222e-01  3.68694506e+07 -5.72735715e-01 
 3.98107171e+07 -2.04403916e-01  3.98107171e+07 -5.15849996e-01 
 4.29866235e+07 -1.92623968e-01  4.29866235e+07 -4.63765370e-01 
 4.64158883e+07 -1.80532060e-01  4.64158883e+07 -4.16253522e-01 
 5.01187234e+07 -1.68270011e-01  5.01187234e+07 -3.73083864e-01 
 5.41169527e+07 -1.55985849e-01  5.41169527e+07 -3.34019109e-01 
 5.84341413e+07 -1.43827217e-01  5.84341413e+07 -2.98812785e-01 
 6.30957344e+07 -1.31934760e-01  6.30957344e+07 -2.67208816e-01 
 6.81292069e+07 -1.20436136e-01  6.81292069e+07 -2.38943031e-01 
 7.35642254e+07 -1.09441204e-01  7.35642254e+07 -2.13746250e-01 
 7.94328235e+07 -9.90387286e-02  7.94328235e+07 -1.91348434e-01 
 8.57695899e+07 -8.92947618e-02  8.57695899e+07 -1.71483312e-01 
 9.26118728e+07 -8.02526181e-02  9.26118728e+07 -1.53892945e-01 
 1.00000000e+08 -7.19342011e-02  1.00000000e+08 -1.38331775e-01 
 1.07977516e+08 -6.43423425e-02  1.07977516e+08 -1.24569858e-01 
 1.16591440e+08 -5.74637744e-02  1.16591440e+08 -1.12395136e-01 
 1.25892541e+08 -5.12723801e-02  1.25892541e+08 -1.01614732e-01 
 1.35935639e+08 -4.57324295e-02  1.35935639e+08 -9.20553443e-02 
 1.46779927e+08 -4.08015814e-02  1.46779927e+08 -8.35629186e-02 
 1.58489319e+08 -3.64335160e-02  1.58489319e+08 -7.60017382e-02 
 1.71132830e+08 -3.25801305e-02  1.71132830e+08 -6.92531369e-02 
 1.84784980e+08 -2.91932830e-02  1.84784980e+08 -6.32139766e-02 
 1.99526231e+08 -2.62261112e-02  1.99526231e+08 -5.77950256e-02 
 2.15443469e+08 -2.36339732e-02  2.15443469e+08 -5.29193345e-02 
 2.32630507e+08 -2.13750681e-02  2.32630507e+08 -4.85206794e-02 
 2.51188643e+08 -1.94107988e-02  2.51188643e+08 -4.45421180e-02 
 2.71227258e+08 -1.77059337e-02  2.71227258e+08 -4.09346822e-02 
 2.92864456e+08 -1.62286185e-02  2.92864456e+08 -3.76562176e-02 
 3.16227766e+08 -1.49502807e-02  3.16227766e+08 -3.46703685e-02 
 3.41454887e+08 -1.38454628e-02  3.41454887e+08 -3.19457013e-02 
 3.68694506e+08 -1.28916103e-02  3.68694506e+08 -2.94549545e-02 
 3.98107171e+08 -1.20688357e-02  3.98107171e+08 -2.71744017e-02 
 4.29866235e+08 -1.13596746e-02  4.29866235e+08 -2.50833141e-02 
 4.64158883e+08 -1.07488428e-02  4.64158883e+08 -2.31635077e-02 
 5.01187234e+08 -1.02230040e-02  5.01187234e+08 -2.13989653e-02 
 5.41169527e+08 -9.77055009e-03  5.41169527e+08 -1.97755183e-02 
 5.84341413e+08 -9.38139952e-03  5.84341413e+08 -1.82805823e-02 
 6.30957344e+08 -9.04681225e-03  6.30957344e+08 -1.69029348e-02 
 6.81292069e+08 -8.75922323e-03  6.81292069e+08 -1.56325294e-02 
 7.35642254e+08 -8.51209319e-03  7.35642254e+08 -1.44603404e-02 
 7.94328235e+08 -8.29977599e-03  7.94328235e+08 -1.33782316e-02 
 8.57695899e+08 -8.11740132e-03  8.57695899e+08 -1.23788458e-02 
 9.26118728e+08 -7.96077149e-03  9.26118728e+08 -1.14555112e-02 
 1.00000000e+09 -7.82627097e-03  1.00000000e+09 -1.06021625e-02 
 1.07977516e+09 -7.71078739e-03  1.07977516e+09 -9.81327265e-03 
 1.16591440e+09 -7.61164279e-03  1.16591440e+09 -9.08379489e-03 
 1.25892541e+09 -7.52653380e-03  1.25892541e+09 -8.40911270e-03 
 1.35935639e+09 -7.45347992e-03  1.35935639e+09 -7.78499638e-03 
 1.46779927e+09 -7.39077867e-03  1.46779927e+09 -7.20756519e-03 
 1.58489319e+09 -7.33696692e-03  1.58489319e+09 -6.67325419e-03 
 1.71132830e+09 -7.29078744e-03  1.71132830e+09 -6.17878510e-03 
 1.84784980e+09 -7.25116016e-03  1.84784980e+09 -5.72114042e-03 
 1.99526231e+09 -7.21715730e-03  1.99526231e+09 -5.29754044e-03 
 2.15443469e+09 -7.18798206e-03  2.15443469e+09 -4.90542269e-03 
 2.32630507e+09 -7.16295015e-03  2.32630507e+09 -4.54242352e-03 
 2.51188643e+09 -7.14147404e-03  2.51188643e+09 -4.20636150e-03 
 2.71227258e+09 -7.12304931e-03  2.71227258e+09 -3.89522245e-03 
 2.92864456e+09 -7.10724292e-03  2.92864456e+09 -3.60714586e-03 
 3.16227766e+09 -7.09368317e-03  3.16227766e+09 -3.34041255e-03 
 3.41454887e+09 -7.08205103e-03  3.41454887e+09 -3.09343347e-03 
 3.68694506e+09 -7.07207271e-03  3.68694506e+09 -2.86473941e-03 
 3.98107171e+09 -7.06351324e-03  3.98107171e+09 -2.65297173e-03 
 4.29866235e+09 -7.05617100e-03  4.29866235e+09 -2.45687371e-03 
 4.64158883e+09 -7.04987298e-03  4.64158883e+09 -2.27528275e-03 
 5.01187234e+09 -7.04447074e-03  5.01187234e+09 -2.10712314e-03 
 5.41169527e+09 -7.03983693e-03  5.41169527e+09 -1.95139945e-03 
 5.84341413e+09 -7.03586228e-03  5.84341413e+09 -1.80719042e-03 
 6.30957344e+09 -7.03245306e-03  6.30957344e+09 -1.67364336e-03 
 6.81292069e+09 -7.02952884e-03  6.81292069e+09 -1.54996900e-03 
 7.35642254e+09 -7.02702066e-03  7.35642254e+09 -1.43543667e-03 
 7.94328235e+09 -7.02486933e-03  7.94328235e+09 -1.32936997e-03 
 8.57695899e+09 -7.02302409e-03  8.57695899e+09 -1.23114266e-03 
 9.26118728e+09 -7.02144139e-03  9.26118728e+09 -1.14017492e-03 
 1.00000000e+10 -7.02008389e-03  1.00000000e+10 -1.05592992e-03 
