 1.00000000e+00  4.09065948e+04  1.00000000e+00 -2.34164138e+02 
 1.07977516e+00  4.09063724e+04  1.07977516e+00 -2.52843246e+02 
 1.16591440e+00  4.09061131e+04  1.16591440e+00 -2.73012126e+02 
 1.25892541e+00  4.09058108e+04  1.25892541e+00 -2.94789534e+02 
 1.35935639e+00  4.09054584e+04  1.35935639e+00 -3.18303675e+02 
 1.46779927e+00  4.09050474e+04  1.46779927e+00 -3.43692949e+02 
 1.58489319e+00  4.09045684e+04  1.58489319e+00 -3.71106764e+02 
 1.71132830e+00  4.09040098e+04  1.71132830e+00 -4.00706395e+02 
 1.84784980e+00  4.09033586e+04  1.84784980e+00 -4.32665924e+02 
 1.99526231e+00  4.09025994e+04  1.99526231e+00 -4.67173247e+02 
 2.15443469e+00  4.09017142e+04  2.15443469e+00 -5.04431152e+02 
 2.32630507e+00  4.09006823e+04  2.32630507e+00 -5.44658487e+02 
 2.51188643e+00  4.08994792e+04  2.51188643e+00 -5.88091407e+02 
 2.71227258e+00  4.08980765e+04  2.71227258e+00 -6.34984717e+02 
 2.92864456e+00  4.08964413e+04  2.92864456e+00 -6.85613312e+02 
 3.16227766e+00  4.08945349e+04  3.16227766e+00 -7.40273716e+02 
 3.41454887e+00  4.08923124e+04  3.41454887e+00 -7.99285732e+02 
 3.68694506e+00  4.08897215e+04  3.68694506e+00 -8.62994200e+02 
 3.98107171e+00  4.08867012e+04  3.98107171e+00 -9.31770872e+02 
 4.29866235e+00  4.08831803e+04  4.29866235e+00 -1.00601641e+03 
 4.64158883e+00  4.08790760e+04  4.64158883e+00 -1.08616248e+03 
 5.01187234e+00  4.08742918e+04  5.01187234e+00 -1.17267401e+03 
 5.41169527e+00  4.08687152e+04  5.41169527e+00 -1.26605152e+03 
 5.84341413e+00  4.08622153e+04  5.84341413e+00 -1.36683356e+03 
 6.30957344e+00  4.08546396e+04  6.30957344e+00 -1.47559931e+03 
 6.81292069e+00  4.08458105e+04  6.81292069e+00 -1.59297116e+03 
 7.35642254e+00  4.08355214e+04  7.35642254e+00 -1.71961742e+03 
 7.94328235e+00  4.08235317e+04  7.94328235e+00 -1.85625501e+03 
 8.57695899e+00  4.08095616e+04  8.57695899e+00 -2.00365216e+03 
 9.26118728e+00  4.07932858e+04  9.26118728e+00 -2.16263099e+03 
 1.00000000e+01  4.07743259e+04  1.00000000e+01 -2.33406991e+03 
 1.07977516e+01  4.07522426e+04  1.07977516e+01 -2.51890575e+03 
 1.16591440e+01  4.07265255e+04  1.16591440e+01 -2.71813550e+03 
 1.25892541e+01  4.06965825e+04  1.25892541e+01 -2.93281736e+03 
 1.35935639e+01  4.06617271e+04  1.35935639e+01 -3.16407112e+03 
 1.46779927e+01  4.06211640e+04  1.46779927e+01 -3.41307724e+03 
 1.58489319e+01  4.05739730e+04  1.58489319e+01 -3.68107466e+03 
 1.71132830e+01  4.05190905e+04  1.71132830e+01 -3.96935661e+03 
 1.84784980e+01  4.04552894e+04  1.84784980e+01 -4.27926402e+03 
 1.99526231e+01  4.03811560e+04  1.99526231e+01 -4.61217587e+03 
 2.15443469e+01  4.02950652e+04  2.15443469e+01 -4.96949567e+03 
 2.32630507e+01  4.01951529e+04  2.32630507e+01 -5.35263320e+03 
 2.51188643e+01  4.00792876e+04  2.51188643e+01 -5.76298034e+03 
 2.71227258e+01  3.99450391e+04  2.71227258e+01 -6.20187978e+03 
 2.92864456e+01  3.97896480e+04  2.92864456e+01 -6.67058527e+03 
 3.16227766e+01  3.96099949e+04  3.16227766e+01 -7.17021177e+03 
 3.41454887e+01  3.94025723e+04  3.41454887e+01 -7.70167393e+03 
 3.68694506e+01  3.91634616e+04  3.68694506e+01 -8.26561144e+03 
 3.98107171e+01  3.88883174e+04  3.98107171e+01 -8.86229969e+03 
 4.29866235e+01  3.85723646e+04  4.29866235e+01 -9.49154504e+03 
 4.64158883e+01  3.82104122e+04  4.64158883e+01 -1.01525643e+04 
 5.01187234e+01  3.77968906e+04  5.01187234e+01 -1.08438496e+04 
 5.41169527e+01  3.73259202e+04  5.41169527e+01 -1.15630213e+04 
 5.84341413e+01  3.67914162e+04  5.84341413e+01 -1.23066744e+04 
 6.30957344e+01  3.61872413e+04  6.30957344e+01 -1.30702259e+04 
 6.81292069e+01  3.55074087e+04  6.81292069e+01 -1.38477758e+04 
 7.35642254e+01  3.47463424e+04  7.35642254e+01 -1.46319962e+04 
 7.94328235e+01  3.38991934e+04  7.94328235e+01 -1.54140694e+04 
 8.57695899e+01  3.29622057e+04  8.57695899e+01 -1.61836953e+04 
 9.26118728e+01  3.19331170e+04  9.26118728e+01 -1.69291926e+04 
 1.00000000e+02  3.08115702e+04  1.00000000e+02 -1.76377141e+04 
 1.07977516e+02  2.95995004e+04  1.07977516e+02 -1.82955899e+04 
 1.16591440e+02  2.83014556e+04  1.16591440e+02 -1.88888019e+04 
 1.25892541e+02  2.69248007e+04  1.25892541e+02 -1.94035766e+04 
 1.35935639e+02  2.54797633e+04  1.35935639e+02 -1.98270630e+04 
 1.46779927e+02  2.39792833e+04  1.46779927e+02 -2.01480473e+04 
 1.58489319e+02  2.24386503e+04  1.58489319e+02 -2.03576354e+04 
 1.71132830e+02  2.08749411e+04  1.71132830e+02 -2.04498338e+04 
 1.84784980e+02  1.93062911e+04  1.84784980e+02 -2.04219586e+04 
 1.99526231e+02  1.77510656e+04  1.99526231e+02 -2.02748245e+04 
 2.15443469e+02  1.62270080e+04  2.15443469e+02 -2.00126864e+04 
 2.32630507e+02  1.47504488e+04  2.32630507e+02 -1.96429447e+04 
 2.51188643e+02  1.33356472e+04  2.51188643e+02 -1.91756484e+04 
 2.71227258e+02  1.19943183e+04  2.71227258e+02 -1.86228584e+04 
 2.92864456e+02  1.07353695e+04  2.92864456e+02 -1.79979411e+04 
 3.16227766e+02  9.56484427e+03  3.16227766e+02 -1.73148636e+04 
 3.41454887e+02  8.48604612e+03  3.41454887e+02 -1.65875496e+04 
 3.68694506e+02  7.49980320e+03  3.68694506e+02 -1.58293390e+04 
 3.98107171e+02  6.60482509e+03  3.98107171e+02 -1.50525733e+04 
 4.29866235e+02  5.79810612e+03  4.29866235e+02 -1.42683132e+04 
 4.64158883e+02  5.07533562e+03  4.64158883e+02 -1.34861785e+04 
 5.01187234e+02  4.43128503e+03  5.01187234e+02 -1.27142926e+04 
 5.41169527e+02  3.86015206e+03  5.41169527e+02 -1.19593106e+04 
 5.84341413e+02  3.35585126e+03  5.84341413e+02 -1.12265064e+04 
 6.30957344e+02  2.91224765e+03  6.30957344e+02 -1.05198987e+04 
 6.81292069e+02  2.52333562e+03  6.81292069e+02 -9.84239824e+03 
 7.35642254e+02  2.18336846e+03  7.35642254e+02 -9.19596168e+03 
 7.94328235e+02  1.88694568e+03  7.94328235e+02 -8.58174351e+03 
 8.57695899e+02  1.62906589e+03  8.57695899e+02 -8.00023779e+03 
 9.26118728e+02  1.40515250e+03  9.26118728e+02 -7.45140681e+03 
 1.00000000e+03  1.21105911e+03  1.00000000e+03 -6.93479429e+03 
 1.07977516e+03  1.04306008e+03  1.07977516e+03 -6.44962294e+03 
 1.16591440e+03  8.97831033e+02  1.16591440e+03 -5.99487685e+03 
 1.25892541e+03  7.72423041e+02  1.25892541e+03 -5.56936985e+03 
 1.35935639e+03  6.64233124e+02  1.35935639e+03 -5.17180143e+03 
 1.46779927e+03  5.70973320e+02  1.46779927e+03 -4.80080170e+03 
 1.58489319e+03  4.90639733e+02  1.58489319e+03 -4.45496707e+03 
 1.71132830e+03  4.21482592e+02  1.71132830e+03 -4.13288805e+03 
 1.84784980e+03  3.61977974e+02  1.84784980e+03 -3.83317052e+03 
 1.99526231e+03  3.10801584e+02  1.99526231e+03 -3.55445171e+03 
 2.15443469e+03  2.66804772e+02  2.15443469e+03 -3.29541180e+03 
 2.32630507e+03  2.28992844e+02  2.32630507e+03 -3.05478206e+03 
 2.51188643e+03  1.96505611e+02  2.51188643e+03 -2.83135025e+03 
 2.71227258e+03  1.68600077e+02  2.71227258e+03 -2.62396384e+03 
 2.92864456e+03  1.44635119e+02  2.92864456e+03 -2.43153156e+03 
 3.16227766e+03  1.24058000e+02  3.16227766e+03 -2.25302364e+03 
 3.41454887e+03  1.06392532e+02  3.41454887e+03 -2.08747117e+03 
 3.68694506e+03  9.12287362e+01  3.68694506e+03 -1.93396462e+03 
 3.98107171e+03  7.82138284e+01  3.98107171e+03 -1.79165195e+03 
 4.29866235e+03  6.70443813e+01  4.29866235e+03 -1.65973633e+03 
 4.64158883e+03  5.74595226e+01  4.64158883e+03 -1.53747362e+03 
 5.01187234e+03  4.92350438e+01  5.01187234e+03 -1.42416977e+03 
 5.41169527e+03  4.21783033e+01  5.41169527e+03 -1.31917808e+03 
 5.84341413e+03  3.61238237e+01  5.84341413e+03 -1.22189651e+03 
 6.30957344e+03  3.09294919e+01  6.30957344e+03 -1.13176504e+03 
 6.81292069e+03  2.64732830e+01  6.81292069e+03 -1.04826304e+03 
 7.35642254e+03  2.26504367e+01  7.35642254e+03 -9.70906790e+02 
 7.94328235e+03  1.93710275e+01  7.94328235e+03 -8.99247058e+02 
 8.57695899e+03  1.65578726e+01  8.57695899e+03 -8.32866812e+02 
 9.26118728e+03  1.41447328e+01  9.26118728e+03 -7.71379042e+02 
 1.00000000e+04  1.20747657e+01  1.00000000e+04 -7.14424706e+02 
 1.07977516e+04  1.02991965e+01  1.07977516e+04 -6.61670791e+02 
 1.16591440e+04  8.77617523e+00  1.16591440e+04 -6.12808494e+02 
 1.25892541e+04  7.46979578e+00  1.25892541e+04 -5.67551510e+02 
 1.35935639e+04  6.34925300e+00  1.35935639e+04 -5.25634439e+02 
 1.46779927e+04  5.38811915e+00  1.46779927e+04 -4.86811290e+02 
 1.58489319e+04  4.56372262e+00  1.58489319e+04 -4.50854088e+02 
 1.71132830e+04  3.85661463e+00  1.71132830e+04 -4.17551578e+02 
 1.84784980e+04  3.25011155e+00  1.84784980e+04 -3.86708010e+02 
 1.99526231e+04  2.72990204e+00  1.99526231e+04 -3.58142021e+02 
 2.15443469e+04  2.28370995e+00  2.15443469e+04 -3.31685581e+02 
 2.32630507e+04  1.90100510e+00  2.32630507e+04 -3.07183027e+02 
 2.51188643e+04  1.57275504e+00  2.51188643e+04 -2.84490156e+02 
 2.71227258e+04  1.29121216e+00  2.71227258e+04 -2.63473387e+02 
 2.92864456e+04  1.04973093e+00  2.92864456e+04 -2.44008984e+02 
 3.16227766e+04  8.42611251e-01  3.16227766e+04 -2.25982332e+02 
 3.41454887e+04  6.64963937e-01  3.41454887e+04 -2.09287268e+02 
 3.68694506e+04  5.12595400e-01  3.68694506e+04 -1.93825462e+02 
 3.98107171e+04  3.81908704e-01  3.98107171e+04 -1.79505835e+02 
 4.29866235e+04  2.69818685e-01  4.29866235e+04 -1.66244032e+02 
 4.64158883e+04  1.73679150e-01  4.64158883e+04 -1.53961923e+02 
 5.01187234e+04  9.12204266e-02  5.01187234e+04 -1.42587146e+02 
 5.41169527e+04  2.04957950e-02  5.41169527e+04 -1.32052680e+02 
 5.84341413e+04 -4.01644610e-02  5.84341413e+04 -1.22296452e+02 
 6.30957344e+04 -9.21924643e-02  6.30957344e+04 -1.13260975e+02 
 6.81292069e+04 -1.36816550e-01  6.81292069e+04 -1.04893004e+02 
 7.35642254e+04 -1.75090261e-01  7.35642254e+04 -9.71432288e+01 
 7.94328235e+04 -2.07917217e-01  7.94328235e+04 -8.99659789e+01 
 8.57695899e+04 -2.36072449e-01  8.57695899e+04 -8.33189581e+01 
 9.26118728e+04 -2.60220692e-01  9.26118728e+04 -7.71629937e+01 
 1.00000000e+05 -2.80932079e-01  1.00000000e+05 -7.14618066e+01 
 1.07977516e+05 -2.98695603e-01  1.07977516e+05 -6.61817972e+01 
 1.16591440e+05 -3.13930658e-01  1.16591440e+05 -6.12918478e+01 
 1.25892541e+05 -3.26996945e-01  1.25892541e+05 -5.67631394e+01 
 1.35935639e+05 -3.38202958e-01  1.35935639e+05 -5.25689815e+01 
 1.46779927e+05 -3.47813271e-01  1.46779927e+05 -4.86846554e+01 
 1.58489319e+05 -3.56054784e-01  1.58489319e+05 -4.50872680e+01 
 1.71132830e+05 -3.63122082e-01  1.71132830e+05 -4.17556175e+01 
 1.84784980e+05 -3.69182023e-01  1.84784980e+05 -3.86700679e+01 
 1.99526231e+05 -3.74377684e-01  1.99526231e+05 -3.58124339e+01 
 2.15443469e+05 -3.78831736e-01  2.15443469e+05 -3.31658732e+01 
 2.32630507e+05 -3.82649340e-01  2.32630507e+05 -3.07147874e+01 
 2.51188643e+05 -3.85920630e-01  2.51188643e+05 -2.84447305e+01 
 2.71227258e+05 -3.88722843e-01  2.71227258e+05 -2.63423232e+01 
 2.92864456e+05 -3.91122140e-01  2.92864456e+05 -2.43951741e+01 
 3.16227766e+05 -3.93175170e-01  3.16227766e+05 -2.25918073e+01 
 3.41454887e+05 -3.94930406e-01  3.41454887e+05 -2.09215938e+01 
 3.68694506e+05 -3.96429290e-01  3.68694506e+05 -1.93746898e+01 
 3.98107171e+05 -3.97707213e-01  3.98107171e+05 -1.79419780e+01 
 4.29866235e+05 -3.98794350e-01  4.29866235e+05 -1.66150144e+01 
 4.64158883e+05 -3.99716370e-01  4.64158883e+05 -1.53859780e+01 
 5.01187234e+05 -4.00495046e-01  5.01187234e+05 -1.42476251e+01 
 5.41169527e+05 -4.01148768e-01  5.41169527e+05 -1.31932465e+01 
 5.84341413e+05 -4.01692977e-01  5.84341413e+05 -1.22166279e+01 
 6.30957344e+05 -4.02140531e-01  6.30957344e+05 -1.13120134e+01 
 6.81292069e+05 -4.02502009e-01  6.81292069e+05 -1.04740715e+01 
 7.35642254e+05 -4.02785964e-01  7.35642254e+05 -9.69786375e+00 
 7.94328235e+05 -4.02999120e-01  7.94328235e+05 -8.97881544e+00 
 8.57695899e+05 -4.03146544e-01  8.57695899e+05 -8.31268899e+00 
 9.26118728e+05 -4.03231756e-01  9.26118728e+05 -7.69555877e+00 
 1.00000000e+06 -4.03256826e-01  1.00000000e+06 -7.12378804e+00 
 1.07977516e+06 -4.03222422e-01  1.07977516e+06 -6.59400755e+00 
 1.16591440e+06 -4.03127838e-01  1.16591440e+06 -6.10309572e+00 
 1.25892541e+06 -4.02970983e-01  1.25892541e+06 -5.64816026e+00 
 1.35935639e+06 -4.02748345e-01  1.35935639e+06 -5.22652124e+00 
 1.46779927e+06 -4.02454930e-01  1.46779927e+06 -4.83569528e+00 
 1.58489319e+06 -4.02084162e-01  1.58489319e+06 -4.47338109e+00 
 1.71132830e+06 -4.01627768e-01  1.71132830e+06 -4.13744596e+00 
 1.84784980e+06 -4.01075619e-01  1.84784980e+06 -3.82591332e+00 
 1.99526231e+06 -4.00415553e-01  1.99526231e+06 -3.53695130e+00 
 2.15443469e+06 -3.99633167e-01  2.15443469e+06 -3.26886212e+00 
 2.32630507e+06 -3.98711583e-01  2.32630507e+06 -3.02007232e+00 
 2.51188643e+06 -3.97631187e-01  2.51188643e+06 -2.78912382e+00 
 2.71227258e+06 -3.96369357e-01  2.71227258e+06 -2.57466568e+00 
 2.92864456e+06 -3.94900177e-01  2.92864456e+06 -2.37544663e+00 
 3.16227766e+06 -3.93194150e-01  3.16227766e+06 -2.19030821e+00 
 3.41454887e+06 -3.91217937e-01  3.41454887e+06 -2.01817859e+00 
 3.68694506e+06 -3.88934134e-01  3.68694506e+06 -1.85806707e+00 
 3.98107171e+06 -3.86301117e-01  3.98107171e+06 -1.70905906e+00 
 4.29866235e+06 -3.83273008e-01  4.29866235e+06 -1.57031180e+00 
 4.64158883e+06 -3.79799795e-01  4.64158883e+06 -1.44105048e+00 
 5.01187234e+06 -3.75827671e-01  5.01187234e+06 -1.32056494e+00 
 5.41169527e+06 -3.71299671e-01  5.41169527e+06 -1.20820689e+00 
 5.84341413e+06 -3.66156659e-01  5.84341413e+06 -1.10338737e+00 
 6.30957344e+06 -3.60338763e-01  6.30957344e+06 -1.00557467e+00 
 6.81292069e+06 -3.53787302e-01  6.81292069e+06 -9.14292240e-01 
 7.35642254e+06 -3.46447269e-01  7.35642254e+06 -8.29116746e-01 
 7.94328235e+06 -3.38270363e-01  7.94328235e+06 -7.49675791e-01 
 8.57695899e+06 -3.29218510e-01  8.57695899e+06 -6.75645250e-01 
 9.26118728e+06 -3.19267757e-01  9.26118728e+06 -6.06745904e-01 
 1.00000000e+07 -3.08412293e-01  1.00000000e+07 -5.42739165e-01 
 1.07977516e+07 -2.96668282e-01  1.07977516e+07 -4.83421725e-01 
 1.16591440e+07 -2.84077083e-01  1.16591440e+07 -4.28619088e-01 
 1.25892541e+07 -2.70707410e-01  1.25892541e+07 -3.78178066e-01 
 1.35935639e+07 -2.56655968e-01  1.35935639e+07 -3.31958519e-01 
 1.46779927e+07 -2.42046213e-01  1.46779927e+07 -2.89824821e-01 
 1.58489319e+07 -2.27025049e-01  1.58489319e+07 -2.51637657e-01 
 1.71132830e+07 -2.11757538e-01  1.71132830e+07 -2.17246853e-01 
 1.84784980e+07 -1.96419938e-01  1.84784980e+07 -1.86485905e-01 
 1.99526231e+07 -1.81191677e-01  1.99526231e+07 -1.59168718e-01 
 2.15443469e+07 -1.66247015e-01  2.15443469e+07 -1.35088821e-01 
 2.32630507e+07 -1.51747199e-01  2.32630507e+07 -1.14021010e-01 
 2.51188643e+07 -1.37833856e-01  2.51188643e+07 -9.57250847e-02 
 2.71227258e+07 -1.24624135e-01  2.71227258e+07 -7.99510983e-02 
 2.92864456e+07 -1.12207895e-01  2.92864456e+07 -6.64454342e-02 
 3.16227766e+07 -1.00646923e-01  3.16227766e+07 -5.49570017e-02 
 3.41454887e+07 -8.99759634e-02  3.41454887e+07 -4.52429516e-02 
 3.68694506e+07 -8.02051562e-02  3.68694506e+07 -3.70734710e-02 
 3.98107171e+07 -7.13234417e-02  3.98107171e+07 -3.02354088e-02 
 4.29866235e+07 -6.33024654e-02  4.29866235e+07 -2.45346596e-02 
 4.64158883e+07 -5.61005914e-02  4.64158883e+07 -1.97973759e-02 
 5.01187234e+07 -4.96667210e-02  5.01187234e+07 -1.58701715e-02 
 5.41169527e+07 -4.39437124e-02  5.41169527e+07 -1.26195289e-02 
 5.84341413e+07 -3.88712872e-02  5.84341413e+07 -9.93063212e-03 
 6.30957344e+07 -3.43883888e-02  6.30957344e+07 -7.70583135e-03 
 6.81292069e+07 -3.04350071e-02  6.81292069e+07 -5.86291318e-03 
 7.35642254e+07 -2.69535233e-02  7.35642254e+07 -4.33331263e-03 
 7.94328235e+07 -2.38896434e-02  7.94328235e+07 -3.06036461e-03 
 8.57695899e+07 -2.11929980e-02  8.57695899e+07 -1.99765928e-03 
 9.26118728e+07 -1.88174818e-02  9.26118728e+07 -1.10753695e-03 
 1.00000000e+08 -1.67213971e-02  1.00000000e+08 -3.59737343e-04 
 1.07977516e+08 -1.48674576e-02  1.07977516e+08  2.69797860e-04 
 1.16591440e+08 -1.32226943e-02  1.16591440e+08  7.99980272e-04 
 1.25892541e+08 -1.17582941e-02  1.25892541e+08  1.24550404e-03 
 1.35935639e+08 -1.04493911e-02  1.35935639e+08  1.61766696e-03 
 1.46779927e+08 -9.27482106e-03  1.46779927e+08  1.92509953e-03 
 1.58489319e+08 -8.21684349e-03  1.58489319e+08  2.17441383e-03 
 1.71132830e+08 -7.26083086e-03  1.71132830e+08  2.37077849e-03 
 1.84784980e+08 -6.39492508e-03  1.84784980e+08  2.51842040e-03 
 1.99526231e+08 -5.60966282e-03  1.99526231e+08  2.62104836e-03 
 2.15443469e+08 -4.89757642e-03  2.15443469e+08  2.68219160e-03 
 2.32630507e+08 -4.25278263e-03  2.32630507e+08  2.70544597e-03 
 2.51188643e+08 -3.67057676e-03  2.51188643e+08  2.69462434e-03 
 2.71227258e+08 -3.14705302e-03  2.71227258e+08  2.65381371e-03 
 2.92864456e+08 -2.67877161e-03  2.92864456e+08  2.58734914e-03 
 3.16227766e+08 -2.26248997e-03  3.16227766e+08  2.49972187e-03 
 3.41454887e+08 -1.89496888e-03  3.41454887e+08  2.39544397e-03 
 3.68694506e+08 -1.57285600e-03  3.68694506e+08  2.27889442e-03 
 3.98107171e+08 -1.29264110e-03  3.98107171e+08  2.15416964e-03 
 4.29866235e+08 -1.05067073e-03  4.29866235e+08  2.02495743e-03 
 4.64158883e+08 -8.43205359e-04  4.64158883e+08  1.89444689e-03 
 5.01187234e+08 -6.66500915e-04  5.01187234e+08  1.76527956e-03 
 5.41169527e+08 -5.16897933e-04  5.41169527e+08  1.63954095e-03 
 5.84341413e+08 -3.90904738e-04  5.84341413e+08  1.51878638e-03 
 6.30957344e+08 -2.85265488e-04  6.30957344e+08  1.40409260e-03 
 6.81292069e+08 -1.97008275e-04  6.81292069e+08  1.29612518e-03 
 7.35642254e+08 -1.23472341e-04  7.35642254e+08  1.19521275e-03 
 7.94328235e+08 -6.23162131e-05  7.94328235e+08  1.10142069e-03 
 8.57695899e+08 -1.15102747e-05  8.57695899e+08  1.01461885e-03 
 9.26118728e+08  3.06820575e-05  9.26118728e+08  9.34540365e-04 
 1.00000000e+09  6.57304450e-05  1.00000000e+09  8.60829960e-04 
 1.07977516e+09  9.48674826e-05  1.07977516e+09  7.93082002e-04 
 1.16591440e+09  1.19119514e-04  1.16591440e+09  7.30869022e-04 
 1.25892541e+09  1.39336430e-04  1.25892541e+09  6.73762135e-04 
 1.35935639e+09  1.56219194e-04  1.35935639e+09  6.21344882e-04 
 1.46779927e+09  1.70344411e-04  1.46779927e+09  5.73221944e-04 
 1.58489319e+09  1.82185713e-04  1.58489319e+09  5.29024051e-04 
 1.71132830e+09  1.92131986e-04  1.71132830e+09  4.88410188e-04 
 1.84784980e+09  2.00502679e-04  1.84784980e+09  4.51067926e-04 
 1.99526231e+09  2.07560499e-04  1.99526231e+09  4.16712581e-04 
 2.15443469e+09  2.13521856e-04  2.15443469e+09  3.85085645e-04 
 2.32630507e+09  2.18565396e-04  2.32630507e+09  3.55952843e-04 
 2.51188643e+09  2.22838933e-04  2.51188643e+09  3.29102050e-04 
 2.71227258e+09  2.26465086e-04  2.71227258e+09  3.04341205e-04 
 2.92864456e+09  2.29545833e-04  2.92864456e+09  2.81496310e-04 
 3.16227766e+09  2.32166209e-04  3.16227766e+09  2.60409583e-04 
 3.41454887e+09  2.34397304e-04  3.41454887e+09  2.40937764e-04 
 3.68694506e+09  2.36298695e-04  3.68694506e+09  2.22950592e-04 
 3.98107171e+09  2.37920427e-04  3.98107171e+09  2.06329449e-04 
 4.29866235e+09  2.39304632e-04  4.29866235e+09  1.90966154e-04 
 4.64158883e+09  2.40486851e-04  4.64158883e+09  1.76761895e-04 
 5.01187234e+09  2.41497123e-04  5.01187234e+09  1.63626290e-04 
 5.41169527e+09  2.42360881e-04  5.41169527e+09  1.51476558e-04 
 5.84341413e+09  2.43099688e-04  5.84341413e+09  1.40236780e-04 
 6.30957344e+09  2.43731855e-04  6.30957344e+09  1.29837255e-04 
 6.81292069e+09  2.44272951e-04  6.81292069e+09  1.20213919e-04 
 7.35642254e+09  2.44736227e-04  7.35642254e+09  1.11307840e-04 
 7.94328235e+09  2.45132970e-04  7.94328235e+09  1.03064754e-04 
 8.57695899e+09  2.45472808e-04  8.57695899e+09  9.54346637e-05 
 9.26118728e+09  2.45763956e-04  9.26118728e+09  8.83714696e-05 
 1.00000000e+10  2.46013429e-04  1.00000000e+10  8.18326417e-05 
