 1.00000000e+00  3.36071633e+02  1.00000000e+00 -3.86874966e-03 
 1.07977516e+00  3.36071633e+02  1.07977516e+00 -4.17737979e-03 
 1.16591440e+00  3.36071633e+02  1.16591440e+00 -4.51063094e-03 
 1.25892541e+00  3.36071633e+02  1.25892541e+00 -4.87046725e-03 
 1.35935639e+00  3.36071633e+02  1.35935639e+00 -5.25900957e-03 
 1.46779927e+00  3.36071633e+02  1.46779927e+00 -5.67854791e-03 
 1.58489319e+00  3.36071633e+02  1.58489319e+00 -6.13155499e-03 
 1.71132830e+00  3.36071633e+02  1.71132830e+00 -6.62070079e-03 
 1.84784980e+00  3.36071633e+02  1.84784980e+00 -7.14886827e-03 
 1.99526231e+00  3.36071633e+02  1.99526231e+00 -7.71917039e-03 
 2.15443469e+00  3.36071633e+02  2.15443469e+00 -8.33496846e-03 
 2.32630507e+00  3.36071633e+02  2.32630507e+00 -8.99989192e-03 
 2.51188643e+00  3.36071633e+02  2.51188643e+00 -9.71785976e-03 
 2.71227258e+00  3.36071633e+02  2.71227258e+00 -1.04931036e-02 
 2.92864456e+00  3.36071633e+02  2.92864456e+00 -1.13301926e-02 
 3.16227766e+00  3.36071633e+02  3.16227766e+00 -1.22340606e-02 
 3.41454887e+00  3.36071633e+02  3.41454887e+00 -1.32100348e-02 
 3.68694506e+00  3.36071633e+02  3.68694506e+00 -1.42638674e-02 
 3.98107171e+00  3.36071632e+02  3.98107171e+00 -1.54017698e-02 
 4.29866235e+00  3.36071632e+02  4.29866235e+00 -1.66304484e-02 
 4.64158883e+00  3.36071632e+02  4.64158883e+00 -1.79571452e-02 
 5.01187234e+00  3.36071632e+02  5.01187234e+00 -1.93896793e-02 
 5.41169527e+00  3.36071632e+02  5.41169527e+00 -2.09364941e-02 
 5.84341413e+00  3.36071632e+02  5.84341413e+00 -2.26067063e-02 
 6.30957344e+00  3.36071631e+02  6.30957344e+00 -2.44101600e-02 
 6.81292069e+00  3.36071631e+02  6.81292069e+00 -2.63574844e-02 
 7.35642254e+00  3.36071631e+02  7.35642254e+00 -2.84601570e-02 
 7.94328235e+00  3.36071630e+02  7.94328235e+00 -3.07305706e-02 
 8.57695899e+00  3.36071630e+02  8.57695899e+00 -3.31821068e-02 
 9.26118728e+00  3.36071629e+02  9.26118728e+00 -3.58292147e-02 
 1.00000000e+01  3.36071629e+02  1.00000000e+01 -3.86874961e-02 
 1.07977516e+01  3.36071628e+02  1.07977516e+01 -4.17737972e-02 
 1.16591440e+01  3.36071627e+02  1.16591440e+01 -4.51063086e-02 
 1.25892541e+01  3.36071626e+02  1.25892541e+01 -4.87046715e-02 
 1.35935639e+01  3.36071625e+02  1.35935639e+01 -5.25900944e-02 
 1.46779927e+01  3.36071624e+02  1.46779927e+01 -5.67854775e-02 
 1.58489319e+01  3.36071622e+02  1.58489319e+01 -6.13155479e-02 
 1.71132830e+01  3.36071620e+02  1.71132830e+01 -6.62070053e-02 
 1.84784980e+01  3.36071618e+02  1.84784980e+01 -7.14886795e-02 
 1.99526231e+01  3.36071615e+02  1.99526231e+01 -7.71916999e-02 
 2.15443469e+01  3.36071612e+02  2.15443469e+01 -8.33496796e-02 
 2.32630507e+01  3.36071609e+02  2.32630507e+01 -8.99989129e-02 
 2.51188643e+01  3.36071605e+02  2.51188643e+01 -9.71785896e-02 
 2.71227258e+01  3.36071600e+02  2.71227258e+01 -1.04931026e-01 
 2.92864456e+01  3.36071595e+02  2.92864456e+01 -1.13301914e-01 
 3.16227766e+01  3.36071589e+02  3.16227766e+01 -1.22340590e-01 
 3.41454887e+01  3.36071581e+02  3.41454887e+01 -1.32100327e-01 
 3.68694506e+01  3.36071573e+02  3.68694506e+01 -1.42638649e-01 
 3.98107171e+01  3.36071563e+02  3.98107171e+01 -1.54017666e-01 
 4.29866235e+01  3.36071551e+02  4.29866235e+01 -1.66304444e-01 
 4.64158883e+01  3.36071537e+02  4.64158883e+01 -1.79571401e-01 
 5.01187234e+01  3.36071521e+02  5.01187234e+01 -1.93896729e-01 
 5.41169527e+01  3.36071503e+02  5.41169527e+01 -2.09364861e-01 
 5.84341413e+01  3.36071481e+02  5.84341413e+01 -2.26066962e-01 
 6.30957344e+01  3.36071456e+02  6.30957344e+01 -2.44101472e-01 
 6.81292069e+01  3.36071427e+02  6.81292069e+01 -2.63574684e-01 
 7.35642254e+01  3.36071392e+02  7.35642254e+01 -2.84601368e-01 
 7.94328235e+01  3.36071352e+02  7.94328235e+01 -3.07305452e-01 
 8.57695899e+01  3.36071306e+02  8.57695899e+01 -3.31820748e-01 
 9.26118728e+01  3.36071251e+02  9.26118728e+01 -3.58291745e-01 
 1.00000000e+02  3.36071188e+02  1.00000000e+02 -3.86874454e-01 
 1.07977516e+02  3.36071114e+02  1.07977516e+02 -4.17737334e-01 
 1.16591440e+02  3.36071028e+02  1.16591440e+02 -4.51062283e-01 
 1.25892541e+02  3.36070928e+02  1.25892541e+02 -4.87045704e-01 
 1.35935639e+02  3.36070811e+02  1.35935639e+02 -5.25899671e-01 
 1.46779927e+02  3.36070674e+02  1.46779927e+02 -5.67853173e-01 
 1.58489319e+02  3.36070515e+02  1.58489319e+02 -6.13153462e-01 
 1.71132830e+02  3.36070330e+02  1.71132830e+02 -6.62067514e-01 
 1.84784980e+02  3.36070114e+02  1.84784980e+02 -7.14883597e-01 
 1.99526231e+02  3.36069862e+02  1.99526231e+02 -7.71912974e-01 
 2.15443469e+02  3.36069568e+02  2.15443469e+02 -8.33491728e-01 
 2.32630507e+02  3.36069225e+02  2.32630507e+02 -8.99982749e-01 
 2.51188643e+02  3.36068825e+02  2.51188643e+02 -9.71777865e-01 
 2.71227258e+02  3.36068360e+02  2.71227258e+02 -1.04930015e+00 
 2.92864456e+02  3.36067816e+02  2.92864456e+02 -1.13300641e+00 
 3.16227766e+02  3.36067183e+02  3.16227766e+02 -1.22338988e+00 
 3.41454887e+02  3.36066445e+02  3.41454887e+02 -1.32098310e+00 
 3.68694506e+02  3.36065584e+02  3.68694506e+02 -1.42636109e+00 
 3.98107171e+02  3.36064581e+02  3.98107171e+02 -1.54014468e+00 
 4.29866235e+02  3.36063410e+02  4.29866235e+02 -1.66300419e+00 
 4.64158883e+02  3.36062046e+02  4.64158883e+02 -1.79566334e+00 
 5.01187234e+02  3.36060456e+02  5.01187234e+02 -1.93890350e+00 
 5.41169527e+02  3.36058601e+02  5.41169527e+02 -2.09356830e+00 
 5.84341413e+02  3.36056439e+02  5.84341413e+02 -2.26056852e+00 
 6.30957344e+02  3.36053918e+02  6.30957344e+02 -2.44088745e+00 
 6.81292069e+02  3.36050980e+02  6.81292069e+02 -2.63558661e+00 
 7.35642254e+02  3.36047553e+02  7.35642254e+02 -2.84581196e+00 
 7.94328235e+02  3.36043558e+02  7.94328235e+02 -3.07280057e+00 
 8.57695899e+02  3.36038901e+02  8.57695899e+02 -3.31788779e+00 
 9.26118728e+02  3.36033470e+02  9.26118728e+02 -3.58251498e+00 
 1.00000000e+03  3.36027139e+02  1.00000000e+03 -3.86823788e+00 
 1.07977516e+03  3.36019758e+02  1.07977516e+03 -4.17673551e+00 
 1.16591440e+03  3.36011153e+02  1.16591440e+03 -4.50981986e+00 
 1.25892541e+03  3.36001121e+02  1.25892541e+03 -4.86944620e+00 
 1.35935639e+03  3.35989425e+02  1.35935639e+03 -5.25772418e+00 
 1.46779927e+03  3.35975789e+02  1.46779927e+03 -5.67692976e+00 
 1.58489319e+03  3.35959892e+02  1.58489319e+03 -6.12951796e+00 
 1.71132830e+03  3.35941360e+02  1.71132830e+03 -6.61813646e+00 
 1.84784980e+03  3.35919756e+02  1.84784980e+03 -7.14564018e+00 
 1.99526231e+03  3.35894570e+02  1.99526231e+03 -7.71510677e+00 
 2.15443469e+03  3.35865211e+02  2.15443469e+03 -8.32985312e+00 
 2.32630507e+03  3.35830987e+02  2.32630507e+03 -8.99345274e+00 
 2.51188643e+03  3.35791094e+02  2.51188643e+03 -9.70975427e+00 
 2.71227258e+03  3.35744593e+02  2.71227258e+03 -1.04829008e+01 
 2.92864456e+03  3.35690394e+02  2.92864456e+03 -1.13173502e+01 
 3.16227766e+03  3.35627225e+02  3.16227766e+03 -1.22178959e+01 
 3.41454887e+03  3.35553604e+02  3.41454887e+03 -1.31896891e+01 
 3.68694506e+03  3.35467810e+02  3.68694506e+03 -1.42382603e+01 
 3.98107171e+03  3.35367837e+02  3.98107171e+03 -1.53695419e+01 
 4.29866235e+03  3.35251352e+02  4.29866235e+03 -1.65898900e+01 
 4.64158883e+03  3.35115642e+02  4.64158883e+03 -1.79061058e+01 
 5.01187234e+03  3.34957555e+02  5.01187234e+03 -1.93254548e+01 
 5.41169527e+03  3.34773427e+02  5.41169527e+03 -2.08556847e+01 
 5.84341413e+03  3.34559004e+02  5.84341413e+03 -2.25050384e+01 
 6.30957344e+03  3.34309353e+02  6.30957344e+03 -2.42822631e+01 
 6.81292069e+03  3.34018749e+02  6.81292069e+03 -2.61966116e+01 
 7.35642254e+03  3.33680568e+02  7.35642254e+03 -2.82578350e+01 
 7.94328235e+03  3.33287140e+02  7.94328235e+03 -3.04761623e+01 
 8.57695899e+03  3.32829605e+02  8.57695899e+03 -3.28622651e+01 
 9.26118728e+03  3.32297742e+02  9.26118728e+03 -3.54272008e+01 
 1.00000000e+04  3.31679775e+02  1.00000000e+04 -3.81823309e+01 
 1.07977516e+04  3.30962171e+02  1.07977516e+04 -4.11392068e+01 
 1.16591440e+04  3.30129415e+02  1.16591440e+04 -4.43094151e+01 
 1.25892541e+04  3.29163764e+02  1.25892541e+04 -4.77043742e+01 
 1.35935639e+04  3.28045000e+02  1.35935639e+04 -5.13350712e+01 
 1.46779927e+04  3.26750174e+02  1.46779927e+04 -5.52117280e+01 
 1.58489319e+04  3.25253353e+02  1.58489319e+04 -5.93433830e+01 
 1.71132830e+04  3.23525398e+02  1.71132830e+04 -6.37373760e+01 
 1.84784980e+04  3.21533770e+02  1.84784980e+04 -6.83987238e+01 
 1.99526231e+04  3.19242416e+02  1.99526231e+04 -7.33293741e+01 
 2.15443469e+04  3.16611755e+02  2.15443469e+04 -7.85273328e+01 
 2.32630507e+04  3.13598804e+02  2.32630507e+04 -8.39856609e+01 
 2.51188643e+04  3.10157510e+02  2.51188643e+04 -8.96913539e+01 
 2.71227258e+04  3.06239332e+02  2.71227258e+04 -9.56241255e+01 
 2.92864456e+04  3.01794146e+02  2.92864456e+04 -1.01755141e+02 
 3.16227766e+04  2.96771527e+02  3.16227766e+04 -1.08045770e+02 
 3.41454887e+04  2.91122465e+02  3.41454887e+04 -1.14446457e+02 
 3.68694506e+04  2.84801551e+02  3.68694506e+04 -1.20895841e+02 
 3.98107171e+04  2.77769611e+02  3.98107171e+04 -1.27320292e+02 
 4.29866235e+04  2.69996750e+02  4.29866235e+04 -1.33634029e+02 
 4.64158883e+04  2.61465666e+02  4.64158883e+04 -1.39740042e+02 
 5.01187234e+04  2.52175029e+02  5.01187234e+04 -1.45531945e+02 
 5.41169527e+04  2.42142625e+02  5.41169527e+04 -1.50896904e+02 
 5.84341413e+04  2.31407921e+02  5.84341413e+04 -1.55719631e+02 
 6.30957344e+04  2.20033641e+02  6.30957344e+04 -1.59887337e+02 
 6.81292069e+04  2.08106004e+02  6.81292069e+04 -1.63295354e+02 
 7.35642254e+04  1.95733323e+02  7.35642254e+04 -1.65853009e+02 
 7.94328235e+04  1.83042878e+02  7.94328235e+04 -1.67489185e+02 
 8.57695899e+04  1.70176138e+02  8.57695899e+04 -1.68156989e+02 
 9.26118728e+04  1.57282677e+02  9.26118728e+04 -1.67836963e+02 
 1.00000000e+05  1.44513314e+02  1.00000000e+05 -1.66538452e+02 
 1.07977516e+05  1.32013124e+02  1.07977516e+05 -1.64298949e+02 
 1.16591440e+05  1.19915015e+02  1.16591440e+05 -1.61181489e+02 
 1.25892541e+05  1.08334442e+02  1.25892541e+05 -1.57270446e+02 
 1.35935639e+05  9.73656676e+01  1.35935639e+05 -1.52666217e+02 
 1.46779927e+05  8.70797589e+01  1.46779927e+05 -1.47479389e+02 
 1.58489319e+05  7.75242718e+01  1.58489319e+05 -1.41824976e+02 
 1.71132830e+05  6.87243929e+01  1.71132830e+05 -1.35817188e+02 
 1.84784980e+05  6.06851998e+01  1.84784980e+05 -1.29565075e+02 
 1.99526231e+05  5.33946457e+01  1.99526231e+05 -1.23169221e+02 
 2.15443469e+05  4.68268930e+01  2.15443469e+05 -1.16719518e+02 
 2.32630507e+05  4.09456778e+01  2.32630507e+05 -1.10293935e+02 
 2.51188643e+05  3.57074661e+01  2.51188643e+05 -1.03958135e+02 
 2.71227258e+05  3.10642454e+01  2.71227258e+05 -9.77657560e+01 
 2.92864456e+05  2.69658712e+01  2.92864456e+05 -9.17591640e+01 
 3.16227766e+05  2.33619448e+01  3.16227766e+05 -8.59705108e+01 
 3.41454887e+05  2.02032457e+01  3.41454887e+05 -8.04229532e+01 
 3.68694506e+05  1.74427609e+01  3.68694506e+05 -7.51319221e+01 
 3.98107171e+05  1.50363755e+01  3.98107171e+05 -7.01063625e+01 
 4.29866235e+05  1.29432832e+01  4.29866235e+05 -6.53498919e+01 
 4.64158883e+05  1.11261811e+01  4.64158883e+05 -6.08618463e+01 
 5.01187234e+05  9.55130025e+00  5.01187234e+05 -5.66381994e+01 
 5.41169527e+05  8.18831964e+00  5.41169527e+05 -5.26723529e+01 
 5.84341413e+05  7.01019974e+00  5.84341413e+05 -4.89558026e+01 
 6.30957344e+05  5.99296638e+00  6.30957344e+05 -4.54786908e+01 
 6.81292069e+05  5.11546680e+00  6.81292069e+05 -4.22302572e+01 
 7.35642254e+05  4.35911478e+00  7.35642254e+05 -3.91992008e+01 
 7.94328235e+05  3.70763660e+00  7.94328235e+05 -3.63739669e+01 
 8.57695899e+05  3.14682597e+00  8.57695899e+05 -3.37429706e+01 
 9.26118728e+05  2.66431299e+00  9.26118728e+05 -3.12947668e+01 
 1.00000000e+06  2.24935018e+00  1.00000000e+06 -2.90181782e+01 
 1.07977516e+06  1.89261710e+00  1.07977516e+06 -2.69023879e+01 
 1.16591440e+06  1.58604370e+00  1.16591440e+06 -2.49370037e+01 
 1.25892541e+06  1.32265202e+00  1.25892541e+06 -2.31121008e+01 
 1.35935639e+06  1.09641553e+00  1.35935639e+06 -2.14182470e+01 
 1.46779927e+06  9.02134499e-01  1.46779927e+06 -1.98465140e+01 
 1.58489319e+06  7.35326490e-01  1.58489319e+06 -1.83884792e+01 
 1.71132830e+06  5.92130215e-01  1.71132830e+06 -1.70362187e+01 
 1.84784980e+06  4.69221592e-01  1.84784980e+06 -1.57822957e+01 
 1.99526231e+06  3.63740581e-01  1.99526231e+06 -1.46197442e+01 
 2.15443469e+06  2.73227585e-01  2.15443469e+06 -1.35420500e+01 
 2.32630507e+06  1.95568276e-01  2.32630507e+06 -1.25431299e+01 
 2.51188643e+06  1.28945816e-01  2.51188643e+06 -1.16173103e+01 
 2.71227258e+06  7.17995375e-02  2.71227258e+06 -1.07593044e+01 
 2.92864456e+06  2.27892523e-02  2.92864456e+06 -9.96419062e+00 
 3.16227766e+06 -1.92355307e-02  3.16227766e+06 -9.22739012e+00 
 3.41454887e+06 -5.52621417e-02  3.41454887e+06 -8.54464595e+00 
 3.68694506e+06 -8.61375988e-02  3.68694506e+06 -7.91200228e+00 
 3.98107171e+06 -1.12588267e-01  3.98107171e+06 -7.32578472e+00 
 4.29866235e+06 -1.35236760e-01  4.29866235e+06 -6.78258157e+00 
 4.64158883e+06 -1.54616463e-01  4.64158883e+06 -6.27922598e+00 
 5.01187234e+06 -1.71183993e-01  5.01187234e+06 -5.81277914e+00 
 5.41169527e+06 -1.85329895e-01  5.41169527e+06 -5.38051446e+00 
 5.84341413e+06 -1.97387800e-01  5.84341413e+06 -4.97990265e+00 
 6.30957344e+06 -2.07642271e-01  6.30957344e+06 -4.60859782e+00 
 6.81292069e+06 -2.16335507e-01  6.81292069e+06 -4.26442445e+00 
 7.35642254e+06 -2.23673064e-01  7.35642254e+06 -3.94536526e+00 
 7.94328235e+06 -2.29828743e-01  7.94328235e+06 -3.64954989e+00 
 8.57695899e+06 -2.34948736e-01  8.57695899e+06 -3.37524439e+00 
 9.26118728e+06 -2.39155156e-01  9.26118728e+06 -3.12084150e+00 
 1.00000000e+07 -2.42549024e-01  1.00000000e+07 -2.88485166e+00 
 1.07977516e+07 -2.45212806e-01  1.07977516e+07 -2.66589464e+00 
 1.16591440e+07 -2.47212553e-01  1.16591440e+07 -2.46269196e+00 
 1.25892541e+07 -2.48599728e-01  1.25892541e+07 -2.27405985e+00 
 1.35935639e+07 -2.49412765e-01  1.35935639e+07 -2.09890287e+00 
 1.46779927e+07 -2.49678432e-01  1.46779927e+07 -1.93620807e+00 
 1.58489319e+07 -2.49413045e-01  1.58489319e+07 -1.78503976e+00 
 1.71132830e+07 -2.48623607e-01  1.71132830e+07 -1.64453479e+00 
 1.84784980e+07 -2.47308924e-01  1.84784980e+07 -1.51389827e+00 
 1.99526231e+07 -2.45460765e-01  1.99526231e+07 -1.39239987e+00 
 2.15443469e+07 -2.43065146e-01  2.15443469e+07 -1.27937036e+00 
 2.32630507e+07 -2.40103782e-01  2.32630507e+07 -1.17419865e+00 
 2.51188643e+07 -2.36555784e-01  2.51188643e+07 -1.07632891e+00 
 2.71227258e+07 -2.32399647e-01  2.71227258e+07 -9.85257959e-01 
 2.92864456e+07 -2.27615533e-01  2.92864456e+07 -9.00532550e-01 
 3.16227766e+07 -2.22187848e-01  3.16227766e+07 -8.21746528e-01 
 3.41454887e+07 -2.16108047e-01  3.41454887e+07 -7.48537662e-01 
 3.68694506e+07 -2.09377529e-01  3.68694506e+07 -6.80583973e-01 
 3.98107171e+07 -2.02010429e-01  3.98107171e+07 -6.17599454e-01 
 4.29866235e+07 -1.94036061e-01  4.29866235e+07 -5.59329117e-01 
 4.64158883e+07 -1.85500699e-01  4.64158883e+07 -5.05543380e-01 
 5.01187234e+07 -1.76468411e-01  5.01187234e+07 -4.56031971e-01 
 5.41169527e+07 -1.67020676e-01  5.41169527e+07 -4.10597597e-01 
 5.84341413e+07 -1.57254640e-01  5.84341413e+07 -3.69049780e-01 
 6.30957344e+07 -1.47280009e-01  6.30957344e+07 -3.31199308e-01 
 6.81292069e+07 -1.37214760e-01  6.81292069e+07 -2.96853744e-01 
 7.35642254e+07 -1.27180014e-01  7.35642254e+07 -2.65814371e-01 
 7.94328235e+07 -1.17294569e-01  7.94328235e+07 -2.37874783e-01 
 8.57695899e+07 -1.07669617e-01  8.57695899e+07 -2.12821157e-01 
 9.26118728e+07 -9.84041548e-02  9.26118728e+07 -1.90433998e-01 
 1.00000000e+08 -8.95814907e-02  1.00000000e+08 -1.70491044e-01 
 1.07977516e+08 -8.12670582e-02  1.07977516e+08 -1.52770846e-01 
 1.16591440e+08 -7.35075961e-02  1.16591440e+08 -1.37056580e-01 
 1.25892541e+08 -6.63315708e-02  1.25892541e+08 -1.23139644e-01 
 1.35935639e+08 -5.97506059e-02  1.35935639e+08 -1.10822734e-01 
 1.46779927e+08 -5.37616240e-02  1.46779927e+08 -9.99221901e-02 
 1.58489319e+08 -4.83493918e-02  1.58489319e+08 -9.02695431e-02 
 1.71132830e+08 -4.34891965e-02  1.71132830e+08 -8.17122772e-02 
 1.84784980e+08 -3.91494340e-02  1.84784980e+08 -7.41139101e-02 
 1.99526231e+08 -3.52939582e-02  1.99526231e+08 -6.73535193e-02 
 2.15443469e+08 -3.18841002e-02  2.15443469e+08 -6.13248644e-02 
 2.32630507e+08 -2.88803225e-02  2.32630507e+08 -5.59352418e-02 
 2.51188643e+08 -2.62435085e-02  2.51188643e+08 -5.11041960e-02 
 2.71227258e+08 -2.39359184e-02  2.71227258e+08 -4.67621804e-02 
 2.92864456e+08 -2.19218524e-02  2.92864456e+08 -4.28492419e-02 
 3.16227766e+08 -2.01680730e-02  3.16227766e+08 -3.93137766e-02 
 3.41454887e+08 -1.86440332e-02  3.41454887e+08 -3.61113871e-02 
 3.68694506e+08 -1.73219582e-02  3.68694506e+08 -3.32038556e-02 
 3.98107171e+08 -1.61768176e-02  3.98107171e+08 -3.05582380e-02 
 4.29866235e+08 -1.51862226e-02  4.29866235e+08 -2.81460754e-02 
 4.64158883e+08 -1.43302726e-02  4.64158883e+08 -2.59427148e-02 
 5.01187234e+08 -1.35913732e-02  5.01187234e+08 -2.39267301e-02 
 5.41169527e+08 -1.29540385e-02  5.41169527e+08 -2.20794308e-02 
 5.84341413e+08 -1.24046912e-02  5.84341413e+08 -2.03844483e-02 
 6.30957344e+08 -1.19314656e-02  6.30957344e+08 -1.88273875e-02 
 6.81292069e+08 -1.15240211e-02  6.81292069e+08 -1.73955357e-02 
 7.35642254e+08 -1.11733666e-02  7.35642254e+08 -1.60776189e-02 
 7.94328235e+08 -1.08717001e-02  7.94328235e+08 -1.48635976e-02 
 8.57695899e+08 -1.06122625e-02  8.57695899e+08 -1.37444968e-02 
 9.26118728e+08 -1.03892062e-02  9.26118728e+08 -1.27122633e-02 
 1.00000000e+09 -1.01974779e-02  1.00000000e+09 -1.17596459e-02 
 1.07977516e+09 -1.00327148e-02  1.07977516e+09 -1.08800950e-02 
 1.16591440e+09 -9.89115310e-03  1.16591440e+09 -1.00676776e-02 
 1.25892541e+09 -9.76954796e-03  1.25892541e+09 -9.31700506e-03 
 1.35935639e+09 -9.66510341e-03  1.35935639e+09 -8.62317222e-03 
 1.46779927e+09 -9.57541137e-03  1.46779927e+09 -7.98170427e-03 
 1.58489319e+09 -9.49839867e-03  1.58489319e+09 -7.38851172e-03 
 1.71132830e+09 -9.43228117e-03  1.71132830e+09 -6.83985103e-03 
 1.84784980e+09 -9.37552389e-03  1.84784980e+09 -6.33229041e-03 
 1.99526231e+09 -9.32680670e-03  1.99526231e+09 -5.86267984e-03 
 2.15443469e+09 -9.28499448e-03  2.15443469e+09 -5.42812468e-03 
 2.32630507e+09 -9.24911150e-03  2.32630507e+09 -5.02596231e-03 
 2.51188643e+09 -9.21831921e-03  2.51188643e+09 -4.65374138e-03 
 2.71227258e+09 -9.19189710e-03  2.71227258e+09 -4.30920335e-03 
 2.92864456e+09 -9.16922623e-03  2.92864456e+09 -3.99026587e-03 
 3.16227766e+09 -9.14977502e-03  3.16227766e+09 -3.69500794e-03 
 3.41454887e+09 -9.13308696e-03  3.41454887e+09 -3.42165645e-03 
 3.68694506e+09 -9.11877008e-03  3.68694506e+09 -3.16857409e-03 
 3.98107171e+09 -9.10648788e-03  3.98107171e+09 -2.93424834e-03 
 4.29866235e+09 -9.09595151e-03  4.29866235e+09 -2.71728148e-03 
 4.64158883e+09 -9.08691305e-03  4.64158883e+09 -2.51638147e-03 
 5.01187234e+09 -9.07915971e-03  5.01187234e+09 -2.33035371e-03 
 5.41169527e+09 -9.07250890e-03  5.41169527e+09 -2.15809335e-03 
 5.84341413e+09 -9.06680394e-03  5.84341413e+09 -1.99857846e-03 
 6.30957344e+09 -9.06191038e-03  6.30957344e+09 -1.85086356e-03 
 6.81292069e+09 -9.05771287e-03  6.81292069e+09 -1.71407380e-03 
 7.35642254e+09 -9.05411244e-03  7.35642254e+09 -1.58739961e-03 
 7.94328235e+09 -9.05102420e-03  7.94328235e+09 -1.47009172e-03 
 8.57695899e+09 -9.04837530e-03  8.57695899e+09 -1.36145660e-03 
 9.26118728e+09 -9.04610325e-03  9.26118728e+09 -1.26085228e-03 
 1.00000000e+10 -9.04415445e-03  1.00000000e+10 -1.16768446e-03 
