 1.00000000e+00  3.11459395e+02  1.00000000e+00 -4.32301013e-03 
 1.07977516e+00  3.11459395e+02  1.07977516e+00 -4.66787897e-03 
 1.16591440e+00  3.11459395e+02  1.16591440e+00 -5.04025977e-03 
 1.25892541e+00  3.11459395e+02  1.25892541e+00 -5.44234731e-03 
 1.35935639e+00  3.11459395e+02  1.35935639e+00 -5.87651145e-03 
 1.46779927e+00  3.11459395e+02  1.46779927e+00 -6.34531111e-03 
 1.58489319e+00  3.11459395e+02  1.58489319e+00 -6.85150933e-03 
 1.71132830e+00  3.11459395e+02  1.71132830e+00 -7.39808960e-03 
 1.84784980e+00  3.11459395e+02  1.84784980e+00 -7.98827340e-03 
 1.99526231e+00  3.11459395e+02  1.99526231e+00 -8.62553920e-03 
 2.15443469e+00  3.11459395e+02  2.15443469e+00 -9.31364299e-03 
 2.32630507e+00  3.11459395e+02  2.32630507e+00 -1.00566404e-02 
 2.51188643e+00  3.11459395e+02  2.51188643e+00 -1.08589105e-02 
 2.71227258e+00  3.11459395e+02  2.71227258e+00 -1.17251818e-02 
 2.92864456e+00  3.11459395e+02  2.92864456e+00 -1.26605601e-02 
 3.16227766e+00  3.11459395e+02  3.16227766e+00 -1.36705584e-02 
 3.41454887e+00  3.11459394e+02  3.41454887e+00 -1.47611294e-02 
 3.68694506e+00  3.11459394e+02  3.68694506e+00 -1.59387008e-02 
 3.98107171e+00  3.11459394e+02  3.98107171e+00 -1.72102133e-02 
 4.29866235e+00  3.11459394e+02  4.29866235e+00 -1.85831608e-02 
 4.64158883e+00  3.11459394e+02  4.64158883e+00 -2.00656355e-02 
 5.01187234e+00  3.11459394e+02  5.01187234e+00 -2.16663748e-02 
 5.41169527e+00  3.11459393e+02  5.41169527e+00 -2.33948134e-02 
 5.84341413e+00  3.11459393e+02  5.84341413e+00 -2.52611384e-02 
 6.30957344e+00  3.11459393e+02  6.30957344e+00 -2.72763497e-02 
 6.81292069e+00  3.11459392e+02  6.81292069e+00 -2.94523249e-02 
 7.35642254e+00  3.11459392e+02  7.35642254e+00 -3.18018889e-02 
 7.94328235e+00  3.11459391e+02  7.94328235e+00 -3.43388897e-02 
 8.57695899e+00  3.11459391e+02  8.57695899e+00 -3.70782801e-02 
 9.26118728e+00  3.11459390e+02  9.26118728e+00 -4.00362058e-02 
 1.00000000e+01  3.11459389e+02  1.00000000e+01 -4.32301005e-02 
 1.07977516e+01  3.11459388e+02  1.07977516e+01 -4.66787887e-02 
 1.16591440e+01  3.11459387e+02  1.16591440e+01 -5.04025964e-02 
 1.25892541e+01  3.11459386e+02  1.25892541e+01 -5.44234715e-02 
 1.35935639e+01  3.11459384e+02  1.35935639e+01 -5.87651125e-02 
 1.46779927e+01  3.11459382e+02  1.46779927e+01 -6.34531085e-02 
 1.58489319e+01  3.11459380e+02  1.58489319e+01 -6.85150900e-02 
 1.71132830e+01  3.11459378e+02  1.71132830e+01 -7.39808919e-02 
 1.84784980e+01  3.11459375e+02  1.84784980e+01 -7.98827288e-02 
 1.99526231e+01  3.11459371e+02  1.99526231e+01 -8.62553855e-02 
 2.15443469e+01  3.11459367e+02  2.15443469e+01 -9.31364217e-02 
 2.32630507e+01  3.11459363e+02  2.32630507e+01 -1.00566393e-01 
 2.51188643e+01  3.11459357e+02  2.51188643e+01 -1.08589092e-01 
 2.71227258e+01  3.11459351e+02  2.71227258e+01 -1.17251802e-01 
 2.92864456e+01  3.11459344e+02  2.92864456e+01 -1.26605580e-01 
 3.16227766e+01  3.11459335e+02  3.16227766e+01 -1.36705557e-01 
 3.41454887e+01  3.11459325e+02  3.41454887e+01 -1.47611261e-01 
 3.68694506e+01  3.11459314e+02  3.68694506e+01 -1.59386967e-01 
 3.98107171e+01  3.11459300e+02  3.98107171e+01 -1.72102081e-01 
 4.29866235e+01  3.11459284e+02  4.29866235e+01 -1.85831543e-01 
 4.64158883e+01  3.11459266e+02  4.64158883e+01 -2.00656273e-01 
 5.01187234e+01  3.11459244e+02  5.01187234e+01 -2.16663644e-01 
 5.41169527e+01  3.11459220e+02  5.41169527e+01 -2.33948003e-01 
 5.84341413e+01  3.11459190e+02  5.84341413e+01 -2.52611219e-01 
 6.30957344e+01  3.11459156e+02  6.30957344e+01 -2.72763291e-01 
 6.81292069e+01  3.11459117e+02  6.81292069e+01 -2.94522989e-01 
 7.35642254e+01  3.11459071e+02  7.35642254e+01 -3.18018561e-01 
 7.94328235e+01  3.11459017e+02  7.94328235e+01 -3.43388484e-01 
 8.57695899e+01  3.11458954e+02  8.57695899e+01 -3.70782282e-01 
 9.26118728e+01  3.11458881e+02  9.26118728e+01 -4.00361404e-01 
 1.00000000e+02  3.11458795e+02  1.00000000e+02 -4.32300182e-01 
 1.07977516e+02  3.11458696e+02  1.07977516e+02 -4.66786850e-01 
 1.16591440e+02  3.11458580e+02  1.16591440e+02 -5.04024659e-01 
 1.25892541e+02  3.11458445e+02  1.25892541e+02 -5.44233072e-01 
 1.35935639e+02  3.11458287e+02  1.35935639e+02 -5.87649056e-01 
 1.46779927e+02  3.11458103e+02  1.46779927e+02 -6.34528481e-01 
 1.58489319e+02  3.11457889e+02  1.58489319e+02 -6.85147622e-01 
 1.71132830e+02  3.11457639e+02  1.71132830e+02 -7.39804792e-01 
 1.84784980e+02  3.11457348e+02  1.84784980e+02 -7.98822093e-01 
 1.99526231e+02  3.11457008e+02  1.99526231e+02 -8.62547315e-01 
 2.15443469e+02  3.11456612e+02  2.15443469e+02 -9.31355983e-01 
 2.32630507e+02  3.11456150e+02  2.32630507e+02 -1.00565357e+00 
 2.51188643e+02  3.11455612e+02  2.51188643e+02 -1.08587787e+00 
 2.71227258e+02  3.11454984e+02  2.71227258e+02 -1.17250159e+00 
 2.92864456e+02  3.11454252e+02  2.92864456e+02 -1.26603512e+00 
 3.16227766e+02  3.11453399e+02  3.16227766e+02 -1.36702954e+00 
 3.41454887e+02  3.11452404e+02  3.41454887e+02 -1.47607983e+00 
 3.68694506e+02  3.11451244e+02  3.68694506e+02 -1.59382841e+00 
 3.98107171e+02  3.11449892e+02  3.98107171e+02 -1.72096886e+00 
 4.29866235e+02  3.11448315e+02  4.29866235e+02 -1.85825003e+00 
 4.64158883e+02  3.11446477e+02  4.64158883e+02 -2.00648039e+00 
 5.01187234e+02  3.11444334e+02  5.01187234e+02 -2.16653279e+00 
 5.41169527e+02  3.11441835e+02  5.41169527e+02 -2.33934954e+00 
 5.84341413e+02  3.11438922e+02  5.84341413e+02 -2.52594792e+00 
 6.30957344e+02  3.11435526e+02  6.30957344e+02 -2.72742610e+00 
 6.81292069e+02  3.11431566e+02  6.81292069e+02 -2.94496954e+00 
 7.35642254e+02  3.11426949e+02  7.35642254e+02 -3.17985785e+00 
 7.94328235e+02  3.11421566e+02  7.94328235e+02 -3.43347223e+00 
 8.57695899e+02  3.11415291e+02  8.57695899e+02 -3.70730338e+00 
 9.26118728e+02  3.11407975e+02  9.26118728e+02 -4.00296012e+00 
 1.00000000e+03  3.11399445e+02  1.00000000e+03 -4.32217861e+00 
 1.07977516e+03  3.11389501e+02  1.07977516e+03 -4.66683217e+00 
 1.16591440e+03  3.11377907e+02  1.16591440e+03 -5.03894198e+00 
 1.25892541e+03  3.11364391e+02  1.25892541e+03 -5.44068838e+00 
 1.35935639e+03  3.11348634e+02  1.35935639e+03 -5.87442309e+00 
 1.46779927e+03  3.11330265e+02  1.46779927e+03 -6.34268217e+00 
 1.58489319e+03  3.11308851e+02  1.58489319e+03 -6.84819992e+00 
 1.71132830e+03  3.11283887e+02  1.71132830e+03 -7.39392363e+00 
 1.84784980e+03  3.11254787e+02  1.84784980e+03 -7.98302924e+00 
 1.99526231e+03  3.11220866e+02  1.99526231e+03 -8.61893792e+00 
 2.15443469e+03  3.11181326e+02  2.15443469e+03 -9.30533352e+00 
 2.32630507e+03  3.11135238e+02  2.32630507e+03 -1.00461809e+01 
 2.51188643e+03  3.11081521e+02  2.51188643e+03 -1.08457451e+01 
 2.71227258e+03  3.11018915e+02  2.71227258e+03 -1.17086109e+01 
 2.92864456e+03  3.10945953e+02  2.92864456e+03 -1.26397034e+01 
 3.16227766e+03  3.10860929e+02  3.16227766e+03 -1.36443085e+01 
 3.41454887e+03  3.10761858e+02  3.41454887e+03 -1.47280933e+01 
 3.68694506e+03  3.10646428e+02  3.68694506e+03 -1.58971264e+01 
 3.98107171e+03  3.10511955e+02  3.98107171e+03 -1.71578968e+01 
 4.29866235e+03  3.10355318e+02  4.29866235e+03 -1.85173314e+01 
 4.64158883e+03  3.10172892e+02  4.64158883e+03 -1.99828099e+01 
 5.01187234e+03  3.09960469e+02  5.01187234e+03 -2.15621749e+01 
 5.41169527e+03  3.09713169e+02  5.41169527e+03 -2.32637380e+01 
 5.84341413e+03  3.09425335e+02  5.84341413e+03 -2.50962776e+01 
 6.30957344e+03  3.09090421e+02  6.30957344e+03 -2.70690268e+01 
 6.81292069e+03  3.08700852e+02  6.81292069e+03 -2.91916495e+01 
 7.35642254e+03  3.08247886e+02  7.35642254e+03 -3.14741992e+01 
 7.94328235e+03  3.07721441e+02  7.94328235e+03 -3.39270569e+01 
 8.57695899e+03  3.07109916e+02  8.57695899e+03 -3.65608430e+01 
 9.26118728e+03  3.06399989e+02  9.26118728e+03 -3.93862958e+01 
 1.00000000e+04  3.05576405e+02  1.00000000e+04 -4.24141100e+01 
 1.07977516e+04  3.04621746e+02  1.07977516e+04 -4.56547246e+01 
 1.16591440e+04  3.03516194e+02  1.16591440e+04 -4.91180518e+01 
 1.25892541e+04  3.02237298e+02  1.25892541e+04 -5.28131348e+01 
 1.35935639e+04  3.00759746e+02  1.35935639e+04 -5.67477226e+01 
 1.46779927e+04  2.99055172e+02  1.46779927e+04 -6.09277490e+01 
 1.58489319e+04  2.97092004e+02  1.58489319e+04 -6.53567063e+01 
 1.71132830e+04  2.94835392e+02  1.71132830e+04 -7.00349023e+01 
 1.84784980e+04  2.92247249e+02  1.84784980e+04 -7.49585986e+01 
 1.99526231e+04  2.89286446e+02  1.99526231e+04 -8.01190313e+01 
 2.15443469e+04  2.85909214e+02  2.15443469e+04 -8.55013298e+01 
 2.32630507e+04  2.82069807e+02  2.32630507e+04 -9.10833634e+01 
 2.51188643e+04  2.77721484e+02  2.51188643e+04 -9.68345655e+01 
 2.71227258e+04  2.72817875e+02  2.71227258e+04 -1.02714813e+02 
 2.92864456e+04  2.67314756e+02  2.92864456e+04 -1.08673463e+02 
 3.16227766e+04  2.61172259e+02  3.16227766e+04 -1.14648691e+02 
 3.41454887e+04  2.54357494e+02  3.41454887e+04 -1.20567269e+02 
 3.68694506e+04  2.46847496e+02  3.68694506e+04 -1.26344987e+02 
 3.98107171e+04  2.38632350e+02  3.98107171e+04 -1.31887869e+02 
 4.29866235e+04  2.29718265e+02  4.29866235e+04 -1.37094316e+02 
 4.64158883e+04  2.20130297e+02  4.64158883e+04 -1.41858259e+02 
 5.01187234e+04  2.09914367e+02  5.01187234e+04 -1.46073276e+02 
 5.41169527e+04  1.99138214e+02  5.41169527e+04 -1.49637487e+02 
 5.84341413e+04  1.87890976e+02  5.84341413e+04 -1.52458933e+02 
 6.30957344e+04  1.76281189e+02  6.30957344e+04 -1.54460948e+02 
 6.81292069e+04  1.64433194e+02  6.81292069e+04 -1.55587025e+02 
 7.35642254e+04  1.52482132e+02  7.35642254e+04 -1.55804601e+02 
 7.94328235e+04  1.40567915e+02  7.94328235e+04 -1.55107317e+02 
 8.57695899e+04  1.28828742e+02  8.57695899e+04 -1.53515472e+02 
 9.26118728e+04  1.17394779e+02  9.26118728e+04 -1.51074592e+02 
 1.00000000e+05  1.06382608e+02  1.00000000e+05 -1.47852325e+02 
 1.07977516e+05  9.58909254e+01  1.07977516e+05 -1.43934021e+02 
 1.16591440e+05  8.59977749e+01  1.16591440e+05 -1.39417533e+02 
 1.25892541e+05  7.67593955e+01  1.25892541e+05 -1.34407775e+02 
 1.35935639e+05  6.82105536e+01  1.35935639e+05 -1.29011549e+02 
 1.46779927e+05  6.03661010e+01  1.46779927e+05 -1.23333031e+02 
 1.58489319e+05  5.32234085e+01  1.58489319e+05 -1.17470146e+02 
 1.71132830e+05  4.67653138e+01  1.71132830e+05 -1.11511945e+02 
 1.84784980e+05  4.09632562e+01  1.84784980e+05 -1.05536966e+02 
 1.99526231e+05  3.57803312e+01  1.99526231e+05 -9.96124551e+01 
 2.15443469e+05  3.11740810e+01  2.15443469e+05 -9.37943051e+01 
 2.32630507e+05  2.70989055e+01  2.32630507e+05 -8.81275271e+01 
 2.51188643e+05  2.35080459e+01  2.51188643e+05 -8.26470914e+01 
 2.71227258e+05  2.03551399e+01  2.71227258e+05 -7.73789881e+01 
 2.92864456e+05  1.75953778e+01  2.92864456e+05 -7.23413877e+01 
 3.16227766e+05  1.51863125e+01  3.16227766e+05 -6.75458125e+01 
 3.41454887e+05  1.30883771e+01  3.41454887e+05 -6.29982575e+01 
 3.68694506e+05  1.12651720e+01  3.68694506e+05 -5.87002206e+01 
 3.98107171e+05  9.68357226e+00  3.98107171e+05 -5.46496210e+01 
 4.29866235e+05  8.31370372e+00  4.29866235e+05 -5.08415983e+01 
 4.64158883e+05  7.12882683e+00  4.64158883e+05 -4.72691935e+01 
 5.01187234e+05  6.10515930e+00  5.01187234e+05 -4.39239186e+01 
 5.41169527e+05  5.22166217e+00  5.41169527e+05 -4.07962259e+01 
 5.84341413e+05  4.45980776e+00  5.84341413e+05 -3.78758876e+01 
 6.30957344e+05  3.80334268e+00  6.30957344e+05 -3.51523000e+01 
 6.81292069e+05  3.23805534e+00  6.81292069e+05 -3.26147216e+01 
 7.35642254e+05  2.75155410e+00  7.35642254e+05 -3.02524577e+01 
 7.94328235e+05  2.33305989e+00  7.94328235e+05 -2.80549996e+01 
 8.57695899e+05  1.97321541e+00  8.57695899e+05 -2.60121282e+01 
 9.26118728e+05  1.66391169e+00  9.26118728e+05 -2.41139872e+01 
 1.00000000e+06  1.39813195e+00  1.00000000e+06 -2.23511337e+01 
 1.07977516e+06  1.16981221e+00  1.07977516e+06 -2.07145698e+01 
 1.16591440e+06  9.73717645e-01  1.16591440e+06 -1.91957602e+01 
 1.25892541e+06  8.05333355e-01  1.25892541e+06 -1.77866382e+01 
 1.35935639e+06  6.60768515e-01  1.35935639e+06 -1.64796038e+01 
 1.46779927e+06  5.36672398e-01  1.46779927e+06 -1.52675149e+01 
 1.58489319e+06  4.30161106e-01  1.58489319e+06 -1.41436746e+01 
 1.71132830e+06  3.38753805e-01  1.71132830e+06 -1.31018149e+01 
 1.84784980e+06  2.60317331e-01  1.84784980e+06 -1.21360783e+01 
 1.99526231e+06  1.93018177e-01  1.99526231e+06 -1.12409980e+01 
 2.15443469e+06  1.35280940e-01  2.15443469e+06 -1.04114775e+01 
 2.32630507e+06  8.57524004e-02  2.32630507e+06 -9.64277009e+00 
 2.51188643e+06  4.32705131e-02  2.51188643e+06 -8.93045846e+00 
 2.71227258e+06  6.83766724e-03  2.71227258e+06 -8.27043437e+00 
 2.92864456e+06 -2.44023591e-02  2.92864456e+06 -7.65887932e+00 
 3.16227766e+06 -5.11842382e-02  3.16227766e+06 -7.09224590e+00 
 3.41454887e+06 -7.41381630e-02  3.41454887e+06 -6.56723981e+00 
 3.68694506e+06 -9.38045234e-02  3.68694506e+06 -6.08080287e+00 
 3.98107171e+06 -1.10646518e-01  3.98107171e+06 -5.63009694e+00 
 4.29866235e+06 -1.25060982e-01  4.29866235e+06 -5.21248870e+00 
 4.64158883e+06 -1.37387681e-01  4.64158883e+06 -4.82553534e+00 
 5.01187234e+06 -1.47917280e-01  5.01187234e+06 -4.46697119e+00 
 5.41169527e+06 -1.56898167e-01  5.41169527e+06 -4.13469512e+00 
 5.84341413e+06 -1.64542300e-01  5.84341413e+06 -3.82675881e+00 
 6.30957344e+06 -1.71030203e-01  6.30957344e+06 -3.54135583e+00 
 6.81292069e+06 -1.76515229e-01  6.81292069e+06 -3.27681139e+00 
 7.35642254e+06 -1.81127198e-01  7.35642254e+06 -3.03157291e+00 
 7.94328235e+06 -1.84975490e-01  7.94328235e+06 -2.80420116e+00 
 8.57695899e+06 -1.88151668e-01  8.57695899e+06 -2.59336212e+00 
 9.26118728e+06 -1.90731707e-01  9.26118728e+06 -2.39781944e+00 
 1.00000000e+07 -1.92777871e-01  1.00000000e+07 -2.21642740e+00 
 1.07977516e+07 -1.94340298e-01  1.07977516e+07 -2.04812455e+00 
 1.16591440e+07 -1.95458343e-01  1.16591440e+07 -1.89192773e+00 
 1.25892541e+07 -1.96161708e-01  1.25892541e+07 -1.74692671e+00 
 1.35935639e+07 -1.96471418e-01  1.35935639e+07 -1.61227924e+00 
 1.46779927e+07 -1.96400669e-01  1.46779927e+07 -1.48720655e+00 
 1.58489319e+07 -1.95955592e-01  1.58489319e+07 -1.37098933e+00 
 1.71132830e+07 -1.95135984e-01  1.71132830e+07 -1.26296407e+00 
 1.84784980e+07 -1.93936043e-01  1.84784980e+07 -1.16251983e+00 
 1.99526231e+07 -1.92345157e-01  1.99526231e+07 -1.06909533e+00 
 2.15443469e+07 -1.90348796e-01  2.15443469e+07 -9.82176344e-01 
 2.32630507e+07 -1.87929568e-01  2.32630507e+07 -9.01293416e-01 
 2.51188643e+07 -1.85068456e-01  2.51188643e+07 -8.26019675e-01 
 2.71227258e+07 -1.81746306e-01  2.71227258e+07 -7.55968810e-01 
 2.92864456e+07 -1.77945552e-01  2.92864456e+07 -6.90793019e-01 
 3.16227766e+07 -1.73652177e-01  3.16227766e+07 -6.30180830e-01 
 3.41454887e+07 -1.68857865e-01  3.41454887e+07 -5.73854666e-01 
 3.68694506e+07 -1.63562224e-01  3.68694506e+07 -5.21568026e-01 
 3.98107171e+07 -1.57774949e-01  3.98107171e+07 -4.73102185e-01 
 4.29866235e+07 -1.51517715e-01  4.29866235e+07 -4.28262366e-01 
 4.64158883e+07 -1.44825564e-01  4.64158883e+07 -3.86873393e-01 
 5.01187234e+07 -1.37747555e-01  5.01187234e+07 -3.48774961e-01 
 5.41169527e+07 -1.30346482e-01  5.41169527e+07 -3.13816712e-01 
 5.84341413e+07 -1.22697518e-01  5.84341413e+07 -2.81853430e-01 
 6.30957344e+07 -1.14885802e-01  6.30957344e+07 -2.52740711e-01 
 6.81292069e+07 -1.07003094e-01  6.81292069e+07 -2.26331444e-01 
 7.35642254e+07 -9.91437712e-02  7.35642254e+07 -2.02473415e-01 
 7.94328235e+07 -9.14005486e-02  7.94328235e+07 -1.81008185e-01 
 8.57695899e+07 -8.38603293e-02  8.57695899e+07 -1.61771288e-01 
 9.26118728e+07 -7.66005974e-02  9.26118728e+07 -1.44593588e-01 
 1.00000000e+08 -6.96866536e-02  1.00000000e+08 -1.29303542e-01 
 1.07977516e+08 -6.31698775e-02  1.07977516e+08 -1.15730004e-01 
 1.16591440e+08 -5.70870563e-02  1.16591440e+08 -1.03705221e-01 
 1.25892541e+08 -5.14606889e-02  1.25892541e+08 -9.30676571e-02 
 1.35935639e+08 -4.63000851e-02  1.35935639e+08 -8.36644296e-02 
 1.46779927e+08 -4.16030259e-02  1.46779927e+08 -7.53531636e-02 
 1.58489319e+08 -3.73577477e-02  1.58489319e+08 -6.80032267e-02 
 1.71132830e+08 -3.35450318e-02  1.71132830e+08 -6.14963491e-02 
 1.84784980e+08 -3.01402313e-02  1.84784980e+08 -5.57267052e-02 
 1.99526231e+08 -2.71151115e-02  1.99526231e+08 -5.06005603e-02 
 2.15443469e+08 -2.44394356e-02  2.15443469e+08 -4.60355971e-02 
 2.32630507e+08 -2.20822636e-02  2.32630507e+08 -4.19600306e-02 
 2.51188643e+08 -2.00129672e-02  2.51188643e+08 -3.83116071e-02 
 2.71227258e+08 -1.82019825e-02  2.71227258e+08 -3.50365633e-02 
 2.92864456e+08 -1.66213332e-02  2.92864456e+08 -3.20886012e-02 
 3.16227766e+08 -1.52449644e-02  3.16227766e+08 -2.94279178e-02 
 3.41454887e+08 -1.40489240e-02  3.41454887e+08 -2.70203141e-02 
 3.68694506e+08 -1.30114283e-02  3.68694506e+08 -2.48363931e-02 
 3.98107171e+08 -1.21128420e-02  3.98107171e+08 -2.28508531e-02 
 4.29866235e+08 -1.13355982e-02  4.29866235e+08 -2.10418724e-02 
 4.64158883e+08 -1.06640793e-02  4.64158883e+08 -1.93905794e-02 
 5.01187234e+08 -1.00844745e-02  5.01187234e+08 -1.78806009e-02 
 5.41169527e+08 -9.58462596e-03  5.41169527e+08 -1.64976792e-02 
 5.84341413e+08 -9.15387146e-03  5.84341413e+08 -1.52293501e-02 
 6.30957344e+08 -8.78289120e-03  6.30957344e+08 -1.40646717e-02 
 6.81292069e+08 -8.46356117e-03  6.81292069e+08 -1.29939979e-02 
 7.35642254e+08 -8.18881644e-03  7.35642254e+08 -1.20087890e-02 
 7.94328235e+08 -7.95252528e-03  7.94328235e+08 -1.11014536e-02 
 8.57695899e+08 -7.74937495e-03  8.57695899e+08 -1.02652158e-02 
 9.26118728e+08 -7.57476885e-03  9.26118728e+08 -9.49400516e-03 
 1.00000000e+09 -7.42473478e-03  1.00000000e+09 -8.78236365e-03 
 1.07977516e+09 -7.29584365e-03  1.07977516e+09 -8.12536775e-03 
 1.16591440e+09 -7.18513769e-03  1.16591440e+09 -7.51856271e-03 
 1.25892541e+09 -7.09006758e-03  1.25892541e+09 -6.95790685e-03 
 1.35935639e+09 -7.00843737e-03  1.35935639e+09 -6.43972423e-03 
 1.46779927e+09 -6.93835649e-03  1.46779927e+09 -5.96066414e-03 
 1.58489319e+09 -6.87819806e-03  1.58489319e+09 -5.51766630e-03 
 1.71132830e+09 -6.82656262e-03  1.71132830e+09 -5.10793078e-03 
 1.84784980e+09 -6.78224678e-03  1.84784980e+09 -4.72889189e-03 
 1.99526231e+09 -6.74421607e-03  1.99526231e+09 -4.37819540e-03 
 2.15443469e+09 -6.71158144e-03  2.15443469e+09 -4.05367845e-03 
 2.32630507e+09 -6.68357903e-03  2.32630507e+09 -3.75335194e-03 
 2.51188643e+09 -6.65955268e-03  2.51188643e+09 -3.47538488e-03 
 2.71227258e+09 -6.63893883e-03  2.71227258e+09 -3.21809044e-03 
 2.92864456e+09 -6.62125355e-03  2.92864456e+09 -2.97991351e-03 
 3.16227766e+09 -6.60608135e-03  3.16227766e+09 -2.75941953e-03 
 3.41454887e+09 -6.59306554e-03  3.41454887e+09 -2.55528444e-03 
 3.68694506e+09 -6.58189995e-03  3.68694506e+09 -2.36628560e-03 
 3.98107171e+09 -6.57232180e-03  3.98107171e+09 -2.19129357e-03 
 4.29866235e+09 -6.56410558e-03  4.29866235e+09 -2.02926461e-03 
 4.64158883e+09 -6.55705776e-03  4.64158883e+09 -1.87923396e-03 
 5.01187234e+09 -6.55101229e-03  5.01187234e+09 -1.74030952e-03 
 5.41169527e+09 -6.54582667e-03  5.41169527e+09 -1.61166630e-03 
 5.84341413e+09 -6.54137866e-03  5.84341413e+09 -1.49254116e-03 
 6.30957344e+09 -6.53756339e-03  6.30957344e+09 -1.38222807e-03 
 6.81292069e+09 -6.53429087e-03  6.81292069e+09 -1.28007372e-03 
 7.35642254e+09 -6.53148392e-03  7.35642254e+09 -1.18547358e-03 
 7.94328235e+09 -6.52907631e-03  7.94328235e+09 -1.09786809e-03 
 8.57695899e+09 -6.52701124e-03  8.57695899e+09 -1.01673936e-03 
 9.26118728e+09 -6.52523999e-03  9.26118728e+09 -9.41607991e-04 
 1.00000000e+10 -6.52372076e-03  1.00000000e+10 -8.72030170e-04 
