 1.00000000e+00  1.83578171e+04  1.00000000e+00 -8.23793684e+00 
 1.07977516e+00  1.83578165e+04  1.07977516e+00 -8.89511929e+00 
 1.16591440e+00  1.83578157e+04  1.16591440e+00 -9.60472851e+00 
 1.25892541e+00  1.83578149e+04  1.25892541e+00 -1.03709468e+01 
 1.35935639e+00  1.83578139e+04  1.35935639e+00 -1.11982902e+01 
 1.46779927e+00  1.83578128e+04  1.46779927e+00 -1.20916349e+01 
 1.58489319e+00  1.83578115e+04  1.58489319e+00 -1.30562460e+01 
 1.71132830e+00  1.83578099e+04  1.71132830e+00 -1.40978090e+01 
 1.84784980e+00  1.83578082e+04  1.84784980e+00 -1.52224625e+01 
 1.99526231e+00  1.83578061e+04  1.99526231e+00 -1.64368351e+01 
 2.15443469e+00  1.83578036e+04  2.15443469e+00 -1.77480839e+01 
 2.32630507e+00  1.83578008e+04  2.32630507e+00 -1.91639372e+01 
 2.51188643e+00  1.83577974e+04  2.51188643e+00 -2.06927397e+01 
 2.71227258e+00  1.83577936e+04  2.71227258e+00 -2.23435016e+01 
 2.92864456e+00  1.83577891e+04  2.92864456e+00 -2.41259521e+01 
 3.16227766e+00  1.83577838e+04  3.16227766e+00 -2.60505964e+01 
 3.41454887e+00  1.83577777e+04  3.41454887e+00 -2.81287776e+01 
 3.68694506e+00  1.83577705e+04  3.68694506e+00 -3.03727435e+01 
 3.98107171e+00  1.83577622e+04  3.98107171e+00 -3.27957192e+01 
 4.29866235e+00  1.83577525e+04  4.29866235e+00 -3.54119843e+01 
 4.64158883e+00  1.83577411e+04  4.64158883e+00 -3.82369575e+01 
 5.01187234e+00  1.83577279e+04  5.01187234e+00 -4.12872872e+01 
 5.41169527e+00  1.83577125e+04  5.41169527e+00 -4.45809498e+01 
 5.84341413e+00  1.83576945e+04  5.84341413e+00 -4.81373552e+01 
 6.30957344e+00  1.83576736e+04  6.30957344e+00 -5.19774613e+01 
 6.81292069e+00  1.83576492e+04  6.81292069e+00 -5.61238970e+01 
 7.35642254e+00  1.83576207e+04  7.35642254e+00 -6.06010960e+01 
 7.94328235e+00  1.83575875e+04  7.94328235e+00 -6.54354400e+01 
 8.57695899e+00  1.83575488e+04  8.57695899e+00 -7.06554138e+01 
 9.26118728e+00  1.83575037e+04  9.26118728e+00 -7.62917734e+01 
 1.00000000e+01  1.83574511e+04  1.00000000e+01 -8.23777259e+01 
 1.07977516e+01  1.83573898e+04  1.07977516e+01 -8.89491252e+01 
 1.16591440e+01  1.83573182e+04  1.16591440e+01 -9.60446819e+01 
 1.25892541e+01  1.83572349e+04  1.25892541e+01 -1.03706191e+02 
 1.35935639e+01  1.83571377e+04  1.35935639e+01 -1.11978776e+02 
 1.46779927e+01  1.83570243e+04  1.46779927e+01 -1.20911155e+02 
 1.58489319e+01  1.83568922e+04  1.58489319e+01 -1.30555922e+02 
 1.71132830e+01  1.83567381e+04  1.71132830e+01 -1.40969859e+02 
 1.84784980e+01  1.83565585e+04  1.84784980e+01 -1.52214262e+02 
 1.99526231e+01  1.83563491e+04  1.99526231e+01 -1.64355305e+02 
 2.15443469e+01  1.83561050e+04  2.15443469e+01 -1.77464415e+02 
 2.32630507e+01  1.83558203e+04  2.32630507e+01 -1.91618696e+02 
 2.51188643e+01  1.83554884e+04  2.51188643e+01 -2.06901368e+02 
 2.71227258e+01  1.83551015e+04  2.71227258e+01 -2.23402248e+02 
 2.92864456e+01  1.83546504e+04  2.92864456e+01 -2.41218271e+02 
 3.16227766e+01  1.83541245e+04  3.16227766e+01 -2.60454034e+02 
 3.41454887e+01  1.83535114e+04  3.41454887e+01 -2.81222402e+02 
 3.68694506e+01  1.83527966e+04  3.68694506e+01 -3.03645137e+02 
 3.98107171e+01  1.83519633e+04  3.98107171e+01 -3.27853590e+02 
 4.29866235e+01  1.83509919e+04  4.29866235e+01 -3.53989422e+02 
 4.64158883e+01  1.83498593e+04  4.64158883e+01 -3.82205395e+02 
 5.01187234e+01  1.83485391e+04  5.01187234e+01 -4.12666197e+02 
 5.41169527e+01  1.83470000e+04  5.41169527e+01 -4.45549332e+02 
 5.84341413e+01  1.83452060e+04  5.84341413e+01 -4.81046055e+02 
 6.30957344e+01  1.83431146e+04  6.30957344e+01 -5.19362365e+02 
 6.81292069e+01  1.83406770e+04  6.81292069e+01 -5.60720051e+02 
 7.35642254e+01  1.83378357e+04  7.35642254e+01 -6.05357782e+02 
 7.94328235e+01  1.83345241e+04  7.94328235e+01 -6.53532247e+02 
 8.57695899e+01  1.83306645e+04  8.57695899e+01 -7.05519330e+02 
 9.26118728e+01  1.83261667e+04  9.26118728e+01 -7.61615311e+02 
 1.00000000e+02  1.83209253e+04  1.00000000e+02 -8.22138079e+02 
 1.07977516e+02  1.83148182e+04  1.07977516e+02 -8.87428341e+02 
 1.16591440e+02  1.83077029e+04  1.16591440e+02 -9.57850787e+02 
 1.25892541e+02  1.82994141e+04  1.25892541e+02 -1.03379519e+03 
 1.35935639e+02  1.82897596e+04  1.35935639e+02 -1.11567740e+03 
 1.46779927e+02  1.82785160e+04  1.46779927e+02 -1.20394012e+03 
 1.58489319e+02  1.82654244e+04  1.58489319e+02 -1.29905349e+03 
 1.71132830e+02  1.82501844e+04  1.71132830e+02 -1.40151526e+03 
 1.84784980e+02  1.82324480e+04  1.84784980e+02 -1.51185054e+03 
 1.99526231e+02  1.82118123e+04  1.99526231e+02 -1.63061090e+03 
 2.15443469e+02  1.81878117e+04  2.15443469e+02 -1.75837265e+03 
 2.32630507e+02  1.81599089e+04  2.32630507e+02 -1.89573409e+03 
 2.51188643e+02  1.81274845e+04  2.51188643e+02 -2.04331148e+03 
 2.71227258e+02  1.80898263e+04  2.71227258e+02 -2.20173325e+03 
 2.92864456e+02  1.80461172e+04  2.92864456e+02 -2.37163218e+03 
 3.16227766e+02  1.79954221e+04  3.16227766e+02 -2.55363514e+03 
 3.41454887e+02  1.79366744e+04  3.41454887e+02 -2.74834953e+03 
 3.68694506e+02  1.78686621e+04  3.68694506e+02 -2.95634621e+03 
 3.98107171e+02  1.77900140e+04  3.98107171e+02 -3.17813793e+03 
 4.29866235e+02  1.76991869e+04  4.29866235e+02 -3.41415268e+03 
 4.64158883e+02  1.75944544e+04  4.64158883e+02 -3.66470122e+03 
 5.01187234e+02  1.74738997e+04  5.01187234e+02 -3.92993820e+03 
 5.41169527e+02  1.73354127e+04  5.41169527e+02 -4.20981631e+03 
 5.84341413e+02  1.71766952e+04  5.84341413e+02 -4.50403345e+03 
 6.30957344e+02  1.69952754e+04  6.30957344e+02 -4.81197309e+03 
 6.81292069e+02  1.67885357e+04  6.81292069e+02 -5.13263914e+03 
 7.35642254e+02  1.65537573e+04  7.35642254e+02 -5.46458718e+03 
 7.94328235e+02  1.62881845e+04  7.94328235e+02 -5.80585573e+03 
 8.57695899e+02  1.59891117e+04  8.57695899e+02 -6.15390221e+03 
 9.26118728e+02  1.56539961e+04  9.26118728e+02 -6.50555064e+03 
 1.00000000e+03  1.52805950e+04  1.00000000e+03 -6.85695924e+03 
 1.07977516e+03  1.48671267e+04  1.07977516e+03 -7.20361781e+03 
 1.16591440e+03  1.44124484e+04  1.16591440e+03 -7.54038528e+03 
 1.25892541e+03  1.39162411e+04  1.25892541e+03 -7.86157692e+03 
 1.35935639e+03  1.33791860e+04  1.35935639e+03 -8.16110830e+03 
 1.46779927e+03  1.28031154e+04  1.46779927e+03 -8.43269840e+03 
 1.58489319e+03  1.21911146e+04  1.58489319e+03 -8.67012715e+03 
 1.71132830e+03  1.15475556e+04  1.71132830e+03 -8.86753475e+03 
 1.84784980e+03  1.08780458e+04  1.84784980e+03 -9.01974125e+03 
 1.99526231e+03  1.01892814e+04  1.99526231e+03 -9.12255772e+03 
 2.15443469e+03  9.48880949e+03  2.15443469e+03 -9.17305686e+03 
 2.32630507e+03  8.78471232e+03  2.32630507e+03 -9.16977173e+03 
 2.51188643e+03  8.08524042e+03  2.51188643e+03 -9.11279835e+03 
 2.71227258e+03  7.39842973e+03  2.71227258e+03 -9.00378890e+03 
 2.92864456e+03  6.73173933e+03  2.92864456e+03 -8.84583653e+03 
 3.16227766e+03  6.09174404e+03  3.16227766e+03 -8.64326630e+03 
 3.41454887e+03  5.48390671e+03  3.41454887e+03 -8.40135798e+03 
 3.68694506e+03  4.91244387e+03  3.68694506e+03 -8.12603211e+03 
 3.98107171e+03  4.38028496e+03  3.98107171e+03 -7.82353150e+03 
 4.29866235e+03  3.88911549e+03  4.29866235e+03 -7.50012603e+03 
 4.64158883e+03  3.43948638e+03  4.64158883e+03 -7.16186117e+03 
 5.01187234e+03  3.03096851e+03  5.01187234e+03 -6.81436201e+03 
 5.41169527e+03  2.66233152e+03  5.41169527e+03 -6.46269646e+03 
 5.84341413e+03  2.33172843e+03  5.84341413e+03 -6.11129450e+03 
 6.30957344e+03  2.03687187e+03  6.30957344e+03 -5.76391607e+03 
 6.81292069e+03  1.77519228e+03  6.81292069e+03 -5.42365789e+03 
 7.35642254e+03  1.54397254e+03  7.35642254e+03 -5.09298870e+03 
 7.94328235e+03  1.34045720e+03  7.94328235e+03 -4.77380354e+03 
 8.57695899e+03  1.16193680e+03  8.57695899e+03 -4.46748854e+03 
 9.26118728e+03  1.00580954e+03  9.26118728e+03 -4.17498999e+03 
 1.00000000e+04  8.69623491e+02  1.00000000e+04 -3.89688278e+03 
 1.07977516e+04  7.51102702e+02  1.07977516e+04 -3.63343495e+03 
 1.16591440e+04  6.48160596e+02  1.16591440e+04 -3.38466657e+03 
 1.25892541e+04  5.58903746e+02  1.25892541e+04 -3.15040167e+03 
 1.35935639e+04  4.81628629e+02  1.35935639e+04 -2.93031330e+03 
 1.46779927e+04  4.14813523e+02  1.46779927e+04 -2.72396152e+03 
 1.58489319e+04  3.57107294e+02  1.58489319e+04 -2.53082522e+03 
 1.71132830e+04  3.07316375e+02  1.71132830e+04 -2.35032804e+03 
 1.84784980e+04  2.64390945e+02  1.84784980e+04 -2.18185935e+03 
 1.99526231e+04  2.27410999e+02  1.99526231e+04 -2.02479094e+03 
 2.15443469e+04  1.95572814e+02  2.15443469e+04 -1.87849003e+03 
 2.32630507e+04  1.68176115e+02  2.32630507e+04 -1.74232932e+03 
 2.51188643e+04  1.44612147e+02  2.51188643e+04 -1.61569448e+03 
 2.71227258e+04  1.24352735e+02  2.71227258e+04 -1.49798968e+03 
 2.92864456e+04  1.06940380e+02  2.92864456e+04 -1.38864149e+03 
 3.16227766e+04  9.19793579e+01  3.16227766e+04 -1.28710150e+03 
 3.41454887e+04  7.91277958e+01  3.41454887e+04 -1.19284790e+03 
 3.68694506e+04  6.80906475e+01  3.68694506e+04 -1.10538628e+03 
 3.98107171e+04  5.86135062e+01  3.98107171e+04 -1.02424988e+03 
 4.29866235e+04  5.04771727e+01  4.29866235e+04 -9.48999276e+02 
 4.64158883e+04  4.34929062e+01  4.64158883e+04 -8.79221861e+02 
 5.01187234e+04  3.74982823e+01  5.01187234e+04 -8.14530963e+02 
 5.41169527e+04  3.23535903e+01  5.41169527e+04 -7.54564872e+02 
 5.84341413e+04  2.79387061e+01  5.84341413e+04 -6.98985724e+02 
 6.30957344e+04  2.41503824e+01  6.30957344e+04 -6.47478325e+02 
 6.81292069e+04  2.08999043e+01  6.81292069e+04 -5.99748943e+02 
 7.35642254e+04  1.81110635e+01  7.35642254e+04 -5.55524097e+02 
 7.94328235e+04  1.57184093e+01  7.94328235e+04 -5.14549355e+02 
 8.57695899e+04  1.36657412e+01  8.57695899e+04 -4.76588164e+02 
 9.26118728e+04  1.19048089e+01  9.26118728e+04 -4.41420718e+02 
 1.00000000e+05  1.03941937e+01  1.00000000e+05 -4.08842870e+02 
 1.07977516e+05  9.09834546e+00  1.07977516e+05 -3.78665092e+02 
 1.16591440e+05  7.98675393e+00  1.16591440e+05 -3.50711494e+02 
 1.25892541e+05  7.03323690e+00  1.25892541e+05 -3.24818889e+02 
 1.35935639e+05  6.21532769e+00  1.35935639e+05 -3.00835915e+02 
 1.46779927e+05  5.51374917e+00  1.46779927e+05 -2.78622209e+02 
 1.58489319e+05  4.91196187e+00  1.58489319e+05 -2.58047631e+02 
 1.71132830e+05  4.39577578e+00  1.71132830e+05 -2.38991544e+02 
 1.84784980e+05  3.95301712e+00  1.84784980e+05 -2.21342128e+02 
 1.99526231e+05  3.57324218e+00  1.99526231e+05 -2.04995754e+02 
 2.15443469e+05  3.24749169e+00  2.15443469e+05 -1.89856393e+02 
 2.32630507e+05  2.96807995e+00  2.32630507e+05 -1.75835063e+02 
 2.51188643e+05  2.72841395e+00  2.51188643e+05 -1.62849321e+02 
 2.71227258e+05  2.52283800e+00  2.71227258e+05 -1.50822789e+02 
 2.92864456e+05  2.34650055e+00  2.92864456e+05 -1.39684707e+02 
 3.16227766e+05  2.19523980e+00  3.16227766e+05 -1.29369529e+02 
 3.41454887e+05  2.06548558e+00  3.41454887e+05 -1.19816536e+02 
 3.68694506e+05  1.95417523e+00  3.68694506e+05 -1.10969487e+02 
 3.98107171e+05  1.85868131e+00  3.98107171e+05 -1.02776288e+02 
 4.29866235e+05  1.77674963e+00  4.29866235e+05 -9.51886878e+01 
 4.64158883e+05  1.70644611e+00  4.64158883e+05 -8.81619978e+01 
 5.01187234e+05  1.64611112e+00  5.01187234e+05 -8.16548280e+01 
 5.41169527e+05  1.59432032e+00  5.41169527e+05 -7.56288455e+01 
 5.84341413e+05  1.54985106e+00  5.84341413e+05 -7.00485493e+01 
 6.30957344e+05  1.51165353e+00  6.30957344e+05 -6.48810619e+01 
 6.81292069e+05  1.47882596e+00  6.81292069e+05 -6.00959363e+01 
 7.35642254e+05  1.45059336e+00  7.35642254e+05 -5.56649768e+01 
 7.94328235e+05  1.42628922e+00  7.94328235e+05 -5.15620735e+01 
 8.57695899e+05  1.40533980e+00  8.57695899e+05 -4.77630485e+01 
 9.26118728e+05  1.38725055e+00  9.26118728e+05 -4.42455139e+01 
 1.00000000e+06  1.37159449e+00  1.00000000e+06 -4.09887395e+01 
 1.07977516e+06  1.35800210e+00  1.07977516e+06 -3.79735314e+01 
 1.16591440e+06  1.34615263e+00  1.16591440e+06 -3.51821183e+01 
 1.25892541e+06  1.33576653e+00  1.25892541e+06 -3.25980471e+01 
 1.35935639e+06  1.32659889e+00  1.35935639e+06 -3.02060859e+01 
 1.46779927e+06  1.31843366e+00  1.46779927e+06 -2.79921340e+01 
 1.58489319e+06  1.31107860e+00  1.58489319e+06 -2.59431386e+01 
 1.71132830e+06  1.30436080e+00  1.71132830e+06 -2.40470180e+01 
 1.84784980e+06  1.29812264e+00  1.84784980e+06 -2.22925897e+01 
 1.99526231e+06  1.29221820e+00  1.99526231e+06 -2.06695044e+01 
 2.15443469e+06  1.28650990e+00  2.15443469e+06 -1.91681846e+01 
 2.32630507e+06  1.28086547e+00  2.32630507e+06 -1.77797673e+01 
 2.51188643e+06  1.27515500e+00  2.51188643e+06 -1.64960512e+01 
 2.71227258e+06  1.26924820e+00  2.71227258e+06 -1.53094478e+01 
 2.92864456e+06  1.26301176e+00  2.92864456e+06 -1.42129348e+01 
 3.16227766e+06  1.25630672e+00  3.16227766e+06 -1.32000143e+01 
 3.41454887e+06  1.24898593e+00  3.41454887e+06 -1.22646720e+01 
 3.68694506e+06  1.24089159e+00  3.68694506e+06 -1.14013403e+01 
 3.98107171e+06  1.23185276e+00  3.98107171e+06 -1.06048626e+01 
 4.29866235e+06  1.22168311e+00  4.29866235e+06 -9.87046021e+00 
 4.64158883e+06  1.21017878e+00  4.64158883e+06 -9.19370062e+00 
 5.01187234e+06  1.19711649e+00  5.01187234e+06 -8.57046703e+00 
 5.41169527e+06  1.18225220e+00  5.41169527e+06 -7.99692921e+00 
 5.84341413e+06  1.16532032e+00  5.84341413e+06 -7.46951535e+00 
 6.30957344e+06  1.14603386e+00  6.30957344e+06 -6.98488445e+00 
 6.81292069e+06  1.12408581e+00  6.81292069e+06 -6.53989963e+00 
 7.35642254e+06  1.09915207e+00  7.35642254e+06 -6.13160190e+00 
 7.94328235e+06  1.07089649e+00  7.94328235e+06 -5.75718484e+00 
 8.57695899e+06  1.03897832e+00  8.57695899e+06 -5.41397026e+00 
 9.26118728e+06  1.00306252e+00  9.26118728e+06 -5.09938542e+00 
 1.00000000e+07  9.62833370e-01  1.00000000e+07 -4.81094252e+00 
 1.07977516e+07  9.18011342e-01  1.07977516e+07 -4.54622131e+00 
 1.16591440e+07  8.68373203e-01  1.16591440e+07 -4.30285609e+00 
 1.25892541e+07  8.13774714e-01  1.25892541e+07 -4.07852823e+00 
 1.35935639e+07  7.54174828e-01  1.35935639e+07 -3.87096557e+00 
 1.46779927e+07  6.89659697e-01  1.46779927e+07 -3.67794968e+00 
 1.58489319e+07  6.20464231e-01  1.58489319e+07 -3.49733151e+00 
 1.71132830e+07  5.46988566e-01  1.71132830e+07 -3.32705510e+00 
 1.84784980e+07  4.69806675e-01  1.84784980e+07 -3.16518822e+00 
 1.99526231e+07  3.89664695e-01  1.99526231e+07 -3.00995754e+00 
 2.15443469e+07  3.07467364e-01  2.15443469e+07 -2.85978487e+00 
 2.32630507e+07  2.24252232e-01  2.32630507e+07 -2.71332050e+00 
 2.51188643e+07  1.41152887e-01  2.51188643e+07 -2.56946958e+00 
 2.71227258e+07  5.93539676e-02  2.71227258e+07 -2.42740787e+00 
 2.92864456e+07 -1.99580277e-02  2.92864456e+07 -2.28658474e+00 
 3.16227766e+07 -9.56435519e-02  3.16227766e+07 -2.14671269e+00 
 3.41454887e+07 -1.66654040e-01  3.41454887e+07 -2.00774464e+00 
 3.68694506e+07 -2.32067673e-01  3.68694506e+07 -1.86984178e+00 
 3.98107171e+07 -2.91114811e-01  3.98107171e+07 -1.73333542e+00 
 4.29866235e+07 -3.43192646e-01  4.29866235e+07 -1.59868688e+00 
 4.64158883e+07 -3.87870042e-01  4.64158883e+07 -1.46644875e+00 
 5.01187234e+07 -4.24884583e-01  5.01187234e+07 -1.33723001e+00 
 5.41169527e+07 -4.54134317e-01  5.41169527e+07 -1.21166634e+00 
 5.84341413e+07 -4.75666609e-01  5.84341413e+07 -1.09039576e+00 
 6.30957344e+07 -4.89666050e-01  6.30957344e+07 -9.74038829e-01 
 6.81292069e+07 -4.96442566e-01  6.81292069e+07 -8.63182186e-01 
 7.35642254e+07 -4.96420066e-01  7.35642254e+07 -7.58363944e-01 
 7.94328235e+07 -4.90125202e-01  7.94328235e+07 -6.60059851e-01 
 8.57695899e+07 -4.78175308e-01  8.57695899e+07 -5.68669568e-01 
 9.26118728e+07 -4.61264422e-01  9.26118728e+07 -4.84503178e-01 
 1.00000000e+08 -4.40146478e-01  1.00000000e+08 -4.07768683e-01 
 1.07977516e+08 -4.15615257e-01  1.07977516e+08 -3.38561815e-01 
 1.16591440e+08 -3.88481425e-01  1.16591440e+08 -2.76859637e-01 
 1.25892541e+08 -3.59547690e-01  1.25892541e+08 -2.22519287e-01 
 1.35935639e+08 -3.29583755e-01  1.35935639e+08 -1.75282689e-01 
 1.46779927e+08 -2.99303008e-01  1.46779927e+08 -1.34787310e-01 
 1.58489319e+08 -2.69342834e-01  1.58489319e+08 -1.00582256e-01 
 1.71132830e+08 -2.40250016e-01  1.71132830e+08 -7.21483068e-02 
 1.84784980e+08 -2.12472035e-01  1.84784980e+08 -4.89200761e-02 
 1.99526231e+08 -1.86354365e-01  1.99526231e+08 -3.03084148e-02 
 2.15443469e+08 -1.62143188e-01  2.15443469e+08 -1.57213525e-02 
 2.32630507e+08 -1.39992514e-01  2.32630507e+08 -4.58231192e-03 
 2.51188643e+08 -1.19974441e-01  2.51188643e+08  3.65517085e-03 
 2.71227258e+08 -1.02091280e-01  2.71227258e+08  9.49649569e-03 
 2.92864456e+08 -8.62884237e-02  2.92864456e+08  1.33986983e-02 
 3.16227766e+08 -7.24670715e-02  3.16227766e+08  1.57664184e-02 
 3.41454887e+08 -6.04961754e-02  3.41454887e+08  1.69506194e-02 
 3.68694506e+08 -5.02232121e-02  3.68694506e+08  1.72495075e-02 
 3.98107171e+08 -4.14835623e-02  3.98107171e+08  1.69111290e-02 
 4.29866235e+08 -3.41084050e-02  4.29866235e+08  1.61371852e-02 
 4.64158883e+08 -2.79311206e-02  4.64158883e+08  1.50876645e-02 
 5.01187234e+08 -2.27922493e-02  5.01187234e+08  1.38859533e-02 
 5.41169527e+08 -1.85430926e-02  5.41169527e+08  1.26241292e-02 
 5.84341413e+08 -1.50480820e-02  5.84341413e+08  1.13681878e-02 
 6.30957344e+08 -1.21860691e-02  6.30957344e+08  1.01629940e-02 
 6.81292069e+08 -9.85071280e-03  6.81292069e+08  9.03680101e-03 
 7.35642254e+08 -7.95015596e-03  7.35642254e+08  8.00522779e-03 
 7.94328235e+08 -6.40618231e-03  7.94328235e+08  7.07464112e-03 
 8.57695899e+08 -5.15303074e-03  8.57695899e+08  6.24493290e-03 
 9.26118728e+08 -4.13602248e-03  9.26118728e+08  5.51172336e-03 
 1.00000000e+09 -3.31012550e-03  1.00000000e+09  4.86804719e-03 
 1.07977516e+09 -2.63854952e-03  1.07977516e+09  4.30559586e-03 
 1.16591440e+09 -2.09143474e-03  1.16591440e+09  3.81559442e-03 
 1.25892541e+09 -1.64467135e-03  1.25892541e+09  3.38938929e-03 
 1.35935639e+09 -1.27886712e-03  1.35935639e+09  3.01881591e-03 
 1.46779927e+09 -9.78464687e-04  1.46779927e+09  2.69640510e-03 
 1.58489319e+09 -7.31001205e-04  1.58489319e+09  2.41547587e-03 
 1.71132830e+09 -5.26496605e-04  1.71132830e+09  2.17015215e-03 
 1.84784980e+09 -3.56954480e-04  1.84784980e+09  1.95533140e-03 
 1.99526231e+09 -2.15958859e-04  1.99526231e+09  1.76662537e-03 
 2.15443469e+09 -9.83510114e-05  2.15443469e+09  1.60028732e-03 
 2.32630507e+09  2.80674955e-08  2.32630507e+09  1.45313481e-03 
 2.51188643e+09  8.25419411e-05  2.51188643e+09  1.32247434e-03 
 2.71227258e+09  1.51920340e-04  2.71227258e+09  1.20603109e-03 
 2.92864456e+09  2.10386812e-04  2.92864456e+09  1.10188551e-03 
 3.16227766e+09  2.59759513e-04  3.16227766e+09  1.00841764e-03 
 3.41454887e+09  3.01530850e-04  3.41454887e+09  9.24258803e-04 
 3.68694506e+09  3.36930515e-04  3.68694506e+09  8.48250430e-04 
 3.98107171e+09  3.66975478e-04  3.98107171e+09  7.79409204e-04 
 4.29866235e+09  3.92509771e-04  4.29866235e+09  7.16897855e-04 
 4.64158883e+09  4.14236249e-04  4.64158883e+09  6.60000787e-04 
 5.01187234e+09  4.32742038e-04  5.01187234e+09  6.08103847e-04 
 5.41169527e+09  4.48519023e-04  5.41169527e+09  5.60677577e-04 
 5.84341413e+09  4.61980394e-04  5.84341413e+09  5.17263386e-04 
 6.30957344e+09  4.73474088e-04  6.30957344e+09  4.77462142e-04 
 6.81292069e+09  4.83293734e-04  6.81292069e+09  4.40924766e-04 
 7.35642254e+09  4.91687630e-04  7.35642254e+09  4.07344480e-04 
 7.94328235e+09  4.98866108e-04  7.94328235e+09  3.76450403e-04 
 8.57695899e+09  5.05007621e-04  8.57695899e+09  3.48002264e-04 
 9.26118728e+09  5.10263791e-04  9.26118728e+09  3.21786013e-04 
 1.00000000e+10  5.14763598e-04  1.00000000e+10  2.97610188e-04 
