 1.00000000e+00  3.32472311e+02  1.00000000e+00 -4.57903372e-03 
 1.07977516e+00  3.32472311e+02  1.07977516e+00 -4.94432688e-03 
 1.16591440e+00  3.32472311e+02  1.16591440e+00 -5.33876136e-03 
 1.25892541e+00  3.32472311e+02  1.25892541e+00 -5.76466191e-03 
 1.35935639e+00  3.32472311e+02  1.35935639e+00 -6.22453875e-03 
 1.46779927e+00  3.32472311e+02  1.46779927e+00 -6.72110234e-03 
 1.58489319e+00  3.32472311e+02  1.58489319e+00 -7.25727937e-03 
 1.71132830e+00  3.32472311e+02  1.71132830e+00 -7.83623001e-03 
 1.84784980e+00  3.32472311e+02  1.84784980e+00 -8.46136653e-03 
 1.99526231e+00  3.32472311e+02  1.99526231e+00 -9.13637341e-03 
 2.15443469e+00  3.32472311e+02  2.15443469e+00 -9.86522908e-03 
 2.32630507e+00  3.32472311e+02  2.32630507e+00 -1.06522293e-02 
 2.51188643e+00  3.32472311e+02  2.51188643e+00 -1.15020127e-02 
 2.71227258e+00  3.32472311e+02  2.71227258e+00 -1.24195876e-02 
 2.92864456e+00  3.32472310e+02  2.92864456e+00 -1.34103622e-02 
 3.16227766e+00  3.32472310e+02  3.16227766e+00 -1.44801760e-02 
 3.41454887e+00  3.32472310e+02  3.41454887e+00 -1.56353344e-02 
 3.68694506e+00  3.32472310e+02  3.68694506e+00 -1.68826457e-02 
 3.98107171e+00  3.32472310e+02  3.98107171e+00 -1.82294615e-02 
 4.29866235e+00  3.32472310e+02  4.29866235e+00 -1.96837198e-02 
 4.64158883e+00  3.32472310e+02  4.64158883e+00 -2.12539917e-02 
 5.01187234e+00  3.32472309e+02  5.01187234e+00 -2.29495323e-02 
 5.41169527e+00  3.32472309e+02  5.41169527e+00 -2.47803350e-02 
 5.84341413e+00  3.32472309e+02  5.84341413e+00 -2.67571902e-02 
 6.30957344e+00  3.32472309e+02  6.30957344e+00 -2.88917493e-02 
 6.81292069e+00  3.32472308e+02  6.81292069e+00 -3.11965933e-02 
 7.35642254e+00  3.32472308e+02  7.35642254e+00 -3.36853065e-02 
 7.94328235e+00  3.32472307e+02  7.94328235e+00 -3.63725573e-02 
 8.57695899e+00  3.32472306e+02  8.57695899e+00 -3.92741839e-02 
 9.26118728e+00  3.32472306e+02  9.26118728e+00 -4.24072882e-02 
 1.00000000e+01  3.32472305e+02  1.00000000e+01 -4.57903363e-02 
 1.07977516e+01  3.32472304e+02  1.07977516e+01 -4.94432677e-02 
 1.16591440e+01  3.32472302e+02  1.16591440e+01 -5.33876122e-02 
 1.25892541e+01  3.32472301e+02  1.25892541e+01 -5.76466174e-02 
 1.35935639e+01  3.32472299e+02  1.35935639e+01 -6.22453853e-02 
 1.46779927e+01  3.32472297e+02  1.46779927e+01 -6.72110207e-02 
 1.58489319e+01  3.32472295e+02  1.58489319e+01 -7.25727903e-02 
 1.71132830e+01  3.32472293e+02  1.71132830e+01 -7.83622958e-02 
 1.84784980e+01  3.32472290e+02  1.84784980e+01 -8.46136598e-02 
 1.99526231e+01  3.32472286e+02  1.99526231e+01 -9.13637273e-02 
 2.15443469e+01  3.32472282e+02  2.15443469e+01 -9.86522823e-02 
 2.32630507e+01  3.32472277e+02  2.32630507e+01 -1.06522283e-01 
 2.51188643e+01  3.32472271e+02  2.51188643e+01 -1.15020113e-01 
 2.71227258e+01  3.32472265e+02  2.71227258e+01 -1.24195859e-01 
 2.92864456e+01  3.32472257e+02  2.92864456e+01 -1.34103600e-01 
 3.16227766e+01  3.32472248e+02  3.16227766e+01 -1.44801733e-01 
 3.41454887e+01  3.32472238e+02  3.41454887e+01 -1.56353310e-01 
 3.68694506e+01  3.32472225e+02  3.68694506e+01 -1.68826414e-01 
 3.98107171e+01  3.32472211e+02  3.98107171e+01 -1.82294561e-01 
 4.29866235e+01  3.32472195e+02  4.29866235e+01 -1.96837130e-01 
 4.64158883e+01  3.32472175e+02  4.64158883e+01 -2.12539831e-01 
 5.01187234e+01  3.32472153e+02  5.01187234e+01 -2.29495215e-01 
 5.41169527e+01  3.32472126e+02  5.41169527e+01 -2.47803214e-01 
 5.84341413e+01  3.32472096e+02  5.84341413e+01 -2.67571731e-01 
 6.30957344e+01  3.32472060e+02  6.30957344e+01 -2.88917278e-01 
 6.81292069e+01  3.32472019e+02  6.81292069e+01 -3.11965662e-01 
 7.35642254e+01  3.32471970e+02  7.35642254e+01 -3.36852724e-01 
 7.94328235e+01  3.32471913e+02  7.94328235e+01 -3.63725143e-01 
 8.57695899e+01  3.32471847e+02  8.57695899e+01 -3.92741297e-01 
 9.26118728e+01  3.32471771e+02  9.26118728e+01 -4.24072200e-01 
 1.00000000e+02  3.32471681e+02  1.00000000e+02 -4.57902505e-01 
 1.07977516e+02  3.32471576e+02  1.07977516e+02 -4.94431596e-01 
 1.16591440e+02  3.32471454e+02  1.16591440e+02 -5.33874761e-01 
 1.25892541e+02  3.32471312e+02  1.25892541e+02 -5.76464461e-01 
 1.35935639e+02  3.32471147e+02  1.35935639e+02 -6.22451697e-01 
 1.46779927e+02  3.32470953e+02  1.46779927e+02 -6.72107492e-01 
 1.58489319e+02  3.32470728e+02  1.58489319e+02 -7.25724485e-01 
 1.71132830e+02  3.32470466e+02  1.71132830e+02 -7.83618655e-01 
 1.84784980e+02  3.32470159e+02  1.84784980e+02 -8.46131182e-01 
 1.99526231e+02  3.32469802e+02  1.99526231e+02 -9.13630454e-01 
 2.15443469e+02  3.32469386e+02  2.15443469e+02 -9.86514238e-01 
 2.32630507e+02  3.32468901e+02  2.32630507e+02 -1.06521202e+00 
 2.51188643e+02  3.32468335e+02  2.51188643e+02 -1.15018752e+00 
 2.71227258e+02  3.32467676e+02  2.71227258e+02 -1.24194146e+00 
 2.92864456e+02  3.32466907e+02  2.92864456e+02 -1.34101444e+00 
 3.16227766e+02  3.32466010e+02  3.16227766e+02 -1.44799018e+00 
 3.41454887e+02  3.32464964e+02  3.41454887e+02 -1.56349892e+00 
 3.68694506e+02  3.32463746e+02  3.68694506e+02 -1.68822112e+00 
 3.98107171e+02  3.32462325e+02  3.98107171e+02 -1.82289145e+00 
 4.29866235e+02  3.32460668e+02  4.29866235e+02 -1.96830311e+00 
 4.64158883e+02  3.32458736e+02  4.64158883e+02 -2.12531247e+00 
 5.01187234e+02  3.32456484e+02  5.01187234e+02 -2.29484408e+00 
 5.41169527e+02  3.32453858e+02  5.41169527e+02 -2.47789609e+00 
 5.84341413e+02  3.32450797e+02  5.84341413e+02 -2.67554603e+00 
 6.30957344e+02  3.32447227e+02  6.30957344e+02 -2.88895716e+00 
 6.81292069e+02  3.32443066e+02  6.81292069e+02 -3.11938517e+00 
 7.35642254e+02  3.32438214e+02  7.35642254e+02 -3.36818552e+00 
 7.94328235e+02  3.32432558e+02  7.94328235e+02 -3.63682124e+00 
 8.57695899e+02  3.32425963e+02  8.57695899e+02 -3.92687140e+00 
 9.26118728e+02  3.32418274e+02  9.26118728e+02 -4.24004022e+00 
 1.00000000e+03  3.32409311e+02  1.00000000e+03 -4.57816677e+00 
 1.07977516e+03  3.32398860e+02  1.07977516e+03 -4.94323548e+00 
 1.16591440e+03  3.32386677e+02  1.16591440e+03 -5.33738742e+00 
 1.25892541e+03  3.32372473e+02  1.25892541e+03 -5.76293230e+00 
 1.35935639e+03  3.32355914e+02  1.35935639e+03 -6.22236141e+00 
 1.46779927e+03  3.32336610e+02  1.46779927e+03 -6.71836139e+00 
 1.58489319e+03  3.32314106e+02  1.58489319e+03 -7.25382895e+00 
 1.71132830e+03  3.32287872e+02  1.71132830e+03 -7.83188654e+00 
 1.84784980e+03  3.32257291e+02  1.84784980e+03 -8.45589892e+00 
 1.99526231e+03  3.32221643e+02  1.99526231e+03 -9.12949085e+00 
 2.15443469e+03  3.32180090e+02  2.15443469e+03 -9.85656553e+00 
 2.32630507e+03  3.32131656e+02  2.32630507e+03 -1.06413242e+01 
 2.51188643e+03  3.32075204e+02  2.51188643e+03 -1.14882862e+01 
 2.71227258e+03  3.32009410e+02  2.71227258e+03 -1.24023104e+01 
 2.92864456e+03  3.31932732e+02  2.92864456e+03 -1.33886165e+01 
 3.16227766e+03  3.31843378e+02  3.16227766e+03 -1.44528072e+01 
 3.41454887e+03  3.31739259e+02  3.41454887e+03 -1.56008899e+01 
 3.68694506e+03  3.31617947e+02  3.68694506e+03 -1.68392985e+01 
 3.98107171e+03  3.31476620e+02  3.98107171e+03 -1.81749139e+01 
 4.29866235e+03  3.31311996e+02  4.29866235e+03 -1.96150824e+01 
 4.64158883e+03  3.31120266e+02  4.64158883e+03 -2.11676323e+01 
 5.01187234e+03  3.30897004e+02  5.01187234e+03 -2.28408856e+01 
 5.41169527e+03  3.30637079e+02  5.41169527e+03 -2.46436642e+01 
 5.84341413e+03  3.30334544e+02  5.84341413e+03 -2.65852892e+01 
 6.30957344e+03  3.29982511e+02  6.30957344e+03 -2.86755692e+01 
 6.81292069e+03  3.29573017e+02  6.81292069e+03 -3.09247761e+01 
 7.35642254e+03  3.29096862e+02  7.35642254e+03 -3.33436029e+01 
 7.94328235e+03  3.28543439e+02  7.94328235e+03 -3.59431007e+01 
 8.57695899e+03  3.27900539e+02  8.57695899e+03 -3.87345871e+01 
 9.26118728e+03  3.27154139e+02  9.26118728e+03 -4.17295211e+01 
 1.00000000e+04  3.26288176e+02  1.00000000e+04 -4.49393347e+01 
 1.07977516e+04  3.25284303e+02  1.07977516e+04 -4.83752135e+01 
 1.16591440e+04  3.24121638e+02  1.16591440e+04 -5.20478135e+01 
 1.25892541e+04  3.22776511e+02  1.25892541e+04 -5.59669046e+01 
 1.35935639e+04  3.21222226e+02  1.35935639e+04 -6.01409261e+01 
 1.46779927e+04  3.19428841e+02  1.46779927e+04 -6.45764419e+01 
 1.58489319e+04  3.17363007e+02  1.58489319e+04 -6.92774835e+01 
 1.71132830e+04  3.14987878e+02  1.71132830e+04 -7.42447704e+01 
 1.84784980e+04  3.12263141e+02  1.84784980e+04 -7.94748028e+01 
 1.99526231e+04  3.09145204e+02  1.99526231e+04 -8.49588286e+01 
 2.15443469e+04  3.05587601e+02  2.15443469e+04 -9.06816997e+01 
 2.32630507e+04  3.01541666e+02  2.32630507e+04 -9.66206452e+01 
 2.51188643e+04  2.96957548e+02  2.51188643e+04 -1.02744017e+02 
 2.71227258e+04  2.91785618e+02  2.71227258e+04 -1.09010080e+02 
 2.92864456e+04  2.85978325e+02  2.92864456e+04 -1.15365965e+02 
 3.16227766e+04  2.79492503e+02  3.16227766e+04 -1.21746914e+02 
 3.41454887e+04  2.72292127e+02  3.41454887e+04 -1.28075995e+02 
 3.68694506e+04  2.64351436e+02  3.68694506e+04 -1.34264468e+02 
 3.98107171e+04  2.55658253e+02  3.98107171e+04 -1.40212985e+02 
 4.29866235e+04  2.46217289e+02  4.29866235e+04 -1.45813777e+02 
 4.64158883e+04  2.36053105e+02  4.64158883e+04 -1.50953908e+02 
 5.01187234e+04  2.25212361e+02  5.01187234e+04 -1.55519564e+02 
 5.41169527e+04  2.13764973e+02  5.41169527e+04 -1.59401217e+02 
 5.84341413e+04  2.01803821e+02  5.84341413e+04 -1.62499326e+02 
 6.30957344e+04  1.89442797e+02  6.30957344e+04 -1.64730102e+02 
 6.81292069e+04  1.76813139e+02  6.81292069e+04 -1.66030789e+02 
 7.35642254e+04  1.64058219e+02  7.35642254e+04 -1.66363841e+02 
 7.94328235e+04  1.51327207e+02  7.94328235e+04 -1.65719531e+02 
 8.57695899e+04  1.38768157e+02  8.57695899e+04 -1.64116634e+02 
 9.26118728e+04  1.26521216e+02  9.26118728e+04 -1.61601105e+02 
 1.00000000e+05  1.14712584e+02  1.00000000e+05 -1.58242932e+02 
 1.07977516e+05  1.03449767e+02  1.07977516e+05 -1.54131537e+02 
 1.16591440e+05  9.28184455e+01  1.16591440e+05 -1.49370282e+02 
 1.25892541e+05  8.28810703e+01  1.25892541e+05 -1.44070666e+02 
 1.35935639e+05  7.36770648e+01  1.35935639e+05 -1.38346745e+02 
 1.46779927e+05  6.52243691e+01  1.46779927e+05 -1.32310225e+02 
 1.58489319e+05  5.75219606e+01  1.58489319e+05 -1.26066489e+02 
 1.71132830e+05  5.05529618e+01  1.71132830e+05 -1.19711687e+02 
 1.84784980e+05  4.42879801e+01  1.84784980e+05 -1.13330878e+02 
 1.99526231e+05  3.86883896e+01  1.99526231e+05 -1.06997114e+02 
 2.15443469e+05  3.37093454e+01  2.15443469e+05 -1.00771301e+02 
 2.32630507e+05  2.93024030e+01  2.32630507e+05 -9.47026560e+01 
 2.51188643e+05  2.54176843e+01  2.51188643e+05 -8.88295702e+01 
 2.71227258e+05  2.20055836e+01  2.71227258e+05 -8.31807229e+01 
 2.92864456e+05  1.90180439e+01  2.92864456e+05 -7.77763157e+01 
 3.16227766e+05  1.64094567e+01  3.16227766e+05 -7.26293248e+01 
 3.41454887e+05  1.41372444e+01  3.41454887e+05 -6.77467060e+01 
 3.68694506e+05  1.21621887e+01  3.68694506e+05 -6.31305056e+01 
 3.98107171e+05  1.04485630e+01  3.98107171e+05 -5.87788540e+01 
 4.29866235e+05  8.96411926e+00  4.29866235e+05 -5.46868319e+01 
 4.64158883e+05  7.67997238e+00  4.64158883e+05 -5.08472101e+01 
 5.01187234e+05  6.57041618e+00  5.01187234e+05 -4.72510697e+01 
 5.41169527e+05  5.61269815e+00  5.41169527e+05 -4.38883129e+01 
 5.84341413e+05  4.78677286e+00  5.84341413e+05 -4.07480786e+01 
 6.30957344e+05  4.07504901e+00  6.30957344e+05 -3.78190737e+01 
 6.81292069e+05  3.46214036e+00  6.81292069e+05 -3.50898350e+01 
 7.35642254e+05  2.93462746e+00  7.35642254e+05 -3.25489311e+01 
 7.94328235e+05  2.48083456e+00  7.94328235e+05 -3.01851159e+01 
 8.57695899e+05  2.09062400e+00  8.57695899e+05 -2.79874424e+01 
 9.26118728e+05  1.75520908e+00  9.26118728e+05 -2.59453443e+01 
 1.00000000e+06  1.46698558e+00  1.00000000e+06 -2.40486918e+01 
 1.07977516e+06  1.21938106e+00  1.07977516e+06 -2.22878279e+01 
 1.16591440e+06  1.00672121e+00  1.16591440e+06 -2.06535875e+01 
 1.25892541e+06  8.24111693e-01  1.25892541e+06 -1.91373060e+01 
 1.35935639e+06  6.67334459e-01  1.35935639e+06 -1.77308173e+01 
 1.46779927e+06  5.32756793e-01  1.46779927e+06 -1.64264454e+01 
 1.58489319e+06  4.17252012e-01  1.58489319e+06 -1.52169911e+01 
 1.71132830e+06  3.18130393e-01  1.71132830e+06 -1.40957150e+01 
 1.84784980e+06  2.33079176e-01  1.84784980e+06 -1.30563179e+01 
 1.99526231e+06  1.60110547e-01  1.99526231e+06 -1.20929198e+01 
 2.15443469e+06  9.75166193e-02  2.15443469e+06 -1.12000384e+01 
 2.32630507e+06  4.38305117e-02  2.32630507e+06 -1.03725669e+01 
 2.51188643e+06 -2.20724530e-03  2.51188643e+06 -9.60575238e+00 
 2.71227258e+06 -4.16776841e-02  2.71227258e+06 -8.89517379e+00 
 2.92864456e+06 -7.55083623e-02  2.92864456e+06 -8.23672161e+00 
 3.16227766e+06 -1.04494851e-01  3.16227766e+06 -7.62657756e+00 
 3.41454887e+06 -1.29319216e-01  3.41454887e+06 -7.06119543e+00 
 3.68694506e+06 -1.50565906e-01  3.68694506e+06 -6.53728282e+00 
 3.98107171e+06 -1.68735389e-01  3.98107171e+06 -6.05178389e+00 
 4.29866235e+06 -1.84255859e-01  4.29866235e+06 -5.60186299e+00 
 4.64158883e+06 -1.97493274e-01  4.64158883e+06 -5.18488935e+00 
 5.01187234e+06 -2.08759943e-01  5.01187234e+06 -4.79842269e+00 
 5.41169527e+06 -2.18321883e-01  5.41169527e+06 -4.44019974e+00 
 5.84341413e+06 -2.26405096e-01  5.84341413e+06 -4.10812165e+00 
 6.30957344e+06 -2.33200925e-01  6.30957344e+06 -3.80024232e+00 
 6.81292069e+06 -2.38870616e-01  6.81292069e+06 -3.51475743e+00 
 7.35642254e+06 -2.43549198e-01  7.35642254e+06 -3.24999441e+00 
 7.94328235e+06 -2.47348765e-01  7.94328235e+06 -3.00440303e+00 
 8.57695899e+06 -2.50361272e-01  8.57695899e+06 -2.77654675e+00 
 9.26118728e+06 -2.52660891e-01  9.26118728e+06 -2.56509480e+00 
 1.00000000e+07 -2.54306021e-01  1.00000000e+07 -2.36881485e+00 
 1.07977516e+07 -2.55341000e-01  1.07977516e+07 -2.18656636e+00 
 1.16591440e+07 -2.55797596e-01  1.16591440e+07 -2.01729449e+00 
 1.25892541e+07 -2.55696324e-01  1.25892541e+07 -1.86002460e+00 
 1.35935639e+07 -2.55047667e-01  1.35935639e+07 -1.71385733e+00 
 1.46779927e+07 -2.53853251e-01  1.46779927e+07 -1.57796414e+00 
 1.58489319e+07 -2.52107054e-01  1.58489319e+07 -1.45158339e+00 
 1.71132830e+07 -2.49796715e-01  1.71132830e+07 -1.33401676e+00 
 1.84784980e+07 -2.46905007e-01  1.84784980e+07 -1.22462609e+00 
 1.99526231e+07 -2.43411542e-01  1.99526231e+07 -1.12283048e+00 
 2.15443469e+07 -2.39294761e-01  2.15443469e+07 -1.02810354e+00 
 2.32630507e+07 -2.34534231e-01  2.32630507e+07 -9.39970631e-01 
 2.51188643e+07 -2.29113246e-01  2.51188643e+07 -8.58006013e-01 
 2.71227258e+07 -2.23021675e-01  2.71227258e+07 -7.81829678e-01 
 2.92864456e+07 -2.16258937e-01  2.92864456e+07 -7.11103699e-01 
 3.16227766e+07 -2.08836919e-01  3.16227766e+07 -6.45527978e-01 
 3.41454887e+07 -2.00782584e-01  3.41454887e+07 -5.84835303e-01 
 3.68694506e+07 -1.92139972e-01  3.68694506e+07 -5.28785729e-01 
 3.98107171e+07 -1.82971280e-01  3.98107171e+07 -4.77160395e-01 
 4.29866235e+07 -1.73356747e-01  4.29866235e+07 -4.29755054e-01 
 4.64158883e+07 -1.63393159e-01  4.64158883e+07 -3.86373677e-01 
 5.01187234e+07 -1.53190937e-01  5.01187234e+07 -3.46822588e-01 
 5.41169527e+07 -1.42869959e-01  5.41169527e+07 -3.10905604e-01 
 5.84341413e+07 -1.32554444e-01  5.84341413e+07 -2.78420571e-01 
 6.30957344e+07 -1.22367360e-01  6.30957344e+07 -2.49157570e-01 
 6.81292069e+07 -1.12424924e-01  6.81292069e+07 -2.22898849e-01 
 7.35642254e+07 -1.02831706e-01  7.35642254e+07 -1.99420339e-01 
 7.94328235e+07 -9.36767919e-02  7.94328235e+07 -1.78494424e-01 
 8.57695899e+07 -8.50312545e-02  8.57695899e+07 -1.59893520e-01 
 9.26118728e+07 -7.69470309e-02  9.26118728e+07 -1.43393977e-01 
 1.00000000e+08 -6.94571133e-02  1.00000000e+08 -1.28779849e-01 
 1.07977516e+08 -6.25768295e-02  1.07977516e+08 -1.15846186e-01 
 1.16591440e+08 -5.63059191e-02  1.16591440e+08 -1.04401603e-01 
 1.25892541e+08 -5.06310863e-02  1.25892541e+08 -9.42700419e-02 
 1.35935639e+08 -4.55287411e-02  1.35935639e+08 -8.52917087e-02 
 1.46779927e+08 -4.09676899e-02  1.46779927e+08 -7.73232941e-02 
 1.58489319e+08 -3.69116073e-02  1.58489319e+08 -7.02375896e-02 
 1.71132830e+08 -3.33211832e-02  1.71132830e+08 -6.39226606e-02 
 1.84784980e+08 -3.01558984e-02  1.84784980e+08 -5.82807166e-02 
 1.99526231e+08 -2.73754239e-02  1.99526231e+08 -5.32268094e-02 
 2.15443469e+08 -2.49406686e-02  2.15443469e+08 -4.86874634e-02 
 2.32630507e+08 -2.28145179e-02  2.32630507e+08 -4.45993157e-02 
 2.51188643e+08 -2.09623135e-02  2.51188643e+08 -4.09078210e-02 
 2.71227258e+08 -1.93521247e-02  2.71227258e+08 -3.75660564e-02 
 2.92864456e+08 -1.79548593e-02  2.92864456e+08 -3.45336421e-02 
 3.16227766e+08 -1.67442555e-02  3.16227766e+08 -3.17757869e-02 
 3.41454887e+08 -1.56967892e-02  3.41454887e+08 -2.92624549e-02 
 3.68694506e+08 -1.47915257e-02  3.68694506e+08 -2.69676460e-02 
 3.98107171e+08 -1.40099368e-02  3.98107171e+08 -2.48687824e-02 
 4.29866235e+08 -1.33357007e-02  4.29866235e+08 -2.29461867e-02 
 4.64158883e+08 -1.27544961e-02  4.64158883e+08 -2.11826422e-02 
 5.01187234e+08 -1.22537989e-02  5.01187234e+08 -1.95630230e-02 
 5.41169527e+08 -1.18226881e-02  5.41169527e+08 -1.80739841e-02 
 5.84341413e+08 -1.14516634e-02  5.84341413e+08 -1.67037024e-02 
 6.30957344e+08 -1.11324770e-02  6.30957344e+08 -1.54416597e-02 
 6.81292069e+08 -1.08579811e-02  6.81292069e+08 -1.42784617e-02 
 7.35642254e+08 -1.06219895e-02  7.35642254e+08 -1.32056867e-02 
 7.94328235e+08 -1.04191548e-02  7.94328235e+08 -1.22157579e-02 
 8.57695899e+08 -1.02448595e-02  8.57695899e+08 -1.13018373e-02 
 9.26118728e+08 -1.00951193e-02  9.26118728e+08 -1.04577347e-02 
 1.00000000e+09 -9.96649894e-03  1.00000000e+09 -9.67783202e-03 
 1.07977516e+09 -9.85603809e-03  1.07977516e+09 -8.95701792e-03 
 1.16591440e+09 -9.76118717e-03  1.16591440e+09 -8.29063206e-03 
 1.25892541e+09 -9.67975128e-03  1.25892541e+09 -7.67441727e-03 
 1.35935639e+09 -9.60984157e-03  1.35935639e+09 -7.10447804e-03 
 1.46779927e+09 -9.54983319e-03  1.46779927e+09 -6.57724444e-03 
 1.58489319e+09 -9.49832881e-03  1.58489319e+09 -6.08944055e-03 
 1.71132830e+09 -9.45412711e-03  1.71132830e+09 -5.63805670e-03 
 1.84784980e+09 -9.41619558e-03  1.84784980e+09 -5.22032504e-03 
 1.99526231e+09 -9.38364697e-03  1.99526231e+09 -4.83369769e-03 
 2.15443469e+09 -9.35571904e-03  2.15443469e+09 -4.47582749e-03 
 2.32630507e+09 -9.33175711e-03  2.32630507e+09 -4.14455061e-03 
 2.51188643e+09 -9.31119890e-03  2.51188643e+09 -3.83787103e-03 
 2.71227258e+09 -9.29356164e-03  2.71227258e+09 -3.55394655e-03 
 2.92864456e+09 -9.27843085e-03  2.92864456e+09 -3.29107614e-03 
 3.16227766e+09 -9.26545071e-03  3.16227766e+09 -3.04768848e-03 
 3.41454887e+09 -9.25431585e-03  3.41454887e+09 -2.82233157e-03 
 3.68694506e+09 -9.24476415e-03  3.68694506e+09 -2.61366325e-03 
 3.98107171e+09 -9.23657068e-03  3.98107171e+09 -2.42044257e-03 
 4.29866235e+09 -9.22954242e-03  4.29866235e+09 -2.24152190e-03 
 4.64158883e+09 -9.22351376e-03  4.64158883e+09 -2.07583968e-03 
 5.01187234e+09 -9.21834259e-03  5.01187234e+09 -1.92241382e-03 
 5.41169527e+09 -9.21390700e-03  5.41169527e+09 -1.78033563e-03 
 5.84341413e+09 -9.21010239e-03  5.84341413e+09 -1.64876417e-03 
 6.30957344e+09 -9.20683903e-03  6.30957344e+09 -1.52692119e-03 
 6.81292069e+09 -9.20403993e-03  6.81292069e+09 -1.41408633e-03 
 7.35642254e+09 -9.20163907e-03  7.35642254e+09 -1.30959278e-03 
 7.94328235e+09 -9.19957980e-03  7.94328235e+09 -1.21282326e-03 
 8.57695899e+09 -9.19781352e-03  8.57695899e+09 -1.12320631e-03 
 9.26118728e+09 -9.19629856e-03  9.26118728e+09 -1.04021285e-03 
 1.00000000e+10 -9.19499915e-03  1.00000000e+10 -9.63353012e-04 
