 1.00000000e+00  3.34907256e+02  1.00000000e+00 -3.97973542e-03 
 1.07977516e+00  3.34907256e+02  1.07977516e+00 -4.29721946e-03 
 1.16591440e+00  3.34907256e+02  1.16591440e+00 -4.64003084e-03 
 1.25892541e+00  3.34907256e+02  1.25892541e+00 -5.01019006e-03 
 1.35935639e+00  3.34907256e+02  1.35935639e+00 -5.40987878e-03 
 1.46779927e+00  3.34907256e+02  1.46779927e+00 -5.84145274e-03 
 1.58489319e+00  3.34907256e+02  1.58489319e+00 -6.30745558e-03 
 1.71132830e+00  3.34907256e+02  1.71132830e+00 -6.81063387e-03 
 1.84784980e+00  3.34907256e+02  1.84784980e+00 -7.35395330e-03 
 1.99526231e+00  3.34907256e+02  1.99526231e+00 -7.94061611e-03 
 2.15443469e+00  3.34907256e+02  2.15443469e+00 -8.57408005e-03 
 2.32630507e+00  3.34907256e+02  2.32630507e+00 -9.25807868e-03 
 2.51188643e+00  3.34907256e+02  2.51188643e+00 -9.99664341e-03 
 2.71227258e+00  3.34907256e+02  2.71227258e+00 -1.07941273e-02 
 2.92864456e+00  3.34907256e+02  2.92864456e+00 -1.16552305e-02 
 3.16227766e+00  3.34907256e+02  3.16227766e+00 -1.25850284e-02 
 3.41454887e+00  3.34907256e+02  3.41454887e+00 -1.35890011e-02 
 3.68694506e+00  3.34907256e+02  3.68694506e+00 -1.46730659e-02 
 3.98107171e+00  3.34907256e+02  3.98107171e+00 -1.58436121e-02 
 4.29866235e+00  3.34907255e+02  4.29866235e+00 -1.71075388e-02 
 4.64158883e+00  3.34907255e+02  4.64158883e+00 -1.84722955e-02 
 5.01187234e+00  3.34907255e+02  5.01187234e+00 -1.99459258e-02 
 5.41169527e+00  3.34907255e+02  5.41169527e+00 -2.15371153e-02 
 5.84341413e+00  3.34907255e+02  5.84341413e+00 -2.32552421e-02 
 6.30957344e+00  3.34907254e+02  6.30957344e+00 -2.51104328e-02 
 6.81292069e+00  3.34907254e+02  6.81292069e+00 -2.71136216e-02 
 7.35642254e+00  3.34907254e+02  7.35642254e+00 -2.92766152e-02 
 7.94328235e+00  3.34907253e+02  7.94328235e+00 -3.16121619e-02 
 8.57695899e+00  3.34907253e+02  8.57695899e+00 -3.41340272e-02 
 9.26118728e+00  3.34907252e+02  9.26118728e+00 -3.68570747e-02 
 1.00000000e+01  3.34907252e+02  1.00000000e+01 -3.97973537e-02 
 1.07977516e+01  3.34907251e+02  1.07977516e+01 -4.29721939e-02 
 1.16591440e+01  3.34907250e+02  1.16591440e+01 -4.64003076e-02 
 1.25892541e+01  3.34907249e+02  1.25892541e+01 -5.01018995e-02 
 1.35935639e+01  3.34907248e+02  1.35935639e+01 -5.40987864e-02 
 1.46779927e+01  3.34907246e+02  1.46779927e+01 -5.84145257e-02 
 1.58489319e+01  3.34907244e+02  1.58489319e+01 -6.30745536e-02 
 1.71132830e+01  3.34907243e+02  1.71132830e+01 -6.81063360e-02 
 1.84784980e+01  3.34907240e+02  1.84784980e+01 -7.35395295e-02 
 1.99526231e+01  3.34907238e+02  1.99526231e+01 -7.94061567e-02 
 2.15443469e+01  3.34907234e+02  2.15443469e+01 -8.57407950e-02 
 2.32630507e+01  3.34907231e+02  2.32630507e+01 -9.25807798e-02 
 2.51188643e+01  3.34907227e+02  2.51188643e+01 -9.99664253e-02 
 2.71227258e+01  3.34907222e+02  2.71227258e+01 -1.07941261e-01 
 2.92864456e+01  3.34907216e+02  2.92864456e+01 -1.16552291e-01 
 3.16227766e+01  3.34907209e+02  3.16227766e+01 -1.25850267e-01 
 3.41454887e+01  3.34907201e+02  3.41454887e+01 -1.35889989e-01 
 3.68694506e+01  3.34907192e+02  3.68694506e+01 -1.46730631e-01 
 3.98107171e+01  3.34907181e+02  3.98107171e+01 -1.58436086e-01 
 4.29866235e+01  3.34907169e+02  4.29866235e+01 -1.71075344e-01 
 4.64158883e+01  3.34907155e+02  4.64158883e+01 -1.84722899e-01 
 5.01187234e+01  3.34907138e+02  5.01187234e+01 -1.99459188e-01 
 5.41169527e+01  3.34907118e+02  5.41169527e+01 -2.15371065e-01 
 5.84341413e+01  3.34907095e+02  5.84341413e+01 -2.32552310e-01 
 6.30957344e+01  3.34907068e+02  6.30957344e+01 -2.51104189e-01 
 6.81292069e+01  3.34907037e+02  6.81292069e+01 -2.71136041e-01 
 7.35642254e+01  3.34907001e+02  7.35642254e+01 -2.92765931e-01 
 7.94328235e+01  3.34906958e+02  7.94328235e+01 -3.16121340e-01 
 8.57695899e+01  3.34906909e+02  8.57695899e+01 -3.41339921e-01 
 9.26118728e+01  3.34906851e+02  9.26118728e+01 -3.68570306e-01 
 1.00000000e+02  3.34906784e+02  1.00000000e+02 -3.97972982e-01 
 1.07977516e+02  3.34906706e+02  1.07977516e+02 -4.29721240e-01 
 1.16591440e+02  3.34906614e+02  1.16591440e+02 -4.64002196e-01 
 1.25892541e+02  3.34906508e+02  1.25892541e+02 -5.01017887e-01 
 1.35935639e+02  3.34906383e+02  1.35935639e+02 -5.40986470e-01 
 1.46779927e+02  3.34906238e+02  1.46779927e+02 -5.84143501e-01 
 1.58489319e+02  3.34906070e+02  1.58489319e+02 -6.30743325e-01 
 1.71132830e+02  3.34905873e+02  1.71132830e+02 -6.81060577e-01 
 1.84784980e+02  3.34905643e+02  1.84784980e+02 -7.35391791e-01 
 1.99526231e+02  3.34905375e+02  1.99526231e+02 -7.94057157e-01 
 2.15443469e+02  3.34905063e+02  2.15443469e+02 -8.57402397e-01 
 2.32630507e+02  3.34904700e+02  2.32630507e+02 -9.25800808e-01 
 2.51188643e+02  3.34904275e+02  2.51188643e+02 -9.99655452e-01 
 2.71227258e+02  3.34903781e+02  2.71227258e+02 -1.07940154e+00 
 2.92864456e+02  3.34903204e+02  2.92864456e+02 -1.16550896e+00 
 3.16227766e+02  3.34902532e+02  3.16227766e+02 -1.25848511e+00 
 3.41454887e+02  3.34901748e+02  3.41454887e+02 -1.35887778e+00 
 3.68694506e+02  3.34900834e+02  3.68694506e+02 -1.46727848e+00 
 3.98107171e+02  3.34899769e+02  3.98107171e+02 -1.58432582e+00 
 4.29866235e+02  3.34898526e+02  4.29866235e+02 -1.71070933e+00 
 4.64158883e+02  3.34897078e+02  4.64158883e+02 -1.84717346e+00 
 5.01187234e+02  3.34895389e+02  5.01187234e+02 -1.99452198e+00 
 5.41169527e+02  3.34893420e+02  5.41169527e+02 -2.15362264e+00 
 5.84341413e+02  3.34891125e+02  5.84341413e+02 -2.32541232e+00 
 6.30957344e+02  3.34888448e+02  6.30957344e+02 -2.51090242e+00 
 6.81292069e+02  3.34885328e+02  6.81292069e+02 -2.71118483e+00 
 7.35642254e+02  3.34881690e+02  7.35642254e+02 -2.92743826e+00 
 7.94328235e+02  3.34877449e+02  7.94328235e+02 -3.16093513e+00 
 8.57695899e+02  3.34872504e+02  8.57695899e+02 -3.41304889e+00 
 9.26118728e+02  3.34866739e+02  9.26118728e+02 -3.68526204e+00 
 1.00000000e+03  3.34860017e+02  1.00000000e+03 -3.97917462e+00 
 1.07977516e+03  3.34852181e+02  1.07977516e+03 -4.29651347e+00 
 1.16591440e+03  3.34843044e+02  1.16591440e+03 -4.63914207e+00 
 1.25892541e+03  3.34832393e+02  1.25892541e+03 -5.00907119e+00 
 1.35935639e+03  3.34819976e+02  1.35935639e+03 -5.40847027e+00 
 1.46779927e+03  3.34805499e+02  1.46779927e+03 -5.83967960e+00 
 1.58489319e+03  3.34788622e+02  1.58489319e+03 -6.30522344e+00 
 1.71132830e+03  3.34768947e+02  1.71132830e+03 -6.80782394e+00 
 1.84784980e+03  3.34746010e+02  1.84784980e+03 -7.35041604e+00 
 1.99526231e+03  3.34719272e+02  1.99526231e+03 -7.93616333e+00 
 2.15443469e+03  3.34688103e+02  2.15443469e+03 -8.56847485e+00 
 2.32630507e+03  3.34651770e+02  2.32630507e+03 -9.25102291e+00 
 2.51188643e+03  3.34609419e+02  2.51188643e+03 -9.98776184e+00 
 2.71227258e+03  3.34560055e+02  2.71227258e+03 -1.07829477e+01 
 2.92864456e+03  3.34502518e+02  2.92864456e+03 -1.16411587e+01 
 3.16227766e+03  3.34435461e+02  3.16227766e+03 -1.25673166e+01 
 3.41454887e+03  3.34357312e+02  3.41454887e+03 -1.35667084e+01 
 3.68694506e+03  3.34266242e+02  3.68694506e+03 -1.46450087e+01 
 3.98107171e+03  3.34160126e+02  3.98107171e+03 -1.58083014e+01 
 4.29866235e+03  3.34036488e+02  4.29866235e+03 -1.70631017e+01 
 4.64158883e+03  3.33892453e+02  4.64158883e+03 -1.84163765e+01 
 5.01187234e+03  3.33724676e+02  5.01187234e+03 -1.98755634e+01 
 5.41169527e+03  3.33529276e+02  5.41169527e+03 -2.14485861e+01 
 5.84341413e+03  3.33301744e+02  5.84341413e+03 -2.31438664e+01 
 6.30957344e+03  3.33036852e+02  6.30957344e+03 -2.49703304e+01 
 6.81292069e+03  3.32728542e+02  6.81292069e+03 -2.69374063e+01 
 7.35642254e+03  3.32369798e+02  7.35642254e+03 -2.90550122e+01 
 7.94328235e+03  3.31952508e+02  7.94328235e+03 -3.13335302e+01 
 8.57695899e+03  3.31467303e+02  8.57695899e+03 -3.37837628e+01 
 9.26118728e+03  3.30903382e+02  9.26118728e+03 -3.64168675e+01 
 1.00000000e+04  3.30248314e+02  1.00000000e+04 -3.92442617e+01 
 1.07977516e+04  3.29487825e+02  1.07977516e+04 -4.22774942e+01 
 1.16591440e+04  3.28605566e+02  1.16591440e+04 -4.55280720e+01 
 1.25892541e+04  3.27582868e+02  1.25892541e+04 -4.90072340e+01 
 1.35935639e+04  3.26398491e+02  1.35935639e+04 -5.27256619e+01 
 1.46779927e+04  3.25028367e+02  1.46779927e+04 -5.66931135e+01 
 1.58489319e+04  3.23445357e+02  1.58489319e+04 -6.09179683e+01 
 1.71132830e+04  3.21619045e+02  1.71132830e+04 -6.54066706e+01 
 1.84784980e+04  3.19515565e+02  1.84784980e+04 -7.01630581e+01 
 1.99526231e+04  3.17097531e+02  1.99526231e+04 -7.51875673e+01 
 2.15443469e+04  3.14324072e+02  2.15443469e+04 -8.04763093e+01 
 2.32630507e+04  3.11151033e+02  2.32630507e+04 -8.60200205e+01 
 2.51188643e+04  3.07531407e+02  2.51188643e+04 -9.18029019e+01 
 2.71227258e+04  3.03416034e+02  2.71227258e+04 -9.78013799e+01 
 2.92864456e+04  2.98754654e+02  2.92864456e+04 -1.03982842e+02 
 3.16227766e+04  2.93497357e+02  3.16227766e+04 -1.10304427e+02 
 3.41454887e+04  2.87596484e+02  3.41454887e+04 -1.16711986e+02 
 3.68694506e+04  2.81008990e+02  3.68694506e+04 -1.23139353e+02 
 3.98107171e+04  2.73699253e+02  3.98107171e+04 -1.29508100e+02 
 4.29866235e+04  2.65642236e+02  4.29866235e+04 -1.35727961e+02 
 4.64158883e+04  2.56826848e+02  4.64158883e+04 -1.41698116e+02 
 5.01187234e+04  2.47259251e+02  5.01187234e+04 -1.47309471e+02 
 5.41169527e+04  2.36965809e+02  5.41169527e+04 -1.52448018e+02 
 5.84341413e+04  2.25995280e+02  5.84341413e+04 -1.56999231e+02 
 6.30957344e+04  2.14419883e+02  6.30957344e+04 -1.60853325e+02 
 6.81292069e+04  2.02334883e+02  6.81292069e+04 -1.63911016e+02 
 7.35642254e+04  1.89856496e+02  7.35642254e+04 -1.66089325e+02 
 7.94328235e+04  1.77118063e+02  7.94328235e+04 -1.67326818e+02 
 8.57695899e+04  1.64264703e+02  8.57695899e+04 -1.67587727e+02 
 9.26118728e+04  1.51446856e+02  9.26118728e+04 -1.66864428e+02 
 1.00000000e+05  1.38813310e+02  1.00000000e+05 -1.65177981e+02 
 1.07977516e+05  1.26504390e+02  1.07977516e+05 -1.62576651e+02 
 1.16591440e+05  1.14645957e+02  1.16591440e+05 -1.59132606e+02 
 1.25892541e+05  1.03344741e+02  1.25892541e+05 -1.54937200e+02 
 1.35935639e+05  9.26853151e+01  1.35935639e+05 -1.50095391e+02 
 1.46779927e+05  8.27288118e+01  1.46779927e+05 -1.44719892e+02 
 1.58489319e+05  7.35132390e+01  1.58489319e+05 -1.38925593e+02 
 1.71132830e+05  6.50551245e+01  1.71132830e+05 -1.32824675e+02 
 1.84784980e+05  5.73521135e+01  1.84784980e+05 -1.26522691e+02 
 1.99526231e+05  5.03861288e+01  1.99526231e+05 -1.20115713e+02 
 2.15443469e+05  4.41267409e+01  2.15443469e+05 -1.13688538e+02 
 2.32630507e+05  3.85344598e+01  2.32630507e+05 -1.07313830e+02 
 2.51188643e+05  3.35637448e+01  2.51188643e+05 -1.01052036e+02 
 2.71227258e+05  2.91656111e+01  2.71227258e+05 -9.49518766e+01 
 2.92864456e+05  2.52897754e+01  2.92864456e+05 -8.90512466e+01 
 3.16227766e+05  2.18863409e+01  3.16227766e+05 -8.33783475e+01 
 3.41454887e+05  1.89070523e+01  3.41454887e+05 -7.79529354e+01 
 3.68694506e+05  1.63061760e+01  3.68694506e+05 -7.27875822e+01 
 3.98107171e+05  1.40410648e+01  3.98107171e+05 -6.78888827e+01 
 4.29866235e+05  1.20724725e+01  4.29866235e+05 -6.32585658e+01 
 4.64158883e+05  1.03646740e+01  4.64158883e+05 -5.88944859e+01 
 5.01187234e+05  8.88544287e+00  5.01187234e+05 -5.47914862e+01 
 5.41169527e+05  7.60592882e+00  5.41169527e+05 -5.09421338e+01 
 5.84341413e+05  6.50046803e+00  5.84341413e+05 -4.73373365e+01 
 6.30957344e+05  5.54635408e+00  6.30957344e+05 -4.39668491e+01 
 6.81292069e+05  4.72358855e+00  6.81292069e+05 -4.08196855e+01 
 7.35642254e+05  4.01462621e+00  7.35642254e+05 -3.78844468e+01 
 7.94328235e+05  3.40412464e+00  7.94328235e+05 -3.51495799e+01 
 8.57695899e+05  2.87870531e+00  8.57695899e+05 -3.26035771e+01 
 9.26118728e+05  2.42673002e+00  9.26118728e+05 -3.02351274e+01 
 1.00000000e+06  2.03809519e+00  1.00000000e+06 -2.80332281e+01 
 1.07977516e+06  1.70404480e+00  1.07977516e+06 -2.59872653e+01 
 1.16591440e+06  1.41700198e+00  1.16591440e+06 -2.40870684e+01 
 1.25892541e+06  1.17041857e+00  1.25892541e+06 -2.23229445e+01 
 1.35935639e+06  9.58641694e-01  1.35935639e+06 -2.06856977e+01 
 1.46779927e+06  7.76795927e-01  1.46779927e+06 -1.91666363e+01 
 1.58489319e+06  6.20679774e-01  1.58489319e+06 -1.77575702e+01 
 1.71132830e+06  4.86675062e-01  1.71132830e+06 -1.64508024e+01 
 1.84784980e+06  3.71667838e-01  1.84784980e+06 -1.52391148e+01 
 1.99526231e+06  2.72979541e-01  1.99526231e+06 -1.41157509e+01 
 2.15443469e+06  1.88307205e-01  2.15443469e+06 -1.30743963e+01 
 2.32630507e+06  1.15671638e-01  2.32630507e+06 -1.21091571e+01 
 2.51188643e+06  5.33725713e-02  2.51188643e+06 -1.12145384e+01 
 2.71227258e+06 -5.00988453e-05  2.71227258e+06 -1.03854217e+01 
 2.92864456e+06 -4.58497681e-02  2.92864456e+06 -9.61704326e+00 
 3.16227766e+06 -8.51019664e-02  3.16227766e+06 -8.90497211e+00 
 3.41454887e+06 -1.18729202e-01  3.41454887e+06 -8.24508941e+00 
 3.68694506e+06 -1.47522339e-01  3.68694506e+06 -7.63356813e+00 
 3.98107171e+06 -1.72158980e-01  3.98107171e+06 -7.06685387e+00 
 4.29866235e+06 -1.93219254e-01  4.29866235e+06 -6.54164650e+00 
 4.64158883e+06 -2.11199362e-01  4.64158883e+06 -6.05488288e+00 
 5.01187234e+06 -2.26523203e-01  5.01187234e+06 -5.60372045e+00 
 5.41169527e+06 -2.39552311e-01  5.41169527e+06 -5.18552194e+00 
 5.84341413e+06 -2.50594374e-01  5.84341413e+06 -4.79784093e+00 
 6.30957344e+06 -2.59910497e-01  6.30957344e+06 -4.43840841e+00 
 6.81292069e+06 -2.67721404e-01  6.81292069e+06 -4.10512025e+00 
 7.35642254e+06 -2.74212711e-01  7.35642254e+06 -3.79602552e+00 
 7.94328235e+06 -2.79539419e-01  7.94328235e+06 -3.50931566e+00 
 8.57695899e+06 -2.83829720e-01  8.57695899e+06 -3.24331449e+00 
 9.26118728e+06 -2.87188230e-01  9.26118728e+06 -2.99646894e+00 
 1.00000000e+07 -2.89698739e-01  1.00000000e+07 -2.76734062e+00 
 1.07977516e+07 -2.91426560e-01  1.07977516e+07 -2.55459800e+00 
 1.16591440e+07 -2.92420554e-01  1.16591440e+07 -2.35700935e+00 
 1.25892541e+07 -2.92714917e-01  1.25892541e+07 -2.17343634e+00 
 1.35935639e+07 -2.92330800e-01  1.35935639e+07 -2.00282827e+00 
 1.46779927e+07 -2.91277842e-01  1.46779927e+07 -1.84421682e+00 
 1.58489319e+07 -2.89555700e-01  1.58489319e+07 -1.69671152e+00 
 1.71132830e+07 -2.87155663e-01  1.71132830e+07 -1.55949553e+00 
 1.84784980e+07 -2.84062423e-01  1.84784980e+07 -1.43182196e+00 
 1.99526231e+07 -2.80256091e-01  1.99526231e+07 -1.31301050e+00 
 2.15443469e+07 -2.75714518e-01  2.15443469e+07 -1.20244422e+00 
 2.32630507e+07 -2.70415959e-01  2.32630507e+07 -1.09956642e+00 
 2.51188643e+07 -2.64342090e-01  2.51188643e+07 -1.00387745e+00 
 2.71227258e+07 -2.57481310e-01  2.71227258e+07 -9.14931040e-01 
 2.92864456e+07 -2.49832225e-01  2.92864456e+07 -8.32330273e-01 
 3.16227766e+07 -2.41407096e-01  3.16227766e+07 -7.55722785e-01 
 3.41454887e+07 -2.32234985e-01  3.41454887e+07 -6.84795203e-01 
 3.68694506e+07 -2.22364250e-01  3.68694506e+07 -6.19266777e-01 
 3.98107171e+07 -2.11864043e-01  3.98107171e+07 -5.58882327e-01 
 4.29866235e+07 -2.00824457e-01  4.29866235e+07 -5.03404788e-01 
 4.64158883e+07 -1.89355105e-01  4.64158883e+07 -4.52607754e-01 
 5.01187234e+07 -1.77582051e-01  5.01187234e+07 -4.06268534e-01 
 5.41169527e+07 -1.65643209e-01  5.41169527e+07 -3.64162286e-01 
 5.84341413e+07 -1.53682582e-01  5.84341413e+07 -3.26057692e-01 
 6.30957344e+07 -1.41843840e-01  6.30957344e+07 -2.91714530e-01 
 6.81292069e+07 -1.30263882e-01  6.81292069e+07 -2.60883251e-01 
 7.35642254e+07 -1.19067001e-01  7.35642254e+07 -2.33306440e-01 
 7.94328235e+07 -1.08360187e-01  7.94328235e+07 -2.08721810e-01 
 8.57695899e+07 -9.82299158e-02  8.57695899e+07 -1.86866235e-01 
 9.26118728e+07 -8.87405631e-02  9.26118728e+07 -1.67480257e-01 
 1.00000000e+08 -7.99343719e-02  1.00000000e+08 -1.50312522e-01 
 1.07977516e+08 -7.18327384e-02  1.07977516e+08 -1.35123727e-01 
 1.16591440e+08 -6.44384835e-02  1.16591440e+08 -1.21689774e-01 
 1.25892541e+08 -5.77387442e-02  1.25892541e+08 -1.09803976e-01 
 1.35935639e+08 -5.17081367e-02  1.35935639e+08 -9.92783252e-02 
 1.46779927e+08 -4.63119059e-02  1.46779927e+08 -8.99438877e-02 
 1.58489319e+08 -4.15088496e-02  1.58489319e+08 -8.16504732e-02 
 1.71132830e+08 -3.72538824e-02  1.71132830e+08 -7.42657603e-02 
 1.84784980e+08 -3.35001751e-02  1.84784980e+08 -6.76740408e-02 
 1.99526231e+08 -3.02008539e-02  1.99526231e+08 -6.17747386e-02 
 2.15443469e+08 -2.73102867e-02  2.15443469e+08 -5.64808307e-02 
 2.32630507e+08 -2.47849994e-02  2.32630507e+08 -5.17172654e-02 
 2.51188643e+08 -2.25842821e-02  2.51188643e+08 -4.74194460e-02 
 2.71227258e+08 -2.06705431e-02  2.71227258e+08 -4.35318243e-02 
 2.92864456e+08 -1.90094673e-02  2.92864456e+08 -4.00066266e-02 
 3.16227766e+08 -1.75700280e-02  3.16227766e+08 -3.68027228e-02 
 3.41454887e+08 -1.63243951e-02  3.41454887e+08 -3.38846375e-02 
 3.68694506e+08 -1.52477723e-02  3.68694506e+08 -3.12216954e-02 
 3.98107171e+08 -1.43181914e-02  3.98107171e+08 -2.87872900e-02 
 4.29866235e+08 -1.35162828e-02  4.29866235e+08 -2.65582629e-02 
 4.64158883e+08 -1.28250373e-02  4.64158883e+08 -2.45143789e-02 
 5.01187234e+08 -1.22295706e-02  5.01187234e+08 -2.26378856e-02 
 5.41169527e+08 -1.17168961e-02  5.41169527e+08 -2.09131430e-02 
 5.84341413e+08 -1.12757113e-02  5.84341413e+08 -1.93263147e-02 
 6.30957344e+08 -1.08962006e-02  6.30957344e+08 -1.78651085e-02 
 6.81292069e+08 -1.05698553e-02  6.81292069e+08 -1.65185608e-02 
 7.35642254e+08 -1.02893107e-02  7.35642254e+08 -1.52768549e-02 
 7.94328235e+08 -1.00482008e-02  7.94328235e+08 -1.41311692e-02 
 8.57695899e+08 -9.84102863e-03  8.57695899e+08 -1.30735503e-02 
 9.26118728e+08 -9.66305210e-03  9.26118728e+08 -1.20968047e-02 
 1.00000000e+09 -9.51018324e-03  1.00000000e+09 -1.11944085e-02 
 1.07977516e+09 -9.37890030e-03  1.07977516e+09 -1.03604299e-02 
 1.16591440e+09 -9.26617080e-03  1.16591440e+09 -9.58946327e-03 
 1.25892541e+09 -9.16938475e-03  1.25892541e+09 -8.87657269e-03 
 1.35935639e+09 -9.08629662e-03  1.35935639e+09 -8.21724306e-03 
 1.46779927e+09 -9.01497504e-03  1.46779927e+09 -7.60733779e-03 
 1.58489319e+09 -8.95375932e-03  1.58489319e+09 -7.04306186e-03 
 1.71132830e+09 -8.90122190e-03  1.71132830e+09 -6.52092936e-03 
 1.84784980e+09 -8.85613587e-03  1.84784980e+09 -6.03773496e-03 
 1.99526231e+09 -8.81744699e-03  1.99526231e+09 -5.59052857e-03 
 2.15443469e+09 -8.78424958e-03  2.15443469e+09 -5.17659277e-03 
 2.32630507e+09 -8.75576571e-03  2.32630507e+09 -4.79342275e-03 
 2.51188643e+09 -8.73132730e-03  2.51188643e+09 -4.43870816e-03 
 2.71227258e+09 -8.71036065e-03  2.71227258e+09 -4.11031690e-03 
 2.92864456e+09 -8.69237323e-03  2.92864456e+09 -3.80628042e-03 
 3.16227766e+09 -8.67694221e-03  3.16227766e+09 -3.52478044e-03 
 3.41454887e+09 -8.66370465e-03  3.41454887e+09 -3.26413683e-03 
 3.68694506e+09 -8.65234904e-03  3.68694506e+09 -3.02279670e-03 
 3.98107171e+09 -8.64260803e-03  3.98107171e+09 -2.79932430e-03 
 4.29866235e+09 -8.63425222e-03  4.29866235e+09 -2.59239193e-03 
 4.64158883e+09 -8.62708474e-03  4.64158883e+09 -2.40077152e-03 
 5.01187234e+09 -8.62093667e-03  5.01187234e+09 -2.22332699e-03 
 5.41169527e+09 -8.61566310e-03  5.41169527e+09 -2.05900717e-03 
 5.84341413e+09 -8.61113969e-03  5.84341413e+09 -1.90683933e-03 
 6.30957344e+09 -8.60725975e-03  6.30957344e+09 -1.76592324e-03 
 6.81292069e+09 -8.60393179e-03  6.81292069e+09 -1.63542569e-03 
 7.35642254e+09 -8.60107728e-03  7.35642254e+09 -1.51457540e-03 
 7.94328235e+09 -8.59862890e-03  7.94328235e+09 -1.40265840e-03 
 8.57695899e+09 -8.59652887e-03  8.57695899e+09 -1.29901372e-03 
 9.26118728e+09 -8.59472763e-03  9.26118728e+09 -1.20302942e-03 
 1.00000000e+10 -8.59318268e-03  1.00000000e+10 -1.11413893e-03 
