 1.00000000e+00  2.67977866e+02  1.00000000e+00 -3.62607791e-03 
 1.07977516e+00  2.67977866e+02  1.07977516e+00 -3.91534887e-03 
 1.16591440e+00  2.67977866e+02  1.16591440e+00 -4.22769646e-03 
 1.25892541e+00  2.67977866e+02  1.25892541e+00 -4.56496163e-03 
 1.35935639e+00  2.67977866e+02  1.35935639e+00 -4.92913218e-03 
 1.46779927e+00  2.67977866e+02  1.46779927e+00 -5.32235450e-03 
 1.58489319e+00  2.67977866e+02  1.58489319e+00 -5.74694620e-03 
 1.71132830e+00  2.67977866e+02  1.71132830e+00 -6.20540976e-03 
 1.84784980e+00  2.67977866e+02  1.84784980e+00 -6.70044733e-03 
 1.99526231e+00  2.67977865e+02  1.99526231e+00 -7.23497661e-03 
 2.15443469e+00  2.67977865e+02  2.15443469e+00 -7.81214804e-03 
 2.32630507e+00  2.67977865e+02  2.32630507e+00 -8.43536341e-03 
 2.51188643e+00  2.67977865e+02  2.51188643e+00 -9.10829590e-03 
 2.71227258e+00  2.67977865e+02  2.71227258e+00 -9.83491168e-03 
 2.92864456e+00  2.67977865e+02  2.92864456e+00 -1.06194934e-02 
 3.16227766e+00  2.67977865e+02  3.16227766e+00 -1.14666652e-02 
 3.41454887e+00  2.67977865e+02  3.41454887e+00 -1.23814202e-02 
 3.68694506e+00  2.67977865e+02  3.68694506e+00 -1.33691500e-02 
 3.98107171e+00  2.67977865e+02  3.98107171e+00 -1.44356761e-02 
 4.29866235e+00  2.67977865e+02  4.29866235e+00 -1.55872845e-02 
 4.64158883e+00  2.67977865e+02  4.64158883e+00 -1.68307627e-02 
 5.01187234e+00  2.67977864e+02  5.01187234e+00 -1.81734395e-02 
 5.41169527e+00  2.67977864e+02  5.41169527e+00 -1.96232286e-02 
 5.84341413e+00  2.67977864e+02  5.84341413e+00 -2.11886748e-02 
 6.30957344e+00  2.67977864e+02  6.30957344e+00 -2.28790047e-02 
 6.81292069e+00  2.67977863e+02  6.81292069e+00 -2.47041810e-02 
 7.35642254e+00  2.67977863e+02  7.35642254e+00 -2.66749610e-02 
 7.94328235e+00  2.67977863e+02  7.94328235e+00 -2.88029603e-02 
 8.57695899e+00  2.67977862e+02  8.57695899e+00 -3.11007211e-02 
 9.26118728e+00  2.67977861e+02  9.26118728e+00 -3.35817861e-02 
 1.00000000e+01  2.67977861e+02  1.00000000e+01 -3.62607785e-02 
 1.07977516e+01  2.67977860e+02  1.07977516e+01 -3.91534878e-02 
 1.16591440e+01  2.67977859e+02  1.16591440e+01 -4.22769635e-02 
 1.25892541e+01  2.67977858e+02  1.25892541e+01 -4.56496150e-02 
 1.35935639e+01  2.67977857e+02  1.35935639e+01 -4.92913202e-02 
 1.46779927e+01  2.67977855e+02  1.46779927e+01 -5.32235429e-02 
 1.58489319e+01  2.67977853e+02  1.58489319e+01 -5.74694594e-02 
 1.71132830e+01  2.67977851e+02  1.71132830e+01 -6.20540943e-02 
 1.84784980e+01  2.67977849e+02  1.84784980e+01 -6.70044692e-02 
 1.99526231e+01  2.67977846e+02  1.99526231e+01 -7.23497608e-02 
 2.15443469e+01  2.67977843e+02  2.15443469e+01 -7.81214738e-02 
 2.32630507e+01  2.67977839e+02  2.32630507e+01 -8.43536259e-02 
 2.51188643e+01  2.67977835e+02  2.51188643e+01 -9.10829486e-02 
 2.71227258e+01  2.67977830e+02  2.71227258e+01 -9.83491037e-02 
 2.92864456e+01  2.67977824e+02  2.92864456e+01 -1.06194917e-01 
 3.16227766e+01  2.67977817e+02  3.16227766e+01 -1.14666631e-01 
 3.41454887e+01  2.67977808e+02  3.41454887e+01 -1.23814176e-01 
 3.68694506e+01  2.67977799e+02  3.68694506e+01 -1.33691467e-01 
 3.98107171e+01  2.67977788e+02  3.98107171e+01 -1.44356720e-01 
 4.29866235e+01  2.67977775e+02  4.29866235e+01 -1.55872793e-01 
 4.64158883e+01  2.67977760e+02  4.64158883e+01 -1.68307561e-01 
 5.01187234e+01  2.67977742e+02  5.01187234e+01 -1.81734312e-01 
 5.41169527e+01  2.67977722e+02  5.41169527e+01 -1.96232182e-01 
 5.84341413e+01  2.67977698e+02  5.84341413e+01 -2.11886617e-01 
 6.30957344e+01  2.67977670e+02  6.30957344e+01 -2.28789882e-01 
 6.81292069e+01  2.67977638e+02  6.81292069e+01 -2.47041603e-01 
 7.35642254e+01  2.67977600e+02  7.35642254e+01 -2.66749349e-01 
 7.94328235e+01  2.67977556e+02  7.94328235e+01 -2.88029274e-01 
 8.57695899e+01  2.67977505e+02  8.57695899e+01 -3.11006797e-01 
 9.26118728e+01  2.67977445e+02  9.26118728e+01 -3.35817339e-01 
 1.00000000e+02  2.67977375e+02  1.00000000e+02 -3.62607128e-01 
 1.07977516e+02  2.67977294e+02  1.07977516e+02 -3.91534051e-01 
 1.16591440e+02  2.67977199e+02  1.16591440e+02 -4.22768594e-01 
 1.25892541e+02  2.67977088e+02  1.25892541e+02 -4.56494839e-01 
 1.35935639e+02  2.67976959e+02  1.35935639e+02 -4.92911552e-01 
 1.46779927e+02  2.67976809e+02  1.46779927e+02 -5.32233352e-01 
 1.58489319e+02  2.67976634e+02  1.58489319e+02 -5.74691978e-01 
 1.71132830e+02  2.67976429e+02  1.71132830e+02 -6.20537651e-01 
 1.84784980e+02  2.67976191e+02  1.84784980e+02 -6.70040547e-01 
 1.99526231e+02  2.67975913e+02  1.99526231e+02 -7.23492390e-01 
 2.15443469e+02  2.67975589e+02  2.15443469e+02 -7.81208169e-01 
 2.32630507e+02  2.67975211e+02  2.32630507e+02 -8.43527989e-01 
 2.51188643e+02  2.67974771e+02  2.51188643e+02 -9.10819075e-01 
 2.71227258e+02  2.67974257e+02  2.71227258e+02 -9.83477930e-01 
 2.92864456e+02  2.67973659e+02  2.92864456e+02 -1.06193267e+00 
 3.16227766e+02  2.67972961e+02  3.16227766e+02 -1.14664554e+00 
 3.41454887e+02  2.67972147e+02  3.41454887e+02 -1.23811561e+00 
 3.68694506e+02  2.67971198e+02  3.68694506e+02 -1.33688175e+00 
 3.98107171e+02  2.67970092e+02  3.98107171e+02 -1.44352575e+00 
 4.29866235e+02  2.67968802e+02  4.29866235e+02 -1.55867575e+00 
 4.64158883e+02  2.67967298e+02  4.64158883e+02 -1.68300992e+00 
 5.01187234e+02  2.67965545e+02  5.01187234e+02 -1.81726043e+00 
 5.41169527e+02  2.67963501e+02  5.41169527e+02 -1.96221771e+00 
 5.84341413e+02  2.67961118e+02  5.84341413e+02 -2.11873511e+00 
 6.30957344e+02  2.67958339e+02  6.30957344e+02 -2.28773383e+00 
 6.81292069e+02  2.67955100e+02  6.81292069e+02 -2.47020831e+00 
 7.35642254e+02  2.67951323e+02  7.35642254e+02 -2.66723200e+00 
 7.94328235e+02  2.67946920e+02  7.94328235e+02 -2.87996355e+00 
 8.57695899e+02  2.67941786e+02  8.57695899e+02 -3.10965354e+00 
 9.26118728e+02  2.67935801e+02  9.26118728e+02 -3.35765168e+00 
 1.00000000e+03  2.67928823e+02  1.00000000e+03 -3.62541449e+00 
 1.07977516e+03  2.67920688e+02  1.07977516e+03 -3.91451369e+00 
 1.16591440e+03  2.67911204e+02  1.16591440e+03 -4.22664507e+00 
 1.25892541e+03  2.67900147e+02  1.25892541e+03 -4.56363807e+00 
 1.35935639e+03  2.67887256e+02  1.35935639e+03 -4.92746600e+00 
 1.46779927e+03  2.67872229e+02  1.46779927e+03 -5.32025702e+00 
 1.58489319e+03  2.67854710e+02  1.58489319e+03 -5.74430580e+00 
 1.71132830e+03  2.67834288e+02  1.71132830e+03 -6.20208595e+00 
 1.84784980e+03  2.67810481e+02  1.84784980e+03 -6.69626327e+00 
 1.99526231e+03  2.67782730e+02  1.99526231e+03 -7.22970973e+00 
 2.15443469e+03  2.67750381e+02  2.15443469e+03 -7.80551823e+00 
 2.32630507e+03  2.67712676e+02  2.32630507e+03 -8.42701816e+00 
 2.51188643e+03  2.67668728e+02  2.51188643e+03 -9.09779157e+00 
 2.71227258e+03  2.67617506e+02  2.71227258e+03 -9.82169005e+00 
 2.92864456e+03  2.67557811e+02  2.92864456e+03 -1.06028520e+01 
 3.16227766e+03  2.67488245e+02  3.16227766e+03 -1.14457204e+01 
 3.41454887e+03  2.67407183e+02  3.41454887e+03 -1.23550603e+01 
 3.68694506e+03  2.67312734e+02  3.68694506e+03 -1.33359766e+01 
 3.98107171e+03  2.67202698e+02  3.98107171e+03 -1.43939305e+01 
 4.29866235e+03  2.67074520e+02  4.29866235e+03 -1.55347550e+01 
 4.64158883e+03  2.66925230e+02  4.64158883e+03 -1.67646689e+01 
 5.01187234e+03  2.66751382e+02  5.01187234e+03 -1.80902865e+01 
 5.41169527e+03  2.66548975e+02  5.41169527e+03 -1.95186246e+01 
 5.84341413e+03  2.66313374e+02  5.84341413e+03 -2.10571026e+01 
 6.30957344e+03  2.66039208e+02  6.30957344e+03 -2.27135356e+01 
 6.81292069e+03  2.65720266e+02  6.81292069e+03 -2.44961174e+01 
 7.35642254e+03  2.65349371e+02  7.35642254e+03 -2.64133900e+01 
 7.94328235e+03  2.64918243e+02  7.94328235e+03 -2.84741968e+01 
 8.57695899e+03  2.64417351e+02  8.57695899e+03 -3.06876146e+01 
 9.26118728e+03  2.63835739e+02  9.26118728e+03 -3.30628595e+01 
 1.00000000e+04  2.63160850e+02  1.00000000e+04 -3.56091592e+01 
 1.07977516e+04  2.62378333e+02  1.07977516e+04 -3.83355864e+01 
 1.16591440e+04  2.61471839e+02  1.16591440e+04 -4.12508430e+01 
 1.25892541e+04  2.60422819e+02  1.25892541e+04 -4.43629870e+01 
 1.35935639e+04  2.59210328e+02  1.35935639e+04 -4.76790908e+01 
 1.46779927e+04  2.57810841e+02  1.46779927e+04 -5.12048215e+01 
 1.58489319e+04  2.56198115e+02  1.58489319e+04 -5.49439328e+01 
 1.71132830e+04  2.54343099e+02  1.71132830e+04 -5.88976590e+01 
 1.84784980e+04  2.52213933e+02  1.84784980e+04 -6.30640077e+01 
 1.99526231e+04  2.49776069e+02  1.99526231e+04 -6.74369493e+01 
 2.15443469e+04  2.46992553e+02  2.15443469e+04 -7.20055143e+01 
 2.32630507e+04  2.43824517e+02  2.32630507e+04 -7.67528167e+01 
 2.51188643e+04  2.40231930e+02  2.51188643e+04 -8.16550439e+01 
 2.71227258e+04  2.36174657e+02  2.71227258e+04 -8.66804681e+01 
 2.92864456e+04  2.31613870e+02  2.92864456e+04 -9.17885638e+01 
 3.16227766e+04  2.26513828e+02  3.16227766e+04 -9.69293361e+01 
 3.41454887e+04  2.20844019e+02  3.41454887e+04 -1.02042995e+02 
 3.68694506e+04  2.14581617e+02  3.68694506e+04 -1.07060118e+02 
 3.98107171e+04  2.07714138e+02  3.98107171e+04 -1.11902459e+02 
 4.29866235e+04  2.00242121e+02  4.29866235e+04 -1.16484518e+02 
 4.64158883e+04  1.92181603e+02  4.64158883e+04 -1.20715978e+02 
 5.01187234e+04  1.83566084e+02  5.01187234e+04 -1.24504973e+02 
 5.41169527e+04  1.74447680e+02  5.41169527e+04 -1.27762113e+02 
 5.84341413e+04  1.64897174e+02  5.84341413e+04 -1.30405010e+02 
 6.30957344e+04  1.55002745e+02  6.30957344e+04 -1.32362948e+02 
 6.81292069e+04  1.44867319e+02  6.81292069e+04 -1.33581260e+02 
 7.35642254e+04  1.34604629e+02  7.35642254e+04 -1.34024942e+02 
 7.94328235e+04  1.24334271e+02  7.94328235e+04 -1.33681053e+02 
 8.57695899e+04  1.14176200e+02  8.57695899e+04 -1.32559632e+02 
 9.26118728e+04  1.04245184e+02  9.26118728e+04 -1.30692986e+02 
 1.00000000e+05  9.46457646e+01  1.00000000e+05 -1.28133463e+02 
 1.07977516e+05  8.54681698e+01  1.07977516e+05 -1.24949970e+02 
 1.16591440e+05  7.67854900e+01  1.16591440e+05 -1.21223671e+02 
 1.25892541e+05  6.86522364e+01  1.25892541e+05 -1.17043326e+02 
 1.35935639e+05  6.11042305e+01  1.35935639e+05 -1.12500719e+02 
 1.46779927e+05  5.41596318e+01  1.46779927e+05 -1.07686566e+02 
 1.58489319e+05  4.78208189e+01  1.58489319e+05 -1.02687130e+02 
 1.71132830e+05  4.20768143e+01  1.71132830e+05 -9.75816837e+01 
 1.84784980e+05  3.69059555e+01  1.84784980e+05 -9.24408292e+01 
 1.99526231e+05  3.22785661e+01  1.99526231e+05 -8.73256015e+01 
 2.15443469e+05  2.81594430e+01  2.15443469e+05 -8.22872300e+01 
 2.32630507e+05  2.45100437e+01  2.32630507e+05 -7.73674119e+01 
 2.51188643e+05  2.12903141e+01  2.51188643e+05 -7.25989466e+01 
 2.71227258e+05  1.84601438e+01  2.71227258e+05 -6.80065986e+01 
 2.92864456e+05  1.59804691e+01  2.92864456e+05 -6.36080773e+01 
 3.16227766e+05  1.38140606e+01  3.16227766e+05 -5.94150486e+01 
 3.41454887e+05  1.19260453e+01  3.41454887e+05 -5.54341175e+01 
 3.68694506e+05  1.02842128e+01  3.68694506e+05 -5.16677423e+01 
 3.98107171e+05  8.85915299e+00  3.98107171e+05 -4.81150570e+01 
 4.29866235e+05  7.62426866e+00  4.29866235e+05 -4.47725922e+01 
 4.64158883e+05  6.55569803e+00  4.64158883e+05 -4.16348936e+01 
 5.01187234e+05  5.63217674e+00  5.01187234e+05 -3.86950423e+01 
 5.41169527e+05  4.83486227e+00  5.41169527e+05 -3.59450848e+01 
 5.84341413e+05  4.14713792e+00  5.84341413e+05 -3.33763845e+01 
 6.30957344e+05  3.55440935e+00  6.30957344e+05 -3.09799027e+01 
 6.81292069e+05  3.04390267e+00  6.81292069e+05 -2.87464210e+01 
 7.35642254e+05  2.60447024e+00  7.35642254e+05 -2.66667138e+01 
 7.94328235e+05  2.22640791e+00  7.94328235e+05 -2.47316809e+01 
 8.57695899e+05  1.90128624e+00  8.57695899e+05 -2.29324446e+01 
 9.26118728e+05  1.62179636e+00  9.26118728e+05 -2.12604215e+01 
 1.00000000e+06  1.38161094e+00  1.00000000e+06 -1.97073716e+01 
 1.07977516e+06  1.17525963e+00  1.07977516e+06 -1.82654301e+01 
 1.16591440e+06  9.98018417e-01  1.16591440e+06 -1.69271266e+01 
 1.25892541e+06  8.45811782e-01  1.25892541e+06 -1.56853930e+01 
 1.35935639e+06  7.15126610e-01  1.35935639e+06 -1.45335637e+01 
 1.46779927e+06  6.02936754e-01  1.46779927e+06 -1.34653702e+01 
 1.58489319e+06  5.06637132e-01  1.58489319e+06 -1.24749307e+01 
 1.71132830e+06  4.23986320e-01  1.71132830e+06 -1.15567373e+01 
 1.84784980e+06  3.53056654e-01  1.84784980e+06 -1.07056405e+01 
 1.99526231e+06  2.92190954e-01  1.99526231e+06 -9.91683278e+00 
 2.15443469e+06  2.39965042e-01  2.15443469e+06 -9.18583081e+00 
 2.32630507e+06  1.95155333e-01  2.32630507e+06 -8.50845812e+00 
 2.51188643e+06  1.56710835e-01  2.51188643e+06 -7.88082723e+00 
 2.71227258e+06  1.23729002e-01  2.71227258e+06 -7.29932234e+00 
 2.92864456e+06  9.54349047e-02  2.92864456e+06 -6.76058243e+00 
 3.16227766e+06  7.11632949e-02  3.16227766e+06 -6.26148489e+00 
 3.41454887e+06  5.03431610e-02  3.41454887e+06 -5.79912997e+00 
 3.68694506e+06  3.24844409e-02  3.68694506e+06 -5.37082588e+00 
 3.98107171e+06  1.71665940e-02  3.98107171e+06 -4.97407467e+00 
 4.29866235e+06  4.02877707e-03  4.29866235e+06 -4.60655897e+00 
 4.64158883e+06 -7.23859738e-03  4.64158883e+06 -4.26612936e+00 
 5.01187234e+06 -1.69011142e-02  5.01187234e+06 -3.95079267e+00 
 5.41169527e+06 -2.51865842e-02  5.41169527e+06 -3.65870089e+00 
 5.84341413e+06 -3.22903916e-02  5.84341413e+06 -3.38814086e+00 
 6.30957344e+06 -3.83800853e-02  6.30957344e+06 -3.13752459e+00 
 6.81292069e+06 -4.35993175e-02  6.81292069e+06 -2.90538030e+00 
 7.35642254e+06 -4.80712238e-02  7.35642254e+06 -2.69034400e+00 
 7.94328235e+06 -5.19013213e-02  7.94328235e+06 -2.49115166e+00 
 8.57695899e+06 -5.51799940e-02  8.57695899e+06 -2.30663198e+00 
 9.26118728e+06 -5.79846223e-02  9.26118728e+06 -2.13569962e+00 
 1.00000000e+07 -6.03814070e-02  1.00000000e+07 -1.97734888e+00 
 1.07977516e+07 -6.24269309e-02  1.07977516e+07 -1.83064793e+00 
 1.16591440e+07 -6.41694937e-02  1.16591440e+07 -1.69473334e+00 
 1.25892541e+07 -6.56502535e-02  1.25892541e+07 -1.56880509e+00 
 1.35935639e+07 -6.69041992e-02  1.35935639e+07 -1.45212189e+00 
 1.46779927e+07 -6.79609797e-02  1.46779927e+07 -1.34399687e+00 
 1.58489319e+07 -6.88456075e-02  1.58489319e+07 -1.24379358e+00 
 1.71132830e+07 -6.95790551e-02  1.71132830e+07 -1.15092227e+00 
 1.84784980e+07 -7.01787580e-02  1.84784980e+07 -1.06483645e+00 
 1.99526231e+07 -7.06590370e-02  1.99526231e+07 -9.85029761e-01 
 2.15443469e+07 -7.10314510e-02  2.15443469e+07 -9.11032964e-01 
 2.32630507e+07 -7.13050892e-02  2.32630507e+07 -8.42411291e-01 
 2.51188643e+07 -7.14868124e-02  2.51188643e+07 -7.78761924e-01 
 2.71227258e+07 -7.15814493e-02  2.71227258e+07 -7.19711697e-01 
 2.92864456e+07 -7.15919569e-02  2.92864456e+07 -6.64914985e-01 
 3.16227766e+07 -7.15195517e-02  3.16227766e+07 -6.14051774e-01 
 3.41454887e+07 -7.13638180e-02  3.41454887e+07 -5.66825893e-01 
 3.68694506e+07 -7.11228038e-02  3.68694506e+07 -5.22963417e-01 
 3.98107171e+07 -7.07931097e-02  3.98107171e+07 -4.82211210e-01 
 4.29866235e+07 -7.03699844e-02  4.29866235e+07 -4.44335629e-01 
 4.64158883e+07 -6.98474350e-02  4.64158883e+07 -4.09121351e-01 
 5.01187234e+07 -6.92183676e-02  5.01187234e+07 -3.76370340e-01 
 5.41169527e+07 -6.84747701e-02  5.41169527e+07 -3.45900915e-01 
 5.84341413e+07 -6.76079536e-02  5.84341413e+07 -3.17546929e-01 
 6.30957344e+07 -6.66088662e-02  6.30957344e+07 -2.91157021e-01 
 6.81292069e+07 -6.54684913e-02  6.81292069e+07 -2.66593917e-01 
 7.35642254e+07 -6.41783392e-02  7.35642254e+07 -2.43733752e-01 
 7.94328235e+07 -6.27310321e-02  7.94328235e+07 -2.22465372e-01 
 8.57695899e+07 -6.11209710e-02  8.57695899e+07 -2.02689570e-01 
 9.26118728e+07 -5.93450595e-02  9.26118728e+07 -1.84318210e-01 
 1.00000000e+08 -5.74034414e-02  1.00000000e+08 -1.67273211e-01 
 1.07977516e+08 -5.53001916e-02  1.07977516e+08 -1.51485339e-01 
 1.16591440e+08 -5.30438852e-02  1.16591440e+08 -1.36892830e-01 
 1.25892541e+08 -5.06479610e-02  1.25892541e+08 -1.23439836e-01 
 1.35935639e+08 -4.81308015e-02  1.35935639e+08 -1.11074765e-01 
 1.46779927e+08 -4.55154691e-02  1.46779927e+08 -9.97485973e-02 
 1.58489319e+08 -4.28290702e-02  1.58489319e+08 -8.94132873e-02 
 1.71132830e+08 -4.01017669e-02  1.71132830e+08 -8.00203835e-02 
 1.84784980e+08 -3.73655038e-02  1.84784980e+08 -7.15199743e-02 
 1.99526231e+08 -3.46525589e-02  1.99526231e+08 -6.38600490e-02 
 2.15443469e+08 -3.19940591e-02  2.15443469e+08 -5.69863130e-02 
 2.32630507e+08 -2.94186050e-02  2.32630507e+08 -5.08424400e-02 
 2.51188643e+08 -2.69511300e-02  2.51188643e+08 -4.53706935e-02 
 2.71227258e+08 -2.46120852e-02  2.71227258e+08 -4.05128096e-02 
 2.92864456e+08 -2.24169909e-02  2.92864456e+08 -3.62110156e-02 
 3.16227766e+08 -2.03763490e-02  3.16227766e+08 -3.24090582e-02 
 3.41454887e+08 -1.84958694e-02  3.41454887e+08 -2.90531388e-02 
 3.68694506e+08 -1.67769395e-02  3.68694506e+08 -2.60926797e-02 
 3.98107171e+08 -1.52172525e-02  3.98107171e+08 -2.34808814e-02 
 4.29866235e+08 -1.38115152e-02  4.29866235e+08 -2.11750626e-02 
 4.64158883e+08 -1.25521659e-02  4.64158883e+08 -1.91367963e-02 
 5.01187234e+08 -1.14300505e-02  5.01187234e+08 -1.73318746e-02 
 5.41169527e+08 -1.04350232e-02  5.41169527e+08 -1.57301381e-02 
 5.84341413e+08 -9.55645204e-03  5.84341413e+08 -1.43052120e-02 
 6.30957344e+08 -8.78362610e-03  6.30957344e+08 -1.30341824e-02 
 6.81292069e+08 -8.10606595e-03  6.81292069e+08 -1.18972444e-02 
 7.35642254e+08 -7.51374868e-03  7.35642254e+08 -1.08773451e-02 
 7.94328235e+08 -6.99725913e-03  7.94328235e+08 -9.95983842e-03 
 8.57695899e+08 -6.54788117e-03  8.57695899e+08 -9.13216235e-03 
 9.26118728e+08 -6.15764183e-03  9.26118728e+08 -8.38354546e-03 
 1.00000000e+09 -5.81931986e-03  1.00000000e+09 -7.70474535e-03 
 1.07977516e+09 -5.52642882e-03  1.07977516e+09 -7.08781938e-03 
 1.16591440e+09 -5.27318250e-03  1.16591440e+09 -6.52592623e-03 
 1.25892541e+09 -5.05444940e-03  1.25892541e+09 -6.01315597e-03 
 1.35935639e+09 -4.86570097e-03  1.35935639e+09 -5.54438578e-03 
 1.46779927e+09 -4.70295730e-03  1.46779927e+09 -5.11515819e-03 
 1.58489319e+09 -4.56273289e-03  1.58489319e+09 -4.72157883e-03 
 1.71132830e+09 -4.44198432e-03  1.71132830e+09 -4.36023089e-03 
 1.84784980e+09 -4.33806080e-03  1.84784980e+09 -4.02810370e-03 
 1.99526231e+09 -4.24865847e-03  1.99526231e+09 -3.72253318e-03 
 2.15443469e+09 -4.17177861e-03  2.15443469e+09 -3.44115213e-03 
 2.32630507e+09 -4.10568991e-03  2.32630507e+09 -3.18184881e-03 
 2.51188643e+09 -4.04889465e-03  2.51188643e+09 -2.94273222e-03 
 2.71227258e+09 -4.00009871e-03  2.71227258e+09 -2.72210306e-03 
 2.92864456e+09 -3.95818493e-03  2.92864456e+09 -2.51842924e-03 
 3.16227766e+09 -3.92218977e-03  3.16227766e+09 -2.33032531e-03 
 3.41454887e+09 -3.89128278e-03  3.41454887e+09 -2.15653491e-03 
 3.68694506e+09 -3.86474869e-03  3.68694506e+09 -1.99591590e-03 
 3.98107171e+09 -3.84197174e-03  3.98107171e+09 -1.84742767e-03 
 4.29866235e+09 -3.82242215e-03  4.29866235e+09 -1.71012015e-03 
 4.64158883e+09 -3.80564426e-03  4.64158883e+09 -1.58312440e-03 
 5.01187234e+09 -3.79124631e-03  5.01187234e+09 -1.46564439e-03 
 5.41169527e+09 -3.77889163e-03  5.41169527e+09 -1.35694987e-03 
 5.84341413e+09 -3.76829091e-03  5.84341413e+09 -1.25637009e-03 
 6.30957344e+09 -3.75919564e-03  6.30957344e+09 -1.16328827e-03 
 6.81292069e+09 -3.75139241e-03  6.81292069e+09 -1.07713673e-03 
 7.35642254e+09 -3.74469793e-03  7.35642254e+09 -9.97392526e-04 
 7.94328235e+09 -3.73895488e-03  7.94328235e+09 -9.23573592e-04 
 8.57695899e+09 -3.73402817e-03  8.57695899e+09 -8.55235257e-04 
 9.26118728e+09 -3.72980189e-03  9.26118728e+09 -7.91967115e-04 
 1.00000000e+10 -3.72617653e-03  1.00000000e+10 -7.33390206e-04 
