 1.00000000e+00  2.74993714e+02  1.00000000e+00 -4.13114200e-03 
 1.07977516e+00  2.74993714e+02  1.07977516e+00 -4.46070452e-03 
 1.16591440e+00  2.74993714e+02  1.16591440e+00 -4.81655795e-03 
 1.25892541e+00  2.74993714e+02  1.25892541e+00 -5.20079964e-03 
 1.35935639e+00  2.74993714e+02  1.35935639e+00 -5.61569428e-03 
 1.46779927e+00  2.74993714e+02  1.46779927e+00 -6.06368720e-03 
 1.58489319e+00  2.74993714e+02  1.58489319e+00 -6.54741883e-03 
 1.71132830e+00  2.74993714e+02  1.71132830e+00 -7.06974023e-03 
 1.84784980e+00  2.74993714e+02  1.84784980e+00 -7.63372990e-03 
 1.99526231e+00  2.74993714e+02  1.99526231e+00 -8.24271195e-03 
 2.15443469e+00  2.74993714e+02  2.15443469e+00 -8.90027563e-03 
 2.32630507e+00  2.74993714e+02  2.32630507e+00 -9.61029656e-03 
 2.51188643e+00  2.74993714e+02  2.51188643e+00 -1.03769595e-02 
 2.71227258e+00  2.74993714e+02  2.71227258e+00 -1.12047832e-02 
 2.92864456e+00  2.74993714e+02  2.92864456e+00 -1.20986465e-02 
 3.16227766e+00  2.74993714e+02  3.16227766e+00 -1.30638180e-02 
 3.41454887e+00  2.74993713e+02  3.41454887e+00 -1.41059862e-02 
 3.68694506e+00  2.74993713e+02  3.68694506e+00 -1.52312936e-02 
 3.98107171e+00  2.74993713e+02  3.98107171e+00 -1.64463725e-02 
 4.29866235e+00  2.74993713e+02  4.29866235e+00 -1.77583845e-02 
 4.64158883e+00  2.74993713e+02  4.64158883e+00 -1.91750625e-02 
 5.01187234e+00  2.74993713e+02  5.01187234e+00 -2.07047562e-02 
 5.41169527e+00  2.74993712e+02  5.41169527e+00 -2.23564815e-02 
 5.84341413e+00  2.74993712e+02  5.84341413e+00 -2.41399734e-02 
 6.30957344e+00  2.74993712e+02  6.30957344e+00 -2.60657436e-02 
 6.81292069e+00  2.74993711e+02  6.81292069e+00 -2.81451425e-02 
 7.35642254e+00  2.74993711e+02  7.35642254e+00 -3.03904258e-02 
 7.94328235e+00  2.74993710e+02  7.94328235e+00 -3.28148269e-02 
 8.57695899e+00  2.74993710e+02  8.57695899e+00 -3.54326349e-02 
 9.26118728e+00  2.74993709e+02  9.26118728e+00 -3.82592790e-02 
 1.00000000e+01  2.74993708e+02  1.00000000e+01 -4.13114191e-02 
 1.07977516e+01  2.74993707e+02  1.07977516e+01 -4.46070441e-02 
 1.16591440e+01  2.74993706e+02  1.16591440e+01 -4.81655781e-02 
 1.25892541e+01  2.74993704e+02  1.25892541e+01 -5.20079946e-02 
 1.35935639e+01  2.74993703e+02  1.35935639e+01 -5.61569405e-02 
 1.46779927e+01  2.74993701e+02  1.46779927e+01 -6.06368691e-02 
 1.58489319e+01  2.74993699e+02  1.58489319e+01 -6.54741846e-02 
 1.71132830e+01  2.74993696e+02  1.71132830e+01 -7.06973977e-02 
 1.84784980e+01  2.74993693e+02  1.84784980e+01 -7.63372932e-02 
 1.99526231e+01  2.74993690e+02  1.99526231e+01 -8.24271121e-02 
 2.15443469e+01  2.74993685e+02  2.15443469e+01 -8.90027471e-02 
 2.32630507e+01  2.74993681e+02  2.32630507e+01 -9.61029540e-02 
 2.51188643e+01  2.74993675e+02  2.51188643e+01 -1.03769581e-01 
 2.71227258e+01  2.74993669e+02  2.71227258e+01 -1.12047813e-01 
 2.92864456e+01  2.74993661e+02  2.92864456e+01 -1.20986442e-01 
 3.16227766e+01  2.74993652e+02  3.16227766e+01 -1.30638151e-01 
 3.41454887e+01  2.74993642e+02  3.41454887e+01 -1.41059826e-01 
 3.68694506e+01  2.74993630e+02  3.68694506e+01 -1.52312889e-01 
 3.98107171e+01  2.74993616e+02  3.98107171e+01 -1.64463667e-01 
 4.29866235e+01  2.74993600e+02  4.29866235e+01 -1.77583772e-01 
 4.64158883e+01  2.74993581e+02  4.64158883e+01 -1.91750533e-01 
 5.01187234e+01  2.74993558e+02  5.01187234e+01 -2.07047446e-01 
 5.41169527e+01  2.74993533e+02  5.41169527e+01 -2.23564668e-01 
 5.84341413e+01  2.74993502e+02  5.84341413e+01 -2.41399550e-01 
 6.30957344e+01  2.74993467e+02  6.30957344e+01 -2.60657205e-01 
 6.81292069e+01  2.74993426e+02  6.81292069e+01 -2.81451134e-01 
 7.35642254e+01  2.74993378e+02  7.35642254e+01 -3.03903891e-01 
 7.94328235e+01  2.74993323e+02  7.94328235e+01 -3.28147806e-01 
 8.57695899e+01  2.74993258e+02  8.57695899e+01 -3.54325767e-01 
 9.26118728e+01  2.74993182e+02  9.26118728e+01 -3.82592057e-01 
 1.00000000e+02  2.74993094e+02  1.00000000e+02 -4.13113268e-01 
 1.07977516e+02  2.74992991e+02  1.07977516e+02 -4.46069279e-01 
 1.16591440e+02  2.74992871e+02  1.16591440e+02 -4.81654319e-01 
 1.25892541e+02  2.74992731e+02  1.25892541e+02 -5.20078105e-01 
 1.35935639e+02  2.74992568e+02  1.35935639e+02 -5.61567088e-01 
 1.46779927e+02  2.74992378e+02  1.46779927e+02 -6.06365774e-01 
 1.58489319e+02  2.74992156e+02  1.58489319e+02 -6.54738174e-01 
 1.71132830e+02  2.74991897e+02  1.71132830e+02 -7.06969354e-01 
 1.84784980e+02  2.74991596e+02  1.84784980e+02 -7.63367112e-01 
 1.99526231e+02  2.74991244e+02  1.99526231e+02 -8.24263794e-01 
 2.15443469e+02  2.74990834e+02  2.15443469e+02 -8.90018246e-01 
 2.32630507e+02  2.74990357e+02  2.32630507e+02 -9.61017927e-01 
 2.51188643e+02  2.74989800e+02  2.51188643e+02 -1.03768119e+00 
 2.71227258e+02  2.74989150e+02  2.71227258e+02 -1.12045973e+00 
 2.92864456e+02  2.74988393e+02  2.92864456e+02 -1.20984125e+00 
 3.16227766e+02  2.74987510e+02  3.16227766e+02 -1.30635234e+00 
 3.41454887e+02  2.74986481e+02  3.41454887e+02 -1.41056153e+00 
 3.68694506e+02  2.74985281e+02  3.68694506e+02 -1.52308266e+00 
 3.98107171e+02  2.74983881e+02  3.98107171e+02 -1.64457846e+00 
 4.29866235e+02  2.74982250e+02  4.29866235e+02 -1.77576445e+00 
 4.64158883e+02  2.74980348e+02  4.64158883e+02 -1.91741309e+00 
 5.01187234e+02  2.74978131e+02  5.01187234e+02 -2.07035833e+00 
 5.41169527e+02  2.74975545e+02  5.41169527e+02 -2.23550049e+00 
 5.84341413e+02  2.74972531e+02  5.84341413e+02 -2.41381146e+00 
 6.30957344e+02  2.74969017e+02  6.30957344e+02 -2.60634036e+00 
 6.81292069e+02  2.74964920e+02  6.81292069e+02 -2.81421966e+00 
 7.35642254e+02  2.74960143e+02  7.35642254e+02 -3.03867171e+00 
 7.94328235e+02  2.74954573e+02  7.94328235e+02 -3.28101581e+00 
 8.57695899e+02  2.74948081e+02  8.57695899e+02 -3.54267574e+00 
 9.26118728e+02  2.74940511e+02  9.26118728e+02 -3.82518798e+00 
 1.00000000e+03  2.74931685e+02  1.00000000e+03 -4.13021044e+00 
 1.07977516e+03  2.74921397e+02  1.07977516e+03 -4.45953180e+00 
 1.16591440e+03  2.74909402e+02  1.16591440e+03 -4.81508164e+00 
 1.25892541e+03  2.74895418e+02  1.25892541e+03 -5.19894117e+00 
 1.35935639e+03  2.74879116e+02  1.35935639e+03 -5.61335474e+00 
 1.46779927e+03  2.74860112e+02  1.46779927e+03 -6.06074210e+00 
 1.58489319e+03  2.74837958e+02  1.58489319e+03 -6.54371147e+00 
 1.71132830e+03  2.74812133e+02  1.71132830e+03 -7.06507337e+00 
 1.84784980e+03  2.74782029e+02  1.84784980e+03 -7.62785532e+00 
 1.99526231e+03  2.74746939e+02  1.99526231e+03 -8.23531723e+00 
 2.15443469e+03  2.74706039e+02  2.15443469e+03 -8.89096762e+00 
 2.32630507e+03  2.74658367e+02  2.32630507e+03 -9.59858050e+00 
 2.51188643e+03  2.74602807e+02  2.51188643e+03 -1.03622129e+01 
 2.71227258e+03  2.74538058e+02  2.71227258e+03 -1.11862226e+01 
 2.92864456e+03  2.74462604e+02  2.92864456e+03 -1.20752866e+01 
 3.16227766e+03  2.74374683e+02  3.16227766e+03 -1.30344190e+01 
 3.41454887e+03  2.74272246e+02  3.41454887e+03 -1.40689889e+01 
 3.68694506e+03  2.74152910e+02  3.68694506e+03 -1.51847369e+01 
 3.98107171e+03  2.74013906e+02  3.98107171e+03 -1.63877908e+01 
 4.29866235e+03  2.73852016e+02  4.29866235e+03 -1.76846782e+01 
 4.64158883e+03  2.73663508e+02  4.64158883e+03 -1.90823356e+01 
 5.01187234e+03  2.73444051e+02  5.01187234e+03 -2.05881135e+01 
 5.41169527e+03  2.73188627e+02  5.41169527e+03 -2.22097741e+01 
 5.84341413e+03  2.72891426e+02  5.84341413e+03 -2.39554806e+01 
 6.30957344e+03  2.72545730e+02  6.30957344e+03 -2.58337752e+01 
 6.81292069e+03  2.72143782e+02  6.81292069e+03 -2.78535421e+01 
 7.35642254e+03  2.71676639e+02  7.35642254e+03 -3.00239525e+01 
 7.94328235e+03  2.71134011e+02  7.94328235e+03 -3.23543856e+01 
 8.57695899e+03  2.70504082e+02  8.57695899e+03 -3.48543201e+01 
 9.26118728e+03  2.69773325e+02  9.26118728e+03 -3.75331900e+01 
 1.00000000e+04  2.68926291e+02  1.00000000e+04 -4.04001964e+01 
 1.07977516e+04  2.67945413e+02  1.07977516e+04 -4.34640656e+01 
 1.16591440e+04  2.66810786e+02  1.16591440e+04 -4.67327447e+01 
 1.25892541e+04  2.65499978e+02  1.25892541e+04 -5.02130236e+01 
 1.35935639e+04  2.63987853e+02  1.35935639e+04 -5.39100721e+01 
 1.46779927e+04  2.62246443e+02  1.46779927e+04 -5.78268830e+01 
 1.58489319e+04  2.60244886e+02  1.58489319e+04 -6.19636135e+01 
 1.71132830e+04  2.57949468e+02  1.71132830e+04 -6.63168199e+01 
 1.84784980e+04  2.55323798e+02  1.84784980e+04 -7.08785905e+01 
 1.99526231e+04  2.52329171e+02  1.99526231e+04 -7.56355884e+01 
 2.15443469e+04  2.48925165e+02  2.15443469e+04 -8.05680314e+01 
 2.32630507e+04  2.45070517e+02  2.32630507e+04 -8.56486553e+01 
 2.51188643e+04  2.40724340e+02  2.51188643e+04 -9.08417278e+01 
 2.71227258e+04  2.35847706e+02  2.71227258e+04 -9.61022070e+01 
 2.92864456e+04  2.30405608e+02  2.92864456e+04 -1.01375164e+02 
 3.16227766e+04  2.24369287e+02  3.16227766e+04 -1.06595613e+02 
 3.41454887e+04  2.17718841e+02  3.41454887e+04 -1.11688899e+02 
 3.68694506e+04  2.10445986e+02  3.68694506e+04 -1.16571800e+02 
 3.98107171e+04  2.02556761e+02  3.98107171e+04 -1.21154452e+02 
 4.29866235e+04  1.94073917e+02  4.29866235e+04 -1.25343163e+02 
 4.64158883e+04  1.85038668e+02  4.64158883e+04 -1.29044073e+02 
 5.01187234e+04  1.75511491e+02  5.01187234e+04 -1.32167499e+02 
 5.41169527e+04  1.65571714e+02  5.41169527e+04 -1.34632684e+02 
 5.84341413e+04  1.55315693e+02  5.84341413e+04 -1.36372535e+02 
 6.30957344e+04  1.44853596e+02  6.30957344e+04 -1.37337891e+02 
 6.81292069e+04  1.34304939e+02  6.81292069e+04 -1.37500819e+02 
 7.35642254e+04  1.23793252e+02  7.35642254e+04 -1.36856557e+02 
 7.94328235e+04  1.13440344e+02  7.94328235e+04 -1.35423854e+02 
 8.57695899e+04  1.03360745e+02  8.57695899e+04 -1.33243649e+02 
 9.26118728e+04  9.36568369e+01  9.26118728e+04 -1.30376281e+02 
 1.00000000e+05  8.44151027e+01  1.00000000e+05 -1.26897557e+02 
 1.07977516e+05  7.57037393e+01  1.07977516e+05 -1.22894148e+02 
 1.16591440e+05  6.75716868e+01  1.16591440e+05 -1.18458784e+02 
 1.25892541e+05  6.00489668e+01  1.25892541e+05 -1.13685708e+02 
 1.35935639e+05  5.31480909e+01  1.35935639e+05 -1.08666714e+02 
 1.46779927e+05  4.68662299e+01  1.46779927e+05 -1.03487980e+02 
 1.58489319e+05  4.11878265e+01  1.58489319e+05 -9.82277888e+01 
 1.71132830e+05  3.60873629e+01  1.71132830e+05 -9.29551032e+01 
 1.84784980e+05  3.15320509e+01  1.84784980e+05 -8.77289104e+01 
 1.99526231e+05  2.74842838e+01  1.99526231e+05 -8.25981843e+01 
 2.15443469e+05  2.39037513e+01  2.15443469e+05 -7.76023174e+01 
 2.32630507e+05  2.07491765e+01  2.32630507e+05 -7.27718716e+01 
 2.51188643e+05  1.79796747e+01  2.51188643e+05 -6.81295187e+01 
 2.71227258e+05  1.55557626e+01  2.71227258e+05 -6.36910667e+01 
 2.92864456e+05  1.34400623e+01  2.92864456e+05 -5.94664928e+01 
 3.16227766e+05  1.15977508e+01  3.16227766e+05 -5.54609303e+01 
 3.41454887e+05  9.99680572e+00  3.41454887e+05 -5.16755743e+01 
 3.68694506e+05  8.60809620e+00  3.68694506e+05 -4.81084889e+01 
 3.98107171e+05  7.40535790e+00  3.98107171e+05 -4.47553082e+01 
 4.29866235e+05  6.36508811e+00  4.29866235e+05 -4.16098342e+01 
 4.64158883e+05  5.46638779e+00  4.64158883e+05 -3.86645358e+01 
 5.01187234e+05  4.69077190e+00  5.01187234e+05 -3.59109598e+01 
 5.41169527e+05  4.02196427e+00  5.41169527e+05 -3.33400639e+01 
 5.84341413e+05  3.44568845e+00  5.84341413e+05 -3.09424823e+01 
 6.30957344e+05  2.94946278e+00  6.30957344e+05 -2.87087344e+01 
 6.81292069e+05  2.52240501e+00  6.81292069e+05 -2.66293862e+01 
 7.35642254e+05  2.15504976e+00  7.35642254e+05 -2.46951714e+01 
 7.94328235e+05  1.83918069e+00  7.94328235e+05 -2.28970822e+01 
 8.57695899e+05  1.56767792e+00  8.57695899e+05 -2.12264330e+01 
 9.26118728e+05  1.33438088e+00  9.26118728e+05 -1.96749046e+01 
 1.00000000e+06  1.13396568e+00  1.00000000e+06 -1.82345711e+01 
 1.07977516e+06  9.61836530e-01  1.07977516e+06 -1.68979153e+01 
 1.16591440e+06  8.14029754e-01  1.16591440e+06 -1.56578340e+01 
 1.25892541e+06  6.87129599e-01  1.25892541e+06 -1.45076355e+01 
 1.35935639e+06  5.78194465e-01  1.35935639e+06 -1.34410320e+01 
 1.46779927e+06  4.84692560e-01  1.46779927e+06 -1.24521285e+01 
 1.58489319e+06  4.04445894e-01  1.58489319e+06 -1.15354078e+01 
 1.71132830e+06  3.35581634e-01  1.71132830e+06 -1.06857147e+01 
 1.84784980e+06  2.76489940e-01  1.84784980e+06 -9.89823816e+00 
 1.99526231e+06  2.25787470e-01  1.99526231e+06 -9.16849360e+00 
 2.15443469e+06  1.82285833e-01  2.15443469e+06 -8.49230460e+00 
 2.32630507e+06  1.44964353e-01  2.32630507e+06 -7.86578485e+00 
 2.51188643e+06  1.12946578e-01  2.51188643e+06 -7.28532046e+00 
 2.71227258e+06  8.54800336e-02  2.71227258e+06 -6.74755281e+00 
 2.92864456e+06  6.19187817e-02  2.92864456e+06 -6.24936212e+00 
 3.16227766e+06  4.17084155e-02  3.16227766e+06 -5.78785165e+00 
 3.41454887e+06  2.43731464e-02  3.41454887e+06 -5.36033271e+00 
 3.68694506e+06  9.50470188e-03  3.68694506e+06 -4.96431054e+00 
 3.98107171e+06 -3.24721746e-03  3.98107171e+06 -4.59747086e+00 
 4.29866235e+06 -1.41831374e-02  4.29866235e+06 -4.25766734e+00 
 4.64158883e+06 -2.35608533e-02  4.64158883e+06 -3.94290974e+00 
 5.01187234e+06 -3.16014785e-02  5.01187234e+06 -3.65135289e+00 
 5.41169527e+06 -3.84946367e-02  5.41169527e+06 -3.38128630e+00 
 5.84341413e+06 -4.44029182e-02  5.84341413e+06 -3.13112456e+00 
 6.30957344e+06 -4.94657033e-02  6.30957344e+06 -2.89939826e+00 
 6.81292069e+06 -5.38024428e-02  6.81292069e+06 -2.68474564e+00 
 7.35642254e+06 -5.75154699e-02  7.35642254e+06 -2.48590479e+00 
 7.94328235e+06 -6.06924108e-02  7.94328235e+06 -2.30170634e+00 
 8.57695899e+06 -6.34082498e-02  8.57695899e+06 -2.13106674e+00 
 9.26118728e+06 -6.57270975e-02  9.26118728e+06 -1.97298196e+00 
 1.00000000e+07 -6.77037036e-02  1.00000000e+07 -1.82652169e+00 
 1.07977516e+07 -6.93847491e-02  1.07977516e+07 -1.69082391e+00 
 1.16591440e+07 -7.08099500e-02  1.16591440e+07 -1.56508989e+00 
 1.25892541e+07 -7.20129971e-02  1.25892541e+07 -1.44857952e+00 
 1.35935639e+07 -7.30223557e-02  1.35935639e+07 -1.34060701e+00 
 1.46779927e+07 -7.38619429e-02  1.46779927e+07 -1.24053688e+00 
 1.58489319e+07 -7.45517001e-02  1.58489319e+07 -1.14778031e+00 
 1.71132830e+07 -7.51080748e-02  1.71132830e+07 -1.06179163e+00 
 1.84784980e+07 -7.55444235e-02  1.84784980e+07 -9.82065250e-01 
 1.99526231e+07 -7.58713463e-02  1.99526231e+07 -9.08132673e-01 
 2.15443469e+07 -7.60969644e-02  2.15443469e+07 -8.39559831e-01 
 2.32630507e+07 -7.62271459e-02  2.32630507e+07 -7.75944595e-01 
 2.51188643e+07 -7.62656920e-02  2.51188643e+07 -7.16914497e-01 
 2.71227258e+07 -7.62144876e-02  2.71227258e+07 -6.62124645e-01 
 2.92864456e+07 -7.60736277e-02  2.92864456e+07 -6.11255814e-01 
 3.16227766e+07 -7.58415248e-02  3.16227766e+07 -5.64012715e-01 
 3.41454887e+07 -7.55150100e-02  3.41454887e+07 -5.20122423e-01 
 3.68694506e+07 -7.50894351e-02  3.68694506e+07 -4.79332964e-01 
 3.98107171e+07 -7.45587903e-02  3.98107171e+07 -4.41412052e-01 
 4.29866235e+07 -7.39158485e-02  4.29866235e+07 -4.06145957e-01 
 4.64158883e+07 -7.31523535e-02  4.64158883e+07 -3.73338505e-01 
 5.01187234e+07 -7.22592652e-02  5.01187234e+07 -3.42810179e-01 
 5.41169527e+07 -7.12270801e-02  5.41169527e+07 -3.14397312e-01 
 5.84341413e+07 -7.00462383e-02  5.84341413e+07 -2.87951339e-01 
 6.30957344e+07 -6.87076293e-02  6.30957344e+07 -2.63338076e-01 
 6.81292069e+07 -6.72031958e-02  6.81292069e+07 -2.40436981e-01 
 7.35642254e+07 -6.55266289e-02  7.35642254e+07 -2.19140363e-01 
 7.94328235e+07 -6.36741295e-02  7.94328235e+07 -1.99352476e-01 
 8.57695899e+07 -6.16451940e-02  8.57695899e+07 -1.80988462e-01 
 9.26118728e+07 -5.94433627e-02  9.26118728e+07 -1.63973118e-01 
 1.00000000e+08 -5.70768547e-02  1.00000000e+08 -1.48239458e-01 
 1.07977516e+08 -5.45590009e-02  1.07977516e+08 -1.33727092e-01 
 1.16591440e+08 -5.19083899e-02  1.16591440e+08 -1.20380483e-01 
 1.25892541e+08 -4.91486569e-02  1.25892541e+08 -1.08147150e-01 
 1.35935639e+08 -4.63078819e-02  1.35935639e+08 -9.69759504e-02 
 1.46779927e+08 -4.34176044e-02  1.46779927e+08 -8.68155550e-02 
 1.58489319e+08 -4.05115189e-02  1.58489319e+08 -7.76132628e-02 
 1.71132830e+08 -3.76239600e-02  1.71132830e+08 -6.93142351e-02 
 1.84784980e+08 -3.47883219e-02  1.84784980e+08 -6.18612113e-02 
 1.99526231e+08 -3.20355658e-02  1.99526231e+08 -5.51946960e-02 
 2.15443469e+08 -2.93929548e-02  2.15443469e+08 -4.92535548e-02 
 2.32630507e+08 -2.68831213e-02  2.32630507e+08 -4.39759108e-02 
 2.51188643e+08 -2.45235185e-02  2.51188643e+08 -3.93002095e-02 
 2.71227258e+08 -2.23262602e-02  2.71227258e+08 -3.51663187e-02 
 2.92864456e+08 -2.02983066e-02  2.92864456e+08 -3.15165453e-02 
 3.16227766e+08 -1.84419214e-02  3.16227766e+08 -2.82964864e-02 
 3.41454887e+08 -1.67553155e-02  3.41454887e+08 -2.54556623e-02 
 3.68694506e+08 -1.52333891e-02  3.68694506e+08 -2.29479194e-02 
 3.98107171e+08 -1.38684967e-02  3.98107171e+08 -2.07316118e-02 
 4.29866235e+08 -1.26511767e-02  4.29866235e+08 -1.87695935e-02 
 4.64158883e+08 -1.15708052e-02  4.64158883e+08 -1.70290607e-02 
 5.01187234e+08 -1.06161528e-02  5.01187234e+08 -1.54812864e-02 
 5.41169527e+08 -9.77583524e-03  5.41169527e+08 -1.41012848e-02 
 5.84341413e+08 -9.03866169e-03  5.84341413e+08 -1.28674418e-02 
 6.30957344e+08 -8.39388895e-03  6.30957344e+08 -1.17611348e-02 
 6.81292069e+08 -7.83139533e-03  6.81292069e+08 -1.07663625e-02 
 7.35642254e+08 -7.34178800e-03  7.35642254e+08 -9.86939724e-03 
 7.94328235e+08 -6.91645788e-03  7.94328235e+08 -9.05846739e-03 
 8.57695899e+08 -6.54759474e-03  8.57695899e+08 -8.32347315e-03 
 9.26118728e+08 -6.22817329e-03  9.26118728e+08 -7.65573691e-03 
 1.00000000e+09 -5.95191923e-03  1.00000000e+09 -7.04778678e-03 
 1.07977516e+09 -5.71326256e-03  1.07977516e+09 -6.49317087e-03 
 1.16591440e+09 -5.50728339e-03  1.16591440e+09 -5.98629945e-03 
 1.25892541e+09 -5.32965455e-03  1.25892541e+09 -5.52231160e-03 
 1.35935639e+09 -5.17658388e-03  1.35935639e+09 -5.09696318e-03 
 1.46779927e+09 -5.04475816e-03  1.46779927e+09 -4.70653301e-03 
 1.58489319e+09 -4.93129015e-03  1.58489319e+09 -4.34774459e-03 
 1.71132830e+09 -4.83366926e-03  1.71132830e+09 -4.01770064e-03 
 1.84784980e+09 -4.74971658e-03  1.84784980e+09 -3.71382864e-03 
 1.99526231e+09 -4.67754405e-03  1.99526231e+09 -3.43383528e-03 
 2.15443469e+09 -4.61551786e-03  2.15443469e+09 -3.17566837e-03 
 2.32630507e+09 -4.56222595e-03  2.32630507e+09 -2.93748492e-03 
 2.51188643e+09 -4.51644911e-03  2.51188643e+09 -2.71762431e-03 
 2.71227258e+09 -4.47713556e-03  2.71227258e+09 -2.51458566e-03 
 2.92864456e+09 -4.44337872e-03  2.92864456e+09 -2.32700864e-03 
 3.16227766e+09 -4.41439762e-03  3.16227766e+09 -2.15365715e-03 
 3.41454887e+09 -4.38951992e-03  3.41454887e+09 -1.99340539e-03 
 3.68694506e+09 -4.36816707e-03  3.68694506e+09 -1.84522593e-03 
 3.98107171e+09 -4.34984148e-03  3.98107171e+09 -1.70817933e-03 
 4.29866235e+09 -4.33411531e-03  4.29866235e+09 -1.58140524e-03 
 4.64158883e+09 -4.32062085e-03  4.64158883e+09 -1.46411458e-03 
 5.01187234e+09 -4.30904214e-03  5.01187234e+09 -1.35558271e-03 
 5.41169527e+09 -4.29910775e-03  5.41169527e+09 -1.25514344e-03 
 5.84341413e+09 -4.29058457e-03  5.84341413e+09 -1.16218367e-03 
 6.30957344e+09 -4.28327245e-03  6.30957344e+09 -1.07613873e-03 
 6.81292069e+09 -4.27699952e-03  6.81292069e+09 -9.96488146e-04 
 7.35642254e+09 -4.27161825e-03  7.35642254e+09 -9.22751841e-04 
 7.94328235e+09 -4.26700203e-03  7.94328235e+09 -8.54486790e-04 
 8.57695899e+09 -4.26304218e-03  8.57695899e+09 -7.91283940e-04 
 9.26118728e+09 -4.25964543e-03  9.26118728e+09 -7.32765450e-04 
 1.00000000e+10 -4.25673176e-03  1.00000000e+10 -6.78582183e-04 
