 1.00000000e+00  2.79021751e+02  1.00000000e+00 -3.33453159e-03 
 1.07977516e+00  2.79021751e+02  1.07977516e+00 -3.60054439e-03 
 1.16591440e+00  2.79021751e+02  1.16591440e+00 -3.88777840e-03 
 1.25892541e+00  2.79021751e+02  1.25892541e+00 -4.19792655e-03 
 1.35935639e+00  2.79021751e+02  1.35935639e+00 -4.53281682e-03 
 1.46779927e+00  2.79021751e+02  1.46779927e+00 -4.89442302e-03 
 1.58489319e+00  2.79021751e+02  1.58489319e+00 -5.28487641e-03 
 1.71132830e+00  2.79021751e+02  1.71132830e+00 -5.70647829e-03 
 1.84784980e+00  2.79021751e+02  1.84784980e+00 -6.16171352e-03 
 1.99526231e+00  2.79021751e+02  1.99526231e+00 -6.65326521e-03 
 2.15443469e+00  2.79021751e+02  2.15443469e+00 -7.18403052e-03 
 2.32630507e+00  2.79021751e+02  2.32630507e+00 -7.75713772e-03 
 2.51188643e+00  2.79021751e+02  2.51188643e+00 -8.37596464e-03 
 2.71227258e+00  2.79021751e+02  2.71227258e+00 -9.04415858e-03 
 2.92864456e+00  2.79021751e+02  2.92864456e+00 -9.76565780e-03 
 3.16227766e+00  2.79021751e+02  3.16227766e+00 -1.05447147e-02 
 3.41454887e+00  2.79021751e+02  3.41454887e+00 -1.13859211e-02 
 3.68694506e+00  2.79021751e+02  3.68694506e+00 -1.22942348e-02 
 3.98107171e+00  2.79021751e+02  3.98107171e+00 -1.32750093e-02 
 4.29866235e+00  2.79021751e+02  4.29866235e+00 -1.43340253e-02 
 4.64158883e+00  2.79021750e+02  4.64158883e+00 -1.54775245e-02 
 5.01187234e+00  2.79021750e+02  5.01187234e+00 -1.67122466e-02 
 5.41169527e+00  2.79021750e+02  5.41169527e+00 -1.80454687e-02 
 5.84341413e+00  2.79021750e+02  5.84341413e+00 -1.94850489e-02 
 6.30957344e+00  2.79021750e+02  6.30957344e+00 -2.10394718e-02 
 6.81292069e+00  2.79021749e+02  6.81292069e+00 -2.27178991e-02 
 7.35642254e+00  2.79021749e+02  7.35642254e+00 -2.45302232e-02 
 7.94328235e+00  2.79021749e+02  7.94328235e+00 -2.64871257e-02 
 8.57695899e+00  2.79021748e+02  8.57695899e+00 -2.86001404e-02 
 9.26118728e+00  2.79021748e+02  9.26118728e+00 -3.08817212e-02 
 1.00000000e+01  2.79021747e+02  1.00000000e+01 -3.33453154e-02 
 1.07977516e+01  2.79021747e+02  1.07977516e+01 -3.60054433e-02 
 1.16591440e+01  2.79021746e+02  1.16591440e+01 -3.88777832e-02 
 1.25892541e+01  2.79021745e+02  1.25892541e+01 -4.19792646e-02 
 1.35935639e+01  2.79021744e+02  1.35935639e+01 -4.53281671e-02 
 1.46779927e+01  2.79021743e+02  1.46779927e+01 -4.89442287e-02 
 1.58489319e+01  2.79021741e+02  1.58489319e+01 -5.28487622e-02 
 1.71132830e+01  2.79021740e+02  1.71132830e+01 -5.70647805e-02 
 1.84784980e+01  2.79021738e+02  1.84784980e+01 -6.16171322e-02 
 1.99526231e+01  2.79021735e+02  1.99526231e+01 -6.65326484e-02 
 2.15443469e+01  2.79021733e+02  2.15443469e+01 -7.18403005e-02 
 2.32630507e+01  2.79021730e+02  2.32630507e+01 -7.75713713e-02 
 2.51188643e+01  2.79021726e+02  2.51188643e+01 -8.37596390e-02 
 2.71227258e+01  2.79021722e+02  2.71227258e+01 -9.04415764e-02 
 2.92864456e+01  2.79021717e+02  2.92864456e+01 -9.76565662e-02 
 3.16227766e+01  2.79021711e+02  3.16227766e+01 -1.05447132e-01 
 3.41454887e+01  2.79021705e+02  3.41454887e+01 -1.13859192e-01 
 3.68694506e+01  2.79021697e+02  3.68694506e+01 -1.22942324e-01 
 3.98107171e+01  2.79021688e+02  3.98107171e+01 -1.32750064e-01 
 4.29866235e+01  2.79021678e+02  4.29866235e+01 -1.43340216e-01 
 4.64158883e+01  2.79021665e+02  4.64158883e+01 -1.54775198e-01 
 5.01187234e+01  2.79021651e+02  5.01187234e+01 -1.67122406e-01 
 5.41169527e+01  2.79021635e+02  5.41169527e+01 -1.80454613e-01 
 5.84341413e+01  2.79021615e+02  5.84341413e+01 -1.94850395e-01 
 6.30957344e+01  2.79021593e+02  6.30957344e+01 -2.10394600e-01 
 6.81292069e+01  2.79021566e+02  6.81292069e+01 -2.27178842e-01 
 7.35642254e+01  2.79021536e+02  7.35642254e+01 -2.45302044e-01 
 7.94328235e+01  2.79021500e+02  7.94328235e+01 -2.64871020e-01 
 8.57695899e+01  2.79021458e+02  8.57695899e+01 -2.86001106e-01 
 9.26118728e+01  2.79021410e+02  9.26118728e+01 -3.08816837e-01 
 1.00000000e+02  2.79021353e+02  1.00000000e+02 -3.33452683e-01 
 1.07977516e+02  2.79021287e+02  1.07977516e+02 -3.60053840e-01 
 1.16591440e+02  2.79021210e+02  1.16591440e+02 -3.88777086e-01 
 1.25892541e+02  2.79021120e+02  1.25892541e+02 -4.19791706e-01 
 1.35935639e+02  2.79021015e+02  1.35935639e+02 -4.53280487e-01 
 1.46779927e+02  2.79020893e+02  1.46779927e+02 -4.89440797e-01 
 1.58489319e+02  2.79020751e+02  1.58489319e+02 -5.28485747e-01 
 1.71132830e+02  2.79020585e+02  1.71132830e+02 -5.70645444e-01 
 1.84784980e+02  2.79020391e+02  1.84784980e+02 -6.16168349e-01 
 1.99526231e+02  2.79020165e+02  1.99526231e+02 -6.65322741e-01 
 2.15443469e+02  2.79019902e+02  2.15443469e+02 -7.18398294e-01 
 2.32630507e+02  2.79019595e+02  2.32630507e+02 -7.75707782e-01 
 2.51188643e+02  2.79019238e+02  2.51188643e+02 -8.37588923e-01 
 2.71227258e+02  2.79018821e+02  2.71227258e+02 -9.04406364e-01 
 2.92864456e+02  2.79018335e+02  2.92864456e+02 -9.76553827e-01 
 3.16227766e+02  2.79017768e+02  3.16227766e+02 -1.05445643e+00 
 3.41454887e+02  2.79017107e+02  3.41454887e+02 -1.13857316e+00 
 3.68694506e+02  2.79016336e+02  3.68694506e+02 -1.22939963e+00 
 3.98107171e+02  2.79015438e+02  3.98107171e+02 -1.32747091e+00 
 4.29866235e+02  2.79014390e+02  4.29866235e+02 -1.43336474e+00 
 4.64158883e+02  2.79013169e+02  4.64158883e+02 -1.54770487e+00 
 5.01187234e+02  2.79011745e+02  5.01187234e+02 -1.67116475e+00 
 5.41169527e+02  2.79010085e+02  5.41169527e+02 -1.80447146e+00 
 5.84341413e+02  2.79008150e+02  5.84341413e+02 -1.94840995e+00 
 6.30957344e+02  2.79005893e+02  6.30957344e+02 -2.10382766e+00 
 6.81292069e+02  2.79003262e+02  6.81292069e+02 -2.27163944e+00 
 7.35642254e+02  2.79000195e+02  7.35642254e+02 -2.45283289e+00 
 7.94328235e+02  2.78996619e+02  7.94328235e+02 -2.64847410e+00 
 8.57695899e+02  2.78992449e+02  8.57695899e+02 -2.85971382e+00 
 9.26118728e+02  2.78987588e+02  9.26118728e+02 -3.08779418e+00 
 1.00000000e+03  2.78981921e+02  1.00000000e+03 -3.33405575e+00 
 1.07977516e+03  2.78975314e+02  1.07977516e+03 -3.59994536e+00 
 1.16591440e+03  2.78967610e+02  1.16591440e+03 -3.88702429e+00 
 1.25892541e+03  2.78958630e+02  1.25892541e+03 -4.19697722e+00 
 1.35935639e+03  2.78948160e+02  1.35935639e+03 -4.53162173e+00 
 1.46779927e+03  2.78935953e+02  1.46779927e+03 -4.89291855e+00 
 1.58489319e+03  2.78921723e+02  1.58489319e+03 -5.28298249e+00 
 1.71132830e+03  2.78905134e+02  1.71132830e+03 -5.70409412e+00 
 1.84784980e+03  2.78885795e+02  1.84784980e+03 -6.15871224e+00 
 1.99526231e+03  2.78863251e+02  1.99526231e+03 -6.64948713e+00 
 2.15443469e+03  2.78836971e+02  2.15443469e+03 -7.17927465e+00 
 2.32630507e+03  2.78806337e+02  2.32630507e+03 -7.75115109e+00 
 2.51188643e+03  2.78770629e+02  2.51188643e+03 -8.36842889e+00 
 2.71227258e+03  2.78729008e+02  2.71227258e+03 -9.03467304e+00 
 2.92864456e+03  2.78680497e+02  2.92864456e+03 -9.75371829e+00 
 3.16227766e+03  2.78623958e+02  3.16227766e+03 -1.05296868e+01 
 3.41454887e+03  2.78558068e+02  3.41454887e+03 -1.13670065e+01 
 3.68694506e+03  2.78481286e+02  3.68694506e+03 -1.22704293e+01 
 3.98107171e+03  2.78391817e+02  3.98107171e+03 -1.32450497e+01 
 4.29866235e+03  2.78287577e+02  4.29866235e+03 -1.42963225e+01 
 4.64158883e+03  2.78166140e+02  4.64158883e+03 -1.54300802e+01 
 5.01187234e+03  2.78024689e+02  5.01187234e+03 -1.66525480e+01 
 5.41169527e+03  2.77859950e+02  5.41169527e+03 -1.79703573e+01 
 5.84341413e+03  2.77668126e+02  5.84341413e+03 -1.93905545e+01 
 6.30957344e+03  2.77444809e+02  6.30957344e+03 -2.09206060e+01 
 6.81292069e+03  2.77184893e+02  6.81292069e+03 -2.25683960e+01 
 7.35642254e+03  2.76882467e+02  7.35642254e+03 -2.43422152e+01 
 7.94328235e+03  2.76530697e+02  7.94328235e+03 -2.62507383e+01 
 8.57695899e+03  2.76121689e+02  8.57695899e+03 -2.83029863e+01 
 9.26118728e+03  2.75646346e+02  9.26118728e+03 -3.05082701e+01 
 1.00000000e+04  2.75094198e+02  1.00000000e+04 -3.28761098e+01 
 1.07977516e+04  2.74453226e+02  1.07977516e+04 -3.54161242e+01 
 1.16591440e+04  2.73709667e+02  1.16591440e+04 -3.81378838e+01 
 1.25892541e+04  2.72847811e+02  1.25892541e+04 -4.10507183e+01 
 1.35935639e+04  2.71849786e+02  1.35935639e+04 -4.41634708e+01 
 1.46779927e+04  2.70695350e+02  1.46779927e+04 -4.74841874e+01 
 1.58489319e+04  2.69361691e+02  1.58489319e+04 -5.10197317e+01 
 1.71132830e+04  2.67823251e+02  1.71132830e+04 -5.47753138e+01 
 1.84784980e+04  2.66051595e+02  1.84784980e+04 -5.87539235e+01 
 1.99526231e+04  2.64015354e+02  1.99526231e+04 -6.29556597e+01 
 2.15443469e+04  2.61680263e+02  2.15443469e+04 -6.73769519e+01 
 2.32630507e+04  2.59009350e+02  2.32630507e+04 -7.20096786e+01 
 2.51188643e+04  2.55963301e+02  2.51188643e+04 -7.68401945e+01 
 2.71227258e+04  2.52501073e+02  2.71227258e+04 -8.18482943e+01 
 2.92864456e+04  2.48580791e+02  2.92864456e+04 -8.70061616e+01 
 3.16227766e+04  2.44160989e+02  3.16227766e+04 -9.22773694e+01 
 3.41454887e+04  2.39202219e+02  3.41454887e+04 -9.76160305e+01 
 3.68694506e+04  2.33669056e+02  3.68694506e+04 -1.02966218e+02 
 3.98107171e+04  2.27532459e+02  3.98107171e+04 -1.08261801e+02 
 4.29866235e+04  2.20772427e+02  4.29866235e+04 -1.13426852e+02 
 4.64158883e+04  2.13380801e+02  4.64158883e+04 -1.18376777e+02 
 5.01187234e+04  2.05364004e+02  5.01187234e+04 -1.23020290e+02 
 5.41169527e+04  1.96745456e+02  5.41169527e+04 -1.27262281e+02 
 5.84341413e+04  1.87567338e+02  5.84341413e+04 -1.31007544e+02 
 6.30957344e+04  1.77891382e+02  6.30957344e+04 -1.34165202e+02 
 6.81292069e+04  1.67798426e+02  6.81292069e+04 -1.36653522e+02 
 7.35642254e+04  1.57386539e+02  7.35642254e+04 -1.38404729e+02 
 7.94328235e+04  1.46767731e+02  7.94328235e+04 -1.39369311e+02 
 8.57695899e+04  1.36063405e+02  8.57695899e+04 -1.39519349e+02 
 9.26118728e+04  1.25398929e+02  9.26118728e+04 -1.38850458e+02 
 1.00000000e+05  1.14897818e+02  1.00000000e+05 -1.37382098e+02 
 1.07977516e+05  1.04676099e+02  1.07977516e+05 -1.35156209e+02 
 1.16591440e+05  9.48373892e+01  1.16591440e+05 -1.32234348e+02 
 1.25892541e+05  8.54691187e+01  1.25892541e+05 -1.28693688e+02 
 1.35935639e+05  7.66401276e+01  1.35935639e+05 -1.24622333e+02 
 1.46779927e+05  6.83997114e+01  1.46779927e+05 -1.20114448e+02 
 1.58489319e+05  6.07779869e+01  1.58489319e+05 -1.15265650e+02 
 1.71132830e+05  5.37873376e+01  1.71132830e+05 -1.10169005e+02 
 1.84784980e+05  4.74246271e+01  1.84784980e+05 -1.04911829e+02 
 1.99526231e+05  4.16738553e+01  1.99526231e+05 -9.95733880e+01 
 2.15443469e+05  3.65089669e+01  2.15443469e+05 -9.42234776e+01 
 2.32630507e+05  3.18965784e+01  2.32630507e+05 -8.89217618e+01 
 2.51188643e+05  2.77984603e+01  2.51188643e+05 -8.37177485e+01 
 2.71227258e+05  2.41736759e+01  2.71227258e+05 -7.86512353e+01 
 2.92864456e+05  2.09803370e+01  2.92864456e+05 -7.37530754e+01 
 3.16227766e+05  1.81769753e+01  3.16227766e+05 -6.90461350e+01 
 3.41454887e+05  1.57235607e+01  3.41454887e+05 -6.45463348e+01 
 3.68694506e+05  1.35822104e+01  3.68694506e+05 -6.02636984e+01 
 3.98107171e+05  1.17176398e+01  3.98107171e+05 -5.62033521e+01 
 4.29866235e+05  1.00974099e+01  4.29866235e+05 -5.23664421e+01 
 4.64158883e+05  8.69201567e+00  4.64158883e+05 -4.87509519e+01 
 5.01187234e+05  7.47485980e+00  5.01187234e+05 -4.53524116e+01 
 5.41169527e+05  6.42214454e+00  5.41169527e+05 -4.21645023e+01 
 5.84341413e+05  5.51271076e+00  5.84341413e+05 -3.91795611e+01 
 6.30957344e+05  4.72784511e+00  6.30957344e+05 -3.63889963e+01 
 6.81292069e+05  4.05107167e+00  6.81292069e+05 -3.37836242e+01 
 7.35642254e+05  3.46793970e+00  7.35642254e+05 -3.13539372e+01 
 7.94328235e+05  2.96581589e+00  7.94328235e+05 -2.90903147e+01 
 8.57695899e+05  2.53368630e+00  8.57695899e+05 -2.69831858e+01 
 9.26118728e+05  2.16197139e+00  9.26118728e+05 -2.50231520e+01 
 1.00000000e+06  1.84235601e+00  1.00000000e+06 -2.32010785e+01 
 1.07977516e+06  1.56763489e+00  1.07977516e+06 -2.15081584e+01 
 1.16591440e+06  1.33157369e+00  1.16591440e+06 -1.99359571e+01 
 1.25892541e+06  1.12878495e+00  1.25892541e+06 -1.84764397e+01 
 1.35935639e+06  9.54618038e-01  1.35935639e+06 -1.71219860e+01 
 1.46779927e+06  8.05062079e-01  1.46779927e+06 -1.58653961e+01 
 1.58489319e+06  6.76660682e-01  1.58489319e+06 -1.46998872e+01 
 1.71132830e+06  5.66437291e-01  1.71132830e+06 -1.36190867e+01 
 1.84784980e+06  4.71830059e-01  1.84784980e+06 -1.26170198e+01 
 1.99526231e+06  3.90635162e-01  1.99526231e+06 -1.16880950e+01 
 2.15443469e+06  3.20957576e-01  2.15443469e+06 -1.08270877e+01 
 2.32630507e+06  2.61168402e-01  2.32630507e+06 -1.00291222e+01 
 2.51188643e+06  2.09867934e-01  2.51188643e+06 -9.28965394e+00 
 2.71227258e+06  1.65853741e-01  2.71227258e+06 -8.60445030e+00 
 2.92864456e+06  1.28093104e-01  2.92864456e+06 -7.96957292e+00 
 3.16227766e+06  9.56992435e-02  3.16227766e+06 -7.38135946e+00 
 3.41454887e+06  6.79108353e-02  3.41454887e+06 -6.83640629e+00 
 3.68694506e+06  4.40743659e-02  3.68694506e+06 -6.33155181e+00 
 3.98107171e+06  2.36289466e-02  3.98107171e+06 -5.86386041e+00 
 4.29866235e+06  6.09325107e-03  4.29866235e+06 -5.43060731e+00 
 4.64158883e+06 -8.94571693e-03  4.64158883e+06 -5.02926421e+00 
 5.01187234e+06 -2.18422770e-02  5.01187234e+06 -4.65748571e+00 
 5.41169527e+06 -3.29003661e-02  5.41169527e+06 -4.31309653e+00 
 5.84341413e+06 -4.23806621e-02  5.84341413e+06 -3.99407956e+00 
 6.30957344e+06 -5.05066998e-02  6.30957344e+06 -3.69856466e+00 
 6.81292069e+06 -5.74701204e-02  6.81292069e+06 -3.42481813e+00 
 7.35642254e+06 -6.34351754e-02  7.35642254e+06 -3.17123296e+00 
 7.94328235e+06 -6.85425903e-02  7.94328235e+06 -2.93631967e+00 
 8.57695899e+06 -7.29128758e-02  8.57695899e+06 -2.71869785e+00 
 9.26118728e+06 -7.66491665e-02  9.26118728e+06 -2.51708816e+00 
 1.00000000e+07 -7.98396507e-02  1.00000000e+07 -2.33030507e+00 
 1.07977516e+07 -8.25596506e-02  1.07977516e+07 -2.15724992e+00 
 1.16591440e+07 -8.48733993e-02  1.16591440e+07 -1.99690464e+00 
 1.25892541e+07 -8.68355591e-02  1.25892541e+07 -1.84832581e+00 
 1.35935639e+07 -8.84925151e-02  1.35935639e+07 -1.71063917e+00 
 1.46779927e+07 -8.98834754e-02  1.46779927e+07 -1.58303459e+00 
 1.58489319e+07 -9.10414050e-02  1.58489319e+07 -1.46476135e+00 
 1.71132830e+07 -9.19938152e-02  1.71132830e+07 -1.35512375e+00 
 1.84784980e+07 -9.27634289e-02  1.84784980e+07 -1.25347713e+00 
 1.99526231e+07 -9.33687381e-02  1.99526231e+07 -1.15922410e+00 
 2.15443469e+07 -9.38244690e-02  2.15443469e+07 -1.07181116e+00 
 2.32630507e+07 -9.41419682e-02  2.32630507e+07 -9.90725475e-01 
 2.51188643e+07 -9.43295209e-02  2.51188643e+07 -9.15491980e-01 
 2.71227258e+07 -9.43926145e-02  2.71227258e+07 -8.45670719e-01 
 2.92864456e+07 -9.43341564e-02  2.92864456e+07 -7.80854391e-01 
 3.16227766e+07 -9.41546598e-02  3.16227766e+07 -7.20666117e-01 
 3.41454887e+07 -9.38524070e-02  3.41454887e+07 -6.64757425e-01 
 3.68694506e+07 -9.34236059e-02  3.68694506e+07 -6.12806423e-01 
 3.98107171e+07 -9.28625518e-02  3.98107171e+07 -5.64516159e-01 
 4.29866235e+07 -9.21618130e-02  4.29866235e+07 -5.19613162e-01 
 4.64158883e+07 -9.13124572e-02  4.64158883e+07 -4.77846135e-01 
 5.01187234e+07 -9.03043388e-02  5.01187234e+07 -4.38984798e-01 
 5.41169527e+07 -8.91264659e-02  5.41169527e+07 -4.02818847e-01 
 5.84341413e+07 -8.77674679e-02  5.84341413e+07 -3.69157003e-01 
 6.30957344e+07 -8.62161757e-02  6.30957344e+07 -3.37826115e-01 
 6.81292069e+07 -8.44623244e-02  6.81292069e+07 -3.08670267e-01 
 7.35642254e+07 -8.24973729e-02  7.35642254e+07 -2.81549832e-01 
 7.94328235e+07 -8.03154194e-02  7.94328235e+07 -2.56340425e-01 
 8.57695899e+07 -7.79141715e-02  8.57695899e+07 -2.32931691e-01 
 9.26118728e+07 -7.52959056e-02  9.26118728e+07 -2.11225876e-01 
 1.00000000e+08 -7.24683287e-02  1.00000000e+08 -1.91136163e-01 
 1.07977516e+08 -6.94452377e-02  1.07977516e+08 -1.72584769e-01 
 1.16591440e+08 -6.62468686e-02  1.16591440e+08 -1.55500846e-01 
 1.25892541e+08 -6.28998393e-02  1.25892541e+08 -1.39818279e-01 
 1.35935639e+08 -5.94366205e-02  1.35935639e+08 -1.25473503e-01 
 1.46779927e+08 -5.58945220e-02  1.46779927e+08 -1.12403498e-01 
 1.58489319e+08 -5.23142430e-02  1.58489319e+08 -1.00544132e-01 
 1.71132830e+08 -4.87380971e-02  1.71132830e+08 -8.98289700e-02 
 1.84784980e+08 -4.52080750e-02  1.84784980e+08 -8.01886712e-02 
 1.99526231e+08 -4.17639345e-02  1.99526231e+08 -7.15509665e-02 
 2.15443469e+08 -3.84414989e-02  2.15443469e+08 -6.38411908e-02 
 2.32630507e+08 -3.52713171e-02  2.32630507e+08 -5.69832462e-02 
 2.51188643e+08 -3.22777775e-02  2.51188643e+08 -5.09008469e-02 
 2.71227258e+08 -2.94787063e-02  2.71227258e+08 -4.55188768e-02 
 2.92864456e+08 -2.68854206e-02  2.92864456e+08 -4.07647041e-02 
 3.16227766e+08 -2.45031604e-02  3.16227766e+08 -3.65693307e-02 
 3.41454887e+08 -2.23317971e-02  3.41454887e+08 -3.28682949e-02 
 3.68694506e+08 -2.03667085e-02  3.68694506e+08 -2.96022918e-02 
 3.98107171e+08 -1.85997218e-02  3.98107171e+08 -2.67175124e-02 
 4.29866235e+08 -1.70200403e-02  4.29866235e+08 -2.41657305e-02 
 4.64158883e+08 -1.56150956e-02  4.64158883e+08 -2.19041813e-02 
 5.01187234e+08 -1.43712894e-02  5.01187234e+08 -1.98952856e-02 
 5.41169527e+08 -1.32746066e-02  5.41169527e+08 -1.81062677e-02 
 5.84341413e+08 -1.23110991e-02  5.84341413e+08 -1.65087129e-02 
 6.30957344e+08 -1.14672481e-02  6.30957344e+08 -1.50781001e-02 
 6.81292069e+08 -1.07302196e-02  6.81292069e+08 -1.37933378e-02 
 7.35642254e+08 -1.00880304e-02  7.35642254e+08 -1.26363205e-02 
 7.94328235e+08 -9.52964109e-03  7.94328235e+08 -1.15915206e-02 
 8.57695899e+08 -9.04499462e-03  8.57695899e+08 -1.06456191e-02 
 9.26118728e+08 -8.62501249e-03  9.26118728e+08 -9.78717929e-03 
 1.00000000e+09 -8.26156240e-03  1.00000000e+09 -9.00636251e-03 
 1.07977516e+09 -7.94740632e-03  1.07977516e+09 -8.29468304e-03 
 1.16591440e+09 -7.67613688e-03  1.16591440e+09 -7.64479931e-03 
 1.25892541e+09 -7.44210784e-03  1.25892541e+09 -7.05033694e-03 
 1.35935639e+09 -7.24036275e-03  1.35935639e+09 -6.50573986e-03 
 1.46779927e+09 -7.06656487e-03  1.46779927e+09 -6.00614544e-03 
 1.58489319e+09 -6.91693015e-03  1.58489319e+09 -5.54728006e-03 
 1.71132830e+09 -6.78816460e-03  1.71132830e+09 -5.12537190e-03 
 1.84784980e+09 -6.67740660e-03  1.84784980e+09 -4.73707817e-03 
 1.99526231e+09 -6.58217443e-03  1.99526231e+09 -4.37942434e-03 
 2.15443469e+09 -6.50031906e-03  2.15443469e+09 -4.04975330e-03 
 2.32630507e+09 -6.42998194e-03  2.32630507e+09 -3.74568278e-03 
 2.51188643e+09 -6.36955751e-03  2.51188643e+09 -3.46506955e-03 
 2.71227258e+09 -6.31766012e-03  2.71227258e+09 -3.20597935e-03 
 2.92864456e+09 -6.27309489e-03  2.92864456e+09 -2.96666133e-03 
 3.16227766e+09 -6.23483220e-03  3.16227766e+09 -2.74552647e-03 
 3.41454887e+09 -6.20198539e-03  3.41454887e+09 -2.54112908e-03 
 3.68694506e+09 -6.17379134e-03  3.68694506e+09 -2.35215103e-03 
 3.98107171e+09 -6.14959355e-03  3.98107171e+09 -2.17738814e-03 
 4.29866235e+09 -6.12882749e-03  4.29866235e+09 -2.01573841e-03 
 4.64158883e+09 -6.11100787e-03  4.64158883e+09 -1.86619182e-03 
 5.01187234e+09 -6.09571768e-03  5.01187234e+09 -1.72782137e-03 
 5.41169527e+09 -6.08259864e-03  5.41169527e+09 -1.59977523e-03 
 5.84341413e+09 -6.07134303e-03  5.84341413e+09 -1.48126988e-03 
 6.30957344e+09 -6.06168658e-03  6.30957344e+09 -1.37158390e-03 
 6.81292069e+09 -6.05340239e-03  6.81292069e+09 -1.27005257e-03 
 7.35642254e+09 -6.04629570e-03  7.35642254e+09 -1.17606296e-03 
 7.94328235e+09 -6.04019929e-03  7.94328235e+09 -1.08904958e-03 
 8.57695899e+09 -6.03496967e-03  8.57695899e+09 -1.00849041e-03 
 9.26118728e+09 -6.03048370e-03  9.26118728e+09 -9.33903356e-04 
 1.00000000e+10 -6.02663569e-03  1.00000000e+10 -8.64843025e-04 
