 1.00000000e+00  3.34030948e+02  1.00000000e+00 -4.67415402e-03 
 1.07977516e+00  3.34030948e+02  1.07977516e+00 -5.04703541e-03 
 1.16591440e+00  3.34030948e+02  1.16591440e+00 -5.44966348e-03 
 1.25892541e+00  3.34030948e+02  1.25892541e+00 -5.88441127e-03 
 1.35935639e+00  3.34030948e+02  1.35935639e+00 -6.35384114e-03 
 1.46779927e+00  3.34030948e+02  1.46779927e+00 -6.86071984e-03 
 1.58489319e+00  3.34030948e+02  1.58489319e+00 -7.40803488e-03 
 1.71132830e+00  3.34030948e+02  1.71132830e+00 -7.99901207e-03 
 1.84784980e+00  3.34030948e+02  1.84784980e+00 -8.63713455e-03 
 1.99526231e+00  3.34030948e+02  1.99526231e+00 -9.32616336e-03 
 2.15443469e+00  3.34030948e+02  2.15443469e+00 -1.00701596e-02 
 2.32630507e+00  3.34030948e+02  2.32630507e+00 -1.08735082e-02 
 2.51188643e+00  3.34030948e+02  2.51188643e+00 -1.17409440e-02 
 2.71227258e+00  3.34030948e+02  2.71227258e+00 -1.26775798e-02 
 2.92864456e+00  3.34030948e+02  2.92864456e+00 -1.36889357e-02 
 3.16227766e+00  3.34030948e+02  3.16227766e+00 -1.47809728e-02 
 3.41454887e+00  3.34030948e+02  3.41454887e+00 -1.59601273e-02 
 3.68694506e+00  3.34030947e+02  3.68694506e+00 -1.72333491e-02 
 3.98107171e+00  3.34030947e+02  3.98107171e+00 -1.86081423e-02 
 4.29866235e+00  3.34030947e+02  4.29866235e+00 -2.00926098e-02 
 4.64158883e+00  3.34030947e+02  4.64158883e+00 -2.16955010e-02 
 5.01187234e+00  3.34030947e+02  5.01187234e+00 -2.34262631e-02 
 5.41169527e+00  3.34030946e+02  5.41169527e+00 -2.52950970e-02 
 5.84341413e+00  3.34030946e+02  5.84341413e+00 -2.73130175e-02 
 6.30957344e+00  3.34030946e+02  6.30957344e+00 -2.94919179e-02 
 6.81292069e+00  3.34030945e+02  6.81292069e+00 -3.18446403e-02 
 7.35642254e+00  3.34030945e+02  7.35642254e+00 -3.43850516e-02 
 7.94328235e+00  3.34030944e+02  7.94328235e+00 -3.71281247e-02 
 8.57695899e+00  3.34030944e+02  8.57695899e+00 -4.00900268e-02 
 9.26118728e+00  3.34030943e+02  9.26118728e+00 -4.32882150e-02 
 1.00000000e+01  3.34030942e+02  1.00000000e+01 -4.67415393e-02 
 1.07977516e+01  3.34030941e+02  1.07977516e+01 -5.04703530e-02 
 1.16591440e+01  3.34030939e+02  1.16591440e+01 -5.44966334e-02 
 1.25892541e+01  3.34030938e+02  1.25892541e+01 -5.88441109e-02 
 1.35935639e+01  3.34030936e+02  1.35935639e+01 -6.35384091e-02 
 1.46779927e+01  3.34030934e+02  1.46779927e+01 -6.86071956e-02 
 1.58489319e+01  3.34030932e+02  1.58489319e+01 -7.40803452e-02 
 1.71132830e+01  3.34030929e+02  1.71132830e+01 -7.99901162e-02 
 1.84784980e+01  3.34030926e+02  1.84784980e+01 -8.63713398e-02 
 1.99526231e+01  3.34030922e+02  1.99526231e+01 -9.32616265e-02 
 2.15443469e+01  3.34030918e+02  2.15443469e+01 -1.00701587e-01 
 2.32630507e+01  3.34030913e+02  2.32630507e+01 -1.08735070e-01 
 2.51188643e+01  3.34030907e+02  2.51188643e+01 -1.17409426e-01 
 2.71227258e+01  3.34030900e+02  2.71227258e+01 -1.26775780e-01 
 2.92864456e+01  3.34030892e+02  2.92864456e+01 -1.36889335e-01 
 3.16227766e+01  3.34030883e+02  3.16227766e+01 -1.47809699e-01 
 3.41454887e+01  3.34030872e+02  3.41454887e+01 -1.59601237e-01 
 3.68694506e+01  3.34030860e+02  3.68694506e+01 -1.72333445e-01 
 3.98107171e+01  3.34030845e+02  3.98107171e+01 -1.86081366e-01 
 4.29866235e+01  3.34030828e+02  4.29866235e+01 -2.00926026e-01 
 4.64158883e+01  3.34030808e+02  4.64158883e+01 -2.16954920e-01 
 5.01187234e+01  3.34030784e+02  5.01187234e+01 -2.34262517e-01 
 5.41169527e+01  3.34030757e+02  5.41169527e+01 -2.52950827e-01 
 5.84341413e+01  3.34030725e+02  5.84341413e+01 -2.73129994e-01 
 6.30957344e+01  3.34030688e+02  6.30957344e+01 -2.94918951e-01 
 6.81292069e+01  3.34030645e+02  6.81292069e+01 -3.18446117e-01 
 7.35642254e+01  3.34030595e+02  7.35642254e+01 -3.43850156e-01 
 7.94328235e+01  3.34030536e+02  7.94328235e+01 -3.71280793e-01 
 8.57695899e+01  3.34030468e+02  8.57695899e+01 -4.00899697e-01 
 9.26118728e+01  3.34030388e+02  9.26118728e+01 -4.32881432e-01 
 1.00000000e+02  3.34030295e+02  1.00000000e+02 -4.67414488e-01 
 1.07977516e+02  3.34030186e+02  1.07977516e+02 -5.04702391e-01 
 1.16591440e+02  3.34030060e+02  1.16591440e+02 -5.44964900e-01 
 1.25892541e+02  3.34029913e+02  1.25892541e+02 -5.88439304e-01 
 1.35935639e+02  3.34029741e+02  1.35935639e+02 -6.35381819e-01 
 1.46779927e+02  3.34029540e+02  1.46779927e+02 -6.86069095e-01 
 1.58489319e+02  3.34029307e+02  1.58489319e+02 -7.40799851e-01 
 1.71132830e+02  3.34029034e+02  1.71132830e+02 -7.99896628e-01 
 1.84784980e+02  3.34028717e+02  1.84784980e+02 -8.63707690e-01 
 1.99526231e+02  3.34028347e+02  1.99526231e+02 -9.32609079e-01 
 2.15443469e+02  3.34027915e+02  2.15443469e+02 -1.00700682e+00 
 2.32630507e+02  3.34027412e+02  2.32630507e+02 -1.08733931e+00 
 2.51188643e+02  3.34026825e+02  2.51188643e+02 -1.17407992e+00 
 2.71227258e+02  3.34026141e+02  2.71227258e+02 -1.26773975e+00 
 2.92864456e+02  3.34025343e+02  2.92864456e+02 -1.36887062e+00 
 3.16227766e+02  3.34024413e+02  3.16227766e+02 -1.47806839e+00 
 3.41454887e+02  3.34023329e+02  3.41454887e+02 -1.59597636e+00 
 3.68694506e+02  3.34022065e+02  3.68694506e+02 -1.72328911e+00 
 3.98107171e+02  3.34020591e+02  3.98107171e+02 -1.86075658e+00 
 4.29866235e+02  3.34018872e+02  4.29866235e+02 -2.00918841e+00 
 4.64158883e+02  3.34016869e+02  4.64158883e+02 -2.16945874e+00 
 5.01187234e+02  3.34014533e+02  5.01187234e+02 -2.34251129e+00 
 5.41169527e+02  3.34011810e+02  5.41169527e+02 -2.52936490e+00 
 5.84341413e+02  3.34008634e+02  5.84341413e+02 -2.73111945e+00 
 6.30957344e+02  3.34004932e+02  6.30957344e+02 -2.94896229e+00 
 6.81292069e+02  3.34000616e+02  6.81292069e+02 -3.18417512e+00 
 7.35642254e+02  3.33995584e+02  7.35642254e+02 -3.43814145e+00 
 7.94328235e+02  3.33989718e+02  7.94328235e+02 -3.71235459e+00 
 8.57695899e+02  3.33982878e+02  8.57695899e+02 -4.00842625e+00 
 9.26118728e+02  3.33974904e+02  9.26118728e+02 -4.32809585e+00 
 1.00000000e+03  3.33965607e+02  1.00000000e+03 -4.67324041e+00 
 1.07977516e+03  3.33954768e+02  1.07977516e+03 -5.04588529e+00 
 1.16591440e+03  3.33942132e+02  1.16591440e+03 -5.44821561e+00 
 1.25892541e+03  3.33927401e+02  1.25892541e+03 -5.88258859e+00 
 1.35935639e+03  3.33910227e+02  1.35935639e+03 -6.35154664e+00 
 1.46779927e+03  3.33890206e+02  1.46779927e+03 -6.85783141e+00 
 1.58489319e+03  3.33866866e+02  1.58489319e+03 -7.40439882e+00 
 1.71132830e+03  3.33839658e+02  1.71132830e+03 -7.99443491e+00 
 1.84784980e+03  3.33807942e+02  1.84784980e+03 -8.63137280e+00 
 1.99526231e+03  3.33770970e+02  1.99526231e+03 -9.31891054e+00 
 2.15443469e+03  3.33727875e+02  2.15443469e+03 -1.00610300e+01 
 2.32630507e+03  3.33677644e+02  2.32630507e+03 -1.08620164e+01 
 2.51188643e+03  3.33619098e+02  2.51188643e+03 -1.17264793e+01 
 2.71227258e+03  3.33550865e+02  2.71227258e+03 -1.26593735e+01 
 2.92864456e+03  3.33471345e+02  2.92864456e+03 -1.36660209e+01 
 3.16227766e+03  3.33378680e+02  3.16227766e+03 -1.47521327e+01 
 3.41454887e+03  3.33270706e+02  3.41454887e+03 -1.59238315e+01 
 3.68694506e+03  3.33144905e+02  3.68694506e+03 -1.71876726e+01 
 3.98107171e+03  3.32998351e+02  3.98107171e+03 -1.85506643e+01 
 4.29866235e+03  3.32827645e+02  4.29866235e+03 -2.00202864e+01 
 4.64158883e+03  3.32628837e+02  4.64158883e+03 -2.16045056e+01 
 5.01187234e+03  3.32397344e+02  5.01187234e+03 -2.33117863e+01 
 5.41169527e+03  3.32127848e+02  5.41169527e+03 -2.51510961e+01 
 5.84341413e+03  3.31814190e+02  5.84341413e+03 -2.71319021e+01 
 6.30957344e+03  3.31449239e+02  6.30957344e+03 -2.92641576e+01 
 6.81292069e+03  3.31024748e+02  6.81292069e+03 -3.15582741e+01 
 7.35642254e+03  3.30531198e+02  7.35642254e+03 -3.40250750e+01 
 7.94328235e+03  3.29957614e+02  7.94328235e+03 -3.66757267e+01 
 8.57695899e+03  3.29291370e+02  8.57695899e+03 -3.95216406e+01 
 9.26118728e+03  3.28517974e+02  9.26118728e+03 -4.25743385e+01 
 1.00000000e+04  3.27620831e+02  1.00000000e+04 -4.58452743e+01 
 1.07977516e+04  3.26581002e+02  1.07977516e+04 -4.93456005e+01 
 1.16591440e+04  3.25376946e+02  1.16591440e+04 -5.30858701e+01 
 1.25892541e+04  3.23984274e+02  1.25892541e+04 -5.70756608e+01 
 1.35935639e+04  3.22375503e+02  1.35935639e+04 -6.13231083e+01 
 1.46779927e+04  3.20519854e+02  1.46779927e+04 -6.58343373e+01 
 1.58489319e+04  3.18383098e+02  1.58489319e+04 -7.06127759e+01 
 1.71132830e+04  3.15927489e+02  1.71132830e+04 -7.56583462e+01 
 1.84784980e+04  3.13111821e+02  1.84784980e+04 -8.09665263e+01 
 1.99526231e+04  3.09891658e+02  1.99526231e+04 -8.65272876e+01 
 2.15443469e+04  3.06219795e+02  2.15443469e+04 -9.23239252e+01 
 2.32630507e+04  3.02046996e+02  2.32630507e+04 -9.83318149e+01 
 2.51188643e+04  2.97323094e+02  2.51188643e+04 -1.04517154e+02 
 2.71227258e+04  2.91998497e+02  2.71227258e+04 -1.10835773e+02 
 2.92864456e+04  2.86026139e+02  2.92864456e+04 -1.17232126e+02 
 3.16227766e+04  2.79363903e+02  3.16227766e+04 -1.23638621e+02 
 3.41454887e+04  2.71977470e+02  3.41454887e+04 -1.29975452e+02 
 3.68694506e+04  2.63843512e+02  3.68694506e+04 -1.36151123e+02 
 3.98107171e+04  2.54953054e+02  3.98107171e+04 -1.42063856e+02 
 4.29866235e+04  2.45314739e+02  4.29866235e+04 -1.47603998e+02 
 4.64158883e+04  2.34957696e+02  4.64158883e+04 -1.52657520e+02 
 5.01187234e+04  2.23933601e+02  5.01187234e+04 -1.57110524e+02 
 5.41169527e+04  2.12317557e+02  5.41169527e+04 -1.60854575e+02 
 5.84341413e+04  2.00207476e+02  5.84341413e+04 -1.63792485e+02 
 6.30957344e+04  1.87721756e+02  6.30957344e+04 -1.65844056e+02 
 6.81292069e+04  1.74995248e+02  6.81292069e+04 -1.66951197e+02 
 7.35642254e+04  1.62173751e+02  7.35642254e+04 -1.67081835e+02 
 7.94328235e+04  1.49407472e+02  7.94328235e+04 -1.66232152e+02 
 8.57695899e+04  1.36844048e+02  8.57695899e+04 -1.64426852e+02 
 9.26118728e+04  1.24621831e+02  9.26118728e+04 -1.61717431e+02 
 1.00000000e+05  1.12864048e+02  1.00000000e+05 -1.58178672e+02 
 1.07977516e+05  1.01674356e+02  1.07977516e+05 -1.53903792e+02 
 1.16591440e+05  9.11340468e+01  1.16591440e+05 -1.48998811e+02 
 1.25892541e+05  8.13009937e+01  1.25892541e+05 -1.43576719e+02 
 1.35935639e+05  7.22101566e+01  1.35935639e+05 -1.37751991e+02 
 1.46779927e+05  6.38753711e+01  1.46779927e+05 -1.31635825e+02 
 1.58489319e+05  5.62920341e+01  1.58489319e+05 -1.25332373e+02 
 1.71132830e+05  4.94403021e+01  1.71132830e+05 -1.18936038e+02 
 1.84784980e+05  4.32884558e+01  1.84784980e+05 -1.12529818e+02 
 1.99526231e+05  3.77961559e+01  1.99526231e+05 -1.06184558e+02 
 2.15443469e+05  3.29173970e+01  2.15443469e+05 -9.99589562e+01 
 2.32630507e+05  2.86030475e+01  2.32630507e+05 -9.39001186e+01 
 2.51188643e+05  2.48029288e+01  2.51188643e+05 -8.80444910e+01 
 2.71227258e+05  2.14674356e+01  2.71227258e+05 -8.24190145e+01 
 2.92864456e+05  1.85487361e+01  2.92864456e+05 -7.70423746e+01 
 3.16227766e+05  1.60016033e+01  3.16227766e+05 -7.19262557e+01 
 3.41454887e+05  1.37839428e+01  3.41454887e+05 -6.70765338e+01 
 3.68694506e+05  1.18570772e+01  3.68694506e+05 -6.24943704e+01 
 3.98107171e+05  1.01858446e+01  3.98107171e+05 -5.81771839e+01 
 4.29866235e+05  8.73856098e+00  4.29866235e+05 -5.41194936e+01 
 4.64158883e+05  7.48688702e+00  4.64158883e+05 -5.03136372e+01 
 5.01187234e+05  6.40563282e+00  5.01187234e+05 -4.67503697e+01 
 5.41169527e+05  5.47252562e+00  5.41169527e+05 -4.34193561e+01 
 5.84341413e+05  4.66795964e+00  5.84341413e+05 -4.03095701e+01 
 6.30957344e+05  3.97474210e+00  6.30957344e+05 -3.74096115e+01 
 6.81292069e+05  3.37784473e+00  6.81292069e+05 -3.47079557e+01 
 7.35642254e+05  2.86416733e+00  7.35642254e+05 -3.21931458e+01 
 7.94328235e+05  2.42231706e+00  7.94328235e+05 -2.98539379e+01 
 8.57695899e+05  2.04240575e+00  8.57695899e+05 -2.76794080e+01 
 9.26118728e+05  1.71586584e+00  9.26118728e+05 -2.56590281e+01 
 1.00000000e+06  1.43528478e+00  1.00000000e+06 -2.37827180e+01 
 1.07977516e+06  1.19425742e+00  1.07977516e+06 -2.20408774e+01 
 1.16591440e+06  9.87254942e-01  1.16591440e+06 -2.04244031e+01 
 1.25892541e+06  8.09509419e-01  1.25892541e+06 -1.89246948e+01 
 1.35935639e+06  6.56912298e-01  1.35935639e+06 -1.75336521e+01 
 1.46779927e+06  5.25925640e-01  1.46779927e+06 -1.62436643e+01 
 1.58489319e+06  4.13504650e-01  1.58489319e+06 -1.50475966e+01 
 1.71132830e+06  3.17030280e-01  1.71132830e+06 -1.39387720e+01 
 1.84784980e+06  2.34250699e-01  1.84784980e+06 -1.29109519e+01 
 1.99526231e+06  1.63230571e-01  1.99526231e+06 -1.19583141e+01 
 2.15443469e+06  1.02307159e-01  2.15443469e+06 -1.10754315e+01 
 2.32630507e+06  5.00523990e-02  2.32630507e+06 -1.02572497e+01 
 2.51188643e+06  5.24015479e-03  2.51188643e+06 -9.49906513e+00 
 2.71227258e+06 -3.31820070e-02  2.71227258e+06 -8.79650355e+00 
 2.92864456e+06 -6.61171383e-02  2.92864456e+06 -8.14549931e+00 
 3.16227766e+06 -9.43398415e-02  3.16227766e+06 -7.54227533e+00 
 3.41454887e+06 -1.18514273e-01  3.41454887e+06 -6.98332401e+00 
 3.68694506e+06 -1.39209619e-01  3.68694506e+06 -6.46538910e+00 
 3.98107171e+06 -1.56913381e-01  3.98107171e+06 -5.98544852e+00 
 4.29866235e+06 -1.72042781e-01  4.29866235e+06 -5.54069815e+00 
 4.64158883e+06 -1.84954538e-01  4.64158883e+06 -5.12853667e+00 
 5.01187234e+06 -1.95953248e-01  5.01187234e+06 -4.74655120e+00 
 5.41169527e+06 -2.05298542e-01  5.41169527e+06 -4.39250402e+00 
 5.84341413e+06 -2.13211220e-01  5.84341413e+06 -4.06432003e+00 
 6.30957344e+06 -2.19878467e-01  6.30957344e+06 -3.76007522e+00 
 6.81292069e+06 -2.25458314e-01  6.81292069e+06 -3.47798576e+00 
 7.35642254e+06 -2.30083418e-01  7.35642254e+06 -3.21639805e+00 
 7.94328235e+06 -2.33864272e-01  7.94328235e+06 -2.97377937e+00 
 8.57695899e+06 -2.36891933e-01  8.57695899e+06 -2.74870931e+00 
 9.26118728e+06 -2.39240321e-01  9.26118728e+06 -2.53987186e+00 
 1.00000000e+07 -2.40968172e-01  1.00000000e+07 -2.34604811e+00 
 1.07977516e+07 -2.42120695e-01  1.07977516e+07 -2.16610961e+00 
 1.16591440e+07 -2.42731003e-01  1.16591440e+07 -1.99901226e+00 
 1.25892541e+07 -2.42821360e-01  1.25892541e+07 -1.84379082e+00 
 1.35935639e+07 -2.42404306e-01  1.35935639e+07 -1.69955392e+00 
 1.46779927e+07 -2.41483730e-01  1.46779927e+07 -1.56547960e+00 
 1.58489319e+07 -2.40055934e-01  1.58489319e+07 -1.44081127e+00 
 1.71132830e+07 -2.38110762e-01  1.71132830e+07 -1.32485421e+00 
 1.84784980e+07 -2.35632862e-01  1.84784980e+07 -1.21697232e+00 
 1.99526231e+07 -2.32603136e-01  1.99526231e+07 -1.11658524e+00 
 2.15443469e+07 -2.29000432e-01  2.15443469e+07 -1.02316570e+00 
 2.32630507e+07 -2.24803538e-01  2.32630507e+07 -9.36236932e-01 
 2.51188643e+07 -2.19993456e-01  2.51188643e+07 -8.55370036e-01 
 2.71227258e+07 -2.14555965e-01  2.71227258e+07 -7.80181172e-01 
 2.92864456e+07 -2.08484375e-01  2.92864456e+07 -7.10328387e-01 
 3.16227766e+07 -2.01782334e-01  3.16227766e+07 -6.45507926e-01 
 3.41454887e+07 -1.94466495e-01  3.41454887e+07 -5.85449937e-01 
 3.68694506e+07 -1.86568769e-01  3.68694506e+07 -5.29913499e-01 
 3.98107171e+07 -1.78137883e-01  3.98107171e+07 -4.78681051e-01 
 4.29866235e+07 -1.69239933e-01  4.29866235e+07 -4.31552381e-01 
 4.64158883e+07 -1.59957736e-01  4.64158883e+07 -3.88338468e-01 
 5.01187234e+07 -1.50388822e-01  5.01187234e+07 -3.48855582e-01 
 5.41169527e+07 -1.40642130e-01  5.41169527e+07 -3.12920075e-01 
 5.84341413e+07 -1.30833619e-01  5.84341413e+07 -2.80344295e-01 
 6.30957344e+07 -1.21081149e-01  6.30957344e+07 -2.50933963e-01 
 6.81292069e+07 -1.11499155e-01  6.81292069e+07 -2.24487171e-01 
 7.35642254e+07 -1.02193607e-01  7.35642254e+07 -2.00794989e-01 
 7.94328235e+07 -9.32577535e-02  7.94328235e+07 -1.79643454e-01 
 8.57695899e+07 -8.47689792e-02  8.57695899e+07 -1.60816590e-01 
 9.26118728e+07 -7.67869781e-02  9.26118728e+07 -1.44099986e-01 
 1.00000000e+08 -6.93532347e-02  1.00000000e+08 -1.29284494e-01 
 1.07977516e+08 -6.24916741e-02  1.07977516e+08 -1.16169654e-01 
 1.16591440e+08 -5.62102343e-02  1.16591440e+08 -1.04566542e-01 
 1.25892541e+08 -5.05030628e-02  1.25892541e+08 -9.42998873e-02 
 1.35935639e+08 -4.53530450e-02  1.35935639e+08 -8.52094120e-02 
 1.46779927e+08 -4.07344077e-02  1.46779927e+08 -7.71504155e-02 
 1.58489319e+08 -3.66151980e-02  1.58489319e+08 -6.99937241e-02 
 1.71132830e+08 -3.29595058e-02  1.71132830e+08 -6.36251329e-02 
 1.84784980e+08 -2.97293528e-02  1.84784980e+08 -5.79444835e-02 
 1.99526231e+08 -2.68862235e-02  1.99526231e+08 -5.28645103e-02 
 2.15443469e+08 -2.43922459e-02  2.15443469e+08 -4.83095682e-02 
 2.32630507e+08 -2.22110552e-02  2.32630507e+08 -4.42143307e-02 
 2.51188643e+08 -2.03083834e-02  2.51188643e+08 -4.05225215e-02 
 2.71227258e+08 -1.86524246e-02  2.71227258e+08 -3.71857242e-02 
 2.92864456e+08 -1.72140219e-02  2.92864456e+08 -3.41622945e-02 
 3.16227766e+08 -1.59667202e-02  3.16227766e+08 -3.14163874e-02 
 3.41454887e+08 -1.48867202e-02  3.41454887e+08 -2.89171016e-02 
 3.68694506e+08 -1.39527656e-02  3.68694506e+08 -2.66377371e-02 
 3.98107171e+08 -1.31459854e-02  3.98107171e+08 -2.45551571e-02 
 4.29866235e+08 -1.24497127e-02  4.29866235e+08 -2.26492447e-02 
 4.64158883e+08 -1.18492906e-02  4.64158883e+08 -2.09024431e-02 
 5.01187234e+08 -1.13318776e-02  5.01187234e+08 -1.92993683e-02 
 5.41169527e+08 -1.08862580e-02  5.41169527e+08 -1.78264839e-02 
 5.84341413e+08 -1.05026621e-02  5.84341413e+08 -1.64718291e-02 
 6.30957344e+08 -1.01725989e-02  6.30957344e+08 -1.52247908e-02 
 6.81292069e+08 -9.88870284e-03  6.81292069e+08 -1.40759134e-02 
 7.35642254e+08 -9.64459483e-03  7.35642254e+08 -1.30167401e-02 
 7.94328235e+08 -9.43475747e-03  7.94328235e+08 -1.20396790e-02 
 8.57695899e+08 -9.25442397e-03  8.57695899e+08 -1.11378918e-02 
 9.26118728e+08 -9.09947987e-03  9.26118728e+08 -1.03051995e-02 
 1.00000000e+09 -8.96637650e-03  1.00000000e+09 -9.53600294e-03 
 1.07977516e+09 -8.85205518e-03  1.07977516e+09 -8.82521525e-03 
 1.16591440e+09 -8.75388100e-03  1.16591440e+09 -8.16820439e-03 
 1.25892541e+09 -8.66958518e-03  1.25892541e+09 -7.56074372e-03 
 1.35935639e+09 -8.59721502e-03  1.35935639e+09 -6.99896950e-03 
 1.46779927e+09 -8.53509044e-03  1.46779927e+09 -6.47934398e-03 
 1.58489319e+09 -8.48176644e-03  1.58489319e+09 -5.99862330e-03 
 1.71132830e+09 -8.43600052e-03  1.71132830e+09 -5.55382924e-03 
 1.84784980e+09 -8.39672464e-03  1.84784980e+09 -5.14222447e-03 
 1.99526231e+09 -8.36302089e-03  1.99526231e+09 -4.76129061e-03 
 2.15443469e+09 -8.33410062e-03  2.15443469e+09 -4.40870867e-03 
 2.32630507e+09 -8.30928634e-03  2.32630507e+09 -4.08234169e-03 
 2.51188643e+09 -8.28799616e-03  2.51188643e+09 -3.78021915e-03 
 2.71227258e+09 -8.26973040e-03  2.71227258e+09 -3.50052293e-03 
 2.92864456e+09 -8.25406002e-03  2.92864456e+09 -3.24157470e-03 
 3.16227766e+09 -8.24061670e-03  3.16227766e+09 -3.00182450e-03 
 3.41454887e+09 -8.22908427e-03  3.41454887e+09 -2.77984032e-03 
 3.68694506e+09 -8.21919135e-03  3.68694506e+09 -2.57429877e-03 
 3.98107171e+09 -8.21070506e-03  3.98107171e+09 -2.38397641e-03 
 4.29866235e+09 -8.20342554e-03  4.29866235e+09 -2.20774195e-03 
 4.64158883e+09 -8.19718127e-03  4.64158883e+09 -2.04454912e-03 
 5.01187234e+09 -8.19182512e-03  5.01187234e+09 -1.89343002e-03 
 5.41169527e+09 -8.18723082e-03  5.41169527e+09 -1.75348919e-03 
 5.84341413e+09 -8.18329004e-03  5.84341413e+09 -1.62389801e-03 
 6.30957344e+09 -8.17990987e-03  6.30957344e+09 -1.50388964e-03 
 6.81292069e+09 -8.17701056e-03  6.81292069e+09 -1.39275437e-03 
 7.35642254e+09 -8.17452374e-03  7.35642254e+09 -1.28983526e-03 
 7.94328235e+09 -8.17239072e-03  7.94328235e+09 -1.19452418e-03 
 8.57695899e+09 -8.17056119e-03  8.57695899e+09 -1.10625818e-03 
 9.26118728e+09 -8.16899196e-03  9.26118728e+09 -1.02451606e-03 
 1.00000000e+10 -8.16764601e-03  1.00000000e+10 -9.48815288e-04 
