 1.00000000e+00  3.37045861e+02  1.00000000e+00 -4.32330123e-03 
 1.07977516e+00  3.37045861e+02  1.07977516e+00 -4.66819328e-03 
 1.16591440e+00  3.37045861e+02  1.16591440e+00 -5.04059916e-03 
 1.25892541e+00  3.37045861e+02  1.25892541e+00 -5.44271378e-03 
 1.35935639e+00  3.37045861e+02  1.35935639e+00 -5.87690715e-03 
 1.46779927e+00  3.37045860e+02  1.46779927e+00 -6.34573837e-03 
 1.58489319e+00  3.37045860e+02  1.58489319e+00 -6.85197068e-03 
 1.71132830e+00  3.37045860e+02  1.71132830e+00 -7.39858775e-03 
 1.84784980e+00  3.37045860e+02  1.84784980e+00 -7.98881129e-03 
 1.99526231e+00  3.37045860e+02  1.99526231e+00 -8.62612001e-03 
 2.15443469e+00  3.37045860e+02  2.15443469e+00 -9.31427013e-03 
 2.32630507e+00  3.37045860e+02  2.32630507e+00 -1.00573175e-02 
 2.51188643e+00  3.37045860e+02  2.51188643e+00 -1.08596417e-02 
 2.71227258e+00  3.37045860e+02  2.71227258e+00 -1.17259714e-02 
 2.92864456e+00  3.37045860e+02  2.92864456e+00 -1.26614126e-02 
 3.16227766e+00  3.37045860e+02  3.16227766e+00 -1.36714789e-02 
 3.41454887e+00  3.37045860e+02  3.41454887e+00 -1.47621233e-02 
 3.68694506e+00  3.37045860e+02  3.68694506e+00 -1.59397741e-02 
 3.98107171e+00  3.37045860e+02  3.98107171e+00 -1.72113721e-02 
 4.29866235e+00  3.37045860e+02  4.29866235e+00 -1.85844121e-02 
 4.64158883e+00  3.37045859e+02  4.64158883e+00 -2.00669866e-02 
 5.01187234e+00  3.37045859e+02  5.01187234e+00 -2.16678337e-02 
 5.41169527e+00  3.37045859e+02  5.41169527e+00 -2.33963887e-02 
 5.84341413e+00  3.37045859e+02  5.84341413e+00 -2.52628394e-02 
 6.30957344e+00  3.37045858e+02  6.30957344e+00 -2.72781864e-02 
 6.81292069e+00  3.37045858e+02  6.81292069e+00 -2.94543082e-02 
 7.35642254e+00  3.37045858e+02  7.35642254e+00 -3.18040303e-02 
 7.94328235e+00  3.37045857e+02  7.94328235e+00 -3.43412020e-02 
 8.57695899e+00  3.37045857e+02  8.57695899e+00 -3.70807769e-02 
 9.26118728e+00  3.37045856e+02  9.26118728e+00 -4.00389018e-02 
 1.00000000e+01  3.37045855e+02  1.00000000e+01 -4.32330116e-02 
 1.07977516e+01  3.37045854e+02  1.07977516e+01 -4.66819319e-02 
 1.16591440e+01  3.37045853e+02  1.16591440e+01 -5.04059905e-02 
 1.25892541e+01  3.37045852e+02  1.25892541e+01 -5.44271364e-02 
 1.35935639e+01  3.37045850e+02  1.35935639e+01 -5.87690697e-02 
 1.46779927e+01  3.37045849e+02  1.46779927e+01 -6.34573815e-02 
 1.58489319e+01  3.37045847e+02  1.58489319e+01 -6.85197040e-02 
 1.71132830e+01  3.37045844e+02  1.71132830e+01 -7.39858740e-02 
 1.84784980e+01  3.37045842e+02  1.84784980e+01 -7.98881085e-02 
 1.99526231e+01  3.37045839e+02  1.99526231e+01 -8.62611945e-02 
 2.15443469e+01  3.37045835e+02  2.15443469e+01 -9.31426943e-02 
 2.32630507e+01  3.37045831e+02  2.32630507e+01 -1.00573167e-01 
 2.51188643e+01  3.37045826e+02  2.51188643e+01 -1.08596406e-01 
 2.71227258e+01  3.37045820e+02  2.71227258e+01 -1.17259700e-01 
 2.92864456e+01  3.37045813e+02  2.92864456e+01 -1.26614109e-01 
 3.16227766e+01  3.37045805e+02  3.16227766e+01 -1.36714766e-01 
 3.41454887e+01  3.37045796e+02  3.41454887e+01 -1.47621205e-01 
 3.68694506e+01  3.37045785e+02  3.68694506e+01 -1.59397706e-01 
 3.98107171e+01  3.37045773e+02  3.98107171e+01 -1.72113677e-01 
 4.29866235e+01  3.37045758e+02  4.29866235e+01 -1.85844066e-01 
 4.64158883e+01  3.37045741e+02  4.64158883e+01 -2.00669796e-01 
 5.01187234e+01  3.37045721e+02  5.01187234e+01 -2.16678249e-01 
 5.41169527e+01  3.37045698e+02  5.41169527e+01 -2.33963775e-01 
 5.84341413e+01  3.37045671e+02  5.84341413e+01 -2.52628253e-01 
 6.30957344e+01  3.37045640e+02  6.30957344e+01 -2.72781688e-01 
 6.81292069e+01  3.37045603e+02  6.81292069e+01 -2.94542859e-01 
 7.35642254e+01  3.37045561e+02  7.35642254e+01 -3.18040023e-01 
 7.94328235e+01  3.37045511e+02  7.94328235e+01 -3.43411667e-01 
 8.57695899e+01  3.37045453e+02  8.57695899e+01 -3.70807325e-01 
 9.26118728e+01  3.37045385e+02  9.26118728e+01 -4.00388459e-01 
 1.00000000e+02  3.37045306e+02  1.00000000e+02 -4.32329412e-01 
 1.07977516e+02  3.37045214e+02  1.07977516e+02 -4.66818434e-01 
 1.16591440e+02  3.37045107e+02  1.16591440e+02 -5.04058790e-01 
 1.25892541e+02  3.37044982e+02  1.25892541e+02 -5.44269960e-01 
 1.35935639e+02  3.37044837e+02  1.35935639e+02 -5.87688931e-01 
 1.46779927e+02  3.37044667e+02  1.46779927e+02 -6.34571591e-01 
 1.58489319e+02  3.37044469e+02  1.58489319e+02 -6.85194240e-01 
 1.71132830e+02  3.37044238e+02  1.71132830e+02 -7.39855216e-01 
 1.84784980e+02  3.37043968e+02  1.84784980e+02 -7.98876648e-01 
 1.99526231e+02  3.37043654e+02  1.99526231e+02 -8.62606359e-01 
 2.15443469e+02  3.37043288e+02  2.15443469e+02 -9.31419910e-01 
 2.32630507e+02  3.37042862e+02  2.32630507e+02 -1.00572281e+00 
 2.51188643e+02  3.37042364e+02  2.51188643e+02 -1.08595291e+00 
 2.71227258e+02  3.37041784e+02  2.71227258e+02 -1.17258296e+00 
 2.92864456e+02  3.37041108e+02  2.92864456e+02 -1.26612342e+00 
 3.16227766e+02  3.37040319e+02  3.16227766e+02 -1.36712543e+00 
 3.41454887e+02  3.37039400e+02  3.41454887e+02 -1.47618405e+00 
 3.68694506e+02  3.37038328e+02  3.68694506e+02 -1.59394181e+00 
 3.98107171e+02  3.37037078e+02  3.98107171e+02 -1.72109240e+00 
 4.29866235e+02  3.37035621e+02  4.29866235e+02 -1.85838480e+00 
 4.64158883e+02  3.37033922e+02  4.64158883e+02 -2.00662764e+00 
 5.01187234e+02  3.37031941e+02  5.01187234e+02 -2.16669396e+00 
 5.41169527e+02  3.37029632e+02  5.41169527e+02 -2.33952630e+00 
 5.84341413e+02  3.37026939e+02  5.84341413e+02 -2.52614222e+00 
 6.30957344e+02  3.37023800e+02  6.30957344e+02 -2.72764024e+00 
 6.81292069e+02  3.37020140e+02  6.81292069e+02 -2.94520622e+00 
 7.35642254e+02  3.37015873e+02  7.35642254e+02 -3.18012029e+00 
 7.94328235e+02  3.37010898e+02  7.94328235e+02 -3.43376425e+00 
 8.57695899e+02  3.37005098e+02  8.57695899e+02 -3.70762958e+00 
 9.26118728e+02  3.36998336e+02  9.26118728e+02 -4.00332606e+00 
 1.00000000e+03  3.36990453e+02  1.00000000e+03 -4.32259099e+00 
 1.07977516e+03  3.36981261e+02  1.07977516e+03 -4.66729918e+00 
 1.16591440e+03  3.36970546e+02  1.16591440e+03 -5.03947359e+00 
 1.25892541e+03  3.36958053e+02  1.25892541e+03 -5.44129681e+00 
 1.35935639e+03  3.36943489e+02  1.35935639e+03 -5.87512338e+00 
 1.46779927e+03  3.36926510e+02  1.46779927e+03 -6.34349285e+00 
 1.58489319e+03  3.36906717e+02  1.58489319e+03 -6.84914390e+00 
 1.71132830e+03  3.36883642e+02  1.71132830e+03 -7.39502929e+00 
 1.84784980e+03  3.36856742e+02  1.84784980e+03 -7.98433181e+00 
 1.99526231e+03  3.36825385e+02  1.99526231e+03 -8.62048120e+00 
 2.15443469e+03  3.36788833e+02  2.15443469e+03 -9.30717206e+00 
 2.32630507e+03  3.36746227e+02  2.32630507e+03 -1.00483827e+01 
 2.51188643e+03  3.36696565e+02  2.51188643e+03 -1.08483951e+01 
 2.71227258e+03  3.36638681e+02  2.71227258e+03 -1.17118152e+01 
 2.92864456e+03  3.36571219e+02  2.92864456e+03 -1.26435946e+01 
 3.16227766e+03  3.36492599e+02  3.16227766e+03 -1.36490525e+01 
 3.41454887e+03  3.36400980e+02  3.41454887e+03 -1.47338979e+01 
 3.68694506e+03  3.36294224e+02  3.68694506e+03 -1.59042517e+01 
 3.98107171e+03  3.36169840e+02  3.98107171e+03 -1.71666686e+01 
 4.29866235e+03  3.36024936e+02  4.29866235e+03 -1.85281580e+01 
 4.64158883e+03  3.35856147e+02  4.64158883e+03 -1.99962024e+01 
 5.01187234e+03  3.35659568e+02  5.01187234e+03 -2.15787738e+01 
 5.41169527e+03  3.35430663e+02  5.41169527e+03 -2.32843452e+01 
 5.84341413e+03  3.35164174e+02  5.84341413e+03 -2.51218970e+01 
 6.30957344e+03  3.34854004e+02  6.30957344e+03 -2.71009146e+01 
 6.81292069e+03  3.34493096e+02  6.81292069e+03 -2.92313765e+01 
 7.35642254e+03  3.34073288e+02  7.35642254e+03 -3.15237281e+01 
 7.94328235e+03  3.33585156e+02  7.94328235e+03 -3.39888376e+01 
 8.57695899e+03  3.33017832e+02  8.57695899e+03 -3.66379303e+01 
 9.26118728e+03  3.32358812e+02  9.26118728e+03 -3.94824934e+01 
 1.00000000e+04  3.31593734e+02  1.00000000e+04 -4.25341463e+01 
 1.07977516e+04  3.30706150e+02  1.07977516e+04 -4.58044661e+01 
 1.16591440e+04  3.29677281e+02  1.16591440e+04 -4.93047608e+01 
 1.25892541e+04  3.28485756e+02  1.25892541e+04 -5.30457774e+01 
 1.35935639e+04  3.27107362e+02  1.35935639e+04 -5.70373341e+01 
 1.46779927e+04  3.25514796e+02  1.46779927e+04 -6.12878622e+01 
 1.58489319e+04  3.23677458e+02  1.58489319e+04 -6.58038464e+01 
 1.71132830e+04  3.21561277e+02  1.71132830e+04 -7.05891495e+01 
 1.84784980e+04  3.19128641e+02  1.84784980e+04 -7.56442123e+01 
 1.99526231e+04  3.16338428e+02  1.99526231e+04 -8.09651247e+01 
 2.15443469e+04  3.13146219e+02  2.15443469e+04 -8.65425693e+01 
 2.32630507e+04  3.09504719e+02  2.32630507e+04 -9.23606541e+01 
 2.51188643e+04  3.05364470e+02  2.51188643e+04 -9.83956657e+01 
 2.71227258e+04  3.00674904e+02  2.71227258e+04 -1.04614797e+02 
 2.92864456e+04  2.95385806e+02  2.92864456e+04 -1.10974931e+02 
 3.16227766e+04  2.89449225e+02  3.16227766e+04 -1.17421593e+02 
 3.41454887e+04  2.82821849e+02  3.41454887e+04 -1.23888219e+02 
 3.68694506e+04  2.75467836e+02  3.68694506e+04 -1.30295909e+02 
 3.98107171e+04  2.67361989e+02  3.98107171e+04 -1.36553850e+02 
 4.29866235e+04  2.58493142e+02  4.29866235e+04 -1.42560612e+02 
 4.64158883e+04  2.48867486e+02  4.64158883e+04 -1.48206438e+02 
 5.01187234e+04  2.38511535e+02  5.01187234e+04 -1.53376625e+02 
 5.41169527e+04  2.27474334e+02  5.41169527e+04 -1.57955948e+02 
 5.84341413e+04  2.15828531e+02  5.84341413e+04 -1.61833947e+02 
 6.30957344e+04  2.03669964e+02  6.30957344e+04 -1.64910726e+02 
 6.81292069e+04  1.91115547e+02  6.81292069e+04 -1.67102789e+02 
 7.35642254e+04  1.78299428e+02  7.35642254e+04 -1.68348318e+02 
 7.94328235e+04  1.65367610e+02  7.94328235e+04 -1.68611312e+02 
 8.57695899e+04  1.52471449e+02  8.57695899e+04 -1.67884087e+02 
 9.26118728e+04  1.39760644e+02  9.26118728e+04 -1.66187818e+02 
 1.00000000e+05  1.27376382e+02  1.00000000e+05 -1.63571052e+02 
 1.07977516e+05  1.15445303e+02  1.07977516e+05 -1.60106388e+02 
 1.16591440e+05  1.04074795e+02  1.16591440e+05 -1.55885730e+02 
 1.25892541e+05  9.33499619e+01  1.25892541e+05 -1.51014672e+02 
 1.35935639e+05  8.33323189e+01  1.35935639e+05 -1.45606612e+02 
 1.46779927e+05  7.40601173e+01  1.46779927e+05 -1.39777143e+02 
 1.58489319e+05  6.55499957e+01  1.58489319e+05 -1.33639134e+02 
 1.71132830e+05  5.77995929e+01  1.71132830e+05 -1.27298784e+02 
 1.84784980e+05  5.07907284e+01  1.84784980e+05 -1.20852759e+02 
 1.99526231e+05  4.44927919e+01  1.99526231e+05 -1.14386379e+02 
 2.15443469e+05  3.88660557e+01  2.15443469e+05 -1.07972758e+02 
 2.32630507e+05  3.38647037e+01  2.32630507e+05 -1.01672718e+02 
 2.51188643e+05  2.94394528e+01  2.51188643e+05 -9.55352839e+01 
 2.71227258e+05  2.55397129e+01  2.71227258e+05 -8.95985857e+01 
 2.92864456e+05  2.21152820e+01  2.92864456e+05 -8.38910024e+01 
 3.16227766e+05  1.91176092e+01  3.16227766e+05 -7.84324149e+01 
 3.41454887e+05  1.65006802e+01  3.41454887e+05 -7.32354754e+01 
 3.68694506e+05  1.42215859e+01  3.68694506e+05 -6.83068220e+01 
 3.98107171e+05  1.22408387e+01  3.98107171e+05 -6.36481967e+01 
 4.29866235e+05  1.05224935e+01  4.29866235e+05 -5.92574431e+01 
 4.64158883e+05  9.03412565e+00  4.64158883e+05 -5.51293747e+01 
 5.01187234e+05  7.74670692e+00  5.01187234e+05 -5.12565148e+01 
 5.41169527e+05  6.63441528e+00  5.41169527e+05 -4.76297170e+01 
 5.84341413e+05  5.67440423e+00  5.84341413e+05 -4.42386747e+01 
 6.30957344e+05  4.84655193e+00  6.30957344e+05 -4.10723358e+01 
 6.81292069e+05  4.13320478e+00  6.81292069e+05 -3.81192329e+01 
 7.35642254e+05  3.51892558e+00  7.35642254e+05 -3.53677431e+01 
 7.94328235e+05  2.99025306e+00  7.94328235e+05 -3.28062895e+01 
 8.57695899e+05  2.53547702e+00  8.57695899e+05 -3.04234929e+01 
 9.26118728e+05  2.14443129e+00  9.26118728e+05 -2.82082845e+01 
 1.00000000e+06  1.80830557e+00  1.00000000e+06 -2.61499866e+01 
 1.07977516e+06  1.51947591e+00  1.07977516e+06 -2.42383675e+01 
 1.16591440e+06  1.27135342e+00  1.16591440e+06 -2.24636763e+01 
 1.25892541e+06  1.05824993e+00  1.25892541e+06 -2.08166626e+01 
 1.35935639e+06  8.75259464e-01  1.35935639e+06 -1.92885826e+01 
 1.46779927e+06  7.18154094e-01  1.46779927e+06 -1.78711981e+01 
 1.58489319e+06  5.83292710e-01  1.58489319e+06 -1.65567666e+01 
 1.71132830e+06  4.67541455e-01  1.71132830e+06 -1.53380277e+01 
 1.84784980e+06  3.68204435e-01  1.84784980e+06 -1.42081859e+01 
 1.99526231e+06  2.82963546e-01  1.99526231e+06 -1.31608902e+01 
 2.15443469e+06  2.09826310e-01  2.15443469e+06 -1.21902131e+01 
 2.32630507e+06  1.47080722e-01  2.32630507e+06 -1.12906288e+01 
 2.51188643e+06  9.32562242e-02  2.51188643e+06 -1.04569901e+01 
 2.71227258e+06  4.70900150e-02  2.71227258e+06 -9.68450714e+00 
 2.92864456e+06  7.49798745e-03  2.92864456e+06 -8.96872505e+00 
 3.16227766e+06 -2.64503075e-02  3.16227766e+06 -8.30550312e+00 
 3.41454887e+06 -5.55532199e-02  3.41454887e+06 -7.69099448e+00 
 3.68694506e+06 -8.04955494e-02  3.68694506e+06 -7.12162673e+00 
 3.98107171e+06 -1.01864492e-01  3.98107171e+06 -6.59408346e+00 
 4.29866235e+06 -1.20163345e-01  4.29866235e+06 -6.10528685e+00 
 4.64158883e+06 -1.35823270e-01  4.64158883e+06 -5.65238115e+00 
 5.01187234e+06 -1.49213392e-01  5.01187234e+06 -5.23271721e+00 
 5.41169527e+06 -1.60649456e-01  5.41169527e+06 -4.84383793e+00 
 5.84341413e+06 -1.70401243e-01  5.84341413e+06 -4.48346465e+00 
 6.30957344e+06 -1.78698917e-01  6.30957344e+06 -4.14948441e+00 
 6.81292069e+06 -1.85738453e-01  6.81292069e+06 -3.83993811e+00 
 7.35642254e+06 -1.91686269e-01  7.35642254e+06 -3.55300943e+00 
 7.94328235e+06 -1.96683171e-01  7.94328235e+06 -3.28701455e+00 
 8.57695899e+06 -2.00847715e-01  8.57695899e+06 -3.04039262e+00 
 9.26118728e+06 -2.04279054e-01  9.26118728e+06 -2.81169690e+00 
 1.00000000e+07 -2.07059355e-01  1.00000000e+07 -2.59958657e+00 
 1.07977516e+07 -2.09255835e-01  1.07977516e+07 -2.40281917e+00 
 1.16591440e+07 -2.10922489e-01  1.16591440e+07 -2.22024365e+00 
 1.25892541e+07 -2.12101539e-01  1.25892541e+07 -2.05079396e+00 
 1.35935639e+07 -2.12824677e-01  1.35935639e+07 -1.89348319e+00 
 1.46779927e+07 -2.13114119e-01  1.46779927e+07 -1.74739829e+00 
 1.58489319e+07 -2.12983545e-01  1.58489319e+07 -1.61169515e+00 
 1.71132830e+07 -2.12438941e-01  1.71132830e+07 -1.48559431e+00 
 1.84784980e+07 -2.11479418e-01  1.84784980e+07 -1.36837699e+00 
 1.99526231e+07 -2.10098040e-01  1.99526231e+07 -1.25938161e+00 
 2.15443469e+07 -2.08282722e-01  2.15443469e+07 -1.15800068e+00 
 2.32630507e+07 -2.06017256e-01  2.32630507e+07 -1.06367796e+00 
 2.51188643e+07 -2.03282509e-01  2.51188643e+07 -9.75905998e-01 
 2.71227258e+07 -2.00057852e-01  2.71227258e+07 -8.94223736e-01 
 2.92864456e+07 -1.96322842e-01  2.92864456e+07 -8.18214301e-01 
 3.16227766e+07 -1.92059181e-01  3.16227766e+07 -7.47502704e-01 
 3.41454887e+07 -1.87252918e-01  3.41454887e+07 -6.81753394e-01 
 3.68694506e+07 -1.81896828e-01  3.68694506e+07 -6.20667493e-01 
 3.98107171e+07 -1.75992862e-01  3.98107171e+07 -5.63979591e-01 
 4.29866235e+07 -1.69554462e-01  4.29866235e+07 -5.11453993e-01 
 4.64158883e+07 -1.62608538e-01  4.64158883e+07 -4.62880391e-01 
 5.01187234e+07 -1.55196832e-01  5.01187234e+07 -4.18068992e-01 
 5.41169527e+07 -1.47376431e-01  5.41169527e+07 -3.76845255e-01 
 5.84341413e+07 -1.39219200e-01  5.84341413e+07 -3.39044501e-01 
 6.30957344e+07 -1.30810056e-01  6.30957344e+07 -3.04506723e-01 
 6.81292069e+07 -1.22244079e-01  6.81292069e+07 -2.73072002e-01 
 7.35642254e+07 -1.13622675e-01  7.35642254e+07 -2.44576895e-01 
 7.94328235e+07 -1.05049093e-01  7.94328235e+07 -2.18852100e-01 
 8.57695899e+07 -9.66237353e-02  8.57695899e+07 -1.95721541e-01 
 9.26118728e+07 -8.84397190e-02  9.26118728e+07 -1.75002871e-01 
 1.00000000e+08 -8.05791078e-02  1.00000000e+08 -1.56509197e-01 
 1.07977516e+08 -7.31101232e-02  1.07977516e+08 -1.40051710e-01 
 1.16591440e+08 -6.60855027e-02  1.16591440e+08 -1.25442826e-01 
 1.25892541e+08 -5.95420108e-02  1.25892541e+08 -1.12499441e-01 
 1.35935639e+08 -5.35009824e-02  1.35935639e+08 -1.01045948e-01 
 1.46779927e+08 -4.79696818e-02  1.46779927e+08 -9.09167606e-02 
 1.58489319e+08 -4.29432179e-02  1.58489319e+08 -8.19581954e-02 
 1.71132830e+08 -3.84067576e-02  1.71132830e+08 -7.40296654e-02 
 1.84784980e+08 -3.43378112e-02  1.84784980e+08 -6.70042168e-02 
 1.99526231e+08 -3.07084124e-02  1.99526231e+08 -6.07685008e-02 
 2.15443469e+08 -2.74870757e-02  2.15443469e+08 -5.52222963e-02 
 2.32630507e+08 -2.46404631e-02  2.32630507e+08 -5.02777100e-02 
 2.51188643e+08 -2.21347356e-02  2.51188643e+08 -4.58581695e-02 
 2.71227258e+08 -1.99365979e-02  2.71227258e+08 -4.18973107e-02 
 2.92864456e+08 -1.80140629e-02  2.92864456e+08 -3.83378360e-02 
 3.16227766e+08 -1.63369750e-02  3.16227766e+08 -3.51304011e-02 
 3.41454887e+08 -1.48773352e-02  3.41454887e+08 -3.22325694e-02 
 3.68694506e+08 -1.36094686e-02  3.68694506e+08 -2.96078562e-02 
 3.98107171e+08 -1.25100730e-02  3.98107171e+08 -2.72248728e-02 
 4.29866235e+08 -1.15581805e-02  4.29866235e+08 -2.50565742e-02 
 4.64158883e+08 -1.07350589e-02  4.64158883e+08 -2.30796060e-02 
 5.01187234e+08 -1.00240748e-02  5.01187234e+08 -2.12737433e-02 
 5.41169527e+08 -9.41053384e-03  5.41169527e+08 -1.96214124e-02 
 5.84341413e+08 -8.88151133e-03  5.84341413e+08 -1.81072872e-02 
 6.30957344e+08 -8.42568108e-03  6.30957344e+08 -1.67179477e-02 
 6.81292069e+08 -8.03314901e-03  6.81292069e+08 -1.54415949e-02 
 7.35642254e+08 -7.69529537e-03  7.35642254e+08 -1.42678108e-02 
 7.94328235e+08 -7.40462791e-03  7.94328235e+08 -1.31873589e-02 
 8.57695899e+08 -7.15464715e-03  8.57695899e+08 -1.21920161e-02 
 9.26118728e+08 -6.93972430e-03  9.26118728e+08 -1.12744330e-02 
 1.00000000e+09 -6.75499150e-03  1.00000000e+09 -1.04280165e-02 
 1.07977516e+09 -6.59624398e-03  1.07977516e+09 -9.64683139e-03 
 1.16591440e+09 -6.45985336e-03  1.16591440e+09 -8.92551719e-03 
 1.25892541e+09 -6.34269124e-03  1.25892541e+09 -8.25921847e-03 
 1.35935639e+09 -6.24206214e-03  1.35935639e+09 -7.64352539e-03 
 1.46779927e+09 -6.15564488e-03  1.46779927e+09 -7.07442318e-03 
 1.58489319e+09 -6.08144151e-03  1.58489319e+09 -6.54824902e-03 
 1.71132830e+09 -6.01773296e-03  1.71132830e+09 -6.06165483e-03 
 1.84784980e+09 -5.96304059e-03  1.84784980e+09 -5.61157514e-03 
 1.99526231e+09 -5.91609287e-03  1.99526231e+09 -5.19519917e-03 
 2.15443469e+09 -5.87579665e-03  2.15443469e+09 -4.80994633e-03 
 2.32630507e+09 -5.84121233e-03  2.32630507e+09 -4.45344476e-03 
 2.51188643e+09 -5.81153242e-03  2.51188643e+09 -4.12351229e-03 
 2.71227258e+09 -5.78606314e-03  2.71227258e+09 -3.81813956e-03 
 2.92864456e+09 -5.76420843e-03  2.92864456e+09 -3.53547495e-03 
 3.16227766e+09 -5.74545636e-03  3.16227766e+09 -3.27381108e-03 
 3.41454887e+09 -5.72936722e-03  3.41454887e+09 -3.03157268e-03 
 3.68694506e+09 -5.71556347e-03  3.68694506e+09 -2.80730561e-03 
 3.98107171e+09 -5.70372092e-03  3.98107171e+09 -2.59966701e-03 
 4.29866235e+09 -5.69356129e-03  4.29866235e+09 -2.40741627e-03 
 4.64158883e+09 -5.68484569e-03  4.64158883e+09 -2.22940690e-03 
 5.01187234e+09 -5.67736905e-03  5.01187234e+09 -2.06457905e-03 
 5.41169527e+09 -5.67095542e-03  5.41169527e+09 -1.91195273e-03 
 5.84341413e+09 -5.66545376e-03  5.84341413e+09 -1.77062161e-03 
 6.30957344e+09 -5.66073447e-03  6.30957344e+09 -1.63974731e-03 
 6.81292069e+09 -5.65668638e-03  6.81292069e+09 -1.51855417e-03 
 7.35642254e+09 -5.65321405e-03  7.35642254e+09 -1.40632448e-03 
 7.94328235e+09 -5.65023564e-03  7.94328235e+09 -1.30239405e-03 
 8.57695899e+09 -5.64768091e-03  8.57695899e+09 -1.20614817e-03 
 9.26118728e+09 -5.64548961e-03  9.26118728e+09 -1.11701785e-03 
 1.00000000e+10 -5.64361005e-03  1.00000000e+10 -1.03447640e-03 
