 1.00000000e+00  3.35434288e+02  1.00000000e+00 -6.81075048e-03 
 1.07977516e+00  3.35434288e+02  1.07977516e+00 -7.35407920e-03 
 1.16591440e+00  3.35434288e+02  1.16591440e+00 -7.94075206e-03 
 1.25892541e+00  3.35434288e+02  1.25892541e+00 -8.57422685e-03 
 1.35935639e+00  3.35434288e+02  1.35935639e+00 -9.25823718e-03 
 1.46779927e+00  3.35434288e+02  1.46779927e+00 -9.99681456e-03 
 1.58489319e+00  3.35434288e+02  1.58489319e+00 -1.07943121e-02 
 1.71132830e+00  3.35434288e+02  1.71132830e+00 -1.16554301e-02 
 1.84784980e+00  3.35434288e+02  1.84784980e+00 -1.25852439e-02 
 1.99526231e+00  3.35434288e+02  1.99526231e+00 -1.35892337e-02 
 2.15443469e+00  3.35434288e+02  2.15443469e+00 -1.46733171e-02 
 2.32630507e+00  3.35434288e+02  2.32630507e+00 -1.58438833e-02 
 2.51188643e+00  3.35434287e+02  2.51188643e+00 -1.71078317e-02 
 2.71227258e+00  3.35434287e+02  2.71227258e+00 -1.84726117e-02 
 2.92864456e+00  3.35434287e+02  2.92864456e+00 -1.99462673e-02 
 3.16227766e+00  3.35434287e+02  3.16227766e+00 -2.15374840e-02 
 3.41454887e+00  3.35434287e+02  3.41454887e+00 -2.32556403e-02 
 3.68694506e+00  3.35434286e+02  3.68694506e+00 -2.51108627e-02 
 3.98107171e+00  3.35434286e+02  3.98107171e+00 -2.71140859e-02 
 4.29866235e+00  3.35434286e+02  4.29866235e+00 -2.92771164e-02 
 4.64158883e+00  3.35434285e+02  4.64158883e+00 -3.16127031e-02 
 5.01187234e+00  3.35434285e+02  5.01187234e+00 -3.41346116e-02 
 5.41169527e+00  3.35434284e+02  5.41169527e+00 -3.68577057e-02 
 5.84341413e+00  3.35434284e+02  5.84341413e+00 -3.97980351e-02 
 6.30957344e+00  3.35434283e+02  6.30957344e+00 -4.29729297e-02 
 6.81292069e+00  3.35434282e+02  6.81292069e+00 -4.64011020e-02 
 7.35642254e+00  3.35434281e+02  7.35642254e+00 -5.01027573e-02 
 7.94328235e+00  3.35434280e+02  7.94328235e+00 -5.40997127e-02 
 8.57695899e+00  3.35434278e+02  8.57695899e+00 -5.84155258e-02 
 9.26118728e+00  3.35434276e+02  9.26118728e+00 -6.30756335e-02 
 1.00000000e+01  3.35434274e+02  1.00000000e+01 -6.81075020e-02 
 1.07977516e+01  3.35434272e+02  1.07977516e+01 -7.35407885e-02 
 1.16591440e+01  3.35434269e+02  1.16591440e+01 -7.94075162e-02 
 1.25892541e+01  3.35434266e+02  1.25892541e+01 -8.57422629e-02 
 1.35935639e+01  3.35434263e+02  1.35935639e+01 -9.25823649e-02 
 1.46779927e+01  3.35434258e+02  1.46779927e+01 -9.99681368e-02 
 1.58489319e+01  3.35434254e+02  1.58489319e+01 -1.07943110e-01 
 1.71132830e+01  3.35434248e+02  1.71132830e+01 -1.16554287e-01 
 1.84784980e+01  3.35434241e+02  1.84784980e+01 -1.25852421e-01 
 1.99526231e+01  3.35434233e+02  1.99526231e+01 -1.35892315e-01 
 2.15443469e+01  3.35434224e+02  2.15443469e+01 -1.46733143e-01 
 2.32630507e+01  3.35434213e+02  2.32630507e+01 -1.58438798e-01 
 2.51188643e+01  3.35434201e+02  2.51188643e+01 -1.71078273e-01 
 2.71227258e+01  3.35434187e+02  2.71227258e+01 -1.84726062e-01 
 2.92864456e+01  3.35434170e+02  2.92864456e+01 -1.99462603e-01 
 3.16227766e+01  3.35434150e+02  3.16227766e+01 -2.15374752e-01 
 3.41454887e+01  3.35434127e+02  3.41454887e+01 -2.32556292e-01 
 3.68694506e+01  3.35434100e+02  3.68694506e+01 -2.51108488e-01 
 3.98107171e+01  3.35434069e+02  3.98107171e+01 -2.71140683e-01 
 4.29866235e+01  3.35434033e+02  4.29866235e+01 -2.92770944e-01 
 4.64158883e+01  3.35433991e+02  4.64158883e+01 -3.16126753e-01 
 5.01187234e+01  3.35433941e+02  5.01187234e+01 -3.41345766e-01 
 5.41169527e+01  3.35433884e+02  5.41169527e+01 -3.68576617e-01 
 5.84341413e+01  3.35433816e+02  5.84341413e+01 -3.97979797e-01 
 6.30957344e+01  3.35433738e+02  6.30957344e+01 -4.29728599e-01 
 6.81292069e+01  3.35433647e+02  6.81292069e+01 -4.64010142e-01 
 7.35642254e+01  3.35433540e+02  7.35642254e+01 -5.01026467e-01 
 7.94328235e+01  3.35433416e+02  7.94328235e+01 -5.40995735e-01 
 8.57695899e+01  3.35433272e+02  8.57695899e+01 -5.84153506e-01 
 9.26118728e+01  3.35433103e+02  9.26118728e+01 -6.30754129e-01 
 1.00000000e+02  3.35432906e+02  1.00000000e+02 -6.81072243e-01 
 1.07977516e+02  3.35432677e+02  1.07977516e+02 -7.35404390e-01 
 1.16591440e+02  3.35432410e+02  1.16591440e+02 -7.94070762e-01 
 1.25892541e+02  3.35432098e+02  1.25892541e+02 -8.57417089e-01 
 1.35935639e+02  3.35431734e+02  1.35935639e+02 -9.25816674e-01 
 1.46779927e+02  3.35431311e+02  1.46779927e+02 -9.99672588e-01 
 1.58489319e+02  3.35430817e+02  1.58489319e+02 -1.07942004e+00 
 1.71132830e+02  3.35430241e+02  1.71132830e+02 -1.16552895e+00 
 1.84784980e+02  3.35429569e+02  1.84784980e+02 -1.25850669e+00 
 1.99526231e+02  3.35428786e+02  1.99526231e+02 -1.35890110e+00 
 2.15443469e+02  3.35427873e+02  2.15443469e+02 -1.46730366e+00 
 2.32630507e+02  3.35426809e+02  2.32630507e+02 -1.58435303e+00 
 2.51188643e+02  3.35425568e+02  2.51188643e+02 -1.71073872e+00 
 2.71227258e+02  3.35424121e+02  2.71227258e+02 -1.84720522e+00 
 2.92864456e+02  3.35422435e+02  2.92864456e+02 -1.99455629e+00 
 3.16227766e+02  3.35420468e+02  3.16227766e+02 -2.15365972e+00 
 3.41454887e+02  3.35418175e+02  3.41454887e+02 -2.32545239e+00 
 3.68694506e+02  3.35415502e+02  3.68694506e+02 -2.51094573e+00 
 3.98107171e+02  3.35412385e+02  3.98107171e+02 -2.71123166e+00 
 4.29866235e+02  3.35408751e+02  4.29866235e+02 -2.92748890e+00 
 4.64158883e+02  3.35404515e+02  4.64158883e+02 -3.16098990e+00 
 5.01187234e+02  3.35399576e+02  5.01187234e+02 -3.41310815e+00 
 5.41169527e+02  3.35393817e+02  5.41169527e+02 -3.68532617e+00 
 5.84341413e+02  3.35387103e+02  5.84341413e+02 -3.97924405e+00 
 6.30957344e+02  3.35379276e+02  6.30957344e+02 -4.29658867e+00 
 6.81292069e+02  3.35370150e+02  6.81292069e+02 -4.63922356e+00 
 7.35642254e+02  3.35359511e+02  7.35642254e+02 -5.00915955e+00 
 7.94328235e+02  3.35347108e+02  7.94328235e+02 -5.40856614e+00 
 8.57695899e+02  3.35332647e+02  8.57695899e+02 -5.83978371e+00 
 9.26118728e+02  3.35315790e+02  9.26118728e+02 -6.30533659e+00 
 1.00000000e+03  3.35296137e+02  1.00000000e+03 -6.80794703e+00 
 1.07977516e+03  3.35273227e+02  1.07977516e+03 -7.35055012e+00 
 1.16591440e+03  3.35246519e+02  1.16591440e+03 -7.93630956e+00 
 1.25892541e+03  3.35215386e+02  1.25892541e+03 -8.56863459e+00 
 1.35935639e+03  3.35179095e+02  1.35935639e+03 -9.25119771e+00 
 1.46779927e+03  3.35136792e+02  1.46779927e+03 -9.98795350e+00 
 1.58489319e+03  3.35087484e+02  1.58489319e+03 -1.07831583e+01 
 1.71132830e+03  3.35030014e+02  1.71132830e+03 -1.16413907e+01 
 1.84784980e+03  3.34963033e+02  1.84784980e+03 -1.25675729e+01 
 1.99526231e+03  3.34884973e+02  1.99526231e+03 -1.35669925e+01 
 2.15443469e+03  3.34794007e+02  2.15443469e+03 -1.46453246e+01 
 2.32630507e+03  3.34688012e+02  2.32630507e+03 -1.58086540e+01 
 2.51188643e+03  3.34564515e+02  2.51188643e+03 -1.70634970e+01 
 2.71227258e+03  3.34420643e+02  2.71227258e+03 -1.84168216e+01 
 2.92864456e+03  3.34253056e+02  2.92864456e+03 -1.98760669e+01 
 3.16227766e+03  3.34057876e+02  3.16227766e+03 -2.14491586e+01 
 3.41454887e+03  3.33830601e+02  3.41454887e+03 -2.31445207e+01 
 3.68694506e+03  3.33566007e+02  3.68694506e+03 -2.49710823e+01 
 3.98107171e+03  3.33258043e+02  3.98107171e+03 -2.69382751e+01 
 4.29866235e+03  3.32899699e+02  4.29866235e+03 -2.90560217e+01 
 4.64158883e+03  3.32482872e+02  4.64158883e+03 -3.13347096e+01 
 5.01187234e+03  3.31998203e+02  5.01187234e+03 -3.37851484e+01 
 5.41169527e+03  3.31434900e+02  5.41169527e+03 -3.64185036e+01 
 5.84341413e+03  3.30780545e+02  5.84341413e+03 -3.92462034e+01 
 6.30957344e+03  3.30020875e+02  6.30957344e+03 -4.22798094e+01 
 6.81292069e+03  3.29139557e+02  6.81292069e+03 -4.55308441e+01 
 7.35642254e+03  3.28117937e+02  7.35642254e+03 -4.90105661e+01 
 7.94328235e+03  3.26934790e+02  7.94328235e+03 -5.27296806e+01 
 8.57695899e+03  3.25566064e+02  8.57695899e+03 -5.66979741e+01 
 9.26118728e+03  3.23984638e+02  9.26118728e+03 -6.09238611e+01 
 1.00000000e+04  3.22160108e+02  1.00000000e+04 -6.54138273e+01 
 1.07977516e+04  3.20058626e+02  1.07977516e+04 -7.01717605e+01 
 1.16591440e+04  3.17642812e+02  1.16591440e+04 -7.51981559e+01 
 1.25892541e+04  3.14871798e+02  1.25892541e+04 -8.04891933e+01 
 1.35935639e+04  3.11701426e+02  1.35935639e+04 -8.60356883e+01 
 1.46779927e+04  3.08084672e+02  1.46779927e+04 -9.18219318e+01 
 1.58489319e+04  3.03972343e+02  1.58489319e+04 -9.78244499e+01 
 1.71132830e+04  2.99314128e+02  1.71132830e+04 -1.04010738e+02 
 1.84784980e+04  2.94060039e+02  1.84784980e+04 -1.10338049e+02 
 1.99526231e+04  2.88162309e+02  1.99526231e+04 -1.16752348e+02 
 2.15443469e+04  2.81577752e+02  2.15443469e+04 -1.23187577e+02 
 2.32630507e+04  2.74270570e+02  2.32630507e+04 -1.29565399e+02 
 2.51188643e+04  2.66215509e+02  2.51188643e+04 -1.35795615e+02 
 2.71227258e+04  2.57401228e+02  2.71227258e+04 -1.41777433e+02 
 2.92864456e+04  2.47833612e+02  2.92864456e+04 -1.47401731e+02 
 3.16227766e+04  2.37538729e+02  3.16227766e+04 -1.52554412e+02 
 3.41454887e+04  2.26565043e+02  3.41454887e+04 -1.57120786e+02 
 3.68694506e+04  2.14984500e+02  3.68694506e+04 -1.60990823e+02 
 3.98107171e+04  2.02892141e+02  3.98107171e+04 -1.64064918e+02 
 4.29866235e+04  1.90404024e+02  4.29866235e+04 -1.66259705e+02 
 4.64158883e+04  1.77653424e+02  4.64158883e+04 -1.67513316e+02 
 5.01187234e+04  1.64785499e+02  5.01187234e+04 -1.67789527e+02 
 5.41169527e+04  1.51950837e+02  5.41169527e+04 -1.67080269e+02 
 5.84341413e+04  1.39298480e+02  5.84341413e+04 -1.65406197e+02 
 6.30957344e+04  1.26969095e+02  6.30957344e+04 -1.62815241e+02 
 6.81292069e+04  1.15088950e+02  6.81292069e+04 -1.59379322e+02 
 7.35642254e+04  1.03765218e+02  7.35642254e+04 -1.55189652e+02 
 7.94328235e+04  9.30829242e+01  7.94328235e+04 -1.50351150e+02 
 8.57695899e+04  8.31036305e+01  8.57695899e+04 -1.44976588e+02 
 9.26118728e+04  7.38657316e+01  9.26118728e+04 -1.39180997e+02 
 1.00000000e+05  6.53860838e+01  1.00000000e+05 -1.33076766e+02 
 1.07977516e+05  5.76625936e+01  1.07977516e+05 -1.26769694e+02 
 1.16591440e+05  5.06773765e+01  1.16591440e+05 -1.20356130e+02 
 1.25892541e+05  4.44001295e+01  1.25892541e+05 -1.13921151e+02 
 1.35935639e+05  3.87914300e+01  1.35935639e+05 -1.07537694e+02 
 1.46779927e+05  3.38057550e+01  1.46779927e+05 -1.01266459e+02 
 1.58489319e+05  2.93940969e+01  1.58489319e+05 -9.51563998e+01 
 1.71132830e+05  2.55061188e+01  1.71132830e+05 -8.92456112e+01 
 1.84784980e+05  2.20918486e+01  1.84784980e+05 -8.35624669e+01 
 1.99526231e+05  1.91029417e+01  1.99526231e+05 -7.81268658e+01 
 2.15443469e+05  1.64935669e+01  2.15443469e+05 -7.29514951e+01 
 2.32630507e+05  1.42209770e+01  2.32630507e+05 -6.80430402e+01 
 2.51188643e+05  1.22458263e+01  2.51188643e+05 -6.34032990e+01 
 2.71227258e+05  1.05322936e+01  2.71227258e+05 -5.90301762e+01 
 2.92864456e+05  9.04806218e+00  2.92864456e+05 -5.49185493e+01 
 3.16227766e+05  7.76419734e+00  3.16227766e+05 -5.10610075e+01 
 3.41454887e+05  6.65495812e+00  3.41454887e+05 -4.74484696e+01 
 3.68694506e+05  5.69756807e+00  3.68694506e+05 -4.40706936e+01 
 3.98107171e+05  4.87196578e+00  3.98107171e+05 -4.09166900e+01 
 4.29866235e+05  4.16054976e+00  4.29866235e+05 -3.79750517e+01 
 4.64158883e+05  3.54792767e+00  4.64158883e+05 -3.52342140e+01 
 5.01187234e+05  3.02067685e+00  5.01187234e+05 -3.26826547e+01 
 5.41169527e+05  2.56712027e+00  5.41169527e+05 -3.03090471e+01 
 5.84341413e+05  2.17712031e+00  5.84341413e+05 -2.81023716e+01 
 6.30957344e+05  1.84189113e+00  6.30957344e+05 -2.60519970e+01 
 6.81292069e+05  1.55382984e+00  6.81292069e+05 -2.41477352e+01 
 7.35642254e+05  1.30636556e+00  7.35642254e+05 -2.23798765e+01 
 7.94328235e+05  1.09382561e+00  7.94328235e+05 -2.07392085e+01 
 8.57695899e+05  9.11317260e-01  8.57695899e+05 -1.92170236e+01 
 9.26118728e+05  7.54623919e-01  9.26118728e+05 -1.78051170e+01 
 1.00000000e+06  6.20114182e-01  1.00000000e+06 -1.64957774e+01 
 1.07977516e+06  5.04662473e-01  1.07977516e+06 -1.52817740e+01 
 1.16591440e+06  4.05579955e-01  1.16591440e+06 -1.41563382e+01 
 1.25892541e+06  3.20554524e-01  1.25892541e+06 -1.31131447e+01 
 1.35935639e+06  2.47598782e-01  1.35935639e+06 -1.21462898e+01 
 1.46779927e+06  1.85005006e-01  1.46779927e+06 -1.12502696e+01 
 1.58489319e+06  1.31306221e-01  1.58489319e+06 -1.04199581e+01 
 1.71132830e+06  8.52425937e-02  1.71132830e+06 -9.65058443e+00 
 1.84784980e+06  4.57324429e-02  1.84784980e+06 -8.93771198e+00 
 1.99526231e+06  1.18472581e-02  1.99526231e+06 -8.27721697e+00 
 2.15443469e+06 -1.72098116e-02  2.15443469e+06 -7.66526841e+00 
 2.32630507e+06 -4.21224707e-02  2.32630507e+06 -7.09830877e+00 
 2.51188643e+06 -6.34771969e-02  2.51188643e+06 -6.57303564e+00 
 2.71227258e+06 -8.17769260e-02  2.71227258e+06 -6.08638432e+00 
 2.92864456e+06 -9.74528070e-02  2.92864456e+06 -5.63551141e+00 
 3.16227766e+06 -1.10874295e-01  3.16227766e+06 -5.21777940e+00 
 3.41454887e+06 -1.22357812e-01  3.41454887e+06 -4.83074216e+00 
 3.68694506e+06 -1.32174174e-01  3.68694506e+06 -4.47213136e+00 
 3.98107171e+06 -1.40554954e-01  3.98107171e+06 -4.13984382e+00 
 4.29866235e+06 -1.47697932e-01  4.29866235e+06 -3.83192960e+00 
 4.64158883e+06 -1.53771755e-01  4.64158883e+06 -3.54658105e+00 
 5.01187234e+06 -1.58919919e-01  5.01187234e+06 -3.28212243e+00 
 5.41169527e+06 -1.63264165e-01  5.41169527e+06 -3.03700045e+00 
 5.84341413e+06 -1.66907369e-01  5.84341413e+06 -2.80977533e+00 
 6.30957344e+06 -1.69936000e-01  6.30957344e+06 -2.59911259e+00 
 6.81292069e+06 -1.72422201e-01  6.81292069e+06 -2.40377546e+00 
 7.35642254e+06 -1.74425549e-01  7.35642254e+06 -2.22261775e+00 
 7.94328235e+06 -1.75994538e-01  7.94328235e+06 -2.05457743e+00 
 8.57695899e+06 -1.77167828e-01  8.57695899e+06 -1.89867058e+00 
 9.26118728e+06 -1.77975295e-01  9.26118728e+06 -1.75398590e+00 
 1.00000000e+07 -1.78438917e-01  1.00000000e+07 -1.61967967e+00 
 1.07977516e+07 -1.78573535e-01  1.07977516e+07 -1.49497115e+00 
 1.16591440e+07 -1.78387514e-01  1.16591440e+07 -1.37913841e+00 
 1.25892541e+07 -1.77883340e-01  1.25892541e+07 -1.27151453e+00 
 1.35935639e+07 -1.77058199e-01  1.35935639e+07 -1.17148423e+00 
 1.46779927e+07 -1.75904567e-01  1.46779927e+07 -1.07848083e+00 
 1.58489319e+07 -1.74410851e-01  1.58489319e+07 -9.91983538e-01 
 1.71132830e+07 -1.72562138e-01  1.71132830e+07 -9.11515023e-01 
 1.84784980e+07 -1.70341080e-01  1.84784980e+07 -8.36639258e-01 
 1.99526231e+07 -1.67728965e-01  1.99526231e+07 -7.66959519e-01 
 2.15443469e+07 -1.64707005e-01  2.15443469e+07 -7.02116497e-01 
 2.32630507e+07 -1.61257851e-01  2.32630507e+07 -6.41786416e-01 
 2.51188643e+07 -1.57367331e-01  2.51188643e+07 -5.85679049e-01 
 2.71227258e+07 -1.53026364e-01  2.71227258e+07 -5.33535516e-01 
 2.92864456e+07 -1.48232971e-01  2.92864456e+07 -4.85125745e-01 
 3.16227766e+07 -1.42994238e-01  3.16227766e+07 -4.40245509e-01 
 3.41454887e+07 -1.37328059e-01  3.41454887e+07 -3.98712977e-01 
 3.68694506e+07 -1.31264454e-01  3.68694506e+07 -3.60364797e-01 
 3.98107171e+07 -1.24846239e-01  3.98107171e+07 -3.25051812e-01 
 4.29866235e+07 -1.18128857e-01  4.29866235e+07 -2.92634571e-01 
 4.64158883e+07 -1.11179256e-01  4.64158883e+07 -2.62978920e-01 
 5.01187234e+07 -1.04073789e-01  5.01187234e+07 -2.35951984e-01 
 5.41169527e+07 -9.68952512e-02  5.41169527e+07 -2.11418856e-01 
 5.84341413e+07 -8.97292864e-02  5.84341413e+07 -1.89240281e-01 
 6.30957344e+07 -8.26604910e-02  6.30957344e+07 -1.69271494e-01 
 6.81292069e+07 -7.57686071e-02  6.81292069e+07 -1.51362256e-01 
 7.35642254e+07 -6.91251617e-02  7.35642254e+07 -1.35357975e-01 
 7.94328235e+07 -6.27908506e-02  7.94328235e+07 -1.21101682e-01 
 8.57695899e+07 -5.68138442e-02  8.57695899e+07 -1.08436534e-01 
 9.26118728e+07 -5.12290661e-02  9.26118728e+07 -9.72085348e-02 
 1.00000000e+08 -4.60583746e-02  1.00000000e+08 -8.72691324e-02 
 1.07977516e+08 -4.13114891e-02  1.07977516e+08 -7.84774769e-02 
 1.16591440e+08 -3.69874531e-02  1.16591440e+08 -7.07021723e-02 
 1.25892541e+08 -3.30764161e-02  1.25892541e+08 -6.38224590e-02 
 1.35935639e+08 -2.95615321e-02  1.35935639e+08 -5.77288362e-02 
 1.46779927e+08 -2.64208162e-02  1.46779927e+08 -5.23231841e-02 
 1.58489319e+08 -2.36288427e-02  1.58489319e+08 -4.75184792e-02 
 1.71132830e+08 -2.11582153e-02  1.71132830e+08 -4.32382060e-02 
 1.84784980e+08 -1.89807799e-02  1.84784980e+08 -3.94155664e-02 
 1.99526231e+08 -1.70685755e-02  1.99526231e+08 -3.59925743e-02 
 2.15443469e+08 -1.53945452e-02  2.15443469e+08 -3.29191073e-02 
 2.32630507e+08 -1.39330339e-02  2.32630507e+08 -3.01519675e-02 
 2.51188643e+08 -1.26601094e-02  2.51188643e+08 -2.76539902e-02 
 2.71227258e+08 -1.15537416e-02  2.71227258e+08 -2.53932215e-02 
 2.92864456e+08 -1.05938724e-02  2.92864456e+08 -2.33421779e-02 
 3.16227766e+08 -9.76240460e-03  3.16227766e+08 -2.14771917e-02 
 3.41454887e+08 -9.04313456e-03  3.41454887e+08 -1.97778399e-02 
 3.68694506e+08 -8.42164672e-03  3.68694506e+08 -1.82264527e-02 
 3.98107171e+08 -7.88518567e-03  3.98107171e+08 -1.68076934e-02 
 4.29866235e+08 -7.42251670e-03  4.29866235e+08 -1.55082024e-02 
 4.64158883e+08 -7.02378305e-03  4.64158883e+08 -1.43162969e-02 
 5.01187234e+08 -6.68036566e-03  5.01187234e+08 -1.32217183e-02 
 5.41169527e+08 -6.38474908e-03  5.41169527e+08 -1.22154212e-02 
 5.84341413e+08 -6.13039604e-03  5.84341413e+08 -1.12893960e-02 
 6.30957344e+08 -5.91163184e-03  6.30957344e+08 -1.04365217e-02 
 6.81292069e+08 -5.72353926e-03  6.81292069e+08 -9.65044129e-03 
 7.35642254e+08 -5.56186378e-03  7.35642254e+08 -8.92545901e-03 
 7.94328235e+08 -5.42292893e-03  7.94328235e+08 -8.25645287e-03 
 8.57695899e+08 -5.30356117e-03  8.57695899e+08 -7.63880182e-03 
 9.26118728e+08 -5.20102346e-03  9.26118728e+08 -7.06832404e-03 
 1.00000000e+09 -5.11295703e-03  1.00000000e+09 -6.54122474e-03 
 1.07977516e+09 -5.03733031e-03  1.07977516e+09 -6.05405180e-03 
 1.16591440e+09 -4.97239441e-03  1.16591440e+09 -5.60365787e-03 
 1.25892541e+09 -4.91664448e-03  1.25892541e+09 -5.18716776e-03 
 1.35935639e+09 -4.86878602e-03  1.35935639e+09 -4.80195040e-03 
 1.46779927e+09 -4.82770588e-03  1.46779927e+09 -4.44559441e-03 
 1.58489319e+09 -4.79244707e-03  1.58489319e+09 -4.11588675e-03 
 1.71132830e+09 -4.76218703e-03  1.71132830e+09 -3.81079408e-03 
 1.84784980e+09 -4.73621893e-03  1.84784980e+09 -3.52844622e-03 
 1.99526231e+09 -4.71393544e-03  1.99526231e+09 -3.26712151e-03 
 2.15443469e+09 -4.69481487e-03  2.15443469e+09 -3.02523376e-03 
 2.32630507e+09 -4.67840912e-03  2.32630507e+09 -2.80132062e-03 
 2.51188643e+09 -4.66433339e-03  2.51188643e+09 -2.59403308e-03 
 2.71227258e+09 -4.65225725e-03  2.71227258e+09 -2.40212602e-03 
 2.92864456e+09 -4.64189702e-03  2.92864456e+09 -2.22444974e-03 
 3.16227766e+09 -4.63300918e-03  3.16227766e+09 -2.05994215e-03 
 3.41454887e+09 -4.62538468e-03  3.41454887e+09 -1.90762183e-03 
 3.68694506e+09 -4.61884412e-03  3.68694506e+09 -1.76658158e-03 
 3.98107171e+09 -4.61323352e-03  3.98107171e+09 -1.63598261e-03 
 4.29866235e+09 -4.60842074e-03  4.29866235e+09 -1.51504920e-03 
 4.64158883e+09 -4.60429241e-03  4.64158883e+09 -1.40306382e-03 
 5.01187234e+09 -4.60075124e-03  5.01187234e+09 -1.29936265e-03 
 5.41169527e+09 -4.59771375e-03  5.41169527e+09 -1.20333148e-03 
 5.84341413e+09 -4.59510833e-03  5.84341413e+09 -1.11440191e-03 
 6.30957344e+09 -4.59287355e-03  6.30957344e+09 -1.03204788e-03 
 6.81292069e+09 -4.59095669e-03  6.81292069e+09 -9.55782512e-04 
 7.35642254e+09 -4.58931253e-03  7.35642254e+09 -8.85155083e-04 
 7.94328235e+09 -4.58790229e-03  7.94328235e+09 -8.19748369e-04 
 8.57695899e+09 -4.58669270e-03  8.57695899e+09 -7.59176110e-04 
 9.26118728e+09 -4.58565521e-03  9.26118728e+09 -7.03080693e-04 
 1.00000000e+10 -4.58476534e-03  1.00000000e+10 -6.51131017e-04 
