 1.00000000e+00  3.30990873e+02  1.00000000e+00 -5.96538895e-03 
 1.07977516e+00  3.30990873e+02  1.07977516e+00 -6.44127883e-03 
 1.16591440e+00  3.30990873e+02  1.16591440e+00 -6.95513289e-03 
 1.25892541e+00  3.30990873e+02  1.25892541e+00 -7.50997974e-03 
 1.35935639e+00  3.30990873e+02  1.35935639e+00 -8.10908960e-03 
 1.46779927e+00  3.30990873e+02  1.46779927e+00 -8.75599353e-03 
 1.58489319e+00  3.30990873e+02  1.58489319e+00 -9.45450434e-03 
 1.71132830e+00  3.30990873e+02  1.71132830e+00 -1.02087390e-02 
 1.84784980e+00  3.30990873e+02  1.84784980e+00 -1.10231428e-02 
 1.99526231e+00  3.30990873e+02  1.99526231e+00 -1.19025158e-02 
 2.15443469e+00  3.30990873e+02  2.15443469e+00 -1.28520409e-02 
 2.32630507e+00  3.30990873e+02  2.32630507e+00 -1.38773145e-02 
 2.51188643e+00  3.30990873e+02  2.51188643e+00 -1.49843795e-02 
 2.71227258e+00  3.30990873e+02  2.71227258e+00 -1.61797609e-02 
 2.92864456e+00  3.30990872e+02  2.92864456e+00 -1.74705039e-02 
 3.16227766e+00  3.30990872e+02  3.16227766e+00 -1.88642162e-02 
 3.41454887e+00  3.30990872e+02  3.41454887e+00 -2.03691121e-02 
 3.68694506e+00  3.30990872e+02  3.68694506e+00 -2.19940613e-02 
 3.98107171e+00  3.30990872e+02  3.98107171e+00 -2.37486411e-02 
 4.29866235e+00  3.30990871e+02  4.29866235e+00 -2.56431927e-02 
 4.64158883e+00  3.30990871e+02  4.64158883e+00 -2.76888826e-02 
 5.01187234e+00  3.30990871e+02  5.01187234e+00 -2.98977676e-02 
 5.41169527e+00  3.30990870e+02  5.41169527e+00 -3.22828669e-02 
 5.84341413e+00  3.30990870e+02  5.84341413e+00 -3.48582378e-02 
 6.30957344e+00  3.30990869e+02  6.30957344e+00 -3.76390593e-02 
 6.81292069e+00  3.30990868e+02  6.81292069e+00 -4.06417212e-02 
 7.35642254e+00  3.30990868e+02  7.35642254e+00 -4.38839210e-02 
 7.94328235e+00  3.30990867e+02  7.94328235e+00 -4.73847678e-02 
 8.57695899e+00  3.30990865e+02  8.57695899e+00 -5.11648952e-02 
 9.26118728e+00  3.30990864e+02  9.26118728e+00 -5.52465828e-02 
 1.00000000e+01  3.30990863e+02  1.00000000e+01 -5.96538876e-02 
 1.07977516e+01  3.30990861e+02  1.07977516e+01 -6.44127858e-02 
 1.16591440e+01  3.30990859e+02  1.16591440e+01 -6.95513259e-02 
 1.25892541e+01  3.30990856e+02  1.25892541e+01 -7.50997936e-02 
 1.35935639e+01  3.30990853e+02  1.35935639e+01 -8.10908912e-02 
 1.46779927e+01  3.30990850e+02  1.46779927e+01 -8.75599293e-02 
 1.58489319e+01  3.30990846e+02  1.58489319e+01 -9.45450358e-02 
 1.71132830e+01  3.30990842e+02  1.71132830e+01 -1.02087380e-01 
 1.84784980e+01  3.30990837e+02  1.84784980e+01 -1.10231416e-01 
 1.99526231e+01  3.30990831e+02  1.99526231e+01 -1.19025142e-01 
 2.15443469e+01  3.30990823e+02  2.15443469e+01 -1.28520390e-01 
 2.32630507e+01  3.30990815e+02  2.32630507e+01 -1.38773121e-01 
 2.51188643e+01  3.30990806e+02  2.51188643e+01 -1.49843765e-01 
 2.71227258e+01  3.30990794e+02  2.71227258e+01 -1.61797570e-01 
 2.92864456e+01  3.30990781e+02  2.92864456e+01 -1.74704991e-01 
 3.16227766e+01  3.30990766e+02  3.16227766e+01 -1.88642101e-01 
 3.41454887e+01  3.30990748e+02  3.41454887e+01 -2.03691044e-01 
 3.68694506e+01  3.30990727e+02  3.68694506e+01 -2.19940517e-01 
 3.98107171e+01  3.30990703e+02  3.98107171e+01 -2.37486290e-01 
 4.29866235e+01  3.30990675e+02  4.29866235e+01 -2.56431775e-01 
 4.64158883e+01  3.30990642e+02  4.64158883e+01 -2.76888634e-01 
 5.01187234e+01  3.30990603e+02  5.01187234e+01 -2.98977435e-01 
 5.41169527e+01  3.30990559e+02  5.41169527e+01 -3.22828365e-01 
 5.84341413e+01  3.30990506e+02  5.84341413e+01 -3.48581995e-01 
 6.30957344e+01  3.30990446e+02  6.30957344e+01 -3.76390111e-01 
 6.81292069e+01  3.30990375e+02  6.81292069e+01 -4.06416607e-01 
 7.35642254e+01  3.30990292e+02  7.35642254e+01 -4.38838448e-01 
 7.94328235e+01  3.30990195e+02  7.94328235e+01 -4.73846718e-01 
 8.57695899e+01  3.30990083e+02  8.57695899e+01 -5.11647743e-01 
 9.26118728e+01  3.30989952e+02  9.26118728e+01 -5.52464306e-01 
 1.00000000e+02  3.30989799e+02  1.00000000e+02 -5.96536961e-01 
 1.07977516e+02  3.30989621e+02  1.07977516e+02 -6.44125447e-01 
 1.16591440e+02  3.30989413e+02  1.16591440e+02 -6.95510223e-01 
 1.25892541e+02  3.30989171e+02  1.25892541e+02 -7.50994114e-01 
 1.35935639e+02  3.30988888e+02  1.35935639e+02 -8.10904100e-01 
 1.46779927e+02  3.30988559e+02  1.46779927e+02 -8.75593235e-01 
 1.58489319e+02  3.30988175e+02  1.58489319e+02 -9.45442732e-01 
 1.71132830e+02  3.30987727e+02  1.71132830e+02 -1.02086420e+00 
 1.84784980e+02  3.30987205e+02  1.84784980e+02 -1.10230207e+00 
 1.99526231e+02  3.30986596e+02  1.99526231e+02 -1.19023621e+00 
 2.15443469e+02  3.30985887e+02  2.15443469e+02 -1.28518474e+00 
 2.32630507e+02  3.30985059e+02  2.32630507e+02 -1.38770710e+00 
 2.51188643e+02  3.30984095e+02  2.51188643e+02 -1.49840729e+00 
 2.71227258e+02  3.30982970e+02  2.71227258e+02 -1.61793748e+00 
 2.92864456e+02  3.30981659e+02  2.92864456e+02 -1.74700179e+00 
 3.16227766e+02  3.30980130e+02  3.16227766e+02 -1.88636044e+00 
 3.41454887e+02  3.30978348e+02  3.41454887e+02 -2.03683419e+00 
 3.68694506e+02  3.30976270e+02  3.68694506e+02 -2.19930917e+00 
 3.98107171e+02  3.30973847e+02  3.98107171e+02 -2.37474204e+00 
 4.29866235e+02  3.30971022e+02  4.29866235e+02 -2.56416560e+00 
 4.64158883e+02  3.30967729e+02  4.64158883e+02 -2.76869480e+00 
 5.01187234e+02  3.30963889e+02  5.01187234e+02 -2.98953322e+00 
 5.41169527e+02  3.30959412e+02  5.41169527e+02 -3.22798008e+00 
 5.84341413e+02  3.30954193e+02  5.84341413e+02 -3.48543779e+00 
 6.30957344e+02  3.30948108e+02  6.30957344e+02 -3.76342001e+00 
 6.81292069e+02  3.30941013e+02  6.81292069e+02 -4.06356040e+00 
 7.35642254e+02  3.30932742e+02  7.35642254e+02 -4.38762201e+00 
 7.94328235e+02  3.30923099e+02  7.94328235e+02 -4.73750732e+00 
 8.57695899e+02  3.30911858e+02  8.57695899e+02 -5.11526908e+00 
 9.26118728e+02  3.30898751e+02  9.26118728e+02 -5.52312190e+00 
 1.00000000e+03  3.30883472e+02  1.00000000e+03 -5.96345466e+00 
 1.07977516e+03  3.30865659e+02  1.07977516e+03 -6.43884383e+00 
 1.16591440e+03  3.30844893e+02  1.16591440e+03 -6.95206760e+00 
 1.25892541e+03  3.30820686e+02  1.25892541e+03 -7.50612106e+00 
 1.35935639e+03  3.30792466e+02  1.35935639e+03 -8.10423221e+00 
 1.46779927e+03  3.30759570e+02  1.46779927e+03 -8.74987906e+00 
 1.58489319e+03  3.30721225e+02  1.58489319e+03 -9.44680756e+00 
 1.71132830e+03  3.30676529e+02  1.71132830e+03 -1.01990506e+01 
 1.84784980e+03  3.30624433e+02  1.84784980e+03 -1.10109478e+01 
 1.99526231e+03  3.30563713e+02  1.99526231e+03 -1.18871660e+01 
 2.15443469e+03  3.30492948e+02  2.15443469e+03 -1.28327208e+01 
 2.32630507e+03  3.30410480e+02  2.32630507e+03 -1.38529980e+01 
 2.51188643e+03  3.30314381e+02  2.51188643e+03 -1.49537758e+01 
 2.71227258e+03  3.30202408e+02  2.71227258e+03 -1.61412461e+01 
 2.92864456e+03  3.30071953e+02  2.92864456e+03 -1.74220358e+01 
 3.16227766e+03  3.29919984e+02  3.16227766e+03 -1.88032265e+01 
 3.41454887e+03  3.29742977e+02  3.41454887e+03 -2.02923718e+01 
 3.68694506e+03  3.29536842e+02  3.68694506e+03 -2.18975113e+01 
 3.98107171e+03  3.29296831e+02  3.98107171e+03 -2.36271804e+01 
 4.29866235e+03  3.29017440e+02  4.29866235e+03 -2.54904124e+01 
 4.64158883e+03  3.28692291e+02  4.64158883e+03 -2.74967335e+01 
 5.01187234e+03  3.28314005e+02  5.01187234e+03 -2.96561445e+01 
 5.41169527e+03  3.27874053e+02  5.41169527e+03 -3.19790887e+01 
 5.84341413e+03  3.27362593e+02  5.84341413e+03 -3.44763998e+01 
 6.30957344e+03  3.26768283e+02  6.30957344e+03 -3.71592258e+01 
 6.81292069e+03  3.26078085e+02  6.81292069e+03 -4.00389217e+01 
 7.35642254e+03  3.25277044e+02  7.35642254e+03 -4.31269043e+01 
 7.94328235e+03  3.24348050e+02  7.94328235e+03 -4.64344601e+01 
 8.57695899e+03  3.23271595e+02  8.57695899e+03 -4.99724963e+01 
 9.26118728e+03  3.22025521e+02  9.26118728e+03 -5.37512236e+01 
 1.00000000e+04  3.20584772e+02  1.00000000e+04 -5.77797582e+01 
 1.07977516e+04  3.18921163e+02  1.07977516e+04 -6.20656313e+01 
 1.16591440e+04  3.17003191e+02  1.16591440e+04 -6.66141907e+01 
 1.25892541e+04  3.14795904e+02  1.25892541e+04 -7.14278868e+01 
 1.35935639e+04  3.12260866e+02  1.35935639e+04 -7.65054324e+01 
 1.46779927e+04  3.09356264e+02  1.46779927e+04 -8.18408353e+01 
 1.58489319e+04  3.06037192e+02  1.58489319e+04 -8.74223115e+01 
 1.71132830e+04  3.02256185e+02  1.71132830e+04 -9.32311004e+01 
 1.84784980e+04  2.97964055e+02  1.84784980e+04 -9.92402209e+01 
 1.99526231e+04  2.93111089e+02  1.99526231e+04 -1.05413235e+02 
 2.15443469e+04  2.87648672e+02  2.15443469e+04 -1.11703109e+02 
 2.32630507e+04  2.81531363e+02  2.32630507e+04 -1.18051299e+02 
 2.51188643e+04  2.74719421e+02  2.51188643e+04 -1.24387214e+02 
 2.71227258e+04  2.67181749e+02  2.71227258e+04 -1.30628234e+02 
 2.92864456e+04  2.58899123e+02  2.92864456e+04 -1.36680479e+02 
 3.16227766e+04  2.49867529e+02  3.16227766e+04 -1.42440477e+02 
 3.41454887e+04  2.40101316e+02  3.41454887e+04 -1.47797881e+02 
 3.68694506e+04  2.29635841e+02  3.68694506e+04 -1.52639236e+02 
 3.98107171e+04  2.18529196e+02  3.98107171e+04 -1.56852723e+02 
 4.29866235e+04  2.06862675e+02  4.29866235e+04 -1.60333618e+02 
 4.64158883e+04  1.94739665e+02  4.64158883e+04 -1.62990067e+02 
 5.01187234e+04  1.82282826e+02  5.01187234e+04 -1.64748653e+02 
 5.41169527e+04  1.69629637e+02  5.41169527e+04 -1.65559168e+02 
 5.84341413e+04  1.56926570e+02  5.84341413e+04 -1.65398037e+02 
 6.30957344e+04  1.44322417e+02  6.30957344e+04 -1.64269968e+02 
 6.81292069e+04  1.31961386e+02  6.81292069e+04 -1.62207621e+02 
 7.35642254e+04  1.19976640e+02  7.35642254e+04 -1.59269333e+02 
 7.94328235e+04  1.08484882e+02  7.94328235e+04 -1.55535197e+02 
 8.57695899e+04  9.75824186e+01  8.57695899e+04 -1.51101963e+02 
 9.26118728e+04  8.73429120e+01  9.26118728e+04 -1.46077334e+02 
 1.00000000e+05  7.78168153e+01  1.00000000e+05 -1.40574246e+02 
 1.07977516e+05  6.90322928e+01  1.07977516e+05 -1.34705606e+02 
 1.16591440e+05  6.09972957e+01  1.16591440e+05 -1.28579852e+02 
 1.25892541e+05  5.37024145e+01  1.25892541e+05 -1.22297533e+02 
 1.35935639e+05  4.71241303e+01  1.35935639e+05 -1.15948942e+02 
 1.46779927e+05  4.12281409e+01  1.46779927e+05 -1.09612763e+02 
 1.58489319e+05  3.59725137e+01  1.58489319e+05 -1.03355574e+02 
 1.71132830e+05  3.13104989e+01  1.71132830e+05 -9.72320319e+01 
 1.84784980e+05  2.71929119e+01  1.84784980e+05 -9.12855496e+01 
 1.99526231e+05  2.35700559e+01  1.99526231e+05 -8.55493043e+01 
 2.15443469e+05  2.03931984e+01  2.15443469e+05 -8.00474190e+01 
 2.32630507e+05  1.76156449e+01  2.32630507e+05 -7.47962109e+01 
 2.51188643e+05  1.51934668e+01  2.51188643e+05 -6.98054210e+01 
 2.71227258e+05  1.30859455e+01  2.71227258e+05 -6.50793702e+01 
 2.92864456e+05  1.12557944e+01  2.92864456e+05 -6.06180082e+01 
 3.16227766e+05  9.66921093e+00  3.16227766e+05 -5.64178392e+01 
 3.41454887e+05  8.29580734e+00  3.41454887e+05 -5.24727191e+01 
 3.68694506e+05  7.10845750e+00  3.68694506e+05 -4.87745316e+01 
 3.98107171e+05  6.08308992e+00  3.98107171e+05 -4.53137479e+01 
 4.29866235e+05  5.19845068e+00  4.29866235e+05 -4.20798864e+01 
 4.64158883e+05  4.43585325e+00  4.64158883e+05 -3.90618821e+01 
 5.01187234e+05  3.77892756e+00  5.01187234e+05 -3.62483798e+01 
 5.41169527e+05  3.21337688e+00  5.41169527e+05 -3.36279633e+01 
 5.84341413e+05  2.72674784e+00  5.84341413e+05 -3.11893311e+01 
 6.30957344e+05  2.30821696e+00  6.30957344e+05 -2.89214275e+01 
 6.81292069e+05  1.94839528e+00  6.81292069e+05 -2.68135395e+01 
 7.35642254e+05  1.63915147e+00  7.35642254e+05 -2.48553642e+01 
 7.94328235e+05  1.37345318e+00  7.94328235e+05 -2.30370532e+01 
 8.57695899e+05  1.14522579e+00  8.57695899e+05 -2.13492405e+01 
 9.26118728e+05  9.49227329e-01  9.26118728e+05 -1.97830555e+01 
 1.00000000e+06  7.80938276e-01  1.00000000e+06 -1.83301255e+01 
 1.07977516e+06  6.36464966e-01  1.07977516e+06 -1.69825709e+01 
 1.16591440e+06  5.12455071e-01  1.16591440e+06 -1.57329938e+01 
 1.25892541e+06  4.06023955e-01  1.25892541e+06 -1.45744626e+01 
 1.35935639e+06  3.14690627e-01  1.35935639e+06 -1.35004939e+01 
 1.46779927e+06  2.36322158e-01  1.46779927e+06 -1.25050322e+01 
 1.58489319e+06  1.69085534e-01  1.58489319e+06 -1.15824285e+01 
 1.71132830e+06  1.11406004e-01  1.71132830e+06 -1.07274188e+01 
 1.84784980e+06  6.19311041e-02  1.84784980e+06 -9.93510168e+00 
 1.99526231e+06  1.94996078e-02  1.99526231e+06 -9.20091715e+00 
 2.15443469e+06 -1.68852391e-02  2.15443469e+06 -8.52062531e+00 
 2.32630507e+06 -4.80787730e-02  2.32630507e+06 -7.89028606e+00 
 2.51188643e+06 -7.48147549e-02  2.51188643e+06 -7.30623957e+00 
 2.71227258e+06 -9.77224366e-02  2.71227258e+06 -6.76508760e+00 
 2.92864456e+06 -1.17341228e-01  2.92864456e+06 -6.26367582e+00 
 3.16227766e+06 -1.34133298e-01  3.16227766e+06 -5.79907708e+00 
 3.41454887e+06 -1.48494383e-01  3.41454887e+06 -5.36857565e+00 
 3.68694506e+06 -1.60763067e-01  3.68694506e+06 -4.96965243e+00 
 3.98107171e+06 -1.71228725e-01  3.98107171e+06 -4.59997102e+00 
 4.29866235e+06 -1.80138330e-01  4.29866235e+06 -4.25736481e+00 
 4.64158883e+06 -1.87702270e-01  4.64158883e+06 -3.93982477e+00 
 5.01187234e+06 -1.94099316e-01  5.01187234e+06 -3.64548823e+00 
 5.41169527e+06 -1.99480863e-01  5.41169527e+06 -3.37262829e+00 
 5.84341413e+06 -2.03974534e-01  5.84341413e+06 -3.11964413e+00 
 6.30957344e+06 -2.07687240e-01  6.30957344e+06 -2.88505188e+00 
 6.81292069e+06 -2.10707780e-01  6.81292069e+06 -2.66747627e+00 
 7.35642254e+06 -2.13109037e-01  7.35642254e+06 -2.46564290e+00 
 7.94328235e+06 -2.14949831e-01  7.94328235e+06 -2.27837104e+00 
 8.57695899e+06 -2.16276489e-01  8.57695899e+06 -2.10456715e+00 
 9.26118728e+06 -2.17124178e-01  9.26118728e+06 -1.94321882e+00 
 1.00000000e+07 -2.17518049e-01  1.00000000e+07 -1.79338932e+00 
 1.07977516e+07 -2.17474235e-01  1.07977516e+07 -1.65421261e+00 
 1.16591440e+07 -2.17000762e-01  1.16591440e+07 -1.52488889e+00 
 1.25892541e+07 -2.16098413e-01  1.25892541e+07 -1.40468055e+00 
 1.35935639e+07 -2.14761591e-01  1.35935639e+07 -1.29290854e+00 
 1.46779927e+07 -2.12979263e-01  1.46779927e+07 -1.18894920e+00 
 1.58489319e+07 -2.10736006e-01  1.58489319e+07 -1.09223136e+00 
 1.71132830e+07 -2.08013233e-01  1.71132830e+07 -1.00223375e+00 
 1.84784980e+07 -2.04790652e-01  1.84784980e+07 -9.18482607e-01 
 1.99526231e+07 -2.01047963e-01  1.99526231e+07 -8.40549356e-01 
 2.15443469e+07 -1.96766850e-01  2.15443469e+07 -7.68048298e-01 
 2.32630507e+07 -1.91933211e-01  2.32630507e+07 -7.00634114e-01 
 2.51188643e+07 -1.86539579e-01  2.51188643e+07 -6.37999069e-01 
 2.71227258e+07 -1.80587609e-01  2.71227258e+07 -5.79869770e-01 
 2.92864456e+07 -1.74090458e-01  2.92864456e+07 -5.26003384e-01 
 3.16227766e+07 -1.67074817e-01  3.16227766e+07 -4.76183260e-01 
 3.41454887e+07 -1.59582352e-01  3.41454887e+07 -4.30214005e-01 
 3.68694506e+07 -1.51670275e-01  3.68694506e+07 -3.87916148e-01 
 3.98107171e+07 -1.43410851e-01  3.98107171e+07 -3.49120656e-01 
 4.29866235e+07 -1.34889703e-01  4.29866235e+07 -3.13663632e-01 
 4.64158883e+07 -1.26202964e-01  4.64158883e+07 -2.81381613e-01 
 5.01187234e+07 -1.17453416e-01  5.01187234e+07 -2.52107827e-01 
 5.41169527e+07 -1.08745973e-01  5.41169527e+07 -2.25669731e-01 
 5.84341413e+07 -1.00182924e-01  5.84341413e+07 -2.01887999e-01 
 6.30957344e+07 -9.18593962e-02  6.30957344e+07 -1.80576940e-01 
 6.81292069e+07 -8.38594842e-02  6.81292069e+07 -1.61546187e-01 
 7.35642254e+07 -7.62533554e-02  7.35642254e+07 -1.44603314e-01 
 7.94328235e+07 -6.90955150e-02  7.94328235e+07 -1.29557006e-01 
 8.57695899e+07 -6.24242452e-02  8.57695899e+07 -1.16220360e-01 
 9.26118728e+07 -5.62621028e-02  9.26118728e+07 -1.04413969e-01 
 1.00000000e+08 -5.06172576e-02  1.00000000e+08 -9.39685132e-02 
 1.07977516e+08 -4.54854131e-02  1.07977516e+08 -8.47267072e-02 
 1.16591440e+08 -4.08520429e-02  1.16591440e+08 -7.65445494e-02 
 1.25892541e+08 -3.66947121e-02  1.25892541e+08 -6.92919007e-02 
 1.35935639e+08 -3.29853017e-02  1.35935639e+08 -6.28524829e-02 
 1.46779927e+08 -2.96920108e-02  1.46779927e+08 -5.71234149e-02 
 1.58489319e+08 -2.67810676e-02  1.58489319e+08 -5.20144134e-02 
 1.71132830e+08 -2.42181200e-02  1.71132830e+08 -4.74467787e-02 
 1.84784980e+08 -2.19693137e-02  1.84784980e+08 -4.33522660e-02 
 1.99526231e+08 -2.00020846e-02  1.99526231e+08 -3.96719251e-02 
 2.15443469e+08 -1.82857029e-02  2.15443469e+08 -3.63549653e-02 
 2.32630507e+08 -1.67916139e-02  2.32630507e+08 -3.33576877e-02 
 2.51188643e+08 -1.54936164e-02  2.51188643e+08 -3.06425074e-02 
 2.71227258e+08 -1.43679186e-02  2.71227258e+08 -2.81770773e-02 
 2.92864456e+08 -1.33931031e-02  2.92864456e+08 -2.59335170e-02 
 3.16227766e+08 -1.25500300e-02  3.16227766e+08 -2.38877424e-02 
 3.41454887e+08 -1.18217000e-02  3.41454887e+08 -2.20188895e-02 
 3.68694506e+08 -1.11930927e-02  3.68694506e+08 -2.03088236e-02 
 3.98107171e+08 -1.06509947e-02  3.98107171e+08 -1.87417234e-02 
 4.29866235e+08 -1.01838261e-02  4.29866235e+08 -1.73037306e-02 
 4.64158883e+08 -9.78146995e-03  4.64158883e+08 -1.59826559e-02 
 5.01187234e+08 -9.43511189e-03  5.01187234e+08 -1.47677330e-02 
 5.41169527e+08 -9.13708958e-03  5.41169527e+08 -1.36494120e-02 
 5.84341413e+08 -8.88075500e-03  5.84341413e+08 -1.26191882e-02 
 6.30957344e+08 -8.66034956e-03  6.30957344e+08 -1.16694575e-02 
 6.81292069e+08 -8.47089182e-03  6.81292069e+08 -1.07933962e-02 
 7.35642254e+08 -8.30807750e-03  7.35642254e+08 -9.98485982e-03 
 7.94328235e+08 -8.16819098e-03  7.94328235e+08 -9.23829815e-03 
 8.57695899e+08 -8.04802736e-03  8.57695899e+08 -8.54868315e-03 
 9.26118728e+08 -7.94482407e-03  9.26118728e+08 -7.91144812e-03 
 1.00000000e+09 -7.85620126e-03  1.00000000e+09 -7.32243558e-03 
 1.07977516e+09 -7.78010974e-03  1.07977516e+09 -6.77785278e-03 
 1.16591440e+09 -7.71478582e-03  1.16591440e+09 -6.27423320e-03 
 1.25892541e+09 -7.65871211e-03  1.25892541e+09 -5.80840332e-03 
 1.35935639e+09 -7.61058356e-03  1.35935639e+09 -5.37745361e-03 
 1.46779927e+09 -7.56927811e-03  1.46779927e+09 -4.97871312e-03 
 1.58489319e+09 -7.53383127e-03  1.58489319e+09 -4.60972715e-03 
 1.71132830e+09 -7.50341420e-03  1.71132830e+09 -4.26823747e-03 
 1.84784980e+09 -7.47731482e-03  1.84784980e+09 -3.95216482e-03 
 1.99526231e+09 -7.45492144e-03  1.99526231e+09 -3.65959322e-03 
 2.15443469e+09 -7.43570875e-03  2.15443469e+09 -3.38875597e-03 
 2.32630507e+09 -7.41922567e-03  2.32630507e+09 -3.13802306e-03 
 2.51188643e+09 -7.40508489e-03  2.51188643e+09 -2.90588986e-03 
 2.71227258e+09 -7.39295396e-03  2.71227258e+09 -2.69096682e-03 
 2.92864456e+09 -7.38254750e-03  2.92864456e+09 -2.49197017e-03 
 3.16227766e+09 -7.37362059e-03  3.16227766e+09 -2.30771352e-03 
 3.41454887e+09 -7.36596302e-03  3.41454887e+09 -2.13710009e-03 
 3.68694506e+09 -7.35939442e-03  3.68694506e+09 -1.97911573e-03 
 3.98107171e+09 -7.35376002e-03  3.98107171e+09 -1.83282249e-03 
 4.29866235e+09 -7.34892702e-03  4.29866235e+09 -1.69735271e-03 
 4.64158883e+09 -7.34478148e-03  4.64158883e+09 -1.57190363e-03 
 5.01187234e+09 -7.34122565e-03  5.01187234e+09 -1.45573244e-03 
 5.41169527e+09 -7.33817568e-03  5.41169527e+09 -1.34815171e-03 
 5.84341413e+09 -7.33555960e-03  5.84341413e+09 -1.24852523e-03 
 6.30957344e+09 -7.33331572e-03  6.30957344e+09 -1.15626406e-03 
 6.81292069e+09 -7.33139109e-03  6.81292069e+09 -1.07082308e-03 
 7.35642254e+09 -7.32974029e-03  7.35642254e+09 -9.91697614e-04 
 7.94328235e+09 -7.32832438e-03  7.94328235e+09 -9.18420442e-04 
 8.57695899e+09 -7.32710993e-03  8.57695899e+09 -8.50558991e-04 
 9.26118728e+09 -7.32606828e-03  9.26118728e+09 -7.87712747e-04 
 1.00000000e+10 -7.32517485e-03  1.00000000e+10 -7.29510870e-04 
