 1.00000000e+00  1.95296486e+02  1.00000000e+00 -1.64580897e-02 
 1.07977516e+00  1.95296485e+02  1.07977516e+00 -1.77710365e-02 
 1.16591440e+00  1.95296485e+02  1.16591440e+00 -1.91887238e-02 
 1.25892541e+00  1.95296485e+02  1.25892541e+00 -2.07195073e-02 
 1.35935639e+00  1.95296484e+02  1.35935639e+00 -2.23724093e-02 
 1.46779927e+00  1.95296484e+02  1.46779927e+00 -2.41571719e-02 
 1.58489319e+00  1.95296484e+02  1.58489319e+00 -2.60843141e-02 
 1.71132830e+00  1.95296483e+02  1.71132830e+00 -2.81651944e-02 
 1.84784980e+00  1.95296482e+02  1.84784980e+00 -3.04120773e-02 
 1.99526231e+00  1.95296481e+02  1.99526231e+00 -3.28382056e-02 
 2.15443469e+00  1.95296481e+02  2.15443469e+00 -3.54578786e-02 
 2.32630507e+00  1.95296480e+02  2.32630507e+00 -3.82865364e-02 
 2.51188643e+00  1.95296478e+02  2.51188643e+00 -4.13408508e-02 
 2.71227258e+00  1.95296477e+02  2.71227258e+00 -4.46388235e-02 
 2.92864456e+00  1.95296475e+02  2.92864456e+00 -4.81998925e-02 
 3.16227766e+00  1.95296473e+02  3.16227766e+00 -5.20450462e-02 
 3.41454887e+00  1.95296471e+02  3.41454887e+00 -5.61969476e-02 
 3.68694506e+00  1.95296468e+02  3.68694506e+00 -6.06800673e-02 
 3.98107171e+00  1.95296465e+02  3.98107171e+00 -6.55208285e-02 
 4.29866235e+00  1.95296461e+02  4.29866235e+00 -7.07477619e-02 
 4.64158883e+00  1.95296457e+02  4.64158883e+00 -7.63916745e-02 
 5.01187234e+00  1.95296452e+02  5.01187234e+00 -8.24858306e-02 
 5.41169527e+00  1.95296446e+02  5.41169527e+00 -8.90661485e-02 
 5.84341413e+00  1.95296440e+02  5.84341413e+00 -9.61714116e-02 
 6.30957344e+00  1.95296432e+02  6.30957344e+00 -1.03843497e-01 
 6.81292069e+00  1.95296423e+02  6.81292069e+00 -1.12127624e-01 
 7.35642254e+00  1.95296412e+02  7.35642254e+00 -1.21072617e-01 
 7.94328235e+00  1.95296400e+02  7.94328235e+00 -1.30731196e-01 
 8.57695899e+00  1.95296385e+02  8.57695899e+00 -1.41160288e-01 
 9.26118728e+00  1.95296368e+02  9.26118728e+00 -1.52421360e-01 
 1.00000000e+01  1.95296348e+02  1.00000000e+01 -1.64580782e-01 
 1.07977516e+01  1.95296325e+02  1.07977516e+01 -1.77710220e-01 
 1.16591440e+01  1.95296299e+02  1.16591440e+01 -1.91887055e-01 
 1.25892541e+01  1.95296267e+02  1.25892541e+01 -2.07194843e-01 
 1.35935639e+01  1.95296231e+02  1.35935639e+01 -2.23723803e-01 
 1.46779927e+01  1.95296188e+02  1.46779927e+01 -2.41571353e-01 
 1.58489319e+01  1.95296139e+02  1.58489319e+01 -2.60842681e-01 
 1.71132830e+01  1.95296081e+02  1.71132830e+01 -2.81651365e-01 
 1.84784980e+01  1.95296014e+02  1.84784980e+01 -3.04120044e-01 
 1.99526231e+01  1.95295935e+02  1.99526231e+01 -3.28381138e-01 
 2.15443469e+01  1.95295844e+02  2.15443469e+01 -3.54577630e-01 
 2.32630507e+01  1.95295737e+02  2.32630507e+01 -3.82863909e-01 
 2.51188643e+01  1.95295613e+02  2.51188643e+01 -4.13406676e-01 
 2.71227258e+01  1.95295467e+02  2.71227258e+01 -4.46385930e-01 
 2.92864456e+01  1.95295298e+02  2.92864456e+01 -4.81996022e-01 
 3.16227766e+01  1.95295101e+02  3.16227766e+01 -5.20446808e-01 
 3.41454887e+01  1.95294871e+02  3.41454887e+01 -5.61964876e-01 
 3.68694506e+01  1.95294603e+02  3.68694506e+01 -6.06794882e-01 
 3.98107171e+01  1.95294290e+02  3.98107171e+01 -6.55200995e-01 
 4.29866235e+01  1.95293926e+02  4.29866235e+01 -7.07468441e-01 
 4.64158883e+01  1.95293501e+02  4.64158883e+01 -7.63905190e-01 
 5.01187234e+01  1.95293006e+02  5.01187234e+01 -8.24843760e-01 
 5.41169527e+01  1.95292428e+02  5.41169527e+01 -8.90643172e-01 
 5.84341413e+01  1.95291755e+02  5.84341413e+01 -9.61691062e-01 
 6.30957344e+01  1.95290970e+02  6.30957344e+01 -1.03840595e+00 
 6.81292069e+01  1.95290054e+02  6.81292069e+01 -1.12123970e+00 
 7.35642254e+01  1.95288987e+02  7.35642254e+01 -1.21068017e+00 
 7.94328235e+01  1.95287743e+02  7.94328235e+01 -1.30725405e+00 
 8.57695899e+01  1.95286292e+02  8.57695899e+01 -1.41152998e+00 
 9.26118728e+01  1.95284600e+02  9.26118728e+01 -1.52412182e+00 
 1.00000000e+02  1.95282628e+02  1.00000000e+02 -1.64569228e+00 
 1.07977516e+02  1.95280329e+02  1.07977516e+02 -1.77695674e+00 
 1.16591440e+02  1.95277649e+02  1.16591440e+02 -1.91868744e+00 
 1.25892541e+02  1.95274523e+02  1.25892541e+02 -2.07171791e+00 
 1.35935639e+02  1.95270880e+02  1.35935639e+02 -2.23694783e+00 
 1.46779927e+02  1.95266632e+02  1.46779927e+02 -2.41534820e+00 
 1.58489319e+02  1.95261679e+02  1.58489319e+02 -2.60796689e+00 
 1.71132830e+02  1.95255905e+02  1.71132830e+02 -2.81593466e+00 
 1.84784980e+02  1.95249174e+02  1.84784980e+02 -3.04047156e+00 
 1.99526231e+02  1.95241326e+02  1.99526231e+02 -3.28289381e+00 
 2.15443469e+02  1.95232177e+02  2.15443469e+02 -3.54462121e+00 
 2.32630507e+02  1.95221512e+02  2.32630507e+02 -3.82718500e+00 
 2.51188643e+02  1.95209078e+02  2.51188643e+02 -4.13223629e+00 
 2.71227258e+02  1.95194583e+02  2.71227258e+02 -4.46155503e+00 
 2.92864456e+02  1.95177686e+02  2.92864456e+02 -4.81705958e+00 
 3.16227766e+02  1.95157989e+02  3.16227766e+02 -5.20081676e+00 
 3.41454887e+02  1.95135029e+02  3.41454887e+02 -5.61505256e+00 
 3.68694506e+02  1.95108266e+02  3.68694506e+02 -6.06216336e+00 
 3.98107171e+02  1.95077073e+02  3.98107171e+02 -6.54472766e+00 
 4.29866235e+02  1.95040717e+02  4.29866235e+02 -7.06551828e+00 
 4.64158883e+02  1.94998345e+02  4.64158883e+02 -7.62751495e+00 
 5.01187234e+02  1.94948967e+02  5.01187234e+02 -8.23391715e+00 
 5.41169527e+02  1.94891428e+02  5.41169527e+02 -8.88815701e+00 
 5.84341413e+02  1.94824385e+02  5.84341413e+02 -9.59391211e+00 
 6.30957344e+02  1.94746277e+02  6.30957344e+02 -1.03551178e+01 
 6.81292069e+02  1.94655289e+02  6.81292069e+02 -1.11759788e+01 
 7.35642254e+02  1.94549312e+02  7.35642254e+02 -1.20609790e+01 
 7.94328235e+02  1.94425897e+02  7.94328235e+02 -1.30148901e+01 
 8.57695899e+02  1.94282203e+02  8.57695899e+02 -1.40427764e+01 
 9.26118728e+02  1.94114937e+02  9.26118728e+02 -1.51499960e+01 
 1.00000000e+03  1.93920281e+02  1.00000000e+03 -1.63421971e+01 
 1.07977516e+03  1.93693821e+02  1.07977516e+03 -1.76253065e+01 
 1.16591440e+03  1.93430454e+02  1.16591440e+03 -1.90055099e+01 
 1.25892541e+03  1.93124293e+02  1.25892541e+03 -2.04892195e+01 
 1.35935639e+03  1.92768557e+02  1.35935639e+03 -2.20830278e+01 
 1.46779927e+03  1.92355449e+02  1.46779927e+03 -2.37936422e+01 
 1.58489319e+03  1.91876028e+02  1.58489319e+03 -2.56277972e+01 
 1.71132830e+03  1.91320071e+02  1.71132830e+03 -2.75921377e+01 
 1.84784980e+03  1.90675924e+02  1.84784980e+03 -2.96930688e+01 
 1.99526231e+03  1.89930356e+02  1.99526231e+03 -3.19365643e+01 
 2.15443469e+03  1.89068409e+02  2.15443469e+03 -3.43279270e+01 
 2.32630507e+03  1.88073273e+02  2.32630507e+03 -3.68714933e+01 
 2.51188643e+03  1.86926165e+02  2.51188643e+03 -3.95702744e+01 
 2.71227258e+03  1.85606266e+02  2.71227258e+03 -4.24255275e+01 
 2.92864456e+03  1.84090702e+02  2.92864456e+03 -4.54362528e+01 
 3.16227766e+03  1.82354618e+02  3.16227766e+03 -4.85986160e+01 
 3.41454887e+03  1.80371356e+02  3.41454887e+03 -5.19053009e+01 
 3.68694506e+03  1.78112789e+02  3.68694506e+03 -5.53448051e+01 
 3.98107171e+03  1.75549829e+02  3.98107171e+03 -5.89007054e+01 
 4.29866235e+03  1.72653161e+02  4.29866235e+03 -6.25509305e+01 
 4.64158883e+03  1.69394222e+02  4.64158883e+03 -6.62670984e+01 
 5.01187234e+03  1.65746454e+02  5.01187234e+03 -7.00139942e+01 
 5.41169527e+03  1.61686817e+02  5.41169527e+03 -7.37492797e+01 
 5.84341413e+03  1.57197552e+02  5.84341413e+03 -7.74235428e+01 
 6.30957344e+03  1.52268089e+02  6.30957344e+03 -8.09807952e+01 
 6.81292069e+03  1.46897021e+02  6.81292069e+03 -8.43595177e+01 
 7.35642254e+03  1.41093942e+02  7.35642254e+03 -8.74943187e+01 
 7.94328235e+03  1.34880965e+02  7.94328235e+03 -9.03182193e+01 
 8.57695899e+03  1.28293681e+02  8.57695899e+03 -9.27654986e+01 
 9.26118728e+03  1.21381348e+02  9.26118728e+03 -9.47749448e+01 
 1.00000000e+04  1.14206147e+02  1.00000000e+04 -9.62932655e+01 
 1.07977516e+04  1.06841419e+02  1.07977516e+04 -9.72783430e+01 
 1.16591440e+04  9.93689477e+01  1.16591440e+04 -9.77019863e+01 
 1.25892541e+04  9.18754654e+01  1.25892541e+04 -9.75518600e+01 
 1.35935639e+04  8.44486809e+01  1.35935639e+04 -9.68323497e+01 
 1.46779927e+04  7.71732153e+01  1.46779927e+04 -9.55642529e+01 
 1.58489319e+04  7.01268351e+01  1.58489319e+04 -9.37833352e+01 
 1.71132830e+04  6.33773320e+01  1.71132830e+04 -9.15379349e+01 
 1.84784980e+04  5.69802912e+01  1.84784980e+04 -8.88859050e+01 
 1.99526231e+04  5.09778630e+01  1.99526231e+04 -8.58912349e+01 
 2.15443469e+04  4.53985206e+01  2.15443469e+04 -8.26206871e+01 
 2.32630507e+04  4.02576770e+01  2.32630507e+04 -7.91407333e+01 
 2.51188643e+04  3.55589639e+01  2.51188643e+04 -7.55149880e+01 
 2.71227258e+04  3.12959464e+01  2.71227258e+04 -7.18022482e+01 
 2.92864456e+04  2.74540533e+01  2.92864456e+04 -6.80551607e+01 
 3.16227766e+04  2.40125357e+01  3.16227766e+04 -6.43194733e+01 
 3.41454887e+04  2.09463112e+01  3.41454887e+04 -6.06337851e+01 
 3.68694506e+04  1.82276013e+01  3.68694506e+04 -5.70296884e+01 
 3.98107171e+04  1.58273116e+01  3.98107171e+04 -5.35321925e+01 
 4.29866235e+04  1.37161397e+01  4.29866235e+04 -5.01603298e+01 
 4.64158883e+04  1.18654230e+01  4.64158883e+04 -4.69278606e+01 
 5.01187234e+04  1.02477507e+01  5.01187234e+04 -4.38440100e+01 
 5.41169527e+04  8.83737570e+00  5.41169527e+04 -4.09141905e+01 
 5.84341413e+04  7.61046280e+00  5.84341413e+04 -3.81406790e+01 
 6.30957344e+04  6.54520838e+00  6.30957344e+04 -3.55232287e+01 
 6.81292069e+04  5.62186347e+00  6.81292069e+04 -3.30596082e+01 
 7.35642254e+04  4.82268715e+00  7.35642254e+04 -3.07460647e+01 
 7.94328235e+04  4.13185231e+00  7.94328235e+04 -2.85777164e+01 
 8.57695899e+04  3.53532143e+00  8.57695899e+04 -2.65488766e+01 
 9.26118728e+04  3.02070548e+00  9.26118728e+04 -2.46533192e+01 
 1.00000000e+05  2.57711605e+00  1.00000000e+05 -2.28844925e+01 
 1.07977516e+05  2.19501748e+00  1.07977516e+05 -2.12356881e+01 
 1.16591440e+05  1.86608410e+00  1.16591440e+05 -1.97001728e+01 
 1.25892541e+05  1.58306535e+00  1.25892541e+05 -1.82712896e+01 
 1.35935639e+05  1.33966086e+00  1.35935639e+05 -1.69425328e+01 
 1.46779927e+05  1.13040618e+00  1.46779927e+05 -1.57076034e+01 
 1.58489319e+05  9.50569471e-01  1.58489319e+05 -1.45604475e+01 
 1.71132830e+05  7.96058918e-01  1.71132830e+05 -1.34952816e+01 
 1.84784980e+05  6.63340292e-01  1.84784980e+05 -1.25066075e+01 
 1.99526231e+05  5.49364042e-01  1.99526231e+05 -1.15892200e+01 
 2.15443469e+05  4.51501089e-01  2.15443469e+05 -1.07382077e+01 
 2.32630507e+05  3.67486523e-01  2.32630507e+05 -9.94894948e+00 
 2.51188643e+05  2.95370390e-01  2.51188643e+05 -9.21710782e+00 
 2.71227258e+05  2.33474803e-01  2.71227258e+05 -8.53861947e+00 
 2.92864456e+05  1.80356659e-01  2.92864456e+05 -7.90968452e+00 
 3.16227766e+05  1.34775275e-01  3.16227766e+05 -7.32675443e+00 
 3.41454887e+05  9.56643704e-02  3.41454887e+05 -6.78651942e+00 
 3.68694506e+05  6.21078193e-02  3.68694506e+05 -6.28589554e+00 
 3.98107171e+05  3.33187122e-02  3.98107171e+05 -5.82201178e+00 
 4.29866235e+05  8.62128292e-03  4.29866235e+05 -5.39219737e+00 
 4.64158883e+05 -1.25646726e-02  4.64158883e+05 -4.99396935e+00 
 5.01187234e+05 -3.07372198e-02  5.01187234e+05 -4.62502060e+00 
 5.41169527e+05 -4.63238422e-02  5.41169527e+05 -4.28320837e+00 
 5.84341413e+05 -5.96913854e-02  5.84341413e+05 -3.96654332e+00 
 6.30957344e+05 -7.11546083e-02  6.30957344e+05 -3.67317915e+00 
 6.81292069e+05 -8.09835341e-02  6.81292069e+05 -3.40140278e+00 
 7.35642254e+05 -8.94097662e-02  7.35642254e+05 -3.14962507e+00 
 7.94328235e+05 -9.66319123e-02  7.94328235e+05 -2.91637218e+00 
 8.57695899e+05 -1.02820242e-01  8.57695899e+05 -2.70027739e+00 
 9.26118728e+05 -1.08120684e-01  9.26118728e+05 -2.50007347e+00 
 1.00000000e+06 -1.12658252e-01  1.00000000e+06 -2.31458555e+00 
 1.07977516e+06 -1.16539988e-01  1.07977516e+06 -2.14272450e+00 
 1.16591440e+06 -1.19857476e-01  1.16591440e+06 -1.98348068e+00 
 1.25892541e+06 -1.22689002e-01  1.25892541e+06 -1.83591821e+00 
 1.35935639e+06 -1.25101397e-01  1.35935639e+06 -1.69916955e+00 
 1.46779927e+06 -1.27151613e-01  1.46779927e+06 -1.57243054e+00 
 1.58489319e+06 -1.28888068e-01  1.58489319e+06 -1.45495576e+00 
 1.71132830e+06 -1.30351786e-01  1.71132830e+06 -1.34605418e+00 
 1.84784980e+06 -1.31577376e-01  1.84784980e+06 -1.24508520e+00 
 1.99526231e+06 -1.32593844e-01  1.99526231e+06 -1.15145492e+00 
 2.15443469e+06 -1.33425292e-01  2.15443469e+06 -1.06461269e+00 
 2.32630507e+06 -1.34091495e-01  2.32630507e+06 -9.84047975e-01 
 2.51188643e+06 -1.34608377e-01  2.51188643e+06 -9.09287345e-01 
 2.71227258e+06 -1.34988408e-01  2.71227258e+06 -8.39891808e-01 
 2.92864456e+06 -1.35240925e-01  2.92864456e+06 -7.75454282e-01 
 3.16227766e+06 -1.35372378e-01  3.16227766e+06 -7.15597292e-01 
 3.41454887e+06 -1.35386534e-01  3.41454887e+06 -6.59970859e-01 
 3.68694506e+06 -1.35284618e-01  3.68694506e+06 -6.08250564e-01 
 3.98107171e+06 -1.35065421e-01  3.98107171e+06 -5.60135798e-01 
 4.29866235e+06 -1.34725378e-01  4.29866235e+06 -5.15348170e-01 
 4.64158883e+06 -1.34258613e-01  4.64158883e+06 -4.73630094e-01 
 5.01187234e+06 -1.33656983e-01  5.01187234e+06 -4.34743532e-01 
 5.41169527e+06 -1.32910113e-01  5.41169527e+06 -3.98468892e-01 
 5.84341413e+06 -1.32005457e-01  5.84341413e+06 -3.64604094e-01 
 6.30957344e+06 -1.30928383e-01  6.30957344e+06 -3.32963777e-01 
 6.81292069e+06 -1.29662318e-01  6.81292069e+06 -3.03378659e-01 
 7.35642254e+06 -1.28188978e-01  7.35642254e+06 -2.75695020e-01 
 7.94328235e+06 -1.26488701e-01  7.94328235e+06 -2.49774313e-01 
 8.57695899e+06 -1.24540923e-01  8.57695899e+06 -2.25492850e-01 
 9.26118728e+06 -1.22324817e-01  9.26118728e+06 -2.02741551e-01 
 1.00000000e+07 -1.19820127e-01  1.00000000e+07 -1.81425681e-01 
 1.07977516e+07 -1.17008202e-01  1.07977516e+07 -1.61464531e-01 
 1.16591440e+07 -1.13873234e-01  1.16591440e+07 -1.42790951e-01 
 1.25892541e+07 -1.10403656e-01  1.25892541e+07 -1.25350649e-01 
 1.35935639e+07 -1.06593660e-01  1.35935639e+07 -1.09101182e-01 
 1.46779927e+07 -1.02444719e-01  1.46779927e+07 -9.40105438e-02 
 1.58489319e+07 -9.79669844e-02  1.58489319e+07 -8.00553199e-02 
 1.71132830e+07 -9.31803990e-02  1.71132830e+07 -6.72183949e-02 
 1.84784980e+07 -8.81153451e-02  1.84784980e+07 -5.54862814e-02 
 1.99526231e+07 -8.28126704e-02  1.99526231e+07 -4.48461966e-02 
 2.15443469e+07 -7.73229751e-02  2.15443469e+07 -3.52830860e-02 
 2.32630507e+07 -7.17051210e-02  2.32630507e+07 -2.67768430e-02 
 2.51188643e+07 -6.60240203e-02  2.51188643e+07 -1.92999869e-02 
 2.71227258e+07 -6.03478659e-02  2.71227258e+07 -1.28160345e-02 
 2.92864456e+07 -5.47450466e-02  2.92864456e+07 -7.27873133e-03 
 3.16227766e+07 -4.92810476e-02  3.16227766e+07 -2.63220299e-03 
 3.41454887e+07 -4.40156296e-02  3.41454887e+07  1.18802763e-03 
 3.68694506e+07 -3.90005416e-02  3.68694506e+07  4.25331778e-03 
 3.98107171e+07 -3.42779317e-02  3.98107171e+07  6.63971007e-03 
 4.29866235e+07 -2.98795224e-02  4.29866235e+07  8.42552960e-03 
 4.64158883e+07 -2.58265162e-02  4.64158883e+07  9.68902364e-03 
 5.01187234e+07 -2.21301211e-02  5.01187234e+07  1.05062466e-02 
 5.41169527e+07 -1.87925382e-02  5.41169527e+07  1.09493261e-02 
 5.84341413e+07 -1.58082373e-02  5.84341413e+07  1.10851730e-02 
 6.30957344e+07 -1.31653619e-02  6.30957344e+07  1.09746390e-02 
 6.81292069e+07 -1.08471303e-02  6.81292069e+07  1.06720743e-02 
 7.35642254e+07 -8.83314058e-03  7.35642254e+07  1.02252148e-02 
 7.94328235e+07 -7.10052675e-03  7.94328235e+07  9.67531612e-03 
 8.57695899e+07 -5.62494214e-03  8.57695899e+07  9.05745648e-03 
 9.26118728e+07 -4.38137513e-03  9.26118728e+07  8.40094288e-03 
 1.00000000e+08 -3.34481408e-03  1.00000000e+08  7.72977292e-03 
 1.07977516e+08 -2.49078501e-03  1.07977516e+08  7.06312074e-03 
 1.16591440e+08 -1.79578476e-03  1.16591440e+08  6.41583056e-03 
 1.25892541e+08 -1.23762674e-03  1.25892541e+08  5.79891040e-03 
 1.35935639e+08 -7.95710163e-04  1.35935639e+08  5.22002341e-03 
 1.46779927e+08 -4.51217551e-04  1.46779927e+08  4.68397464e-03 
 1.58489319e+08 -1.87242134e-04  1.58489319e+08  4.19318851e-03 
 1.71132830e+08  1.11537326e-05  1.71132830e+08  3.74816939e-03 
 1.84784980e+08  1.56946073e-04  1.84784980e+08  3.34793516e-03 
 1.99526231e+08  2.61216278e-04  1.99526231e+08  2.99041288e-03 
 2.15443469e+08  3.33267694e-04  2.15443469e+08  2.67278746e-03 
 2.32630507e+08  3.80779336e-04  2.32630507e+08  2.39179679e-03 
 2.51188643e+08  4.09983219e-04  2.51188643e+08  2.14397090e-03 
 2.71227258e+08  4.25852215e-04  2.71227258e+08  1.92581644e-03 
 2.92864456e+08  4.32287162e-04  2.92864456e+08  1.73395096e-03 
 3.16227766e+08  4.32294393e-04  3.16227766e+08  1.56519372e-03 
 3.41454887e+08  4.28147698e-04  3.41454887e+08  1.41662072e-03 
 3.68694506e+08  4.21531292e-04  3.68694506e+08  1.28559195e-03 
 3.98107171e+08  4.13662587e-04  3.98107171e+08  1.16975809e-03 
 4.29866235e+08  4.05395196e-04  4.29866235e+08  1.06705306e-03 
 4.64158883e+08  3.97303690e-04  4.64158883e+08  9.75677467e-04 
 5.01187234e+08  3.89752211e-04  5.01187234e+08  8.94076807e-04 
 5.41169527e+08  3.82949300e-04  5.41169527e+08  8.20917299e-04 
 5.84341413e+08  3.76991186e-04  5.84341413e+08  7.55061136e-04 
 6.30957344e+08  3.71895625e-04  6.30957344e+08  6.95542400e-04 
 6.81292069e+08  3.67628027e-04  6.81292069e+08  6.41544317e-04 
 7.35642254e+08  3.64121351e-04  7.35642254e+08  5.92378227e-04 
 7.94328235e+08  3.61290947e-04  7.94328235e+08  5.47464453e-04 
 8.57695899e+08  3.59045311e-04  8.57695899e+08  5.06315147e-04 
 9.26118728e+08  3.57293579e-04  9.26118728e+08  4.68519111e-04 
 1.00000000e+09  3.55950412e-04  1.00000000e+09  4.33728568e-04 
 1.07977516e+09  3.54938880e-04  1.07977516e+09  4.01647816e-04 
 1.16591440e+09  3.54191840e-04  1.16591440e+09  3.72023643e-04 
 1.25892541e+09  3.53652245e-04  1.25892541e+09  3.44637370e-04 
 1.35935639e+09  3.53272718e-04  1.35935639e+09  3.19298353e-04 
 1.46779927e+09  3.53014709e-04  1.46779927e+09  2.95838747e-04 
 1.58489319e+09  3.52847410e-04  1.58489319e+09  2.74109360e-04 
 1.71132830e+09  3.52746606e-04  1.71132830e+09  2.53976384e-04 
 1.84784980e+09  3.52693567e-04  1.84784980e+09  2.35318854e-04 
 1.99526231e+09  3.52674014e-04  1.99526231e+09  2.18026677e-04 
 2.15443469e+09  3.52677227e-04  2.15443469e+09  2.01999099e-04 
 2.32630507e+09  3.52695283e-04  2.32630507e+09  1.87143512e-04 
 2.51188643e+09  3.52722417e-04  2.51188643e+09  1.73374511e-04 
 2.71227258e+09  3.52754516e-04  2.71227258e+09  1.60613139e-04 
 2.92864456e+09  3.52788707e-04  2.92864456e+09  1.48786279e-04 
 3.16227766e+09  3.52823041e-04  3.16227766e+09  1.37826137e-04 
 3.41454887e+09  3.52856243e-04  3.41454887e+09  1.27669810e-04 
 3.68694506e+09  3.52887526e-04  3.68694506e+09  1.18258907e-04 
 3.98107171e+09  3.52916452e-04  3.98107171e+09  1.09539217e-04 
 4.29866235e+09  3.52942820e-04  4.29866235e+09  1.01460402e-04 
 4.64158883e+09  3.52966595e-04  4.64158883e+09  9.39757269e-05 
 5.01187234e+09  3.52987846e-04  5.01187234e+09  8.70418076e-05 
 5.41169527e+09  3.53006710e-04  5.41169527e+09  8.06183750e-05 
 5.84341413e+09  3.53023362e-04  5.84341413e+09  7.46680596e-05 
 6.30957344e+09  3.53037993e-04  6.30957344e+09  6.91561894e-05 
 6.81292069e+09  3.53050800e-04  6.81292069e+09  6.40506010e-05 
 7.35642254e+09  3.53061976e-04  7.35642254e+09  5.93214638e-05 
 7.94328235e+09  3.53071701e-04  7.94328235e+09  5.49411153e-05 
 8.57695899e+09  3.53080147e-04  8.57695899e+09  5.08839074e-05 
 9.26118728e+09  3.53087467e-04  9.26118728e+09  4.71260635e-05 
 1.00000000e+10  3.53093802e-04  1.00000000e+10  4.36455441e-05 
