 1.00000000e+00  3.48299390e+02  1.00000000e+00 -7.39010190e-03 
 1.07977516e+00  3.48299390e+02  1.07977516e+00 -7.97964847e-03 
 1.16591440e+00  3.48299390e+02  1.16591440e+00 -8.61622622e-03 
 1.25892541e+00  3.48299390e+02  1.25892541e+00 -9.30358707e-03 
 1.35935639e+00  3.48299390e+02  1.35935639e+00 -1.00457822e-02 
 1.46779927e+00  3.48299390e+02  1.46779927e+00 -1.08471861e-02 
 1.58489319e+00  3.48299390e+02  1.58489319e+00 -1.17125222e-02 
 1.71132830e+00  3.48299390e+02  1.71132830e+00 -1.26468905e-02 
 1.84784980e+00  3.48299390e+02  1.84784980e+00 -1.36557983e-02 
 1.99526231e+00  3.48299390e+02  1.99526231e+00 -1.47451918e-02 
 2.15443469e+00  3.48299390e+02  2.15443469e+00 -1.59214919e-02 
 2.32630507e+00  3.48299390e+02  2.32630507e+00 -1.71916315e-02 
 2.51188643e+00  3.48299390e+02  2.51188643e+00 -1.85630966e-02 
 2.71227258e+00  3.48299389e+02  2.71227258e+00 -2.00439707e-02 
 2.92864456e+00  3.48299389e+02  2.92864456e+00 -2.16429817e-02 
 3.16227766e+00  3.48299389e+02  3.16227766e+00 -2.33695540e-02 
 3.41454887e+00  3.48299389e+02  3.41454887e+00 -2.52338640e-02 
 3.68694506e+00  3.48299388e+02  3.68694506e+00 -2.72468996e-02 
 3.98107171e+00  3.48299388e+02  3.98107171e+00 -2.94205254e-02 
 4.29866235e+00  3.48299388e+02  4.29866235e+00 -3.17675525e-02 
 4.64158883e+00  3.48299387e+02  4.64158883e+00 -3.43018141e-02 
 5.01187234e+00  3.48299387e+02  5.01187234e+00 -3.70382468e-02 
 5.41169527e+00  3.48299386e+02  5.41169527e+00 -3.99929789e-02 
 5.84341413e+00  3.48299385e+02  5.84341413e+00 -4.31834252e-02 
 6.30957344e+00  3.48299384e+02  6.30957344e+00 -4.66283899e-02 
 6.81292069e+00  3.48299383e+02  6.81292069e+00 -5.03481771e-02 
 7.35642254e+00  3.48299382e+02  7.35642254e+00 -5.43647109e-02 
 7.94328235e+00  3.48299381e+02  7.94328235e+00 -5.87016643e-02 
 8.57695899e+00  3.48299379e+02  8.57695899e+00 -6.33845988e-02 
 9.26118728e+00  3.48299377e+02  9.26118728e+00 -6.84411151e-02 
 1.00000000e+01  3.48299375e+02  1.00000000e+01 -7.39010157e-02 
 1.07977516e+01  3.48299372e+02  1.07977516e+01 -7.97964806e-02 
 1.16591440e+01  3.48299369e+02  1.16591440e+01 -8.61622570e-02 
 1.25892541e+01  3.48299366e+02  1.25892541e+01 -9.30358641e-02 
 1.35935639e+01  3.48299362e+02  1.35935639e+01 -1.00457814e-01 
 1.46779927e+01  3.48299357e+02  1.46779927e+01 -1.08471851e-01 
 1.58489319e+01  3.48299351e+02  1.58489319e+01 -1.17125209e-01 
 1.71132830e+01  3.48299345e+02  1.71132830e+01 -1.26468889e-01 
 1.84784980e+01  3.48299337e+02  1.84784980e+01 -1.36557962e-01 
 1.99526231e+01  3.48299328e+02  1.99526231e+01 -1.47451892e-01 
 2.15443469e+01  3.48299318e+02  2.15443469e+01 -1.59214886e-01 
 2.32630507e+01  3.48299306e+02  2.32630507e+01 -1.71916273e-01 
 2.51188643e+01  3.48299292e+02  2.51188643e+01 -1.85630914e-01 
 2.71227258e+01  3.48299275e+02  2.71227258e+01 -2.00439641e-01 
 2.92864456e+01  3.48299256e+02  2.92864456e+01 -2.16429734e-01 
 3.16227766e+01  3.48299234e+02  3.16227766e+01 -2.33695436e-01 
 3.41454887e+01  3.48299208e+02  3.41454887e+01 -2.52338509e-01 
 3.68694506e+01  3.48299177e+02  3.68694506e+01 -2.72468831e-01 
 3.98107171e+01  3.48299142e+02  3.98107171e+01 -2.94205046e-01 
 4.29866235e+01  3.48299101e+02  4.29866235e+01 -3.17675264e-01 
 4.64158883e+01  3.48299053e+02  4.64158883e+01 -3.43017812e-01 
 5.01187234e+01  3.48298997e+02  5.01187234e+01 -3.70382054e-01 
 5.41169527e+01  3.48298931e+02  5.41169527e+01 -3.99929268e-01 
 5.84341413e+01  3.48298855e+02  5.84341413e+01 -4.31833595e-01 
 6.30957344e+01  3.48298766e+02  6.30957344e+01 -4.66283072e-01 
 6.81292069e+01  3.48298663e+02  6.81292069e+01 -5.03480730e-01 
 7.35642254e+01  3.48298542e+02  7.35642254e+01 -5.43645799e-01 
 7.94328235e+01  3.48298402e+02  7.94328235e+01 -5.87014993e-01 
 8.57695899e+01  3.48298237e+02  8.57695899e+01 -6.33843911e-01 
 9.26118728e+01  3.48298046e+02  9.26118728e+01 -6.84408536e-01 
 1.00000000e+02  3.48297823e+02  1.00000000e+02 -7.39006865e-01 
 1.07977516e+02  3.48297563e+02  1.07977516e+02 -7.97960662e-01 
 1.16591440e+02  3.48297260e+02  1.16591440e+02 -8.61617354e-01 
 1.25892541e+02  3.48296906e+02  1.25892541e+02 -9.30352074e-01 
 1.35935639e+02  3.48296494e+02  1.35935639e+02 -1.00456987e+00 
 1.46779927e+02  3.48296014e+02  1.46779927e+02 -1.08470810e+00 
 1.58489319e+02  3.48295453e+02  1.58489319e+02 -1.17123898e+00 
 1.71132830e+02  3.48294800e+02  1.71132830e+02 -1.26467239e+00 
 1.84784980e+02  3.48294038e+02  1.84784980e+02 -1.36555885e+00 
 1.99526231e+02  3.48293150e+02  1.99526231e+02 -1.47449277e+00 
 2.15443469e+02  3.48292115e+02  2.15443469e+02 -1.59211594e+00 
 2.32630507e+02  3.48290908e+02  2.32630507e+02 -1.71912130e+00 
 2.51188643e+02  3.48289501e+02  2.51188643e+02 -1.85625698e+00 
 2.71227258e+02  3.48287860e+02  2.71227258e+02 -2.00433074e+00 
 2.92864456e+02  3.48285947e+02  2.92864456e+02 -2.16421467e+00 
 3.16227766e+02  3.48283717e+02  3.16227766e+02 -2.33685029e+00 
 3.41454887e+02  3.48281116e+02  3.41454887e+02 -2.52325407e+00 
 3.68694506e+02  3.48278085e+02  3.68694506e+02 -2.72452336e+00 
 3.98107171e+02  3.48274550e+02  3.98107171e+02 -2.94184281e+00 
 4.29866235e+02  3.48270429e+02  4.29866235e+02 -3.17649122e+00 
 4.64158883e+02  3.48265624e+02  4.64158883e+02 -3.42984902e+00 
 5.01187234e+02  3.48260022e+02  5.01187234e+02 -3.70340624e+00 
 5.41169527e+02  3.48253492e+02  5.41169527e+02 -3.99877111e+00 
 5.84341413e+02  3.48245878e+02  5.84341413e+02 -4.31767935e+00 
 6.30957344e+02  3.48237001e+02  6.30957344e+02 -4.66200413e+00 
 6.81292069e+02  3.48226651e+02  6.81292069e+02 -5.03376671e+00 
 7.35642254e+02  3.48214586e+02  7.35642254e+02 -5.43514801e+00 
 7.94328235e+02  3.48200519e+02  7.94328235e+02 -5.86850084e+00 
 8.57695899e+02  3.48184121e+02  8.57695899e+02 -6.33636312e+00 
 9.26118728e+02  3.48165003e+02  9.26118728e+02 -6.84147199e+00 
 1.00000000e+03  3.48142716e+02  1.00000000e+03 -7.38677883e+00 
 1.07977516e+03  3.48116735e+02  1.07977516e+03 -7.97546529e+00 
 1.16591440e+03  3.48086449e+02  1.16591440e+03 -8.61096037e+00 
 1.25892541e+03  3.48051144e+02  1.25892541e+03 -9.29695842e+00 
 1.35935639e+03  3.48009991e+02  1.35935639e+03 -1.00374383e+01 
 1.46779927e+03  3.47962021e+02  1.46779927e+03 -1.08366831e+01 
 1.58489319e+03  3.47906110e+02  1.58489319e+03 -1.16993018e+01 
 1.71132830e+03  3.47840945e+02  1.71132830e+03 -1.26302502e+01 
 1.84784980e+03  3.47764999e+02  1.84784980e+03 -1.36348539e+01 
 1.99526231e+03  3.47676494e+02  1.99526231e+03 -1.47188311e+01 
 2.15443469e+03  3.47573362e+02  2.15443469e+03 -1.58883155e+01 
 2.32630507e+03  3.47453196e+02  2.32630507e+03 -1.71498793e+01 
 2.51188643e+03  3.47313198e+02  2.51188643e+03 -1.85105550e+01 
 2.71227258e+03  3.47150114e+02  2.71227258e+03 -1.99778557e+01 
 2.92864456e+03  3.46960166e+02  2.92864456e+03 -2.15597934e+01 
 3.16227766e+03  3.46738964e+02  3.16227766e+03 -2.32648930e+01 
 3.41454887e+03  3.46481418e+02  3.41454887e+03 -2.51022014e+01 
 3.68694506e+03  3.46181623e+02  3.68694506e+03 -2.70812895e+01 
 3.98107171e+03  3.45832742e+02  3.98107171e+03 -2.92122447e+01 
 4.29866235e+03  3.45426864e+02  4.29866235e+03 -3.15056503e+01 
 4.64158883e+03  3.44954845e+02  4.64158883e+03 -3.39725492e+01 
 5.01187234e+03  3.44406138e+02  5.01187234e+03 -3.66243860e+01 
 5.41169527e+03  3.43768591e+02  5.41169527e+03 -3.94729231e+01 
 5.84341413e+03  3.43028238e+02  5.84341413e+03 -4.25301233e+01 
 6.30957344e+03  3.42169066e+02  6.30957344e+03 -4.58079907e+01 
 6.81292069e+03  3.41172760e+02  6.81292069e+03 -4.93183619e+01 
 7.35642254e+03  3.40018452e+02  7.35642254e+03 -5.30726352e+01 
 7.94328235e+03  3.38682447e+02  7.94328235e+03 -5.70814264e+01 
 8.57695899e+03  3.37137971e+02  8.57695899e+03 -6.13541385e+01 
 9.26118728e+03  3.35354929e+02  9.26118728e+03 -6.58984311e+01 
 1.00000000e+04  3.33299714e+02  1.00000000e+04 -7.07195765e+01 
 1.07977516e+04  3.30935078e+02  1.07977516e+04 -7.58196907e+01 
 1.16591440e+04  3.28220116e+02  1.16591440e+04 -8.11968325e+01 
 1.25892541e+04  3.25110396e+02  1.25892541e+04 -8.68439685e+01 
 1.35935639e+04  3.21558290e+02  1.35935639e+04 -9.27478152e+01 
 1.46779927e+04  3.17513574e+02  1.46779927e+04 -9.88875810e+01 
 1.58489319e+04  3.12924353e+02  1.58489319e+04 -1.05233655e+02 
 1.71132830e+04  3.07738377e+02  1.71132830e+04 -1.11746313e+02 
 1.84784980e+04  3.01904811e+02  1.84784980e+04 -1.18374542e+02 
 1.99526231e+04  2.95376477e+02  1.99526231e+04 -1.25055121e+02 
 2.15443469e+04  2.88112577e+02  2.15443469e+04 -1.31712122e+02 
 2.32630507e+04  2.80081837e+02  2.32630507e+04 -1.38257023e+02 
 2.51188643e+04  2.71265931e+02  2.51188643e+04 -1.44589623e+02 
 2.71227258e+04  2.61662984e+02  2.71227258e+04 -1.50599948e+02 
 2.92864456e+04  2.51290840e+02  2.92864456e+04 -1.56171243e+02 
 3.16227766e+04  2.40189744e+02  3.16227766e+04 -1.61184086e+02 
 3.41454887e+04  2.28424005e+02  3.41454887e+04 -1.65521491e+02 
 3.68694506e+04  2.16082283e+02  3.68694506e+04 -1.69074723e+02 
 3.98107171e+04  2.03276194e+02  3.98107171e+04 -1.71749375e+02 
 4.29866235e+04  1.90137108e+02  4.29866235e+04 -1.73471155e+02 
 4.64158883e+04  1.76811254e+02  4.64158883e+04 -1.74190749e+02 
 5.01187234e+04  1.63453438e+02  5.01187234e+04 -1.73887195e+02 
 5.41169527e+04  1.50219959e+02  5.41169527e+04 -1.72569361e+02 
 5.84341413e+04  1.37261355e+02  5.84341413e+04 -1.70275316e+02 
 6.30957344e+04  1.24715733e+02  6.30957344e+04 -1.67069688e+02 
 6.81292069e+04  1.12703245e+02  6.81292069e+04 -1.63039348e+02 
 7.35642254e+04  1.01322174e+02  7.35642254e+04 -1.58287923e+02 
 7.94328235e+04  9.06468074e+01  7.94328235e+04 -1.52929766e+02 
 8.57695899e+04  8.07270641e+01  8.57695899e+04 -1.47083971e+02 
 9.26118728e+04  7.15896411e+01  9.26118728e+04 -1.40868937e+02 
 1.00000000e+05  6.32403286e+01  1.00000000e+05 -1.34397826e+02 
 1.07977516e+05  5.56670862e+01  1.07977516e+05 -1.27775111e+02 
 1.16591440e+05  4.88434918e+01  1.16591440e+05 -1.21094235e+02 
 1.25892541e+05  4.27322290e+01  1.25892541e+05 -1.14436314e+02 
 1.35935639e+05  3.72883658e+01  1.35935639e+05 -1.07869717e+02 
 1.46779927e+05  3.24622578e+01  1.46779927e+05 -1.01450338e+02 
 1.58489319e+05  2.82019916e+01  1.58489319e+05 -9.52223721e+01 
 1.71132830e+05  2.44553445e+01  1.71132830e+05 -8.92193974e+01 
 1.84784980e+05  2.11712787e+01  1.84784980e+05 -8.34656402e+01 
 1.99526231e+05  1.83010199e+01  1.99526231e+05 -7.79772871e+01 
 2.15443469e+05  1.57987799e+01  2.15443469e+05 -7.27637719e+01 
 2.32630507e+05  1.36221899e+01  2.32630507e+05 -6.78289784e+01 
 2.51188643e+05  1.17325072e+01  2.51188643e+05 -6.31723271e+01 
 2.71227258e+05  1.00946510e+01  2.71227258e+05 -5.87897314e+01 
 2.92864456e+05  8.67711574e+00  2.92864456e+05 -5.46744199e+01 
 3.16227766e+05  7.45180081e+00  3.16227766e+05 -5.08176296e+01 
 3.41454887e+05  6.39378762e+00  3.41454887e+05 -4.72091811e+01 
 3.68694506e+05  5.48108740e+00  3.68694506e+05 -4.38379489e+01 
 3.98107171e+05  4.69437733e+00  3.98107171e+05 -4.06922382e+01 
 4.29866235e+05  4.01673719e+00  4.29866235e+05 -3.77600843e+01 
 4.64158883e+05  3.43339520e+00  4.64158883e+05 -3.50294855e+01 
 5.01187234e+05  2.93148816e+00  5.01187234e+05 -3.24885813e+01 
 5.41169527e+05  2.49983940e+00  5.41169527e+05 -3.01257854e+01 
 5.84341413e+05  2.12875571e+00  5.84341413e+05 -2.79298825e+01 
 6.30957344e+05  1.80984391e+00  6.30957344e+05 -2.58900962e+01 
 6.81292069e+05  1.53584634e+00  6.81292069e+05 -2.39961334e+01 
 7.35642254e+05  1.30049459e+00  7.35642254e+05 -2.22382108e+01 
 7.94328235e+05  1.09838006e+00  7.94328235e+05 -2.06070673e+01 
 8.57695899e+05  9.24840012e-01  8.57695899e+05 -1.90939655e+01 
 9.26118728e+05  7.75857653e-01  9.26118728e+05 -1.76906855e+01 
 1.00000000e+06  6.47974827e-01  1.00000000e+06 -1.63895123e+01 
 1.07977516e+06  5.38215919e-01  1.07977516e+06 -1.51832192e+01 
 1.16591440e+06  4.44021710e-01  1.16591440e+06 -1.40650486e+01 
 1.25892541e+06  3.63191977e-01  1.25892541e+06 -1.30286900e+01 
 1.35935639e+06  2.93835781e-01  1.35935639e+06 -1.20682581e+01 
 1.46779927e+06  2.34328468e-01  1.46779927e+06 -1.11782692e+01 
 1.58489319e+06  1.83274525e-01  1.58489319e+06 -1.03536186e+01 
 1.71132830e+06  1.39475525e-01  1.71132830e+06 -9.58955790e+00 
 1.84784980e+06  1.01902494e-01  1.84784980e+06 -8.88167280e+00 
 1.99526231e+06  6.96720964e-02  1.99526231e+06 -8.22586180e+00 
 2.15443469e+06  4.20261436e-02  2.15443469e+06 -7.61831585e+00 
 2.32630507e+06  1.83139508e-02  2.32630507e+06 -7.05549881e+00 
 2.51188643e+06 -2.02282959e-03  2.51188643e+06 -6.53412902e+00 
 2.71227258e+06 -1.94632489e-02  2.71227258e+06 -6.05116179e+00 
 2.92864456e+06 -3.44182677e-02  2.92864456e+06 -5.60377303e+00 
 3.16227766e+06 -4.72403814e-02  3.16227766e+06 -5.18934369e+00 
 3.41454887e+06 -5.82318866e-02  3.41454887e+06 -4.80544540e+00 
 3.68694506e+06 -6.76519763e-02  3.68694506e+06 -4.44982678e+00 
 3.98107171e+06 -7.57228299e-02  3.98107171e+06 -4.12040088e+00 
 4.29866235e+06 -8.26348362e-02  4.29866235e+06 -3.81523330e+00 
 4.64158883e+06 -8.85510733e-02  4.64158883e+06 -3.53253117e+00 
 5.01187234e+06 -9.36111474e-02  5.01187234e+06 -3.27063293e+00 
 5.41169527e+06 -9.79344820e-02  5.41169527e+06 -3.02799874e+00 
 5.84341413e+06 -1.01623132e-01  5.84341413e+06 -2.80320164e+00 
 6.30957344e+06 -1.04764194e-01  6.30957344e+06 -2.59491926e+00 
 6.81292069e+06 -1.07431860e-01  6.81292069e+06 -2.40192623e+00 
 7.35642254e+06 -1.09689172e-01  7.35642254e+06 -2.22308699e+00 
 7.94328235e+06 -1.11589518e-01  7.94328235e+06 -2.05734928e+00 
 8.57695899e+06 -1.13177902e-01  8.57695899e+06 -1.90373796e+00 
 9.26118728e+06 -1.14492013e-01  9.26118728e+06 -1.76134942e+00 
 1.00000000e+07 -1.15563137e-01  1.00000000e+07 -1.62934627e+00 
 1.07977516e+07 -1.16416918e-01  1.07977516e+07 -1.50695256e+00 
 1.16591440e+07 -1.17073994e-01  1.16591440e+07 -1.39344927e+00 
 1.25892541e+07 -1.17550529e-01  1.25892541e+07 -1.28817020e+00 
 1.35935639e+07 -1.17858647e-01  1.35935639e+07 -1.19049817e+00 
 1.46779927e+07 -1.18006797e-01  1.46779927e+07 -1.09986152e+00 
 1.58489319e+07 -1.18000052e-01  1.58489319e+07 -1.01573092e+00 
 1.71132830e+07 -1.17840356e-01  1.71132830e+07 -9.37616480e-01 
 1.84784980e+07 -1.17526744e-01  1.84784980e+07 -8.65065060e-01 
 1.99526231e+07 -1.17055540e-01  1.99526231e+07 -7.97657894e-01 
 2.15443469e+07 -1.16420555e-01  2.15443469e+07 -7.35008429e-01 
 2.32630507e+07 -1.15613305e-01  2.32630507e+07 -6.76760397e-01 
 2.51188643e+07 -1.14623271e-01  2.51188643e+07 -6.22586090e-01 
 2.71227258e+07 -1.13438223e-01  2.71227258e+07 -5.72184835e-01 
 2.92864456e+07 -1.12044638e-01  2.92864456e+07 -5.25281629e-01 
 3.16227766e+07 -1.10428231e-01  3.16227766e+07 -4.81625902e-01 
 3.41454887e+07 -1.08574619e-01  3.41454887e+07 -4.40990376e-01 
 3.68694506e+07 -1.06470146e-01  3.68694506e+07 -4.03169945e-01 
 3.98107171e+07 -1.04102852e-01  3.98107171e+07 -3.67980537e-01 
 4.29866235e+07 -1.01463584e-01  4.29866235e+07 -3.35257865e-01 
 4.64158883e+07 -9.85472014e-02  4.64158883e+07 -3.04856004e-01 
 5.01187234e+07 -9.53538085e-02  5.01187234e+07 -2.76645722e-01 
 5.41169527e+07 -9.18899202e-02  5.41169527e+07 -2.50512519e-01 
 5.84341413e+07 -8.81694287e-02  5.84341413e+07 -2.26354362e-01 
 6.30957344e+07 -8.42142419e-02  6.30957344e+07 -2.04079131e-01 
 6.81292069e+07 -8.00544570e-02  6.81292069e+07 -1.83601882e-01 
 7.35642254e+07 -7.57279687e-02  7.35642254e+07 -1.64842054e-01 
 7.94328235e+07 -7.12794603e-02  7.94328235e+07 -1.47720806e-01 
 8.57695899e+07 -6.67588055e-02  8.57695899e+07 -1.32158699e-01 
 9.26118728e+07 -6.22189833e-02  9.26118728e+07 -1.18073907e-01 
 1.00000000e+08 -5.77136895e-02  1.00000000e+08 -1.05381110e-01 
 1.07977516e+08 -5.32948703e-02  1.07977516e+08 -9.39911392e-02 
 1.16591440e+08 -4.90104196e-02  1.16591440e+08 -8.38113490e-02 
 1.25892541e+08 -4.49022538e-02  1.25892541e+08 -7.47466161e-02 
 1.35935639e+08 -4.10049185e-02  1.35935639e+08 -6.67007841e-02 
 1.46779927e+08 -3.73448011e-02  1.46779927e+08 -5.95783484e-02 
 1.58489319e+08 -3.39399455e-02  1.58489319e+08 -5.32861717e-02 
 1.71132830e+08 -3.08003960e-02  1.71132830e+08 -4.77350546e-02 
 1.84784980e+08 -2.79289524e-02  1.84784980e+08 -4.28410324e-02 
 1.99526231e+08 -2.53221997e-02  1.99526231e+08 -3.85263288e-02 
 2.15443469e+08 -2.29716784e-02  2.15443469e+08 -3.47199473e-02 
 2.32630507e+08 -2.08650780e-02  2.32630507e+08 -3.13579216e-02 
 2.51188643e+08 -1.89873670e-02  2.51188643e+08 -2.83832769e-02 
 2.71227258e+08 -1.73218003e-02  2.71227258e+08 -2.57457630e-02 
 2.92864456e+08 -1.58507704e-02  2.92864456e+08 -2.34014257e-02 
 3.16227766e+08 -1.45564945e-02  3.16227766e+08 -2.13120770e-02 
 3.41454887e+08 -1.34215413e-02  3.41454887e+08 -1.94447141e-02 
 3.68694506e+08 -1.24292142e-02  3.68694506e+08 -1.77709279e-02 
 3.98107171e+08 -1.15638096e-02  3.98107171e+08 -1.62663290e-02 
 4.29866235e+08 -1.08107756e-02  4.29866235e+08 -1.49100101e-02 
 4.64158883e+08 -1.01567900e-02  4.64158883e+08 -1.36840563e-02 
 5.01187234e+08 -9.58977819e-03  5.01187234e+08 -1.25731087e-02 
 5.41169527e+08 -9.09888796e-03  5.41169527e+08 -1.15639800e-02 
 5.84341413e+08 -8.67443386e-03  5.84341413e+08 -1.06453235e-02 
 6.30957344e+08 -8.30782285e-03  6.30957344e+08 -9.80734784e-03 
 6.81292069e+08 -7.99146900e-03  6.81292069e+08 -9.04157559e-03 
 7.35642254e+08 -7.71870371e-03  7.35642254e+08 -8.34063918e-03 
 7.94328235e+08 -7.48368562e-03  7.94328235e+08 -7.69810954e-03 
 8.57695899e+08 -7.28131348e-03  8.57695899e+08 -7.10835270e-03 
 9.26118728e+08 -7.10714373e-03  9.26118728e+08 -6.56641014e-03 
 1.00000000e+09 -6.95731415e-03  1.00000000e+09 -6.06789899e-03 
 1.07977516e+09 -6.82847398e-03  1.07977516e+09 -5.60892889e-03 
 1.16591440e+09 -6.71772073e-03  1.16591440e+09 -5.18603262e-03 
 1.25892541e+09 -6.62254364e-03  1.25892541e+09 -4.79610816e-03 
 1.35935639e+09 -6.54077326e-03  1.35935639e+09 -4.43637018e-03 
 1.46779927e+09 -6.47053691e-03  1.46779927e+09 -4.10430929e-03 
 1.58489319e+09 -6.41021949e-03  1.58489319e+09 -3.79765767e-03 
 1.71132830e+09 -6.35842904e-03  1.71132830e+09 -3.51436005e-03 
 1.84784980e+09 -6.31396668e-03  1.84784980e+09 -3.25254896e-03 
 1.99526231e+09 -6.27580044e-03  1.99526231e+09 -3.01052367e-03 
 2.15443469e+09 -6.24304240e-03  2.15443469e+09 -2.78673206e-03 
 2.32630507e+09 -6.21492892e-03  2.32630507e+09 -2.57975505e-03 
 2.51188643e+09 -6.19080350e-03  2.51188643e+09 -2.38829303e-03 
 2.71227258e+09 -6.17010191e-03  2.71227258e+09 -2.21115407e-03 
 2.92864456e+09 -6.15233935e-03  2.92864456e+09 -2.04724362e-03 
 3.16227766e+09 -6.13709940e-03  3.16227766e+09 -1.89555542e-03 
 3.41454887e+09 -6.12402440e-03  3.41454887e+09 -1.75516346e-03 
 3.68694506e+09 -6.11280725e-03  3.68694506e+09 -1.62521484e-03 
 3.98107171e+09 -6.10318431e-03  3.98107171e+09 -1.50492345e-03 
 4.29866235e+09 -6.09492925e-03  4.29866235e+09 -1.39356420e-03 
 4.64158883e+09 -6.08784780e-03  4.64158883e+09 -1.29046797e-03 
 5.01187234e+09 -6.08177326e-03  5.01187234e+09 -1.19501696e-03 
 5.41169527e+09 -6.07656255e-03  5.41169527e+09 -1.10664052e-03 
 5.84341413e+09 -6.07209289e-03  5.84341413e+09 -1.02481133e-03 
 6.30957344e+09 -6.06825897e-03  6.30957344e+09 -9.49042005e-04 
 6.81292069e+09 -6.06497038e-03  6.81292069e+09 -8.78881912e-04 
 7.35642254e+09 -6.06214960e-03  7.35642254e+09 -8.13914311e-04 
 7.94328235e+09 -6.05973009e-03  7.94328235e+09 -7.53753731e-04 
 8.57695899e+09 -6.05765480e-03  8.57695899e+09 -6.98043556e-04 
 9.26118728e+09 -6.05587476e-03  9.26118728e+09 -6.46453821e-04 
 1.00000000e+10 -6.05434797e-03  1.00000000e+10 -5.98679176e-04 
