 1.00000000e+00  2.82653970e+02  1.00000000e+00 -3.30367728e-03 
 1.07977516e+00  2.82653970e+02  1.07977516e+00 -3.56722867e-03 
 1.16591440e+00  2.82653970e+02  1.16591440e+00 -3.85180491e-03 
 1.25892541e+00  2.82653970e+02  1.25892541e+00 -4.15908328e-03 
 1.35935639e+00  2.82653970e+02  1.35935639e+00 -4.49087482e-03 
 1.46779927e+00  2.82653970e+02  1.46779927e+00 -4.84913509e-03 
 1.58489319e+00  2.82653970e+02  1.58489319e+00 -5.23597563e-03 
 1.71132830e+00  2.82653970e+02  1.71132830e+00 -5.65367643e-03 
 1.84784980e+00  2.82653970e+02  1.84784980e+00 -6.10469939e-03 
 1.99526231e+00  2.82653970e+02  1.99526231e+00 -6.59170277e-03 
 2.15443469e+00  2.82653970e+02  2.15443469e+00 -7.11755693e-03 
 2.32630507e+00  2.82653970e+02  2.32630507e+00 -7.68536119e-03 
 2.51188643e+00  2.82653970e+02  2.51188643e+00 -8.29846212e-03 
 2.71227258e+00  2.82653970e+02  2.71227258e+00 -8.96047328e-03 
 2.92864456e+00  2.82653970e+02  2.92864456e+00 -9.67529649e-03 
 3.16227766e+00  2.82653970e+02  3.16227766e+00 -1.04471448e-02 
 3.41454887e+00  2.82653970e+02  3.41454887e+00 -1.12805675e-02 
 3.68694506e+00  2.82653970e+02  3.68694506e+00 -1.21804766e-02 
 3.98107171e+00  2.82653970e+02  3.98107171e+00 -1.31521761e-02 
 4.29866235e+00  2.82653970e+02  4.29866235e+00 -1.42013931e-02 
 4.64158883e+00  2.82653969e+02  4.64158883e+00 -1.53343115e-02 
 5.01187234e+00  2.82653969e+02  5.01187234e+00 -1.65576087e-02 
 5.41169527e+00  2.82653969e+02  5.41169527e+00 -1.78784946e-02 
 5.84341413e+00  2.82653969e+02  5.84341413e+00 -1.93047544e-02 
 6.30957344e+00  2.82653969e+02  6.30957344e+00 -2.08447943e-02 
 6.81292069e+00  2.82653969e+02  6.81292069e+00 -2.25076911e-02 
 7.35642254e+00  2.82653968e+02  7.35642254e+00 -2.43032458e-02 
 7.94328235e+00  2.82653968e+02  7.94328235e+00 -2.62420412e-02 
 8.57695899e+00  2.82653967e+02  8.57695899e+00 -2.83355042e-02 
 9.26118728e+00  2.82653967e+02  9.26118728e+00 -3.05959736e-02 
 1.00000000e+01  2.82653966e+02  1.00000000e+01 -3.30367723e-02 
 1.07977516e+01  2.82653966e+02  1.07977516e+01 -3.56722861e-02 
 1.16591440e+01  2.82653965e+02  1.16591440e+01 -3.85180484e-02 
 1.25892541e+01  2.82653964e+02  1.25892541e+01 -4.15908319e-02 
 1.35935639e+01  2.82653963e+02  1.35935639e+01 -4.49087471e-02 
 1.46779927e+01  2.82653962e+02  1.46779927e+01 -4.84913495e-02 
 1.58489319e+01  2.82653961e+02  1.58489319e+01 -5.23597545e-02 
 1.71132830e+01  2.82653959e+02  1.71132830e+01 -5.65367621e-02 
 1.84784980e+01  2.82653957e+02  1.84784980e+01 -6.10469910e-02 
 1.99526231e+01  2.82653955e+02  1.99526231e+01 -6.59170242e-02 
 2.15443469e+01  2.82653952e+02  2.15443469e+01 -7.11755648e-02 
 2.32630507e+01  2.82653949e+02  2.32630507e+01 -7.68536062e-02 
 2.51188643e+01  2.82653946e+02  2.51188643e+01 -8.29846141e-02 
 2.71227258e+01  2.82653942e+02  2.71227258e+01 -8.96047239e-02 
 2.92864456e+01  2.82653937e+02  2.92864456e+01 -9.67529537e-02 
 3.16227766e+01  2.82653932e+02  3.16227766e+01 -1.04471434e-01 
 3.41454887e+01  2.82653925e+02  3.41454887e+01 -1.12805657e-01 
 3.68694506e+01  2.82653918e+02  3.68694506e+01 -1.21804744e-01 
 3.98107171e+01  2.82653909e+02  3.98107171e+01 -1.31521733e-01 
 4.29866235e+01  2.82653899e+02  4.29866235e+01 -1.42013895e-01 
 4.64158883e+01  2.82653887e+02  4.64158883e+01 -1.53343071e-01 
 5.01187234e+01  2.82653873e+02  5.01187234e+01 -1.65576031e-01 
 5.41169527e+01  2.82653857e+02  5.41169527e+01 -1.78784875e-01 
 5.84341413e+01  2.82653839e+02  5.84341413e+01 -1.93047455e-01 
 6.30957344e+01  2.82653817e+02  6.30957344e+01 -2.08447831e-01 
 6.81292069e+01  2.82653791e+02  6.81292069e+01 -2.25076770e-01 
 7.35642254e+01  2.82653761e+02  7.35642254e+01 -2.43032281e-01 
 7.94328235e+01  2.82653727e+02  7.94328235e+01 -2.62420188e-01 
 8.57695899e+01  2.82653686e+02  8.57695899e+01 -2.83354761e-01 
 9.26118728e+01  2.82653639e+02  9.26118728e+01 -3.05959382e-01 
 1.00000000e+02  2.82653584e+02  1.00000000e+02 -3.30367277e-01 
 1.07977516e+02  2.82653520e+02  1.07977516e+02 -3.56722299e-01 
 1.16591440e+02  2.82653446e+02  1.16591440e+02 -3.85179777e-01 
 1.25892541e+02  2.82653359e+02  1.25892541e+02 -4.15907428e-01 
 1.35935639e+02  2.82653257e+02  1.35935639e+02 -4.49086350e-01 
 1.46779927e+02  2.82653139e+02  1.46779927e+02 -4.84912083e-01 
 1.58489319e+02  2.82653001e+02  1.58489319e+02 -5.23595768e-01 
 1.71132830e+02  2.82652840e+02  1.71132830e+02 -5.65365384e-01 
 1.84784980e+02  2.82652652e+02  1.84784980e+02 -6.10467094e-01 
 1.99526231e+02  2.82652434e+02  1.99526231e+02 -6.59166696e-01 
 2.15443469e+02  2.82652179e+02  2.15443469e+02 -7.11751184e-01 
 2.32630507e+02  2.82651882e+02  2.32630507e+02 -7.68530443e-01 
 2.51188643e+02  2.82651535e+02  2.51188643e+02 -8.29839067e-01 
 2.71227258e+02  2.82651131e+02  2.71227258e+02 -8.96038333e-01 
 2.92864456e+02  2.82650660e+02  2.92864456e+02 -9.67518324e-01 
 3.16227766e+02  2.82650111e+02  3.16227766e+02 -1.04470023e+00 
 3.41454887e+02  2.82649470e+02  3.41454887e+02 -1.12803880e+00 
 3.68694506e+02  2.82648724e+02  3.68694506e+02 -1.21802506e+00 
 3.98107171e+02  2.82647853e+02  3.98107171e+02 -1.31518916e+00 
 4.29866235e+02  2.82646839e+02  4.29866235e+02 -1.42010350e+00 
 4.64158883e+02  2.82645655e+02  4.64158883e+02 -1.53338607e+00 
 5.01187234e+02  2.82644276e+02  5.01187234e+02 -1.65570411e+00 
 5.41169527e+02  2.82642667e+02  5.41169527e+02 -1.78777801e+00 
 5.84341413e+02  2.82640792e+02  5.84341413e+02 -1.93038549e+00 
 6.30957344e+02  2.82638606e+02  6.30957344e+02 -2.08436619e+00 
 6.81292069e+02  2.82636057e+02  6.81292069e+02 -2.25062655e+00 
 7.35642254e+02  2.82633085e+02  7.35642254e+02 -2.43014510e+00 
 7.94328235e+02  2.82629620e+02  7.94328235e+02 -2.62397817e+00 
 8.57695899e+02  2.82625580e+02  8.57695899e+02 -2.83326598e+00 
 9.26118728e+02  2.82620870e+02  9.26118728e+02 -3.05923927e+00 
 1.00000000e+03  2.82615380e+02  1.00000000e+03 -3.30322643e+00 
 1.07977516e+03  2.82608978e+02  1.07977516e+03 -3.56666110e+00 
 1.16591440e+03  2.82601514e+02  1.16591440e+03 -3.85109041e+00 
 1.25892541e+03  2.82592813e+02  1.25892541e+03 -4.15818379e+00 
 1.35935639e+03  2.82582669e+02  1.35935639e+03 -4.48974248e+00 
 1.46779927e+03  2.82570842e+02  1.46779927e+03 -4.84770961e+00 
 1.58489319e+03  2.82557055e+02  1.58489319e+03 -5.23418114e+00 
 1.71132830e+03  2.82540981e+02  1.71132830e+03 -5.65141744e+00 
 1.84784980e+03  2.82522244e+02  1.84784980e+03 -6.10185567e+00 
 1.99526231e+03  2.82500400e+02  1.99526231e+03 -6.58812303e+00 
 2.15443469e+03  2.82474937e+02  2.15443469e+03 -7.11305070e+00 
 2.32630507e+03  2.82445254e+02  2.32630507e+03 -7.67968878e+00 
 2.51188643e+03  2.82410655e+02  2.51188643e+03 -8.29132186e+00 
 2.71227258e+03  2.82370326e+02  2.71227258e+03 -8.95148551e+00 
 2.92864456e+03  2.82323320e+02  2.92864456e+03 -9.66398344e+00 
 3.16227766e+03  2.82268536e+02  3.16227766e+03 -1.04329053e+01 
 3.41454887e+03  2.82204688e+02  3.41454887e+03 -1.12626451e+01 
 3.68694506e+03  2.82130284e+02  3.68694506e+03 -1.21579195e+01 
 3.98107171e+03  2.82043584e+02  3.98107171e+03 -1.31237871e+01 
 4.29866235e+03  2.81942567e+02  4.29866235e+03 -1.41656663e+01 
 4.64158883e+03  2.81824881e+02  4.64158883e+03 -1.52893529e+01 
 5.01187234e+03  2.81687793e+02  5.01187234e+03 -1.65010367e+01 
 5.41169527e+03  2.81528129e+02  5.41169527e+03 -1.78073150e+01 
 5.84341413e+03  2.81342202e+02  5.84341413e+03 -1.92152038e+01 
 6.30957344e+03  2.81125737e+02  6.30957344e+03 -2.07321434e+01 
 6.81292069e+03  2.80873777e+02  6.81292069e+03 -2.23659991e+01 
 7.35642254e+03  2.80580583e+02  7.35642254e+03 -2.41250523e+01 
 7.94328235e+03  2.80239516e+02  7.94328235e+03 -2.60179814e+01 
 8.57695899e+03  2.79842905e+02  8.57695899e+03 -2.80538287e+01 
 9.26118728e+03  2.79381905e+02  9.26118728e+03 -3.02419490e+01 
 1.00000000e+04  2.78846333e+02  1.00000000e+04 -3.25919357e+01 
 1.07977516e+04  2.78224486e+02  1.07977516e+04 -3.51135183e+01 
 1.16591440e+04  2.77502958e+02  1.16591440e+04 -3.78164248e+01 
 1.25892541e+04  2.76666426e+02  1.25892541e+04 -4.07102016e+01 
 1.35935639e+04  2.75697445e+02  1.35935639e+04 -4.38039803e+01 
 1.46779927e+04  2.74576227e+02  1.46779927e+04 -4.71061841e+01 
 1.58489319e+04  2.73280437e+02  1.58489319e+04 -5.06241602e+01 
 1.71132830e+04  2.71785009e+02  1.71132830e+04 -5.43637293e+01 
 1.84784980e+04  2.70061991e+02  1.84784980e+04 -5.83286399e+01 
 1.99526231e+04  2.68080469e+02  1.99526231e+04 -6.25199206e+01 
 2.15443469e+04  2.65806571e+02  2.15443469e+04 -6.69351231e+01 
 2.32630507e+04  2.63203606e+02  2.32630507e+04 -7.15674585e+01 
 2.51188643e+04  2.60232384e+02  2.51188643e+04 -7.64048366e+01 
 2.71227258e+04  2.56851754e+02  2.71227258e+04 -8.14288305e+01 
 2.92864456e+04  2.53019423e+02  2.92864456e+04 -8.66136104e+01 
 3.16227766e+04  2.48693110e+02  3.16227766e+04 -9.19249067e+01 
 3.41454887e+04  2.43832062e+02  3.41454887e+04 -9.73190937e+01 
 3.68694506e+04  2.38398972e+02  3.68694506e+04 -1.02742508e+02 
 3.98107171e+04  2.32362272e+02  3.98107171e+04 -1.08131146e+02 
 4.29866235e+04  2.25698744e+02  4.29866235e+04 -1.13410886e+02 
 4.64158883e+04  2.18396338e+02  4.64158883e+04 -1.18498415e+02 
 5.01187234e+04  2.10456992e+02  5.01187234e+04 -1.23302961e+02 
 5.41169527e+04  2.01899204e+02  5.41169527e+04 -1.27728940e+02 
 5.84341413e+04  1.92760047e+02  5.84341413e+04 -1.31679491e+02 
 6.30957344e+04  1.83096287e+02  6.30957344e+04 -1.35060776e+02 
 6.81292069e+04  1.72984322e+02  6.81292069e+04 -1.37786784e+02 
 7.35642254e+04  1.62518711e+02  7.35642254e+04 -1.39784256e+02 
 7.94328235e+04  1.51809248e+02  7.94328235e+04 -1.40997246e+02 
 8.57695899e+04  1.40976697e+02  8.57695899e+04 -1.41390835e+02 
 9.26118728e+04  1.30147504e+02  9.26118728e+04 -1.40953536e+02 
 1.00000000e+05  1.19447957e+02  1.00000000e+05 -1.39698105e+02 
 1.07977516e+05  1.08998366e+02  1.07977516e+05 -1.37660645e+02 
 1.16591440e+05  9.89078184e+01  1.16591440e+05 -1.34898116e+02 
 1.25892541e+05  8.92699771e+01  1.25892541e+05 -1.31484568e+02 
 1.35935639e+05  8.01602271e+01  1.35935639e+05 -1.27506549e+02 
 1.46779927e+05  7.16342878e+01  1.46779927e+05 -1.23058173e+02 
 1.58489319e+05  6.37282149e+01  1.58489319e+05 -1.18236335e+02 
 1.71132830e+05  5.64595772e+01  1.71132830e+05 -1.13136447e+02 
 1.84784980e+05  4.98295074e+01  1.84784980e+05 -1.07848943e+02 
 1.99526231e+05  4.38252946e+01  1.99526231e+05 -1.02456691e+02 
 2.15443469e+05  3.84232129e+01  2.15443469e+05 -9.70332921e+01 
 2.32630507e+05  3.35913277e+01  2.32630507e+05 -9.16422067e+01 
 2.51188643e+05  2.92920961e+01  2.51188643e+05 -8.63365568e+01 
 2.71227258e+05  2.54846413e+01  2.71227258e+05 -8.11594552e+01 
 2.92864456e+05  2.21266458e+01  2.92864456e+05 -7.61447020e+01 
 3.16227766e+05  1.91758524e+01  3.16227766e+05 -7.13177102e+01 
 3.41454887e+05  1.65911950e+01  3.41454887e+05 -6.66965457e+01 
 3.68694506e+05  1.43336033e+01  3.68694506e+05 -6.22929939e+01 
 3.98107171e+05  1.23665304e+01  3.98107171e+05 -5.81135914e+01 
 4.29866235e+05  1.06562576e+01  4.29866235e+05 -5.41605824e+01 
 4.64158883e+05  9.17202652e+00  4.64158883e+05 -5.04327767e+01 
 5.01187234e+05  7.88604240e+00  5.01187234e+05 -4.69263012e+01 
 5.41169527e+05  6.77338518e+00  5.41169527e+05 -4.36352418e+01 
 5.84341413e+05  5.81185970e+00  5.84341413e+05 -4.05521838e+01 
 6.30957344e+05  4.98180775e+00  6.30957344e+05 -3.76686579e+01 
 6.81292069e+05  4.26590010e+00  6.81292069e+05 -3.49755036e+01 
 7.35642254e+05  3.64892171e+00  7.35642254e+05 -3.24631594e+01 
 7.94328235e+05  3.11755920e+00  7.94328235e+05 -3.01218928e+01 
 8.57695899e+05  2.66019691e+00  8.57695899e+05 -2.79419779e+01 
 9.26118728e+05  2.26672539e+00  9.26118728e+05 -2.59138315e+01 
 1.00000000e+06  1.92836467e+00  1.00000000e+06 -2.40281132e+01 
 1.07977516e+06  1.63750313e+00  1.07977516e+06 -2.22757983e+01 
 1.16591440e+06  1.38755215e+00  1.16591440e+06 -2.06482281e+01 
 1.25892541e+06  1.17281616e+00  1.25892541e+06 -1.91371424e+01 
 1.35935639e+06  9.88377113e-01  1.35935639e+06 -1.77346978e+01 
 1.46779927e+06  8.29992430e-01  1.46779927e+06 -1.64334756e+01 
 1.58489319e+06  6.94005262e-01  1.58489319e+06 -1.52264817e+01 
 1.71132830e+06  5.77265848e-01  1.71132830e+06 -1.41071397e+01 
 1.84784980e+06  4.77062846e-01  1.84784980e+06 -1.30692805e+01 
 1.99526231e+06  3.91063521e-01  1.99526231e+06 -1.21071277e+01 
 2.15443469e+06  3.17261777e-01  2.15443469e+06 -1.12152815e+01 
 2.32630507e+06  2.53933083e-01  2.32630507e+06 -1.03887010e+01 
 2.51188643e+06  1.99595448e-01  2.51188643e+06 -9.62268607e+00 
 2.71227258e+06  1.52975675e-01  2.71227258e+06 -8.91285811e+00 
 2.92864456e+06  1.12980224e-01  2.92864456e+06 -8.25514194e+00 
 3.16227766e+06  7.86700614e-02  3.16227766e+06 -7.64574723e+00 
 3.41454887e+06  4.92389958e-02  3.41454887e+06 -7.08115080e+00 
 3.68694506e+06  2.39950063e-02  3.68694506e+06 -6.55807944e+00 
 3.98107171e+06  2.34417571e-03  3.98107171e+06 -6.07349350e+00 
 4.29866235e+06 -1.62231336e-02  4.29866235e+06 -5.62457132e+00 
 4.64158883e+06 -3.21441658e-02  4.64158883e+06 -5.20869436e+00 
 5.01187234e+06 -4.57939877e-02  5.01187234e+06 -4.82343325e+00 
 5.41169527e+06 -5.74942646e-02  5.41169527e+06 -4.46653461e+00 
 5.84341413e+06 -6.75207977e-02  5.84341413e+06 -4.13590873e+00 
 6.30957344e+06 -7.61099929e-02  6.30957344e+06 -3.82961793e+00 
 6.81292069e+06 -8.34644120e-02  6.81292069e+06 -3.54586576e+00 
 7.35642254e+06 -8.97575331e-02  7.35642254e+06 -3.28298686e+00 
 7.94328235e+06 -9.51378315e-02  7.94328235e+06 -3.03943754e+00 
 8.57695899e+06 -9.97322742e-02  8.57695899e+06 -2.81378696e+00 
 9.26118728e+06 -1.03649312e-01  9.26118728e+06 -2.60470896e+00 
 1.00000000e+07 -1.06981439e-01  1.00000000e+07 -2.41097445e+00 
 1.07977516e+07 -1.09807375e-01  1.07977516e+07 -2.23144430e+00 
 1.16591440e+07 -1.12193927e-01  1.16591440e+07 -2.06506281e+00 
 1.25892541e+07 -1.14197581e-01  1.25892541e+07 -1.91085159e+00 
 1.35935639e+07 -1.15865841e-01  1.35935639e+07 -1.76790393e+00 
 1.46779927e+07 -1.17238373e-01  1.46779927e+07 -1.63537953e+00 
 1.58489319e+07 -1.18347961e-01  1.58489319e+07 -1.51249971e+00 
 1.71132830e+07 -1.19221324e-01  1.71132830e+07 -1.39854290e+00 
 1.84784980e+07 -1.19879781e-01  1.84784980e+07 -1.29284053e+00 
 1.99526231e+07 -1.20339826e-01  1.99526231e+07 -1.19477323e+00 
 2.15443469e+07 -1.20613592e-01  2.15443469e+07 -1.10376734e+00 
 2.32630507e+07 -1.20709244e-01  2.32630507e+07 -1.01929172e+00 
 2.51188643e+07 -1.20631318e-01  2.51188643e+07 -9.40854828e-01 
 2.71227258e+07 -1.20381006e-01  2.71227258e+07 -8.68002096e-01 
 2.92864456e+07 -1.19956422e-01  2.92864456e+07 -8.00313510e-01 
 3.16227766e+07 -1.19352868e-01  3.16227766e+07 -7.37401473e-01 
 3.41454887e+07 -1.18563105e-01  3.41454887e+07 -6.78908878e-01 
 3.68694506e+07 -1.17577675e-01  3.68694506e+07 -6.24507391e-01 
 3.98107171e+07 -1.16385288e-01  3.98107171e+07 -5.73895924e-01 
 4.29866235e+07 -1.14973290e-01  4.29866235e+07 -5.26799266e-01 
 4.64158883e+07 -1.13328267e-01  4.64158883e+07 -4.82966841e-01 
 5.01187234e+07 -1.11436771e-01  5.01187234e+07 -4.42171536e-01 
 5.41169527e+07 -1.09286204e-01  5.41169527e+07 -4.04208556e-01 
 5.84341413e+07 -1.06865848e-01  5.84341413e+07 -3.68894226e-01 
 6.30957344e+07 -1.04168021e-01  6.30957344e+07 -3.36064674e-01 
 6.81292069e+07 -1.01189314e-01  6.81292069e+07 -3.05574325e-01 
 7.35642254e+07 -9.79318319e-02  7.35642254e+07 -2.77294126e-01 
 7.94328235e+07 -9.44043214e-02  7.94328235e+07 -2.51109482e-01 
 8.57695899e+07 -9.06230812e-02  8.57695899e+07 -2.26917883e-01 
 9.26118728e+07 -8.66124924e-02  9.26118728e+07 -2.04626268e-01 
 1.00000000e+08 -8.24050560e-02  1.00000000e+08 -1.84148235e-01 
 1.07977516e+08 -7.80408422e-02  1.07977516e+08 -1.65401241e-01 
 1.16591440e+08 -7.35663217e-02  1.16591440e+08 -1.48303998e-01 
 1.25892541e+08 -6.90326235e-02  1.25892541e+08 -1.32774255e-01 
 1.35935639e+08 -6.44933494e-02  1.35935639e+08 -1.18727165e-01 
 1.46779927e+08 -6.00021400e-02  1.46779927e+08 -1.06074367e-01 
 1.58489319e+08 -5.56102271e-02  1.58489319e+08 -9.47238156e-02 
 1.71132830e+08 -5.13642119e-02  1.71132830e+08 -8.45803257e-02 
 1.84784980e+08 -4.73042695e-02  1.84784980e+08 -7.55467041e-02 
 1.99526231e+08 -4.34629125e-02  1.99526231e+08 -6.75252716e-02 
 2.15443469e+08 -3.98643696e-02  2.15443469e+08 -6.04195709e-02 
 2.32630507e+08 -3.65245519e-02  2.32630507e+08 -5.41360533e-02 
 2.51188643e+08 -3.34515222e-02  2.51188643e+08 -4.85855826e-02 
 2.71227258e+08 -3.06463399e-02  2.71227258e+08 -4.36846393e-02 
 2.92864456e+08 -2.81041435e-02  2.92864456e+08 -3.93561727e-02 
 3.16227766e+08 -2.58153408e-02  3.16227766e+08 -3.55300919e-02 
 3.41454887e+08 -2.37667958e-02  3.41454887e+08 -3.21434283e-02 
 3.68694506e+08 -2.19429330e-02  3.68694506e+08 -2.91402225e-02 
 3.98107171e+08 -2.03267067e-02  3.98107171e+08 -2.64712025e-02 
 4.29866235e+08 -1.89004103e-02  4.29866235e+08 -2.40933160e-02 
 4.64158883e+08 -1.76463199e-02  4.64158883e+08 -2.19691768e-02 
 5.01187234e+08 -1.65471808e-02  5.01187234e+08 -2.00664721e-02 
 5.41169527e+08 -1.55865547e-02  5.41169527e+08 -1.83573681e-02 
 5.84341413e+08 -1.47490478e-02  5.84341413e+08 -1.68179407e-02 
 6.30957344e+08 -1.40204451e-02  6.30957344e+08 -1.54276461e-02 
 6.81292069e+08 -1.33877690e-02  6.81292069e+08 -1.41688424e-02 
 7.35642254e+08 -1.28392831e-02  7.35642254e+08 -1.30263653e-02 
 7.94328235e+08 -1.23644574e-02  7.94328235e+08 -1.19871570e-02 
 8.57695899e+08 -1.19539055e-02  8.57695899e+08 -1.10399465e-02 
 9.26118728e+08 -1.15993076e-02  9.26118728e+08 -1.01749756e-02 
 1.00000000e+09 -1.12933231e-02  1.00000000e+09 -9.38376725e-03 
 1.07977516e+09 -1.10295015e-02  1.07977516e+09 -8.65892948e-03 
 1.16591440e+09 -1.08021933e-02  1.16591440e+09 -7.99399113e-03 
 1.25892541e+09 -1.06064649e-02  1.25892541e+09 -7.38326382e-03 
 1.35935639e+09 -1.04380187e-02  1.35935639e+09 -6.82172662e-03 
 1.46779927e+09 -1.02931189e-02  1.46779927e+09 -6.30492951e-03 
 1.58489319e+09 -1.01685240e-02  1.58489319e+09 -5.82891277e-03 
 1.71132830e+09 -1.00614258e-02  1.71132830e+09 -5.39013931e-03 
 1.84784980e+09 -9.96939505e-03  1.84784980e+09 -4.98543807e-03 
 1.99526231e+09 -9.89033246e-03  1.99526231e+09 -4.61195635e-03 
 2.15443469e+09 -9.82242598e-03  2.15443469e+09 -4.26711966e-03 
 2.32630507e+09 -9.76411277e-03  2.32630507e+09 -3.94859777e-03 
 2.51188643e+09 -9.71404598e-03  2.51188643e+09 -3.65427585e-03 
 2.71227258e+09 -9.67106565e-03  2.71227258e+09 -3.38222991e-03 
 2.92864456e+09 -9.63417337e-03  2.92864456e+09 -3.13070572e-03 
 3.16227766e+09 -9.60251019e-03  3.16227766e+09 -2.89810072e-03 
 3.41454887e+09 -9.57533745e-03  3.41454887e+09 -2.68294836e-03 
 3.68694506e+09 -9.55202018e-03  3.68694506e+09 -2.48390446e-03 
 3.98107171e+09 -9.53201271e-03  3.98107171e+09 -2.29973532e-03 
 4.29866235e+09 -9.51484623e-03  4.29866235e+09 -2.12930731e-03 
 4.64158883e+09 -9.50011809e-03  4.64158883e+09 -1.97157764e-03 
 5.01187234e+09 -9.48748248e-03  5.01187234e+09 -1.82558621e-03 
 5.41169527e+09 -9.47664252e-03  5.41169527e+09 -1.69044835e-03 
 5.84341413e+09 -9.46734332e-03  5.84341413e+09 -1.56534832e-03 
 6.30957344e+09 -9.45936610e-03  6.30957344e+09 -1.44953348e-03 
 6.81292069e+09 -9.45252309e-03  6.81292069e+09 -1.34230909e-03 
 7.35642254e+09 -9.44665315e-03  7.35642254e+09 -1.24303350e-03 
 7.94328235e+09 -9.44161799e-03  7.94328235e+09 -1.15111391e-03 
 8.57695899e+09 -9.43729897e-03  8.57695899e+09 -1.06600246e-03 
 9.26118728e+09 -9.43359427e-03  9.26118728e+09 -9.87192650e-04 
 1.00000000e+10 -9.43041656e-03  1.00000000e+10 -9.14216143e-04 
