 1.00000000e+00  2.83311446e+02  1.00000000e+00 -3.35028104e-03 
 1.07977516e+00  2.83311446e+02  1.07977516e+00 -3.61755026e-03 
 1.16591440e+00  2.83311446e+02  1.16591440e+00 -3.90614092e-03 
 1.25892541e+00  2.83311446e+02  1.25892541e+00 -4.21775394e-03 
 1.35935639e+00  2.83311446e+02  1.35935639e+00 -4.55422595e-03 
 1.46779927e+00  2.83311446e+02  1.46779927e+00 -4.91754006e-03 
 1.58489319e+00  2.83311446e+02  1.58489319e+00 -5.30983762e-03 
 1.71132830e+00  2.83311446e+02  1.71132830e+00 -5.73343077e-03 
 1.84784980e+00  2.83311446e+02  1.84784980e+00 -6.19081614e-03 
 1.99526231e+00  2.83311446e+02  1.99526231e+00 -6.68468951e-03 
 2.15443469e+00  2.83311446e+02  2.15443469e+00 -7.21796170e-03 
 2.32630507e+00  2.83311446e+02  2.32630507e+00 -7.79377576e-03 
 2.51188643e+00  2.83311446e+02  2.51188643e+00 -8.41552549e-03 
 2.71227258e+00  2.83311446e+02  2.71227258e+00 -9.08687540e-03 
 2.92864456e+00  2.83311446e+02  2.92864456e+00 -9.81178236e-03 
 3.16227766e+00  2.83311446e+02  3.16227766e+00 -1.05945189e-02 
 3.41454887e+00  2.83311446e+02  3.41454887e+00 -1.14396983e-02 
 3.68694506e+00  2.83311446e+02  3.68694506e+00 -1.23523021e-02 
 3.98107171e+00  2.83311445e+02  3.98107171e+00 -1.33377090e-02 
 4.29866235e+00  2.83311445e+02  4.29866235e+00 -1.44017269e-02 
 4.64158883e+00  2.83311445e+02  4.64158883e+00 -1.55506270e-02 
 5.01187234e+00  2.83311445e+02  5.01187234e+00 -1.67911808e-02 
 5.41169527e+00  2.83311445e+02  5.41169527e+00 -1.81307000e-02 
 5.84341413e+00  2.83311445e+02  5.84341413e+00 -1.95770795e-02 
 6.30957344e+00  2.83311444e+02  6.30957344e+00 -2.11388442e-02 
 6.81292069e+00  2.83311444e+02  6.81292069e+00 -2.28251989e-02 
 7.35642254e+00  2.83311444e+02  7.35642254e+00 -2.46460828e-02 
 7.94328235e+00  2.83311444e+02  7.94328235e+00 -2.66122280e-02 
 8.57695899e+00  2.83311443e+02  8.57695899e+00 -2.87352228e-02 
 9.26118728e+00  2.83311443e+02  9.26118728e+00 -3.10275798e-02 
 1.00000000e+01  2.83311442e+02  1.00000000e+01 -3.35028100e-02 
 1.07977516e+01  2.83311441e+02  1.07977516e+01 -3.61755020e-02 
 1.16591440e+01  2.83311441e+02  1.16591440e+01 -3.90614084e-02 
 1.25892541e+01  2.83311440e+02  1.25892541e+01 -4.21775385e-02 
 1.35935639e+01  2.83311439e+02  1.35935639e+01 -4.55422583e-02 
 1.46779927e+01  2.83311438e+02  1.46779927e+01 -4.91753991e-02 
 1.58489319e+01  2.83311436e+02  1.58489319e+01 -5.30983743e-02 
 1.71132830e+01  2.83311434e+02  1.71132830e+01 -5.73343054e-02 
 1.84784980e+01  2.83311433e+02  1.84784980e+01 -6.19081585e-02 
 1.99526231e+01  2.83311430e+02  1.99526231e+01 -6.68468914e-02 
 2.15443469e+01  2.83311428e+02  2.15443469e+01 -7.21796123e-02 
 2.32630507e+01  2.83311425e+02  2.32630507e+01 -7.79377518e-02 
 2.51188643e+01  2.83311421e+02  2.51188643e+01 -8.41552475e-02 
 2.71227258e+01  2.83311417e+02  2.71227258e+01 -9.08687447e-02 
 2.92864456e+01  2.83311412e+02  2.92864456e+01 -9.81178119e-02 
 3.16227766e+01  2.83311406e+02  3.16227766e+01 -1.05945174e-01 
 3.41454887e+01  2.83311400e+02  3.41454887e+01 -1.14396965e-01 
 3.68694506e+01  2.83311392e+02  3.68694506e+01 -1.23522998e-01 
 3.98107171e+01  2.83311383e+02  3.98107171e+01 -1.33377061e-01 
 4.29866235e+01  2.83311373e+02  4.29866235e+01 -1.44017233e-01 
 4.64158883e+01  2.83311361e+02  4.64158883e+01 -1.55506224e-01 
 5.01187234e+01  2.83311347e+02  5.01187234e+01 -1.67911750e-01 
 5.41169527e+01  2.83311330e+02  5.41169527e+01 -1.81306926e-01 
 5.84341413e+01  2.83311311e+02  5.84341413e+01 -1.95770703e-01 
 6.30957344e+01  2.83311288e+02  6.30957344e+01 -2.11388325e-01 
 6.81292069e+01  2.83311262e+02  6.81292069e+01 -2.28251842e-01 
 7.35642254e+01  2.83311232e+02  7.35642254e+01 -2.46460644e-01 
 7.94328235e+01  2.83311196e+02  7.94328235e+01 -2.66122048e-01 
 8.57695899e+01  2.83311155e+02  8.57695899e+01 -2.87351936e-01 
 9.26118728e+01  2.83311106e+02  9.26118728e+01 -3.10275430e-01 
 1.00000000e+02  2.83311050e+02  1.00000000e+02 -3.35027636e-01 
 1.07977516e+02  2.83310984e+02  1.07977516e+02 -3.61754436e-01 
 1.16591440e+02  2.83310908e+02  1.16591440e+02 -3.90613350e-01 
 1.25892541e+02  2.83310818e+02  1.25892541e+02 -4.21774460e-01 
 1.35935639e+02  2.83310714e+02  1.35935639e+02 -4.55421419e-01 
 1.46779927e+02  2.83310593e+02  1.46779927e+02 -4.91752526e-01 
 1.58489319e+02  2.83310451e+02  1.58489319e+02 -5.30981898e-01 
 1.71132830e+02  2.83310286e+02  1.71132830e+02 -5.73340731e-01 
 1.84784980e+02  2.83310094e+02  1.84784980e+02 -6.19078661e-01 
 1.99526231e+02  2.83309869e+02  1.99526231e+02 -6.68465232e-01 
 2.15443469e+02  2.83309608e+02  2.15443469e+02 -7.21791488e-01 
 2.32630507e+02  2.83309303e+02  2.32630507e+02 -7.79371683e-01 
 2.51188643e+02  2.83308947e+02  2.51188643e+02 -8.41545130e-01 
 2.71227258e+02  2.83308533e+02  2.71227258e+02 -9.08678200e-01 
 2.92864456e+02  2.83308049e+02  2.92864456e+02 -9.81166477e-01 
 3.16227766e+02  2.83307486e+02  3.16227766e+02 -1.05943709e+00 
 3.41454887e+02  2.83306829e+02  3.41454887e+02 -1.14395120e+00 
 3.68694506e+02  2.83306062e+02  3.68694506e+02 -1.23520675e+00 
 3.98107171e+02  2.83305169e+02  3.98107171e+02 -1.33374137e+00 
 4.29866235e+02  2.83304128e+02  4.29866235e+02 -1.44013551e+00 
 4.64158883e+02  2.83302914e+02  4.64158883e+02 -1.55501589e+00 
 5.01187234e+02  2.83301498e+02  5.01187234e+02 -1.67905915e+00 
 5.41169527e+02  2.83299848e+02  5.41169527e+02 -1.81299581e+00 
 5.84341413e+02  2.83297924e+02  5.84341413e+02 -1.95761455e+00 
 6.30957344e+02  2.83295680e+02  6.30957344e+02 -2.11376684e+00 
 6.81292069e+02  2.83293064e+02  6.81292069e+02 -2.28237186e+00 
 7.35642254e+02  2.83290015e+02  7.35642254e+02 -2.46442193e+00 
 7.94328235e+02  2.83286460e+02  7.94328235e+02 -2.66098821e+00 
 8.57695899e+02  2.83282314e+02  8.57695899e+02 -2.87322694e+00 
 9.26118728e+02  2.83277482e+02  9.26118728e+02 -3.10238618e+00 
 1.00000000e+03  2.83271847e+02  1.00000000e+03 -3.34981294e+00 
 1.07977516e+03  2.83265278e+02  1.07977516e+03 -3.61696096e+00 
 1.16591440e+03  2.83257620e+02  1.16591440e+03 -3.90539905e+00 
 1.25892541e+03  2.83248691e+02  1.25892541e+03 -4.21682002e+00 
 1.35935639e+03  2.83238282e+02  1.35935639e+03 -4.55305026e+00 
 1.46779927e+03  2.83226147e+02  1.46779927e+03 -4.91606002e+00 
 1.58489319e+03  2.83211999e+02  1.58489319e+03 -5.30797444e+00 
 1.71132830e+03  2.83195506e+02  1.71132830e+03 -5.73108532e+00 
 1.84784980e+03  2.83176279e+02  1.84784980e+03 -6.18786359e+00 
 1.99526231e+03  2.83153866e+02  1.99526231e+03 -6.68097275e+00 
 2.15443469e+03  2.83127738e+02  2.15443469e+03 -7.21328301e+00 
 2.32630507e+03  2.83097281e+02  2.32630507e+03 -7.78788628e+00 
 2.51188643e+03  2.83061779e+02  2.51188643e+03 -8.40811200e+00 
 2.71227258e+03  2.83020398e+02  2.71227258e+03 -9.07754373e+00 
 2.92864456e+03  2.82972167e+02  2.92864456e+03 -9.80003649e+00 
 3.16227766e+03  2.82915955e+02  3.16227766e+03 -1.05797346e+01 
 3.41454887e+03  2.82850444e+02  3.41454887e+03 -1.14210904e+01 
 3.68694506e+03  2.82774102e+02  3.68694506e+03 -1.23288824e+01 
 3.98107171e+03  2.82685146e+02  3.98107171e+03 -1.33082347e+01 
 4.29866235e+03  2.82581501e+02  4.29866235e+03 -1.43646345e+01 
 4.64158883e+03  2.82460756e+02  4.64158883e+03 -1.55039504e+01 
 5.01187234e+03  2.82320108e+02  5.01187234e+03 -1.67324476e+01 
 5.41169527e+03  2.82156301e+02  5.41169527e+03 -1.80568022e+01 
 5.84341413e+03  2.81965556e+02  5.84341413e+03 -1.94841105e+01 
 6.30957344e+03  2.81743489e+02  6.30957344e+03 -2.10218953e+01 
 6.81292069e+03  2.81485019e+02  6.81292069e+03 -2.26781040e+01 
 7.35642254e+03  2.81184263e+02  7.35642254e+03 -2.44610991e+01 
 7.94328235e+03  2.80834417e+02  7.94328235e+03 -2.63796370e+01 
 8.57695899e+03  2.80427624e+02  8.57695899e+03 -2.84428320e+01 
 9.26118728e+03  2.79954823e+02  9.26118728e+03 -3.06601020e+01 
 1.00000000e+04  2.79405586e+02  1.00000000e+04 -3.30410902e+01 
 1.07977516e+04  2.78767936e+02  1.07977516e+04 -3.55955573e+01 
 1.16591440e+04  2.78028155e+02  1.16591440e+04 -3.83332381e+01 
 1.25892541e+04  2.77170575e+02  1.25892541e+04 -4.12636529e+01 
 1.35935639e+04  2.76177362e+02  1.35935639e+04 -4.43958658e+01 
 1.46779927e+04  2.75028309e+02  1.46779927e+04 -4.77381789e+01 
 1.58489319e+04  2.73700621e+02  1.58489319e+04 -5.12977527e+01 
 1.71132830e+04  2.72168739e+02  1.71132830e+04 -5.50801398e+01 
 1.84784980e+04  2.70404199e+02  1.84784980e+04 -5.90887236e+01 
 1.99526231e+04  2.68375559e+02  1.99526231e+04 -6.33240522e+01 
 2.15443469e+04  2.66048423e+02  2.15443469e+04 -6.77830627e+01 
 2.32630507e+04  2.63385610e+02  2.32630507e+04 -7.24582005e+01 
 2.51188643e+04  2.60347500e+02  2.51188643e+04 -7.73364420e+01 
 2.71227258e+04  2.56892611e+02  2.71227258e+04 -8.23982502e+01 
 2.92864456e+04  2.52978477e+02  2.92864456e+04 -8.76165048e+01 
 3.16227766e+04  2.48562846e+02  3.16227766e+04 -9.29554756e+01 
 3.41454887e+04  2.43605272e+02  3.41454887e+04 -9.83699322e+01 
 3.68694506e+04  2.38069088e+02  3.68694506e+04 -1.03804509e+02 
 3.98107171e+04  2.31923765e+02  3.98107171e+04 -1.09193473e+02 
 4.29866235e+04  2.25147564e+02  4.29866235e+04 -1.14461044e+02 
 4.64158883e+04  2.17730380e+02  4.64158883e+04 -1.19522441e+02 
 5.01187234e+04  2.09676546e+02  5.01187234e+04 -1.24285753e+02 
 5.41169527e+04  2.01007346e+02  5.41169527e+04 -1.28654736e+02 
 5.84341413e+04  1.91762919e+02  5.84341413e+04 -1.32532482e+02 
 6.30957344e+04  1.82003215e+02  6.30957344e+04 -1.35825828e+02 
 6.81292069e+04  1.71807730e+02  6.81292069e+04 -1.38450214e+02 
 7.35642254e+04  1.61273802e+02  7.35642254e+04 -1.40334601e+02 
 7.94328235e+04  1.50513467e+02  7.94328235e+04 -1.41425939e+02 
 8.57695899e+04  1.39648996e+02  8.57695899e+04 -1.41692718e+02 
 9.26118728e+04  1.28807478e+02  9.26118728e+04 -1.41127144e+02 
 1.00000000e+05  1.18114934e+02  1.00000000e+05 -1.39745695e+02 
 1.07977516e+05  1.07690537e+02  1.07977516e+05 -1.37587961e+02 
 1.16591440e+05  9.76414863e+01  1.16591440e+05 -1.34713929e+02 
 1.25892541e+05  8.80589899e+01  1.25892541e+05 -1.31200052e+02 
 1.35935639e+05  7.90156297e+01  1.35935639e+05 -1.27134557e+02 
 1.46779927e+05  7.05641915e+01  1.46779927e+05 -1.22612498e+02 
 1.58489319e+05  6.27378648e+01  1.58489319e+05 -1.17731018e+02 
 1.71132830e+05  5.55515780e+01  1.71132830e+05 -1.12585181e+02 
 1.84784980e+05  4.90041583e+01  1.84784980e+05 -1.07264605e+02 
 1.99526231e+05  4.30809858e+01  1.99526231e+05 -1.01851005e+02 
 2.15443469e+05  3.77568391e+01  2.15443469e+05 -9.64166259e+01 
 2.32630507e+05  3.29986878e+01  2.32630507e+05 -9.10234754e+01 
 2.51188643e+05  2.87682532e+01  2.51188643e+05 -8.57232219e+01 
 2.71227258e+05  2.50242325e+01  2.71227258e+05 -8.05575891e+01 
 2.92864456e+05  2.17241351e+01  2.92864456e+05 -7.55590977e+01 
 3.16227766e+05  1.88257278e+01  3.16227766e+05 -7.07520178e+01 
 3.41454887e+05  1.62881155e+01  3.41454887e+05 -6.61534201e+01 
 3.68694506e+05  1.40725007e+01  3.68694506e+05 -6.17742433e+01 
 3.98107171e+05  1.21426751e+01  3.98107171e+05 -5.76203182e+01 
 4.29866235e+05  1.04652957e+01  4.29866235e+05 -5.36933123e+01 
 4.64158883e+05  9.00999378e+00  4.64158883e+05 -4.99915741e+01 
 5.01187234e+05  7.74936261e+00  5.01187234e+05 -4.65108685e+01 
 5.41169527e+05  6.65885679e+00  5.41169527e+05 -4.32450049e+01 
 5.84341413e+05  5.71663490e+00  5.84341413e+05 -4.01863630e+01 
 6.30957344e+05  4.90336709e+00  6.30957344e+05 -3.73263269e+01 
 6.81292069e+05  4.20202479e+00  6.81292069e+05 -3.46556364e+01 
 7.35642254e+05  3.59766530e+00  7.35642254e+05 -3.21646693e+01 
 7.94328235e+05  3.07721977e+00  7.94328235e+05 -2.98436619e+01 
 8.57695899e+05  2.62929048e+00  8.57695899e+05 -2.76828811e+01 
 9.26118728e+05  2.24396113e+00  9.26118728e+05 -2.56727537e+01 
 1.00000000e+06  1.91262200e+00  1.00000000e+06 -2.38039633e+01 
 1.07977516e+06  1.62781096e+00  1.07977516e+06 -2.20675188e+01 
 1.16591440e+06  1.38307019e+00  1.16591440e+06 -2.04548020e+01 
 1.25892541e+06  1.17281818e+00  1.25892541e+06 -1.89575975e+01 
 1.35935639e+06  9.92236159e-01  1.35935639e+06 -1.75681098e+01 
 1.46779927e+06  8.37167738e-01  1.46779927e+06 -1.62789695e+01 
 1.58489319e+06  7.04030763e-01  1.58489319e+06 -1.50832318e+01 
 1.71132830e+06  5.89740107e-01  1.71132830e+06 -1.39743695e+01 
 1.84784980e+06  4.91640282e-01  1.84784980e+06 -1.29462613e+01 
 1.99526231e+06  4.07446765e-01  1.99526231e+06 -1.19931773e+01 
 2.15443469e+06  3.35195030e-01  2.15443469e+06 -1.11097624e+01 
 2.32630507e+06  2.73196357e-01  2.32630507e+06 -1.02910184e+01 
 2.51188643e+06  2.19999577e-01  2.51188643e+06 -9.53228583e+00 
 2.71227258e+06  1.74358006e-01  2.71227258e+06 -8.82922456e+00 
 2.92864456e+06  1.35200883e-01  2.92864456e+06 -8.17779575e+00 
 3.16227766e+06  1.01608739e-01  3.16227766e+06 -7.57424334e+00 
 3.41454887e+06  7.27921640e-02  3.41454887e+06 -7.01507634e+00 
 3.68694506e+06  4.80735222e-02  3.68694506e+06 -6.49705175e+00 
 3.98107171e+06  2.68712085e-02  3.98107171e+06 -6.01715827e+00 
 4.29866235e+06  8.68610851e-03  4.29866235e+06 -5.57260072e+00 
 4.64158883e+06 -6.91004571e-03  4.64158883e+06 -5.16078538e+00 
 5.01187234e+06 -2.02846844e-02  5.01187234e+06 -4.77930609e+00 
 5.41169527e+06 -3.17529991e-02  5.41169527e+06 -4.42593116e+00 
 5.84341413e+06 -4.15853288e-02  5.84341413e+06 -4.09859112e+00 
 6.30957344e+06 -5.00135021e-02  6.30957344e+06 -3.79536725e+00 
 6.81292069e+06 -5.72362802e-02  6.81292069e+06 -3.51448081e+00 
 7.35642254e+06 -6.34240282e-02  7.35642254e+06 -3.25428299e+00 
 7.94328235e+06 -6.87227217e-02  7.94328235e+06 -3.01324559e+00 
 8.57695899e+06 -7.32573817e-02  8.57695899e+06 -2.78995228e+00 
 9.26118728e+06 -7.71350190e-02  9.26118728e+06 -2.58309045e+00 
 1.00000000e+07 -8.04471550e-02  1.00000000e+07 -2.39144371e+00 
 1.07977516e+07 -8.32719803e-02  1.07977516e+07 -2.21388485e+00 
 1.16591440e+07 -8.56761992e-02  1.16591440e+07 -2.04936929e+00 
 1.25892541e+07 -8.77166057e-02  1.25892541e+07 -1.89692908e+00 
 1.35935639e+07 -8.94414271e-02  1.35935639e+07 -1.75566724e+00 
 1.46779927e+07 -9.08914675e-02  1.46779927e+07 -1.62475259e+00 
 1.58489319e+07 -9.21010786e-02  1.58489319e+07 -1.50341487e+00 
 1.71132830e+07 -9.30989811e-02  1.71132830e+07 -1.39094032e+00 
 1.84784980e+07 -9.39089575e-02  1.84784980e+07 -1.28666753e+00 
 1.99526231e+07 -9.45504335e-02  1.99526231e+07 -1.18998360e+00 
 2.15443469e+07 -9.50389636e-02  2.15443469e+07 -1.10032062e+00 
 2.32630507e+07 -9.53866345e-02  2.32630507e+07 -1.01715241e+00 
 2.51188643e+07 -9.56023978e-02  2.51188643e+07 -9.39991538e-01 
 2.71227258e+07 -9.56923461e-02  2.71227258e+07 -8.68386552e-01 
 2.92864456e+07 -9.56599399e-02  2.92864456e+07 -8.01919473e-01 
 3.16227766e+07 -9.55062004e-02  3.16227766e+07 -7.40203494e-01 
 3.41454887e+07 -9.52298773e-02  3.41454887e+07 -6.82880898e-01 
 3.68694506e+07 -9.48276058e-02  3.68694506e+07 -6.29621169e-01 
 3.98107171e+07 -9.42940673e-02  3.98107171e+07 -5.80119302e-01 
 4.29866235e+07 -9.36221688e-02  4.29866235e+07 -5.34094282e-01 
 4.64158883e+07 -9.28032602e-02  4.64158883e+07 -4.91287738e-01 
 5.01187234e+07 -9.18274073e-02  5.01187234e+07 -4.51462740e-01 
 5.41169527e+07 -9.06837423e-02  5.41169527e+07 -4.14402719e-01 
 5.84341413e+07 -8.93609090e-02  5.84341413e+07 -3.79910496e-01 
 6.30957344e+07 -8.78476207e-02  6.30957344e+07 -3.47807359e-01 
 6.81292069e+07 -8.61333385e-02  6.81292069e+07 -3.17932164e-01 
 7.35642254e+07 -8.42090685e-02  7.35642254e+07 -2.90140399e-01 
 7.94328235e+07 -8.20682633e-02  7.94328235e+07 -2.64303149e-01 
 8.57695899e+07 -7.97077863e-02  8.57695899e+07 -2.40305916e-01 
 9.26118728e+07 -7.71288827e-02  9.26118728e+07 -2.18047231e-01 
 1.00000000e+08 -7.43380719e-02  1.00000000e+08 -1.97437026e-01 
 1.07977516e+08 -7.13478596e-02  1.07977516e+08 -1.78394773e-01 
 1.16591440e+08 -6.81771621e-02  1.16591440e+08 -1.60847413e-01 
 1.25892541e+08 -6.48513409e-02  1.25892541e+08 -1.44727152e-01 
 1.35935639e+08 -6.14017750e-02  1.35935639e+08 -1.29969253e-01 
 1.46779927e+08 -5.78649448e-02  1.46779927e+08 -1.16509978e-01 
 1.58489319e+08 -5.42810635e-02  1.58489319e+08 -1.04284829e-01 
 1.71132830e+08 -5.06923547e-02  1.71132830e+08 -9.32272487e-02 
 1.84784980e+08 -4.71411299e-02  1.84784980e+08 -8.32678855e-02 
 1.99526231e+08 -4.36678520e-02  1.99526231e+08 -7.43344452e-02 
 2.15443469e+08 -4.03093730e-02  2.15443469e+08 -6.63521144e-02 
 2.32630507e+08 -3.70975049e-02  2.32630507e+08 -5.92444444e-02 
 2.51188643e+08 -3.40580313e-02  2.51188643e+08 -5.29345512e-02 
 2.71227258e+08 -3.12102046e-02  2.71227258e+08 -4.73464635e-02 
 2.92864456e+08 -2.85667083e-02  2.92864456e+08 -4.24064601e-02 
 3.16227766e+08 -2.61340187e-02  3.16227766e+08 -3.80442616e-02 
 3.41454887e+08 -2.39130660e-02  3.41454887e+08 -3.41939907e-02 
 3.68694506e+08 -2.19000858e-02  3.68694506e+08 -3.07948520e-02 
 3.98107171e+08 -2.00875571e-02  3.98107171e+08 -2.77915280e-02 
 4.29866235e+08 -1.84651411e-02  4.29866235e+08 -2.51343135e-02 
 4.64158883e+08 -1.70205545e-02  4.64158883e+08 -2.27790329e-02 
 5.01187234e+08 -1.57403380e-02  5.01187234e+08 -2.06867894e-02 
 5.41169527e+08 -1.46104985e-02  5.41169527e+08 -1.88235991e-02 
 5.84341413e+08 -1.36170205e-02  5.84341413e+08 -1.71599553e-02 
 6.30957344e+08 -1.27462529e-02  6.30957344e+08 -1.56703617e-02 
 6.81292069e+08 -1.19851859e-02  6.81292069e+08 -1.43328634e-02 
 7.35642254e+08 -1.13216334e-02  7.35642254e+08 -1.31285961e-02 
 7.94328235e+08 -1.07443402e-02  7.94328235e+08 -1.20413685e-02 
 8.57695899e+08 -1.02430298e-02  8.57695899e+08 -1.10572830e-02 
 9.26118728e+08 -9.80840804e-03  9.26118728e+08 -1.01643998e-02 
 1.00000000e+09 -9.43213545e-03  1.00000000e+09 -9.35244328e-03 
 1.07977516e+09 -9.10677865e-03  1.07977516e+09 -8.61254847e-03 
 1.16591440e+09 -8.82574864e-03  1.16591440e+09 -7.93704456e-03 
 1.25892541e+09 -8.58323212e-03  1.25892541e+09 -7.31927118e-03 
 1.35935639e+09 -8.37412055e-03  1.35935639e+09 -6.75342358e-03 
 1.46779927e+09 -8.19393975e-03  1.46779927e+09 -6.23442255e-03 
 1.58489319e+09 -8.03878243e-03  1.58489319e+09 -5.75780542e-03 
 1.71132830e+09 -7.90524471e-03  1.71132830e+09 -5.31963503e-03 
 1.84784980e+09 -7.79036752e-03  1.84784980e+09 -4.91642349e-03 
 1.99526231e+09 -7.69158318e-03  1.99526231e+09 -4.54506855e-03 
 2.15443469e+09 -7.60666708e-03  2.15443469e+09 -4.20280031e-03 
 2.32630507e+09 -7.53369451e-03  2.32630507e+09 -3.88713648e-03 
 2.51188643e+09 -7.47100217e-03  2.51188643e+09 -3.59584490e-03 
 2.71227258e+09 -7.41715412e-03  2.71227258e+09 -3.32691183e-03 
 2.92864456e+09 -7.37091181e-03  2.92864456e+09 -3.07851523e-03 
 3.16227766e+09 -7.33120779e-03  3.16227766e+09 -2.84900203e-03 
 3.41454887e+09 -7.29712262e-03  3.41454887e+09 -2.63686879e-03 
 3.68694506e+09 -7.26786488e-03  3.68694506e+09 -2.44074510e-03 
 3.98107171e+09 -7.24275363e-03  3.98107171e+09 -2.25937934e-03 
 4.29866235e+09 -7.22120327e-03  4.29866235e+09 -2.09162638e-03 
 4.64158883e+09 -7.20271035e-03  4.64158883e+09 -1.93643684e-03 
 5.01187234e+09 -7.18684223e-03  5.01187234e+09 -1.79284780e-03 
 5.41169527e+09 -7.17322718e-03  5.41169527e+09 -1.65997456e-03 
 5.84341413e+09 -7.16154590e-03  5.84341413e+09 -1.53700343e-03 
 6.30957344e+09 -7.15152418e-03  6.30957344e+09 -1.42318535e-03 
 6.81292069e+09 -7.14292658e-03  6.81292069e+09 -1.31783017e-03 
 7.35642254e+09 -7.13555097e-03  7.35642254e+09 -1.22030158e-03 
 7.94328235e+09 -7.12922385e-03  7.94328235e+09 -1.13001256e-03 
 8.57695899e+09 -7.12379631e-03  8.57695899e+09 -1.04642125e-03 
 9.26118728e+09 -7.11914053e-03  9.26118728e+09 -9.69027253e-04 
 1.00000000e+10 -7.11514686e-03  1.00000000e+10 -8.97368298e-04 
